# TTSP Euclidean complete-graph matrix instance
# seed: 1001
# depot: 1
# L_max is not stored in this file; pass it with --budget when running algorithms.
# coordinate rows: node x y
# scenario: clustered_offset_depot
# coordinate_max: 1000
# geometry: clustered
# depot_position: near_cluster
# reward_pattern: uniform
# clusters: 4
# cluster_spread_ratio: 0.08
# coord 1 707.655678 191.038363
# coord 2 626.067242 273.169280
# coord 3 597.482021 814.671893
# coord 4 193.776320 765.568244
# coord 5 689.947780 309.477778
# coord 6 819.547557 131.499506
# coord 7 609.189774 645.379419
# coord 8 250.017607 869.025544
# coord 9 844.531348 322.707837
# coord 10 870.500523 210.563000
# coord 11 628.614041 692.144047
# coord 12 323.328888 897.666708
# coord 13 697.569214 541.892750
# coord 14 798.467958 237.512489
# coord 15 628.869768 796.860447
# coord 16 224.704950 800.332336
# coord 17 776.745543 356.509231
# coord 18 812.874274 194.783356
# coord 19 687.707188 700.648890
# coord 20 352.730158 715.689105
# coord 21 468.447491 377.197058
# coord 22 712.128523 213.002947
# coord 23 647.356417 790.813448
# coord 24 251.217007 768.633348
# coord 25 603.979502 562.023195
# coord 26 741.085909 199.897482
# coord 27 607.200714 744.953166
# coord 28 332.035094 797.710450
# coord 29 714.754894 412.100015
# coord 30 735.793385 220.432101
# coord 31 567.655750 772.057759
# coord 32 200.064431 931.309419
# coord 33 841.355671 532.383177
# coord 34 714.066565 230.246587
# coord 35 712.872728 851.276961
# coord 36 244.152553 758.403021
# coord 37 624.934572 371.655195
# coord 38 569.167523 212.862205
# coord 39 680.036256 925.989710
# coord 40 175.459249 851.492904
# coord 41 600.245893 433.150702
# coord 42 667.582457 49.211247
# coord 43 717.058943 731.327643
# coord 44 268.989406 907.023201
# coord 45 713.126435 374.891533
# coord 46 827.151349 82.927250
# coord 47 718.594074 769.039973
# coord 48 346.251357 872.155166
# coord 49 741.252420 390.445334
# coord 50 749.010828 156.939605
# reference_nearest_neighbor_tour_cost: 4314
TTSP_MATRIX
50
0 60 52 68 74 16 59 8 27 43 68 65 5 85 9 9 58 31 26 92 96 83 85 57 20 18 77 9 43 36 95 79 39 58 82 10 62 16 33 37 53 93 60 4 22 56 17 61 68 35
0 116 633 771 120 127 465 818 190 164 507 804 351 102 611 777 179 105 510 633 303 22 603 736 385 35 563 714 221 41 598 898 367 40 660 733 199 140 735 848 265 147 540 840 184 161 578 771 202 54
116 0 542 655 73 240 373 705 224 252 419 694 278 176 524 663 172 203 432 520 189 105 518 621 290 136 472 601 165 122 502 784 337 98 585 618 98 83 655 733 162 228 467 728 134 277 504 661 164 169
633 542 0 407 514 718 170 352 551 663 126 286 291 611 36 373 492 656 145 264 456 612 55 349 253 631 70 266 419 610 52 414 373 596 121 358 444 602 139 424 382 769 146 341 455 767 129 258 448 675
771 655 407 0 674 891 432 118 787 875 441 185 551 803 436 47 712 842 498 167 476 758 454 58 458 787 414 142 630 769 374 166 688 747 526 51 584 668 512 88 525 859 524 160 650 931 525 186 664 824
120 73 514 674 0 220 345 712 155 206 388 693 233 130 491 676 99 168 391 528 232 99 483 635 267 121 443 605 106 100 478 792 269 83 542 633 90 155 617 747 153 261 423 731 69 265 460 659 96 164
127 240 718 891 220 0 555 932 193 94 592 913 428 108 692 895 229 64 584 748 429 135 681 854 481 104 649 826 300 122 688 1012 401 144 728 851 309 263 807 966 373 173 609 951 266 49 645 879 271 75
465 373 170 432 345 555 0 423 399 507 51 381 136 450 153 415 334 494 96 266 303 444 150 379 84 465 100 316 256 443 133 499 258 428 231 382 274 434 289 480 212 599 138 429 290 603 165 347 287 508
818 705 352 118 712 932 423 0 807 905 418 79 554 836 386 73 735 878 469 185 538 802 405 100 469 830 378 109 652 810 332 80 680 790 463 111 623 730 434 77 559 920 487 42 677 975 479 96 686 870
190 224 551 787 155 193 399 807 0 115 428 776 264 97 521 783 76 132 409 630 380 172 508 742 339 161 484 699 158 149 528 886 210 160 545 742 225 296 625 853 268 326 428 820 141 240 464 742 124 191
164 252 663 875 206 94 507 905 115 0 539 878 374 77 634 875 173 60 523 723 435 158 622 834 441 130 596 797 255 135 638 984 323 158 660 832 294 301 740 945 350 259 543 920 228 135 579 844 222 133
507 419 126 441 388 592 51 418 428 539 0 368 165 485 105 418 367 530 60 277 353 486 100 385 132 505 57 315 293 484 101 491 266 470 180 390 321 483 239 480 261 644 97 419 328 641 118 335 322 549
804 694 286 185 693 913 381 79 776 878 368 0 516 813 322 139 706 857 414 184 540 787 341 148 438 813 322 100 624 793 275 128 634 773 392 160 606 728 358 155 541 916 427 55 652 958 416 34 657 854
351 278 291 551 233 428 136 554 264 374 165 516 0 321 264 539 202 366 159 386 282 329 254 501 96 345 222 446 131 324 264 632 144 312 310 502 185 353 384 607 146 494 190 563 168 477 228 482 158 388
102 176 611 803 130 108 450 836 97 77 485 813 321 0 584 804 121 45 476 654 358 90 574 763 378 69 542 729 194 65 582 916 298 85 620 761 219 231 699 875 279 229 500 854 162 157 537 779 163 95
611 524 36 436 491 692 153 386 521 634 105 322 264 584 0 404 465 630 113 288 449 590 19 379 236 607 56 297 394 586 66 449 339 573 100 387 425 587 139 457 365 749 110 376 430 741 94 292 422 651
777 663 373 47 676 895 415 73 783 875 418 139 539 804 404 0 708 844 474 153 488 763 423 41 448 792 386 107 625 773 344 133 672 751 491 46 586 681 472 71 525 872 497 116 648 937 495 141 659 830
179 172 492 712 99 229 334 735 76 173 367 706 202 121 465 708 0 166 355 556 309 157 453 668 268 161 424 626 83 142 465 814 187 141 499 667 153 252 578 779 192 326 380 749 66 278 417 672 49 201
105 203 656 842 168 64 494 878 132 60 530 857 366 45 630 844 166 0 521 695 390 102 619 803 422 72 587 771 238 81 627 958 339 105 664 801 258 244 743 915 319 206 545 896 206 113 582 823 208 74
510 432 145 498 391 584 96 469 409 523 60 414 159 476 113 474 355 521 0 335 391 488 99 442 162 504 92 369 290 483 140 539 228 471 153 447 335 502 225 534 281 652 42 467 327 633 75 382 315 547
633 520 264 167 528 748 266 185 630 723 277 184 386 654 288 153 556 695 335 0 358 618 304 114 295 646 256 85 472 626 222 264 522 605 385 117 439 547 389 223 376 737 365 209 496 791 370 157 507 685
303 189 456 476 232 429 303 538 380 435 353 540 282 358 449 488 309 390 391 358 0 294 451 448 229 325 393 442 249 310 407 616 404 286 533 442 157 193 588 557 143 384 433 566 245 464 465 510 273 357
22 105 612 758 99 135 444 802 172 158 486 787 329 90 590 763 157 102 488 618 294 0 581 722 365 32 542 697 199 25 577 882 345 17 638 719 181 143 714 834 247 170 518 823 162 174 556 754 180 67
603 518 55 454 483 681 150 405 508 622 100 341 254 574 19 423 453 619 99 304 451 581 0 397 233 598 61 315 385 577 82 469 323 565 89 405 420 583 139 476 361 742 92 396 421 730 74 312 411 642
736 621 349 58 635 854 379 100 742 834 385 148 501 763 379 41 668 803 442 114 448 722 397 0 409 751 357 86 585 732 316 171 636 710 469 12 545 640 457 112 484 831 467 140 607 895 467 141 619 789
385 290 253 458 267 481 84 469 339 441 132 438 96 378 236 448 268 422 162 295 229 365 233 409 0 387 183 360 186 366 213 547 239 350 309 410 192 351 372 517 129 517 204 481 217 529 237 403 220 430
35 136 631 787 121 104 465 830 161 130 505 813 345 69 607 792 161 72 504 646 325 32 598 751 387 0 561 724 214 21 598 910 347 41 652 748 207 172 729 863 272 168 532 850 177 145 570 780 191 44
563 472 70 414 443 649 100 378 484 596 57 322 222 542 56 386 424 587 92 256 393 542 61 357 183 561 0 280 350 540 48 448 316 526 150 363 374 533 195 445 312 698 111 375 385 698 114 290 379 605
714 601 266 142 605 826 316 109 699 797 315 100 446 729 297 107 626 771 369 85 442 697 315 86 360 724 280 0 543 704 237 188 574 684 385 96 517 631 371 166 453 820 391 126 569 870 388 76 577 764
221 165 419 630 106 300 256 652 158 255 293 624 131 194 394 625 83 238 290 472 249 199 385 585 186 214 350 543 0 193 389 731 175 182 439 584 99 247 515 696 116 366 319 666 37 348 357 589 34 257
41 122 610 769 100 122 443 810 149 135 484 793 324 65 586 773 142 81 483 626 310 25 577 732 366 21 540 704 193 0 577 890 329 24 631 729 188 167 708 844 252 184 511 830 156 165 549 759 170 65
598 502 52 374 478 688 133 332 528 638 101 275 264 582 66 344 465 627 140 222 407 577 82 316 213 598 48 237 389 577 0 401 364 561 165 324 404 559 191 400 340 730 155 328 423 736 151 243 419 641
898 784 414 166 792 1012 499 80 886 984 491 128 632 916 449 133 814 958 539 264 616 882 469 171 547 910 448 188 731 890 401 0 755 869 519 178 703 808 480 84 639 998 554 73 757 1055 543 158 765 949
367 337 373 688 269 401 258 680 210 323 266 634 144 298 339 672 187 339 228 522 404 345 323 636 239 347 316 574 175 329 364 755 0 328 344 639 270 420 425 738 261 513 235 684 203 450 267 600 174 387
40 98 596 747 83 144 428 790 160 158 470 773 312 85 573 751 141 105 471 605 286 17 565 710 350 41 526 684 182 24 561 869 328 0 621 707 167 146 697 822 233 187 501 810 145 186 539 740 162 81
660 585 121 526 542 728 231 463 545 660 180 392 310 620 100 491 499 664 153 385 533 638 89 469 309 652 150 385 439 631 165 519 344 621 0 478 488 654 82 537 433 803 120 447 476 777 82 367 462 695
733 618 358 51 633 851 382 111 742 832 390 160 502 761 387 46 667 801 447 117 442 719 405 12 410 748 363 96 584 729 324 178 639 707 478 0 543 635 467 116 482 826 474 151 606 892 475 153 618 785
199 98 444 584 90 309 274 623 225 294 321 606 185 219 425 586 153 258 335 439 157 181 420 545 192 207 374 517 99 188 404 703 270 167 488 543 0 168 557 657 66 325 371 643 88 352 408 573 118 248
140 83 602 668 155 263 434 730 296 301 483 728 353 231 587 681 252 244 502 547 193 143 583 640 351 172 533 631 247 167 559 808 420 146 654 635 168 0 722 750 222 191 539 756 217 289 576 696 247 188
735 655 139 512 617 807 289 434 625 740 239 358 384 699 139 472 578 743 225 389 588 714 139 457 372 729 195 371 515 708 191 480 425 697 82 467 557 722 0 510 499 877 198 411 552 856 162 338 539 772
848 733 424 88 747 966 480 77 853 945 480 155 607 875 457 71 779 915 534 223 557 834 476 112 517 863 445 166 696 844 400 84 738 822 537 116 657 750 510 0 596 941 555 109 718 1008 549 172 730 901
265 162 382 525 153 373 212 559 268 350 261 541 146 279 365 525 192 319 281 376 143 247 361 484 129 272 312 453 116 252 340 639 261 233 433 482 66 222 499 596 0 390 320 578 127 417 356 507 147 314
147 228 769 859 261 173 599 920 326 259 644 916 494 229 749 872 326 206 652 737 384 170 742 831 517 168 698 820 366 184 730 998 513 187 803 826 325 191 877 941 390 0 684 946 329 163 722 883 349 135
540 467 146 524 423 609 138 487 428 543 97 427 190 500 110 497 380 545 42 365 433 518 92 467 204 532 111 391 319 511 155 554 235 501 120 474 371 539 198 555 320 684 0 481 356 658 38 397 342 575
840 728 341 160 731 951 429 42 820 920 419 55 563 854 376 116 749 896 467 209 566 823 396 140 481 850 375 126 666 830 328 73 684 810 447 151 643 756 411 109 578 946 481 0 693 995 470 85 700 891
184 134 455 650 69 266 290 677 141 228 328 652 168 162 430 648 66 206 327 496 245 162 421 607 217 177 385 569 37 156 423 757 203 145 476 606 88 217 552 718 127 329 356 693 0 313 394 618 32 221
161 277 767 931 265 49 603 975 240 135 641 958 477 157 741 937 278 113 633 791 464 174 730 895 529 145 698 870 348 165 736 1055 450 186 777 892 352 289 856 1008 417 163 658 995 313 0 695 924 319 108
578 504 129 525 460 645 165 479 464 579 118 416 228 537 94 495 417 582 75 370 465 556 74 467 237 570 114 388 357 549 151 543 267 539 82 475 408 576 162 549 356 722 38 470 394 695 0 386 379 613
771 661 258 186 659 879 347 96 742 844 335 34 482 779 292 141 672 823 382 157 510 754 312 141 403 780 290 76 589 759 243 158 600 740 367 153 573 696 338 172 507 883 397 85 618 924 386 0 623 821
202 164 448 664 96 271 287 686 124 222 322 657 158 163 422 659 49 208 315 507 273 180 411 619 220 191 379 577 34 170 419 765 174 162 462 618 118 247 539 730 147 349 342 700 32 319 379 623 0 234
54 169 675 824 164 75 508 870 191 133 549 854 388 95 651 830 201 74 547 685 357 67 642 789 430 44 605 764 257 65 641 949 387 81 695 785 248 188 772 901 314 135 575 891 221 108 613 821 234 0
