# TTSP Euclidean complete-graph matrix instance
# seed: 1004
# depot: 1
# L_max is not stored in this file; pass it with --budget when running algorithms.
# coordinate rows: node x y
# scenario: reward_cluster_hotspot
# coordinate_max: 1000
# geometry: clustered
# depot_position: center
# reward_pattern: cluster_hotspot
# clusters: 4
# cluster_spread_ratio: 0.08
# hotspot_cluster: 1
# coord 1 500.000000 500.000000
# coord 2 473.898543 945.565773
# coord 3 540.375292 514.489221
# coord 4 562.283742 137.472129
# coord 5 666.263465 810.836893
# coord 6 436.622114 789.555228
# coord 7 624.819221 642.838262
# coord 8 542.798551 220.765226
# coord 9 718.008457 779.316824
# coord 10 596.992753 977.918658
# coord 11 797.394740 706.775889
# coord 12 449.106876 262.011290
# coord 13 895.535266 757.966321
# coord 14 294.935104 957.718784
# coord 15 712.715839 686.515868
# coord 16 428.925725 158.149483
# coord 17 603.926259 748.590849
# coord 18 390.313723 854.802692
# coord 19 640.474351 701.767950
# coord 20 504.822642 265.239207
# coord 21 832.993278 888.837608
# coord 22 345.209379 812.506600
# coord 23 543.857104 606.942621
# coord 24 432.229503 310.523315
# coord 25 714.261034 650.160363
# coord 26 344.869770 684.382348
# coord 27 436.889131 647.172292
# coord 28 318.629185 201.801306
# coord 29 671.234696 750.368928
# coord 30 569.815946 791.796544
# coord 31 626.131162 694.244761
# coord 32 479.598574 282.574890
# coord 33 738.773629 779.365569
# coord 34 470.456855 854.564205
# coord 35 672.726011 514.435056
# coord 36 433.509375 282.872989
# coord 37 834.224866 650.201929
# coord 38 374.457384 862.220023
# coord 39 591.414210 635.077309
# coord 40 463.807064 185.350166
# coord 41 713.048278 837.401120
# coord 42 485.766861 949.269914
# coord 43 523.186570 526.895924
# coord 44 488.538834 267.793885
# coord 45 864.043312 747.803215
# coord 46 564.733108 830.186222
# coord 47 740.494443 596.920674
# coord 48 409.407842 324.476585
# coord 49 750.220931 735.102525
# coord 50 477.869853 975.837280
# reference_nearest_neighbor_tour_cost: 4498
TTSP_MATRIX
50
0 90 36 42 9 86 26 42 38 63 23 41 26 85 21 5 22 84 40 3 45 94 22 39 24 76 14 40 1 64 28 17 34 100 36 18 32 98 16 42 40 89 33 3 17 100 1 17 32 87
0 446 43 368 353 296 190 282 354 488 362 243 472 502 283 349 269 371 246 235 512 349 116 201 262 241 160 349 303 300 232 218 368 356 173 227 366 383 163 317 399 449 36 232 440 336 259 198 343 476
446 0 436 813 235 160 338 728 295 127 402 684 461 179 352 789 236 123 295 681 364 185 346 636 381 291 301 760 278 181 294 663 313 91 475 664 466 130 332 760 262 12 422 678 437 147 439 624 347 31
43 436 0 378 322 294 154 294 319 467 321 268 431 507 244 373 243 372 212 252 475 356 93 231 221 259 168 383 270 279 199 240 331 347 132 255 324 385 131 338 366 438 21 252 399 317 216 231 304 466
368 813 378 0 681 664 509 86 660 841 616 168 704 863 569 135 613 738 570 140 799 709 470 216 535 589 525 252 623 654 560 167 666 723 393 194 580 749 498 109 716 815 391 150 681 693 493 242 626 843
353 235 322 681 0 231 173 603 61 181 167 590 235 399 133 694 88 279 112 569 184 321 238 552 168 345 282 701 61 98 123 560 79 201 296 577 232 296 191 657 54 227 318 571 208 103 226 550 113 250
296 160 294 664 231 0 239 579 282 247 370 528 460 220 295 631 172 80 222 529 409 94 212 479 311 140 142 599 238 133 212 509 302 73 363 507 421 96 219 605 281 167 277 524 429 134 360 466 318 191
190 338 154 509 173 239 0 430 165 336 184 419 294 456 98 523 108 316 61 396 322 327 89 384 90 283 188 537 117 159 51 388 178 262 137 408 210 333 34 485 214 337 154 399 261 197 124 384 156 364
282 728 294 86 603 579 430 0 585 759 549 102 643 778 496 130 531 652 491 58 728 624 386 142 462 504 439 225 545 572 481 88 592 638 321 126 519 663 417 87 640 731 307 72 617 610 425 169 555 758
354 295 319 660 61 282 165 585 0 233 108 583 179 459 93 685 118 336 110 557 159 374 245 549 129 385 311 702 55 149 125 551 21 259 269 572 174 353 192 646 58 288 319 561 149 161 184 550 55 310
488 127 467 841 181 247 336 759 233 0 337 731 371 303 314 837 229 241 280 719 252 301 375 687 348 387 367 825 239 188 285 705 244 177 470 714 405 251 343 804 182 115 457 718 353 151 407 680 287 119
362 402 321 616 167 370 184 549 108 337 0 565 111 562 87 661 198 433 157 530 186 464 272 539 101 453 365 696 133 243 172 530 93 359 229 559 68 451 218 619 155 395 328 537 78 263 124 545 55 418
243 684 268 168 590 528 419 102 583 731 565 0 667 713 500 106 511 596 480 56 735 560 358 51 470 435 385 144 537 543 467 37 593 593 337 26 547 605 399 78 633 688 275 40 639 580 444 74 561 714
472 461 431 704 235 460 294 643 179 371 111 667 0 633 196 760 292 514 261 629 145 553 383 644 211 556 472 801 224 327 277 632 158 436 330 663 124 531 328 717 199 452 438 637 33 339 224 651 147 471
502 179 507 863 399 220 456 778 459 303 562 713 633 0 498 811 373 140 430 724 542 154 430 662 520 278 341 756 430 321 423 700 478 204 582 689 621 124 438 791 435 191 488 717 607 298 573 644 507 184
283 352 244 569 133 295 98 496 93 314 87 500 196 498 0 600 125 364 74 470 235 389 187 469 36 368 279 625 76 177 87 466 96 295 177 491 127 381 132 560 151 347 248 475 163 206 94 472 61 373
349 789 373 135 694 631 523 130 685 837 661 106 760 811 600 0 616 698 583 131 835 660 463 152 569 533 489 119 640 649 571 134 694 698 432 125 637 706 504 44 736 793 381 125 733 686 538 167 660 819
269 236 243 613 88 172 108 531 118 229 198 511 292 373 125 616 0 239 59 493 269 266 154 471 148 267 195 617 67 55 59 482 138 170 244 496 250 256 114 580 141 233 236 494 260 91 204 467 147 260
371 123 372 738 279 80 316 652 336 241 433 596 514 140 364 698 239 0 293 601 444 62 292 546 383 176 213 657 300 190 285 579 357 80 442 574 489 18 298 673 323 134 354 595 486 176 435 531 379 149
246 295 212 570 112 222 61 491 110 280 157 480 261 430 74 583 59 293 0 457 268 315 135 443 90 296 211 595 58 114 16 449 125 229 190 467 200 311 83 546 154 292 211 460 228 149 145 442 115 319
235 681 252 140 569 529 396 58 557 719 530 56 629 724 470 131 493 601 457 0 705 570 344 86 438 449 388 197 513 531 446 31 565 590 300 73 507 611 380 90 609 684 262 16 602 568 407 112 530 711
512 364 475 799 184 409 322 728 159 252 186 735 145 542 235 835 269 444 268 705 0 494 404 704 267 529 464 858 213 280 284 702 144 364 407 726 239 459 350 794 131 352 476 710 144 275 306 706 175 366
349 185 356 709 321 94 327 624 374 301 464 560 553 154 389 660 266 62 315 570 494 0 286 509 403 128 189 611 332 226 305 547 395 132 443 537 515 58 303 638 369 196 337 563 523 220 450 492 412 210
116 346 93 470 238 212 89 386 245 375 272 358 383 430 187 463 154 292 135 344 404 286 0 317 176 214 114 464 192 187 120 331 260 258 159 342 294 306 55 429 286 347 83 344 350 224 197 313 243 375
201 636 231 216 552 479 384 142 549 687 539 51 644 662 469 152 471 546 443 86 704 509 317 0 441 384 337 157 501 501 430 55 560 545 315 28 526 555 361 129 597 641 235 71 615 536 421 27 530 667
262 381 221 535 168 311 90 462 129 348 101 470 211 520 36 569 148 383 90 438 267 403 176 441 0 371 277 598 109 202 99 436 132 318 142 462 120 401 124 528 187 376 227 444 179 234 59 446 92 402
241 291 259 589 345 140 283 504 385 387 453 435 556 278 368 533 267 176 296 449 529 128 214 384 371 0 99 483 333 249 281 424 405 212 369 411 491 180 251 513 399 300 238 441 523 264 405 366 409 320
160 301 168 525 282 142 188 439 311 367 365 385 472 341 279 489 195 213 211 388 464 189 114 337 277 99 0 461 256 196 195 367 330 210 271 364 397 224 155 463 335 306 148 383 439 223 308 324 325 331
349 760 383 252 701 599 537 225 702 825 696 144 801 756 625 119 617 657 595 197 858 611 464 157 598 483 461 0 652 641 581 180 714 670 472 141 683 663 512 146 748 766 384 182 772 675 578 153 686 790
303 278 270 623 61 238 117 545 55 239 133 537 224 430 76 640 67 300 58 513 213 332 192 501 109 333 256 652 0 110 72 506 74 226 236 524 191 317 140 602 97 272 268 516 193 133 168 500 80 297
300 181 279 654 98 133 159 572 149 188 243 543 327 321 177 649 55 190 114 531 280 226 187 501 202 249 196 641 110 0 113 517 169 118 296 527 300 208 158 616 150 178 269 530 297 39 259 494 189 206
232 294 199 560 123 212 51 481 125 285 172 467 277 423 87 571 59 285 16 446 284 305 120 430 99 281 195 581 72 113 0 437 141 223 186 454 213 303 69 534 167 291 196 448 244 149 150 429 131 318
218 663 240 167 560 509 388 88 551 705 530 37 632 700 466 134 482 579 449 31 702 547 331 55 436 424 367 180 506 517 437 0 560 572 302 46 511 589 370 98 602 667 248 17 604 554 409 82 527 693
368 313 331 666 79 302 178 592 21 244 93 593 158 478 96 694 138 357 125 565 144 395 260 560 132 405 330 714 74 169 141 560 0 279 273 583 161 374 206 655 63 305 332 569 129 181 182 562 46 327
356 91 347 723 201 73 262 638 259 177 359 593 436 204 295 698 170 80 229 590 364 132 258 545 318 212 210 670 226 118 223 572 279 0 396 573 417 96 251 669 243 96 332 587 408 97 373 534 304 121
173 475 132 393 296 363 137 321 269 470 229 337 330 582 177 432 244 442 190 300 407 443 159 315 142 369 271 472 236 296 186 302 273 396 0 333 211 458 145 390 325 473 150 308 302 334 107 325 234 501
227 664 255 194 577 507 408 126 572 714 559 26 663 689 491 125 496 574 467 73 726 537 342 28 462 411 364 141 524 527 454 46 583 573 333 0 544 582 386 102 621 668 260 57 634 563 439 48 552 694
366 466 324 580 232 421 210 519 174 405 68 547 124 621 127 637 250 489 200 507 239 515 294 526 120 491 397 683 191 300 213 511 161 417 211 544 0 506 243 594 223 459 335 515 102 324 108 535 119 483
383 130 385 749 296 96 333 663 353 251 451 605 531 124 381 706 256 18 311 611 459 58 306 555 401 180 224 663 317 208 303 589 374 96 458 582 506 0 314 683 339 141 367 605 503 193 452 539 397 154
163 332 131 498 191 219 34 417 192 343 218 399 328 438 132 504 114 298 83 380 350 303 55 361 124 251 155 512 140 158 69 370 206 251 145 386 243 314 0 467 236 331 128 381 295 197 154 360 188 359
317 760 338 109 657 605 485 87 646 804 619 78 717 791 560 44 580 673 546 90 794 638 429 129 528 513 463 146 602 616 534 98 655 669 390 102 594 683 467 0 698 764 347 86 690 653 496 149 620 791
399 262 366 716 54 281 214 640 58 182 155 633 199 435 151 736 141 323 154 609 131 369 286 597 187 399 335 748 97 150 167 602 63 243 325 621 223 339 236 698 0 253 364 612 176 148 242 596 109 273
449 12 438 815 227 167 337 731 288 115 395 688 452 191 347 793 233 134 292 684 352 196 347 641 376 300 306 766 272 178 291 667 305 96 473 668 459 141 331 764 253 0 424 681 429 143 435 629 340 28
36 422 21 391 318 277 154 307 319 457 328 275 438 488 248 381 236 354 211 262 476 337 83 235 227 238 148 384 268 269 196 248 332 332 150 260 335 367 128 347 364 424 0 261 406 306 228 232 308 451
232 678 252 150 571 524 399 72 561 718 537 40 637 717 475 125 494 595 460 16 710 563 344 71 444 441 383 182 516 530 448 17 569 587 308 57 515 605 381 86 612 681 261 0 609 568 414 97 536 708
440 437 399 681 208 429 261 617 149 353 78 639 33 607 163 733 260 486 228 602 144 523 350 615 179 523 439 772 193 297 244 604 129 408 302 634 102 503 295 690 176 429 406 609 0 310 195 621 115 448
336 147 317 693 103 134 197 610 161 151 263 580 339 298 206 686 91 176 149 568 275 220 224 536 234 264 223 675 133 39 149 554 181 97 334 563 324 193 197 653 148 143 306 568 310 0 292 529 208 170
259 439 216 493 226 360 124 425 184 407 124 444 224 573 94 538 204 435 145 407 306 450 197 421 59 405 308 578 168 259 150 409 182 373 107 439 108 452 154 496 242 435 228 414 195 292 0 429 139 461
198 624 231 242 550 466 384 169 550 680 545 74 651 644 472 167 467 531 442 112 706 492 313 27 446 366 324 153 500 494 429 82 562 534 325 48 535 539 360 149 596 629 232 97 621 529 429 0 534 655
343 347 304 626 113 318 156 555 55 287 55 561 147 507 61 660 147 379 115 530 175 412 243 530 92 409 325 686 80 189 131 527 46 304 234 552 119 397 188 620 109 340 308 536 115 208 139 534 0 363
476 31 466 843 250 191 364 758 310 119 418 714 471 184 373 819 260 149 319 711 366 210 375 667 402 320 331 790 297 206 318 693 327 121 501 694 483 154 359 791 273 28 451 708 448 170 461 655 363 0
