100 117
5 71 35 87 92 26 92 36 97 8 88 16 51 23 19 29 45 2 94 19 42 31 88 25 2 88 54 58 81 17 52 15 48 75 12 6 65 42 18 17 87 92 69 5 3 66 55 67 15 93 54 31 52 24 55 1 30 75 96 38 1 93 70 8 70 80 59 46 25 76 96 32 99 13 72 48 22 65 65 93 81 33 65 27 80 16 13 64 49 94 65 48 10 87 4 35 3 84 26 73
1 95 10
1 94 8
1 25 6
1 73 8
1 14 4
1 12 10
1 44 9
1 9 2
1 7 6
1 93 7
1 4 6
1 3 4
2 19 5
2 49 4
2 7 3
3 66 5
3 87 1
3 23 3
3 79 10
3 11 1
3 64 2
4 39 4
4 33 5
4 32 1
4 78 3
4 45 3
4 90 5
4 23 10
4 58 4
4 18 10
4 50 3
4 9 2
5 38 6
5 63 8
5 21 5
5 16 2
5 87 8
5 72 7
5 77 6
6 40 3
6 43 9
6 17 10
6 44 5
6 14 8
6 9 8
6 8 6
6 7 7
7 22 1
7 46 3
7 10 5
8 65 3
8 44 9
9 39 6
9 86 3
9 88 10
10 65 8
10 46 9
11 41 4
11 83 6
11 61 3
11 35 7
11 33 8
11 32 10
11 99 8
11 71 3
12 73 1
13 45 6
13 80 7
14 40 6
14 25 7
15 97 8
16 60 9
16 24 9
17 86 7
18 31 6
19 37 6
19 36 1
19 81 3
19 26 3
19 85 3
19 69 10
20 22 3
20 51 3
21 77 2
22 48 2
23 66 2
24 36 1
24 28 7
25 62 3
25 43 6
26 37 7
26 59 7
26 92 9
26 76 5
28 52 6
32 89 1
32 83 3
33 90 2
33 57 4
34 35 5
35 93 4
37 49 3
38 54 9
38 74 9
41 71 4
42 62 1
42 43 8
48 51 3
50 78 7
50 58 8
50 98 4
51 56 5
52 67 5
54 59 4
64 72 2
86 88 2
87 96 6
