100 117
5 100 59 94 6 39 83 11 7 15 29 29 23 9 17 11 12 89 55 29 44 82 17 88 36 84 98 74 29 11 79 34 81 65 80 38 26 12 18 70 32 60 88 87 33 52 49 85 19 100 81 21 17 88 51 49 14 87 50 17 59 36 56 12 1 86 7 18 18 77 57 94 62 33 25 28 71 18 80 40 69 8 72 78 60 32 71 50 56 82 22 49 31 20 39 66 73 43 76 81
1 50 8
1 77 9
1 12 9
1 8 2
1 6 2
1 5 6
1 4 4
1 3 8
1 2 1
2 12 3
2 11 10
3 70 3
3 73 7
3 95 7
3 18 10
3 16 2
3 10 4
3 5 9
3 4 2
4 100 5
4 42 10
4 29 6
4 51 7
4 25 8
4 20 1
4 15 2
4 67 7
4 9 10
4 6 9
4 5 2
5 44 5
5 23 6
5 74 3
5 18 3
5 8 8
5 6 2
6 55 3
6 35 7
6 61 7
6 49 1
6 28 5
6 24 6
6 13 6
6 66 10
7 58 10
7 67 3
7 44 3
7 10 4
8 37 4
8 74 1
8 90 7
8 19 7
9 40 5
9 33 4
9 43 7
10 39 1
10 18 5
11 73 3
12 36 10
13 87 3
13 32 10
13 28 3
13 46 8
13 21 9
13 55 1
13 17 4
13 15 3
13 98 10
13 99 4
13 42 9
13 56 2
14 89 2
14 79 5
14 84 9
14 99 2
14 91 7
15 41 3
15 40 6
15 69 6
15 51 8
15 78 3
15 82 5
15 100 3
17 79 10
17 83 5
17 21 2
17 45 9
19 95 3
21 26 3
22 64 5
22 72 1
23 57 6
23 48 4
23 50 10
25 27 9
28 45 1
31 43 5
31 65 4
31 69 2
31 71 2
32 61 4
33 88 2
33 69 1
35 79 4
35 49 8
35 91 1
37 77 8
39 52 10
40 78 8
41 96 9
42 75 3
43 98 2
59 84 8
69 88 7
72 86 9
74 94 8
90 94 8
