100 117
5 19 1 42 61 4 3 68 75 56 55 13 38 43 46 27 39 82 72 82 60 78 76 2 98 30 29 75 99 23 90 15 13 86 34 44 91 74 47 1 86 65 27 69 22 34 49 54 32 92 99 75 80 99 86 89 29 64 22 6 67 65 34 81 39 93 87 62 37 29 63 49 73 77 55 21 36 63 47 71 11 95 31 97 31 74 31 73 68 39 41 80 87 1 16 44 28 77 83 66
1 28 3
1 11 8
1 78 10
1 8 6
2 72 3
2 30 3
2 14 6
2 13 1
2 8 4
2 85 3
2 5 3
2 42 9
3 65 9
3 86 3
3 66 6
3 100 9
3 18 2
3 81 9
3 70 1
3 4 2
4 16 4
4 12 5
4 8 4
4 60 6
5 40 3
5 33 2
5 93 7
5 29 3
5 97 8
5 75 5
5 7 6
5 6 9
6 97 8
6 25 1
6 74 5
6 18 2
6 10 4
6 62 6
6 7 2
7 37 2
7 89 4
7 10 10
8 46 9
8 64 4
8 60 3
8 76 6
8 13 10
10 37 6
10 54 6
11 73 8
11 39 10
11 42 9
11 13 3
11 99 5
12 65 9
12 18 10
12 58 4
13 99 2
13 79 9
13 45 2
13 22 10
13 17 2
13 14 5
13 50 4
13 51 4
14 15 4
15 46 8
15 36 8
15 34 5
15 31 5
15 61 1
15 22 1
15 17 2
15 53 1
16 85 7
17 22 4
18 96 7
18 67 1
18 47 2
20 47 4
20 86 5
23 38 9
23 68 6
23 58 10
23 55 4
23 80 5
24 41 7
24 61 9
25 26 10
27 77 8
28 81 10
31 84 2
32 64 9
32 73 2
33 85 7
35 62 10
36 92 6
36 51 9
37 88 4
37 74 9
37 54 9
38 58 2
40 43 3
42 50 8
46 52 6
52 91 9
54 88 6
55 80 7
62 87 2
64 73 8
65 90 3
66 70 3
69 71 6
72 79 4
74 88 1
90 94 8
93 97 6
