100 117
5 66 18 37 19 63 77 51 1 18 94 5 90 85 81 6 61 91 64 42 25 11 57 26 76 99 33 31 66 93 5 68 58 60 22 22 50 94 81 32 89 87 48 49 36 43 20 8 30 88 47 48 70 56 55 23 39 22 86 20 28 70 77 78 18 56 55 48 42 62 56 7 30 63 87 1 38 62 4 73 86 12 27 30 11 63 25 15 96 80 3 12 73 12 60 57 15 5 17 28
1 38 1
1 86 1
1 14 4
1 12 2
1 11 6
1 63 7
1 8 2
1 5 1
2 29 5
2 68 3
2 17 6
2 62 8
2 3 9
3 37 3
3 4 3
4 33 2
4 22 2
4 12 7
4 9 2
5 44 2
5 36 10
5 23 4
5 20 6
5 16 2
5 50 5
5 10 8
5 63 6
5 78 8
5 7 8
5 49 10
5 51 1
6 27 3
6 43 7
6 22 5
6 46 4
6 14 9
6 8 4
7 99 3
7 34 9
7 75 9
7 8 1
8 14 6
9 50 4
10 38 10
10 48 6
10 19 8
10 80 6
10 55 10
10 44 4
11 28 7
11 21 10
11 18 5
12 46 1
13 17 10
13 47 3
15 73 4
15 69 9
15 75 5
15 91 8
15 30 6
15 28 10
15 24 9
15 23 9
15 100 9
15 16 2
16 72 6
16 74 7
16 18 2
16 97 4
17 56 5
17 29 6
17 67 4
19 49 7
19 45 6
20 74 3
21 87 9
21 26 7
22 46 2
23 77 2
23 69 8
25 53 3
28 52 8
28 70 5
28 64 1
29 90 6
34 36 4
34 73 3
35 52 5
35 64 2
37 42 1
37 93 2
37 95 6
38 93 10
40 66 7
41 94 5
41 80 9
43 51 9
45 94 7
45 60 10
45 48 2
47 90 6
49 63 5
51 57 9
52 70 8
54 65 4
55 80 9
57 65 4
58 93 8
60 94 3
63 86 5
69 79 8
69 77 3
73 75 4
75 92 9
77 79 5
78 96 6
84 87 8
