100 117
5 20 74 52 12 13 83 97 39 62 34 79 2 38 64 22 19 5 58 39 64 76 49 33 61 11 55 43 37 41 90 66 63 66 75 32 52 16 63 61 21 33 9 98 8 2 12 52 81 25 4 22 82 77 11 12 66 27 51 42 55 95 51 7 96 35 82 42 60 54 94 52 51 8 16 8 23 31 50 94 6 38 97 5 6 13 45 11 58 41 86 92 72 24 85 73 65 26 37 93
1 92 2
1 83 1
1 15 8
1 4 8
2 89 2
2 20 3
2 10 10
2 4 7
3 36 3
3 95 4
3 84 10
3 32 8
3 27 9
3 51 5
3 49 9
3 67 7
3 14 3
3 87 7
3 57 9
3 52 3
3 6 4
3 5 2
4 41 6
4 34 8
4 79 7
4 16 1
4 51 6
4 46 5
5 64 5
5 49 2
5 34 1
5 19 5
5 47 5
5 59 1
5 11 8
6 33 2
6 10 7
7 41 6
7 100 8
7 91 7
7 73 1
8 73 7
8 52 6
8 56 5
9 18 4
10 33 6
10 24 5
10 21 10
10 20 8
10 62 9
11 26 4
11 49 2
11 78 1
11 88 9
12 46 1
12 13 7
13 68 1
13 46 4
14 42 10
14 72 7
14 17 3
14 98 2
14 65 4
16 48 9
16 35 3
16 19 10
16 44 8
17 72 5
17 42 9
17 69 8
20 62 3
21 84 6
22 52 10
22 58 1
23 28 7
23 96 5
23 75 5
23 79 8
24 66 1
25 95 4
25 77 9
25 31 5
25 80 7
26 50 6
26 88 9
26 83 7
27 28 2
27 97 3
27 74 2
27 51 1
28 29 9
29 39 3
29 38 7
29 74 10
29 70 3
29 96 6
32 93 8
34 81 7
34 86 7
37 59 8
38 76 8
39 55 9
42 98 8
44 82 2
47 50 1
48 86 10
50 53 9
55 71 10
58 61 2
60 92 1
61 99 6
62 67 1
63 71 1
70 97 6
70 74 7
81 86 7
82 85 6
