100 117
5 15 31 12 88 57 47 42 8 77 19 35 5 95 43 94 15 17 15 19 51 53 90 66 98 3 60 84 60 35 43 71 23 31 26 36 98 9 41 36 58 96 70 70 26 47 40 91 44 52 2 87 2 87 37 58 13 39 69 61 70 1 75 4 3 52 73 23 100 64 84 30 62 90 92 48 24 96 92 97 6 60 25 15 13 98 71 100 96 29 68 69 20 72 10 24 14 96 82 75
1 61 5
1 60 7
1 26 4
1 25 4
1 22 10
1 17 5
1 5 9
2 15 5
2 9 10
2 8 10
3 55 4
4 94 8
4 29 10
4 27 9
4 22 9
4 73 9
4 20 6
4 18 7
4 46 2
4 75 2
4 6 6
5 36 6
5 32 4
5 88 4
5 55 5
6 25 1
6 20 3
6 13 2
6 56 4
6 7 9
7 53 6
7 38 3
7 43 2
7 32 6
7 18 9
8 33 10
8 26 9
8 22 2
8 16 9
8 54 1
8 51 4
9 37 1
9 35 2
9 63 8
9 21 1
9 12 7
9 49 5
10 63 5
10 84 5
10 12 4
11 75 6
11 14 5
12 37 5
12 35 6
12 24 6
12 99 7
13 58 1
13 43 4
14 55 10
14 88 4
15 54 7
16 57 3
16 24 9
16 19 5
17 26 8
18 36 9
18 32 8
18 42 6
19 41 4
19 49 7
19 24 8
20 56 2
20 61 10
22 66 8
22 69 6
22 34 4
22 62 10
22 33 8
22 52 5
22 48 7
22 65 7
22 60 9
23 80 3
23 96 5
26 30 7
29 73 7
31 74 7
32 50 4
33 34 3
33 59 6
33 48 1
34 48 5
34 52 4
35 45 3
36 70 10
37 84 3
38 89 6
38 72 3
38 50 7
42 70 3
43 53 7
49 74 5
50 83 10
59 62 7
62 67 3
62 91 3
62 79 8
66 77 8
66 91 1
67 92 8
67 79 6
70 76 6
75 100 5
77 97 4
80 96 6
81 92 4
81 97 2
