100 117
5 7 71 23 92 38 96 2 82 3 10 78 46 14 84 43 27 17 43 23 21 11 100 100 7 7 43 98 69 6 49 29 92 79 86 57 29 55 82 26 97 52 10 86 77 70 33 72 22 74 94 69 40 29 63 27 69 97 78 62 12 85 5 70 57 44 60 5 56 60 33 83 4 23 83 41 41 57 73 80 10 61 13 28 51 31 10 42 81 3 88 10 31 45 91 97 74 87 17 12
1 77 2
1 46 3
1 3 8
1 2 6
2 26 4
2 42 7
2 4 2
3 36 7
3 42 9
3 100 10
3 11 3
3 66 8
3 5 8
3 4 4
4 40 4
4 39 1
4 72 7
4 37 9
4 43 10
4 32 3
4 23 2
4 20 4
4 15 7
4 6 9
5 41 6
5 29 1
5 22 2
5 17 10
5 16 6
5 14 8
5 9 6
5 8 4
6 47 1
6 34 3
6 79 1
6 92 1
7 17 7
7 13 4
8 95 1
8 44 6
8 24 8
8 22 3
8 21 5
8 16 4
8 51 1
9 32 9
9 31 9
9 52 4
9 20 5
10 20 4
10 62 1
11 34 9
11 28 8
11 59 8
11 54 3
12 33 1
12 74 7
13 70 3
13 78 4
14 98 1
14 68 9
14 29 2
14 66 7
14 80 3
14 63 5
14 100 8
15 21 1
16 80 8
16 91 4
16 25 2
17 33 4
18 40 9
18 52 9
19 42 3
19 96 7
20 53 5
20 65 9
21 44 1
22 25 2
23 43 10
23 34 7
23 61 6
23 54 1
23 57 2
23 50 9
24 71 1
25 41 1
29 85 7
29 63 4
31 62 6
31 90 6
32 87 1
32 52 1
33 74 3
33 94 8
35 58 7
38 47 9
38 79 6
39 59 7
39 43 8
49 54 4
49 84 7
49 55 6
51 97 5
54 88 5
54 64 7
63 85 8
63 67 3
63 75 10
64 88 7
67 75 6
68 98 1
70 76 8
70 77 5
71 80 2
72 73 8
81 90 4
