100 117
5 90 77 35 47 92 13 93 65 49 13 100 66 57 48 46 72 95 11 73 58 28 48 39 64 34 84 59 50 29 62 95 80 96 66 11 30 4 48 48 40 98 8 88 93 48 55 36 28 86 72 85 15 35 90 40 44 51 68 27 9 23 48 77 8 87 40 91 44 28 2 87 9 57 3 41 88 11 32 25 23 20 24 46 51 58 73 86 60 51 84 78 66 67 81 14 58 18 34 58
1 63 1
1 42 6
1 36 7
1 35 6
1 28 8
1 27 6
1 90 6
1 71 8
1 9 2
1 7 3
1 2 3
2 41 2
2 78 1
2 12 3
3 48 5
3 29 5
3 13 10
4 40 7
4 37 8
4 26 2
4 61 5
4 99 3
4 8 2
4 6 6
5 33 5
5 84 10
5 83 8
5 17 8
5 12 5
5 50 6
5 10 8
5 8 7
5 49 1
6 37 3
6 31 3
6 75 5
6 21 3
6 11 3
6 7 2
6 54 9
7 60 9
7 98 1
7 48 7
7 46 2
7 100 4
7 15 10
7 54 5
7 9 5
7 73 6
7 55 10
7 97 6
8 95 8
8 59 3
9 38 7
9 88 2
9 51 4
9 15 7
9 13 4
9 80 2
10 76 4
10 33 6
11 30 2
11 22 2
11 21 7
11 14 7
11 57 6
14 22 5
15 70 6
15 92 6
15 20 1
16 99 8
17 59 2
17 18 1
17 95 3
19 94 1
20 70 4
21 74 6
22 27 10
24 34 1
24 56 8
27 28 8
27 44 2
28 30 3
28 53 3
28 72 1
29 73 5
29 55 5
30 44 4
30 57 7
32 64 8
33 77 6
33 66 6
33 86 6
33 58 5
35 85 6
35 63 7
36 99 7
38 80 6
42 71 10
44 45 2
46 69 6
50 87 1
60 89 6
61 91 8
61 87 1
65 82 5
65 88 4
65 97 1
66 77 6
66 86 4
70 81 4
71 78 6
75 96 5
76 79 8
82 97 7
83 84 2
92 98 9
