100 117
5 96 16 54 83 83 47 55 76 31 15 84 26 66 97 83 8 1 12 9 31 59 58 20 73 76 3 15 53 5 32 39 41 30 31 43 72 6 96 45 70 22 49 59 51 97 77 25 82 27 79 86 37 98 76 95 61 98 69 35 74 42 80 9 7 3 98 99 58 87 47 73 72 15 100 68 72 82 22 43 69 30 100 89 66 18 97 40 94 70 5 26 79 68 64 16 22 13 21 62
1 48 2
1 36 6
1 35 5
1 51 4
1 77 10
1 28 2
1 16 6
1 15 2
1 60 6
1 9 4
1 4 3
1 2 4
2 96 7
2 55 7
2 30 7
2 25 4
2 15 5
2 42 5
2 5 3
3 65 3
3 13 9
3 12 3
3 9 2
3 8 4
3 81 7
3 6 7
3 5 4
3 4 7
4 39 8
4 33 4
4 18 4
4 17 1
4 10 1
4 7 1
4 6 7
5 87 8
5 64 8
5 14 6
5 10 5
5 8 7
5 68 1
6 11 2
7 74 5
8 12 3
9 29 6
9 67 6
9 52 6
10 18 7
10 17 8
11 82 8
11 19 8
12 92 7
12 21 9
13 20 10
14 70 2
14 72 7
14 87 3
14 32 5
14 56 6
15 35 7
16 37 7
16 36 9
16 28 1
16 52 1
16 78 8
17 49 10
17 41 8
17 43 3
17 56 7
20 65 2
21 31 3
21 42 8
21 92 6
22 57 4
23 86 7
24 47 10
24 91 4
25 50 10
25 48 4
29 86 4
29 59 4
29 62 9
29 78 9
29 99 4
29 52 6
32 41 6
32 38 10
32 49 4
34 35 7
35 63 4
37 40 7
37 59 5
37 62 9
37 75 4
41 49 2
42 79 8
45 81 10
45 58 10
46 58 7
47 74 8
48 51 8
52 78 1
53 80 1
54 85 2
55 64 4
55 83 4
59 99 9
59 69 5
61 90 9
62 94 2
64 93 10
64 68 8
67 86 10
69 75 7
71 95 5
74 91 1
80 85 5
