100 117
5 28 35 41 8 32 35 37 65 36 43 35 60 19 23 73 7 5 31 36 93 18 39 98 51 7 71 29 27 70 83 7 94 18 15 11 21 70 22 70 82 76 69 83 57 79 19 71 3 3 12 41 43 35 85 44 10 69 41 42 12 11 21 41 42 42 95 59 5 57 44 99 9 76 26 15 6 70 69 10 2 37 9 92 69 80 6 70 74 66 66 52 62 51 5 100 5 36 2 56
1 67 10
1 21 10
1 7 5
1 4 10
1 2 1
2 28 9
3 28 7
3 43 7
3 24 8
3 100 7
3 22 3
3 71 2
3 55 10
3 54 8
3 9 7
3 6 6
3 5 1
3 4 3
3 69 6
4 90 10
4 36 1
4 28 10
4 60 5
4 49 4
4 14 1
4 13 1
4 62 10
4 12 4
4 89 8
4 5 4
5 21 8
5 46 10
5 8 1
5 6 10
5 62 10
6 36 1
6 26 1
6 16 9
6 13 7
6 52 1
8 32 8
8 22 5
8 9 4
9 23 5
9 11 6
9 56 8
10 35 4
10 33 3
10 59 9
10 27 1
10 64 5
10 92 8
10 75 7
10 18 8
10 87 8
11 32 6
11 70 1
11 84 1
11 61 4
13 36 1
13 29 7
13 24 8
13 42 7
13 43 5
14 49 2
14 37 3
14 83 2
14 20 8
15 42 6
15 16 7
15 51 3
18 20 2
18 19 1
18 72 6
19 40 5
19 79 3
20 78 7
20 66 7
20 49 2
22 100 5
22 32 8
23 46 3
24 45 5
24 42 1
25 37 1
25 35 10
25 34 1
25 59 2
26 29 6
30 40 1
30 35 1
31 43 3
31 44 1
34 75 1
35 47 2
35 73 10
35 80 1
36 89 1
36 90 4
41 47 7
49 66 2
49 81 9
49 74 1
51 57 7
53 76 4
57 97 6
59 88 8
59 64 8
68 93 4
70 100 6
73 86 4
73 96 10
74 81 6
76 82 5
81 83 2
84 99 4
86 98 6
