100 117
5 60 53 28 34 80 23 19 55 41 71 87 94 71 50 64 5 9 50 63 56 78 19 76 30 38 40 42 2 35 34 76 47 6 98 79 69 35 48 95 94 30 90 7 63 61 62 18 25 79 45 96 50 71 94 92 59 39 14 48 51 80 62 73 77 81 92 19 51 28 41 25 46 36 51 61 40 59 17 78 35 45 18 95 71 42 15 100 53 62 26 77 45 34 47 84 88 59 84 50
1 36 8
1 86 4
1 26 3
1 69 6
1 10 10
1 93 7
1 7 10
1 4 5
1 2 3
2 14 7
2 8 7
2 4 7
2 3 1
3 43 5
3 71 9
3 50 5
3 59 10
3 25 7
3 19 4
3 5 7
3 4 4
4 48 6
4 37 9
4 54 4
4 32 2
4 43 5
4 19 3
4 18 6
4 15 9
4 12 9
4 10 1
4 42 6
4 6 1
4 63 7
5 37 9
5 32 8
5 72 1
5 30 5
5 24 8
5 77 10
5 62 7
5 92 8
6 85 6
6 14 6
6 47 8
7 52 7
8 45 10
8 31 6
8 61 5
8 22 3
8 53 9
9 35 3
9 83 1
10 22 7
10 13 5
11 28 3
11 79 7
13 56 1
13 57 8
13 68 7
13 16 7
13 94 5
14 95 7
15 63 6
15 97 3
15 89 6
15 17 7
15 91 9
16 56 10
16 57 6
17 41 8
17 18 10
17 91 8
18 48 5
18 20 4
19 21 1
19 65 8
19 49 6
20 41 8
23 38 6
24 32 8
25 86 1
25 84 9
26 60 4
26 82 1
27 40 6
27 29 9
27 28 6
28 79 5
28 99 2
30 62 9
31 66 3
31 88 4
33 53 2
33 60 8
34 82 9
34 69 10
35 90 10
36 69 4
39 57 4
42 80 7
42 48 4
43 74 5
43 97 7
43 55 8
45 60 3
47 85 8
47 95 6
50 97 9
53 70 1
55 74 7
56 68 3
58 98 10
64 75 5
64 78 10
70 78 8
79 99 4
