100 117
5 30 56 11 70 59 53 15 81 28 50 8 59 90 34 88 58 99 2 96 50 30 18 82 33 61 69 58 15 23 7 5 64 36 89 59 48 23 33 82 13 95 89 97 48 7 5 1 72 39 13 58 83 30 72 20 37 63 32 32 5 8 59 43 89 34 49 68 35 2 49 60 4 85 38 95 5 38 98 9 52 26 45 37 15 87 43 75 55 72 24 63 38 77 43 25 80 51 80 15
1 39 9
1 18 2
1 17 2
1 16 8
1 14 7
1 13 5
1 81 1
1 6 7
1 4 3
1 2 4
2 72 5
2 13 6
2 70 8
2 4 8
3 55 8
3 31 5
3 30 6
3 63 7
3 19 5
3 15 5
3 85 4
3 46 3
3 43 5
3 5 8
4 33 8
4 32 9
4 31 8
4 24 3
4 47 8
4 19 7
4 16 7
4 9 4
4 5 5
5 40 6
5 32 6
5 30 6
5 21 1
5 8 4
5 6 6
6 46 4
6 40 8
6 74 7
6 29 1
6 26 4
6 42 10
6 52 4
6 8 3
7 50 10
8 18 2
9 27 10
9 24 9
9 73 2
9 14 9
9 60 7
10 25 1
11 94 3
11 20 7
11 42 7
11 12 2
11 45 6
11 89 9
11 69 8
12 69 2
12 83 10
12 97 8
13 77 7
14 81 7
14 53 4
14 100 5
14 54 9
15 45 4
16 67 2
19 66 3
19 22 10
19 56 1
20 37 4
20 29 7
20 26 9
21 63 4
22 66 5
23 32 4
23 99 4
24 78 5
25 53 2
25 49 7
26 51 2
26 90 6
27 60 4
27 36 5
31 47 7
34 63 10
35 75 5
35 48 4
36 48 8
39 49 2
39 92 5
39 100 3
41 45 4
44 76 5
44 64 1
49 87 7
51 90 7
51 74 5
53 54 4
55 89 6
55 83 3
56 93 7
57 66 5
62 87 1
65 86 3
69 83 10
69 94 8
70 72 4
70 79 9
74 95 3
75 98 5
91 99 7
