100 117
5 92 72 14 60 28 11 100 45 47 100 39 29 23 76 55 4 12 69 89 18 37 100 53 9 69 8 56 76 100 85 44 100 94 82 47 18 99 74 20 7 85 10 31 69 43 5 64 46 54 78 50 57 8 2 41 8 9 87 54 89 49 3 5 13 20 89 80 98 98 37 51 83 97 76 8 74 47 64 46 68 52 27 99 73 4 24 29 32 58 87 3 27 16 89 67 71 82 65 44
1 54 6
1 95 8
1 32 1
1 59 10
1 88 1
1 11 4
1 9 1
1 87 2
1 6 5
1 63 10
1 3 9
2 75 3
2 85 6
2 76 6
2 15 9
2 78 9
2 12 6
2 4 5
2 3 9
3 33 4
3 29 6
3 96 3
4 39 2
4 38 4
4 88 8
4 66 9
4 55 9
5 20 3
5 70 9
5 8 9
5 7 5
6 7 5
7 22 1
8 76 6
9 21 10
9 18 3
9 87 4
9 45 6
9 82 10
10 25 4
10 17 2
11 93 1
11 61 5
11 45 8
12 37 8
13 30 1
13 80 10
13 86 2
14 81 6
14 79 6
14 34 8
14 27 4
14 48 1
14 23 5
14 18 1
14 71 10
15 85 7
15 84 7
15 99 6
15 26 9
15 20 7
16 86 2
17 36 3
17 72 2
17 27 7
17 23 1
17 56 1
17 21 4
17 19 9
17 18 1
17 42 10
17 64 4
19 74 3
19 79 7
20 53 2
20 37 4
20 67 1
21 64 1
21 82 6
22 94 7
22 59 2
22 50 5
22 57 5
23 36 1
23 79 8
24 40 8
24 44 8
26 49 4
26 84 4
26 70 9
27 62 3
28 43 1
29 39 6
29 75 9
29 73 8
29 55 3
30 86 3
30 54 1
36 74 3
37 92 3
38 68 1
41 65 10
43 47 7
43 51 2
45 80 8
46 94 5
46 50 7
47 52 7
50 58 2
51 57 7
51 77 1
60 83 5
67 90 6
69 84 1
74 97 5
77 100 1
81 96 3
