100 117
5 75 78 27 15 82 28 91 28 92 3 61 49 66 40 57 49 90 37 39 55 54 47 92 66 96 49 17 57 23 99 10 88 11 61 1 19 49 40 41 50 30 8 33 85 20 27 28 52 66 56 67 32 14 29 55 83 63 77 19 86 87 47 12 64 63 68 65 86 66 6 54 88 31 97 8 21 1 23 90 82 11 38 17 73 31 87 74 11 6 83 71 62 39 79 84 54 14 82 91
1 63 4
1 11 5
1 10 8
1 8 10
1 3 2
1 2 5
2 56 9
2 27 9
2 22 6
2 4 3
2 3 7
3 58 8
3 84 1
3 17 8
3 10 8
3 9 10
3 67 1
3 5 5
3 4 4
4 40 1
4 55 6
4 91 6
4 25 3
4 21 5
4 18 4
4 17 6
4 60 5
5 50 10
5 28 6
5 17 3
5 99 1
5 9 2
5 71 8
5 49 8
6 35 10
6 33 8
6 27 6
6 25 1
6 12 9
7 50 4
7 36 7
7 71 4
7 9 1
8 66 2
8 16 6
9 69 8
10 74 2
10 31 3
10 13 4
11 80 7
12 39 7
12 96 1
12 27 8
12 64 8
14 74 6
14 20 10
15 34 1
15 93 8
15 44 4
15 97 9
15 70 10
17 26 10
18 35 1
18 34 1
18 32 3
18 87 7
18 75 2
18 52 2
19 57 6
21 34 8
21 44 2
21 97 9
21 51 8
21 65 1
22 64 2
24 48 6
27 88 6
27 30 9
27 42 3
28 49 5
28 55 3
29 73 1
29 35 5
29 33 4
29 77 6
29 87 10
29 60 9
30 92 4
31 85 9
31 45 1
32 43 7
32 75 10
32 86 3
33 40 9
34 52 9
34 70 3
34 44 6
35 87 2
36 38 10
36 46 9
36 50 9
36 76 3
37 53 1
38 68 10
38 46 4
39 96 5
39 56 4
40 77 1
46 68 6
50 76 6
51 65 8
51 52 10
52 62 1
58 67 6
60 77 9
60 91 10
63 94 6
