100 117
5 58 32 58 72 52 5 41 39 49 64 15 96 100 39 50 53 14 79 3 99 66 40 92 48 84 42 13 14 82 11 78 77 88 24 31 42 82 37 83 63 12 70 93 72 34 76 87 56 42 44 78 10 76 6 15 32 45 24 57 58 83 24 71 30 90 37 10 21 83 36 64 51 28 39 81 41 91 88 79 85 56 82 51 24 35 78 94 72 56 68 65 69 8 9 59 12 44 6 91
1 40 10
1 91 2
1 59 6
1 97 8
1 6 6
1 4 4
1 2 1
2 76 2
2 37 4
2 80 3
2 24 9
2 44 4
2 48 4
2 65 1
2 18 8
2 17 9
2 15 5
2 13 5
2 10 1
2 6 1
2 5 10
2 4 4
2 3 6
4 79 2
4 31 2
4 81 5
4 83 1
4 20 3
4 73 5
4 52 6
4 16 8
4 12 1
4 8 2
4 66 2
5 40 8
5 36 9
5 29 8
5 74 3
5 60 9
5 18 2
5 10 6
5 9 4
6 40 6
6 39 9
6 32 7
6 97 7
6 68 1
7 41 3
7 22 8
7 13 8
7 12 10
7 61 8
8 65 1
9 25 2
9 19 10
9 16 10
10 11 5
11 33 3
11 99 10
12 25 7
14 30 3
14 29 8
14 15 1
14 47 2
15 80 7
15 90 9
15 18 9
15 100 10
15 48 9
18 100 1
18 74 1
19 71 10
19 75 10
19 72 9
19 51 6
20 34 6
20 31 5
20 27 4
20 42 4
20 62 9
22 63 8
22 92 2
22 31 7
22 42 10
22 50 2
23 33 4
24 76 10
24 87 1
27 42 5
27 61 9
29 78 4
30 37 5
31 63 3
31 83 8
31 46 9
32 59 4
35 44 4
38 95 1
38 49 4
46 63 5
46 52 8
48 87 1
49 74 9
50 81 4
51 94 8
51 89 8
52 93 7
53 96 6
59 91 5
60 70 6
60 71 4
67 84 5
69 75 2
70 71 3
72 75 9
73 85 3
79 86 4
