100 117
5 68 40 7 80 90 95 29 17 10 1 77 89 57 91 20 13 85 36 2 82 23 37 10 57 53 30 61 55 46 28 66 28 77 96 70 77 47 92 44 20 5 67 63 27 71 6 39 98 24 48 66 10 51 42 100 66 17 77 11 21 67 15 80 65 47 10 57 72 7 61 68 25 72 99 81 37 30 33 72 36 1 63 75 58 71 62 21 77 86 61 24 49 38 97 82 90 20 95 87
1 15 8
1 6 7
1 4 9
1 3 8
2 86 1
2 22 9
2 18 3
2 59 1
2 10 9
2 8 10
2 7 10
3 34 5
3 51 2
3 4 6
4 38 10
4 35 10
4 21 8
4 20 3
4 66 9
4 19 8
4 45 8
4 9 9
4 78 4
4 7 8
5 45 7
5 48 8
5 92 1
5 74 5
5 17 9
5 47 2
5 16 9
5 15 7
5 14 3
5 12 4
6 35 7
6 25 7
6 21 8
6 19 4
6 12 5
6 60 7
7 32 10
7 43 3
7 98 7
9 87 6
9 94 10
9 88 9
9 20 5
9 18 8
9 55 3
11 42 8
11 29 8
12 92 6
13 67 7
13 36 8
13 91 3
13 14 2
14 69 7
14 36 9
14 16 2
14 70 9
14 46 10
15 24 4
17 31 4
17 30 3
17 48 7
17 23 1
18 37 9
19 40 5
19 25 5
19 75 6
20 66 2
21 40 8
21 25 8
21 78 7
23 33 4
24 65 4
24 64 10
25 40 9
25 60 8
25 26 5
25 75 9
27 38 1
27 81 7
28 91 3
33 53 8
33 58 8
33 90 8
33 84 7
33 68 4
34 57 8
38 47 7
43 94 8
44 86 2
44 53 5
44 68 9
45 80 9
45 54 4
46 67 1
46 70 5
47 97 5
47 52 10
49 63 6
51 57 9
53 68 1
54 95 8
55 87 9
56 83 7
56 57 7
58 82 3
59 86 5
61 72 9
61 92 10
61 81 2
63 77 1
65 82 2
72 81 7
81 89 7
