100 117
5 26 13 71 47 4 17 59 50 44 35 63 62 47 13 59 55 11 60 76 37 7 59 14 70 53 74 99 39 17 60 10 24 100 40 63 94 17 11 58 51 58 50 69 66 52 33 41 35 66 11 23 3 40 98 67 84 74 51 51 20 14 83 39 95 51 40 50 74 13 39 38 14 67 14 35 7 3 40 12 52 48 72 47 22 73 69 64 92 60 7 40 86 25 68 75 29 21 24 97
1 25 3
1 52 4
1 4 8
2 70 4
2 20 8
2 10 7
2 60 6
3 29 7
3 18 4
3 59 8
3 9 1
4 52 5
4 33 7
4 32 7
4 48 10
4 28 8
4 17 7
4 47 7
4 65 1
4 53 4
4 7 3
4 5 3
4 45 7
5 36 6
5 29 1
5 27 1
5 67 3
5 15 7
5 14 7
5 43 2
5 9 10
5 6 6
6 85 5
6 98 1
7 41 7
7 31 3
7 26 7
7 21 6
7 90 1
7 57 3
7 9 9
8 50 8
8 25 1
8 65 9
8 47 2
8 79 9
9 58 5
9 39 7
9 88 10
9 83 8
9 31 9
9 29 7
9 73 1
9 26 2
9 24 10
9 44 6
9 16 1
9 55 9
9 54 10
9 94 8
9 11 7
9 86 1
9 77 4
10 45 1
10 46 7
10 82 8
10 22 8
11 94 7
11 92 7
11 13 6
12 93 9
12 89 8
12 33 10
12 75 3
13 73 4
13 72 8
13 77 4
14 54 10
14 90 6
14 16 6
16 63 2
17 32 10
17 59 3
19 63 9
21 73 9
21 88 4
24 67 4
25 38 2
26 41 2
26 49 4
26 87 6
26 62 1
26 78 9
28 64 3
28 93 8
28 61 10
30 35 6
32 59 7
33 75 1
35 66 6
39 40 8
42 72 8
44 84 1
46 48 4
47 50 8
51 55 4
51 68 5
51 62 9
55 68 4
55 76 8
56 78 3
64 93 5
68 76 8
73 86 3
74 97 3
75 81 3
92 95 7
