100 117
5 64 97 68 57 35 59 74 86 26 86 32 92 14 70 92 9 97 93 83 69 100 78 43 94 46 35 2 78 41 81 71 87 42 47 75 23 41 70 20 57 68 28 35 45 16 34 78 61 51 47 31 30 61 68 46 12 28 96 29 36 73 39 76 71 64 1 38 11 17 51 47 36 54 75 21 38 94 75 75 36 23 90 85 64 56 89 10 15 74 44 100 97 86 22 33 39 89 39 68
1 53 4
1 55 9
1 89 7
1 36 4
1 32 10
1 64 1
1 42 8
1 75 1
1 18 10
1 12 6
1 94 6
1 8 4
1 58 1
2 4 3
2 3 2
3 39 3
3 37 9
3 65 3
3 30 3
3 28 7
3 27 7
3 46 9
3 19 6
3 16 6
3 91 8
3 12 10
3 9 6
3 7 9
3 6 10
3 59 7
3 4 2
3 60 1
4 41 3
4 84 7
4 32 8
4 13 4
4 10 6
4 64 6
5 38 10
5 32 4
5 66 1
5 77 2
5 7 7
5 6 1
6 87 2
6 23 4
6 19 9
6 72 5
6 48 3
6 11 6
6 9 8
6 8 3
7 59 9
7 72 1
8 62 10
8 70 5
8 82 1
8 24 9
8 42 10
8 12 1
8 54 10
9 59 7
11 26 4
13 41 4
14 77 6
16 26 2
16 19 2
17 35 8
17 33 7
17 29 3
18 56 7
18 55 4
21 36 5
21 79 10
21 53 7
21 95 8
22 58 7
22 36 10
26 39 2
26 83 8
26 43 7
27 74 7
28 43 3
28 67 10
28 83 10
29 63 10
29 62 8
30 34 5
31 48 1
31 50 5
31 73 3
31 76 4
32 47 7
32 80 10
36 85 5
36 58 4
38 68 7
39 71 4
40 42 1
41 45 8
43 83 3
44 67 5
47 100 5
48 92 1
48 72 2
50 92 10
51 81 5
52 68 9
53 86 6
56 94 10
58 85 10
58 90 5
64 84 6
70 93 5
79 89 4
88 90 5
88 97 7
