100 117
5 86 34 95 24 37 77 38 34 64 98 55 69 14 27 18 68 7 68 53 45 5 89 72 1 26 89 100 74 23 15 100 40 60 17 16 76 98 26 23 77 60 69 60 11 93 83 75 92 13 70 50 35 45 15 86 91 63 87 45 24 29 72 73 14 4 30 72 84 39 92 65 20 39 79 81 90 76 74 28 23 42 52 57 57 44 99 76 98 39 66 55 14 15 6 65 7 88 78 40
1 38 5
1 77 3
1 5 3
1 4 8
2 60 8
2 47 4
2 35 8
2 30 2
2 78 5
2 21 4
2 7 6
3 64 3
3 38 1
3 31 3
3 44 2
3 20 7
3 13 1
3 8 3
3 5 9
4 27 2
4 24 4
4 54 10
4 61 5
4 9 2
5 38 9
6 40 5
6 37 3
6 30 5
6 26 4
6 69 10
6 21 7
6 79 2
6 14 9
6 13 3
6 84 4
6 8 9
6 83 8
6 62 2
7 37 10
7 25 5
7 21 7
7 15 7
7 42 4
7 9 5
7 86 2
7 59 3
8 95 8
8 69 6
8 22 8
8 13 5
8 10 9
8 60 8
8 80 7
8 45 3
9 74 9
9 29 10
9 24 3
9 76 6
9 16 8
9 82 10
10 36 3
10 14 8
11 28 5
11 12 9
12 61 4
12 74 10
13 45 2
13 73 7
13 50 9
13 49 4
14 33 7
15 41 8
15 39 2
15 28 8
15 52 8
16 58 5
17 33 9
17 51 6
17 92 9
18 52 4
19 48 9
20 34 6
20 31 1
20 99 7
20 44 2
21 35 1
21 30 6
21 59 7
21 46 1
22 26 5
22 68 2
23 51 3
23 62 3
24 89 7
24 70 9
24 58 2
32 83 2
34 99 10
34 44 5
35 57 8
36 75 2
36 60 10
37 46 4
45 80 6
46 86 7
48 76 6
48 66 5
49 50 8
50 73 7
52 85 7
53 81 1
55 99 4
55 63 9
56 97 8
60 75 1
64 91 5
82 89 6
