100 117
5 55 63 69 10 8 27 5 95 46 98 10 70 38 93 46 42 74 34 29 35 60 16 47 41 69 93 48 50 93 88 78 6 10 66 8 93 45 95 50 61 56 86 21 10 71 64 61 90 41 33 65 67 25 69 91 31 23 77 94 90 27 52 17 68 15 93 41 44 89 70 97 99 55 5 28 69 87 53 36 45 80 13 90 26 50 13 13 9 48 19 28 21 36 33 77 62 31 20 78
1 95 7
1 19 10
1 4 2
1 2 4
2 40 5
2 39 8
2 33 2
2 46 8
2 52 7
2 85 10
2 14 9
2 54 6
2 7 5
2 5 7
2 4 4
2 3 6
3 98 7
3 10 5
3 53 10
3 4 8
4 69 7
4 72 2
4 67 5
4 23 6
4 15 6
4 13 4
4 5 8
5 71 2
5 31 7
5 44 10
5 96 9
5 60 6
6 98 8
6 38 5
6 29 5
6 95 2
6 23 1
6 19 7
6 10 1
7 99 9
7 11 8
8 81 4
8 74 6
8 46 1
8 48 1
8 17 3
8 16 6
9 35 5
9 47 9
9 15 3
11 34 9
11 51 5
11 68 9
12 35 8
12 25 8
12 50 6
12 18 8
12 42 6
12 47 9
13 29 4
13 87 10
14 40 6
14 44 9
14 61 9
14 21 9
14 20 8
14 64 9
14 51 10
15 42 2
17 96 1
18 91 6
18 56 9
18 24 10
18 22 10
18 55 2
18 90 3
18 97 3
19 95 5
20 68 8
20 44 2
20 92 1
23 73 7
23 53 6
24 63 10
24 70 7
24 26 5
25 35 8
26 33 9
26 54 2
27 71 10
28 92 8
30 64 4
30 82 4
32 89 2
32 49 1
34 82 7
36 40 6
37 90 1
40 61 7
43 88 3
43 45 10
43 56 9
45 56 9
46 65 3
46 75 2
48 81 10
52 62 7
55 63 8
55 90 4
57 66 9
58 68 6
62 93 8
65 85 6
67 69 6
73 78 6
75 79 1
83 89 7
