100 117
5 73 57 57 54 54 10 14 12 100 95 88 50 95 30 43 97 96 66 79 99 43 68 8 84 42 51 87 69 70 75 12 18 93 87 53 92 95 29 29 18 11 88 19 94 93 41 97 84 29 55 49 92 19 42 78 56 69 87 29 93 90 8 10 17 72 14 56 56 21 1 93 93 22 84 28 22 33 94 91 32 22 2 72 26 23 50 69 30 100 24 60 86 13 42 60 79 99 4 32
1 40 7
1 89 3
1 92 1
1 45 2
1 15 6
1 48 9
1 42 5
1 6 9
1 5 9
1 2 6
2 22 7
2 7 4
2 75 5
2 90 8
3 79 7
3 78 1
3 96 8
3 59 1
3 14 5
3 11 6
3 94 1
4 40 3
4 38 1
4 68 1
4 59 7
4 84 8
4 31 7
4 30 1
4 65 6
4 26 10
4 55 2
4 19 10
4 17 4
4 97 2
4 8 6
4 5 3
5 54 8
5 30 4
5 24 8
5 14 9
6 34 5
6 26 10
6 23 4
6 20 5
6 17 2
6 10 2
7 82 5
7 95 6
7 11 3
7 69 6
7 56 5
8 32 7
8 28 6
8 66 1
8 18 3
9 18 1
9 75 5
10 23 2
10 22 8
11 100 4
11 56 10
13 35 8
13 76 6
13 31 8
13 44 7
13 57 3
13 25 7
13 20 6
13 15 7
15 87 8
16 39 3
16 29 9
16 88 8
16 96 7
17 33 6
17 25 7
18 50 8
18 28 7
18 66 3
19 40 5
19 61 7
20 87 10
24 73 5
25 51 3
28 86 10
28 50 6
28 74 4
28 91 2
29 78 10
29 72 5
31 76 8
33 77 8
33 57 10
34 48 10
34 47 9
34 98 8
35 46 4
40 43 9
40 42 1
49 94 5
52 92 6
56 100 3
56 79 9
56 60 1
57 85 2
59 94 8
60 71 7
63 69 4
63 83 9
65 81 1
65 69 10
67 89 2
70 80 3
72 78 2
74 90 6
81 93 9
97 99 3
