100 117
5 11 14 63 15 94 32 57 13 87 25 23 44 57 5 71 31 6 86 43 34 33 59 67 71 15 38 57 46 11 96 25 32 15 35 53 83 61 4 51 60 90 49 14 59 25 5 33 59 47 95 4 20 19 37 81 22 86 60 43 97 78 81 74 51 27 69 24 16 50 43 5 93 41 7 1 40 92 31 77 10 39 86 18 44 45 83 52 43 15 6 33 83 97 66 46 25 17 73 30
1 55 9
1 33 7
1 57 2
1 59 10
1 54 6
1 18 3
1 12 3
1 97 9
1 11 2
1 76 4
1 3 9
2 86 8
2 29 7
2 10 2
2 8 4
2 45 9
3 64 4
3 70 9
3 78 7
3 100 4
3 24 8
3 59 8
3 22 1
3 51 5
3 58 8
4 38 1
4 69 5
4 47 5
4 23 9
4 17 9
4 16 1
4 61 6
4 72 2
4 5 6
5 92 2
5 34 3
5 28 5
5 52 8
5 57 10
5 16 2
5 49 5
5 9 9
6 53 9
6 93 3
6 26 4
6 15 8
6 9 9
7 80 7
7 43 8
7 68 9
7 18 7
7 14 6
7 74 4
8 27 9
8 44 8
9 49 1
9 50 7
10 89 1
10 22 4
10 44 4
10 13 3
10 60 1
12 98 2
12 21 5
12 59 10
12 81 9
13 64 3
13 83 5
13 75 7
13 86 3
14 39 9
14 36 3
15 56 7
17 33 6
18 37 8
18 31 6
18 55 4
18 88 1
18 80 10
19 86 7
20 34 9
20 28 2
20 49 7
20 50 3
21 25 9
21 70 1
22 95 6
23 47 6
25 99 3
25 98 1
27 41 6
28 40 1
29 69 4
29 72 10
29 66 1
29 84 2
30 96 1
30 64 2
31 54 5
31 42 3
31 68 5
34 40 9
34 46 4
34 77 10
35 72 1
36 51 4
40 46 7
42 88 5
42 43 9
46 77 10
51 87 6
59 76 4
64 67 4
67 83 9
68 74 3
69 94 3
81 100 8
