100 117
5 49 98 59 25 25 74 72 49 69 76 93 74 24 62 4 86 92 19 49 66 26 77 96 95 7 100 60 85 35 18 86 96 57 43 64 12 85 62 13 67 100 28 80 37 89 6 70 85 32 31 12 47 40 7 60 51 40 5 22 13 37 37 11 27 40 30 13 53 54 55 14 15 28 69 88 71 84 66 40 94 14 4 56 86 29 3 98 66 29 43 93 93 57 20 3 35 85 87 1
1 32 10
1 30 8
1 17 3
1 59 4
1 57 1
1 52 1
1 8 10
1 7 3
1 3 9
2 47 10
2 92 2
3 34 4
3 31 4
3 72 7
3 75 10
3 8 3
3 6 5
3 4 1
4 40 3
4 39 6
4 49 9
4 47 2
4 61 2
4 33 1
4 26 2
4 24 6
4 20 1
4 90 1
4 9 9
4 5 5
5 38 2
5 77 7
5 70 8
5 66 1
5 55 4
5 48 9
6 34 6
6 43 2
6 89 2
6 92 10
7 41 10
7 91 10
7 35 1
7 45 6
7 27 6
7 13 8
7 95 9
8 75 4
8 31 5
8 23 5
8 17 2
8 14 1
8 57 8
9 37 1
9 25 5
9 50 1
9 15 5
10 41 7
10 11 8
11 53 9
12 35 6
12 21 2
12 13 6
13 36 9
14 57 10
15 99 2
15 54 6
15 61 1
15 24 5
15 44 1
16 97 2
16 29 5
16 82 3
16 19 6
18 27 4
19 82 10
20 90 4
20 96 6
22 71 2
23 71 10
23 87 4
24 64 5
24 26 7
24 69 3
24 56 6
24 50 7
24 73 8
26 44 9
26 68 9
26 61 1
28 46 7
28 78 4
30 58 1
31 38 8
31 72 2
32 51 9
33 93 9
33 78 6
34 43 1
34 63 8
38 66 9
42 52 5
42 59 10
42 88 3
44 68 3
48 65 7
48 97 3
48 55 5
52 88 10
52 59 9
55 65 10
56 76 9
56 64 4
60 67 3
64 100 6
69 83 5
78 93 10
