100 117
5 41 38 70 28 6 22 32 23 95 67 36 16 43 3 53 98 92 47 52 36 84 87 31 5 11 83 74 94 5 24 44 65 5 3 85 43 31 3 4 6 57 68 95 88 11 98 51 62 54 22 94 85 82 33 29 7 99 14 22 55 21 67 78 81 33 17 95 9 51 4 67 57 61 59 81 88 45 47 24 98 14 93 69 24 62 41 39 51 4 63 34 4 30 100 76 96 76 22 38
1 63 7
1 99 9
1 55 3
1 18 6
1 15 5
1 12 4
1 8 4
1 42 4
1 2 7
2 87 3
2 37 5
2 77 8
2 64 10
2 30 7
2 29 7
2 22 9
2 47 2
2 21 3
2 19 2
2 11 1
2 10 9
2 65 6
2 8 8
2 7 3
2 3 3
3 82 4
3 23 1
3 74 6
3 44 6
3 7 10
3 6 6
3 5 1
3 4 4
4 43 3
4 28 3
4 16 8
4 15 3
4 12 3
4 94 8
4 11 5
4 8 10
4 93 7
5 100 5
5 38 3
5 98 2
5 31 10
5 82 5
6 67 10
6 22 2
6 21 3
6 57 6
6 7 6
7 57 6
7 67 3
8 45 7
8 20 4
8 18 7
8 16 6
8 14 10
8 10 10
9 32 8
9 81 9
10 19 10
12 39 2
12 42 3
12 15 10
13 29 5
13 46 1
14 40 8
14 93 3
17 40 1
17 59 5
18 33 1
18 32 5
19 49 8
19 28 4
19 56 3
19 24 2
20 32 5
21 27 4
21 22 3
21 60 6
23 72 7
23 25 6
24 77 5
25 53 4
26 35 3
28 64 4
28 68 1
29 52 6
30 54 4
31 47 10
32 33 8
37 65 3
37 95 9
39 61 6
39 74 1
40 59 8
42 99 2
43 66 6
45 80 2
45 48 7
45 63 7
46 88 8
47 100 2
49 64 6
51 71 8
52 78 1
53 98 4
54 88 5
57 60 6
61 74 10
74 97 7
75 91 6
76 84 1
76 81 8
77 90 4
