100 117
5 77 74 6 28 18 26 98 8 90 89 99 11 33 68 66 81 8 95 56 15 63 99 6 10 30 73 14 83 94 22 59 9 9 77 37 7 44 67 14 16 17 9 76 62 15 76 56 69 35 62 32 73 87 41 55 47 21 96 46 66 13 2 40 69 97 18 54 40 35 41 18 62 71 70 75 6 37 55 11 27 43 41 70 95 76 38 17 83 13 86 96 24 88 87 38 67 78 13 77
1 51 2
1 32 9
1 80 7
1 99 2
1 4 2
1 2 6
2 3 3
3 67 4
3 90 4
3 34 4
3 43 5
3 30 3
3 28 9
3 24 8
3 77 7
3 12 9
3 11 2
3 75 5
3 92 7
3 8 3
3 6 10
3 47 6
4 31 10
4 27 9
4 21 10
4 15 5
4 14 4
4 5 3
5 38 8
5 19 7
6 99 7
6 38 3
6 45 8
6 30 10
6 29 6
6 28 10
6 69 6
6 76 2
6 19 2
6 59 10
6 92 1
6 89 9
7 53 9
8 89 3
8 10 2
9 62 3
9 44 10
10 23 3
10 48 8
10 11 5
10 84 2
11 62 4
12 34 10
12 62 5
13 40 6
13 63 4
13 25 1
13 69 3
13 85 2
14 42 7
14 32 3
14 26 7
14 100 3
14 64 5
14 20 1
14 18 9
14 88 5
14 16 9
14 94 9
15 86 9
15 42 3
15 16 5
16 96 1
16 26 3
16 20 9
16 54 6
16 83 8
16 86 7
17 86 6
17 80 7
18 95 9
18 46 3
20 41 9
22 60 4
23 75 2
24 35 5
24 56 10
24 28 8
24 63 2
24 73 5
29 37 7
31 36 1
31 55 10
32 54 7
32 72 5
32 51 8
34 43 5
35 56 5
36 55 3
38 93 3
40 49 7
40 69 2
42 79 2
42 81 4
46 81 7
47 84 10
49 68 3
49 63 3
50 97 6
51 61 6
52 58 1
54 64 7
59 66 2
61 96 9
63 65 9
72 88 9
74 97 8
