100 117
5 11 41 53 64 85 52 28 48 82 46 57 80 62 87 76 51 83 99 86 30 36 86 37 8 34 13 90 8 93 97 73 82 35 94 65 22 19 88 91 25 21 67 85 73 57 42 34 10 14 90 57 18 41 12 57 85 23 31 7 9 49 64 48 93 85 74 44 93 25 13 2 15 9 46 15 53 24 28 55 15 96 20 10 69 7 69 14 53 14 61 20 97 74 96 17 88 68 19 3
1 6 8
1 4 7
1 3 2
2 81 8
2 15 4
2 8 10
3 67 5
3 54 6
3 17 7
3 66 10
3 78 1
3 7 7
3 6 7
3 5 10
4 73 6
4 46 7
4 20 6
4 12 3
4 11 3
4 57 9
4 8 9
4 7 3
4 6 4
5 37 7
5 44 9
5 28 10
5 80 6
5 11 1
6 83 5
6 53 6
7 38 4
7 32 9
7 69 8
7 10 2
7 67 10
7 53 8
8 13 3
9 41 2
9 43 6
9 39 9
9 31 1
9 54 8
9 20 10
9 51 1
9 76 4
10 38 5
10 57 8
10 60 4
11 47 7
11 82 2
12 31 4
12 86 5
12 25 4
12 61 1
12 18 5
13 23 6
14 35 7
14 26 2
14 22 4
14 16 9
15 50 10
15 93 4
15 81 5
16 26 6
18 49 8
18 46 9
18 61 3
19 72 4
19 45 3
20 41 6
20 40 7
20 99 5
21 78 6
21 24 10
22 70 5
24 36 5
24 29 2
28 39 5
28 80 9
29 77 3
30 32 1
31 61 1
32 38 5
32 55 4
32 60 9
32 98 10
32 84 10
33 100 2
33 88 1
33 50 3
34 43 3
38 60 2
39 89 8
39 91 9
39 64 1
40 41 2
42 94 6
42 50 2
42 56 3
45 62 3
45 72 10
47 90 10
50 56 7
52 59 5
52 57 10
55 84 6
56 94 7
60 98 2
63 70 6
64 89 7
64 95 9
64 75 5
68 91 1
68 89 10
81 93 4
89 91 3
89 95 7
