100 117
5 22 96 22 73 40 1 75 54 54 41 52 1 9 74 36 71 99 30 99 20 87 28 16 43 65 53 73 25 94 13 64 33 84 50 80 79 69 74 73 53 52 29 12 99 29 98 82 49 61 5 40 22 72 98 89 93 22 41 33 47 91 89 9 43 26 37 51 91 98 99 13 46 17 28 88 22 99 79 92 56 27 34 50 53 20 82 16 40 47 44 4 48 50 23 98 41 41 15 52
1 80 9
1 5 3
1 4 5
2 30 6
2 3 8
3 55 9
3 94 4
3 49 7
3 75 8
3 14 1
3 12 10
3 11 2
3 9 7
3 8 5
3 6 8
3 50 6
3 4 6
3 80 1
4 46 8
4 34 8
4 95 7
4 92 5
4 53 8
4 19 4
4 16 4
4 72 7
4 73 4
4 81 6
4 7 5
4 6 3
5 85 10
5 35 7
5 27 9
5 17 7
5 57 4
5 7 7
5 72 5
6 41 3
6 39 7
6 45 10
6 29 1
6 71 1
6 77 3
6 24 2
6 22 10
6 60 10
6 63 2
6 48 7
6 78 1
6 89 10
8 65 6
8 50 4
8 47 3
9 79 6
9 70 6
9 11 6
11 100 9
11 76 10
11 65 8
12 21 2
13 97 3
13 42 4
13 27 9
13 89 2
13 71 9
13 22 4
14 25 3
14 66 1
14 16 8
15 37 10
15 35 2
15 64 6
15 20 10
15 17 7
15 46 1
16 30 4
16 25 3
16 19 10
16 56 3
16 87 4
17 52 5
17 35 6
17 57 9
17 46 7
18 33 5
18 87 1
18 19 7
18 69 5
19 34 3
19 68 7
22 31 8
23 29 7
25 32 8
25 54 9
25 86 3
31 63 1
31 82 10
32 36 2
32 66 6
33 38 4
37 64 3
42 77 7
44 68 10
47 65 1
47 50 3
47 96 7
47 94 6
48 82 7
49 51 9
50 94 6
51 55 2
52 57 9
55 75 9
56 84 10
57 62 8
79 83 8
91 95 9
