100 117
5 51 20 29 87 52 92 49 64 61 83 65 73 95 73 18 38 86 91 9 22 37 57 79 77 61 97 89 73 87 41 83 66 74 17 12 39 38 73 26 98 19 47 94 28 16 92 100 53 68 31 30 87 35 94 37 78 34 95 12 5 34 75 13 74 32 84 22 83 99 60 75 9 37 81 68 70 52 95 39 44 3 40 100 33 36 39 3 47 35 2 5 69 84 57 28 11 100 65 60
1 34 7
1 30 4
1 86 8
1 54 10
1 22 6
1 14 5
1 8 9
2 40 3
2 72 3
2 55 7
2 17 4
2 12 1
2 65 7
2 10 10
2 9 7
2 6 1
2 4 9
3 11 9
3 9 10
3 48 2
4 40 5
4 86 9
4 17 10
4 93 9
4 14 2
4 5 8
5 95 8
5 60 6
5 36 10
5 35 7
5 33 2
5 73 3
5 30 4
5 81 10
5 98 7
5 79 9
5 82 10
5 94 3
5 14 8
5 72 8
5 8 9
5 7 7
6 89 4
6 88 4
6 58 10
6 21 9
6 17 8
6 80 2
6 52 2
7 32 6
7 24 10
7 100 2
7 13 4
7 10 9
7 59 3
8 49 9
8 77 5
9 70 9
9 57 2
9 58 2
9 12 6
9 11 9
9 78 9
9 68 3
10 22 5
10 64 7
11 57 10
11 28 2
12 38 6
12 52 2
13 33 6
13 67 9
14 41 6
14 34 7
14 42 7
14 46 5
14 20 7
14 73 3
15 36 8
15 32 7
15 83 10
16 47 10
17 40 9
17 44 5
17 21 8
17 84 1
17 65 5
18 27 1
18 25 3
19 81 8
20 35 2
22 64 6
22 54 3
23 27 4
24 32 6
27 41 1
28 62 2
31 42 2
32 61 6
33 67 1
36 98 1
38 58 6
39 83 2
40 44 4
42 79 7
43 94 7
44 74 6
46 76 4
49 60 8
50 82 7
52 63 1
54 87 4
57 68 2
58 90 3
64 71 5
70 99 6
80 85 1
