100 117
5 39 16 100 67 78 4 54 7 3 59 64 17 71 93 39 46 98 75 93 80 72 8 47 23 57 85 44 6 52 1 47 95 87 29 38 16 78 92 92 74 38 49 81 97 84 12 21 94 17 21 76 45 87 46 52 81 4 23 32 63 24 29 76 35 41 62 86 79 6 99 6 62 52 47 1 89 77 18 25 48 25 56 24 77 54 4 34 70 98 4 22 28 4 63 52 20 61 45 79
1 38 2
1 32 6
1 31 6
1 70 4
1 21 3
1 18 3
1 16 8
1 46 5
1 83 4
1 10 4
1 54 6
1 5 6
1 4 2
1 3 3
2 20 1
2 44 3
2 6 5
3 33 5
3 28 7
3 45 4
3 63 10
3 73 7
3 19 2
3 80 3
3 16 9
3 13 9
3 62 9
3 11 5
3 5 4
4 86 10
4 11 9
4 7 3
4 42 6
5 86 1
5 57 2
5 96 7
5 29 3
5 21 4
5 11 6
6 58 9
6 55 2
6 78 7
7 75 6
7 34 6
7 58 10
7 17 2
7 99 9
7 10 3
8 59 2
8 14 2
8 9 4
9 49 8
9 57 6
10 84 5
10 32 4
10 17 9
10 50 1
11 29 8
12 51 8
12 88 9
13 47 7
13 24 9
13 23 4
13 64 4
13 98 9
13 71 8
14 15 2
14 71 2
16 27 7
16 19 2
16 65 8
16 80 5
19 90 4
19 47 7
20 55 10
24 67 3
27 65 6
27 76 6
28 98 5
29 48 2
29 53 4
29 85 9
30 95 7
30 100 5
30 49 7
31 74 8
32 99 2
34 58 1
35 77 4
36 74 7
37 41 3
37 48 9
37 53 7
38 50 10
39 77 6
41 85 9
42 92 10
44 52 1
45 66 5
45 61 8
45 59 10
49 100 7
51 70 9
55 68 6
57 96 4
57 89 9
59 72 7
59 61 10
61 72 4
62 90 4
62 80 10
64 83 3
65 76 1
65 91 8
71 87 7
72 93 9
80 97 5
