100 117
5 98 37 24 44 11 65 33 91 23 22 56 25 38 7 97 60 95 83 69 88 70 38 4 54 30 1 45 41 58 56 37 11 48 5 90 99 59 7 57 1 41 68 73 42 25 63 55 51 64 80 3 77 93 64 72 88 93 59 26 67 39 18 10 54 95 52 8 88 32 52 34 67 24 12 48 71 50 51 41 19 19 36 33 13 25 34 45 75 76 63 38 55 94 1 41 97 28 98 22
1 38 9
1 34 5
1 42 2
1 7 6
1 6 7
1 5 2
1 3 3
1 2 8
2 91 7
2 36 6
2 46 8
2 27 6
2 53 4
2 25 4
2 71 3
2 42 4
2 13 8
2 10 3
2 70 5
2 8 9
2 4 2
2 3 9
3 59 9
3 25 10
3 19 1
3 13 2
3 4 2
4 34 5
4 29 8
4 69 10
4 78 5
4 11 2
4 10 7
4 9 2
4 6 5
5 61 4
5 34 7
5 23 4
5 92 1
5 8 3
5 68 6
6 30 9
7 42 3
8 62 2
8 15 6
8 9 2
9 41 4
9 56 8
9 39 5
9 36 10
9 52 9
9 58 6
9 17 9
9 81 8
9 14 9
9 100 1
10 41 7
10 67 1
10 31 6
10 51 10
10 66 10
10 27 6
10 17 5
10 46 5
10 58 6
12 78 9
12 87 9
12 50 9
12 90 3
13 21 8
14 28 8
14 50 8
14 48 2
14 16 8
14 49 9
15 75 2
16 22 10
16 66 9
16 18 10
16 73 9
17 100 7
17 26 2
17 63 1
17 94 8
18 73 3
19 30 6
21 54 2
21 71 3
22 95 9
23 38 8
26 51 6
26 32 6
26 88 2
27 41 4
30 43 5
31 82 1
33 35 10
33 83 8
33 48 9
36 62 1
37 99 10
37 86 1
43 93 9
45 56 3
46 91 4
53 55 9
53 79 3
55 60 1
55 79 8
61 64 1
65 66 2
76 82 5
78 87 10
78 90 7
78 89 2
86 99 7
94 100 9
