100 117
5 21 22 12 22 32 21 45 90 48 62 86 37 14 56 41 91 76 43 42 17 89 56 85 80 84 27 5 87 76 14 12 83 4 8 92 18 27 58 13 17 83 47 83 13 62 35 84 100 29 99 92 20 94 73 65 55 58 13 97 59 62 72 83 86 84 42 71 67 74 68 10 67 86 67 1 36 31 76 70 62 84 67 42 78 81 68 78 49 45 99 91 63 27 53 69 4 92 61 25
1 46 10
1 59 10
1 74 7
1 30 4
1 28 9
1 25 9
1 98 10
1 18 3
1 3 1
2 82 10
2 28 5
2 69 3
2 50 7
2 57 3
2 81 7
2 43 6
2 4 5
2 3 1
3 41 10
3 70 7
3 44 9
3 20 10
3 67 4
3 18 10
3 15 10
3 14 8
3 61 7
4 36 2
4 47 8
4 69 8
4 17 5
4 87 3
4 10 2
4 8 7
4 5 1
5 39 7
5 35 2
5 16 1
5 99 3
5 65 7
6 26 4
6 55 2
6 52 6
6 12 1
6 8 7
7 75 10
7 24 7
7 21 1
7 12 9
7 10 7
8 55 4
8 20 1
8 48 5
9 38 4
9 97 4
9 23 9
9 46 10
9 93 8
9 13 7
9 51 7
9 54 10
10 34 2
10 53 10
10 26 9
10 17 10
10 49 8
11 41 3
11 39 4
11 61 4
11 71 7
11 16 10
11 79 1
12 75 4
12 96 7
12 52 1
12 49 5
14 71 7
15 48 3
16 65 4
17 40 2
17 83 1
17 58 10
18 72 8
18 66 3
20 44 8
20 62 9
20 36 2
21 45 1
22 75 1
23 51 6
23 38 9
25 70 4
25 59 10
26 40 1
27 71 7
27 64 5
28 56 8
28 29 4
29 31 5
30 60 5
32 84 2
33 59 2
33 80 7
42 88 7
44 92 8
46 54 8
47 87 3
47 54 4
47 97 9
52 85 5
57 81 1
59 78 1
59 89 4
63 99 8
70 100 2
93 97 7
94 100 7
