100 117
5 15 58 2 38 49 68 13 44 72 40 68 41 100 25 99 35 94 29 63 47 56 18 35 35 22 34 16 22 17 43 20 72 51 85 48 37 68 26 76 23 27 88 42 40 79 77 93 95 20 97 40 100 9 12 35 76 75 41 25 82 72 58 77 45 10 78 43 77 40 53 27 83 59 31 61 38 28 89 74 11 17 59 7 37 60 57 63 6 27 23 56 35 49 41 95 77 47 28 48
1 40 3
1 17 4
1 13 6
1 4 2
1 2 4
2 37 10
2 65 3
2 13 8
2 10 10
2 9 10
2 7 10
2 6 4
2 48 3
2 3 6
2 52 9
3 55 4
4 40 4
4 94 1
4 34 1
4 12 6
4 5 2
5 77 2
5 60 7
5 32 9
5 27 9
5 97 4
5 25 7
5 21 5
5 83 9
5 80 2
5 10 7
5 9 6
5 50 4
6 35 6
6 49 7
6 82 9
6 45 3
6 28 2
6 81 1
6 86 3
6 18 3
6 17 3
6 16 5
6 71 5
6 13 2
6 75 10
7 55 4
7 76 1
7 14 1
7 8 1
8 34 1
8 30 8
9 41 6
9 23 6
9 21 6
9 44 3
9 15 1
9 64 5
9 10 2
9 65 10
10 42 6
10 44 3
10 74 5
10 64 10
10 69 10
11 20 3
11 16 9
11 57 10
11 73 9
13 70 6
13 96 1
13 26 1
13 19 6
13 91 10
14 30 2
14 24 6
15 66 1
15 23 7
15 67 2
15 56 9
16 43 4
16 57 10
16 20 9
17 45 5
17 22 3
18 29 1
20 43 4
20 72 1
21 46 1
22 28 6
23 78 4
23 31 4
23 67 8
23 66 2
23 56 2
25 36 2
25 60 4
25 51 2
27 40 3
28 71 5
30 63 10
31 83 9
35 86 6
35 45 1
37 65 1
37 44 6
39 79 5
39 63 5
42 69 8
44 64 8
44 100 10
45 86 9
46 51 10
47 52 1
62 85 8
64 74 1
64 92 8
