100 117
5 79 95 76 89 45 44 76 23 82 97 72 10 4 78 80 33 2 67 16 72 74 78 90 92 84 70 44 71 47 45 56 79 27 52 85 34 97 78 26 48 36 29 90 53 43 62 86 38 71 63 49 13 82 29 32 73 16 87 37 59 10 40 42 16 88 72 64 70 80 46 79 57 80 82 55 6 4 84 10 77 32 77 14 42 84 75 22 64 19 45 7 100 14 24 62 43 94 91 36
1 51 9
1 90 5
1 32 4
1 72 6
1 25 5
1 24 8
1 44 2
1 73 4
1 13 10
1 2 1
2 32 7
2 50 10
2 86 2
2 5 1
3 27 4
3 23 7
4 42 8
4 38 1
4 36 4
4 62 7
4 77 6
4 12 3
5 28 6
5 48 5
5 7 2
5 86 7
6 33 9
6 26 8
6 24 9
6 22 9
6 76 5
6 20 7
6 43 4
6 14 9
6 65 9
6 56 8
6 74 10
6 100 5
7 81 8
7 42 8
7 92 10
8 19 6
9 46 10
9 37 9
9 52 6
9 61 4
9 78 9
9 93 9
9 68 7
9 12 6
9 10 10
10 61 5
10 80 6
10 11 1
10 59 4
11 61 4
12 29 9
12 76 7
12 26 6
12 16 10
12 91 3
13 83 4
13 98 6
14 41 1
14 70 6
15 71 6
16 70 9
16 76 10
17 38 8
17 23 10
19 31 7
19 25 9
19 65 2
19 44 4
21 33 10
21 26 3
21 58 1
21 56 4
21 53 2
23 27 6
24 99 5
24 90 8
25 99 1
25 97 6
25 44 4
25 51 9
25 69 7
28 42 10
29 30 6
30 41 2
31 65 2
33 67 3
35 46 2
36 62 3
37 39 9
37 45 8
37 82 8
39 68 9
39 47 8
42 54 4
44 73 1
45 63 3
45 81 2
45 59 7
46 89 1
48 75 2
48 55 8
49 86 2
51 99 4
55 75 4
59 63 2
59 60 2
67 100 10
72 98 1
77 87 6
77 88 10
81 82 9
