100 117
5 36 21 21 55 42 6 47 27 5 73 25 55 5 64 30 14 81 17 76 20 63 56 32 79 22 62 47 80 82 77 98 74 89 13 2 28 83 66 19 8 51 47 38 21 89 63 92 77 49 15 11 3 14 34 51 17 46 4 5 82 98 74 48 30 8 13 97 25 37 64 42 88 11 74 35 3 41 86 4 3 93 54 71 55 9 54 91 98 90 100 98 66 55 55 98 7 96 13 93
1 51 4
1 30 1
1 95 1
1 17 4
1 60 8
1 69 7
1 6 10
1 4 9
1 2 10
2 38 6
2 90 9
2 72 3
2 82 4
2 43 1
2 52 9
2 26 6
2 50 1
2 97 3
2 18 10
2 58 8
2 9 5
2 68 7
2 6 8
2 5 5
2 4 6
2 89 2
3 53 2
3 7 2
3 70 7
3 5 10
4 80 5
4 67 5
4 79 7
4 61 3
4 20 3
4 42 2
4 77 2
4 7 7
4 6 1
6 33 1
6 43 5
6 30 6
6 28 2
6 26 6
6 25 3
6 79 6
6 23 7
6 48 2
6 17 7
6 15 8
6 14 8
6 95 3
8 79 6
8 43 4
9 31 9
9 60 3
9 21 6
11 36 10
11 55 9
12 100 9
12 13 4
12 77 7
14 39 10
14 31 4
14 21 4
15 29 10
16 36 7
16 20 9
16 19 4
16 85 9
17 56 5
17 28 2
17 61 6
17 80 1
18 97 4
19 53 1
19 64 10
21 73 7
23 24 4
23 61 2
25 27 4
25 26 10
25 62 4
26 90 8
26 33 4
26 50 2
27 32 10
27 71 5
27 62 3
29 37 10
30 95 5
31 39 4
32 38 6
32 66 1
34 46 10
34 55 8
37 93 6
38 74 10
38 50 3
39 45 3
40 97 6
42 58 10
42 67 2
45 65 5
45 59 7
46 55 1
49 74 7
51 81 10
54 100 7
63 92 6
63 96 1
63 65 9
65 92 6
68 98 10
82 94 10
82 88 9
90 98 2
