100 117
5 62 75 98 96 8 41 96 70 34 79 60 93 43 60 78 57 3 21 23 12 89 99 59 12 92 37 72 90 88 58 73 17 24 73 27 96 88 59 7 26 49 9 21 54 88 48 48 93 15 46 13 90 66 81 69 86 33 5 39 43 77 100 75 24 73 46 29 81 72 46 86 41 45 63 41 39 26 46 76 85 34 54 40 17 49 52 5 34 68 85 89 21 60 84 8 63 74 61 9
1 40 7
1 91 4
2 44 10
2 28 2
2 27 8
2 42 10
2 21 2
2 13 4
2 90 5
2 4 7
2 3 5
3 40 4
3 36 3
3 81 9
3 55 8
3 23 7
3 20 2
3 19 3
3 18 8
3 17 2
3 46 6
3 16 10
3 15 10
3 13 6
3 8 4
3 5 3
4 99 4
4 29 8
4 54 8
4 81 7
4 90 3
4 17 3
4 88 5
4 6 5
5 71 7
5 38 1
5 98 4
5 70 7
5 51 8
5 72 8
5 83 3
6 9 2
7 30 10
7 68 6
7 84 10
7 23 6
7 22 1
7 20 8
7 45 3
7 93 3
7 10 6
7 8 3
8 13 9
9 36 5
9 96 7
9 14 2
9 82 5
10 52 1
11 90 10
12 21 10
13 46 9
14 67 7
14 98 8
14 50 6
15 66 2
15 24 10
15 86 9
15 87 9
15 85 4
16 31 2
16 27 4
16 19 4
18 49 8
18 50 2
20 94 7
20 45 7
20 35 10
20 64 4
20 84 10
20 63 6
23 65 8
23 35 8
23 75 3
24 39 9
24 66 2
24 44 6
25 70 5
26 93 10
26 52 4
28 38 6
28 48 4
29 43 3
29 91 6
32 35 5
32 75 2
32 73 7
33 96 6
34 37 7
34 60 4
34 86 10
36 79 9
37 76 5
37 66 7
39 60 9
43 99 4
45 84 5
45 94 6
47 70 8
51 82 6
53 79 7
54 99 4
55 87 10
57 98 10
70 71 7
76 85 10
85 86 6
90 100 8
