100 117
5 58 58 48 22 44 25 12 75 44 85 49 32 5 21 55 73 91 92 46 96 69 67 61 85 3 16 45 76 64 11 27 27 8 82 43 81 40 22 23 28 43 88 64 87 66 13 89 7 10 39 30 8 98 81 92 95 81 95 21 70 54 7 45 73 48 43 30 97 58 5 61 72 96 78 95 54 23 85 57 90 13 15 43 49 96 64 57 81 55 23 53 83 85 40 30 75 95 52 64
1 21 3
1 49 4
1 93 7
1 3 2
2 49 7
2 55 1
2 4 5
3 45 1
3 41 10
3 29 10
3 93 3
3 47 4
3 46 8
3 8 2
3 7 5
3 6 1
3 4 4
3 50 1
4 37 5
4 35 5
4 96 3
4 29 6
4 26 9
4 55 6
4 23 1
4 21 6
4 16 2
4 14 1
4 11 5
4 10 6
4 9 2
4 8 8
4 6 1
5 19 4
5 16 2
6 46 10
6 66 8
6 7 10
7 41 10
7 34 5
7 64 4
7 83 8
7 56 8
7 96 10
7 22 6
7 51 6
7 13 7
7 12 7
7 10 5
8 95 7
8 22 9
8 75 7
9 87 5
9 55 9
10 25 8
10 22 7
11 40 9
11 73 8
11 62 4
11 32 2
11 31 6
11 28 3
11 15 8
12 40 1
12 84 3
12 13 3
13 32 3
13 28 9
13 97 7
13 58 6
13 76 6
14 73 8
16 17 4
17 37 1
18 36 3
18 98 9
18 80 3
18 24 3
18 20 3
18 51 7
18 92 4
24 79 8
26 98 7
27 42 6
28 71 6
28 33 3
28 32 4
28 31 8
28 57 8
31 40 1
32 33 2
32 63 8
33 76 4
33 77 8
35 39 6
35 37 5
35 60 6
37 60 3
38 81 3
38 42 5
39 90 2
41 75 5
42 44 4
43 70 5
48 92 1
48 80 3
50 59 3
52 78 8
52 53 1
52 82 10
53 99 10
55 87 4
59 66 9
67 69 10
71 86 10
77 91 9
78 82 8
