100 117
5 15 84 93 87 41 88 83 79 66 61 2 78 5 7 4 55 71 42 6 43 58 45 4 72 42 8 49 84 99 44 69 22 71 43 60 76 26 10 16 88 59 6 13 55 12 14 95 46 87 92 92 99 31 86 11 38 11 13 88 94 42 41 51 87 68 84 63 53 15 23 24 4 27 70 75 52 60 86 52 16 74 92 99 62 21 43 25 15 26 78 44 49 26 71 66 40 98 74 21
1 37 10
1 84 1
1 83 6
1 27 2
1 21 1
1 47 3
1 53 8
1 94 9
1 98 1
1 6 3
1 4 6
1 49 2
1 3 3
1 2 9
2 65 3
2 59 2
2 30 4
2 60 9
2 75 3
2 13 5
2 85 1
2 6 6
2 4 1
3 49 4
3 88 1
3 32 6
3 91 8
3 69 9
3 12 4
3 9 1
3 5 3
3 4 2
4 88 2
4 51 7
4 22 8
4 64 1
4 15 4
4 91 6
4 12 7
4 5 8
4 93 2
5 39 3
5 66 4
5 32 8
5 69 5
5 55 1
5 19 4
5 51 9
5 54 4
5 89 7
5 16 3
5 14 8
5 44 1
5 9 2
5 8 8
6 94 1
6 13 10
7 35 7
7 51 1
7 14 1
7 8 4
8 36 1
8 29 7
8 74 2
8 19 2
9 61 10
10 52 4
10 35 2
10 27 9
10 76 5
11 73 5
11 27 7
11 21 2
12 62 3
12 90 10
12 15 3
12 64 8
13 59 7
14 54 9
15 90 8
16 86 2
16 71 8
18 34 2
18 53 1
20 54 10
20 33 6
23 48 3
23 25 10
23 83 2
25 50 5
26 61 9
27 40 2
31 38 9
34 63 9
37 46 6
38 47 8
38 57 8
38 45 1
43 58 4
43 96 7
44 72 9
48 83 3
49 68 4
52 58 4
52 56 5
59 65 9
59 79 6
59 75 4
60 85 2
61 71 7
65 79 4
70 97 9
71 78 7
73 100 3
80 96 7
86 92 10
88 99 5
