100 117
5 88 55 65 86 64 95 16 49 57 6 28 68 85 38 32 20 1 39 13 1 17 68 55 82 80 87 29 62 76 39 98 10 78 91 64 3 51 37 35 9 79 89 74 2 20 69 5 60 49 71 68 75 40 3 63 17 57 78 36 16 26 10 75 61 96 85 81 14 84 97 26 14 48 91 61 89 43 3 26 73 31 88 1 4 51 36 81 79 45 25 67 90 41 44 89 82 3 56 99
1 35 4
1 34 9
1 29 10
1 25 4
1 24 1
1 22 6
1 15 9
1 14 2
1 80 9
1 11 3
1 3 8
2 44 10
2 18 4
2 15 4
2 48 9
2 6 5
2 4 7
3 72 9
3 21 6
3 42 6
3 20 2
3 12 5
3 8 3
3 7 10
4 39 1
4 38 5
4 55 10
4 58 10
4 27 5
4 25 10
4 76 5
4 73 6
4 16 5
4 10 2
4 9 7
4 86 7
4 6 2
5 35 3
5 52 6
5 64 3
5 85 6
5 58 4
6 64 7
7 96 3
7 48 6
7 21 2
8 32 7
8 13 2
8 11 7
8 9 6
8 93 5
9 67 9
9 27 3
9 10 1
11 46 7
11 87 10
12 36 3
12 78 8
12 62 2
12 13 3
13 61 3
13 29 5
13 24 8
14 83 3
14 37 9
14 71 5
14 59 6
14 23 10
14 74 10
14 57 3
15 30 1
15 17 2
16 41 3
17 33 1
17 52 9
19 48 10
20 21 2
20 96 1
22 99 5
23 40 3
23 39 5
23 31 1
23 54 1
24 32 9
25 80 4
25 47 5
26 76 3
27 67 7
29 56 3
29 34 2
29 68 5
32 93 5
33 60 5
33 98 5
34 36 3
34 94 4
35 57 5
37 79 6
37 59 8
37 57 1
38 47 4
39 40 1
39 63 6
39 54 9
42 72 1
44 73 8
47 55 8
56 81 7
56 62 7
56 68 5
62 68 2
63 75 9
68 81 5
70 85 8
71 97 10
76 100 6
85 95 5
