100 117
5 18 53 82 50 85 65 20 24 70 26 7 3 66 54 8 67 11 87 79 7 65 69 49 79 57 57 13 48 88 66 68 93 48 1 84 25 63 52 48 90 14 90 84 17 74 26 22 13 88 3 5 42 82 24 35 40 33 60 52 62 98 13 5 50 43 27 32 30 9 89 91 56 99 4 28 24 64 21 95 56 49 61 60 60 5 8 6 77 35 27 81 96 98 48 48 89 11 60 34
1 75 5
1 50 5
1 11 1
1 7 2
1 6 9
1 3 1
1 2 9
2 40 7
2 80 7
2 56 7
2 5 8
2 4 1
2 3 6
3 23 4
3 78 2
3 5 9
3 4 7
4 42 1
4 48 2
4 46 7
4 11 6
4 9 5
4 6 8
5 40 2
5 74 5
5 93 9
5 27 9
5 51 10
5 85 4
5 23 10
5 55 3
5 99 1
5 13 9
6 63 2
6 17 5
6 16 4
6 7 3
7 75 3
7 83 2
7 35 9
7 17 2
7 16 10
8 38 3
8 33 7
8 25 10
8 60 5
9 61 6
9 73 2
10 42 9
10 34 8
10 31 6
10 52 1
10 20 5
10 44 1
10 14 3
10 45 9
11 82 3
11 28 10
13 41 6
13 34 4
13 31 3
13 71 7
13 70 1
13 19 5
13 14 8
13 51 3
14 41 6
14 93 4
14 22 8
15 21 7
16 97 9
16 83 2
16 30 7
16 24 10
16 49 4
16 53 10
17 66 2
18 70 1
18 21 7
18 62 5
20 44 3
22 29 2
23 56 7
24 33 4
27 58 7
28 78 3
29 99 7
31 32 3
32 57 10
32 46 4
32 47 6
32 42 3
33 38 5
33 49 4
37 100 1
37 69 6
37 63 3
38 89 3
42 57 2
42 81 7
42 47 4
42 46 8
42 45 6
43 96 9
49 89 5
51 86 8
51 91 4
51 76 1
53 96 2
55 85 1
56 65 5
57 95 6
58 72 3
69 84 4
74 91 8
74 76 6
82 87 7
