100 117
5 81 17 46 51 73 62 53 39 74 4 44 8 76 89 95 84 96 38 76 28 85 58 73 74 38 68 73 60 99 69 54 49 45 26 32 61 50 89 38 79 54 48 4 43 70 48 16 6 7 63 67 53 77 16 9 100 10 77 28 51 6 78 43 62 80 27 73 100 25 51 40 51 89 94 35 5 72 13 8 27 21 13 59 89 91 11 28 45 25 4 19 76 40 62 87 18 9 69 95
1 50 8
1 29 2
1 73 1
1 91 8
1 23 2
1 54 8
1 21 9
1 44 10
1 20 1
1 19 3
1 16 2
1 10 2
1 3 9
2 30 8
2 25 10
2 70 7
2 22 1
2 42 9
2 12 6
2 10 3
2 58 1
2 4 9
2 3 5
3 38 1
3 86 6
3 32 10
3 46 7
3 12 6
3 53 9
3 4 5
4 33 8
4 45 6
4 100 8
4 15 10
4 14 7
4 12 4
4 5 1
5 77 3
5 33 4
5 82 4
5 85 5
6 60 3
6 31 10
6 51 8
6 98 4
6 21 2
6 17 9
6 42 2
6 58 6
6 7 8
6 85 1
7 55 4
7 18 6
7 60 9
8 63 9
8 18 8
8 11 3
8 9 3
9 98 6
9 49 3
10 30 6
10 64 1
11 41 10
12 83 5
12 32 4
12 70 5
13 20 10
13 90 6
15 34 4
15 78 6
16 35 2
16 67 9
16 43 8
17 43 8
17 62 2
18 63 5
19 41 7
20 74 3
20 90 10
20 22 1
24 67 8
24 50 9
25 92 3
25 39 10
25 81 1
28 50 9
33 56 9
34 38 7
34 48 8
34 87 8
34 65 1
35 47 2
35 51 3
35 71 3
36 63 4
37 68 3
37 61 10
39 81 9
39 57 10
44 91 7
44 64 1
46 65 3
50 96 2
52 53 6
53 87 3
61 69 7
61 68 2
62 94 8
74 81 3
75 84 3
75 95 4
75 77 1
79 93 8
81 92 9
82 84 3
84 97 6
95 99 1
