100 117
5 32 51 90 82 95 50 22 61 26 37 47 21 57 62 97 90 16 61 13 10 38 70 96 78 96 93 55 41 94 30 54 84 34 5 94 36 18 60 55 80 82 90 39 25 2 54 30 89 8 19 24 25 3 85 21 1 21 51 59 85 34 14 71 94 67 99 58 89 72 84 24 77 25 11 61 91 74 30 30 97 59 47 90 37 33 94 18 26 80 28 88 100 26 50 78 93 15 12 2
1 72 6
1 33 10
1 32 5
2 32 2
2 31 5
2 22 1
2 19 3
2 87 3
3 44 6
3 23 3
3 57 8
3 11 2
3 7 5
3 6 5
4 38 2
4 31 6
4 80 3
4 43 1
4 67 1
4 64 8
4 11 9
4 8 8
4 6 8
4 5 3
4 87 10
5 27 3
5 71 6
5 23 9
5 53 3
5 16 6
5 98 5
5 57 7
5 8 9
5 7 10
5 6 7
6 73 10
6 20 7
6 96 3
6 13 6
6 12 8
7 41 5
7 50 5
7 69 5
8 78 2
8 38 1
8 88 7
8 20 2
8 12 1
8 77 4
9 45 6
9 30 4
10 14 9
11 45 8
12 54 5
12 26 4
12 86 10
13 90 3
13 46 4
13 47 2
14 93 1
14 62 1
14 15 8
15 30 2
15 74 7
17 60 8
17 28 3
18 40 7
18 20 9
18 59 3
18 99 9
18 46 4
18 47 3
19 62 4
20 40 8
20 77 3
20 78 1
20 88 3
21 60 4
21 25 5
21 82 7
22 39 8
22 56 2
23 35 9
23 50 3
23 44 9
24 25 4
24 94 2
25 34 10
25 55 4
25 66 6
26 51 6
26 64 7
27 71 1
28 60 2
28 82 3
29 35 1
29 89 8
30 83 2
31 100 6
32 72 7
34 55 6
35 42 5
37 71 9
39 65 4
39 56 4
41 81 5
45 63 9
46 47 9
46 59 6
52 81 6
61 73 4
68 79 2
68 75 5
68 76 10
76 79 5
76 95 5
81 89 10
