100 117
5 6 24 4 90 22 36 43 53 92 52 46 19 24 48 53 68 71 69 9 14 16 55 38 82 46 91 63 94 70 50 27 91 19 3 81 7 71 51 7 27 16 46 28 5 35 7 76 24 9 83 74 37 73 12 80 94 70 22 89 36 26 71 18 41 61 71 46 9 11 72 77 46 60 61 68 68 21 67 35 20 75 81 12 100 54 82 66 100 1 98 84 59 99 51 39 100 88 9 58
1 76 5
1 22 7
1 11 10
2 39 6
2 59 5
2 56 5
2 47 1
2 18 1
2 9 2
3 21 3
3 14 5
3 12 2
3 53 1
3 8 4
3 5 8
3 4 4
4 29 5
4 23 1
4 18 1
4 12 6
4 11 5
4 49 4
4 5 4
5 94 9
5 36 2
5 61 8
5 33 7
5 86 7
5 96 8
5 20 8
5 19 3
5 13 3
5 45 1
6 78 4
6 81 10
6 30 10
6 74 2
6 24 6
6 70 9
6 14 5
6 83 6
7 32 5
7 83 7
8 79 4
8 88 5
8 49 3
8 35 8
8 55 6
8 43 2
8 52 7
8 17 8
8 15 2
8 9 4
8 62 4
8 68 5
10 93 5
11 29 6
12 41 6
12 38 5
12 21 8
12 72 6
12 42 2
13 16 5
13 63 8
13 66 9
15 73 9
16 32 7
16 85 4
16 26 9
16 94 10
16 99 1
16 80 2
17 35 1
18 54 6
19 27 1
19 89 4
19 69 9
20 57 10
20 26 8
20 61 1
21 75 2
21 67 5
23 69 10
23 33 6
23 44 10
24 34 10
24 25 7
24 82 3
26 80 3
26 36 5
26 57 4
27 40 8
28 89 6
31 50 7
31 44 2
31 33 4
31 86 1
33 86 6
34 40 4
35 92 10
35 62 4
35 56 3
38 60 2
41 60 2
43 64 5
45 50 3
46 72 6
46 97 1
49 55 9
49 91 6
51 99 4
52 55 4
57 80 2
63 66 4
64 68 3
73 84 4
81 82 7
