100 117
5 94 20 75 71 47 49 48 96 33 28 45 64 100 68 74 76 83 54 92 71 50 7 6 28 42 80 18 27 35 9 90 20 32 15 7 84 11 70 73 3 35 47 16 74 2 27 96 65 58 73 20 95 25 64 94 97 40 50 9 94 16 25 81 2 70 49 9 4 18 12 9 99 74 27 1 87 46 90 21 24 98 97 36 44 72 47 97 22 63 1 2 18 19 56 63 9 48 89 76
1 20 7
1 62 4
1 4 1
1 2 10
2 35 9
2 28 6
2 69 1
2 21 8
2 90 1
2 17 7
2 12 7
2 11 3
2 8 2
2 3 4
3 35 3
3 74 10
3 30 9
3 24 7
3 23 4
3 20 3
3 92 8
3 52 3
3 44 10
3 4 6
4 91 4
4 39 8
4 36 1
4 48 2
4 24 6
4 58 1
4 18 5
4 64 3
4 10 1
4 9 10
4 7 2
4 6 8
4 5 5
4 82 1
5 97 7
5 40 10
5 72 10
5 60 2
5 14 7
5 7 7
5 65 4
6 8 5
7 40 1
7 13 8
7 52 6
8 34 2
8 64 6
8 15 3
8 55 1
8 12 2
8 46 5
9 55 1
10 91 3
10 52 2
11 23 2
12 57 2
12 28 8
12 59 9
14 65 2
15 31 6
15 79 8
16 68 5
17 57 4
17 59 3
18 67 4
19 55 2
20 62 1
20 70 6
21 94 4
21 38 10
21 36 8
21 61 8
21 80 9
22 49 9
22 51 7
22 84 5
24 27 10
25 42 8
25 77 7
27 37 6
28 34 9
28 29 3
28 54 7
28 46 6
30 76 10
30 45 3
31 86 8
32 57 10
34 54 1
35 74 10
36 53 10
38 94 2
39 82 4
40 85 3
40 65 4
41 60 9
41 87 3
43 99 2
43 95 10
44 70 8
46 63 7
47 60 4
47 97 6
48 91 9
49 51 3
54 89 9
57 93 1
59 93 1
61 100 1
61 66 4
62 70 5
69 71 2
81 87 1
