100 117
5 32 78 81 31 87 71 92 96 21 58 80 58 62 44 2 10 93 74 56 6 41 98 65 15 15 67 88 4 76 30 3 34 54 64 6 74 76 44 95 45 14 8 11 39 34 91 32 40 76 14 76 23 25 59 97 63 57 23 23 97 5 97 44 36 25 4 78 65 47 54 21 99 94 50 75 5 6 27 7 3 15 81 82 62 94 80 80 36 78 83 75 14 3 80 49 56 66 58 75
1 51 4
1 67 5
1 58 7
1 4 10
1 3 9
2 49 4
2 9 7
2 5 6
2 4 6
2 3 3
3 47 4
3 20 8
3 15 8
3 13 2
3 63 2
3 7 1
4 39 3
4 59 5
4 77 10
4 99 2
4 34 5
4 49 2
4 71 1
4 30 8
4 43 4
4 100 6
4 61 10
4 23 4
4 62 10
4 75 7
4 15 6
4 70 2
4 80 3
4 83 10
4 11 7
4 93 9
4 10 1
4 9 3
4 8 8
4 51 2
5 31 6
5 22 9
6 53 8
6 12 9
7 30 2
7 29 10
7 44 9
7 20 7
8 39 2
8 48 3
8 18 1
8 15 10
9 41 9
9 23 3
10 18 4
11 53 8
11 62 3
11 16 5
11 64 2
12 40 7
12 56 10
12 35 10
12 26 8
12 16 10
12 86 2
13 25 9
13 22 8
13 96 1
14 79 8
14 50 8
14 91 7
14 71 10
15 21 10
16 35 10
16 68 9
16 19 5
17 51 4
19 75 3
19 45 4
21 34 7
22 74 3
23 88 3
24 92 7
24 26 3
24 89 5
24 68 8
24 82 7
26 89 7
28 32 2
28 48 6
29 44 9
29 52 6
30 43 5
31 91 3
31 71 5
34 54 2
34 66 4
38 62 1
38 73 2
43 77 1
44 50 9
45 76 9
49 70 5
51 94 6
54 66 2
60 64 8
60 97 6
62 73 6
69 81 1
74 96 4
85 100 6
88 95 5
88 98 2
93 100 7
95 98 7
95 99 2
98 99 6
