100 117
5 30 83 1 19 51 73 85 16 23 71 42 95 95 16 93 79 76 16 39 46 32 46 51 70 80 43 91 78 5 7 54 14 56 48 71 86 81 17 22 78 27 7 68 62 39 42 3 23 7 8 11 82 52 47 97 99 99 4 96 17 78 42 16 31 92 55 89 11 78 19 56 25 53 77 8 19 70 96 86 57 83 79 29 40 49 29 37 64 71 79 50 52 54 73 96 43 2 26 88
1 21 5
1 5 6
1 4 3
1 2 2
2 99 5
2 67 7
2 38 7
2 73 1
2 22 10
2 19 10
2 77 6
2 8 3
2 6 9
2 5 8
2 3 2
3 66 4
3 35 4
3 10 1
3 100 2
3 8 6
3 6 3
4 37 2
4 95 1
4 47 5
4 25 9
4 23 8
4 16 8
4 57 4
4 67 4
4 6 9
4 72 7
5 45 2
5 40 3
5 37 2
5 47 7
5 96 8
6 41 6
6 35 1
6 33 1
6 72 10
6 8 10
7 74 2
7 26 1
7 9 5
7 54 7
8 33 8
10 63 5
10 12 4
10 75 9
11 43 9
11 21 9
12 66 7
12 50 2
12 30 2
12 29 7
13 58 5
13 52 4
13 18 9
14 27 3
14 16 10
14 60 10
15 50 3
15 30 2
15 62 1
15 24 1
15 61 9
15 97 10
17 39 2
17 20 4
17 18 2
18 75 4
20 75 6
22 38 5
22 91 2
22 82 10
22 72 2
23 73 6
24 51 10
24 61 5
24 97 9
24 59 1
24 94 3
27 62 8
27 94 6
27 31 8
27 42 5
27 59 8
29 32 8
30 51 8
31 61 6
34 36 2
34 56 8
36 79 3
37 96 1
37 67 1
38 53 9
38 82 5
38 99 9
40 46 5
41 90 10
45 57 5
47 57 10
49 52 9
52 78 9
52 58 6
56 79 4
58 65 5
60 66 9
60 85 2
60 71 6
61 68 9
69 83 8
69 93 1
69 79 5
73 77 6
79 83 1
80 81 5
