100 117
5 47 76 89 63 97 56 94 33 77 68 20 75 52 52 90 34 98 48 89 9 15 98 12 13 53 2 30 97 82 94 88 26 39 68 17 85 32 52 1 35 81 9 66 46 61 20 40 17 95 30 95 7 45 20 83 25 45 14 31 20 41 99 10 80 49 75 3 23 10 50 53 20 19 56 8 72 16 37 42 44 25 68 11 40 22 66 93 85 23 84 82 17 31 82 79 60 70 10 42
1 21 1
1 16 6
1 43 6
1 3 6
2 38 5
2 56 5
2 100 4
2 27 3
2 43 2
2 25 3
2 92 2
2 14 10
2 44 6
2 6 7
2 4 9
2 3 6
3 41 10
3 82 9
3 61 4
3 53 1
3 46 4
3 95 9
3 13 10
3 9 7
3 8 3
3 4 8
4 39 3
4 68 10
4 57 9
4 29 2
4 66 3
4 52 5
4 16 4
4 48 5
4 11 10
4 6 4
4 67 8
5 39 5
5 21 3
5 7 7
6 75 8
6 16 8
6 50 4
7 34 9
7 23 2
8 31 4
8 19 2
9 41 7
9 63 2
9 59 6
9 99 10
10 60 9
10 42 6
11 37 2
11 80 10
11 17 2
11 13 9
11 66 1
11 58 10
11 97 4
12 96 6
12 45 2
13 24 9
14 98 4
14 56 4
14 100 8
15 26 1
15 72 5
16 50 8
17 76 1
17 28 3
17 54 5
17 93 3
18 28 10
20 55 10
20 44 1
21 91 4
21 51 4
21 47 10
22 36 10
22 52 8
25 98 4
26 64 5
26 89 2
27 55 10
29 79 3
30 37 3
30 46 9
30 72 10
31 33 3
31 60 8
35 76 2
35 54 10
35 84 9
35 80 4
36 51 6
38 94 5
43 92 3
46 88 2
46 61 4
46 72 4
46 77 7
47 91 8
49 80 4
49 71 1
50 75 8
50 86 4
54 76 8
54 65 3
54 71 2
55 94 4
56 92 1
56 87 6
61 77 7
70 81 5
70 85 4
98 100 9
