100 117
5 53 41 99 48 80 9 27 80 54 91 37 71 67 83 32 90 80 62 69 79 49 36 63 59 15 95 19 61 40 65 81 36 92 92 60 66 92 84 38 30 38 67 7 19 43 78 30 22 5 32 47 27 30 82 14 4 29 86 3 98 31 14 15 21 23 39 32 13 44 65 36 4 46 93 48 70 19 24 37 95 91 76 45 80 43 76 8 28 41 60 17 45 10 95 52 87 16 43 19
1 40 10
1 61 4
1 81 7
1 30 8
1 28 10
1 22 4
1 66 1
1 20 8
1 96 3
1 16 3
1 70 5
1 50 9
1 10 10
1 9 4
1 8 7
1 56 8
1 7 1
1 62 9
1 6 3
1 5 2
1 3 1
1 48 5
2 88 7
2 7 8
2 4 4
2 3 4
3 72 3
3 55 7
3 36 8
3 70 8
3 28 1
3 25 2
3 42 2
3 4 6
4 85 2
4 49 2
4 88 7
4 50 4
4 27 3
4 23 9
4 56 9
4 100 7
4 8 5
4 5 3
5 44 7
5 34 4
5 23 7
5 17 9
5 16 10
5 8 10
6 18 1
7 41 4
8 67 3
8 37 2
8 51 8
8 22 6
8 62 8
8 13 2
8 10 5
8 45 1
9 53 10
9 51 1
9 13 6
10 35 5
11 32 4
11 14 3
12 21 7
12 85 9
13 91 3
13 54 2
14 26 2
15 67 5
16 77 9
16 19 7
16 61 9
17 47 8
18 79 10
23 98 10
23 55 2
24 79 3
25 59 5
25 82 4
25 98 4
26 30 10
27 52 5
27 99 1
27 74 1
28 84 9
28 73 10
29 61 3
32 57 3
33 81 2
34 76 2
36 83 6
36 73 7
37 53 7
37 89 1
38 62 5
38 86 2
40 57 2
40 60 6
46 80 8
48 100 7
49 68 10
51 52 8
53 93 10
54 93 4
55 59 7
57 97 4
59 98 9
61 77 5
61 63 3
63 65 10
68 75 6
68 92 9
70 83 10
84 96 8
