100 117
5 28 61 32 58 23 55 8 1 31 64 69 97 24 5 79 27 82 44 79 90 21 66 67 89 26 45 61 89 52 84 56 44 38 73 23 60 28 7 10 47 8 87 54 71 12 56 73 54 71 7 93 42 57 60 20 73 5 13 5 25 82 4 15 84 1 100 79 81 33 14 96 30 44 65 28 20 2 66 88 7 94 42 84 93 41 92 32 83 65 21 39 76 28 36 71 68 87 48 29
1 53 6
1 25 2
1 21 6
1 6 4
2 80 9
2 66 1
2 27 3
2 45 9
2 99 5
2 7 5
3 43 4
3 62 9
3 46 1
3 14 8
3 7 1
4 41 7
4 36 1
4 56 7
4 30 3
4 19 1
4 12 8
4 75 9
4 66 9
4 42 1
5 39 2
5 85 10
5 81 8
5 29 3
5 22 4
5 17 8
6 37 8
6 35 10
7 48 9
7 33 4
7 23 3
7 84 3
7 45 6
7 16 4
7 15 2
7 10 7
8 41 8
8 37 8
8 57 4
8 32 6
8 54 3
8 65 4
8 100 6
8 86 7
9 39 6
9 29 8
9 17 7
9 43 5
9 47 10
10 92 3
10 60 2
10 24 6
11 34 6
11 77 3
11 63 5
13 50 5
13 16 8
13 60 1
14 25 7
14 21 8
14 56 5
15 23 5
15 47 5
18 58 6
18 63 5
20 92 10
20 79 5
21 40 6
22 33 3
23 47 6
26 30 6
29 39 3
29 72 8
30 78 8
32 49 3
32 86 1
32 44 5
33 50 2
34 51 8
35 38 3
35 82 2
35 53 1
37 38 3
37 88 8
37 82 9
37 65 10
39 72 3
40 90 6
40 46 2
41 59 2
44 59 1
44 98 4
46 62 3
47 69 6
48 84 4
52 81 6
53 70 2
53 67 10
54 83 7
56 89 10
59 98 6
61 86 7
62 64 6
62 76 10
63 77 5
64 90 9
65 88 3
66 93 10
66 95 1
69 74 1
77 97 5
87 91 2
93 95 4
