100 117
5 35 73 60 44 23 68 99 76 18 44 19 20 28 72 11 42 10 32 73 67 50 49 80 60 49 90 85 30 47 54 51 55 51 80 42 62 71 71 67 12 1 10 53 15 29 40 60 58 44 20 41 65 98 72 98 27 15 42 50 78 31 53 72 41 58 53 67 19 16 89 85 72 34 23 41 90 42 59 28 48 48 84 34 84 40 31 23 8 86 87 99 76 52 88 2 69 30 89 61
1 51 6
2 36 8
2 69 4
2 29 10
2 83 4
2 49 5
2 15 3
2 10 5
2 8 3
2 6 10
2 3 2
3 39 5
3 86 1
3 99 10
3 15 5
3 90 6
3 44 6
3 5 5
4 33 3
4 19 3
4 51 9
4 14 7
4 13 4
5 36 1
5 26 10
5 60 1
5 54 4
5 85 9
5 74 5
5 6 5
6 38 10
6 88 5
6 31 6
6 46 4
6 10 5
6 9 4
7 39 1
7 71 6
8 69 9
8 46 6
8 9 3
9 69 6
9 25 8
10 70 1
10 21 2
10 58 7
10 81 3
11 41 10
11 40 10
11 35 10
11 92 4
11 64 3
11 27 8
11 50 10
11 20 3
11 17 2
11 75 5
11 72 10
11 55 6
12 37 1
12 91 7
12 53 2
12 100 6
13 68 5
13 76 8
13 19 9
16 35 5
16 62 5
17 20 7
18 38 1
18 75 5
18 24 1
18 78 1
18 50 10
19 58 3
19 82 7
19 21 5
20 27 7
20 92 7
21 94 5
21 63 2
24 40 3
24 29 3
24 72 2
24 96 9
24 59 10
25 73 10
25 66 9
25 46 1
26 28 4
29 30 9
29 49 5
30 59 2
32 36 5
33 57 2
33 86 4
35 41 3
35 48 2
36 42 1
38 87 1
38 50 3
41 64 6
41 48 5
45 90 6
46 66 8
46 73 10
48 77 5
49 95 2
55 72 7
58 67 9
61 71 1
63 94 10
63 70 5
67 81 2
67 82 7
70 89 7
81 82 3
