100 117
5 75 52 36 66 90 8 21 92 98 82 27 12 61 58 52 29 13 24 96 59 52 20 23 29 76 75 84 95 41 98 61 39 91 3 89 80 90 56 1 85 98 90 62 71 88 90 26 1 98 61 14 33 92 54 78 20 27 5 55 74 16 64 38 22 5 63 45 9 90 36 57 67 62 58 95 7 69 26 13 77 54 4 25 48 69 1 12 2 7 27 84 48 62 49 13 91 63 36 18
1 53 5
1 32 5
1 60 10
1 20 2
1 57 6
1 8 8
1 54 7
1 2 4
2 40 9
2 44 7
2 34 5
2 67 9
2 29 1
2 19 8
2 85 6
2 6 10
2 5 9
2 4 1
3 19 8
3 60 8
3 53 5
3 4 1
4 35 8
4 18 3
4 53 3
4 85 7
4 11 4
4 7 4
4 89 8
5 33 4
5 55 8
5 28 9
5 61 2
5 26 2
5 25 2
5 71 5
5 21 6
5 20 5
5 100 1
5 17 7
5 99 1
5 8 5
5 59 2
6 22 4
6 66 6
6 52 9
7 79 3
7 30 6
7 20 7
7 18 4
7 17 10
7 10 10
7 64 8
8 61 6
8 39 1
8 37 7
8 51 3
8 55 7
9 24 4
9 56 2
9 12 3
10 71 7
11 54 8
11 50 2
11 14 5
12 70 5
12 95 2
12 56 3
14 57 10
15 79 7
16 100 4
17 71 5
17 45 9
18 75 7
18 31 3
19 85 7
20 33 8
20 23 5
21 92 6
21 25 9
21 22 3
21 97 2
24 36 9
24 56 3
25 86 6
28 29 1
28 43 5
28 42 8
28 98 3
29 42 9
29 62 8
29 91 7
31 38 9
31 75 8
32 48 7
34 98 3
35 73 1
36 39 2
36 46 4
36 58 7
39 94 4
42 43 2
46 94 8
46 49 5
47 48 5
48 64 3
52 66 6
53 60 6
53 89 9
58 70 9
61 65 3
61 87 9
62 74 4
68 70 5
70 95 8
71 88 10
75 83 7
