100 117
5 92 99 5 9 20 31 71 80 41 20 73 65 28 58 60 24 89 82 32 14 39 27 22 46 88 82 88 38 82 86 93 50 14 40 59 57 57 59 60 71 16 28 2 83 75 41 66 97 22 73 3 55 30 77 17 71 46 59 18 1 19 86 79 55 79 94 100 74 73 7 48 4 65 15 21 87 79 61 23 73 9 61 91 98 65 10 92 41 57 42 90 42 93 19 38 33 33 11 17
1 36 10
1 29 2
1 22 4
1 12 10
1 3 3
2 74 10
2 51 7
2 48 8
2 31 6
2 80 2
2 44 7
2 24 9
2 23 4
2 82 4
2 67 2
2 13 1
2 71 4
2 8 3
2 6 5
2 5 8
2 4 3
2 58 8
3 24 8
3 57 2
3 5 7
3 4 10
4 94 3
4 33 3
4 95 6
4 25 8
4 22 6
4 18 1
4 16 7
4 43 2
4 13 6
4 11 3
4 99 7
4 60 6
5 35 8
5 23 7
5 6 8
6 40 8
6 37 8
6 23 8
7 41 8
7 89 1
7 70 4
7 69 1
7 18 5
7 13 1
7 8 4
8 96 9
8 9 9
9 36 5
10 43 10
10 34 2
10 90 7
10 17 6
11 50 6
11 12 7
11 93 6
11 52 7
12 75 5
12 28 1
13 81 2
13 25 1
13 19 9
13 15 7
13 14 5
13 70 10
15 44 2
15 48 6
15 89 2
16 86 6
16 17 4
16 65 9
17 68 9
17 58 7
19 60 7
19 33 7
21 91 4
23 92 7
24 57 5
25 33 5
25 53 3
28 49 9
28 52 2
30 74 4
30 82 9
30 64 5
30 66 1
31 80 8
31 65 8
33 88 1
33 60 10
33 63 7
33 62 2
33 53 10
35 79 5
35 51 5
35 59 8
36 84 2
40 66 6
40 87 1
42 71 5
42 44 7
44 48 7
44 71 2
51 67 6
52 94 4
53 63 5
53 88 3
73 86 3
76 81 8
79 98 4
88 100 3
93 94 8
