100 117
5 52 93 38 37 61 71 79 29 67 62 31 36 90 91 13 18 9 77 66 26 35 29 10 40 42 23 57 11 6 41 34 16 54 59 100 100 80 89 86 34 87 30 22 14 84 55 98 2 100 37 77 88 13 20 61 15 98 23 49 93 64 92 39 32 74 79 2 7 24 90 78 88 69 42 55 57 20 98 61 39 46 6 8 9 75 53 41 38 37 47 18 55 6 27 57 48 50 19 87
1 20 8
1 2 7
2 41 6
2 78 6
2 96 1
2 25 1
2 18 3
2 42 5
2 9 8
2 6 4
2 4 4
2 61 3
3 54 10
3 44 2
3 28 1
3 70 6
3 26 10
3 25 1
3 53 7
3 81 10
3 9 7
3 48 10
3 7 10
3 86 10
3 92 8
4 73 3
4 47 9
4 26 9
4 22 6
4 20 5
4 16 2
4 15 1
4 53 5
4 10 8
5 41 7
5 38 9
5 99 5
5 95 2
5 69 9
5 8 8
5 60 10
7 30 10
7 90 8
7 8 4
8 14 8
9 65 5
9 21 1
9 18 1
9 42 6
9 96 1
9 49 8
10 43 5
11 32 5
11 58 8
11 84 10
11 22 4
11 15 9
11 97 4
11 59 2
12 19 1
13 57 1
13 50 9
13 66 4
13 21 10
14 34 4
14 67 3
15 35 3
15 27 6
16 52 3
16 64 7
18 78 6
18 42 6
19 61 5
20 43 2
21 38 4
21 37 1
21 51 6
22 84 7
23 36 9
25 44 5
25 71 9
26 39 1
26 53 3
26 89 9
26 45 9
27 92 5
29 46 2
30 95 7
31 32 1
32 75 2
33 43 9
35 39 3
36 86 10
39 45 3
39 100 9
40 51 5
42 78 7
44 68 6
45 76 5
45 63 5
45 100 3
46 93 4
48 54 10
49 81 4
49 65 5
49 56 7
49 79 7
50 57 6
53 70 7
54 98 6
60 67 9
63 89 4
64 93 5
79 91 6
80 87 5
82 86 1
83 100 4
