100 117
5 50 72 69 76 33 53 1 13 75 55 59 38 19 80 99 66 15 6 6 70 24 50 27 58 88 25 27 23 53 17 37 46 37 84 52 73 27 78 73 2 69 10 8 23 56 69 68 34 64 36 60 48 18 32 84 89 3 33 58 1 67 54 38 85 82 24 93 77 79 85 17 93 60 30 75 57 52 69 63 89 57 70 64 62 67 17 36 57 31 88 6 79 80 90 32 72 35 41 28
1 50 2
1 63 3
1 87 1
1 57 6
1 60 7
1 86 8
1 8 4
1 7 2
1 6 7
1 73 10
1 5 6
1 4 10
1 3 3
2 45 10
2 98 10
2 26 10
2 68 5
2 55 9
2 15 4
2 50 4
2 10 3
2 66 6
2 7 9
2 4 8
3 93 8
3 14 3
3 69 7
3 56 6
4 29 2
4 82 2
4 21 1
4 19 4
4 10 6
5 98 1
5 61 6
5 37 10
5 99 2
5 15 2
6 38 10
6 24 8
6 23 9
6 55 6
6 18 8
6 83 9
6 9 5
6 7 5
7 66 2
7 50 10
8 53 7
8 54 8
8 99 7
9 84 10
9 33 5
9 57 1
9 59 5
10 25 3
10 19 5
10 16 6
11 34 6
11 92 3
11 32 9
12 37 2
12 52 10
13 45 6
13 15 8
14 56 6
17 33 5
17 95 7
18 35 2
18 43 2
18 47 9
18 65 6
20 36 7
20 28 6
20 27 8
20 83 8
20 48 3
20 51 7
20 67 3
21 82 8
23 49 9
24 41 4
24 30 9
26 43 5
26 35 10
26 27 3
26 48 3
27 42 2
27 47 1
27 43 9
31 71 4
33 95 5
33 100 7
34 38 7
36 48 10
36 44 10
36 97 1
37 46 9
37 54 5
38 60 6
43 47 4
45 91 3
48 51 4
49 71 9
50 75 5
51 67 4
53 77 6
57 59 8
57 84 3
63 94 1
64 91 6
66 75 6
68 90 7
70 98 6
78 80 4
87 88 6
95 100 4
