# TTSP Euclidean complete-graph matrix instance
# seed: 1002
# depot: 1
# L_max is not stored in this file; pass it with --budget when running algorithms.
# coordinate rows: node x y
# scenario: uniform_center_depot
# coordinate_max: 1000
# geometry: uniform
# depot_position: center
# reward_pattern: uniform
# coord 1 500.000000 500.000000
# coord 2 520.948407 421.250201
# coord 3 220.945173 130.337084
# coord 4 483.957768 626.088966
# coord 5 621.121832 707.277596
# coord 6 435.395900 48.098007
# coord 7 225.484706 788.548045
# coord 8 421.088904 565.202948
# coord 9 676.404261 756.832582
# coord 10 162.511023 466.229333
# coord 11 652.658580 934.832354
# coord 12 280.938373 900.477215
# coord 13 848.839595 524.484753
# coord 14 578.646419 935.585049
# coord 15 440.157999 289.363494
# coord 16 797.379770 101.261381
# coord 17 718.727068 644.956343
# coord 18 391.267615 939.297533
# coord 19 609.238185 154.845332
# coord 20 416.803115 954.254393
# coord 21 85.119028 810.208222
# coord 22 549.048343 797.431305
# coord 23 921.254583 84.014012
# coord 24 427.109853 482.704953
# coord 25 492.624821 838.121459
# coord 26 61.683612 180.035663
# coord 27 751.200632 820.231502
# coord 28 948.226929 91.900245
# coord 29 827.522913 10.223681
# coord 30 791.517839 230.871487
# coord 31 917.642126 633.740070
# coord 32 472.251481 156.926627
# coord 33 890.455620 393.437464
# coord 34 943.747303 27.056184
# coord 35 430.354499 39.860324
# coord 36 274.751712 956.490909
# coord 37 335.990283 45.953047
# coord 38 375.488641 710.052572
# coord 39 719.545274 818.890274
# coord 40 116.597007 511.740631
# coord 41 422.635928 423.117922
# coord 42 597.597887 100.396578
# coord 43 866.128846 826.246378
# coord 44 588.405995 302.515463
# coord 45 31.295122 575.792509
# coord 46 954.532150 964.976961
# coord 47 841.373270 966.288412
# coord 48 703.863223 302.734737
# coord 49 756.282735 736.817459
# coord 50 668.314287 801.722812
# reference_nearest_neighbor_tour_cost: 6587
TTSP_MATRIX
50
0 18 3 52 90 34 11 86 93 82 41 69 40 49 88 99 58 80 4 85 44 42 29 61 11 41 69 12 30 22 78 14 23 45 51 35 34 22 4 77 99 90 56 16 86 38 28 12 68 5
0 81 463 127 240 456 398 102 312 339 461 456 350 443 219 497 262 453 362 462 518 301 592 75 338 543 407 606 589 397 439 344 405 649 465 509 483 244 387 384 109 411 490 216 475 650 578 284 349 345
81 0 418 208 303 383 471 175 370 361 530 536 344 518 155 423 299 534 281 543 584 377 523 112 418 519 461 539 513 331 450 269 371 578 392 589 418 323 444 414 98 330 532 137 513 695 632 218 394 408
463 418 0 561 702 230 658 479 775 341 913 772 741 881 271 577 716 827 389 847 693 743 702 408 758 167 870 728 618 579 860 253 719 730 228 828 143 600 850 395 356 378 949 406 484 1111 1041 513 809 807
127 208 561 0 159 580 305 88 233 359 352 341 379 324 340 611 236 327 488 335 439 183 696 154 212 614 330 708 705 501 434 469 468 755 589 391 599 137 304 385 212 538 431 340 455 580 493 391 294 255
240 303 702 159 0 685 404 245 74 518 230 391 292 232 455 631 116 327 553 321 546 115 692 297 183 769 172 697 727 506 306 570 414 753 694 427 720 246 149 541 347 607 272 406 604 421 340 413 138 106
456 383 230 580 685 0 770 517 749 499 913 866 631 899 241 366 661 892 204 906 839 758 487 435 792 396 834 515 394 400 759 115 571 509 10 922 99 665 821 563 375 170 889 297 665 1054 1004 370 760 789
398 471 658 305 404 770 0 297 452 328 452 125 677 383 543 894 514 224 741 253 142 324 990 366 272 630 527 1004 984 795 709 678 773 1047 776 175 751 169 495 297 415 782 642 607 288 750 641 682 533 443
102 175 479 88 245 517 297 0 319 277 436 363 430 403 276 597 308 375 451 389 416 265 694 83 282 527 417 708 688 499 501 411 500 750 525 418 526 152 392 309 142 497 516 311 390 667 581 386 377 342
312 370 775 233 74 749 452 319 0 590 180 421 289 204 524 667 120 339 606 326 594 134 716 371 201 843 98 718 762 538 271 634 422 777 758 449 788 305 76 611 419 661 202 463 670 347 267 455 82 46
339 361 341 359 518 499 328 277 590 0 678 450 689 627 329 732 584 525 545 550 353 509 850 265 497 303 687 870 806 672 773 438 732 896 504 503 455 324 659 65 264 568 790 456 171 936 843 566 653 607
461 530 913 352 230 913 452 436 180 678 0 373 455 74 680 846 297 261 781 237 581 172 892 505 187 959 151 893 941 718 401 799 591 953 922 379 944 357 134 683 561 836 240 636 718 303 191 634 223 134
456 536 772 341 391 866 125 363 421 450 373 0 681 300 632 952 507 117 815 146 216 287 1038 443 221 753 477 1048 1045 842 690 768 793 1096 873 56 856 213 446 422 498 860 590 672 410 677 564 732 503 400
350 344 741 379 292 631 677 430 289 689 455 681 0 492 471 426 177 618 441 609 815 405 446 424 475 859 311 444 515 299 129 526 137 506 640 718 701 508 322 732 438 493 302 342 819 453 442 265 232 331
443 518 881 324 232 899 383 403 204 627 74 300 492 0 661 863 323 187 781 163 509 141 918 478 130 915 208 921 958 736 454 786 625 979 908 305 922 304 183 627 536 835 308 633 655 377 265 645 267 161
219 155 271 340 455 241 543 276 524 329 680 632 471 661 0 404 452 652 216 665 630 520 523 194 551 394 615 545 477 356 589 136 462 568 250 687 265 426 599 393 135 246 685 149 499 849 787 264 548 561
497 423 577 611 631 366 894 597 667 732 846 952 426 863 404 0 549 931 196 934 1005 739 125 532 797 740 720 151 96 130 546 330 307 164 372 1002 465 741 722 795 494 200 728 290 901 878 866 222 637 712
262 299 716 236 116 661 514 308 120 584 297 507 177 323 452 549 0 440 502 432 655 228 596 334 297 805 178 599 644 420 199 547 305 658 670 542 711 349 174 617 370 558 234 366 691 398 344 343 99 165
453 534 827 327 327 892 224 375 339 525 261 117 618 187 652 931 440 0 814 30 332 212 1006 458 143 828 379 1014 1026 814 609 787 740 1066 900 118 895 230 350 508 517 864 488 667 512 564 451 709 417 309
362 281 389 488 553 204 741 451 606 545 781 815 441 781 216 196 502 814 0 822 839 645 320 375 693 548 680 345 262 197 570 137 369 358 213 869 294 602 673 608 327 56 719 149 715 881 844 176 600 650
462 543 847 335 321 906 253 389 326 550 237 146 609 163 665 934 432 30 822 0 362 205 1006 472 139 852 360 1013 1030 815 595 799 734 1066 914 142 912 248 332 535 531 873 467 674 540 538 425 712 403 294
518 584 693 439 546 839 142 416 594 353 581 216 815 509 630 1005 655 332 839 362 0 464 1107 474 408 631 666 1123 1091 914 851 759 907 1162 844 239 804 307 634 300 514 875 781 715 241 883 772 800 675 583
301 377 743 183 115 758 324 265 134 509 172 287 405 141 520 739 228 212 645 205 464 0 805 338 70 787 203 811 835 616 403 645 529 866 767 317 781 194 172 518 395 699 318 496 563 439 338 518 216 119
592 523 702 696 692 487 990 694 716 850 892 1038 446 918 523 125 596 1006 320 1006 1107 805 0 635 867 865 756 28 119 196 550 455 311 61 493 1086 587 831 762 911 603 324 744 398 1017 882 886 308 673 761
75 112 408 154 297 435 366 83 371 265 505 443 424 478 194 532 334 458 375 472 474 338 635 0 361 474 468 651 619 443 513 329 472 689 443 498 446 233 446 312 60 419 557 242 407 715 637 330 416 400
338 418 758 212 183 792 272 282 201 497 187 221 475 130 551 797 297 143 693 139 408 70 867 361 0 787 259 874 893 677 472 681 597 928 801 248 808 174 228 498 421 745 374 544 531 479 372 576 282 179
543 519 167 614 769 396 630 527 843 303 959 753 859 915 394 740 805 828 548 852 631 787 865 474 787 0 941 891 784 732 969 411 856 895 394 805 305 616 917 336 435 542 1032 541 397 1189 1107 654 890 869
407 461 870 330 172 834 527 417 98 687 151 477 311 208 615 720 178 379 680 360 666 203 756 468 259 941 0 755 814 591 250 720 449 816 844 496 879 392 32 706 515 736 115 543 760 250 172 520 84 85
606 539 728 708 697 515 1004 708 718 870 893 1048 444 921 545 151 599 1014 345 1013 1123 811 28 651 874 891 755 0 146 209 543 480 307 65 520 1096 614 843 762 932 621 351 739 417 1037 873 881 323 673 763
589 513 618 705 727 394 984 688 762 806 941 1045 515 958 477 96 644 1026 262 1030 1091 835 119 619 893 784 814 146 0 224 630 384 388 117 398 1096 493 833 816 870 578 247 817 378 977 963 956 318 730 807
397 331 579 501 506 400 795 499 538 672 718 842 299 736 356 130 420 814 197 815 914 616 196 443 677 732 591 209 224 0 422 328 190 254 409 891 492 635 592 731 416 234 600 215 835 752 737 113 507 584
439 450 860 434 306 759 709 501 271 773 401 690 129 454 589 546 199 609 570 595 851 403 550 513 472 969 250 543 630 422 0 652 242 607 768 719 827 547 271 810 538 622 199 467 888 333 341 394 191 301
344 269 253 469 570 115 678 411 634 438 799 768 526 786 136 330 547 787 137 799 759 645 455 329 681 411 720 480 384 328 652 0 480 489 124 824 176 562 707 502 271 138 777 186 608 941 890 274 646 674
405 371 719 468 414 571 773 500 422 732 591 793 137 625 462 307 305 740 369 734 907 529 311 472 597 856 449 307 388 190 242 480 0 370 580 834 654 605 458 783 469 414 433 315 878 575 575 207 369 465
649 578 730 755 753 509 1047 750 777 896 953 1096 506 979 568 164 658 1066 358 1066 1162 866 61 689 928 895 816 65 117 254 607 489 370 0 514 1145 608 888 823 959 655 354 803 450 1065 938 945 365 734 822
465 392 228 589 694 10 776 525 758 504 922 873 640 908 250 372 670 900 213 914 844 767 493 443 801 394 844 520 398 409 768 124 580 514 0 930 95 672 831 567 383 178 899 307 668 1063 1014 379 769 798
509 589 828 391 427 922 175 418 449 503 379 56 718 305 687 1002 542 118 869 142 239 317 1086 498 248 805 496 1096 1096 891 719 824 834 1145 930 0 913 266 466 472 553 915 606 725 452 680 567 782 529 423
483 418 143 599 720 99 751 526 788 455 944 856 701 922 265 465 711 895 294 912 804 781 587 446 808 305 879 614 493 492 827 176 654 608 95 913 0 665 863 515 387 267 943 360 611 1108 1050 449 809 826
244 323 600 137 246 665 169 152 305 324 357 213 508 304 426 741 349 230 602 248 307 194 831 233 174 616 392 843 833 635 547 562 605 888 672 266 665 0 361 326 291 649 504 460 369 633 532 523 382 307
387 444 850 304 149 821 495 392 76 659 134 446 322 183 599 722 174 350 673 332 634 172 762 446 228 917 32 762 816 592 271 707 458 823 831 466 863 361 0 677 495 729 147 533 730 277 191 516 90 54
384 414 395 385 541 563 297 309 611 65 683 422 732 627 393 795 617 508 608 535 300 518 911 312 498 336 706 932 870 731 810 502 783 959 567 472 515 326 677 0 319 633 813 516 107 953 856 623 678 623
109 98 356 212 347 375 415 142 419 264 561 498 438 536 135 494 370 517 327 531 514 395 603 60 421 435 515 621 578 416 538 271 469 655 383 553 387 291 495 319 0 367 599 205 420 759 686 306 458 451
411 330 378 538 607 170 782 497 661 568 836 860 493 835 246 200 558 864 56 873 875 699 324 419 745 542 736 351 247 234 622 138 414 354 178 915 267 649 729 633 367 0 774 202 739 935 900 229 656 705
490 532 949 431 272 889 642 516 202 790 240 590 302 308 685 728 234 488 719 467 781 318 744 557 374 1032 115 739 817 600 199 777 433 803 899 606 943 504 147 813 599 774 0 593 872 165 142 548 142 199
216 137 406 340 406 297 607 311 463 456 636 672 342 633 149 290 366 667 149 674 715 496 398 242 544 541 543 417 378 215 467 186 315 450 307 725 360 460 533 516 205 202 593 0 621 757 710 115 466 506
475 513 484 455 604 665 288 390 670 171 718 410 819 655 499 901 691 512 715 540 241 563 1017 407 531 397 760 1037 977 835 888 608 878 1065 668 452 611 369 730 107 420 739 872 621 0 1002 899 726 743 676
650 695 1111 580 421 1054 750 667 347 936 303 677 453 377 849 878 398 564 881 538 883 439 882 715 479 1189 250 873 963 752 333 941 575 938 1063 680 1108 633 277 953 759 935 165 757 1002 0 113 708 302 330
578 632 1041 493 340 1004 641 581 267 843 191 564 442 265 787 866 344 451 844 425 772 338 886 637 372 1107 172 881 956 737 341 890 575 945 1014 567 1050 532 191 856 686 900 142 710 899 113 0 678 245 239
284 218 513 391 413 370 682 386 455 566 634 732 265 645 264 222 343 709 176 712 800 518 308 330 576 654 520 323 318 113 394 274 207 365 379 782 449 523 516 623 306 229 548 115 726 708 678 0 437 500
349 394 809 294 138 760 533 377 82 653 223 503 232 267 548 637 99 417 600 403 675 216 673 416 282 890 84 673 730 507 191 646 369 734 769 529 809 382 90 678 458 656 142 466 743 302 245 437 0 109
345 408 807 255 106 789 443 342 46 607 134 400 331 161 561 712 165 309 650 294 583 119 761 400 179 869 85 763 807 584 301 674 465 822 798 423 826 307 54 623 451 705 199 506 676 330 239 500 109 0
