1000 1197
5 62 1 88 45 99 61 67 6 28 100 93 30 47 42 83 77 80 35 66 9 91 26 28 49 11 11 4 52 70 58 22 67 44 31 39 35 46 43 47 90 81 27 92 68 21 85 50 44 83 40 65 88 88 56 46 48 70 77 2 55 47 83 48 67 31 52 49 58 48 15 83 62 14 2 55 53 58 43 54 91 91 88 32 42 10 38 67 43 67 40 76 35 37 15 79 26 25 7 82 81 20 55 79 91 49 30 79 40 84 7 22 24 98 88 70 38 75 86 56 90 68 87 86 5 36 35 19 53 67 67 11 92 47 75 29 21 33 61 93 18 55 62 38 21 95 22 96 48 17 7 91 6 82 19 18 54 67 85 40 54 75 21 59 30 38 88 6 2 8 5 47 27 78 32 97 73 37 10 74 2 2 93 78 92 67 5 75 4 17 19 38 55 76 46 78 25 4 97 3 34 76 36 22 18 51 39 80 85 11 89 87 61 54 21 21 27 64 86 53 47 88 29 65 96 83 42 12 16 14 65 47 14 23 99 41 87 80 20 16 61 15 8 50 54 33 49 95 43 11 43 34 52 93 68 16 63 23 38 76 80 66 16 32 96 56 23 65 86 56 56 16 85 90 71 41 16 67 39 30 9 65 35 7 99 88 91 94 88 80 76 43 52 32 88 60 50 50 59 81 81 21 67 57 40 22 30 34 11 34 91 13 93 80 89 52 17 59 64 20 63 53 85 54 55 76 35 18 49 23 72 79 29 66 1 63 9 17 91 61 90 88 53 60 94 32 58 16 100 21 67 87 82 50 30 25 54 71 30 85 95 14 9 43 48 88 55 39 60 80 30 10 30 57 47 72 4 95 63 33 81 1 48 84 99 28 29 53 58 44 97 32 60 62 47 86 62 82 60 97 30 63 60 2 80 41 85 58 53 33 23 60 53 87 46 34 12 84 22 22 13 19 41 10 21 72 2 42 90 78 53 87 23 58 88 5 52 25 61 74 55 100 65 68 22 48 33 12 80 46 8 81 45 6 87 10 87 41 65 86 39 63 61 93 22 69 27 99 48 20 85 66 33 45 98 30 34 17 78 67 54 8 69 89 90 41 35 84 83 70 67 75 59 62 30 15 1 19 19 70 5 4 68 21 61 14 31 46 37 99 39 30 34 9 6 61 69 12 54 85 36 79 86 57 5 75 20 17 26 95 20 86 37 51 40 70 77 69 82 53 91 23 59 59 12 34 78 2 74 45 28 82 47 8 92 89 66 100 34 69 82 64 47 76 27 6 61 40 40 19 9 93 75 18 21 70 15 69 1 81 99 91 82 59 41 94 25 18 15 73 63 27 89 93 5 1 48 73 47 68 55 93 11 64 96 48 93 46 9 98 38 89 19 65 67 88 24 30 68 58 32 75 27 52 1 76 74 56 72 98 5 58 89 99 22 2 91 12 66 59 38 73 81 4 69 52 31 74 75 14 35 69 62 33 86 39 31 2 30 8 46 58 100 84 5 27 4 19 22 21 48 72 36 1 13 36 11 48 56 54 81 40 30 36 7 84 14 50 96 57 5 80 40 61 63 65 21 1 29 29 24 53 84 38 2 49 75 13 19 82 84 54 36 86 59 6 78 80 29 14 48 46 99 19 76 92 58 100 39 30 84 25 19 19 85 21 20 52 92 83 62 55 34 80 76 89 97 56 16 73 21 79 14 72 35 55 45 53 7 61 77 7 6 38 60 50 41 69 30 57 36 4 85 18 48 10 29 65 63 93 34 56 55 7 46 9 83 32 12 48 13 11 32 17 98 56 99 95 59 36 83 28 93 48 32 32 55 92 96 63 83 14 2 54 100 83 27 55 52 95 38 57 68 50 68 8 82 14 70 2 52 27 42 41 34 69 61 76 67 14 71 93 58 10 89 31 14 28 90 54 69 32 24 37 94 13 48 53 27 40 42 44 80 27 42 81 97 83 48 44 19 50 15 91 83 65 41 36 15 14 89 80 93 57 91 58 98 85 15 5 52 27 53 73 58 28 34 75 10 69 49 91 37 77 88 6 52 99 16 98 5 55 83 69 49 30 7 31 97 60 41 1 38 31 93 87 73 42 19 62 15 3 70 40 9 78 65 91 3 42 22 16 41 96 2 6 9 10 52 81 84 65 18 37 10 90 7 13 74 64 42 23 72 95 20 73 47 86 74 61 25 42 39 46 41 11 32 32 83 67 12 63 23 8 77 85 99 33 34 73 69 89 57 89 19 26 18 82 9 10
1 611 3
1 354 8
1 287 1
1 565 6
1 281 6
1 547 4
1 984 8
1 249 6
1 201 4
1 416 3
1 180 6
1 442 9
1 779 4
1 409 9
1 115 2
1 869 6
1 108 10
1 101 7
1 100 5
1 444 1
1 713 5
1 58 9
1 57 4
1 897 3
1 45 3
1 14 2
1 13 2
1 10 9
1 9 4
1 5 1
2 381 1
2 299 1
2 172 3
2 565 9
2 36 10
2 4 3
2 3 9
3 758 4
3 378 3
3 313 4
3 212 5
3 495 5
3 157 10
3 420 7
3 124 7
3 99 2
3 859 3
3 15 2
3 5 10
4 372 2
4 360 8
4 904 8
4 550 10
4 511 10
4 685 1
4 332 2
4 795 2
4 296 5
4 844 1
4 274 4
4 261 10
4 674 10
4 491 8
4 984 7
4 217 5
4 475 2
4 202 2
4 201 7
4 195 3
4 184 5
4 405 6
4 169 10
4 159 10
4 144 4
4 885 8
4 139 7
4 131 1
4 642 7
4 95 3
4 83 2
4 79 5
4 77 7
4 53 4
4 51 3
4 934 5
4 50 7
4 46 7
4 41 6
4 35 7
4 32 3
4 548 6
4 6 6
4 506 5
5 350 6
5 319 1
5 311 1
5 288 8
5 284 2
5 525 4
5 716 9
5 492 9
5 793 6
5 597 1
5 186 2
5 177 6
5 134 6
5 123 4
5 467 2
5 675 5
5 84 10
5 61 3
5 545 10
5 46 5
5 40 3
5 20 1
5 17 4
5 15 6
5 7 3
6 364 3
6 850 3
6 1000 10
6 572 8
6 297 1
6 923 8
6 609 7
6 813 2
6 611 4
6 773 4
6 836 4
6 158 3
6 133 1
6 787 7
6 68 5
6 49 10
6 36 8
6 474 3
6 559 9
6 508 7
7 690 2
7 357 5
7 351 5
7 312 6
7 631 3
7 413 3
7 800 3
7 922 3
7 205 7
7 536 4
7 181 9
7 942 3
7 151 5
7 648 5
7 431 9
7 88 6
7 641 5
7 67 3
7 61 1
7 40 2
7 38 3
7 522 3
8 355 7
8 899 8
8 931 2
8 247 9
8 200 9
8 143 3
8 138 5
8 137 9
8 585 2
8 88 5
8 84 2
8 52 1
8 39 10
8 33 8
8 29 5
8 907 10
8 439 6
8 18 10
9 774 10
9 287 1
9 224 2
9 542 10
9 183 1
9 139 5
9 822 10
9 26 6
9 10 9
10 447 6
10 730 2
10 305 1
10 293 4
10 940 5
10 221 2
10 72 7
10 60 1
10 44 4
10 25 2
10 957 4
10 21 7
11 371 9
11 423 1
11 481 2
11 609 9
11 292 7
11 594 9
11 245 3
11 235 4
11 234 10
11 485 4
11 227 6
11 207 7
11 886 10
11 417 9
11 136 8
11 119 8
11 564 5
11 607 6
11 459 4
11 757 3
11 37 5
11 421 2
11 13 3
12 319 10
12 808 9
12 278 4
12 266 9
12 622 4
12 134 1
12 749 9
12 581 7
12 47 3
12 33 10
12 29 10
12 18 2
13 348 4
13 267 1
13 852 4
13 190 7
13 150 1
13 63 6
14 547 10
14 297 3
14 249 8
15 819 5
15 672 2
15 906 1
15 199 10
15 170 2
15 569 2
15 462 4
15 124 6
15 123 8
15 113 10
15 962 7
15 81 8
15 56 7
15 960 9
15 750 9
16 602 6
16 57 10
17 482 7
17 325 3
17 591 3
17 716 5
17 84 7
17 52 7
17 18 7
18 167 8
18 52 8
19 401 4
19 794 4
19 588 9
19 216 6
19 188 8
19 165 5
19 148 10
19 853 6
19 654 7
19 114 7
19 79 6
19 64 6
19 986 1
20 675 5
20 672 2
20 155 10
20 819 4
21 262 9
21 180 2
21 145 7
21 60 9
21 38 8
21 28 4
21 656 5
21 25 8
22 497 1
22 947 5
22 998 10
22 259 2
22 689 9
22 210 1
22 196 8
22 785 2
22 104 1
22 103 9
22 98 4
22 55 2
22 43 7
22 815 6
22 415 8
23 343 10
23 484 2
23 817 9
23 218 4
23 848 4
23 487 2
23 592 9
23 704 1
23 521 2
23 475 4
23 95 4
23 93 2
23 842 7
23 92 5
23 685 10
23 891 4
23 69 9
23 55 10
23 556 2
23 43 9
23 905 8
24 377 3
24 647 5
24 275 6
24 669 2
24 730 8
24 180 10
24 724 4
24 798 8
25 377 2
25 438 9
25 777 1
25 60 3
25 30 7
26 344 6
26 870 10
26 183 8
26 490 5
26 106 8
26 78 5
26 71 9
27 569 8
27 96 9
28 877 5
28 404 8
28 630 6
29 324 2
29 270 2
29 754 6
29 178 7
29 107 7
29 89 8
29 62 8
29 39 9
30 541 10
30 204 2
30 651 5
30 80 4
30 694 2
30 438 10
31 719 1
31 199 10
31 991 8
32 314 4
32 263 3
32 203 6
32 158 2
32 944 8
33 398 2
33 355 6
33 323 5
33 264 9
33 927 6
33 428 1
33 754 8
33 107 6
33 86 4
33 62 4
34 360 3
34 829 7
34 260 2
34 430 7
34 50 4
34 759 3
35 230 8
35 743 3
35 938 3
35 752 6
37 607 3
37 73 8
38 176 8
39 398 1
39 753 2
39 520 1
39 247 4
39 215 3
39 107 6
40 800 7
40 748 5
40 967 1
40 990 8
41 757 2
41 978 4
41 74 6
42 227 5
42 725 2
42 146 1
43 375 4
43 414 5
43 503 5
43 246 9
43 810 8
43 958 5
43 708 7
44 694 3
44 80 8
45 96 2
46 429 6
47 385 10
47 282 5
47 581 1
47 89 3
48 457 9
48 151 6
48 142 7
48 137 1
48 625 9
48 70 9
49 772 3
49 804 4
49 255 8
49 676 3
49 238 8
49 194 6
49 944 1
49 570 4
49 614 1
49 66 1
49 59 3
50 260 7
50 243 9
50 759 9
51 345 10
51 79 5
53 862 5
53 740 8
53 238 3
53 741 5
53 880 6
54 707 10
54 614 1
54 111 3
54 77 2
54 559 9
54 507 7
55 210 2
56 896 5
56 236 6
56 663 5
56 745 9
56 128 5
56 126 4
56 856 1
56 124 10
56 85 3
56 81 3
56 492 5
57 744 7
57 861 4
57 201 9
57 189 9
57 579 8
57 58 4
57 953 5
58 602 3
58 189 4
58 105 4
58 956 7
59 382 3
60 616 7
60 248 6
60 206 7
61 800 2
61 467 7
61 186 8
61 748 10
62 282 1
63 421 8
63 348 7
63 494 6
63 265 1
63 244 6
63 488 5
63 135 3
63 825 7
64 322 2
64 307 9
64 722 9
64 211 9
64 197 2
64 878 2
64 114 1
64 615 8
64 538 1
65 296 7
66 507 3
67 869 6
67 82 8
68 341 3
68 294 9
68 572 1
68 474 1
68 910 10
68 705 6
69 567 4
69 93 6
69 848 5
70 803 9
70 351 1
70 510 8
70 534 1
70 529 10
70 192 7
70 137 4
70 88 7
71 394 1
71 373 8
71 814 6
71 437 4
71 256 7
71 251 8
71 222 5
71 162 5
71 149 9
71 94 10
71 90 5
71 78 7
74 460 8
74 725 4
74 227 10
74 466 3
75 194 8
77 559 8
77 329 10
77 254 5
77 133 4
78 223 4
78 876 10
79 771 5
79 715 2
79 635 1
79 166 4
81 397 10
81 873 8
81 179 3
81 161 8
81 126 5
82 869 2
83 924 4
83 970 2
83 111 3
84 450 10
85 173 3
85 121 9
86 857 6
86 428 2
87 182 1
87 775 6
87 158 2
87 652 6
88 387 1
88 629 6
88 803 9
88 830 4
88 534 2
89 657 4
89 573 10
89 464 2
89 802 8
90 276 3
90 448 5
90 213 5
90 94 8
91 678 4
92 153 9
92 144 7
92 131 4
94 213 3
95 702 2
95 673 8
95 475 9
95 599 5
95 452 3
95 546 7
95 731 6
97 464 6
97 658 9
97 808 3
98 785 7
98 122 9
99 859 1
99 298 9
99 952 9
99 468 6
100 189 6
100 479 1
100 105 5
100 544 4
101 523 10
102 357 5
102 894 10
102 432 4
103 308 8
103 196 2
103 195 8
103 414 2
104 389 6
104 414 7
104 486 1
104 289 6
105 129 8
106 774 4
106 835 4
106 219 7
106 478 2
107 323 6
107 178 2
110 458 10
111 970 7
112 509 1
112 237 8
112 817 7
112 704 7
113 346 9
113 126 7
113 638 2
113 461 5
114 608 3
114 831 5
114 847 2
114 361 3
114 322 5
114 805 9
114 632 9
114 568 5
114 226 6
114 214 1
114 197 4
114 163 3
114 983 6
115 710 2
115 116 5
115 686 6
116 825 1
116 317 9
116 130 4
116 118 7
117 377 3
117 476 3
117 433 4
118 376 7
119 494 4
119 528 8
119 443 4
120 993 3
120 215 7
122 693 8
123 315 4
124 495 2
124 936 9
124 501 2
124 171 8
124 552 2
125 292 6
125 135 5
126 336 5
126 797 6
127 187 5
128 397 9
128 334 6
130 279 1
130 265 5
131 440 2
132 972 3
132 625 5
132 351 10
132 664 5
132 142 7
132 841 1
133 358 2
133 329 5
133 254 3
133 540 9
135 338 10
135 837 1
135 519 9
136 594 6
137 138 4
138 887 2
138 231 4
138 143 9
139 642 8
139 160 9
140 637 7
141 350 4
141 482 8
141 995 1
142 457 1
142 625 1
142 682 10
145 339 4
145 293 3
146 725 2
147 670 8
147 927 5
147 428 1
147 436 3
148 543 7
148 945 4
148 885 5
148 971 10
149 478 5
149 941 6
149 219 9
150 341 7
150 294 3
151 664 2
151 841 3
152 477 10
152 223 5
152 427 3
154 982 6
154 873 9
155 315 8
156 265 1
156 827 5
159 548 2
159 913 6
160 909 8
160 685 5
162 223 2
162 701 10
163 608 9
163 322 7
163 524 8
163 226 2
163 654 7
164 468 4
164 298 1
165 349 8
165 853 5
166 840 8
166 532 7
166 915 9
169 909 1
170 680 1
170 272 7
170 236 10
170 760 6
170 422 7
171 760 5
171 257 9
171 583 8
172 352 9
172 299 9
172 565 3
174 320 6
174 574 6
174 193 3
175 349 8
175 945 9
175 882 3
175 220 9
175 706 8
176 181 8
178 323 8
178 264 8
179 397 10
180 262 8
180 791 3
181 369 9
182 727 2
183 287 5
186 955 6
193 517 2
193 696 3
193 470 2
195 290 3
195 418 2
197 361 10
197 722 6
197 828 5
197 943 6
198 623 8
199 819 3
201 714 1
201 953 7
201 301 7
201 300 6
201 291 1
201 403 6
201 711 5
203 314 10
205 621 5
206 616 5
206 248 9
207 883 9
207 919 3
207 388 4
207 359 1
208 361 3
208 983 5
208 901 7
208 214 2
208 538 8
209 352 8
209 330 10
210 671 7
210 259 1
210 415 1
210 502 1
211 722 1
214 695 8
215 606 6
215 964 10
215 993 5
216 366 1
216 590 5
216 863 7
216 537 10
218 375 10
220 309 10
222 876 4
223 701 1
224 394 9
225 431 2
226 654 3
227 527 4
227 466 1
230 395 8
231 887 8
232 360 10
233 646 7
233 234 7
233 609 3
233 593 6
234 417 9
235 376 6
235 245 9
236 605 5
238 255 1
238 807 5
240 357 10
240 530 9
241 678 9
243 347 9
244 374 7
245 472 8
245 849 5
245 463 8
246 842 10
246 271 2
246 250 6
247 520 3
247 337 4
247 268 1
247 833 7
247 973 4
248 777 8
248 616 1
249 297 10
249 969 6
249 900 10
250 411 8
250 426 4
250 589 3
254 329 6
255 740 7
255 570 10
258 843 6
258 404 1
258 413 9
258 630 3
258 763 10
258 575 7
259 895 5
259 689 1
259 790 2
261 300 2
261 291 9
261 711 1
262 779 1
262 926 2
262 697 5
262 656 7
263 1000 5
268 337 8
269 981 2
269 549 6
269 985 9
269 622 6
269 720 2
270 999 7
271 396 3
271 668 3
271 283 1
272 820 3
273 476 8
273 438 2
274 623 4
275 798 8
276 644 1
276 864 8
280 628 9
281 690 10
284 696 1
285 665 1
285 583 5
287 493 10
289 308 4
289 929 3
291 301 4
294 341 2
295 851 5
297 384 1
297 787 2
301 383 10
304 796 7
306 459 8
307 332 10
308 389 8
308 737 5
309 871 5
309 875 9
309 410 3
309 483 6
310 678 2
311 995 1
312 914 8
312 456 10
312 641 1
312 413 9
313 617 2
316 718 5
319 865 3
319 793 3
320 728 5
320 574 6
321 452 1
321 673 9
321 731 5
322 524 4
324 964 9
324 606 5
325 586 6
326 533 2
330 391 1
332 943 10
336 346 4
336 461 6
336 504 6
336 739 1
340 647 3
342 916 6
343 961 3
345 904 3
346 504 9
348 600 8
348 812 7
354 442 9
356 806 5
356 867 7
359 883 5
360 405 9
366 986 1
367 627 5
367 902 4
369 522 2
370 669 2
371 919 5
374 560 1
379 878 2
380 549 4
380 499 9
380 720 3
380 684 1
381 662 6
383 653 6
385 581 9
386 387 6
386 640 10
386 585 8
386 516 10
389 737 10
390 947 9
391 951 7
393 818 1
394 941 9
395 500 1
396 435 9
399 480 10
399 481 10
400 943 10
403 666 7
404 763 2
405 890 9
405 430 2
406 535 8
407 443 8
408 503 8
409 655 8
409 513 10
411 589 9
413 598 6
415 502 7
415 497 5
416 781 2
417 646 7
417 423 2
419 983 5
419 805 9
421 519 4
424 624 5
425 978 5
428 927 2
428 911 4
428 436 5
430 489 5
435 668 8
436 857 5
436 670 1
439 899 10
439 512 6
443 528 7
445 584 3
446 630 9
447 770 6
448 742 5
452 546 2
456 496 2
459 886 9
460 527 3
464 658 7
466 667 10
469 627 4
469 710 4
471 985 4
472 886 7
474 705 9
474 910 3
475 505 1
478 645 8
479 566 5
482 716 2
484 785 4
487 671 8
489 789 5
490 709 2
492 545 1
495 750 3
496 751 5
499 684 8
501 552 8
503 733 2
503 811 1
505 619 2
511 915 8
511 532 8
512 899 3
512 950 7
513 724 3
514 932 2
514 660 2
514 532 7
515 812 7
516 640 2
520 931 3
520 973 8
520 753 6
525 946 1
531 635 4
531 771 9
533 855 5
537 558 8
537 590 5
538 784 3
540 818 1
542 940 5
543 885 8
545 959 7
545 896 8
546 681 5
546 866 7
546 732 4
547 764 1
550 674 5
550 612 6
553 688 6
554 914 8
554 734 6
555 698 9
561 797 3
561 587 4
562 778 10
562 758 3
562 860 4
563 858 2
563 925 6
567 937 8
568 831 5
572 836 6
572 726 4
572 700 4
578 804 6
588 888 10
590 845 2
593 679 9
596 917 7
599 681 2
602 861 5
617 795 8
620 898 10
620 729 3
623 772 7
629 806 6
629 867 10
629 918 2
629 854 8
629 928 9
632 828 6
635 840 7
635 636 10
636 715 3
644 721 8
645 835 3
648 994 2
656 697 7
656 791 6
660 932 2
661 796 2
668 958 10
669 769 2
671 692 1
681 755 5
681 732 5
685 891 5
690 922 6
693 848 4
705 989 4
705 910 5
707 924 10
708 723 6
723 811 4
730 770 10
731 768 6
732 755 7
732 866 4
734 751 7
737 929 6
745 936 8
746 948 6
748 955 9
753 973 5
762 837 10
763 975 1
769 881 1
781 921 7
783 810 1
787 813 2
787 900 4
790 895 8
794 823 4
800 967 1
801 995 5
806 928 6
806 918 9
806 894 3
815 998 7
833 931 1
851 976 1
855 999 10
863 871 8
864 980 3
879 903 4
896 959 7
900 969 2
919 992 10
920 950 9
