1000 1197
5 96 42 45 32 75 67 26 11 25 35 18 62 71 79 88 28 78 25 52 27 62 86 90 10 96 77 48 15 87 33 88 90 50 89 55 11 64 80 85 34 54 67 30 65 30 13 26 33 95 74 38 35 20 51 71 24 34 40 99 86 13 63 82 49 62 3 19 34 63 17 70 94 83 39 81 86 14 19 20 74 87 33 81 91 80 83 2 3 69 60 13 94 45 94 88 85 64 67 35 31 80 90 59 7 66 50 73 34 70 10 11 7 26 34 11 6 55 84 22 6 38 33 87 63 66 61 20 30 95 98 24 4 7 9 46 2 98 75 11 47 58 23 42 25 14 62 20 87 19 72 15 23 75 44 4 43 47 30 62 21 97 16 80 5 32 34 27 39 4 26 88 6 92 3 5 7 69 86 1 85 93 74 72 36 48 18 95 56 46 11 62 82 100 93 69 48 95 23 66 78 24 29 24 93 18 5 95 91 43 83 49 58 24 49 48 97 95 52 10 48 74 85 39 15 86 49 56 44 93 39 3 48 91 62 62 8 42 19 5 81 18 11 47 74 13 14 34 34 39 85 11 34 96 66 92 60 79 45 31 100 66 71 16 33 35 100 47 58 29 39 74 79 47 90 28 1 57 21 74 43 65 21 96 63 85 53 56 82 56 44 82 20 93 34 92 93 72 49 51 32 1 87 20 100 70 13 32 20 53 42 84 77 87 62 66 32 34 99 72 97 50 14 24 23 90 54 76 12 14 70 8 58 24 96 58 29 2 86 47 14 19 20 61 65 48 28 69 79 73 43 36 27 72 66 83 91 100 21 99 70 24 66 27 95 41 98 94 85 75 99 82 85 17 38 75 16 100 11 78 25 59 38 34 47 78 53 89 44 30 69 78 75 50 84 34 98 46 19 54 97 9 27 41 68 23 57 89 22 39 77 13 25 15 58 46 46 77 68 6 57 20 70 62 100 35 67 22 7 20 85 81 34 8 26 48 60 72 21 38 14 41 72 37 46 20 81 65 63 39 82 53 90 8 87 22 69 74 26 29 22 23 58 34 31 80 71 60 25 49 58 23 32 95 49 9 29 92 30 34 36 54 93 82 23 37 37 83 74 46 68 67 90 25 1 68 6 41 62 17 96 72 33 13 36 23 71 33 97 5 65 89 45 46 48 95 45 78 35 1 45 74 61 27 98 10 67 50 69 69 10 49 61 40 26 26 74 50 90 75 33 67 3 30 75 2 87 6 93 64 54 47 21 85 87 11 13 81 48 12 91 38 1 26 80 66 68 37 10 77 23 55 64 72 86 60 4 100 37 9 25 65 18 48 78 32 42 55 62 39 13 1 86 50 90 6 94 91 96 44 87 100 78 49 69 26 56 78 49 14 42 49 41 45 98 80 6 51 23 87 41 91 69 31 14 31 90 43 94 5 96 46 55 64 71 47 80 67 76 20 98 41 98 75 100 46 60 2 60 73 67 65 89 89 15 93 73 17 50 9 9 90 65 90 98 15 44 88 96 82 11 29 23 44 33 56 32 13 75 39 57 83 82 28 12 5 26 14 54 40 98 92 89 7 55 41 78 92 88 60 28 63 39 20 75 78 27 79 52 44 58 49 33 80 86 61 47 68 54 27 62 83 41 72 24 54 37 33 75 91 13 72 36 33 5 14 91 25 99 100 39 27 79 32 8 100 46 37 63 71 53 47 76 67 26 40 5 85 63 8 100 28 36 1 11 12 29 75 68 49 51 4 40 94 74 60 14 80 54 17 22 79 94 87 47 28 92 95 89 26 25 32 17 24 19 43 5 47 58 82 5 42 34 47 51 37 41 22 37 51 13 100 58 44 100 95 99 63 87 81 75 49 84 55 5 13 26 67 5 78 81 43 80 97 73 24 33 60 95 93 91 58 84 51 9 41 88 44 87 14 62 8 8 22 42 86 19 99 2 79 58 52 79 50 36 23 93 47 69 63 47 90 22 9 31 52 42 52 49 29 29 5 44 8 59 10 16 73 88 99 15 28 40 56 65 4 11 36 9 8 90 88 65 83 92 93 43 6 38 87 8 1 14 65 10 31 9 41 56 44 44 61 25 66 57 99 84 18 45 8 100 10 65 49 38 2 5 77 9 25 22 33 21 78 31 58 41 49 71 81 3 81 74 100 30 95 24 4 92 15 27 66 100 34 100 88 65 54 63 47 38 82 53 97 63 22 26 41 8 17 17 75 20 24 51 65 29 21 30 20 52 42 12 80 37 50 4 55 15 90
1 235 8
1 62 10
1 6 6
1 5 8
2 401 8
2 634 6
2 610 2
2 178 4
2 114 3
2 93 2
3 508 4
3 366 1
3 559 8
3 324 7
3 735 1
3 942 3
3 599 5
3 720 9
3 533 10
3 515 4
3 813 6
3 259 2
3 249 6
3 593 1
3 189 6
3 554 6
3 597 2
3 154 8
3 985 4
3 125 6
3 913 2
3 111 1
3 102 9
3 99 7
3 95 10
3 82 8
3 989 3
3 56 1
3 928 10
3 524 3
3 21 3
3 14 5
3 8 5
3 5 4
3 4 3
4 397 10
4 648 8
4 466 1
4 643 5
4 332 5
4 327 8
4 416 4
4 709 10
4 285 5
4 956 8
4 662 9
4 231 8
4 209 9
4 635 7
4 932 1
4 511 8
4 488 4
4 185 1
4 179 2
4 974 1
4 162 2
4 458 1
4 140 1
4 138 6
4 555 5
4 103 3
4 102 2
4 96 8
4 87 6
4 83 8
4 745 10
4 73 5
4 72 3
4 793 5
4 966 10
4 475 1
4 54 8
4 43 2
4 739 6
4 34 7
4 23 9
4 22 2
4 10 10
4 8 10
4 6 1
5 468 1
5 311 6
5 291 10
5 530 5
5 889 1
5 251 2
5 461 2
5 907 5
5 171 5
5 502 7
5 101 8
5 96 4
5 650 5
5 78 7
5 76 6
5 25 5
5 20 7
5 19 7
5 536 10
6 379 5
6 314 9
6 514 8
7 616 7
7 368 5
7 716 8
7 565 9
7 684 3
7 325 8
7 310 10
7 968 10
7 873 8
7 261 3
7 634 3
7 980 10
7 226 1
7 724 6
7 790 1
7 792 8
7 877 2
7 659 4
7 134 9
7 128 2
7 668 2
7 106 2
7 915 9
7 678 1
7 65 1
7 61 3
7 54 4
7 53 10
7 432 10
7 32 4
7 29 1
7 16 2
7 14 3
7 679 9
7 8 9
8 702 7
8 998 5
8 350 8
8 337 10
8 323 9
8 322 3
8 303 5
8 534 10
8 920 2
8 408 10
8 584 2
8 638 10
8 640 9
8 996 6
8 174 8
8 675 3
8 694 8
8 879 3
8 706 1
8 71 3
8 48 7
8 460 10
8 33 6
8 617 6
8 723 6
8 15 3
8 14 7
8 12 5
8 11 8
9 417 2
9 392 3
9 387 8
9 385 4
9 693 8
9 997 1
9 333 7
9 328 2
9 323 2
9 310 9
9 991 1
9 478 8
9 776 1
9 240 7
9 845 4
9 596 9
9 185 4
9 731 1
9 419 4
9 35 6
9 34 6
9 31 4
9 17 4
9 12 9
10 312 2
10 308 9
10 251 3
10 111 6
10 98 7
10 485 1
10 78 2
11 393 1
11 981 1
11 733 9
11 893 2
11 263 5
11 249 2
11 225 3
11 199 8
11 190 3
11 158 10
11 802 2
11 130 5
11 113 2
11 77 9
11 67 4
11 571 8
11 15 6
12 478 7
12 660 10
12 737 3
12 413 8
12 710 6
12 224 8
12 798 9
12 585 6
12 195 10
12 144 1
12 142 1
12 868 8
12 126 5
12 123 3
12 107 3
12 90 4
12 69 6
12 40 3
12 33 1
12 32 2
12 31 1
12 13 8
13 391 10
13 322 3
13 862 8
13 734 5
13 800 4
13 445 4
13 88 2
13 57 8
13 1000 10
13 33 5
13 30 4
14 497 6
14 283 4
14 481 1
14 589 5
14 591 3
14 939 10
14 86 9
14 53 2
14 472 7
15 354 6
15 745 10
15 225 5
15 905 5
15 433 10
15 145 10
15 656 2
15 583 8
15 72 4
15 36 1
16 610 9
17 749 5
17 392 8
17 740 7
17 504 9
17 856 1
17 329 3
17 301 8
17 300 8
17 253 5
17 240 10
17 448 6
17 187 8
17 927 5
17 865 3
17 110 8
17 109 9
17 85 9
17 51 5
17 47 3
17 46 9
17 35 3
17 26 7
17 962 9
18 691 6
18 193 4
18 532 9
18 28 1
19 295 10
19 984 3
19 421 4
19 154 7
19 136 1
19 101 3
19 49 7
19 20 5
20 372 4
20 351 7
20 426 6
20 245 8
20 554 5
20 154 3
20 976 8
20 752 2
20 99 5
20 52 9
20 49 4
20 25 3
20 21 3
21 143 7
21 82 5
21 52 8
22 292 6
22 286 4
22 268 7
22 93 6
23 925 2
23 138 10
23 655 8
24 229 3
24 602 2
25 970 10
25 269 10
25 228 2
25 101 8
25 55 2
25 49 2
26 671 5
26 330 3
26 479 5
26 200 6
26 134 7
26 84 6
26 54 3
26 51 9
26 43 7
27 453 7
27 919 1
27 143 5
27 81 2
28 393 2
28 885 7
28 696 10
28 272 7
28 864 8
28 237 4
28 992 9
28 66 5
29 678 6
29 851 9
29 310 5
29 878 2
29 960 3
29 38 7
29 31 1
30 876 1
30 807 2
30 120 3
30 936 5
30 64 1
30 780 5
31 470 7
31 382 5
31 328 3
31 629 1
32 42 1
33 135 10
33 122 2
33 71 3
34 643 9
34 545 2
34 949 5
34 187 4
34 132 10
34 129 10
34 46 8
34 821 3
34 35 9
35 318 7
35 316 2
35 243 1
35 972 10
35 754 5
35 573 10
36 376 8
36 796 9
36 725 6
36 196 6
36 141 4
36 77 9
36 805 9
37 894 7
37 356 10
37 830 7
37 699 5
37 56 6
38 660 5
38 878 7
38 39 2
39 169 5
40 369 6
40 449 2
40 147 4
40 144 7
40 123 2
41 796 1
41 232 9
41 621 2
41 896 6
42 369 8
42 477 2
42 148 1
42 124 10
42 90 9
42 69 9
42 60 1
43 265 10
43 489 7
44 686 6
44 430 7
44 867 3
44 133 4
44 112 4
44 428 5
45 440 4
45 188 8
45 711 3
45 509 2
45 97 9
45 827 6
45 595 6
45 491 6
45 61 9
46 253 10
46 608 9
46 132 1
46 47 9
47 687 4
47 429 3
47 132 1
48 233 8
48 594 6
48 198 6
48 158 4
48 639 5
48 67 10
49 372 4
50 822 9
50 923 6
50 977 5
51 850 3
51 246 3
52 399 2
52 474 5
52 82 3
52 982 8
52 909 9
53 352 8
53 188 2
53 97 1
53 860 2
54 330 2
54 855 8
54 790 8
55 331 10
55 471 1
55 108 1
55 104 9
55 467 5
56 999 8
56 465 4
56 475 2
57 503 2
57 334 1
57 884 4
57 176 3
57 168 6
57 895 8
57 120 9
57 106 3
57 422 9
58 110 1
58 91 6
58 85 4
59 274 6
59 180 8
59 531 2
60 449 8
60 153 5
60 148 9
60 124 1
61 374 3
61 320 6
61 602 1
62 557 2
64 391 6
64 334 4
64 969 6
64 869 4
65 368 4
65 236 5
65 685 1
65 163 5
65 873 10
66 434 10
66 614 3
66 814 5
70 937 6
70 394 9
70 657 7
70 331 5
70 295 2
70 219 4
70 695 1
70 121 1
70 104 5
71 135 7
72 371 3
72 354 8
72 346 1
72 296 1
72 145 9
72 947 1
73 423 2
74 387 6
74 328 2
74 470 5
75 487 5
75 230 6
75 221 9
75 617 9
75 191 5
76 305 5
76 251 2
76 167 5
76 650 8
77 376 4
77 507 7
77 196 9
77 182 10
77 571 10
78 348 10
78 276 3
78 257 2
78 459 4
78 620 4
78 171 2
78 98 7
78 96 10
79 377 10
79 336 2
79 930 2
79 115 6
80 119 6
82 985 8
82 160 10
82 697 9
83 367 8
83 327 9
83 903 10
83 258 6
83 164 10
83 140 6
83 127 5
85 239 7
85 755 1
85 116 4
85 110 4
85 91 4
85 89 6
86 666 10
86 789 10
86 442 10
86 133 1
86 95 5
86 418 3
86 428 9
87 349 7
87 284 5
87 410 6
87 201 1
88 800 8
88 106 2
89 243 9
89 962 6
90 413 4
90 717 1
90 195 5
92 954 1
92 443 5
92 479 10
92 995 7
92 631 2
93 634 5
93 268 10
94 536 5
94 752 4
95 418 7
96 561 2
97 188 7
97 860 5
98 816 2
99 399 7
99 951 10
100 456 2
100 780 7
100 495 5
100 150 1
101 824 1
101 186 10
102 729 4
103 627 8
103 266 2
103 582 9
103 209 9
103 105 6
104 482 4
104 512 3
104 206 1
104 483 6
104 184 7
104 108 5
104 926 9
106 884 8
108 672 8
108 943 1
108 149 9
108 121 9
108 823 9
108 773 4
109 357 8
109 934 6
109 730 4
110 172 9
111 312 5
111 756 10
112 389 5
112 262 9
112 403 2
112 165 1
112 151 7
112 133 2
112 746 5
113 182 8
114 405 9
116 504 1
117 229 10
118 391 4
118 492 7
120 846 7
120 715 10
120 150 2
121 331 2
121 473 10
121 978 3
123 126 10
124 147 3
124 131 3
125 324 5
125 304 2
125 289 5
125 610 4
125 563 10
125 525 9
125 166 10
125 913 1
126 142 10
127 258 4
127 541 5
128 432 8
129 545 8
129 687 9
130 162 7
130 781 4
133 618 4
133 789 3
133 444 6
133 664 3
134 716 5
136 217 4
136 186 10
136 824 5
137 264 6
137 748 1
138 655 3
138 466 10
139 693 2
139 415 1
139 649 1
140 327 4
141 336 9
141 714 9
143 919 5
145 220 10
145 155 9
145 583 6
145 656 7
145 458 6
146 461 9
146 291 2
146 167 6
146 765 3
147 170 2
149 273 7
149 242 10
149 567 4
149 152 8
149 690 7
149 705 7
150 715 4
150 495 3
150 503 8
150 975 8
150 987 1
150 422 3
151 979 2
152 486 7
152 242 10
153 501 1
154 783 2
154 837 10
154 411 3
154 241 10
154 177 6
154 826 6
154 607 8
155 332 3
156 895 1
156 302 6
156 290 7
156 227 5
156 211 4
156 849 2
156 558 10
156 572 6
157 641 4
157 282 4
157 231 5
157 901 8
158 198 4
160 647 8
160 914 1
160 515 9
160 697 7
161 927 10
161 740 6
162 340 3
162 215 10
162 179 1
163 684 9
164 378 7
164 367 7
164 778 7
164 353 1
165 430 8
166 218 10
166 928 4
166 178 5
166 175 2
166 517 7
167 765 6
167 518 5
171 365 9
171 317 8
171 549 6
173 874 4
173 628 4
174 230 8
175 559 4
175 517 2
176 398 7
176 895 3
177 192 2
179 355 10
179 341 3
179 887 1
179 288 8
180 426 7
180 335 3
181 775 5
182 820 10
182 835 8
183 608 4
184 338 2
184 483 7
184 298 2
184 210 9
184 658 10
184 848 7
184 890 10
184 713 5
184 553 9
185 636 8
187 856 2
188 609 6
189 315 5
189 880 7
190 887 10
191 221 10
192 259 10
192 771 4
193 767 2
194 469 2
195 717 2
196 376 9
197 640 4
198 383 6
198 299 5
198 437 8
198 777 7
198 233 6
198 462 4
199 535 9
200 479 2
200 631 9
201 264 10
203 226 3
203 920 10
203 876 10
204 538 4
204 353 6
204 319 6
204 260 5
205 822 1
206 273 9
207 831 7
208 308 4
208 526 1
210 298 2
210 295 1
210 420 5
211 904 6
211 227 2
215 355 2
215 244 5
218 797 9
218 508 5
219 689 9
220 332 7
221 560 7
224 804 3
225 297 8
226 955 7
227 572 1
230 370 7
230 653 7
231 499 2
231 641 2
231 751 2
232 555 9
233 299 8
234 408 2
234 807 7
234 640 1
235 401 7
238 283 3
238 509 6
240 301 10
240 775 9
241 783 10
243 448 2
243 612 4
244 373 6
244 288 4
244 438 10
244 425 10
246 329 2
247 691 4
249 349 3
250 663 1
250 289 1
250 870 5
252 253 8
252 749 7
253 700 2
253 761 1
254 311 8
257 906 3
260 574 2
261 912 7
261 611 10
261 877 10
261 792 5
262 358 3
263 393 7
264 748 1
265 995 2
265 825 5
265 787 6
266 285 5
268 546 1
271 326 6
271 817 10
271 704 9
271 971 8
271 534 7
272 632 3
272 434 2
272 480 3
273 486 4
275 950 9
275 957 3
280 785 10
280 303 3
280 806 8
282 769 5
282 950 5
283 682 10
285 488 5
286 292 5
286 405 3
288 373 8
288 552 7
289 870 9
289 563 7
290 849 10
292 801 10
293 384 9
293 370 8
293 460 2
294 832 10
294 736 8
296 371 2
298 394 1
298 420 8
300 448 7
300 573 8
301 586 7
302 904 7
302 849 3
303 959 10
303 496 10
304 605 1
304 579 7
305 881 2
306 820 1
306 961 7
307 887 9
313 866 1
313 561 5
314 345 8
317 933 4
317 854 7
317 549 9
317 910 1
317 831 5
317 516 1
317 840 1
319 592 2
322 734 3
323 799 6
324 508 2
326 760 1
326 734 8
328 409 2
330 396 7
330 671 1
330 659 4
331 853 4
332 397 10
333 986 2
333 868 5
333 731 1
334 520 1
335 967 4
338 483 7
338 926 7
339 600 8
344 385 5
344 375 5
346 371 4
346 770 8
348 620 6
348 459 10
348 529 5
351 837 6
351 524 8
354 406 1
354 625 1
355 450 7
355 902 2
357 730 4
358 444 5
359 646 6
359 633 7
359 599 9
359 566 1
359 519 9
359 587 9
360 994 5
360 573 8
362 615 8
363 721 6
365 673 10
365 516 5
368 815 1
368 562 9
368 685 9
373 552 8
373 438 5
374 491 9
374 513 2
376 507 9
376 404 2
377 930 6
377 505 5
385 419 1
388 455 2
388 809 7
390 436 2
391 988 10
392 586 3
392 791 7
395 604 8
396 990 2
405 703 10
405 454 4
409 548 10
411 771 9
412 831 6
413 804 6
415 799 7
416 764 10
416 597 5
418 601 5
419 596 10
425 552 1
425 782 1
426 510 9
427 523 10
428 664 1
436 495 3
439 639 5
442 692 3
442 601 6
443 787 6
446 527 2
454 703 10
458 940 10
458 905 1
459 620 8
467 853 8
467 471 8
469 498 6
472 591 4
474 575 10
474 542 5
476 823 9
476 690 9
479 758 3
480 875 4
481 979 10
482 490 10
482 590 4
487 560 4
488 858 4
489 648 7
490 890 9
490 911 10
490 553 7
493 579 1
493 788 6
495 581 5
496 644 5
496 959 10
500 502 4
502 569 10
505 974 4
512 763 2
512 658 7
512 900 4
513 711 6
516 549 10
518 965 1
521 726 6
524 837 10
526 604 10
526 834 3
528 590 10
529 889 6
534 670 4
535 977 1
536 907 1
541 680 8
542 622 5
549 859 9
553 953 7
553 890 8
554 976 10
561 866 10
562 862 10
563 663 1
566 587 5
573 994 8
579 843 1
579 605 1
579 788 2
580 588 4
580 626 4
580 661 10
582 948 3
587 646 2
588 626 1
589 860 9
590 963 10
594 916 2
595 938 2
597 764 2
598 823 4
600 808 3
602 811 7
605 768 6
607 783 2
607 726 7
607 826 7
610 677 10
615 751 4
615 743 1
618 664 1
618 666 8
619 643 7
621 958 5
625 669 1
631 758 3
631 810 8
637 834 2
638 696 9
641 852 1
649 693 4
649 986 1
653 818 7
654 941 9
657 847 9
657 689 2
660 710 6
667 835 2
671 990 8
674 719 2
676 736 3
678 980 7
678 960 8
679 737 6
685 915 3
689 921 3
693 872 2
694 955 1
700 749 6
704 817 10
704 996 4
711 938 10
711 827 3
719 967 5
723 891 9
724 1000 4
731 868 4
734 760 5
737 829 3
753 870 3
757 943 8
760 779 2
779 931 5
785 879 7
791 991 6
793 924 9
794 848 10
812 846 10
814 875 6
817 996 8
820 961 7
833 959 8
840 859 6
850 865 6
852 901 5
853 978 2
860 883 7
877 912 6
888 977 4
888 923 9
888 983 7
917 950 9
960 980 10
