1000 1197
5 94 94 84 21 56 29 78 60 39 7 11 27 95 86 69 56 7 41 49 75 48 79 37 91 22 5 86 64 53 9 42 70 12 56 95 45 52 85 32 38 3 29 45 60 70 91 94 14 91 79 68 97 3 89 18 35 4 78 45 82 46 42 7 60 12 43 89 28 43 42 12 78 6 88 88 73 15 93 44 19 41 63 44 20 11 60 35 13 64 46 14 3 42 26 92 46 98 43 3 93 88 66 60 17 15 5 36 75 24 68 98 90 55 55 44 2 36 44 100 62 13 75 53 42 99 36 76 43 12 11 82 99 36 56 70 83 14 51 24 71 3 21 33 34 70 14 16 89 44 94 86 42 78 68 13 32 100 9 71 8 66 23 49 30 27 12 25 74 89 67 71 7 36 48 29 80 22 90 27 12 23 75 35 100 22 16 3 66 68 19 3 77 12 90 92 35 62 6 68 93 72 27 72 85 13 73 79 41 43 46 17 76 86 62 4 68 59 27 82 63 33 89 57 91 67 17 54 12 34 75 70 71 42 2 31 25 23 56 23 7 9 86 83 11 90 38 35 9 29 68 80 65 48 16 98 58 80 44 30 31 95 6 94 57 15 43 27 1 54 90 47 53 6 76 5 40 65 87 40 97 63 33 61 74 54 59 96 42 9 76 64 90 61 47 36 81 78 49 66 77 47 41 7 33 22 85 40 84 74 12 95 16 80 11 12 30 99 31 41 49 46 11 37 30 63 20 3 58 24 71 11 14 67 52 59 31 51 40 75 11 8 33 20 12 86 15 82 17 28 96 32 23 75 85 79 41 46 13 80 26 30 51 93 26 1 71 21 68 15 35 68 100 60 39 33 45 49 96 81 1 58 7 50 52 85 23 11 47 28 1 47 41 87 55 70 54 9 40 13 41 6 6 70 19 43 21 67 15 4 24 25 1 3 50 72 97 74 57 49 32 8 68 23 98 41 38 37 63 19 92 47 100 19 44 43 88 81 38 42 49 11 99 15 1 59 47 27 70 5 37 9 35 59 10 51 13 90 44 42 48 81 93 95 23 47 28 19 90 28 77 83 74 52 99 29 85 66 61 15 47 80 27 62 86 78 82 43 30 84 75 59 48 72 37 55 27 91 5 2 84 92 40 77 4 72 54 53 92 14 11 90 57 47 74 91 80 1 69 91 41 48 10 68 57 60 17 44 78 84 37 72 33 29 9 29 94 15 95 52 31 90 77 43 80 44 54 43 59 93 98 34 57 34 92 2 70 65 16 71 58 31 27 17 49 88 33 1 29 55 21 32 75 4 28 6 51 26 91 26 42 75 16 63 91 55 22 24 74 14 93 38 57 30 6 6 47 7 25 92 14 52 44 66 93 83 99 34 89 24 56 40 48 56 99 54 46 12 43 28 98 85 21 45 49 16 80 11 97 80 24 49 78 12 75 88 57 23 40 75 33 10 20 93 70 81 79 45 33 9 23 6 15 28 7 28 22 90 100 20 58 89 48 74 11 39 79 39 79 96 66 66 69 56 46 88 25 80 92 33 84 97 94 98 43 16 24 64 73 37 100 45 35 6 99 49 91 97 23 77 25 8 24 9 98 93 35 15 17 53 85 58 100 17 7 99 7 21 76 77 59 44 17 39 64 88 19 53 92 84 33 29 12 74 13 36 79 84 14 68 47 26 71 17 35 87 33 94 44 54 66 20 61 14 4 58 12 78 16 13 34 69 44 20 2 81 38 56 62 69 97 50 25 100 61 85 20 59 37 73 52 85 96 8 72 4 79 19 12 72 17 56 38 64 10 9 63 9 30 50 45 57 26 37 15 16 78 20 61 23 39 15 3 62 23 27 41 22 94 74 60 15 52 97 78 64 53 23 12 41 10 56 51 15 72 35 18 22 99 94 51 67 4 82 65 15 54 13 32 86 45 34 100 42 80 55 96 85 8 78 96 8 94 11 86 7 24 30 30 29 26 69 93 37 99 52 24 98 89 61 90 59 37 82 5 22 49 52 8 64 19 21 12 61 75 67 20 56 5 64 86 56 46 72 12 58 100 58 13 52 100 98 63 37 68 90 81 98 87 75 6 34 77 94 14 49 97 18 35 13 18 76 19 49 86 53 35 99 13 48 67 3 52 5 59 91 95 44 19 96 56 72 95 76 11 21 48 11 77 89 81 24 35 9 43 16 56 100 98 98 16 22 67 2 90 37 8 27 31 65 32 71 14 48 35 53 83 42 78 81 97 36 41 62 81 97 77 82 3 11
1 364 3
1 342 10
1 700 8
1 902 10
1 694 7
1 268 10
1 267 5
1 264 2
1 577 10
1 205 7
1 178 9
1 834 7
1 680 4
1 825 6
1 152 10
1 136 6
1 120 1
1 99 9
1 89 6
1 82 9
1 919 1
1 50 6
1 45 4
1 23 8
1 20 5
1 697 7
1 10 7
1 9 2
1 908 7
1 5 2
1 635 4
2 820 7
2 392 5
2 864 2
2 575 6
2 383 8
2 378 4
2 369 3
2 484 9
2 361 9
2 351 2
2 650 5
2 524 2
2 604 7
2 295 2
2 912 5
2 638 7
2 540 9
2 253 9
2 236 5
2 230 10
2 578 6
2 154 3
2 585 4
2 142 4
2 138 9
2 131 3
2 128 3
2 117 2
2 102 4
2 98 7
2 87 4
2 656 8
2 59 7
2 43 3
2 42 3
2 566 6
2 787 10
2 467 8
2 9 1
2 7 9
2 584 4
3 784 5
3 411 3
3 520 6
3 744 5
3 350 1
3 653 3
3 293 8
3 663 5
3 219 8
3 500 6
3 212 7
3 191 2
3 173 2
3 156 2
3 145 3
3 134 4
3 450 3
3 114 5
3 566 2
3 107 3
3 958 7
3 857 8
3 77 8
3 776 6
3 12 5
3 4 4
4 694 2
4 425 7
4 387 6
4 680 10
4 363 9
4 357 9
4 893 8
4 813 2
4 404 6
4 283 6
4 280 9
4 447 2
4 831 9
4 248 3
4 929 4
4 750 7
4 721 6
4 764 10
4 645 6
4 480 4
4 111 4
4 91 1
4 501 10
4 63 8
4 781 4
4 440 3
4 45 3
4 30 6
4 25 9
4 24 3
4 762 3
4 8 4
5 440 6
5 349 8
5 347 2
5 345 3
5 330 1
5 327 1
5 325 10
5 632 6
5 885 7
5 262 6
5 258 7
5 256 5
5 724 2
5 252 1
5 818 4
5 221 7
5 879 5
5 863 4
5 761 9
5 174 2
5 727 4
5 624 1
5 119 9
5 561 1
5 73 10
5 71 4
5 61 2
5 56 6
5 42 5
5 38 6
5 28 7
5 18 10
5 841 4
5 9 7
5 8 7
6 938 9
6 392 4
6 359 6
6 352 6
6 336 6
6 456 8
6 617 1
6 641 6
6 263 5
6 250 4
6 764 3
6 224 7
6 517 9
6 191 5
6 430 6
6 181 10
6 172 6
6 135 4
6 712 2
6 483 7
6 112 9
6 107 7
6 947 6
6 990 6
6 413 9
6 84 8
6 614 7
6 81 10
6 78 1
6 46 1
6 544 6
6 7 7
7 744 10
7 656 8
7 52 8
7 22 10
8 324 6
8 306 9
8 269 6
8 497 7
8 686 2
8 760 10
8 185 10
8 595 8
8 137 6
8 465 10
8 673 5
8 468 6
8 47 1
8 30 4
8 24 2
8 16 5
9 391 7
9 623 4
9 589 2
9 314 10
9 794 7
9 658 5
9 267 1
9 232 2
9 449 6
9 695 2
9 854 8
9 186 9
9 166 2
9 163 1
9 780 3
9 138 3
9 689 5
9 419 6
9 73 6
9 44 8
9 38 7
9 35 1
10 374 8
10 714 8
10 177 3
10 828 1
10 542 6
10 623 10
10 794 8
11 826 2
11 886 4
11 729 3
11 279 3
11 444 8
11 829 7
11 867 5
11 60 1
11 37 3
11 17 5
12 900 7
12 416 9
12 147 1
12 83 3
12 81 9
12 77 8
12 503 2
13 986 8
13 249 2
13 243 5
13 746 6
13 161 1
13 124 8
13 116 1
13 101 6
13 439 7
13 498 9
13 969 9
13 559 10
13 658 2
13 482 10
13 767 2
13 18 7
14 373 6
14 331 10
14 293 4
14 248 1
14 247 1
14 240 6
14 520 1
14 188 10
14 159 10
14 152 8
14 678 5
14 126 2
14 110 1
14 433 10
14 97 10
14 704 3
14 27 3
15 925 4
15 377 1
15 278 1
15 860 9
15 204 8
15 835 4
15 189 5
15 792 7
15 122 5
15 979 7
15 112 8
15 100 9
15 765 7
15 539 1
15 548 2
15 46 2
15 41 8
15 39 2
15 34 3
15 31 6
16 269 6
16 217 10
16 157 6
17 791 6
17 66 8
18 498 9
18 179 4
19 361 2
19 891 1
19 572 7
21 750 10
21 688 5
21 33 9
22 422 1
22 235 4
22 905 2
22 210 3
22 132 10
23 555 9
23 589 4
23 779 5
23 446 5
23 109 2
23 449 1
23 76 7
24 356 2
24 337 10
24 231 4
24 611 4
24 169 10
24 870 9
24 903 5
24 61 10
24 463 7
25 492 5
25 126 1
26 395 2
26 404 10
26 91 7
27 513 7
27 315 8
27 651 8
27 164 6
27 159 7
27 408 8
27 474 7
27 45 8
27 640 6
28 587 5
28 276 7
28 256 1
28 62 5
28 32 10
29 708 3
29 733 1
30 473 6
30 216 1
30 183 5
31 385 7
31 319 4
31 731 8
31 100 2
31 64 1
31 39 10
31 992 5
32 944 8
32 622 2
32 276 9
32 644 3
32 842 4
32 62 6
32 716 4
33 346 4
33 335 5
33 809 1
33 720 6
34 569 4
35 909 8
35 736 8
35 715 2
35 265 6
35 252 1
35 245 6
35 606 9
35 420 1
35 119 9
35 98 6
35 44 1
35 42 2
36 777 2
36 658 1
36 106 6
36 101 7
37 397 1
37 543 7
37 279 10
37 563 5
37 172 5
38 370 2
38 339 8
38 851 2
38 249 5
38 163 2
38 968 6
38 541 7
39 979 8
39 129 9
39 710 4
39 75 10
39 53 1
39 692 8
40 605 8
40 354 6
40 318 2
40 226 9
40 889 7
40 190 2
40 927 7
40 114 1
40 83 9
41 255 2
41 158 10
41 113 6
41 53 10
42 687 3
42 51 10
43 546 2
43 94 8
44 654 8
44 579 8
44 933 3
44 95 6
44 87 9
44 48 8
45 268 10
46 382 4
46 338 4
46 319 3
46 260 9
46 189 9
46 84 6
47 175 8
47 603 9
47 57 7
47 56 4
48 302 3
48 533 10
48 475 4
48 933 10
49 371 7
49 961 3
49 85 5
49 55 6
52 900 2
52 145 4
53 706 9
53 856 8
53 158 9
55 538 1
55 521 3
55 79 6
56 665 2
56 472 1
56 479 3
56 470 2
56 954 7
56 547 3
56 557 4
56 942 7
56 206 9
56 175 7
56 143 4
56 879 10
56 88 9
56 415 8
57 143 1
58 241 8
58 59 9
59 241 5
59 131 4
59 583 4
61 394 9
61 982 9
61 630 10
61 448 6
62 696 9
62 622 10
62 276 1
62 412 1
62 587 7
63 496 9
63 244 6
63 217 4
64 283 2
64 785 5
64 201 2
65 772 1
65 536 10
65 556 7
65 483 10
66 500 1
67 388 2
67 571 6
67 707 10
67 652 7
67 588 2
68 495 10
68 667 9
68 541 3
68 174 5
68 441 5
68 438 9
70 121 8
71 859 2
71 327 4
71 266 9
71 531 10
71 92 6
71 86 3
71 574 5
71 550 8
72 692 8
72 569 9
73 529 5
73 531 1
74 345 9
74 672 7
76 312 1
76 177 9
76 486 10
77 737 6
77 966 6
77 83 10
78 372 3
78 948 3
78 543 5
80 372 1
81 132 6
82 161 5
82 120 2
82 118 9
82 101 7
82 627 6
83 455 2
83 321 4
83 906 5
84 732 3
84 150 1
84 112 6
85 371 1
85 348 8
85 682 2
85 755 1
85 961 4
85 774 9
86 991 2
86 170 8
87 578 1
87 383 10
87 654 8
87 302 9
87 295 4
87 985 4
87 195 5
87 858 9
87 839 2
88 393 6
88 479 8
88 745 4
88 200 5
88 852 2
89 542 2
89 177 7
89 564 3
90 343 3
90 170 10
91 367 8
91 341 4
91 476 2
91 93 10
91 558 3
92 297 4
93 743 9
94 336 10
94 546 4
95 695 5
95 877 6
95 155 9
95 128 9
97 819 1
97 209 5
98 606 1
98 154 9
100 925 4
101 182 7
101 477 3
102 690 8
102 540 5
102 148 5
103 469 6
103 635 7
104 825 3
105 198 8
105 882 6
107 889 2
107 610 7
107 952 6
107 751 8
107 219 3
108 218 10
108 836 8
110 220 6
110 205 5
110 136 1
112 150 1
112 125 9
113 868 8
113 506 10
113 234 4
113 437 7
113 713 8
113 162 10
113 141 8
113 133 7
113 945 9
114 494 1
114 344 2
114 507 9
116 460 8
116 821 2
117 807 5
117 365 4
117 359 10
117 580 10
117 275 5
117 782 3
117 180 7
117 990 8
117 749 8
117 140 9
117 402 7
117 452 3
117 637 10
118 381 1
118 797 3
118 735 3
119 915 7
119 265 9
119 715 10
122 204 8
122 189 5
123 401 1
123 646 2
124 986 6
124 997 8
124 984 4
124 179 9
124 165 9
124 624 7
124 885 1
126 293 10
126 492 9
126 1000 3
128 155 6
128 138 8
128 467 1
129 238 5
129 706 7
130 299 9
131 273 1
131 193 3
131 820 9
132 270 5
132 147 8
132 671 9
132 491 6
133 385 4
133 403 8
133 162 9
133 141 4
134 776 3
134 515 10
134 791 10
134 139 2
134 677 6
135 283 8
136 691 6
136 464 8
136 205 1
137 595 8
137 591 10
137 366 9
137 508 3
137 216 9
137 418 7
138 467 8
138 285 6
138 203 5
138 142 4
139 929 7
140 390 9
140 429 4
140 271 7
140 647 9
141 593 9
141 171 7
142 301 8
143 337 1
144 370 7
146 703 8
147 323 8
147 257 4
147 210 2
148 690 8
148 487 9
149 215 10
151 364 7
152 305 1
152 417 9
153 837 6
153 300 8
153 410 6
153 886 8
154 187 5
155 391 5
158 534 4
159 722 1
159 375 10
159 305 10
159 207 7
159 597 4
159 408 10
160 298 10
161 381 1
161 613 5
162 506 4
163 322 6
164 247 8
166 301 1
166 253 9
166 599 1
169 473 3
169 917 8
169 418 3
172 224 2
173 778 10
173 958 8
173 857 3
174 438 7
175 987 10
175 262 9
175 206 6
175 786 9
176 611 1
176 376 7
176 810 9
176 568 2
176 728 8
176 488 6
177 983 3
179 986 4
181 358 9
181 889 8
182 627 1
183 287 4
183 216 4
183 783 9
183 595 3
186 998 8
186 717 7
187 334 8
187 420 6
187 462 6
187 843 5
189 386 7
189 294 6
189 260 5
191 212 2
191 862 9
192 972 9
192 854 3
192 545 10
193 632 4
193 284 5
193 955 4
193 693 8
193 221 2
194 335 5
195 662 3
195 307 5
195 295 4
195 923 8
195 227 1
195 827 1
197 973 3
197 769 2
198 488 4
199 386 3
199 600 10
202 298 3
202 873 2
202 666 7
202 525 7
203 609 7
203 290 2
203 674 2
203 978 7
204 788 4
204 793 9
206 879 8
206 547 10
210 308 5
210 422 6
210 586 4
210 436 6
210 431 3
210 878 10
211 708 3
211 733 8
212 352 9
212 350 7
212 799 8
214 277 1
214 724 6
219 934 4
219 411 8
220 331 6
221 928 6
224 237 1
224 614 10
225 863 9
225 869 2
226 358 3
227 585 8
229 312 10
231 394 6
233 277 3
233 838 3
234 992 8
235 308 2
235 537 10
235 270 4
235 905 4
235 951 4
235 861 8
235 960 10
235 664 3
237 614 1
238 355 4
239 423 1
240 899 9
241 864 9
241 823 5
241 604 6
244 306 6
245 830 4
246 529 8
248 447 10
248 766 10
249 565 6
250 410 6
250 434 10
251 348 8
251 451 7
252 911 5
253 301 3
254 952 5
255 932 8
257 849 1
259 350 5
259 754 2
261 340 8
262 863 9
262 786 9
262 869 1
264 571 1
265 959 4
266 327 1
266 639 3
266 461 3
267 407 5
267 940 8
267 848 4
267 908 6
269 496 3
269 931 9
270 960 10
271 390 1
271 698 4
271 628 6
271 800 1
271 435 7
272 921 2
272 406 2
272 559 2
274 366 1
275 365 5
275 676 8
276 587 9
278 539 5
278 803 5
279 535 9
279 444 2
279 563 10
281 939 4
283 645 9
284 763 3
284 685 6
284 875 6
285 290 1
285 636 1
285 609 1
286 577 5
287 783 3
288 532 6
291 321 7
291 455 2
292 731 7
294 303 3
294 793 5
295 307 5
295 839 5
295 454 6
296 726 3
296 452 9
298 666 7
298 421 2
303 788 7
303 792 6
305 651 8
305 417 9
306 497 4
308 621 2
308 537 1
309 491 4
309 664 10
310 373 10
312 505 2
312 414 4
314 717 8
315 375 3
315 513 4
316 970 5
316 460 9
316 511 7
316 406 9
320 602 3
320 697 9
322 439 5
324 458 4
326 925 7
327 888 1
327 562 2
327 594 2
327 461 3
328 474 1
330 711 8
331 845 3
332 454 10
332 575 4
333 506 9
338 600 1
338 499 1
339 565 6
344 494 7
345 440 7
345 831 7
346 720 6
346 775 10
348 682 1
350 683 3
352 617 2
354 605 6
356 844 2
356 630 1
356 903 5
357 871 2
357 694 9
358 927 2
359 380 7
359 456 4
359 402 10
360 488 1
360 728 9
361 566 2
361 669 9
363 480 2
365 807 1
367 743 8
369 823 1
372 548 4
374 608 1
374 486 10
374 741 5
375 822 4
376 882 5
378 585 9
380 471 10
382 600 3
384 975 1
387 893 2
390 429 6
390 524 10
390 435 3
390 800 2
392 616 1
392 544 5
393 512 6
393 852 7
393 814 1
397 948 1
400 962 2
402 637 2
403 593 2
404 765 7
406 485 10
406 767 3
407 848 8
408 502 3
408 597 7
409 661 4
412 549 6
412 740 5
413 764 7
413 703 6
414 505 6
418 508 10
420 909 3
421 873 7
421 525 1
424 883 2
424 813 2
424 760 4
424 458 8
424 994 7
431 878 4
431 436 10
431 671 1
432 904 7
434 773 4
435 442 10
435 607 6
435 698 3
435 824 4
436 849 10
437 833 6
438 753 5
440 818 6
445 529 7
446 589 10
447 573 6
448 516 6
449 555 6
449 705 9
450 1000 4
452 726 1
454 650 4
455 872 5
455 493 9
457 722 9
461 562 1
462 484 1
463 924 3
468 813 7
468 964 8
469 635 5
475 681 9
475 533 3
476 643 10
476 528 7
476 558 7
477 884 3
483 772 7
484 912 3
486 741 10
488 568 4
489 839 3
491 679 5
493 850 6
493 642 2
493 872 3
494 610 4
497 592 3
497 551 5
504 567 1
506 868 5
507 660 5
508 917 4
508 989 2
509 577 4
510 681 10
512 626 10
512 570 2
517 782 4
520 663 1
521 538 8
528 895 10
531 859 8
531 550 1
533 787 9
534 856 6
535 563 2
536 668 3
537 621 8
549 752 8
549 622 2
555 705 2
561 633 1
561 763 9
562 576 6
564 983 8
568 977 1
568 582 7
570 745 2
572 656 3
573 805 9
576 639 10
581 884 2
584 616 4
601 729 1
602 697 7
607 824 4
608 741 4
609 636 10
614 712 1
615 947 2
616 628 4
619 759 10
620 774 1
622 944 5
622 842 3
622 696 6
623 988 9
623 794 9
624 997 4
625 910 4
630 844 9
633 875 6
641 668 5
655 786 10
655 869 6
665 742 4
673 725 8
677 762 3
681 957 7
682 755 2
683 754 4
685 763 7
687 724 7
689 804 1
696 920 9
696 811 7
698 800 4
708 733 7
709 736 1
715 915 9
720 775 1
728 977 9
734 915 6
752 811 5
766 846 6
777 914 8
786 987 1
801 864 2
811 920 10
814 995 2
823 956 5
835 860 8
838 865 8
842 876 9
843 912 7
850 872 4
861 905 8
885 984 1
894 998 10
908 940 2
910 962 3
923 930 3
926 996 9
942 954 6
943 981 10
