1000 1197
5 89 3 26 97 84 33 64 100 43 34 34 3 62 30 51 92 72 24 16 54 30 75 8 1 53 58 91 12 11 63 44 30 16 24 23 69 62 32 88 5 29 26 59 7 80 92 37 79 53 66 37 14 57 65 17 7 88 40 91 21 93 31 51 50 45 45 11 20 4 71 84 31 25 42 55 2 43 29 2 28 77 58 38 75 19 59 49 69 50 39 66 80 44 12 85 21 69 80 31 69 47 88 3 2 13 55 81 67 82 18 56 34 55 60 76 93 22 52 53 52 29 35 13 96 73 81 48 92 46 10 10 62 69 53 18 50 2 37 85 76 69 91 4 63 39 24 36 19 73 75 56 96 56 14 65 87 40 6 96 30 59 75 62 85 14 9 83 65 67 33 4 50 80 100 79 26 32 71 50 63 68 97 81 35 97 56 49 23 75 91 29 58 93 24 46 86 43 22 13 27 5 11 54 100 25 38 35 60 57 92 43 75 18 100 71 89 56 84 44 24 85 13 40 16 69 94 27 45 9 17 59 17 27 61 44 41 14 92 23 12 99 96 41 2 81 16 66 61 15 100 22 11 5 37 76 1 8 64 80 30 40 73 24 61 4 36 75 55 30 92 7 85 4 69 15 37 77 72 72 85 65 81 66 88 52 99 76 91 90 4 37 32 88 63 57 87 6 71 94 73 95 92 70 41 50 42 51 46 5 57 27 32 8 38 54 49 66 45 87 39 92 69 68 8 53 57 59 10 14 91 61 61 84 5 19 85 35 96 84 30 55 4 90 62 18 97 16 96 92 77 47 99 7 14 92 93 5 44 60 4 1 98 57 99 39 14 98 3 88 38 31 11 56 40 83 47 89 44 29 22 67 86 20 57 67 94 38 6 93 68 55 19 65 63 17 100 20 83 11 54 61 38 47 61 22 30 47 9 4 77 60 95 92 18 79 89 59 21 60 53 22 24 79 45 81 20 44 52 12 97 89 38 96 55 41 33 100 85 65 75 79 65 28 10 18 39 62 65 67 36 28 12 37 62 54 44 64 70 98 100 40 52 74 31 84 91 76 36 27 60 80 4 34 89 49 39 22 73 44 37 79 81 88 63 49 68 31 24 3 46 71 52 23 19 40 21 27 5 70 20 34 39 42 68 71 7 71 86 22 10 77 1 99 14 89 2 60 32 19 43 60 16 44 27 33 48 64 39 71 7 72 1 84 12 54 90 21 88 35 25 13 100 73 21 40 11 17 96 14 100 77 99 20 47 49 93 28 11 32 15 64 25 38 75 30 14 5 52 9 61 28 84 94 65 33 97 8 59 60 97 69 91 68 28 59 62 34 90 71 27 78 52 83 50 45 94 64 81 80 75 68 12 9 70 39 55 41 33 9 79 39 75 67 32 7 81 35 48 93 68 9 11 72 24 83 8 32 29 49 73 88 37 41 81 70 27 45 1 37 39 53 70 97 60 80 91 28 68 34 29 78 38 70 71 15 15 60 56 87 6 4 96 32 76 33 29 4 24 27 7 10 36 13 86 86 89 66 28 23 16 51 49 56 24 39 84 92 38 44 79 99 50 58 8 25 84 93 49 71 88 92 91 46 76 9 95 58 93 90 38 8 100 14 36 62 61 59 25 15 99 83 58 68 7 75 4 22 25 60 43 51 58 22 59 71 59 98 95 23 2 53 52 24 97 80 79 9 18 14 64 59 47 79 52 100 72 100 41 38 89 35 68 25 3 6 69 17 22 26 19 55 92 77 72 25 96 21 79 81 39 93 26 7 2 29 93 17 49 42 84 63 76 95 77 32 72 64 4 59 93 56 47 69 55 100 76 57 24 19 22 59 38 43 75 26 96 9 59 65 51 77 27 46 83 1 72 66 77 10 9 38 58 3 5 51 82 91 49 37 95 63 54 36 14 44 40 87 78 27 67 68 13 81 24 38 90 53 86 11 28 99 76 13 48 38 8 97 53 66 26 26 66 60 88 15 45 19 95 20 89 49 35 23 96 78 66 39 89 7 62 29 28 58 81 36 74 80 29 89 2 55 43 23 27 83 93 74 98 56 69 53 98 32 26 59 15 67 18 1 51 74 37 13 33 7 39 3 42 58 59 55 75 47 42 67 91 15 27 4 73 56 39 76 59 1 4 82 97 58 28 99 78 72 9 9 96 4 91 30 59 86 27 91 95 80 63 91 59 60 100 66 67 85 73 77 11 42 79 77 33 33 62 16 79 12 12 40 22 98 6 13 15 5 85 15 92 55 56 10
1 398 4
1 336 6
1 895 9
1 312 6
1 720 10
1 222 9
1 214 7
1 954 3
1 197 4
1 153 10
1 117 1
1 509 8
1 78 6
1 73 8
1 69 5
1 57 7
1 4 8
1 2 7
2 382 2
2 430 10
2 493 4
2 474 2
2 617 10
2 443 10
2 290 9
2 239 6
2 231 4
2 217 8
2 202 7
2 463 3
2 487 4
2 135 7
2 131 2
2 102 10
2 98 2
2 96 2
2 574 4
2 796 5
2 846 2
2 38 6
2 24 5
2 19 9
2 709 4
2 16 2
2 979 5
2 903 1
2 6 3
2 3 10
3 511 3
3 471 5
3 416 10
3 264 8
3 249 1
3 619 5
3 243 7
3 577 2
3 468 2
3 771 6
3 787 3
3 789 1
3 207 2
3 167 5
3 576 10
3 139 8
3 131 9
3 115 5
3 95 8
3 73 1
3 67 10
3 64 8
3 34 5
3 706 3
3 18 7
3 4 6
4 567 4
4 462 7
4 693 6
4 677 4
4 989 6
4 337 3
4 849 3
4 323 2
4 835 4
4 769 10
4 608 8
4 262 1
4 258 4
4 702 7
4 226 10
4 533 5
4 413 1
4 510 4
4 195 9
4 193 8
4 629 1
4 182 4
4 176 9
4 486 5
4 439 5
4 927 6
4 120 7
4 499 5
4 691 3
4 104 5
4 811 4
4 94 1
4 71 5
4 69 8
4 665 4
4 785 10
4 29 6
4 20 8
5 482 10
5 361 8
5 321 4
5 319 3
5 313 1
5 604 8
5 306 3
5 302 5
5 504 3
5 452 10
5 266 7
5 879 6
5 973 10
5 198 2
5 189 6
5 187 3
5 539 9
5 154 10
5 144 1
5 764 7
5 795 4
5 738 6
5 131 5
5 573 5
5 121 7
5 113 6
5 549 8
5 89 8
5 526 5
5 34 1
5 26 4
5 23 5
5 9 1
5 7 9
6 361 3
6 335 3
6 310 7
6 303 4
6 286 6
6 273 5
6 253 8
6 186 3
6 747 7
6 146 8
6 138 9
6 71 1
6 32 9
6 27 7
6 13 6
6 11 7
6 7 1
7 394 1
7 366 8
7 365 8
7 344 2
7 328 10
7 327 1
7 324 1
7 633 1
7 242 4
7 752 3
7 562 7
7 663 10
7 144 10
7 140 5
7 126 9
7 101 4
7 938 1
7 84 3
7 70 5
7 66 3
7 692 9
7 56 4
7 843 10
7 46 9
7 36 7
7 30 3
7 25 9
7 9 5
7 761 9
8 367 8
8 363 2
8 348 1
8 749 6
8 311 6
8 267 5
8 263 4
8 228 4
8 157 4
8 150 9
8 414 3
8 128 8
8 63 10
8 592 2
8 37 1
8 578 9
8 9 5
9 636 10
9 332 9
9 482 6
9 313 4
9 311 5
9 923 9
9 304 7
9 295 7
9 592 5
9 775 6
9 659 3
9 189 10
9 657 6
9 137 3
9 119 1
9 876 6
9 31 8
10 300 6
10 239 5
10 213 4
10 883 6
10 711 7
10 98 2
10 709 9
11 783 7
11 76 6
11 58 10
11 942 3
11 12 4
12 978 7
12 898 6
13 469 4
13 846 1
13 505 4
13 817 4
13 146 7
13 124 7
13 546 8
13 537 1
13 71 6
13 27 4
13 17 9
13 684 7
14 405 4
14 314 5
14 244 2
14 226 2
14 208 9
14 591 8
14 635 6
14 90 2
14 88 1
14 54 10
14 53 3
14 21 7
15 416 5
15 330 7
15 299 4
15 647 8
15 207 3
15 885 9
15 72 2
15 40 8
15 18 7
16 384 8
16 364 3
16 506 3
16 600 2
16 196 2
16 185 3
16 76 5
17 483 7
17 846 10
17 641 8
17 459 8
18 576 6
18 122 6
18 94 6
18 29 8
19 397 3
19 534 5
19 362 2
19 322 8
19 309 1
19 935 6
19 664 8
19 426 4
19 179 10
19 143 2
19 112 1
19 102 8
19 886 3
19 581 10
19 37 7
19 24 2
20 381 10
20 480 5
20 412 8
20 215 7
20 141 1
20 525 2
21 760 7
21 514 2
21 254 3
21 244 10
21 162 7
21 90 6
21 497 2
21 74 10
21 49 9
21 33 9
22 382 2
22 725 3
22 179 4
22 102 10
22 25 3
23 328 7
23 286 3
23 187 5
23 172 3
23 46 7
24 867 5
24 75 5
24 52 2
25 397 6
25 322 7
25 734 9
25 127 6
25 92 5
25 47 3
26 99 7
26 566 5
27 307 4
27 248 5
27 424 2
27 109 3
29 399 3
29 897 8
29 442 5
29 233 2
29 447 7
29 972 8
29 147 3
29 129 1
29 122 5
29 35 9
30 645 6
30 100 1
31 636 8
31 798 7
31 334 7
31 267 3
32 286 4
32 467 4
32 56 8
33 284 10
33 180 3
33 164 4
33 87 2
33 65 3
33 62 10
33 54 1
33 49 7
34 671 5
34 288 10
34 511 5
34 152 6
34 115 10
34 507 5
35 582 8
35 296 8
35 105 10
35 39 10
35 503 4
36 393 2
36 683 2
36 646 10
36 673 6
36 606 1
36 99 9
36 91 10
36 66 2
36 43 10
37 235 6
37 63 4
37 867 9
39 619 3
40 337 8
40 268 10
40 720 6
40 849 5
40 509 4
40 945 4
41 332 3
41 216 1
41 686 2
41 100 5
41 433 10
42 860 4
42 302 6
42 297 4
42 266 10
42 974 10
42 234 8
42 524 8
42 804 8
42 881 5
42 861 8
43 470 8
43 501 7
44 504 3
44 198 5
44 128 4
45 391 5
45 113 7
47 620 8
47 362 3
47 696 1
47 143 10
47 92 6
48 610 4
48 646 4
48 688 8
49 497 8
50 58 4
51 769 7
51 67 2
51 691 1
52 383 10
52 429 10
52 331 9
52 290 6
52 955 1
52 228 10
52 219 8
52 150 3
52 81 1
53 434 7
54 401 10
54 360 10
54 272 3
54 200 9
54 164 3
54 723 8
54 756 1
54 597 4
54 90 10
54 87 10
54 810 5
55 462 9
56 998 8
56 713 5
56 317 1
56 593 10
56 552 4
56 797 3
56 902 4
56 812 10
56 126 10
56 747 6
57 268 10
57 201 4
58 983 7
59 338 3
59 675 7
60 446 5
61 517 6
61 729 3
61 584 4
61 72 10
62 779 3
62 980 3
62 915 9
62 601 3
63 363 5
63 348 9
63 235 10
63 428 3
63 157 3
64 928 10
64 885 5
64 222 9
64 117 7
65 180 1
65 120 7
65 104 7
65 891 9
66 541 4
66 501 2
66 826 9
69 337 6
69 720 5
70 797 10
70 303 9
70 101 8
70 494 8
71 962 2
71 108 10
71 548 6
71 821 2
71 835 2
72 77 7
73 928 10
73 674 5
74 254 7
74 166 1
74 151 9
74 947 5
74 776 7
76 521 1
76 384 8
76 196 8
76 185 9
77 339 10
77 276 6
77 450 5
77 206 6
78 214 10
78 201 3
78 136 6
78 97 6
79 459 2
80 927 1
80 176 8
81 414 1
82 525 4
82 274 1
82 474 1
82 93 1
83 258 6
84 824 7
84 287 5
84 872 4
84 184 4
84 645 6
84 994 7
85 520 2
85 787 1
86 248 1
86 424 6
86 684 1
87 360 1
87 514 7
88 980 3
88 601 10
89 175 5
91 541 8
91 501 1
91 828 6
93 892 1
93 473 4
93 666 5
93 133 2
93 124 2
93 807 2
94 528 10
94 427 3
94 559 7
94 193 8
94 579 6
96 353 1
97 336 4
97 285 4
97 214 2
98 803 7
98 971 7
98 655 8
98 694 8
98 239 8
98 175 2
98 617 8
98 917 8
101 652 2
101 571 8
101 230 5
101 204 8
101 156 7
101 679 5
101 111 9
101 820 3
101 502 5
102 382 2
103 605 8
104 180 2
104 120 9
105 357 6
105 667 2
105 640 6
105 442 3
105 250 10
105 890 9
105 158 10
105 145 3
105 142 5
105 106 8
106 280 9
106 905 7
106 147 3
106 421 5
107 812 2
107 316 5
107 856 9
107 998 2
107 713 5
107 221 8
107 204 4
107 149 7
107 502 2
107 598 5
108 962 4
108 770 5
109 257 9
109 483 9
111 752 5
111 212 8
111 159 4
111 841 10
111 744 2
112 275 9
112 223 1
112 903 5
112 957 5
112 741 9
113 700 9
113 246 9
114 387 10
114 371 8
114 565 2
114 521 2
114 583 1
114 406 7
115 507 1
116 498 6
117 222 9
117 569 6
118 264 3
118 233 9
119 910 4
119 948 9
119 519 8
120 891 3
121 346 1
121 148 4
122 278 5
122 419 3
123 1000 4
124 454 10
124 807 10
125 842 2
125 171 7
127 322 7
127 801 3
128 609 3
128 948 1
129 882 2
129 613 5
129 936 6
130 359 5
130 349 2
130 279 9
130 132 8
130 996 2
131 970 6
131 183 6
132 359 7
132 320 4
132 279 4
132 211 2
133 780 8
133 417 1
133 217 9
133 443 1
133 666 4
134 205 4
135 183 3
137 410 5
137 411 9
137 767 3
139 946 9
140 639 9
140 580 2
140 224 8
140 156 4
140 495 10
140 464 5
141 763 4
141 660 5
142 478 8
142 351 6
142 667 10
142 158 4
142 532 6
143 333 6
143 725 6
144 287 4
144 170 8
144 805 7
145 472 4
145 676 7
145 958 9
146 934 5
146 307 7
146 746 9
146 727 1
147 453 9
148 701 8
148 288 8
149 386 7
149 358 5
149 204 10
150 814 2
150 383 8
150 376 4
150 263 9
150 228 2
150 749 4
151 926 10
151 254 6
151 586 4
151 488 6
152 165 6
155 344 9
155 963 4
155 938 6
156 220 1
156 558 1
156 732 10
158 532 3
159 316 6
161 329 8
161 209 4
161 431 5
162 200 7
163 195 3
164 589 4
165 342 7
165 932 2
165 432 2
165 778 6
168 389 5
168 270 3
168 269 9
170 368 1
170 596 10
170 184 9
171 354 6
171 277 9
171 837 3
173 871 1
174 177 7
175 300 2
175 735 2
175 237 9
178 655 6
179 309 10
181 396 3
181 540 7
182 318 7
183 970 6
184 368 4
184 287 3
184 805 1
186 361 3
187 726 5
187 637 3
188 372 10
188 341 8
189 704 10
190 325 7
192 419 3
192 294 4
192 281 7
192 278 9
192 256 3
192 531 10
192 461 6
193 375 5
193 227 9
195 702 3
195 550 8
197 672 10
198 378 6
198 321 5
199 265 6
199 900 6
199 627 8
199 599 3
199 445 1
200 401 6
200 400 1
200 628 1
200 834 3
200 810 3
200 557 10
202 513 9
202 231 4
202 648 8
203 575 2
204 662 7
204 823 9
204 230 3
204 964 6
206 345 2
206 339 4
206 276 2
207 330 5
207 865 7
209 961 1
209 298 1
209 240 5
209 547 1
209 440 5
211 418 6
212 944 2
212 544 7
212 744 10
213 237 4
214 374 2
216 332 8
217 780 8
218 587 5
219 414 1
219 839 10
221 457 5
222 312 4
223 878 10
223 741 6
225 369 9
225 555 9
225 261 3
225 227 6
225 755 3
227 490 7
229 843 8
229 914 3
230 358 9
230 236 1
232 272 6
233 510 10
234 266 2
234 854 6
234 452 10
234 448 6
235 887 6
236 679 4
239 694 8
240 395 9
240 329 3
242 366 8
245 959 5
246 863 10
246 566 9
246 573 3
247 648 6
248 560 1
248 415 1
248 623 1
249 385 6
250 370 6
250 357 10
250 754 4
251 289 10
252 589 5
254 488 3
254 926 1
255 988 4
255 545 6
255 420 1
256 296 6
258 466 2
259 564 5
260 973 2
261 530 4
261 490 10
262 613 1
262 870 2
263 527 4
263 409 1
263 814 6
265 326 10
265 853 5
266 743 4
266 302 5
266 524 5
267 373 7
267 496 8
267 813 6
268 895 8
268 794 8
268 343 6
268 315 6
268 699 10
269 389 2
270 342 8
270 471 6
271 473 1
271 952 9
272 723 9
275 878 6
277 605 4
278 294 6
278 461 10
279 320 8
280 751 5
280 421 6
280 503 3
281 419 3
282 644 3
283 370 5
283 351 7
283 292 6
283 676 10
284 992 9
285 390 6
287 492 2
288 422 2
288 701 5
291 347 1
294 750 5
296 582 4
298 956 2
300 995 8
301 690 9
302 743 1
303 901 1
303 852 5
304 458 8
304 951 2
304 327 2
306 504 5
307 708 6
308 679 10
308 916 6
309 950 10
310 726 1
310 352 1
310 500 2
311 893 2
311 888 6
311 536 3
312 960 7
313 526 10
313 650 5
314 690 1
315 625 5
315 866 1
316 873 3
319 659 5
319 657 3
325 543 9
327 951 3
327 458 3
327 410 9
328 800 7
329 816 5
329 580 3
329 858 6
329 495 7
329 464 10
331 383 5
331 850 1
332 437 2
333 362 8
333 728 3
334 367 10
334 444 7
334 536 4
337 849 6
343 954 2
343 625 6
348 887 6
349 359 6
349 996 6
349 748 8
350 365 7
351 966 5
352 918 1
352 726 10
352 784 10
353 796 2
357 904 10
359 996 10
361 549 10
361 782 2
362 620 6
366 562 7
366 588 5
368 733 7
371 521 1
372 543 3
373 496 8
375 516 6
375 599 6
376 585 8
377 864 6
377 802 7
377 614 6
377 700 10
377 840 7
381 660 7
381 618 3
381 687 10
385 481 8
385 830 7
386 722 6
386 986 7
386 544 3
388 707 9
392 621 10
392 520 10
395 464 4
396 540 10
397 534 8
399 643 9
399 882 4
401 810 7
401 628 7
404 484 9
404 690 8
406 583 1
407 718 5
408 758 4
412 979 3
415 560 9
415 815 9
417 869 2
417 977 8
420 836 5
421 535 4
421 503 7
423 982 1
423 518 9
427 584 6
429 689 4
437 876 10
437 686 5
440 639 2
442 568 2
442 788 10
443 616 3
443 493 2
443 474 3
445 997 5
445 900 1
447 788 4
449 632 8
449 888 7
454 952 6
457 552 6
457 812 5
458 615 5
458 951 4
459 641 4
459 483 10
461 912 4
464 698 2
465 492 4
465 845 5
468 789 8
470 508 4
472 832 9
472 538 9
475 588 3
478 634 4
481 685 4
482 657 1
485 916 1
487 506 9
488 926 8
490 555 1
494 652 10
496 813 1
496 827 3
498 507 10
500 740 1
504 604 3
506 612 7
515 635 8
515 855 2
515 765 10
516 599 7
517 729 2
519 742 10
519 578 3
520 730 9
522 550 5
523 838 7
535 793 7
540 593 7
541 875 2
541 673 1
542 823 3
542 990 3
544 792 3
548 894 1
548 835 1
549 782 7
552 902 1
554 898 6
559 642 6
559 579 7
561 927 8
563 745 9
565 583 6
571 692 10
574 600 5
578 609 5
580 858 5
584 987 9
588 595 6
588 940 6
590 811 10
591 714 8
591 818 10
596 710 5
602 779 10
602 874 8
605 851 8
610 646 1
611 770 2
613 825 7
619 809 5
622 686 6
625 794 7
630 635 10
630 808 8
630 855 8
630 765 9
635 765 4
636 767 9
641 717 8
642 661 10
648 737 10
650 695 7
652 930 5
653 969 3
656 969 8
658 891 7
660 687 8
664 758 8
665 718 10
666 965 4
668 780 2
673 828 3
673 943 5
676 754 10
678 706 3
681 785 2
681 946 4
683 800 3
687 712 5
697 791 4
697 929 7
709 883 3
713 998 2
714 818 2
748 919 3
760 777 2
769 811 4
770 991 5
773 932 2
781 840 3
783 829 4
785 946 7
791 845 8
791 921 7
791 994 9
797 901 7
799 965 8
800 922 2
804 860 1
816 858 2
820 930 8
823 964 9
824 845 7
835 894 2
845 984 3
849 899 2
861 941 3
864 976 6
886 935 6
890 920 6
894 909 3
915 980 4
942 978 4
956 988 1
966 982 2
971 995 3
