1000 1197
5 83 39 16 12 1 80 31 54 67 12 17 7 47 99 9 36 90 10 36 85 97 37 57 56 92 65 3 48 52 92 51 19 62 1 80 88 3 99 51 11 73 68 18 34 98 34 47 74 44 64 85 93 72 3 86 27 5 68 19 44 3 17 45 9 71 81 83 30 69 56 1 46 98 6 15 4 40 42 6 78 10 49 4 35 98 48 33 26 31 62 31 52 66 99 11 94 24 46 54 19 2 68 87 55 60 75 35 23 7 92 55 91 98 46 100 81 10 73 60 3 3 18 8 79 3 52 37 98 97 27 93 53 38 46 65 21 17 16 25 16 35 40 67 22 75 58 20 69 58 93 40 40 19 85 93 88 25 96 3 27 57 26 75 14 72 99 99 35 4 45 27 33 55 56 2 19 44 86 7 17 48 66 34 31 64 33 71 56 14 57 10 11 71 96 21 79 30 82 50 24 76 71 37 23 28 39 3 99 67 45 89 1 84 49 31 61 75 89 24 19 12 12 80 49 42 29 29 96 2 52 50 10 18 91 57 53 53 99 26 29 78 65 62 27 66 36 16 37 65 23 32 68 75 52 93 30 5 2 92 50 42 76 63 25 89 46 30 10 74 45 88 46 91 93 38 67 74 34 70 83 64 11 66 15 78 38 20 43 6 98 91 19 34 43 63 98 12 62 62 12 76 12 98 97 24 92 71 63 35 97 94 78 42 81 30 11 89 30 26 36 20 8 35 2 30 84 41 43 96 6 4 5 61 55 65 3 72 45 8 14 74 2 79 19 73 63 35 87 22 93 2 100 10 91 71 58 43 31 42 21 13 85 4 76 56 32 96 79 28 19 81 17 18 17 57 43 43 8 19 25 48 74 73 17 13 77 15 30 14 17 40 76 79 24 82 68 49 47 98 56 47 30 99 68 87 82 74 95 53 87 79 55 41 6 72 85 18 2 9 57 15 64 13 27 20 38 20 4 30 11 44 41 45 15 56 58 79 47 87 47 10 5 4 100 71 6 81 22 38 68 75 12 23 61 49 8 69 17 9 54 95 73 99 50 88 99 32 44 70 100 67 14 80 31 44 88 51 4 38 97 68 73 52 66 90 49 37 4 25 35 42 67 57 86 59 72 29 19 49 4 21 48 11 92 94 45 91 49 66 79 44 1 63 34 82 22 64 5 76 65 5 44 14 94 13 20 71 48 9 99 6 86 84 39 53 18 98 14 38 43 16 2 40 60 25 30 79 23 49 68 89 35 33 96 45 70 1 85 41 34 4 38 90 99 94 47 29 23 93 38 64 82 11 80 22 2 35 41 11 63 3 70 68 100 23 13 95 70 76 72 15 80 67 82 99 84 6 41 92 86 9 11 41 13 41 86 54 76 63 41 100 81 42 58 82 43 43 57 29 81 68 30 64 8 86 65 50 32 88 50 96 41 61 40 68 20 45 18 91 96 40 16 52 82 32 28 80 5 7 43 18 95 60 7 33 33 21 73 78 42 13 5 77 46 39 69 79 58 71 46 99 56 24 11 7 2 82 55 57 31 63 84 29 83 47 76 12 16 95 41 94 5 46 80 43 73 72 21 91 56 98 94 7 19 44 27 70 97 31 68 59 26 67 90 67 42 68 94 92 76 55 77 90 73 16 92 29 99 7 81 28 6 95 81 30 26 48 28 66 5 97 50 58 7 81 44 81 94 35 82 48 89 23 30 32 27 6 39 14 81 47 98 57 40 53 82 60 82 100 79 52 95 95 35 67 37 86 60 71 48 83 76 88 87 62 9 53 61 37 73 79 10 28 88 49 16 99 17 43 88 28 77 78 80 57 6 81 57 24 48 91 32 30 74 24 51 39 43 98 21 48 86 95 46 57 76 81 61 32 53 93 20 95 54 54 32 36 92 21 18 74 23 74 35 52 78 46 6 92 33 81 61 15 90 78 50 32 3 60 83 27 85 6 93 62 42 23 61 93 69 62 3 94 56 37 34 80 83 87 29 23 73 65 84 12 3 49 30 62 100 25 48 14 27 58 78 28 43 42 34 81 88 71 94 99 74 15 100 57 34 39 23 60 82 49 97 80 88 42 28 39 60 95 58 100 41 16 7 49 92 89 24 71 82 54 28 36 68 55 70 100 25 45 2 33 16 28 29 52 63 57 73 8 30 64 43 85 30 72 99 94 74 40 74 44 5 79 56 82 80 9 39 31 76 79 61 57 48 34 81 24 89 78 13 87 40 44 51 78 56 36 14 86 28 100 13 100 3 91
1 771 5
1 487 8
1 312 8
1 23 4
1 3 7
2 964 10
2 363 10
2 918 10
2 791 5
2 619 10
2 773 6
2 196 9
2 179 2
2 722 1
2 463 7
2 147 3
2 94 5
2 90 5
2 85 3
2 930 9
2 73 7
2 67 6
2 54 3
2 615 9
2 46 8
2 771 2
2 446 2
2 29 1
2 507 10
2 17 7
2 12 6
2 7 2
2 5 4
3 392 9
3 407 10
3 378 2
3 360 5
3 426 6
3 313 10
3 238 2
3 236 4
3 220 10
3 775 3
3 191 6
3 466 8
3 881 3
3 176 8
3 405 8
3 164 5
3 163 1
3 135 7
3 105 5
3 92 2
3 83 5
3 430 7
3 495 6
3 442 3
3 936 5
3 21 10
3 5 6
3 4 8
4 372 6
4 940 5
4 895 9
4 336 9
4 257 10
4 248 2
4 465 7
4 754 5
4 213 7
4 210 8
4 721 3
4 128 1
4 102 9
4 485 5
4 937 10
4 62 10
4 60 10
4 59 6
4 974 10
4 21 4
4 487 4
4 17 5
4 16 2
4 429 3
4 10 3
4 8 6
4 5 7
5 856 2
5 845 5
5 368 6
5 351 4
5 347 5
5 345 1
5 778 6
5 733 3
5 329 5
5 482 3
5 305 5
5 290 8
5 257 5
5 880 4
5 226 2
5 620 9
5 822 7
5 217 9
5 193 7
5 189 7
5 163 3
5 160 3
5 145 5
5 141 6
5 140 6
5 130 1
5 127 10
5 124 7
5 110 2
5 97 5
5 705 5
5 467 2
5 87 5
5 632 2
5 75 1
5 907 6
5 874 1
5 869 9
5 42 9
5 913 6
5 27 8
5 22 9
5 579 7
5 14 2
5 13 2
5 12 5
5 10 2
5 8 6
6 732 8
6 878 8
6 426 5
6 227 10
6 214 5
6 211 9
6 910 3
6 84 6
6 54 6
6 556 1
6 933 7
7 392 8
7 291 7
7 255 8
7 147 3
7 35 4
8 592 10
8 368 7
8 366 4
8 361 9
8 309 7
8 304 10
8 985 7
8 552 7
8 506 5
8 272 6
8 267 8
8 563 4
8 250 8
8 244 5
8 233 8
8 224 5
8 512 3
8 752 4
8 789 10
8 681 8
8 959 3
8 125 6
8 120 2
8 444 8
8 75 1
8 673 3
8 481 8
8 22 9
8 11 4
9 794 8
9 719 7
9 312 10
9 860 3
9 273 9
9 816 4
9 689 4
9 803 4
9 786 9
9 745 7
9 185 10
9 177 7
9 166 7
9 159 8
9 129 3
9 970 3
9 798 8
9 914 1
9 47 6
9 46 10
9 854 9
10 341 7
10 328 1
10 317 4
10 306 10
10 644 10
10 266 9
10 957 5
10 827 7
10 201 9
10 465 9
10 685 10
10 971 2
10 76 10
10 25 7
11 381 10
11 432 7
11 344 1
11 334 7
11 329 10
11 560 2
11 151 8
11 139 8
11 126 9
11 125 10
11 66 5
11 40 5
11 30 8
11 19 6
12 804 7
12 208 5
12 134 4
12 36 9
13 845 1
13 642 6
13 991 10
13 187 5
13 982 2
13 704 9
13 22 8
14 373 4
14 779 1
14 355 2
14 345 4
14 748 7
14 472 6
14 335 6
14 325 4
14 298 1
14 464 4
14 280 7
14 234 9
14 200 5
14 518 2
14 768 7
14 157 8
14 155 10
14 153 7
14 131 7
14 122 9
14 119 1
14 98 7
14 516 3
14 91 10
14 89 9
14 86 4
14 77 3
14 823 4
14 69 1
14 595 5
14 18 2
14 940 4
15 702 8
15 370 9
15 531 6
15 607 3
15 653 7
15 229 5
15 211 2
15 987 7
15 156 6
15 474 8
15 68 1
15 795 9
15 20 1
16 41 7
17 486 4
17 328 4
17 969 9
17 685 7
17 756 7
17 173 1
17 118 10
17 32 10
17 29 9
18 621 8
18 735 3
18 107 9
18 639 5
19 380 10
19 284 2
19 489 2
19 183 6
19 441 4
20 729 8
20 369 6
20 348 8
20 675 6
20 256 5
20 227 9
20 212 9
20 787 4
20 68 3
20 39 10
20 33 2
20 427 5
21 836 3
21 323 10
21 505 10
21 285 7
21 223 7
21 520 4
21 175 10
21 990 8
21 412 5
21 120 3
21 565 9
21 71 6
21 62 8
21 468 9
21 26 2
22 339 9
22 966 8
22 290 8
22 583 5
22 283 9
22 109 8
22 43 6
22 42 10
22 682 3
23 487 10
24 578 2
24 611 6
24 376 6
24 365 10
24 320 4
24 591 9
24 309 2
24 593 4
24 242 1
24 414 10
24 565 3
24 186 2
24 630 6
24 116 10
24 55 7
24 44 6
24 26 5
24 724 1
25 792 8
25 315 1
25 306 6
25 282 10
25 234 9
25 89 6
25 801 3
26 376 7
26 330 4
26 637 8
26 630 2
26 935 3
26 899 7
26 116 5
26 700 7
26 954 7
27 492 9
27 356 6
27 349 8
27 439 9
27 602 4
27 142 5
27 566 10
27 654 4
27 110 9
27 87 1
27 517 8
28 441 3
28 769 5
28 560 2
28 125 4
29 861 7
29 424 4
29 99 2
29 49 1
29 37 2
29 32 2
30 934 4
30 354 8
30 321 10
30 947 6
30 672 10
30 115 9
30 408 7
30 105 3
30 784 2
30 40 9
30 912 2
31 338 8
31 450 7
31 425 5
31 788 7
31 951 4
32 389 5
32 438 2
32 274 1
32 498 3
32 118 3
32 99 10
33 314 10
33 647 9
33 302 7
33 795 9
33 782 5
33 65 3
33 404 3
35 67 1
35 537 6
36 88 2
36 910 10
37 612 2
37 275 10
37 246 3
37 196 10
37 49 6
38 417 1
38 501 3
38 122 1
38 538 10
38 103 5
38 91 6
38 677 3
39 314 5
39 962 3
39 68 10
40 299 9
40 105 7
40 574 2
41 294 7
42 228 4
43 558 5
43 650 7
43 651 1
43 231 6
43 790 9
43 109 7
43 64 8
44 578 10
44 324 3
44 809 5
44 178 10
44 630 7
45 253 8
45 239 5
45 190 6
45 179 4
45 117 9
45 860 3
45 497 3
46 463 4
46 316 1
46 243 3
46 847 6
46 159 6
46 90 6
46 689 6
47 816 4
48 301 1
48 535 2
48 174 10
48 406 3
49 568 8
50 704 5
50 331 7
50 152 3
50 127 1
51 549 5
51 141 2
51 138 2
51 723 10
51 107 7
52 930 2
52 117 1
53 624 7
53 591 3
53 199 1
54 561 5
55 870 9
55 569 1
57 167 2
57 143 3
57 128 1
57 477 5
57 93 6
58 112 1
58 109 2
58 64 1
59 386 8
59 316 10
59 210 9
59 129 4
59 608 9
59 111 7
60 222 5
60 154 7
61 319 3
61 104 3
61 546 2
61 930 1
62 146 4
64 453 9
65 729 5
65 302 1
65 675 7
66 264 7
67 181 7
67 144 6
67 78 2
68 746 2
69 792 2
69 282 5
69 155 4
69 131 5
69 626 9
70 819 2
70 209 10
70 198 2
71 164 7
71 101 7
72 183 8
72 997 3
74 385 7
74 764 5
74 520 1
74 796 6
74 836 3
74 175 1
74 172 5
74 120 8
74 954 7
75 342 4
75 420 6
75 512 1
75 998 9
75 563 8
76 550 1
76 103 7
76 98 2
76 91 7
77 671 8
78 390 1
78 81 8
79 865 7
80 322 6
80 270 5
80 497 8
80 190 10
80 515 7
81 181 9
81 144 10
81 643 7
81 659 9
82 826 9
82 316 7
83 536 8
84 401 8
84 712 9
84 706 3
84 686 5
85 382 1
85 669 3
85 961 4
85 214 8
86 345 4
86 748 10
86 153 2
87 387 2
87 620 5
87 100 3
87 93 7
87 778 8
88 556 1
88 252 7
88 604 8
88 525 7
89 315 5
90 754 2
90 374 5
91 298 5
91 454 2
92 426 7
92 436 9
92 249 1
92 229 5
92 211 6
92 660 3
92 730 2
92 135 8
92 980 9
93 986 4
93 167 5
94 374 1
94 646 10
96 381 7
96 996 5
96 411 10
96 160 4
96 656 6
96 106 8
96 413 4
97 269 10
97 171 8
97 645 9
99 902 10
99 486 7
99 118 4
101 562 1
101 859 5
104 198 10
104 446 10
104 529 5
106 303 2
106 411 1
106 126 3
107 873 5
107 603 7
107 549 1
108 157 1
109 295 4
109 277 2
109 423 5
110 377 10
110 265 7
110 260 2
110 194 9
110 439 1
110 761 9
111 437 8
111 786 2
112 790 2
112 295 9
113 629 3
113 311 6
113 620 9
116 593 2
116 206 6
116 713 3
117 747 3
117 235 7
118 711 3
118 720 2
118 173 8
118 902 6
118 708 6
118 498 4
119 280 1
120 267 2
120 219 2
120 175 6
120 172 9
120 416 7
122 398 1
122 343 1
122 338 2
122 610 4
122 885 6
123 131 10
124 482 10
124 240 6
124 848 1
124 554 2
124 189 6
124 543 10
125 334 4
125 151 10
126 777 3
127 845 3
127 880 2
127 952 1
128 913 5
129 346 10
129 437 9
130 300 10
130 475 5
130 207 2
130 476 2
130 161 4
131 155 7
133 840 1
133 628 3
134 662 7
134 301 8
135 364 5
135 660 7
135 221 3
135 730 4
135 622 4
135 653 7
135 531 9
136 971 1
136 799 10
136 306 8
136 644 3
137 420 1
137 342 5
137 329 2
137 467 9
137 850 1
137 920 9
138 232 9
138 534 8
139 947 3
139 408 5
141 375 4
141 526 10
141 158 1
142 203 5
142 143 8
143 203 7
144 802 5
144 181 1
148 347 2
148 193 9
148 189 2
149 311 5
149 750 1
149 916 6
149 194 2
149 629 7
150 283 1
150 480 8
151 493 4
151 233 6
152 217 4
154 721 4
154 839 8
154 855 6
154 807 3
154 508 10
157 490 7
157 844 7
157 955 2
157 200 6
159 605 10
159 791 6
159 185 9
159 753 10
160 822 3
162 908 7
162 278 2
162 263 1
162 218 9
163 180 6
164 242 10
167 986 6
167 758 8
168 738 5
169 614 6
170 989 10
170 192 1
170 597 1
170 905 6
170 739 3
173 902 8
174 535 4
175 710 1
175 505 10
176 360 1
176 582 2
176 221 1
176 884 3
177 273 7
179 548 2
179 868 4
179 421 10
181 357 9
182 343 3
183 361 10
183 284 4
183 250 6
183 241 6
184 879 8
184 614 4
184 932 3
186 687 10
186 565 4
186 956 9
188 480 2
189 205 4
190 551 6
190 253 4
191 980 5
191 730 3
192 701 8
192 216 7
192 811 9
193 676 5
193 718 2
193 767 4
194 762 1
194 683 10
195 903 10
195 584 9
195 308 8
195 597 4
195 259 7
195 510 7
195 451 5
195 811 10
196 246 3
196 773 4
196 698 5
197 582 1
197 474 7
198 819 9
198 722 2
199 752 2
199 661 3
199 444 6
200 335 2
201 873 7
202 399 9
202 230 5
204 362 7
204 533 6
204 901 2
206 473 2
208 609 8
210 386 4
211 436 7
212 289 2
212 256 6
212 449 1
212 944 10
213 506 8
215 757 6
216 584 3
217 331 6
218 373 3
218 263 10
218 464 3
218 433 9
221 766 1
221 370 3
221 678 3
221 953 2
222 757 5
222 839 6
223 710 6
224 395 10
225 756 4
225 957 3
225 963 1
227 732 4
229 622 8
232 549 8
232 415 8
232 534 3
232 603 7
235 503 9
236 299 6
236 574 9
237 690 1
238 808 1
240 482 10
241 481 9
241 649 10
242 829 2
245 413 2
246 363 2
246 612 1
246 275 8
246 271 4
246 262 8
247 504 7
251 269 1
251 645 6
254 881 2
254 321 1
256 812 3
257 452 10
258 459 10
260 492 4
261 949 10
261 910 10
265 900 9
265 566 4
265 439 7
266 282 9
267 394 1
267 337 9
267 318 4
267 416 9
268 454 6
268 695 10
270 551 5
271 523 8
272 385 7
272 717 4
272 616 7
272 499 4
275 938 4
278 388 5
281 468 2
282 792 3
287 354 1
287 408 5
287 509 3
287 725 8
287 830 2
288 350 3
290 733 5
295 558 10
296 572 8
298 929 6
299 574 8
303 777 8
305 656 6
308 597 9
310 783 9
310 686 10
310 817 3
311 577 8
311 750 5
313 333 7
313 442 6
315 336 4
315 410 4
316 925 6
317 641 8
318 323 9
320 713 4
320 618 1
322 514 6
322 745 5
323 412 5
323 581 6
324 494 8
325 633 1
328 957 6
328 685 8
330 637 4
330 954 10
333 378 1
333 457 7
334 769 3
335 472 6
335 627 2
335 805 4
335 403 6
335 484 5
336 774 9
337 394 3
337 416 10
338 398 1
338 362 1
338 759 2
338 450 6
338 951 9
340 896 4
340 360 5
340 540 5
340 715 8
341 657 5
341 963 10
343 610 9
345 353 6
345 696 9
345 768 3
346 488 7
347 658 9
348 555 8
349 973 3
349 900 3
353 539 9
354 688 10
354 691 5
354 509 5
355 844 5
357 802 3
360 668 4
360 540 10
360 977 7
360 884 4
361 481 8
362 478 10
362 788 10
363 813 5
363 619 2
365 681 10
365 618 5
366 763 1
366 521 2
366 496 7
370 953 2
370 987 2
370 882 10
372 994 9
372 462 6
374 646 2
376 935 7
378 405 5
378 906 2
381 413 5
383 849 3
383 821 5
384 853 8
385 616 1
386 608 1
388 797 8
395 434 3
395 942 5
395 781 3
395 931 4
396 985 9
396 648 6
397 934 7
397 635 5
401 817 3
401 638 5
401 706 5
403 940 2
404 707 4
404 458 6
405 740 5
406 587 2
407 668 9
407 842 8
407 896 4
410 801 9
410 895 2
411 996 1
412 853 8
420 528 4
420 697 5
420 432 5
421 868 7
421 751 10
422 645 8
425 788 1
426 878 7
427 647 10
432 697 2
433 464 7
434 648 5
439 815 10
439 761 1
441 699 5
442 740 4
442 872 4
443 861 9
443 596 7
444 911 4
447 569 5
447 870 6
448 915 9
448 518 5
451 701 5
459 646 7
463 605 8
466 737 2
472 888 6
474 582 7
476 869 6
477 887 4
479 874 1
482 513 2
482 543 4
487 863 6
490 623 6
492 530 9
493 875 6
501 519 4
505 922 9
506 552 4
507 690 4
508 855 6
508 567 2
508 634 5
509 830 7
509 691 9
511 716 8
514 719 9
514 667 4
514 892 2
515 854 1
515 719 5
515 892 4
518 575 3
518 915 9
520 700 6
524 687 5
526 978 8
530 907 8
531 766 5
539 541 10
540 544 4
542 731 5
552 573 2
553 606 9
559 933 2
559 795 3
561 615 6
561 918 10
562 859 9
564 604 4
566 602 8
569 760 8
571 724 2
577 814 8
577 692 6
584 680 10
587 741 8
588 725 5
594 802 8
596 861 3
597 903 3
598 888 1
604 949 5
605 753 6
616 693 7
618 681 8
622 941 6
623 984 5
623 670 7
623 736 7
623 955 10
625 834 3
631 643 6
635 923 6
638 706 8
642 650 5
655 710 2
655 726 9
658 718 4
660 924 6
667 745 8
668 679 3
675 729 1
676 718 8
682 838 4
687 992 7
688 830 10
689 806 9
692 814 10
693 717 10
694 814 7
701 811 10
706 862 7
708 720 9
715 886 6
719 803 8
720 820 3
722 983 9
725 755 2
733 966 3
739 989 1
745 798 6
745 970 1
747 860 6
748 779 10
748 841 9
753 791 5
758 765 5
772 917 3
779 972 2
781 931 3
782 962 4
786 794 10
791 964 7
795 995 7
801 939 7
804 976 10
821 849 5
823 946 5
835 928 7
841 972 3
845 952 2
849 891 8
850 920 10
852 906 3
853 890 9
894 900 10
895 939 2
915 988 5
919 927 8
922 979 4
