1000 1197
5 94 20 75 71 47 49 48 96 33 28 45 64 100 68 74 76 83 54 92 71 50 7 6 28 42 80 18 27 35 9 90 20 32 15 7 84 11 70 73 3 35 47 16 74 2 27 96 65 58 73 20 95 25 64 94 97 40 50 9 94 16 25 81 2 70 49 9 4 18 12 9 99 74 27 1 87 46 90 21 24 98 97 36 44 72 47 97 22 63 1 2 18 19 56 63 9 48 89 76 81 99 84 20 58 15 90 90 53 12 2 44 59 41 96 86 2 17 91 24 57 29 94 85 91 76 85 16 99 12 4 85 67 29 7 95 59 3 34 58 60 47 39 30 12 59 40 48 70 14 78 43 71 96 68 46 76 8 94 98 20 30 33 18 81 51 97 65 29 16 63 63 67 50 89 80 5 73 58 20 36 19 30 90 2 4 77 35 100 59 33 89 100 26 50 94 79 24 44 78 44 81 49 18 68 18 5 51 71 47 1 64 66 13 65 68 88 1 54 37 46 16 18 19 59 77 27 23 61 57 17 34 46 88 72 100 46 55 21 39 20 11 1 54 15 74 21 17 60 55 60 81 86 86 71 65 70 11 24 68 40 66 5 62 21 97 70 99 43 10 90 100 99 76 32 69 45 89 75 40 42 65 64 30 72 94 66 71 100 28 42 66 15 9 95 94 63 7 79 40 78 61 27 29 19 28 63 39 93 96 88 72 25 66 43 25 86 9 94 18 95 60 27 13 21 49 96 3 23 41 76 22 72 50 12 74 68 47 2 88 42 25 19 58 51 100 17 9 43 17 15 88 94 6 58 9 79 13 50 59 43 95 95 76 54 81 70 27 10 88 93 66 20 38 64 67 81 85 66 42 93 86 67 84 1 27 81 82 85 70 52 40 28 88 72 89 88 55 40 83 97 71 25 25 4 78 41 98 17 21 14 53 11 31 21 11 45 97 29 55 25 18 83 7 61 48 73 81 57 93 90 100 1 58 13 20 35 31 41 46 38 18 52 29 76 4 37 5 15 62 59 36 56 3 87 87 24 76 41 100 73 42 65 10 4 48 40 79 94 63 38 52 36 44 96 74 45 68 73 32 89 17 23 4 24 50 31 85 100 20 64 91 95 37 90 8 90 75 34 76 24 67 36 36 11 97 51 72 18 87 88 11 12 35 21 93 18 79 93 53 18 89 37 16 20 4 25 52 39 48 41 61 89 73 68 59 83 9 66 9 6 34 71 19 88 97 60 93 35 9 77 51 99 56 3 43 72 38 6 82 64 18 39 77 21 87 46 45 100 4 82 68 96 11 91 90 39 8 31 26 47 44 11 82 68 19 92 42 22 41 62 79 95 78 34 91 57 38 50 15 90 80 78 93 50 93 67 83 30 65 30 69 76 4 7 5 60 87 59 99 12 44 42 95 75 65 42 82 28 85 22 82 57 70 24 13 11 1 48 38 17 36 47 60 8 63 73 19 5 97 72 78 8 19 27 32 46 71 89 6 20 94 68 72 21 51 24 80 74 97 23 58 63 14 74 97 69 18 18 84 28 53 27 52 98 41 90 21 80 90 18 57 41 70 79 14 8 19 12 67 17 32 73 73 56 90 71 83 54 58 35 66 41 98 4 96 40 4 77 86 20 73 14 13 80 68 99 35 67 7 26 31 86 91 46 34 80 8 77 48 7 9 45 76 12 67 1 94 22 77 59 44 90 82 52 85 23 87 95 67 31 65 46 12 57 28 66 56 55 73 5 3 74 66 96 8 61 35 81 47 59 9 78 48 42 72 64 7 60 91 88 71 62 2 56 82 86 92 62 43 37 99 10 50 93 22 84 30 15 86 22 43 90 73 100 61 84 39 82 25 65 72 37 38 93 98 94 6 100 51 95 95 67 28 56 59 16 8 10 54 32 62 6 30 49 10 67 97 96 35 84 79 57 67 97 66 6 59 75 62 10 28 82 81 52 98 5 55 5 6 62 69 1 54 87 93 38 5 46 85 9 29 90 55 55 55 61 9 68 17 28 26 80 7 46 78 79 52 13 92 67 97 80 65 81 32 70 86 72 21 97 63 22 75 28 27 4 12 80 91 36 83 66 60 66 63 51 89 67 71 44 88 81 23 51 31 84 17 90 76 21 81 83 34 45 2 45 31 15 79 48 33 5 12 70 80 73 31 38 62 73 36 15 17 59 43 12 50 96 88 98 63 10 45 97 89 43 13 32 69 100 39 29 78 29 24 39 56 40 80 2 83 45 7 85 78 44 37 97 50
1 380 7
1 432 4
1 406 1
1 211 10
1 62 9
1 20 6
1 4 1
1 2 8
2 427 1
2 376 7
2 618 7
2 358 3
2 602 2
2 352 4
2 494 3
2 939 10
2 481 9
2 545 7
2 750 4
2 278 3
2 275 8
2 453 3
2 978 10
2 248 6
2 198 4
2 181 8
2 163 1
2 158 2
2 950 6
2 506 1
2 115 5
2 113 3
2 95 1
2 79 10
2 76 2
2 984 8
2 691 5
2 43 1
2 546 7
2 32 10
2 30 10
2 22 2
2 17 7
2 12 7
2 11 4
2 8 5
2 6 1
2 4 8
3 470 6
3 921 2
3 383 6
3 590 3
3 341 1
3 301 2
3 490 5
3 273 1
3 244 3
3 237 2
3 463 2
3 178 2
3 761 8
3 456 9
3 123 2
3 102 6
3 92 8
3 542 5
3 68 4
3 35 3
3 30 4
3 24 2
3 20 1
3 13 6
3 10 4
3 7 10
4 380 8
4 379 8
4 905 9
4 323 9
4 299 7
4 601 5
4 285 10
4 454 8
4 696 7
4 222 6
4 173 9
4 656 3
4 973 7
4 835 6
4 96 10
4 91 3
4 82 8
4 75 10
4 64 1
4 58 10
4 664 10
4 31 2
4 24 4
4 438 3
4 20 4
4 18 9
4 14 3
4 9 2
4 8 10
4 6 8
4 5 7
5 557 4
5 392 6
5 674 9
5 919 3
5 451 9
5 773 1
5 629 1
5 435 1
5 275 4
5 458 5
5 261 2
5 556 1
5 516 6
5 229 3
5 925 10
5 219 6
5 581 8
5 539 9
5 185 2
5 459 4
5 589 7
5 740 2
5 986 3
5 507 1
5 518 5
5 116 3
5 726 8
5 899 8
5 808 5
5 78 9
5 945 3
5 72 2
5 540 9
5 60 6
5 41 5
5 39 7
5 26 5
5 25 2
5 475 7
5 11 10
6 329 7
6 95 3
6 559 1
6 8 9
7 496 5
7 662 5
7 664 10
7 974 10
7 259 2
7 539 4
7 509 10
7 172 10
7 642 3
7 130 5
7 85 8
7 40 7
7 437 7
7 14 9
7 13 3
7 10 6
8 691 5
8 420 4
8 666 10
8 249 8
8 533 9
8 184 3
8 985 3
8 115 4
8 672 10
8 64 4
8 12 10
9 382 6
9 285 10
9 909 2
9 119 3
9 448 5
9 727 9
9 19 9
10 608 9
10 322 4
10 290 1
10 597 2
10 935 3
10 746 4
10 160 7
10 623 8
10 138 2
10 114 5
10 110 5
10 106 8
10 493 7
10 50 3
10 503 2
10 48 7
11 726 5
11 362 1
11 902 10
11 332 1
11 303 2
11 834 1
11 288 4
11 272 3
11 962 3
11 246 2
11 239 3
11 861 7
11 123 4
11 117 10
11 108 3
11 793 6
11 781 1
11 30 3
11 23 10
12 393 6
12 336 4
12 184 9
12 165 4
12 161 4
12 147 6
12 59 1
12 57 9
12 32 10
12 17 4
13 375 2
13 475 7
13 843 1
13 199 4
13 183 3
13 715 2
13 670 5
13 139 6
13 92 9
13 33 6
13 809 2
14 612 2
14 695 10
14 366 8
14 347 4
14 479 1
14 509 5
14 480 9
14 162 5
14 85 3
14 65 7
14 39 5
15 350 2
15 824 9
15 452 9
15 264 8
15 233 8
15 534 1
15 840 6
15 71 9
15 69 9
15 924 10
16 907 9
16 220 4
16 217 6
16 699 3
16 68 2
17 472 3
17 333 8
17 238 2
17 147 3
17 101 8
17 978 6
17 59 3
17 43 9
17 443 2
18 395 7
18 433 10
18 504 10
18 237 6
18 232 7
19 733 4
19 619 1
19 55 2
20 505 6
20 535 7
20 104 5
20 775 9
20 27 4
21 328 6
21 532 5
21 606 10
21 282 6
21 262 7
21 445 3
21 776 10
21 660 2
21 710 10
21 142 8
21 551 10
21 534 8
21 86 8
21 58 3
21 53 9
21 51 8
21 49 8
21 31 7
22 598 7
22 233 9
22 209 6
22 181 3
22 549 3
22 127 9
22 113 8
22 889 8
22 90 4
22 84 9
22 38 1
23 768 2
23 579 1
23 200 9
23 174 9
23 699 9
23 117 3
24 535 4
24 27 6
24 732 5
25 324 5
25 313 4
25 306 10
25 300 9
25 229 5
25 720 6
25 204 1
25 819 9
25 169 10
25 562 7
25 116 10
25 112 2
25 41 7
26 363 1
26 726 8
26 965 3
26 952 9
26 81 9
26 47 9
27 505 2
27 260 6
27 775 9
27 661 10
28 735 3
28 865 9
28 242 6
28 615 9
28 958 3
28 54 1
29 132 5
29 34 8
30 698 6
30 338 6
30 434 8
30 994 10
30 108 1
30 413 8
30 417 5
31 404 6
31 321 5
31 317 6
31 310 8
31 760 5
31 502 7
31 988 1
31 813 7
31 763 4
31 419 8
31 651 4
31 109 5
31 105 10
31 103 8
31 86 6
31 654 4
31 53 6
31 409 4
31 411 3
32 371 1
32 823 8
32 844 2
32 563 4
32 101 5
32 57 7
34 255 2
34 249 10
34 230 4
34 634 6
34 891 3
34 136 9
34 89 1
34 46 8
34 937 10
35 338 1
35 770 6
35 963 2
35 163 6
35 88 10
35 931 1
36 387 6
36 355 2
36 530 10
36 125 3
36 758 1
36 105 4
36 58 3
36 876 7
37 104 1
38 391 9
38 753 6
38 181 7
38 685 5
38 142 3
38 122 3
38 94 8
39 951 4
39 82 8
40 548 7
40 192 4
40 714 1
40 991 9
40 791 10
41 357 10
41 871 8
41 307 6
41 306 5
41 785 7
41 678 3
41 256 6
41 236 3
41 582 2
41 709 4
41 191 6
41 187 1
41 180 4
41 166 3
41 787 4
41 638 5
41 149 9
41 522 8
41 133 1
41 87 1
41 73 3
41 60 2
41 47 9
41 42 10
42 637 6
42 257 2
42 189 10
42 144 8
42 126 2
43 329 4
43 788 3
44 370 1
44 487 8
44 798 9
44 883 1
44 211 8
44 423 4
44 83 8
44 70 9
44 961 1
44 414 9
45 529 3
45 74 10
46 378 4
46 293 4
46 242 10
46 188 9
46 170 10
46 121 3
46 63 9
46 780 2
47 361 7
47 135 9
47 98 1
47 97 8
47 784 1
47 72 7
47 60 4
48 91 10
48 428 4
48 957 6
49 295 5
49 84 3
49 80 7
49 51 3
51 890 7
52 642 7
53 280 2
53 164 8
54 578 6
54 223 2
54 891 3
54 136 2
55 382 1
56 254 4
56 549 2
56 127 6
56 122 5
56 832 9
57 443 3
57 690 4
57 572 9
57 93 2
58 438 7
59 393 2
59 333 3
59 93 6
60 446 1
60 72 5
61 409 7
62 266 6
62 167 2
62 83 4
63 401 7
63 856 2
63 243 5
63 225 7
63 205 1
63 188 8
63 107 10
63 987 7
64 533 5
65 945 2
65 694 4
65 215 7
65 942 2
66 345 5
66 201 6
67 389 1
67 493 9
67 503 4
67 469 6
67 194 3
67 160 3
67 845 3
67 102 3
67 576 3
68 217 3
68 893 8
68 174 3
69 350 5
69 939 8
69 71 7
70 390 3
70 736 7
70 277 8
70 266 5
70 83 4
71 824 1
72 231 10
73 361 8
73 403 5
73 521 2
74 377 2
74 529 1
75 827 8
75 179 1
75 125 9
75 96 5
75 992 6
75 702 5
76 362 3
76 793 1
77 457 1
77 228 6
77 126 2
77 586 3
78 480 4
79 481 10
80 372 5
80 450 7
80 752 9
80 282 9
80 887 3
80 175 3
80 877 10
80 898 2
81 191 8
81 87 3
82 951 7
82 212 7
83 410 4
83 624 1
83 154 7
83 560 9
83 423 2
85 192 1
85 509 5
86 247 10
86 234 5
86 157 10
86 760 9
86 486 6
87 483 6
87 191 9
87 461 9
87 98 1
87 671 4
88 679 4
88 163 1
90 209 9
90 658 5
91 137 7
91 957 10
92 269 9
92 183 10
92 148 2
92 430 6
94 339 9
94 754 2
95 329 10
95 158 4
95 1000 3
95 687 9
96 317 1
96 901 6
96 822 2
97 488 6
97 965 7
98 196 5
99 818 10
99 895 1
100 321 10
100 267 7
100 253 8
100 201 1
100 141 6
101 270 10
101 453 2
101 500 9
101 904 4
101 755 5
102 576 2
102 118 8
102 114 7
102 106 8
103 651 5
104 260 7
104 661 4
104 415 8
105 186 2
105 140 4
106 399 3
106 608 2
106 301 1
106 138 3
107 243 5
107 987 4
108 319 6
109 157 7
109 660 2
110 734 10
110 341 10
110 244 4
111 333 3
111 910 2
112 959 5
112 804 7
112 124 1
113 954 7
114 503 5
114 584 9
114 825 10
114 611 2
114 216 9
114 597 3
115 478 5
115 814 6
116 557 4
117 303 3
117 474 7
117 200 2
118 216 10
119 742 6
119 847 4
120 143 8
121 920 9
121 302 1
121 700 7
121 230 8
121 221 9
121 777 9
122 203 10
123 417 1
123 477 6
124 894 4
124 236 7
124 149 8
125 990 2
125 973 6
128 378 8
128 348 6
128 938 4
128 255 9
128 600 10
128 981 9
128 511 5
129 769 10
129 224 10
129 190 3
129 936 3
130 790 8
130 286 1
131 347 1
131 134 1
133 871 8
134 304 9
135 256 10
135 833 3
135 571 6
135 636 4
137 701 10
138 976 1
140 896 3
141 681 10
141 227 3
141 607 10
141 774 3
141 852 9
141 201 4
141 697 8
142 546 4
142 846 5
144 796 9
144 297 4
144 284 1
144 240 2
144 693 10
144 564 1
144 168 10
145 372 9
145 359 9
145 264 10
145 497 8
145 771 7
146 286 6
146 176 7
148 430 7
149 343 8
149 628 1
149 522 10
149 556 6
151 239 2
151 698 6
152 251 6
153 836 10
154 390 2
154 997 6
154 675 10
156 491 7
156 362 1
156 853 1
158 248 6
158 1000 3
159 247 8
160 395 9
160 389 2
160 872 8
161 543 10
161 165 4
161 948 3
161 499 2
163 888 2
163 807 5
165 969 5
167 410 8
167 279 6
167 613 6
167 171 8
168 284 6
169 919 5
169 984 6
170 378 3
170 365 9
170 777 7
170 795 5
171 312 2
172 744 4
172 208 1
172 437 9
173 354 3
173 566 5
173 901 7
174 699 1
174 402 2
175 534 8
175 614 2
175 887 9
176 744 2
177 297 5
178 922 3
178 642 4
178 761 4
179 765 5
180 320 9
180 616 3
180 196 1
181 506 1
181 544 6
182 395 2
182 373 1
182 464 10
182 617 7
182 194 6
183 309 7
184 466 8
184 574 4
184 559 1
185 342 9
185 518 10
186 550 6
186 896 10
187 569 7
187 235 1
187 593 2
187 585 2
188 700 4
189 213 4
190 371 4
190 854 6
191 638 8
191 193 5
192 817 1
193 751 9
194 373 2
194 561 1
195 527 6
196 671 2
197 325 2
197 249 7
198 376 1
198 747 5
198 980 9
199 706 10
199 843 6
199 281 3
200 246 4
201 253 8
201 882 2
201 792 7
203 339 9
205 856 5
205 225 10
206 338 10
206 770 1
206 859 2
207 254 4
208 790 10
209 416 3
210 803 3
210 872 9
210 515 2
210 573 6
211 406 1
211 941 5
213 228 6
214 919 6
216 596 2
217 289 2
217 893 9
218 444 10
220 677 8
221 365 8
221 489 4
221 335 10
221 314 8
221 271 8
222 659 1
224 904 5
224 769 2
225 856 1
225 920 5
226 779 1
227 607 10
227 739 2
235 385 3
235 862 2
237 504 10
237 799 2
238 315 6
243 401 2
244 341 3
244 782 8
244 734 1
244 940 9
245 711 3
246 388 1
246 966 6
246 332 6
246 303 6
246 426 6
247 316 3
249 634 9
250 553 9
252 336 2
252 918 1
253 267 3
254 549 5
255 938 3
255 511 4
256 582 2
256 396 2
256 384 6
256 604 7
256 728 8
256 307 4
256 403 3
256 683 2
256 571 9
259 492 7
259 974 5
260 415 4
261 595 5
261 925 1
262 387 6
262 355 2
263 287 8
264 412 2
264 359 6
264 643 9
264 830 1
266 736 6
268 847 8
268 448 8
270 978 9
271 849 3
272 668 5
272 300 7
272 748 4
272 625 5
274 348 7
274 314 7
274 981 8
274 716 3
275 536 4
277 423 4
278 788 3
279 526 8
279 410 1
281 706 8
282 450 10
285 394 4
287 577 4
288 374 6
288 632 3
288 554 1
290 746 10
293 777 4
294 531 8
294 308 2
294 574 8
296 857 8
301 976 5
302 348 8
302 716 7
303 426 4
305 360 1
307 759 10
307 403 3
310 419 9
312 627 1
320 461 1
321 411 9
321 774 10
322 734 4
324 459 8
325 831 1
325 476 1
326 488 2
326 570 6
326 518 4
327 388 4
327 344 10
327 332 9
327 902 2
329 749 6
329 519 9
334 839 4
335 489 8
336 418 9
337 501 10
337 416 5
338 859 3
339 928 8
339 754 10
342 723 5
342 851 5
343 451 4
343 525 9
344 426 5
351 619 9
353 724 5
353 781 4
355 387 9
355 530 8
357 709 9
357 871 8
367 849 5
369 695 6
369 817 7
371 886 8
371 936 4
371 667 10
371 648 2
372 497 7
372 520 10
373 455 5
375 843 7
376 916 4
378 795 3
378 568 3
380 432 3
383 413 3
383 590 8
384 604 4
384 833 7
384 636 3
384 567 3
384 785 1
385 585 2
385 593 5
386 613 8
392 446 9
393 910 5
394 704 4
395 610 5
396 756 3
396 604 7
398 592 6
398 599 7
400 405 2
403 408 9
404 452 5
410 624 3
411 681 10
413 885 7
417 524 6
417 647 6
422 826 3
422 697 8
424 730 4
424 594 1
424 609 4
424 588 1
429 439 9
429 644 3
432 541 10
434 698 6
435 539 3
437 869 1
439 639 6
439 728 10
441 767 8
441 868 2
443 472 6
444 824 3
447 865 7
448 552 6
448 742 3
453 500 6
454 583 9
456 967 8
456 979 6
456 914 3
456 463 10
459 740 5
460 647 1
460 524 7
464 528 7
465 512 7
465 885 6
465 471 9
468 850 7
468 656 6
469 743 4
470 705 9
470 686 8
473 866 3
484 721 2
486 710 4
491 724 8
493 764 5
493 811 8
495 603 10
501 806 2
509 829 6
511 938 2
519 749 10
522 628 2
524 815 9
528 892 1
528 689 7
528 930 10
530 876 5
533 565 9
540 905 9
543 737 1
546 955 7
546 602 3
546 717 5
546 846 9
547 775 2
548 605 1
548 714 5
548 837 7
552 847 5
552 742 10
554 668 3
556 589 9
556 977 10
556 873 2
557 745 8
557 864 9
557 740 3
562 962 4
568 600 1
571 639 8
575 918 7
576 743 8
576 707 6
578 960 9
582 683 6
585 593 9
586 932 5
588 609 5
588 617 7
589 873 4
590 655 7
591 854 3
597 611 2
602 753 9
602 717 6
602 750 4
602 863 5
606 971 2
607 852 8
610 630 8
612 817 9
613 665 3
614 898 9
615 735 9
620 864 8
620 745 4
622 761 5
623 652 5
623 764 6
647 820 9
648 783 3
655 921 7
663 798 8
663 956 2
664 974 5
664 835 2
666 680 1
667 783 4
676 855 9
682 846 4
687 794 4
694 942 1
697 826 1
699 907 4
713 791 6
713 714 6
717 946 9
723 851 6
725 831 5
727 733 9
752 877 4
752 855 4
752 816 4
758 776 1
765 972 9
765 968 9
767 868 2
786 998 8
789 909 7
808 878 4
816 855 1
822 982 2
822 968 9
822 858 7
827 992 6
830 897 5
846 955 7
851 933 10
855 996 3
858 968 8
858 972 1
859 994 5
894 912 6
968 972 10
