1000 1197
5 32 78 81 31 87 71 92 96 21 58 80 58 62 44 2 10 93 74 56 6 41 98 65 15 15 67 88 4 76 30 3 34 54 64 6 74 76 44 95 45 14 8 11 39 34 91 32 40 76 14 76 23 25 59 97 63 57 23 23 97 5 97 44 36 25 4 78 65 47 54 21 99 94 50 75 5 6 27 7 3 15 81 82 62 94 80 80 36 78 83 75 14 3 80 49 56 66 58 75 44 11 15 17 31 34 45 94 32 27 88 21 68 55 77 37 79 91 27 61 78 99 99 57 43 8 14 85 83 6 30 74 84 49 95 89 49 69 45 49 73 29 49 61 65 97 98 84 61 56 47 54 64 29 47 14 54 56 28 21 77 23 84 94 52 82 31 68 30 60 14 64 64 34 49 89 18 46 22 16 92 61 44 93 14 92 12 41 29 71 68 74 70 84 24 34 95 95 92 6 6 5 81 85 11 78 39 81 89 69 4 47 55 79 57 91 56 78 90 87 68 34 78 71 21 88 68 63 5 84 92 65 9 16 46 76 71 59 50 43 49 25 10 66 47 47 89 7 50 24 61 17 44 71 4 29 35 71 92 10 71 93 93 86 18 70 80 6 3 64 71 51 6 5 13 9 39 90 61 53 32 64 32 83 20 33 95 28 2 42 47 33 67 91 73 64 83 29 78 57 35 6 82 52 56 53 68 24 49 6 70 88 2 31 22 9 38 26 77 100 85 24 14 29 1 59 55 5 99 60 59 11 13 74 14 23 72 45 3 79 78 27 1 28 12 99 8 55 68 94 29 78 33 28 37 84 2 49 46 72 57 99 50 78 55 76 68 12 42 84 16 73 84 79 79 53 26 85 36 100 9 62 39 98 94 38 91 62 51 34 8 71 52 98 18 9 12 53 57 12 7 28 79 41 36 15 24 79 93 44 5 99 98 99 37 55 34 28 83 34 41 14 70 86 57 77 91 99 79 16 14 4 75 70 8 42 46 9 57 91 59 98 46 100 65 63 84 1 48 50 56 16 46 70 11 32 85 20 74 44 29 5 77 87 86 22 33 42 29 27 90 82 66 5 55 77 46 89 26 87 23 100 89 12 17 47 96 38 68 12 83 4 70 12 30 29 64 45 5 29 18 69 99 23 29 32 35 60 10 57 91 5 34 8 70 30 9 65 34 2 2 13 33 59 5 9 49 72 82 99 65 12 100 51 10 19 73 77 52 5 29 99 86 35 16 22 17 73 94 21 79 91 74 68 54 61 99 30 14 75 21 44 6 65 19 5 85 83 18 57 17 71 98 80 83 37 69 39 38 19 24 92 66 85 46 17 38 88 100 77 46 54 35 31 4 42 66 30 67 27 38 99 11 63 3 25 42 57 67 38 85 60 98 21 12 95 20 61 25 34 66 94 17 96 39 3 92 19 50 28 63 65 42 64 17 1 85 12 5 100 56 87 40 95 86 41 84 38 27 19 46 74 4 25 13 3 19 98 42 27 97 15 7 18 57 57 59 25 97 28 2 64 76 59 82 27 70 34 27 29 17 99 56 41 76 65 8 15 79 20 51 26 81 27 42 79 88 36 34 94 50 82 11 83 9 100 99 72 47 88 6 18 80 76 99 84 89 37 55 72 55 100 13 11 1 23 73 80 45 15 37 58 30 73 51 90 71 90 66 90 89 37 83 80 59 64 71 60 74 38 85 96 96 80 43 54 36 7 6 43 96 16 54 62 62 11 51 1 26 12 6 52 12 31 45 41 10 64 74 36 66 48 68 68 84 34 45 59 47 20 4 99 33 17 57 18 6 71 20 74 4 57 15 29 51 50 77 34 46 41 52 13 97 94 24 7 43 77 40 70 16 60 62 37 40 99 60 100 58 69 10 68 14 10 45 22 23 10 99 51 89 25 84 64 5 87 68 23 11 2 94 67 85 38 18 68 93 12 39 51 9 65 87 72 51 99 98 77 79 64 26 52 42 66 34 57 32 6 31 65 70 35 97 39 82 84 76 67 20 21 56 24 18 39 17 95 61 86 95 34 73 36 45 13 38 68 37 5 67 74 28 20 77 15 91 97 94 66 100 65 24 50 81 42 62 32 74 52 18 31 15 28 82 8 88 18 18 6 59 30 69 24 7 73 59 55 18 19 51 1 85 83 88 14 50 56 67 48 3 45 72 29 32 82 4 21 79 77 22 3 10 99 67 56 43 13 69 93 10 10 72 56 93 55 52 16 95 61 55 8 81 7 31 99 2 64 83 91 44 71
1 737 4
1 791 5
1 575 7
1 285 10
1 271 9
1 259 4
1 534 7
1 127 6
1 893 6
1 94 3
1 875 4
1 67 8
1 821 8
1 17 2
1 3 2
1 2 1
2 924 3
2 826 5
2 23 10
2 5 2
2 4 5
3 421 2
3 353 1
3 432 8
3 844 4
3 221 6
3 982 10
3 206 4
3 177 10
3 454 7
3 145 6
3 786 2
3 494 3
3 669 10
3 507 7
3 84 9
3 529 1
3 63 3
3 54 8
3 37 2
3 805 6
3 606 9
3 776 8
3 22 9
3 15 2
3 7 10
3 5 9
4 773 7
4 884 2
4 807 3
4 375 1
4 554 10
4 804 9
4 362 3
4 408 4
4 703 8
4 346 3
4 325 5
4 320 2
4 878 7
4 943 10
4 309 10
4 300 8
4 290 10
4 693 2
4 841 9
4 281 8
4 264 1
4 263 8
4 944 8
4 227 7
4 847 10
4 222 10
4 219 10
4 898 9
4 835 5
4 738 4
4 588 3
4 194 4
4 952 7
4 538 3
4 175 3
4 852 7
4 156 3
4 150 5
4 146 8
4 142 7
4 417 7
4 135 2
4 134 6
4 122 9
4 119 6
4 442 5
4 99 3
4 93 5
4 591 2
4 87 4
4 85 1
4 77 2
4 557 1
4 75 9
4 961 9
4 70 5
4 578 6
4 69 2
4 931 8
4 850 6
4 423 6
4 61 1
4 621 4
4 533 6
4 39 5
4 38 2
4 27 7
4 24 7
4 23 2
4 545 6
4 18 9
4 17 6
4 16 3
4 709 5
4 14 6
4 704 5
4 12 1
4 9 5
4 5 2
5 377 10
5 779 3
5 258 7
5 553 10
5 180 2
5 176 5
5 489 3
5 140 1
5 139 1
5 126 9
5 123 4
5 714 6
5 106 1
5 91 7
5 52 3
5 47 10
5 46 5
5 31 8
5 22 3
5 14 3
6 962 7
6 443 6
6 336 4
6 559 6
6 221 1
6 204 6
6 907 4
6 65 10
6 53 2
6 534 10
6 37 1
6 599 4
7 399 7
7 380 3
7 676 8
7 345 2
7 795 3
7 661 9
7 258 8
7 217 8
7 577 3
7 481 7
7 768 2
7 663 5
7 46 2
7 30 7
7 20 7
7 10 4
8 499 7
8 376 7
8 749 10
8 456 10
8 228 1
8 526 10
8 868 10
8 633 4
8 174 2
8 115 9
8 105 5
8 482 9
8 63 10
8 882 2
8 10 7
9 927 9
9 549 1
9 462 4
9 503 4
9 909 3
9 184 1
9 622 8
9 55 3
9 734 1
10 230 7
10 146 7
10 42 5
10 795 4
11 357 1
11 350 4
11 870 1
11 737 7
11 283 2
11 440 7
11 446 6
11 791 2
11 506 4
11 108 10
11 60 3
11 790 3
11 513 7
11 16 9
11 12 1
12 400 9
12 374 7
12 281 1
12 686 9
12 211 9
12 197 8
12 189 9
12 523 2
12 164 5
12 535 5
12 420 2
12 151 6
12 851 7
12 419 2
12 97 10
12 60 8
12 36 7
12 35 3
12 27 5
12 24 2
12 933 7
13 858 2
13 826 9
14 395 8
14 748 4
14 916 2
14 158 8
14 109 8
14 102 3
14 91 10
14 79 4
14 44 4
14 30 6
14 29 1
15 603 4
15 353 7
15 347 9
15 611 4
15 328 1
15 317 3
15 715 3
15 938 8
15 295 6
15 249 1
15 227 4
15 190 6
15 891 5
15 174 2
15 705 5
15 32 1
15 526 10
16 628 10
16 691 9
16 370 5
16 314 1
16 191 8
16 138 4
16 117 10
16 750 5
16 60 10
16 45 3
17 413 9
17 549 3
17 58 2
17 41 5
17 545 7
18 925 8
18 456 6
18 567 7
18 87 3
19 224 2
19 104 9
19 75 7
19 45 7
20 445 10
20 196 5
20 736 8
20 473 4
20 777 1
20 505 2
21 382 6
21 529 10
21 367 5
21 838 8
21 695 4
21 278 9
21 270 10
21 233 4
21 214 1
21 190 4
21 54 9
21 34 2
22 438 6
22 858 8
22 696 7
22 277 7
22 238 5
22 460 9
22 180 3
22 133 1
22 84 5
22 74 6
22 609 6
23 305 3
23 266 5
23 647 7
23 185 2
23 168 6
23 88 5
23 462 4
24 310 5
24 272 3
24 250 8
24 200 6
24 82 9
24 56 1
24 581 2
24 409 5
24 35 6
25 364 4
25 308 8
25 536 9
25 275 9
25 238 10
25 235 6
25 114 7
25 84 5
26 332 9
26 264 6
26 175 3
26 571 1
26 82 6
27 895 10
27 194 6
27 156 6
27 471 8
27 90 3
28 355 8
28 474 10
28 778 3
28 451 8
28 499 7
28 39 7
28 493 10
29 377 10
29 359 8
29 833 8
29 640 8
29 50 6
29 46 4
29 44 3
30 329 7
30 218 2
30 824 6
30 677 5
30 78 3
30 43 3
30 33 6
31 109 7
31 91 9
31 916 6
32 363 8
32 773 7
32 187 2
33 354 2
33 125 2
33 111 6
34 972 7
34 880 4
34 362 1
34 212 9
34 669 1
34 66 7
34 54 8
35 750 2
35 274 4
35 634 10
35 132 2
35 92 4
35 68 7
36 645 9
36 130 8
36 851 10
37 356 3
37 443 6
37 689 6
37 813 9
37 148 6
38 398 5
38 649 8
38 631 5
38 119 10
39 262 3
39 237 7
39 587 3
40 247 10
42 876 9
42 59 7
43 354 3
43 903 3
43 898 8
43 232 6
43 226 5
43 718 10
43 520 7
43 135 8
43 784 10
43 125 2
43 107 8
44 418 6
44 710 6
44 772 5
44 560 10
44 192 7
44 488 4
44 120 4
44 50 6
45 650 2
45 628 1
45 112 7
45 75 7
45 968 9
46 577 6
47 205 2
47 445 8
48 338 2
48 262 4
48 237 6
48 482 6
49 246 6
49 131 5
49 70 3
50 527 3
50 995 10
50 748 4
50 863 10
50 79 2
51 483 4
51 94 1
52 377 8
52 659 4
53 342 10
53 585 10
53 790 1
53 127 1
54 561 4
54 987 2
54 806 1
54 543 4
55 672 8
55 518 6
55 500 2
55 121 3
55 873 5
55 549 10
57 356 6
57 534 8
58 794 3
59 293 4
59 876 10
59 532 5
60 565 5
60 711 3
60 607 7
60 296 3
60 428 8
60 929 5
60 546 3
60 491 8
60 143 10
60 138 9
60 97 1
61 187 4
61 149 6
61 144 3
61 656 8
61 72 5
62 301 4
62 283 9
62 709 5
62 222 9
62 459 9
62 521 2
62 977 1
63 435 7
63 507 9
63 457 3
63 658 7
64 846 1
64 97 6
64 892 6
65 774 3
65 167 4
65 156 3
65 961 4
66 406 1
67 349 6
67 746 5
68 775 2
68 370 7
68 200 7
68 957 3
68 92 4
69 360 2
69 179 2
69 90 6
69 81 3
69 666 4
70 320 10
70 181 7
70 168 9
70 160 7
70 95 10
70 516 9
71 804 5
71 351 10
71 109 9
72 387 9
72 328 3
72 324 2
72 591 5
72 522 4
72 949 10
72 147 3
72 712 8
72 855 10
72 657 8
73 301 3
73 141 5
74 252 1
74 235 8
74 114 10
74 96 6
75 162 1
75 76 9
76 968 10
76 304 3
76 452 7
76 162 9
76 970 9
76 112 1
77 417 9
78 602 9
79 391 10
79 527 9
79 412 4
79 724 10
79 748 4
80 234 7
80 693 8
81 958 8
81 136 5
81 407 7
81 624 5
82 339 10
83 281 10
83 788 7
83 245 7
83 203 5
83 179 10
83 878 7
84 277 4
85 818 1
85 324 7
85 766 9
85 946 5
85 227 7
85 867 10
85 147 6
85 638 3
86 137 2
86 846 1
86 446 5
87 171 7
87 150 2
87 623 10
88 618 9
88 430 6
88 181 8
89 389 6
89 501 5
89 310 6
89 448 6
89 250 1
89 211 10
90 951 10
90 202 2
92 274 5
93 366 1
93 522 4
93 307 3
93 193 2
93 147 4
93 789 1
95 343 8
95 316 3
95 540 5
95 134 2
95 99 3
95 887 10
96 823 10
96 717 7
96 133 4
96 101 1
96 764 10
97 143 6
98 887 4
99 475 2
99 344 9
99 343 6
99 670 1
99 476 10
99 134 9
100 641 4
100 808 6
100 113 2
100 638 4
103 656 9
103 619 10
103 479 7
103 727 5
103 816 8
104 429 8
104 261 8
104 224 3
106 924 4
106 453 9
106 826 5
106 244 7
106 183 1
107 520 2
107 824 4
108 415 7
108 276 5
108 654 8
108 169 8
108 127 9
108 440 10
109 368 5
109 960 4
109 916 1
110 213 3
110 138 2
110 431 4
113 519 7
113 502 9
113 632 6
115 616 6
115 702 5
115 621 3
116 561 9
116 529 4
116 982 7
117 636 7
117 191 6
117 628 8
117 780 3
118 300 8
118 625 9
118 581 5
119 709 8
119 402 4
120 566 8
120 340 9
120 863 5
120 157 4
120 485 4
121 383 8
121 427 8
121 152 3
122 690 5
122 293 9
123 489 7
123 661 4
123 258 5
124 408 10
125 677 6
126 489 5
126 473 5
127 585 1
128 652 5
128 364 7
128 315 1
128 275 6
128 255 9
128 590 1
129 241 5
129 221 9
130 665 10
130 926 8
131 390 7
131 416 2
131 246 7
131 886 2
132 384 6
132 634 6
133 458 1
133 438 1
134 386 1
134 437 1
134 369 1
134 316 9
134 299 7
134 490 4
134 188 1
134 809 8
135 302 1
136 407 10
137 787 10
137 986 7
137 164 10
138 280 3
139 287 10
139 760 2
139 183 6
141 741 8
142 257 9
142 901 1
142 427 5
146 335 3
146 694 7
146 321 2
146 171 4
146 589 7
146 586 9
146 655 8
146 450 8
146 563 10
147 324 3
148 813 2
151 361 4
151 843 6
151 179 8
151 643 8
152 873 7
152 734 1
153 385 7
153 371 8
153 865 10
153 506 1
153 306 6
153 531 6
153 169 5
153 726 1
155 746 8
156 167 1
157 391 3
157 710 2
157 752 5
158 600 6
159 871 10
159 502 8
160 198 5
160 181 3
161 410 8
162 879 7
164 201 3
164 166 5
164 723 6
165 423 9
165 807 5
166 378 8
166 282 5
166 487 9
166 511 8
166 664 7
166 598 3
168 917 9
168 266 5
168 185 6
168 815 5
169 371 2
169 259 5
169 195 3
169 575 2
170 350 1
170 870 5
171 586 7
171 450 2
171 771 3
172 674 7
172 333 3
172 306 9
172 216 1
173 882 2
173 574 4
174 228 6
175 332 10
175 847 10
176 284 2
176 273 9
176 859 10
176 254 8
177 322 9
177 910 2
177 270 8
177 206 5
178 282 3
178 472 2
179 361 5
179 643 6
180 609 6
180 524 4
182 435 5
182 658 2
182 260 6
183 730 2
183 908 9
183 642 6
183 470 9
184 713 3
184 990 6
189 851 9
189 247 9
190 397 1
190 839 8
190 881 2
190 910 6
191 758 2
192 710 3
193 387 3
193 732 3
194 884 6
196 568 5
200 393 2
202 811 4
204 962 2
205 388 7
205 844 3
205 461 1
206 825 9
206 539 7
206 579 6
207 409 10
208 758 3
208 820 6
212 362 7
213 565 8
213 428 7
213 902 8
214 367 5
214 910 8
214 803 6
216 865 4
216 726 5
217 380 1
217 359 4
217 768 9
219 517 5
219 608 2
219 719 9
221 559 7
222 755 9
223 639 2
223 272 1
223 594 9
223 582 2
225 314 3
226 593 9
226 615 10
227 317 5
227 603 10
228 935 10
230 268 9
230 783 9
230 563 1
231 600 6
231 273 5
231 254 3
231 405 3
232 898 6
233 987 4
233 406 1
233 992 2
234 747 6
234 346 5
234 596 5
234 425 8
234 530 8
235 536 3
236 382 4
236 829 6
237 376 3
239 412 7
241 559 5
243 633 3
243 985 8
244 492 8
244 984 9
245 937 1
246 390 9
249 998 3
249 891 5
250 297 9
250 294 3
251 766 7
252 256 4
253 737 1
257 550 6
258 553 7
258 481 9
258 920 7
259 754 8
261 799 8
261 429 9
262 424 7
263 784 5
265 336 5
265 436 7
265 967 5
265 849 8
266 729 9
266 815 10
267 932 1
268 335 6
268 321 5
268 685 2
268 877 6
269 635 5
271 331 5
271 874 9
271 821 5
272 294 1
272 582 6
273 954 4
273 668 2
275 315 6
275 785 8
275 683 9
276 654 5
276 828 3
276 959 9
279 533 5
279 850 6
281 627 6
282 572 7
283 301 5
284 395 3
285 606 7
288 398 6
289 497 6
290 854 5
290 456 3
290 567 5
291 568 3
291 777 2
292 315 3
293 841 8
296 463 10
299 369 3
299 316 9
300 673 4
300 557 4
303 638 2
304 452 3
305 414 5
305 708 2
305 555 3
306 333 6
308 334 6
309 403 10
310 448 9
311 531 1
313 765 8
313 564 8
315 785 4
316 930 4
317 705 5
318 358 9
319 647 8
321 648 1
321 589 8
321 685 10
324 855 8
324 733 9
325 800 5
325 387 7
325 657 4
327 396 9
328 731 10
330 584 2
330 687 4
334 379 5
337 804 2
337 614 6
339 781 6
339 801 8
340 832 5
340 660 9
341 383 8
341 427 10
341 901 2
343 476 7
345 597 7
346 425 3
346 615 4
349 455 7
350 870 6
350 436 5
351 738 5
352 918 9
353 439 8
353 994 8
353 805 5
355 474 9
358 419 3
359 478 4
362 630 8
362 852 10
362 972 8
364 590 2
365 645 1
365 434 6
367 486 9
367 839 8
367 803 4
369 528 7
370 722 1
370 775 4
370 957 3
374 446 9
374 535 8
376 441 9
376 482 7
378 511 2
378 698 4
380 969 1
380 753 3
381 706 9
381 798 2
383 510 1
386 437 2
386 809 8
387 837 9
387 742 5
390 886 1
392 554 10
392 444 6
399 551 1
404 719 10
407 756 7
414 583 6
418 740 4
420 691 7
426 605 4
428 463 4
428 565 2
432 844 6
433 735 4
433 843 2
434 626 10
434 645 6
435 658 8
437 809 8
438 858 3
439 805 4
440 506 5
440 617 9
443 872 4
448 919 10
450 836 3
450 684 8
453 924 2
454 840 7
456 854 10
457 697 1
457 507 10
458 988 3
458 667 3
459 796 5
460 914 9
462 952 10
463 607 2
467 833 10
469 554 3
469 943 10
472 572 7
474 938 8
474 699 1
477 976 6
477 688 2
477 669 8
482 792 4
482 675 3
486 838 9
487 664 2
494 504 9
494 604 2
496 687 7
498 802 4
498 834 10
500 814 7
501 919 9
504 994 1
521 796 1
522 789 6
526 682 10
526 769 7
526 868 4
529 776 7
530 941 10
533 850 3
537 637 5
543 561 8
546 896 8
548 701 4
555 708 10
555 700 7
558 763 2
565 948 8
566 772 4
566 911 5
568 777 3
570 660 2
574 702 2
578 591 2
578 944 6
580 701 9
581 801 8
591 744 10
591 949 7
608 817 8
609 696 4
611 705 6
611 971 5
619 656 10
620 992 2
622 990 5
624 895 5
624 958 7
628 780 7
628 650 2
633 964 5
637 722 4
638 641 1
653 665 9
654 828 7
660 832 3
667 823 9
668 954 8
675 922 4
675 792 7
676 969 9
682 868 6
684 836 6
684 991 3
699 981 6
701 980 5
704 963 9
705 797 5
705 971 3
713 990 5
714 945 9
720 893 7
723 986 10
723 745 6
723 934 6
728 765 9
729 815 3
733 818 10
734 909 1
747 798 10
759 958 5
759 904 2
765 885 9
778 842 1
803 839 4
817 905 10
820 869 7
836 991 8
839 881 2
852 972 3
863 995 1
878 996 5
891 998 4
902 948 4
902 929 7
909 913 6
934 986 8
940 954 5
