1000 1197
5 64 97 68 57 35 59 74 86 26 86 32 92 14 70 92 9 97 93 83 69 100 78 43 94 46 35 2 78 41 81 71 87 42 47 75 23 41 70 20 57 68 28 35 45 16 34 78 61 51 47 31 30 61 68 46 12 28 96 29 36 73 39 76 71 64 1 38 11 17 51 47 36 54 75 21 38 94 75 75 36 23 90 85 64 56 89 10 15 74 44 100 97 86 22 33 39 89 39 68 44 90 44 58 98 100 5 6 45 55 82 43 3 98 85 54 43 32 32 29 45 60 6 56 29 49 63 83 29 50 68 47 60 31 26 55 87 39 19 13 16 22 26 53 56 61 16 36 83 53 17 6 29 43 96 42 76 97 37 78 43 78 95 52 3 95 40 27 57 68 72 80 5 6 6 72 50 82 70 62 27 79 82 5 25 29 85 2 25 13 82 25 15 35 29 50 49 14 39 81 17 10 94 81 60 45 6 52 75 4 16 24 61 38 2 38 17 15 58 72 67 62 67 24 84 82 54 75 50 27 44 52 41 81 19 35 29 34 52 66 8 20 3 71 8 88 60 30 67 68 77 63 79 64 7 78 42 60 78 2 31 94 82 17 44 12 27 41 59 18 5 36 19 91 74 37 67 12 97 64 65 64 61 5 92 39 70 4 13 89 12 56 30 68 80 99 97 86 98 17 33 47 42 25 35 58 1 29 30 68 68 47 35 17 76 81 7 76 7 97 18 30 56 89 66 32 16 90 73 78 62 54 56 58 25 33 32 75 13 6 31 64 67 26 69 66 67 49 11 89 77 79 44 84 65 68 28 91 65 46 5 79 36 11 61 69 83 100 92 93 79 29 75 59 97 47 3 75 39 9 21 46 58 99 96 37 43 90 78 61 63 78 20 23 43 12 39 26 38 98 74 36 44 63 60 51 80 18 56 33 96 92 56 43 12 31 66 41 90 67 52 12 13 82 97 52 61 39 46 31 50 16 54 70 33 57 29 15 37 63 42 16 32 62 18 19 88 94 83 66 8 71 57 67 11 9 22 54 51 58 63 84 82 4 68 1 46 21 75 70 43 68 68 4 53 20 57 39 21 52 59 9 42 27 51 56 92 40 86 61 81 19 7 87 89 22 54 1 19 36 37 33 68 39 79 14 55 87 91 45 40 87 12 33 86 62 58 32 73 71 85 23 83 19 20 38 54 7 95 52 86 86 53 73 38 8 79 16 36 61 44 11 98 94 92 86 99 64 55 85 27 60 26 16 65 16 5 68 86 88 3 98 98 66 14 86 70 88 78 42 90 45 20 73 53 57 92 78 68 64 72 45 95 7 73 42 5 13 7 45 45 6 41 17 33 31 75 95 69 74 74 85 77 93 57 70 15 93 87 6 77 40 55 59 51 12 56 19 16 76 47 63 32 38 13 92 60 46 6 14 81 89 10 35 19 11 6 1 86 78 35 51 6 51 24 52 25 83 58 2 82 83 50 11 54 95 34 67 2 25 72 50 76 5 73 80 79 86 49 5 78 50 3 72 43 88 29 4 88 59 65 12 53 57 67 22 84 86 63 53 65 3 83 35 59 28 75 53 16 32 43 61 100 19 63 41 95 42 82 64 57 29 86 88 44 74 51 61 4 45 27 27 28 4 4 99 15 15 73 92 79 64 96 45 12 3 30 45 52 55 34 91 94 76 95 42 74 98 80 43 23 60 72 89 61 84 15 42 94 49 50 74 94 36 60 88 76 88 50 29 75 51 1 79 93 39 42 34 92 90 91 2 90 8 81 97 26 33 94 63 79 58 63 2 15 44 94 68 23 81 59 28 32 31 12 40 6 73 64 65 91 42 85 14 24 84 100 61 70 100 43 76 31 25 65 89 73 92 88 18 53 36 39 98 67 11 79 42 42 92 49 94 33 83 65 66 21 91 17 83 9 15 18 67 22 21 51 19 88 73 76 49 89 26 61 16 5 49 36 26 69 71 28 29 38 84 30 75 62 35 90 85 94 37 45 80 39 91 74 33 31 24 45 74 5 44 7 63 98 57 91 42 88 1 31 93 55 91 23 96 20 28 15 21 70 95 90 46 82 97 19 31 8 71 34 8 52 99 66 40 44 13 92 91 30 71 37 32 45 64 69 89 48 11 2 51 54 40 13 100 48 51 76 89 11 46 33 66 67 43 3 42 75 4 44 91 44 41 44 30 83 20 39 55 99 91 80 74 59 11 61 32 99 24 5 55 35 84 62 15 14 1 19 17 67 16 10 46 33 11
1 394 4
1 381 9
1 584 7
1 742 4
1 367 10
1 822 1
1 340 8
1 707 1
1 948 10
1 256 6
1 226 6
1 224 4
1 223 1
1 217 3
1 214 2
1 209 3
1 859 9
1 484 3
1 200 3
1 777 7
1 157 7
1 153 9
1 137 6
1 448 6
1 94 8
1 80 10
1 64 6
1 768 9
1 542 10
1 33 7
1 690 2
1 23 1
1 22 3
1 21 7
1 20 8
1 17 4
1 12 6
1 10 6
1 8 10
1 4 4
2 362 1
2 440 2
2 228 7
2 226 1
2 652 2
3 826 4
3 371 9
3 604 5
3 355 3
3 983 6
3 468 8
3 866 3
3 330 9
3 328 1
3 317 10
3 686 5
3 493 1
3 282 9
3 266 10
3 927 1
3 243 10
3 403 7
3 535 4
3 829 4
3 617 6
3 206 2
3 733 2
3 521 8
3 199 7
3 193 3
3 186 7
3 170 4
3 669 5
3 141 10
3 984 7
3 122 8
3 478 7
3 114 10
3 112 2
3 102 8
3 82 7
3 662 7
3 69 3
3 44 10
3 37 10
3 28 10
3 16 8
3 12 5
3 6 1
3 4 5
4 387 3
4 369 4
4 363 7
4 330 10
4 797 5
4 523 4
4 512 7
4 272 4
4 265 1
4 402 8
4 255 3
4 420 5
4 596 5
4 710 1
4 158 2
4 409 10
4 970 5
4 84 9
4 61 6
4 38 10
4 30 10
4 18 5
4 13 6
5 573 5
5 567 4
5 348 5
5 465 7
5 230 3
5 222 2
5 839 4
5 950 9
5 207 8
5 856 2
5 202 5
5 530 9
5 642 8
5 683 6
5 988 2
5 516 8
5 972 4
5 112 7
5 100 9
5 61 2
5 678 1
5 47 4
5 38 5
5 32 4
5 15 6
5 603 8
6 999 4
6 395 1
6 353 2
6 315 3
6 313 1
6 517 4
6 610 3
6 210 5
6 918 1
6 708 5
6 185 10
6 566 9
6 125 4
6 119 3
6 118 4
6 992 2
6 92 9
6 74 7
6 569 2
6 702 5
6 998 1
6 50 2
6 48 8
6 27 3
6 23 7
6 16 6
6 11 10
6 7 4
7 323 1
7 312 9
7 680 1
7 295 5
7 289 4
7 284 1
7 566 6
7 611 9
7 558 10
7 233 1
7 731 2
7 164 3
7 105 5
7 434 8
7 72 9
7 645 5
7 48 5
7 739 4
8 489 10
8 946 7
8 485 3
8 486 5
8 286 1
8 492 2
8 560 4
8 249 5
8 963 4
8 837 1
8 182 2
8 108 1
8 984 7
8 908 6
8 70 10
8 63 8
8 579 9
8 54 3
8 35 3
8 29 9
8 24 6
8 21 6
8 12 4
9 454 1
9 773 6
9 315 1
9 876 10
9 156 5
9 135 2
9 541 4
9 450 9
10 673 2
10 272 3
10 815 4
10 424 6
10 891 7
11 446 8
11 257 1
11 879 5
11 489 2
11 151 4
11 551 8
11 750 10
11 67 1
11 44 4
11 43 9
11 493 2
12 643 8
12 322 2
12 236 5
12 533 5
12 843 2
12 163 7
12 157 2
12 149 5
12 127 7
12 931 3
12 82 1
12 75 9
12 20 4
12 539 5
13 435 9
13 525 5
13 420 8
13 504 10
13 212 7
13 476 2
13 464 4
13 103 4
13 77 10
13 69 8
13 41 5
13 570 10
14 789 1
14 179 4
14 112 6
14 478 7
15 786 2
15 881 8
15 187 4
15 176 5
15 133 1
15 460 5
15 558 8
15 25 8
16 531 6
16 813 1
16 928 7
16 718 2
16 26 1
16 19 3
17 389 10
17 868 2
17 273 5
17 766 9
17 162 4
17 140 9
17 119 3
17 95 7
17 987 3
17 35 4
17 33 6
18 369 7
18 673 2
18 797 2
18 426 4
18 818 10
19 395 1
19 281 2
19 612 5
19 141 5
19 658 3
20 347 3
20 342 6
20 470 3
20 266 9
20 197 10
20 75 1
21 359 4
21 606 9
21 192 10
21 113 6
21 107 5
21 736 2
21 95 4
21 79 5
21 33 10
21 791 1
21 24 2
22 386 2
22 659 3
22 85 7
22 58 1
22 36 1
22 706 1
24 597 1
24 588 7
25 739 2
25 207 10
25 133 5
25 674 10
25 465 5
25 681 3
26 388 10
26 186 8
26 28 10
27 648 3
27 821 10
27 185 3
27 517 4
27 118 3
27 670 10
27 99 10
27 74 2
28 345 3
28 651 5
28 878 8
28 131 1
28 475 10
28 83 5
28 67 9
29 329 2
29 911 6
29 144 5
29 119 1
29 958 6
29 63 6
29 62 10
29 35 4
30 96 4
30 34 6
31 348 3
31 341 1
31 561 4
31 894 2
31 434 8
31 48 2
32 850 4
32 741 9
32 375 10
32 919 7
32 335 5
32 319 3
32 695 8
32 215 4
32 191 9
32 184 4
32 929 6
32 84 3
32 68 8
32 64 8
32 52 4
32 484 3
32 38 10
33 883 4
33 451 6
33 250 9
33 224 1
33 190 6
33 785 4
33 162 9
33 107 7
33 898 3
34 387 4
34 380 6
34 377 6
34 752 8
34 328 8
34 317 1
34 563 4
34 91 8
34 37 7
35 492 7
35 146 7
35 780 7
35 62 9
36 791 6
36 316 9
36 915 9
36 761 7
36 277 8
36 271 3
36 854 5
36 663 3
36 433 10
36 782 7
36 903 8
36 78 8
37 114 9
37 65 6
38 378 1
38 337 3
38 327 2
38 705 10
38 255 6
38 951 2
38 222 3
38 824 2
38 123 7
38 115 1
38 933 5
38 52 8
38 47 7
38 678 3
39 388 9
39 651 2
39 71 4
40 381 10
40 743 3
40 300 8
40 413 6
40 880 2
40 245 4
40 423 7
40 204 8
40 163 4
40 150 8
40 779 3
40 130 1
40 477 9
40 42 5
41 363 1
41 320 2
41 970 6
41 297 5
41 411 8
41 624 9
41 264 10
41 173 3
41 585 8
41 419 9
42 384 3
42 550 9
42 538 7
42 838 3
43 548 6
43 847 8
43 878 8
43 83 7
44 549 6
44 310 8
44 608 9
44 551 4
44 564 8
44 506 2
44 67 6
45 366 5
45 364 6
45 600 8
45 947 1
45 290 7
45 267 6
45 244 5
45 195 10
45 762 9
45 51 2
46 398 9
46 531 1
47 274 5
47 215 1
47 716 4
48 382 6
48 289 5
48 810 5
48 92 10
48 72 8
49 257 5
50 536 2
50 350 3
50 339 4
50 593 3
51 267 4
51 759 2
51 168 3
51 913 4
51 585 7
51 411 3
52 335 1
52 68 10
53 628 10
53 761 6
53 169 1
53 78 9
54 509 1
54 254 2
54 182 6
54 588 4
54 113 8
54 70 7
54 606 8
55 247 8
55 675 2
55 452 1
55 94 5
55 874 10
55 959 5
56 247 2
57 323 7
57 784 4
57 233 7
57 977 9
58 864 10
58 379 7
58 775 4
58 602 1
58 429 9
60 450 2
60 886 3
61 383 7
61 378 4
61 516 8
61 839 2
61 66 1
63 360 4
63 436 9
63 329 7
63 629 8
63 583 3
63 827 5
63 884 2
63 905 6
64 298 8
64 929 3
64 518 6
64 993 7
64 84 1
64 431 7
65 361 7
65 96 5
66 677 2
66 404 4
67 161 8
67 160 4
67 131 9
67 754 8
67 719 8
68 335 8
69 525 2
69 251 1
69 669 6
70 917 2
70 147 8
70 496 2
70 588 7
70 116 1
70 93 10
71 388 5
72 480 7
72 851 6
72 566 3
73 296 8
73 802 4
73 615 9
74 372 1
74 511 2
75 238 6
75 200 8
76 350 2
76 341 3
76 275 9
77 227 4
77 935 6
78 169 9
79 89 5
79 736 3
80 344 7
80 269 5
80 877 9
80 431 6
81 373 9
81 435 6
81 110 3
82 485 8
82 662 8
82 249 6
83 711 9
83 878 9
84 385 2
85 433 4
85 706 10
85 602 3
87 446 9
87 837 4
88 706 4
88 659 7
88 165 8
88 143 7
88 97 5
89 792 4
89 451 2
90 386 4
90 794 6
90 111 2
91 655 8
91 479 5
93 116 6
93 496 9
94 247 5
94 948 6
95 873 7
95 333 2
95 321 7
95 273 8
96 183 6
96 102 7
97 592 7
98 400 4
98 275 10
98 510 6
100 532 5
101 219 10
101 465 8
101 910 4
101 781 5
103 212 5
103 170 1
104 180 1
105 541 2
105 198 10
105 125 5
107 359 10
107 346 6
107 261 2
107 785 3
108 776 7
112 243 9
114 826 10
115 331 9
115 666 5
115 159 10
115 532 9
116 897 8
117 773 6
121 836 6
121 379 5
121 354 7
121 483 5
121 166 1
121 817 1
121 414 9
121 841 2
122 361 7
122 535 10
123 331 7
123 302 9
123 930 3
123 221 2
123 174 9
123 159 3
124 309 10
124 282 5
124 240 9
124 564 3
126 286 10
126 182 4
127 533 3
127 500 3
128 194 4
129 512 6
129 276 7
129 710 3
129 673 2
129 405 4
129 657 7
130 356 7
130 543 1
130 150 6
130 456 6
131 473 2
131 280 10
131 160 5
131 640 2
132 770 4
133 786 6
133 252 2
133 681 9
133 558 3
134 363 5
135 332 2
135 472 10
135 438 3
136 167 3
137 334 1
137 713 1
137 232 5
137 223 3
137 220 7
137 580 10
138 263 9
138 172 2
138 569 7
138 992 6
139 169 7
141 398 2
141 962 8
141 281 1
141 709 1
142 211 1
143 399 8
143 279 10
143 201 4
143 729 6
143 902 1
144 514 6
144 776 6
144 809 10
144 668 1
144 747 3
145 913 9
145 759 3
146 389 6
146 181 10
149 819 6
150 245 4
150 816 9
151 493 10
152 322 5
152 294 10
153 708 2
154 302 2
155 394 5
155 367 8
156 164 10
156 454 10
157 441 8
158 385 5
158 375 9
158 365 6
158 184 5
159 374 4
159 221 9
159 793 9
160 720 2
160 161 2
160 754 6
162 867 4
162 692 9
165 794 3
166 775 7
166 852 4
167 396 8
167 562 3
167 973 6
167 187 4
167 578 9
168 364 3
168 624 2
168 267 6
168 411 10
168 195 3
168 177 8
170 526 8
170 872 10
170 799 6
171 399 5
171 279 8
171 623 1
171 502 1
171 201 3
171 892 2
171 501 4
171 986 2
173 524 8
173 264 3
173 237 10
174 324 6
175 676 2
175 512 7
175 424 2
176 252 5
176 744 5
177 264 10
178 836 1
178 556 6
179 603 4
179 591 4
181 587 2
182 486 3
184 365 4
184 712 7
184 682 6
185 391 9
185 515 4
186 326 3
186 288 5
186 189 10
188 796 4
188 410 5
189 288 2
189 572 9
190 261 9
190 250 8
191 697 1
192 791 5
192 903 6
193 680 4
194 596 8
195 637 5
195 875 9
196 311 5
196 806 4
196 912 1
196 504 1
196 799 10
197 470 1
197 200 5
199 866 1
201 393 1
201 414 3
201 937 7
203 732 1
203 427 8
203 487 8
204 241 5
204 236 9
204 779 5
205 347 7
205 307 2
208 223 7
208 554 9
210 299 8
210 610 5
211 996 3
213 834 3
213 943 8
214 690 10
214 409 6
215 319 9
216 296 1
216 607 2
217 527 6
217 804 8
218 314 2
219 900 9
220 298 6
220 580 4
220 518 2
221 930 7
221 793 4
222 383 10
222 760 4
222 573 7
222 683 5
224 730 2
226 362 7
229 280 6
230 901 3
230 591 8
233 885 6
233 382 4
233 358 5
233 312 1
233 295 4
234 339 1
234 586 2
235 389 9
236 325 7
236 477 8
237 524 3
238 342 8
239 548 2
240 985 10
241 932 9
241 352 4
241 701 9
241 306 5
241 303 5
241 814 1
242 802 9
242 942 6
243 301 8
243 287 10
243 503 6
244 248 8
245 456 7
246 268 6
248 762 6
249 843 5
250 261 2
250 800 6
250 544 5
252 881 2
252 474 8
253 311 4
253 974 4
253 534 2
254 924 3
255 656 10
255 337 7
256 344 7
258 421 2
258 293 8
258 282 7
259 277 2
260 381 6
260 863 8
261 346 5
261 544 8
262 922 3
268 403 3
270 799 8
270 459 9
271 425 10
275 341 3
275 510 6
275 561 5
276 405 2
278 448 8
278 859 7
278 407 9
279 393 1
279 902 1
281 612 5
281 849 4
283 581 7
283 685 1
284 480 2
286 486 5
287 301 9
287 735 10
288 572 1
289 358 3
290 320 5
290 600 2
291 555 3
291 952 6
291 904 3
291 325 6
291 415 7
291 953 5
292 899 10
293 351 4
293 310 4
293 865 2
293 412 9
293 421 7
295 323 4
295 305 10
295 885 2
296 825 10
296 607 9
299 938 3
300 691 4
300 869 10
302 324 3
303 352 3
303 306 5
304 916 6
305 491 4
306 952 3
306 957 8
310 549 1
310 412 2
312 679 3
313 645 5
315 693 3
316 761 10
316 726 1
317 380 6
317 370 9
327 848 9
327 392 7
327 559 1
327 656 3
328 377 6
329 911 3
332 438 7
335 704 6
336 796 10
336 410 3
337 933 9
338 765 2
338 931 3
338 643 6
340 835 5
340 621 2
342 470 7
343 390 1
343 514 6
343 668 4
344 469 2
344 689 3
344 756 6
346 800 6
349 782 7
349 663 7
349 804 4
351 638 10
354 841 4
356 543 9
358 382 5
360 583 8
360 827 3
360 436 5
361 672 1
365 712 9
365 682 3
368 798 4
368 858 4
368 781 10
370 380 7
370 377 5
372 511 5
373 585 8
373 906 3
375 850 9
376 590 9
376 414 10
376 622 7
377 418 4
377 842 1
379 437 5
383 516 9
383 698 1
384 714 3
384 857 5
384 538 6
387 853 8
387 655 8
387 479 7
391 619 6
392 933 8
393 729 3
395 828 5
396 723 1
398 519 7
401 812 9
401 740 3
407 635 9
410 855 9
414 483 2
414 590 3
418 752 7
418 842 3
419 595 7
419 967 7
419 636 1
420 582 9
420 522 3
422 947 3
428 901 1
429 775 7
429 871 7
429 852 8
429 556 6
430 682 8
434 731 2
435 464 4
436 632 1
437 625 3
440 652 4
446 920 1
448 481 6
449 737 7
450 886 1
452 462 3
454 876 5
455 714 4
460 744 6
463 671 6
464 755 3
464 820 8
464 997 4
465 667 5
467 555 7
469 877 6
470 811 2
472 734 5
477 684 4
479 655 6
488 758 7
488 629 8
489 560 3
494 665 9
494 577 2
498 525 4
499 986 4
503 618 4
510 788 9
514 887 3
516 972 7
519 962 4
522 582 8
526 968 1
536 650 5
539 627 6
544 800 1
545 990 9
548 633 10
548 847 2
548 771 10
551 722 7
552 679 3
555 953 2
557 792 5
560 694 9
561 696 8
567 620 2
569 851 4
571 628 3
573 678 5
573 760 10
573 705 7
575 916 7
577 581 9
581 757 6
581 665 4
584 822 9
584 835 3
585 906 5
594 936 3
595 967 9
598 964 4
607 630 4
611 921 6
611 927 5
613 879 5
614 912 10
625 738 9
629 758 3
629 845 10
631 839 6
633 771 5
634 769 4
634 978 4
636 967 3
643 931 8
653 783 5
653 781 3
657 676 5
664 774 3
664 715 8
668 776 3
671 985 2
674 969 2
678 705 10
680 893 10
682 764 10
682 712 6
683 698 6
684 715 10
684 932 1
686 801 7
686 745 8
686 921 6
689 756 5
690 895 7
692 867 4
692 834 3
694 908 5
695 844 4
696 788 10
697 950 6
697 919 6
712 941 2
716 882 5
740 812 10
752 842 8
776 939 10
778 982 8
779 814 3
780 888 9
788 832 6
809 884 8
822 835 7
846 974 9
851 923 1
852 871 1
894 944 7
909 978 4
972 988 9
988 991 10
