1000 1197
5 60 53 28 34 80 23 19 55 41 71 87 94 71 50 64 5 9 50 63 56 78 19 76 30 38 40 42 2 35 34 76 47 6 98 79 69 35 48 95 94 30 90 7 63 61 62 18 25 79 45 96 50 71 94 92 59 39 14 48 51 80 62 73 77 81 92 19 51 28 41 25 46 36 51 61 40 59 17 78 35 45 18 95 71 42 15 100 53 62 26 77 45 34 47 84 88 59 84 50 43 27 31 81 1 98 85 41 82 38 65 9 8 26 9 3 34 57 46 34 46 44 28 52 84 69 11 75 66 85 79 69 87 77 21 53 2 49 38 7 43 99 59 29 29 51 73 92 50 43 30 62 24 85 43 28 43 21 64 50 41 43 29 28 56 34 67 5 37 93 46 29 27 23 77 20 45 90 14 100 29 32 94 41 56 40 3 83 14 39 26 79 50 87 43 100 12 72 79 6 48 24 34 70 10 47 6 65 34 11 52 56 79 16 34 77 98 28 61 25 63 47 33 84 72 64 10 9 84 55 1 13 36 74 38 10 4 60 56 35 87 6 82 85 91 11 74 96 18 2 26 3 83 44 17 22 61 24 37 76 11 95 51 9 19 35 67 44 30 81 7 89 60 49 56 19 54 76 5 96 63 63 47 72 10 57 96 34 48 33 9 25 22 99 1 4 38 56 59 96 26 67 21 43 72 74 2 42 75 55 61 25 32 73 39 98 15 24 96 90 15 49 82 67 62 50 1 45 96 33 73 82 85 9 58 64 10 67 46 89 87 77 66 19 40 70 45 28 38 76 20 83 78 53 49 21 4 17 23 67 50 21 94 9 79 47 29 65 43 20 66 96 45 1 48 30 33 44 48 36 57 100 17 100 3 34 99 75 61 41 29 1 25 99 17 22 17 45 80 56 75 60 38 31 31 61 49 36 46 98 69 71 29 76 37 60 63 81 11 66 88 7 39 71 18 79 73 56 46 76 60 53 89 69 6 100 79 34 79 77 90 69 93 46 78 87 99 73 88 13 62 36 91 57 10 40 32 57 82 99 65 21 96 54 14 37 85 59 13 99 3 26 75 2 48 51 90 92 8 48 65 35 4 69 53 83 80 44 39 9 73 67 17 9 67 2 21 69 62 55 93 24 74 85 29 63 14 66 33 8 86 31 46 9 32 57 5 34 88 75 33 53 36 98 64 24 69 11 35 10 47 9 9 40 23 73 97 34 86 30 89 46 33 72 17 76 45 39 39 74 73 68 83 58 98 80 23 84 3 28 49 57 73 67 96 29 26 4 59 98 7 70 86 51 63 16 62 96 56 98 16 1 80 74 55 18 6 86 27 48 42 64 60 73 21 1 2 90 76 15 81 46 77 81 20 5 36 2 49 8 52 80 26 76 68 62 64 91 88 99 89 69 78 66 36 61 65 25 75 73 33 61 12 48 26 43 67 68 31 14 73 42 3 21 39 87 50 17 49 50 91 10 88 71 77 74 79 74 79 19 96 56 82 68 19 51 39 70 4 34 4 9 83 13 26 68 4 15 73 48 8 54 42 6 39 95 12 100 15 54 7 33 86 61 7 73 34 6 65 45 21 98 69 26 25 64 83 50 84 91 11 64 3 23 79 44 39 34 50 63 45 8 74 86 15 26 40 20 56 23 4 83 95 60 93 42 9 11 7 50 70 54 26 65 2 76 84 13 97 56 35 52 99 18 13 72 51 45 60 66 11 48 14 57 51 20 50 50 24 78 82 49 70 24 35 34 36 44 46 50 64 62 57 28 70 85 70 57 36 93 5 36 53 57 89 22 56 57 32 4 22 43 85 38 96 11 92 89 20 34 9 30 47 72 23 16 70 14 59 89 23 23 36 92 40 59 9 69 77 66 82 39 13 59 33 80 45 38 70 14 31 1 78 42 45 5 80 98 36 26 53 57 17 57 32 81 24 38 32 39 80 100 95 88 91 65 28 66 8 10 98 29 86 18 51 65 23 82 55 47 50 34 86 31 37 70 31 64 35 70 56 21 25 78 69 91 42 95 7 25 45 59 18 66 9 71 9 51 91 63 96 52 32 41 7 89 79 88 28 91 3 75 90 58 51 37 86 41 9 67 33 69 25 40 57 29 95 13 6 65 67 86 73 23 30 39 63 4 1 96 38 56 39 13 91 16 31 20 59 38 97 80 6 70 63 1 39 32 8 12 3 82 53 52 68 26 13 18 5 16 26 59 17 32 61 72 53 54 81 35 14 83 85 71 63 73 90 9 98 31
1 373 8
1 711 4
1 250 3
1 448 6
1 526 10
1 218 7
1 602 10
1 151 5
1 893 3
1 93 7
1 86 7
1 69 7
1 36 1
1 790 5
1 26 9
1 8 5
1 3 10
1 2 7
2 400 4
2 369 7
2 758 4
2 689 6
2 316 9
2 262 4
2 253 2
2 620 5
2 593 3
2 186 6
2 553 9
2 122 9
2 767 1
2 678 6
2 101 1
2 691 7
2 51 9
2 641 8
2 35 1
2 8 5
2 4 8
2 3 10
3 583 7
3 617 8
3 390 6
3 381 6
3 839 8
3 358 7
3 426 10
3 917 6
3 301 5
3 443 3
3 253 9
3 584 3
3 223 1
3 628 7
3 940 5
3 651 3
3 782 7
3 813 1
3 889 8
3 119 7
3 118 7
3 472 5
3 65 7
3 59 6
3 54 3
3 30 6
3 25 7
3 19 9
3 523 10
3 6 6
3 5 8
4 591 10
4 390 8
4 386 5
4 351 4
4 344 1
4 469 8
4 809 6
4 235 8
4 231 6
4 741 8
4 221 1
4 634 9
4 446 4
4 815 1
4 147 6
4 126 9
4 98 6
4 58 5
4 49 2
4 43 9
4 42 3
4 37 4
4 24 2
4 19 8
4 637 9
4 18 10
4 973 10
4 479 4
4 12 4
4 8 7
4 618 4
5 854 5
5 367 7
5 511 8
5 355 3
5 325 8
5 630 6
5 578 9
5 868 1
5 241 7
5 222 3
5 559 10
5 184 5
5 182 10
5 897 8
5 577 4
5 161 1
5 146 9
5 866 9
5 134 2
5 123 5
5 965 3
5 842 1
5 96 1
5 89 6
5 86 2
5 416 4
5 77 4
5 472 9
5 52 7
5 951 7
5 737 8
5 25 5
5 17 5
5 783 5
5 552 2
6 504 2
6 343 8
6 339 8
6 328 10
6 258 7
6 712 8
6 200 3
6 923 5
6 173 3
6 170 7
6 889 10
6 65 6
6 47 1
6 489 7
6 518 3
7 630 2
7 663 4
7 498 5
7 146 2
7 694 7
7 106 4
7 105 10
8 347 2
8 650 8
8 911 6
8 503 7
8 491 4
8 306 9
8 302 9
8 865 5
8 261 8
8 531 1
8 247 1
8 240 3
8 488 3
8 820 3
8 614 2
8 887 6
8 602 2
8 102 2
8 100 6
8 413 3
8 56 6
8 51 4
8 44 4
8 852 3
8 16 7
8 11 8
8 10 3
9 910 6
9 170 9
9 83 3
9 23 9
9 12 7
10 748 3
10 256 3
10 414 8
10 417 4
10 199 10
10 654 9
10 150 6
10 902 4
10 94 1
10 31 4
10 27 8
10 440 7
11 740 4
11 567 3
11 217 9
11 199 2
11 698 6
11 110 2
11 414 3
11 40 10
13 375 10
13 497 1
13 612 7
13 341 7
13 334 10
13 541 10
13 995 9
13 281 5
13 251 4
13 692 5
13 201 7
13 196 8
13 188 6
13 719 7
13 140 4
13 761 2
13 125 3
13 103 1
13 100 10
13 94 4
13 75 9
13 57 1
13 632 1
13 53 5
13 34 3
13 26 9
14 611 3
14 309 1
14 657 2
14 169 3
14 167 2
14 95 3
14 47 4
15 383 5
15 363 7
15 788 1
15 133 6
15 120 5
15 817 10
15 97 10
15 91 1
15 728 2
16 798 5
16 656 9
16 248 2
16 166 4
16 87 3
16 76 2
16 68 10
16 61 4
16 525 9
16 723 5
16 22 7
17 428 9
17 540 5
17 245 7
17 198 8
17 925 5
17 685 1
17 42 1
17 37 6
18 466 4
18 621 5
18 165 8
18 63 1
18 48 1
18 42 7
18 41 2
19 345 3
19 49 7
20 391 6
20 466 7
20 365 8
20 802 1
20 165 9
20 135 4
20 778 1
21 354 2
21 324 6
21 528 2
21 271 5
21 235 8
21 230 5
21 157 6
21 493 5
21 941 2
21 113 9
22 654 5
22 852 3
22 998 7
22 674 2
22 672 3
22 31 3
23 477 8
23 560 7
23 46 5
23 38 4
23 425 8
24 406 4
24 647 6
24 703 1
24 775 10
24 965 10
24 32 10
25 487 5
25 284 6
25 259 7
25 687 5
25 155 9
25 915 9
25 947 3
26 579 8
26 302 1
26 263 9
26 251 10
26 240 4
26 102 1
26 566 1
26 82 7
26 60 2
26 45 7
26 34 8
26 33 9
27 787 8
27 586 2
27 716 7
28 474 1
28 288 5
28 970 8
28 894 9
28 748 3
28 79 7
28 40 8
29 459 3
30 403 10
30 725 1
30 145 1
30 134 2
30 96 2
30 62 8
30 476 9
31 626 8
31 361 2
31 644 10
31 210 3
31 112 8
31 88 4
31 517 6
31 66 4
31 569 8
31 877 5
32 386 2
32 647 2
32 231 1
32 775 2
32 510 3
32 709 3
33 914 4
33 251 3
33 171 5
33 78 6
33 70 2
33 64 5
33 424 6
33 667 4
34 289 2
34 218 4
34 462 4
34 176 5
34 69 3
34 36 8
34 807 8
35 90 3
36 377 9
36 376 4
36 462 8
36 926 10
37 866 4
37 685 2
38 141 2
38 130 6
39 656 6
39 103 10
39 995 4
39 57 7
40 653 1
40 881 6
40 556 2
40 99 10
40 787 2
41 310 4
41 135 4
42 329 1
42 224 4
42 214 8
42 212 8
42 859 6
42 98 9
42 932 7
42 405 10
43 383 7
43 208 4
43 120 7
43 119 9
43 74 2
43 59 4
43 55 6
44 210 5
44 603 3
45 261 3
45 191 10
45 964 7
45 102 2
45 821 7
45 614 6
47 676 8
47 116 10
47 95 7
48 362 9
48 896 2
48 162 1
49 766 4
50 401 2
50 781 4
50 97 2
51 400 1
51 485 8
51 407 6
51 770 9
51 262 4
51 219 10
51 194 10
51 689 4
52 492 8
52 663 2
52 267 3
52 905 6
52 72 4
52 511 1
53 914 8
53 290 10
53 188 8
53 164 1
53 100 6
53 962 3
53 619 4
54 350 3
54 346 2
54 234 3
54 221 1
54 557 8
54 202 7
55 390 9
55 469 9
55 358 7
55 634 9
55 59 1
55 981 5
56 820 1
56 608 4
56 408 1
56 68 7
57 723 4
57 103 8
57 506 10
58 322 9
58 228 10
58 178 5
58 464 8
58 432 1
58 98 10
58 80 10
59 119 2
60 191 8
61 347 1
61 544 10
61 912 9
61 722 9
61 211 2
61 108 7
61 952 2
62 520 1
62 783 9
62 270 4
62 903 10
62 403 2
63 356 4
63 688 3
63 152 5
63 133 2
63 442 8
64 338 1
64 331 7
64 424 7
64 300 4
64 276 6
64 272 3
64 246 4
64 761 7
64 174 9
64 131 2
64 125 1
64 81 2
64 70 1
65 339 6
65 784 3
66 361 2
66 323 4
66 256 5
66 112 7
67 458 5
67 112 10
68 364 2
68 692 9
68 298 4
68 166 6
68 514 6
69 372 3
70 747 5
71 814 3
72 216 6
72 993 8
73 925 8
73 254 5
73 205 1
73 549 3
73 792 1
74 469 3
74 949 6
75 281 6
75 246 6
75 197 6
75 190 5
75 175 1
75 174 3
77 520 10
77 558 4
77 293 1
77 203 3
78 512 10
78 411 3
78 215 2
78 195 8
78 639 5
78 745 1
78 927 6
78 721 5
78 624 5
79 382 10
79 698 4
79 229 8
79 812 9
79 158 6
79 137 10
79 110 1
79 99 8
79 445 4
80 393 7
80 699 1
80 486 4
81 945 4
81 129 5
81 111 2
82 963 1
82 541 8
82 636 3
84 806 4
84 332 1
84 297 10
84 502 1
84 487 5
84 584 3
84 155 8
84 705 1
84 118 9
84 750 3
85 95 9
86 841 8
86 284 7
86 222 3
88 285 8
88 210 4
88 517 1
89 363 1
89 813 8
89 992 6
89 546 3
89 788 3
89 156 8
89 817 3
90 910 5
91 460 2
91 505 10
91 257 5
91 172 9
92 550 7
92 267 4
92 561 6
92 184 1
92 872 5
92 123 8
92 435 10
93 613 5
93 207 6
93 140 9
93 109 4
94 143 7
95 997 3
95 287 9
95 269 7
95 116 5
95 909 8
96 559 1
96 153 9
96 752 7
97 187 6
97 120 8
98 483 7
98 329 2
98 273 7
99 936 9
99 265 3
99 233 5
99 451 7
99 894 9
99 886 6
100 188 9
101 313 5
101 232 4
101 141 3
102 263 1
102 247 2
102 124 2
103 719 3
103 243 4
104 752 5
104 278 5
104 114 3
105 106 6
106 498 7
107 688 6
107 895 4
108 800 10
108 266 2
108 408 3
108 609 2
110 756 7
110 420 4
110 229 10
111 444 8
111 331 8
111 225 10
111 142 9
111 847 6
111 721 5
112 323 6
113 350 1
113 337 3
113 308 3
113 286 3
113 157 2
113 438 1
114 395 7
114 616 5
114 180 9
114 153 7
114 836 4
115 795 2
115 327 3
115 312 4
115 287 8
115 269 9
116 279 6
116 269 10
117 924 8
117 633 3
117 945 8
117 142 4
118 502 1
118 301 3
118 584 8
118 617 3
119 822 2
121 463 7
121 282 3
121 940 7
122 186 5
122 611 3
122 507 7
123 357 9
123 216 5
123 179 10
124 566 5
124 302 4
124 916 9
125 360 10
125 761 10
125 635 1
125 904 10
125 808 5
125 431 6
126 823 10
127 328 5
127 518 4
127 159 6
128 898 9
128 573 10
131 512 2
131 718 5
133 192 1
133 152 1
133 728 1
134 578 10
134 314 3
134 548 3
134 759 5
135 387 9
135 310 8
135 237 5
135 193 5
137 265 3
137 515 2
137 653 2
138 183 7
139 849 7
139 554 2
139 759 10
139 416 5
141 336 3
141 313 10
141 242 1
141 181 6
142 444 2
142 326 5
142 604 4
142 220 9
142 847 4
143 404 1
143 207 9
143 834 8
144 374 1
144 591 8
144 956 1
144 308 5
144 230 5
144 157 3
146 983 9
147 231 5
147 406 6
147 510 5
148 394 10
149 345 2
149 209 8
150 352 9
150 252 3
151 764 1
153 180 3
153 616 7
154 970 1
155 750 8
158 673 5
158 420 6
158 255 3
158 812 3
158 465 4
158 445 3
159 422 6
163 547 5
163 282 10
163 223 6
163 832 2
163 463 9
164 290 3
165 237 3
166 612 10
166 248 1
166 683 2
166 798 8
167 291 1
167 213 9
167 169 2
168 356 5
169 714 4
170 610 7
172 524 3
172 254 5
172 205 10
173 923 1
173 422 6
173 489 9
174 378 4
174 975 4
174 276 2
174 967 6
175 378 2
175 933 9
175 274 6
175 246 1
175 536 4
175 855 3
176 726 9
179 897 5
180 858 7
180 616 7
184 550 1
184 785 4
186 880 10
190 623 5
190 635 6
190 431 5
190 885 5
192 564 10
193 237 8
194 407 7
194 830 3
194 770 1
194 219 6
194 485 8
194 503 9
195 745 10
195 478 5
195 272 10
195 249 6
195 831 4
195 453 1
197 226 1
197 922 4
198 708 8
199 911 10
200 477 1
200 295 8
202 277 9
202 221 3
202 835 3
202 839 5
202 580 6
203 496 1
203 293 5
203 545 6
203 901 5
204 336 9
204 958 4
205 379 5
205 845 5
205 257 9
206 953 7
206 407 8
207 404 7
208 741 4
209 370 10
209 991 6
210 303 4
210 626 4
211 347 10
212 432 2
212 264 2
213 291 4
214 399 7
214 859 5
216 872 7
218 629 5
219 485 10
220 757 2
220 482 9
221 277 5
221 234 5
221 606 7
222 366 2
228 464 5
228 658 1
229 299 1
229 848 8
229 434 3
230 973 4
230 479 7
232 767 3
235 371 6
236 952 9
236 408 3
237 387 5
237 423 10
238 540 8
238 876 9
239 749 8
239 865 9
239 655 10
242 819 8
243 389 2
244 581 10
244 260 8
244 429 1
244 966 7
246 274 3
246 529 3
248 612 9
249 920 9
250 905 4
250 663 4
251 471 2
252 275 1
252 491 3
253 553 8
255 481 2
260 847 7
260 581 2
261 899 5
264 929 8
265 588 3
266 609 3
268 542 9
269 287 2
269 696 2
270 690 4
270 293 6
271 324 6
271 803 3
271 493 1
274 780 2
274 536 5
275 971 1
275 774 1
276 933 10
277 580 2
278 388 4
278 969 3
278 744 6
280 576 1
280 990 5
280 625 10
280 429 9
280 572 7
281 319 4
281 475 4
282 443 9
282 959 1
282 805 4
284 841 8
286 786 6
286 337 1
286 730 7
286 594 6
286 906 1
287 696 10
287 327 4
287 664 1
287 631 3
287 652 5
289 563 2
289 789 7
289 840 6
293 690 6
293 496 9
293 599 5
293 901 9
295 641 7
297 332 3
297 490 6
298 697 3
300 693 3
300 962 7
301 735 9
302 960 4
302 566 6
303 603 3
304 560 5
304 477 8
305 747 1
306 971 7
307 576 8
307 757 7
308 950 3
308 374 2
308 730 5
309 392 4
309 791 2
309 955 4
310 365 10
310 684 4
310 882 9
310 777 9
311 328 3
311 480 2
312 397 10
312 508 3
316 425 8
317 395 4
317 744 4
317 534 4
318 459 5
318 921 3
318 797 9
321 500 8
323 569 7
325 870 9
326 633 8
327 863 8
328 518 4
328 682 1
328 648 5
333 826 9
335 419 7
335 812 9
341 796 4
342 918 5
344 982 2
348 749 8
350 467 6
351 700 8
353 806 10
357 418 4
360 885 1
360 450 1
360 808 3
361 569 9
363 546 6
364 514 1
365 778 8
365 391 3
366 585 8
367 384 7
370 991 6
371 528 8
371 742 8
372 377 1
374 594 5
375 389 7
379 505 7
382 556 3
388 744 3
391 778 9
394 996 4
395 665 6
401 645 10
402 473 1
404 638 2
405 675 4
407 589 7
409 844 10
411 605 3
412 483 10
413 713 9
414 968 2
414 417 8
414 567 4
417 968 4
419 994 4
419 595 5
419 516 3
421 714 2
423 461 4
427 831 8
432 551 1
439 468 2
441 659 5
449 660 5
453 669 3
455 773 10
455 492 7
457 787 6
463 832 10
463 805 6
471 888 9
472 854 1
473 939 9
474 754 6
476 494 1
479 762 7
481 516 2
481 673 8
482 604 4
485 770 2
486 699 5
487 539 8
487 915 5
488 912 1
489 678 4
491 810 10
493 704 1
496 942 5
498 827 5
501 647 8
502 649 8
504 686 8
504 620 1
509 521 3
518 648 6
520 558 8
521 661 10
522 742 3
525 530 4
525 739 2
525 697 8
526 711 3
531 674 8
535 634 2
536 907 4
537 804 3
537 961 3
540 708 9
540 574 4
540 851 3
541 726 3
544 590 7
545 903 6
552 759 7
552 913 3
552 578 9
567 587 8
570 986 1
574 708 3
575 816 8
575 837 6
588 936 7
593 713 9
594 950 1
594 730 8
594 786 8
599 901 4
600 979 9
600 861 4
600 869 10
604 771 4
607 614 6
608 952 9
611 799 2
611 657 3
614 650 5
615 825 7
615 815 8
616 811 6
616 858 1
618 765 5
624 924 5
624 927 1
630 737 4
631 863 5
636 963 9
648 727 8
648 677 10
655 749 7
657 799 2
659 884 6
659 705 1
668 801 3
673 720 3
674 852 4
674 998 5
677 727 1
685 866 1
690 871 7
694 946 3
694 993 5
695 838 3
695 779 3
700 733 8
705 943 9
708 851 2
716 881 6
720 753 2
721 776 4
722 860 6
724 900 4
743 797 6
746 781 1
750 806 1
751 883 10
760 843 8
760 820 1
762 973 10
767 818 9
780 976 2
784 889 1
785 857 6
789 840 4
820 843 10
825 879 7
852 998 1
853 891 7
868 928 7
873 918 3
879 987 2
909 997 2
917 982 5
920 999 4
947 954 6
952 957 6
