1000 1197
5 9 93 93 53 66 14 80 97 95 18 51 45 85 95 57 79 12 14 83 77 22 79 84 89 61 41 28 58 59 73 27 62 97 61 5 56 8 93 39 29 71 30 100 68 97 19 3 90 10 95 87 80 24 50 4 96 92 69 52 5 82 43 72 4 36 15 15 86 5 38 44 98 32 95 21 40 25 2 79 60 50 50 73 97 38 46 47 62 9 47 21 7 71 28 21 50 2 95 71 68 37 77 12 76 72 55 100 91 59 60 75 84 83 40 40 32 38 100 35 21 39 9 1 48 74 73 23 51 93 82 50 19 88 70 77 30 2 68 30 99 93 68 23 72 74 12 56 42 40 83 76 48 95 5 49 10 51 95 67 91 10 87 47 94 44 98 74 32 49 15 66 57 2 70 8 44 92 50 9 5 46 72 100 38 68 82 54 86 95 37 43 9 100 71 13 27 37 89 62 31 53 44 17 97 97 6 43 24 12 11 13 33 10 42 37 93 31 62 88 12 68 100 74 44 9 49 43 93 37 40 29 35 73 93 29 23 67 8 52 6 53 27 89 12 91 27 88 31 60 63 88 59 40 70 59 66 91 27 95 31 46 68 33 13 16 1 20 22 72 32 52 20 64 77 90 26 92 32 79 13 63 69 89 15 11 53 42 7 69 58 67 69 57 31 5 23 74 74 91 49 97 91 98 31 3 77 95 61 26 34 19 56 62 79 77 42 61 44 63 65 53 89 62 62 79 72 9 51 97 25 89 93 22 16 22 80 39 4 60 51 30 65 67 33 96 90 48 20 48 56 59 12 70 95 34 48 23 37 97 86 6 58 84 58 67 65 81 6 76 63 88 13 61 10 26 16 86 75 17 41 14 82 25 79 59 12 21 81 61 20 32 1 18 11 49 62 50 91 71 25 41 87 73 99 89 91 41 44 90 88 91 73 34 68 43 13 90 91 91 72 6 46 44 49 35 26 36 22 63 62 12 23 94 99 86 67 64 89 81 2 58 33 42 43 79 77 93 14 25 51 77 24 5 60 22 9 8 40 34 41 30 99 41 50 71 19 68 98 56 93 41 27 27 72 83 48 30 30 97 92 66 19 30 3 39 27 45 3 96 21 29 19 64 11 71 13 86 48 35 7 72 26 97 66 100 3 36 93 99 97 92 79 53 69 5 92 35 17 1 70 61 24 43 76 21 98 12 69 100 13 15 23 7 94 40 52 14 24 98 75 30 16 67 74 73 31 33 10 47 84 70 23 93 56 96 52 13 32 62 35 97 42 42 17 39 64 58 54 62 87 76 2 20 66 31 30 100 53 7 77 90 77 91 100 11 31 80 57 49 16 3 15 37 43 44 84 13 3 51 33 36 77 3 10 89 91 4 40 84 96 41 44 55 22 75 41 9 56 5 74 95 65 98 67 78 91 94 92 13 46 29 13 51 2 76 33 34 17 23 33 90 27 64 42 96 6 76 71 62 94 67 98 36 83 44 65 51 49 68 52 58 84 9 30 69 29 16 43 91 60 74 3 48 97 89 73 67 44 21 94 89 15 18 32 13 44 3 78 79 17 66 62 42 69 9 49 69 77 49 16 82 86 3 16 20 55 52 35 48 49 22 57 32 88 62 85 2 11 43 24 53 11 6 43 33 21 71 1 30 60 12 19 39 63 2 53 53 46 74 54 94 59 87 54 59 12 91 77 60 38 100 6 76 26 94 61 46 26 96 27 17 69 62 74 78 19 91 68 90 8 49 87 60 45 7 9 22 60 15 82 27 49 8 68 57 6 62 21 76 36 55 75 46 57 91 47 29 34 35 38 71 23 89 66 4 64 43 9 52 13 52 12 36 73 99 62 52 57 61 18 35 13 33 34 2 93 89 74 3 39 15 7 74 25 47 37 13 77 45 2 53 40 32 16 40 70 74 40 37 14 43 41 80 60 72 68 18 69 30 6 38 96 53 49 3 84 20 26 81 55 18 26 91 29 86 21 9 3 24 90 46 9 5 35 42 4 82 25 29 13 20 95 4 60 28 26 53 59 17 84 14 75 8 53 40 73 41 58 80 90 33 86 95 16 37 76 74 40 14 99 86 11 5 55 69 20 77 20 49 55 8 83 77 63 94 85 83 96 40 66 10 54 52 87 61 65 95 23 45 60 82 55 19 11 9 56 83 32 11 70 15 64 11 93 78 13 30 74 33 32 72 82 76 35 60 21 53 67 92 17 91 21 9 100 2 8 71 86 65 39 53 2 85 37 37 60 100 39 11
1 362 10
1 347 1
1 163 7
1 797 6
1 120 3
1 4 1
2 437 2
2 380 9
2 371 8
2 363 7
2 758 7
2 853 1
2 534 2
2 989 9
2 277 7
2 264 1
2 235 8
2 652 3
2 717 10
2 134 8
2 104 2
2 48 3
2 45 3
2 36 7
2 28 6
2 25 9
2 12 10
2 8 8
2 7 8
2 4 7
2 3 3
3 365 2
3 347 6
3 544 7
3 685 9
3 501 3
3 222 9
3 193 5
3 138 2
3 974 4
3 89 6
3 80 2
3 61 8
3 48 5
3 46 10
3 13 7
3 6 10
4 519 1
4 486 9
4 625 8
4 496 9
4 871 5
4 163 8
4 421 3
4 720 10
4 526 3
4 143 9
4 142 9
4 681 10
4 813 1
4 84 3
4 78 6
4 8 9
5 338 1
5 715 5
5 234 4
5 547 9
5 220 4
5 596 8
5 193 4
5 904 5
5 93 7
5 494 6
5 423 3
5 14 5
5 7 1
6 610 1
6 501 4
6 143 4
6 103 8
7 504 3
7 282 7
7 729 5
7 41 1
7 38 7
7 34 7
8 587 1
8 383 6
8 285 1
8 415 4
8 873 1
8 447 9
8 178 2
8 172 4
8 431 7
8 115 10
8 705 6
8 109 6
8 105 2
8 697 10
8 68 1
8 65 8
8 53 2
8 45 7
8 36 7
8 29 2
8 18 4
8 16 6
8 12 9
8 11 10
9 818 5
9 381 9
9 842 8
9 752 7
9 685 4
9 324 2
9 312 9
9 311 1
9 278 4
9 595 3
9 260 10
9 663 9
9 563 10
9 243 2
9 570 9
9 218 9
9 987 2
9 211 4
9 204 6
9 200 7
9 190 7
9 187 4
9 184 9
9 718 1
9 164 7
9 157 9
9 147 2
9 146 2
9 131 6
9 119 2
9 116 6
9 605 9
9 460 8
9 789 1
9 76 3
9 67 1
9 977 5
9 678 7
9 538 4
9 56 5
9 40 4
9 20 3
9 14 8
9 10 9
10 667 3
10 967 8
10 956 4
10 454 4
10 531 2
10 566 3
10 814 6
10 799 2
10 223 6
10 528 6
10 540 2
10 191 5
10 782 6
10 180 4
10 177 9
10 176 9
10 166 8
10 525 3
10 158 7
10 727 7
10 698 10
10 580 4
10 113 4
10 676 7
10 82 4
10 79 6
10 71 8
10 70 3
10 15 1
10 14 7
10 582 8
11 922 6
11 307 5
11 167 4
11 88 9
11 55 1
11 18 2
11 12 3
12 479 7
12 468 6
12 466 5
12 72 7
12 58 3
12 28 8
13 399 4
13 694 7
13 766 6
13 331 2
13 929 7
13 635 4
13 222 10
13 685 10
13 179 2
13 909 8
13 487 8
14 476 2
14 287 8
14 69 6
14 59 1
15 271 7
15 939 8
15 649 8
15 147 6
15 118 1
15 44 6
15 43 2
15 37 1
15 17 4
16 668 10
16 626 1
16 323 10
16 518 6
16 658 8
16 693 9
16 247 5
16 441 8
16 199 6
16 188 7
16 642 1
16 111 10
16 105 1
16 769 3
16 53 1
16 952 1
16 33 3
16 686 7
17 384 8
17 370 3
17 516 8
17 342 9
17 530 3
17 299 3
17 476 5
17 244 9
17 484 10
17 735 3
17 475 6
17 187 9
17 174 1
17 723 1
17 81 7
17 67 6
17 64 5
17 638 5
17 54 6
17 40 4
17 687 1
18 651 9
18 551 5
18 188 2
18 536 7
18 523 3
18 55 7
18 19 9
19 320 7
19 261 10
19 485 9
19 825 9
19 833 5
19 62 3
19 35 4
20 225 5
20 185 9
20 81 8
20 657 4
20 22 1
21 396 9
21 394 6
21 955 1
21 817 8
21 346 7
21 586 10
21 446 1
21 780 2
21 784 1
21 152 4
21 63 4
21 43 8
21 537 6
22 369 5
22 276 4
22 225 9
22 824 1
22 491 4
23 274 9
23 241 7
23 988 6
23 740 1
23 41 8
24 494 8
24 411 8
24 502 3
24 157 7
24 635 8
25 465 2
25 427 7
25 337 7
25 729 10
25 93 8
26 920 6
26 942 10
26 741 2
26 559 4
26 577 7
26 454 2
26 130 8
26 123 3
26 112 3
26 688 9
26 785 7
26 97 8
26 31 3
27 859 2
27 404 3
27 271 6
27 129 5
27 123 8
27 117 7
27 90 3
27 70 8
27 44 6
28 330 2
28 558 7
28 479 9
28 134 7
28 109 3
28 455 5
28 57 5
28 993 9
29 636 9
29 614 9
29 527 10
29 542 1
29 289 2
29 181 7
29 172 4
29 425 2
29 109 2
29 426 5
29 36 8
29 902 8
29 652 3
30 391 4
30 371 5
30 353 6
30 337 6
30 326 10
30 947 3
31 344 10
31 755 5
31 954 4
31 162 5
31 96 2
31 91 3
31 796 4
31 56 3
32 384 6
32 287 5
32 414 7
32 824 1
32 60 8
33 372 8
33 430 10
33 659 2
33 126 10
33 658 2
33 701 8
33 53 2
33 621 3
33 35 1
33 930 7
34 478 7
34 219 8
34 438 4
34 46 4
35 283 10
35 280 1
35 668 2
36 614 4
36 606 4
36 490 1
37 424 1
37 315 6
37 962 9
37 253 3
37 224 4
37 118 6
37 117 8
37 79 4
37 765 7
39 352 4
39 566 3
39 175 3
39 777 7
39 95 7
39 79 10
39 50 8
40 516 10
41 809 5
42 381 5
42 845 10
42 345 4
42 852 6
42 493 4
42 990 1
42 201 5
42 948 10
42 153 1
42 133 7
42 114 6
42 753 5
42 480 4
42 533 9
43 939 1
44 543 1
44 692 8
44 258 10
44 203 9
44 906 10
44 139 7
44 509 6
44 106 3
44 648 1
45 115 10
46 255 5
46 150 1
47 345 1
47 955 10
47 784 4
48 847 4
48 329 3
48 128 10
48 107 5
49 334 7
50 566 10
51 244 4
51 408 10
52 719 6
53 885 1
53 372 8
53 456 2
53 228 5
53 873 7
53 856 6
53 178 10
53 171 10
53 126 8
53 111 5
53 83 4
53 77 5
54 185 7
55 239 9
55 579 1
55 700 9
55 441 8
56 278 2
57 376 6
57 474 8
57 330 5
57 437 8
57 226 2
57 156 9
57 141 9
57 405 4
57 104 1
57 616 10
58 376 2
58 226 7
60 414 6
60 276 3
61 245 6
61 89 7
61 807 2
62 368 3
63 346 4
63 452 8
63 237 10
63 217 7
64 244 8
64 980 9
64 155 3
65 808 3
65 606 10
65 242 2
65 507 3
65 841 9
65 102 2
65 762 10
65 585 8
65 553 7
65 597 10
66 416 4
66 906 10
66 197 10
67 977 1
67 151 6
67 127 5
68 417 9
68 355 9
68 349 2
68 247 8
68 195 2
68 675 10
68 111 7
68 882 9
68 943 9
69 595 1
70 567 1
70 123 10
71 359 5
71 292 7
72 864 4
72 466 8
72 156 4
72 721 5
73 341 7
73 124 7
74 368 10
74 665 8
75 382 5
75 90 9
76 927 7
76 561 8
76 594 9
76 620 3
76 434 7
76 160 6
76 460 6
76 87 7
76 528 7
76 960 9
76 613 9
77 622 8
77 336 2
77 328 4
77 417 1
77 300 3
77 178 7
77 716 3
77 461 8
77 99 7
78 681 3
78 92 9
79 611 3
79 432 3
79 209 7
79 176 10
79 402 2
80 569 4
80 193 1
80 168 9
80 487 3
80 544 10
81 723 3
83 373 3
83 945 7
83 936 6
83 822 10
83 512 6
83 645 1
84 143 9
85 525 2
85 392 10
85 554 4
86 759 3
87 768 10
87 571 2
87 160 6
87 731 3
87 754 2
88 322 3
88 281 7
88 591 7
90 298 9
90 956 8
91 420 3
91 190 8
91 96 5
92 681 8
92 191 2
92 706 7
93 269 9
93 216 10
93 758 7
94 398 9
94 923 8
94 715 2
94 305 5
94 243 3
94 202 8
94 584 6
94 713 1
95 240 9
95 424 7
95 666 4
96 343 6
96 609 4
96 420 6
96 972 2
97 499 7
97 954 8
97 229 7
97 121 10
98 708 10
98 404 1
98 252 4
98 194 3
98 125 1
99 328 10
99 457 5
100 180 9
100 158 10
101 987 8
101 370 9
101 313 4
101 312 3
101 299 9
101 530 5
101 541 5
101 583 10
101 151 8
101 684 2
101 763 2
101 472 7
102 606 10
102 406 4
102 410 1
102 301 3
102 242 1
102 808 4
102 161 1
102 660 10
103 254 4
104 279 7
104 264 7
104 140 5
105 518 1
107 847 8
107 853 6
108 609 5
108 121 4
109 691 4
109 900 10
109 181 2
109 455 1
109 902 8
110 213 4
111 470 10
111 236 8
112 481 10
112 688 9
112 892 7
113 761 2
113 158 9
114 811 9
114 290 5
114 273 7
114 574 5
114 263 1
114 999 8
114 211 2
114 183 9
114 132 9
114 122 3
114 670 10
115 235 2
116 893 8
116 963 3
116 433 4
116 202 9
118 291 8
118 627 10
118 565 10
119 552 3
119 146 6
119 768 6
119 434 5
120 813 2
120 165 7
120 136 2
121 343 9
122 556 6
122 133 10
122 132 4
122 918 3
123 601 3
123 567 1
124 341 8
124 293 6
125 522 8
125 232 3
125 159 6
125 154 6
125 139 6
125 708 6
126 430 8
126 447 6
127 311 1
128 329 3
128 303 3
128 819 5
128 683 10
128 150 9
128 600 1
129 258 9
130 821 4
130 837 9
131 521 3
131 595 1
132 999 2
132 263 1
133 918 8
133 327 8
133 497 8
133 256 6
133 480 10
134 264 5
134 679 5
135 853 10
136 863 9
136 848 5
136 163 3
137 277 7
137 720 7
138 310 2
138 438 3
138 219 10
139 418 6
139 477 10
139 309 6
139 203 7
140 744 8
140 474 9
140 196 8
140 624 5
140 141 8
141 498 6
141 624 2
141 205 3
141 196 3
142 281 5
144 199 5
146 532 2
146 434 10
146 617 6
146 460 6
149 386 5
149 458 6
149 673 6
151 684 4
152 394 9
152 183 5
152 714 2
153 381 1
153 497 8
155 607 5
156 511 10
158 973 8
159 543 4
159 978 9
159 272 1
159 197 2
160 676 2
160 557 2
161 507 3
161 724 7
161 982 9
161 301 6
162 920 7
163 268 8
163 871 10
163 707 2
167 400 9
167 922 8
167 634 7
168 220 7
169 291 3
169 674 4
169 779 6
169 250 1
169 612 1
170 171 2
170 934 6
175 666 1
175 940 2
175 835 6
176 223 2
176 698 8
176 775 8
178 602 3
178 914 8
179 388 3
179 354 2
179 331 9
181 453 1
181 333 2
181 889 5
181 296 3
181 834 1
182 385 7
182 358 9
183 214 4
185 491 2
186 343 2
186 644 3
187 350 9
187 299 9
188 590 10
189 421 3
191 393 2
194 898 6
195 442 5
195 349 7
195 328 9
195 284 8
195 457 9
196 205 1
196 474 3
197 294 2
199 536 3
199 246 8
201 394 10
201 780 4
201 628 7
202 673 1
202 305 1
205 639 3
206 401 1
206 357 2
206 527 2
208 379 7
208 741 2
209 304 10
210 912 8
210 254 8
210 610 6
211 703 10
211 263 4
211 767 2
211 737 3
211 563 2
213 459 8
213 647 9
213 443 1
214 555 10
215 954 10
216 427 1
216 751 9
217 537 6
218 344 8
219 478 10
219 310 7
219 419 5
219 633 6
219 874 1
222 487 2
223 814 5
223 682 9
224 862 2
224 514 6
224 883 1
224 603 1
224 907 8
224 650 10
224 640 5
227 947 8
228 704 2
228 697 5
228 230 10
228 850 1
229 653 5
229 851 7
230 976 1
230 914 6
230 704 7
231 520 7
231 892 8
233 612 2
233 618 9
238 368 8
238 669 5
239 952 6
239 774 2
242 585 7
242 451 2
242 553 3
244 342 1
244 735 8
245 740 2
246 961 7
247 943 2
247 881 3
248 353 10
249 998 6
250 618 5
250 748 5
251 578 3
251 538 5
252 522 5
253 308 10
256 480 3
257 450 3
257 680 9
257 475 4
257 412 5
257 672 6
259 556 10
261 266 6
263 422 1
263 500 3
264 957 10
264 288 3
264 279 5
266 825 10
269 340 3
272 294 8
272 978 5
273 811 7
275 535 9
278 924 8
279 679 10
279 483 7
279 492 9
280 930 5
282 353 10
282 589 2
284 336 7
286 603 8
289 363 3
290 439 7
290 335 9
290 670 6
292 359 4
294 978 5
296 576 5
296 453 6
296 925 7
297 762 9
298 859 9
299 763 3
299 350 7
300 356 7
300 728 10
300 934 1
301 524 9
301 849 6
301 660 5
301 410 6
301 406 10
302 378 2
304 503 9
305 923 4
305 963 4
306 319 1
306 919 9
307 769 1
307 846 9
307 496 3
307 686 2
310 419 8
310 874 10
311 541 2
312 541 9
314 998 8
315 862 5
315 641 3
315 765 7
317 441 10
317 467 9
318 815 7
318 855 7
319 838 3
325 869 5
326 722 2
326 870 5
328 905 10
328 975 8
329 819 9
331 891 4
331 766 7
333 425 1
336 675 1
337 391 2
338 423 6
338 505 5
339 591 3
346 537 5
347 797 7
348 713 9
350 763 9
352 539 1
353 462 4
353 589 6
353 756 8
355 840 9
357 409 7
359 985 9
360 742 9
361 823 8
367 896 9
368 806 8
370 684 9
372 935 10
373 645 2
374 568 2
377 735 5
379 920 5
379 550 8
381 570 1
381 750 5
383 841 10
387 575 6
387 602 5
388 635 5
388 694 6
390 990 2
394 628 4
396 817 2
399 904 5
402 540 1
406 632 9
406 791 10
406 623 4
407 493 9
407 783 7
407 854 5
408 980 7
411 615 9
411 515 1
412 619 3
413 795 3
417 984 10
425 725 7
425 573 5
426 790 4
426 542 10
427 599 10
427 751 9
428 638 8
429 435 5
434 620 2
434 588 2
434 469 10
436 601 5
439 958 6
439 646 1
439 508 7
441 700 5
441 579 1
442 716 1
450 475 5
453 734 9
453 889 10
458 690 10
460 532 6
461 709 9
461 728 3
464 652 10
466 479 2
468 721 10
468 511 10
468 757 4
469 927 9
471 858 1
471 969 10
474 917 4
474 744 6
475 672 5
476 772 2
476 742 9
476 875 6
480 948 10
480 852 6
481 577 7
481 572 1
483 679 1
486 587 10
489 503 9
490 879 4
493 533 10
496 625 7
496 769 1
498 639 9
503 782 1
504 974 4
504 826 5
507 724 9
507 597 9
511 757 2
511 562 3
512 712 4
514 640 3
521 866 6
522 872 9
524 632 9
524 660 7
526 910 4
530 583 4
531 676 10
533 753 1
534 656 10
535 764 6
535 878 7
536 696 9
539 611 2
540 830 9
540 777 4
552 979 1
552 953 10
552 598 9
552 613 10
552 919 7
561 613 4
562 798 2
563 718 7
563 937 6
566 915 2
566 727 10
573 725 5
573 636 4
573 736 9
580 820 5
580 814 4
580 698 4
589 756 2
590 839 2
590 959 7
599 751 3
601 837 8
601 921 7
602 944 4
605 861 8
605 737 1
612 618 8
612 913 8
612 926 7
622 905 5
623 632 1
629 692 2
629 699 5
630 671 8
632 810 9
636 736 6
641 765 3
645 822 9
648 781 7
648 726 3
651 961 1
660 849 8
662 994 3
681 706 5
682 967 10
696 899 3
711 906 9
712 770 3
715 818 5
718 937 3
721 864 7
731 793 10
736 739 10
741 755 4
743 999 1
745 873 3
751 816 3
757 938 8
761 844 9
764 878 4
764 803 8
769 846 5
774 839 8
776 898 1
778 1000 6
805 884 10
813 848 5
835 940 3
837 921 5
855 988 2
870 908 10
875 941 9
894 991 4
923 963 2
948 964 9
975 986 8
