1000 1197
5 60 80 18 83 71 43 89 91 36 92 21 31 76 32 69 25 85 63 6 52 80 47 45 67 57 14 75 64 17 35 25 97 26 57 91 8 93 33 35 59 62 7 78 77 93 99 19 76 46 40 48 48 93 68 69 22 75 86 12 63 50 45 47 20 40 97 40 28 3 10 22 67 5 90 75 54 91 14 55 40 2 52 87 95 3 1 62 62 61 81 64 59 11 77 55 51 10 30 23 31 38 48 41 42 98 70 96 59 26 99 55 77 12 50 44 34 38 93 58 40 60 48 84 33 46 59 15 22 84 73 72 55 70 73 78 78 38 21 40 31 43 78 26 7 41 100 24 32 12 14 19 54 3 42 61 88 29 48 76 53 8 38 97 6 58 52 45 92 20 42 21 88 36 17 71 71 41 82 93 53 28 49 96 57 22 64 16 48 30 40 65 72 2 3 2 56 33 17 16 99 34 56 16 92 52 39 36 64 14 7 3 69 43 37 41 18 70 88 79 45 30 62 45 41 74 20 79 34 79 44 77 12 20 8 79 25 93 22 50 100 8 98 57 96 95 56 78 68 28 18 4 4 83 73 89 73 56 18 14 20 67 50 78 84 18 93 16 71 38 7 43 6 19 12 83 59 100 93 96 8 65 78 41 8 97 4 9 5 52 74 28 47 47 48 62 20 85 89 70 27 81 7 66 58 81 80 41 83 77 37 2 42 58 70 11 70 33 58 67 62 63 98 43 53 35 77 46 60 51 77 93 44 92 18 79 48 63 8 2 18 94 52 57 80 84 47 55 64 64 39 38 49 84 22 51 42 83 59 46 67 85 38 92 7 27 28 71 85 93 24 94 65 78 72 64 69 79 17 96 49 28 77 35 52 77 56 46 99 84 79 94 12 100 34 40 51 91 81 26 31 25 57 86 16 96 69 67 49 16 59 99 40 3 9 99 11 3 82 72 81 17 54 55 81 86 8 1 41 50 58 6 91 8 75 77 27 84 81 82 79 77 45 60 52 32 89 52 33 70 85 63 12 1 87 76 42 43 80 57 90 82 68 68 95 37 97 18 17 34 65 95 37 94 45 95 51 93 21 65 7 71 100 11 91 55 29 86 9 44 63 99 64 74 19 54 85 53 91 30 33 99 71 44 36 89 10 86 58 80 62 52 1 97 79 58 42 13 12 37 10 94 62 46 27 68 77 19 95 75 51 98 65 84 82 3 86 28 58 87 63 90 27 48 25 29 51 89 16 90 51 86 26 79 9 21 25 58 92 38 55 44 84 27 68 28 38 48 30 47 68 5 7 57 27 100 50 78 96 98 21 70 75 93 32 82 75 4 75 75 11 5 98 21 49 86 12 21 1 39 58 74 11 8 77 16 4 51 90 49 26 9 54 23 76 14 78 66 5 70 3 28 100 16 62 10 26 95 6 78 31 94 90 6 75 68 21 45 39 77 57 68 29 88 77 69 43 92 20 38 40 83 81 63 98 78 3 56 69 5 58 61 3 66 28 62 84 10 99 35 61 2 76 71 55 77 48 53 98 98 52 10 75 60 93 20 78 57 22 7 25 45 92 24 87 38 51 28 53 36 14 21 18 91 83 60 19 17 21 96 61 72 44 4 76 41 72 16 52 73 7 37 72 60 32 6 20 2 31 45 96 84 69 77 26 40 10 36 69 30 30 36 1 24 80 56 52 13 75 80 28 76 28 87 61 99 63 55 40 20 8 44 16 49 5 66 79 50 17 82 89 3 19 90 69 57 76 20 90 23 71 86 39 68 41 53 55 44 83 13 76 50 77 94 35 95 80 40 64 97 14 85 69 51 74 18 98 100 74 98 91 58 33 83 99 49 12 31 47 40 29 80 21 33 55 93 50 52 65 76 67 79 30 72 17 3 44 24 81 75 12 96 81 90 29 100 94 81 99 76 91 3 74 81 49 93 35 12 99 23 94 20 83 58 57 56 8 91 84 86 33 28 94 35 39 6 37 90 11 70 69 4 39 4 87 3 43 21 95 23 65 26 93 25 40 2 2 91 14 54 26 100 51 59 77 45 79 79 50 32 93 17 91 78 68 26 2 2 21 7 34 23 79 24 2 52 40 13 41 26 59 81 86 15 22 7 44 31 83 92 21 64 4 53 16 50 13 92 96 79 29 17 49 49 50 75 56 39 20 11 89 92 87 78 79 28 95 82 7 2 85 23 96 95 75 78 48 4 6 20 94 27 32 62 55 43 8 68 43 33 18 30 90 16 67 54 58 64 91 70
1 434 10
1 377 8
1 374 4
1 769 6
1 693 2
1 336 3
1 319 6
1 436 1
1 686 4
1 298 9
1 248 5
1 220 1
1 796 1
1 793 3
1 451 2
1 187 9
1 148 8
1 667 7
1 124 2
1 909 1
1 115 1
1 624 3
1 80 5
1 72 4
1 694 1
1 653 6
1 51 7
1 49 8
1 924 6
1 23 8
1 17 2
1 15 2
1 14 7
1 12 5
1 10 5
1 8 8
1 5 2
2 445 3
2 259 6
2 116 3
2 708 3
2 77 5
2 950 9
2 55 6
2 414 10
2 17 7
2 9 6
2 4 3
2 3 4
3 4 8
4 388 5
4 341 8
4 723 1
4 299 7
4 784 6
4 279 5
4 266 9
4 135 2
4 128 8
4 99 5
4 90 6
4 78 10
4 21 1
4 16 5
4 8 8
4 6 8
5 367 5
5 848 2
5 433 6
5 315 7
5 668 10
5 303 4
5 493 7
5 238 4
5 236 6
5 227 4
5 202 6
5 719 10
5 417 9
5 542 4
5 430 10
5 706 3
5 139 9
5 684 8
5 136 8
5 121 7
5 113 1
5 20 8
5 13 10
5 9 8
5 7 7
5 6 10
6 382 6
6 371 4
6 335 10
6 724 5
6 732 1
6 481 7
6 288 6
6 669 6
6 985 6
6 229 6
6 634 4
6 198 6
6 955 7
6 605 5
6 181 8
6 179 9
6 564 1
6 160 8
6 503 1
6 731 1
6 151 7
6 97 2
6 584 7
6 925 10
6 863 9
6 586 5
6 42 6
6 32 8
6 29 8
6 14 3
6 13 8
6 7 10
7 283 2
7 184 7
7 176 5
7 30 4
8 539 2
8 484 2
8 382 6
8 362 7
8 309 6
8 278 7
8 277 5
8 276 7
8 267 4
8 266 5
8 942 7
8 237 7
8 932 10
8 192 5
8 912 10
8 161 9
8 157 1
8 495 3
8 117 3
8 101 7
8 99 4
8 468 4
8 46 8
8 636 2
8 34 3
8 14 5
8 11 9
9 332 8
9 128 5
9 801 1
10 445 10
10 240 2
10 836 8
10 158 3
10 141 2
10 129 10
10 93 8
10 84 3
10 489 3
10 589 2
10 27 3
10 15 6
10 12 8
10 657 7
11 675 9
11 364 9
11 872 6
11 330 9
11 272 9
11 251 5
11 685 10
11 164 3
11 120 9
11 101 5
11 100 8
11 71 2
11 65 5
11 57 5
11 56 1
11 48 6
11 36 1
11 35 7
11 24 7
11 16 6
12 836 8
12 212 2
12 180 1
12 129 3
12 70 5
12 538 8
12 41 3
13 578 8
13 315 5
13 894 2
13 605 9
13 18 10
13 542 7
14 257 9
14 148 5
14 986 9
15 764 6
15 312 10
15 235 7
15 629 9
15 178 7
15 756 7
15 150 1
15 107 7
15 691 8
15 88 4
15 51 5
15 38 8
15 31 4
15 17 4
15 722 7
16 398 9
16 906 6
16 969 7
16 321 2
16 845 9
16 773 4
17 730 5
17 319 4
17 282 10
17 268 1
17 683 8
17 483 4
17 215 1
17 206 2
17 575 2
17 201 4
17 199 6
17 941 5
17 885 7
17 111 8
17 107 1
17 91 10
17 974 8
17 59 4
17 815 5
17 647 9
18 371 2
18 244 4
18 221 1
18 181 4
18 142 2
18 569 4
18 43 8
18 26 3
19 381 3
19 911 10
19 354 9
19 343 4
19 496 7
19 326 9
19 471 10
19 309 9
19 273 3
19 841 9
19 222 1
19 213 8
19 817 8
19 791 3
19 138 4
19 938 2
19 127 10
19 117 5
19 466 9
19 69 1
19 37 1
19 34 2
19 24 3
20 392 8
20 532 6
20 162 10
20 160 4
20 104 10
22 510 9
22 651 8
22 467 5
22 170 7
22 119 1
22 103 6
22 82 1
22 53 9
23 918 5
24 740 7
24 622 4
24 842 8
24 317 10
24 289 2
24 466 4
24 251 4
24 228 7
24 188 6
24 920 4
24 120 10
24 100 7
24 582 8
24 69 1
24 440 4
25 395 6
25 366 1
25 353 7
25 408 10
25 274 2
25 410 4
25 234 10
25 190 2
25 523 8
25 95 8
25 797 2
25 49 10
26 529 7
26 167 10
26 162 5
26 403 5
26 144 8
26 526 8
26 52 6
26 29 1
28 341 3
28 820 2
28 528 6
28 801 4
29 392 1
29 532 6
29 195 10
29 160 4
29 144 3
30 831 4
30 361 7
30 668 7
30 927 10
30 693 6
30 587 3
30 136 1
30 124 4
30 121 1
30 453 6
30 727 5
30 697 4
30 470 9
31 601 9
31 233 9
31 163 3
31 150 8
31 798 4
31 533 6
32 922 2
32 476 6
32 295 7
32 255 1
32 232 8
32 585 9
32 718 4
32 207 3
32 140 9
32 594 10
32 105 5
32 86 1
32 67 1
32 40 1
32 744 4
32 704 9
33 676 4
33 454 4
33 238 8
33 516 2
33 73 8
33 43 5
34 921 9
34 892 10
34 461 5
34 325 7
34 800 2
34 305 6
34 262 4
34 965 7
34 218 5
34 205 4
34 200 7
34 192 7
34 752 6
34 699 7
34 143 1
34 138 7
34 127 3
34 488 5
34 92 8
34 497 2
34 75 3
34 61 7
34 37 7
35 323 9
35 447 6
35 867 6
35 689 8
35 85 10
35 57 3
35 40 6
36 839 9
36 396 10
36 809 8
36 378 8
36 372 8
36 633 4
36 339 9
36 210 7
36 209 4
36 196 9
36 625 3
36 169 4
36 688 9
36 442 10
36 114 9
36 112 8
36 110 5
36 96 8
36 46 10
37 389 7
37 296 2
37 636 8
37 477 7
37 62 8
37 952 10
38 150 5
38 695 7
39 737 5
39 424 9
39 523 4
39 274 10
39 260 5
39 234 5
39 58 9
40 106 4
41 342 9
41 875 3
41 298 3
41 627 4
41 709 4
41 739 3
41 589 4
41 899 8
42 385 4
42 851 6
42 358 1
42 491 10
42 245 9
42 175 4
42 557 9
42 97 5
42 902 6
42 76 3
42 46 3
43 509 5
43 285 8
43 583 1
43 185 7
43 159 9
43 137 9
43 73 3
44 400 2
44 404 2
44 657 6
44 402 5
44 84 10
45 316 6
45 605 3
46 387 5
46 362 1
46 427 8
46 644 7
46 89 4
46 63 6
47 959 10
47 533 1
48 747 6
48 286 9
48 503 10
48 179 10
48 105 8
48 527 2
48 56 8
49 637 10
49 687 2
49 989 7
49 91 4
49 700 2
50 508 8
50 736 6
50 402 6
50 829 10
51 306 1
51 741 7
51 66 1
53 363 7
53 757 10
53 467 1
53 116 4
53 414 4
53 59 2
53 950 6
54 591 3
54 537 6
54 203 3
54 409 9
54 108 3
54 102 8
54 61 4
55 258 4
55 206 2
55 550 2
55 145 10
55 111 9
56 544 4
56 295 4
56 65 1
57 734 8
57 621 2
57 323 5
57 996 5
57 67 8
58 365 9
58 190 3
59 282 8
59 774 3
59 814 5
61 926 9
61 880 7
61 231 7
61 671 4
61 108 6
62 389 10
62 262 2
62 932 7
63 189 8
63 442 8
63 984 1
64 546 6
64 385 8
65 859 3
65 474 2
66 122 6
67 585 8
68 342 6
69 188 9
69 558 1
70 379 7
70 376 3
70 303 1
70 177 10
70 113 9
70 433 9
71 958 5
71 444 2
71 448 9
71 960 6
71 514 5
72 74 5
73 419 5
73 345 8
73 574 1
73 832 4
73 152 10
73 1000 5
73 87 1
73 676 7
73 501 1
74 650 9
75 123 6
76 452 8
76 252 5
76 778 3
76 643 1
76 96 8
76 413 10
76 856 1
77 332 10
77 988 1
77 838 2
77 723 1
78 373 9
78 270 10
78 249 7
78 780 2
80 879 1
81 173 5
83 928 3
83 859 8
83 286 10
83 852 6
83 825 8
83 494 9
83 710 7
84 508 5
86 585 2
86 767 7
87 577 1
87 771 8
87 285 4
88 455 7
89 94 7
90 654 5
91 647 2
91 679 6
92 743 10
93 802 5
93 298 7
93 540 8
94 126 6
94 956 10
95 353 6
95 234 4
96 641 4
96 984 9
96 134 1
97 98 2
98 465 10
98 557 3
99 299 10
100 659 6
100 287 6
100 940 9
100 967 3
100 204 3
100 161 5
100 155 1
101 378 10
101 267 4
101 210 9
102 457 5
103 982 1
103 170 8
103 450 5
104 529 10
104 244 9
104 162 10
104 511 10
105 335 7
105 476 6
106 906 10
106 991 5
106 447 8
107 551 4
107 292 4
107 197 10
107 111 1
107 530 7
108 203 4
108 409 4
108 926 1
108 671 10
109 810 7
109 756 8
110 339 7
110 196 7
110 112 4
111 805 6
111 258 7
111 206 1
112 913 9
113 376 4
114 673 1
114 130 7
115 277 6
115 148 4
115 581 3
115 986 4
116 360 9
117 604 9
119 246 3
119 194 8
119 190 5
120 393 1
120 765 2
120 289 6
120 243 3
120 936 9
120 155 8
120 146 9
120 582 4
121 470 10
121 216 4
121 760 4
122 606 2
124 236 10
125 384 5
125 379 2
125 750 1
125 500 7
125 924 4
125 775 1
127 213 6
127 981 9
128 801 9
129 742 3
130 731 4
131 659 1
131 171 9
133 361 9
133 983 2
133 953 1
133 191 6
133 628 5
134 300 2
134 252 5
136 848 5
136 953 6
136 628 6
136 766 6
136 165 7
136 678 10
137 463 7
137 154 3
137 832 4
138 222 5
138 143 9
139 352 3
140 674 9
140 321 1
140 313 4
140 855 10
140 726 2
140 525 5
141 631 1
141 342 1
141 589 1
143 576 3
143 535 1
144 808 5
144 998 6
144 167 10
144 753 3
144 437 10
144 772 9
146 393 3
146 344 10
146 307 5
146 623 8
146 155 3
147 611 4
148 301 9
148 665 7
148 257 4
148 443 9
148 690 2
151 482 3
151 435 3
151 592 7
151 438 3
151 288 8
151 276 1
151 990 9
152 242 6
152 771 1
152 154 2
153 291 7
153 763 7
155 940 9
156 834 10
156 262 3
156 218 6
156 205 6
156 512 10
157 325 9
157 205 5
159 833 5
159 185 2
159 463 3
160 253 10
160 513 6
160 935 9
161 171 1
163 798 2
163 306 4
163 233 8
164 916 2
164 272 4
164 873 3
164 568 7
164 960 7
164 702 6
165 191 6
166 327 2
166 300 1
167 772 10
168 261 9
170 642 5
170 651 6
170 174 3
170 510 6
171 770 4
172 945 1
172 464 3
172 269 8
172 231 9
172 660 1
172 478 6
172 595 8
173 506 5
177 376 9
179 930 7
179 337 3
179 503 5
179 514 3
180 500 6
180 775 8
181 891 10
185 914 5
185 509 5
186 933 10
187 483 7
188 354 5
188 228 7
190 408 8
190 246 2
190 224 9
190 570 9
191 701 4
192 484 3
192 269 4
193 370 6
193 669 3
195 949 8
196 886 5
197 611 8
197 294 9
199 637 5
199 826 1
200 222 8
201 757 6
202 586 5
203 664 3
203 865 7
203 468 5
203 591 6
204 929 2
205 560 6
205 325 4
205 869 2
205 275 6
205 777 6
206 870 5
207 313 7
208 421 2
210 539 10
211 324 10
211 271 6
212 624 6
212 374 9
212 446 1
213 217 7
214 436 2
215 319 5
216 453 3
220 697 8
221 475 10
221 350 5
221 280 3
221 706 2
222 849 3
222 418 9
223 471 7
223 326 10
223 310 3
227 863 4
228 317 9
229 584 10
230 460 10
232 718 7
232 698 6
232 681 10
234 797 3
235 903 3
235 521 5
235 652 7
235 853 8
237 288 5
237 592 1
237 748 8
237 482 5
241 403 3
242 1000 2
243 602 5
245 358 4
249 782 1
249 469 2
250 416 1
250 620 3
250 656 7
251 920 5
251 968 7
252 866 3
253 951 10
254 569 5
256 335 10
256 917 7
257 828 10
257 581 9
257 690 8
258 728 7
259 909 7
260 369 6
260 738 6
260 429 4
261 264 7
261 876 4
262 834 5
263 694 3
263 304 6
263 812 2
264 405 1
264 305 5
266 713 7
268 282 10
268 774 6
268 421 4
268 939 3
268 795 6
269 347 5
270 713 10
276 990 4
279 723 7
280 324 5
281 878 2
282 334 5
282 993 3
282 815 8
283 556 3
283 812 7
283 694 10
283 733 2
285 663 4
288 813 5
288 438 3
289 582 4
291 348 1
291 763 5
292 530 8
293 799 6
293 402 8
295 747 6
297 795 5
300 754 1
304 422 2
306 606 8
308 684 5
311 457 10
312 853 9
312 783 2
312 810 8
312 691 6
312 490 1
312 629 7
313 548 6
314 352 7
314 432 10
316 481 7
317 399 4
320 613 10
321 507 1
322 337 8
323 338 6
323 502 7
324 350 4
325 921 5
325 777 7
326 964 3
326 954 6
328 660 6
328 948 1
329 393 4
331 333 2
331 575 4
334 774 3
336 759 2
337 958 10
338 594 1
339 553 1
340 607 1
340 837 3
341 388 8
343 346 3
343 849 3
343 603 7
347 595 8
347 464 8
347 945 9
349 720 9
349 451 7
351 355 5
355 897 7
356 947 9
358 861 4
358 598 3
359 416 9
361 587 4
361 957 2
361 678 9
362 884 3
365 424 2
366 369 2
369 395 2
369 822 3
369 716 3
371 891 4
374 875 4
374 707 9
374 627 1
374 624 3
375 413 5
375 599 6
380 674 5
380 588 7
381 817 8
381 603 3
381 938 7
383 560 5
383 517 4
384 500 8
388 559 1
388 962 4
392 532 3
395 692 10
397 401 7
397 490 4
398 745 7
398 845 5
400 407 8
400 472 3
402 799 1
403 499 1
403 806 5
403 459 2
407 590 1
410 797 7
415 431 9
417 729 6
417 901 4
419 449 8
419 619 6
421 858 2
426 868 8
427 680 2
434 802 3
434 837 10
435 943 9
435 658 10
437 459 9
440 492 10
441 802 10
444 916 10
445 565 5
447 867 3
453 992 2
454 574 1
454 893 1
462 575 4
463 705 2
464 945 5
464 626 10
466 740 6
468 865 10
468 664 8
472 818 3
473 574 5
479 776 2
480 1000 8
486 573 5
486 505 4
486 579 7
488 892 8
489 646 6
490 545 4
490 531 8
491 515 5
491 639 8
496 964 5
496 954 10
499 808 2
499 806 10
499 998 7
500 775 10
503 610 7
505 579 5
513 951 7
515 598 10
519 562 4
519 545 1
519 614 9
520 820 5
521 903 2
524 867 6
526 529 6
527 572 6
528 820 9
530 661 1
539 625 3
541 850 5
544 563 4
547 751 2
549 977 10
557 851 8
561 629 5
563 675 2
566 880 4
566 942 8
567 735 7
572 696 7
577 715 2
577 620 8
581 665 9
583 854 7
586 980 2
586 630 3
587 983 8
588 674 1
589 631 9
594 976 3
599 840 8
600 687 10
607 653 6
610 908 8
621 734 8
623 682 9
624 883 8
627 707 3
628 766 5
630 980 7
632 830 5
632 708 3
637 779 7
637 826 7
639 861 9
646 970 4
654 881 1
664 865 8
665 690 1
677 877 3
680 839 3
689 915 6
689 871 10
690 828 4
691 783 6
692 716 6
695 722 5
700 890 1
700 864 8
703 738 8
708 830 5
711 761 9
711 779 4
716 822 2
719 895 7
726 816 10
726 773 7
732 935 8
734 996 4
738 931 3
744 976 8
749 854 2
749 819 7
758 910 2
761 779 10
761 826 1
762 980 9
773 816 2
792 889 5
795 860 9
808 998 9
809 886 2
809 913 7
813 847 7
825 852 10
838 988 9
841 954 6
866 946 10
871 915 7
873 887 3
879 977 4
885 987 3
886 913 3
917 961 3
920 936 5
924 963 1
941 974 10
947 999 6
952 965 6
