1000 1197
5 79 22 66 38 37 64 46 59 77 17 6 46 9 60 86 53 79 80 59 68 76 6 59 29 3 44 76 33 29 46 5 29 47 10 97 73 55 62 66 12 67 47 61 67 75 99 88 89 39 57 2 12 4 3 8 36 52 59 1 71 80 23 15 58 46 77 84 46 55 16 76 78 49 21 68 19 36 81 87 82 89 11 6 66 45 61 85 73 18 100 95 14 91 54 34 5 44 37 9 6 50 73 69 99 58 40 26 37 77 9 66 66 12 11 90 72 15 35 89 98 3 60 36 84 1 48 69 91 31 33 18 48 77 92 88 11 16 18 52 32 57 92 40 73 54 42 8 18 18 90 53 65 79 31 11 99 57 8 1 38 86 69 19 17 35 11 16 71 56 15 68 16 85 67 1 40 3 98 37 43 97 33 25 64 57 11 85 80 31 15 50 69 38 70 73 86 50 60 85 6 100 32 73 55 34 72 87 88 77 36 68 9 89 85 35 62 30 19 31 97 81 7 2 6 35 96 34 80 54 52 75 81 57 80 2 48 11 69 10 21 66 60 48 14 73 32 65 38 25 64 73 93 94 17 4 62 1 41 4 40 16 43 24 65 96 12 6 22 93 47 95 32 18 31 84 59 62 30 2 26 65 28 2 31 36 72 25 35 68 60 62 36 13 11 26 21 11 54 16 6 11 77 38 20 46 71 83 16 43 66 48 85 84 76 59 74 47 81 96 80 52 49 89 89 33 44 97 30 68 21 43 94 95 48 11 19 59 39 4 2 3 87 11 30 90 43 42 40 97 55 61 5 11 48 54 72 35 26 42 83 19 88 85 21 15 76 67 72 27 64 46 7 37 93 74 10 47 87 5 53 30 93 9 73 53 91 71 51 37 33 55 68 56 16 10 80 14 90 25 13 36 44 21 24 32 71 23 88 36 50 86 39 1 2 40 29 80 95 14 85 20 5 86 11 54 84 82 99 49 19 34 78 83 57 77 56 48 91 6 84 71 19 2 34 84 7 39 71 42 45 67 67 57 37 16 28 58 45 8 81 93 59 64 77 24 49 29 86 34 22 95 83 70 23 20 82 5 4 50 45 31 31 36 6 89 86 83 28 8 17 21 24 44 16 91 3 80 91 43 1 88 50 17 49 69 1 89 17 2 2 9 90 28 27 78 7 45 45 43 90 76 23 42 2 43 44 83 48 32 65 18 99 95 83 48 25 10 36 64 62 95 31 94 93 68 82 4 84 55 91 15 34 97 40 50 90 90 91 90 86 51 24 51 53 36 15 88 75 98 16 24 69 95 54 65 60 34 69 45 12 28 50 54 59 63 83 87 38 6 38 14 37 72 98 53 21 32 72 56 71 97 45 56 33 87 75 12 79 6 90 69 80 5 83 84 65 91 46 23 37 33 98 42 57 3 32 99 33 52 1 2 22 32 97 24 36 90 71 90 18 57 39 89 35 49 46 88 67 43 1 17 25 11 51 16 2 9 40 59 27 24 32 37 1 21 74 3 9 2 29 50 30 22 23 96 21 30 66 96 19 61 6 32 9 44 70 82 75 48 1 36 15 34 9 53 50 47 58 95 26 58 11 79 38 63 51 46 36 63 71 2 84 83 22 33 62 24 41 20 55 64 20 46 100 23 97 16 57 60 98 48 78 26 95 67 6 39 45 41 1 41 57 6 92 94 22 96 90 72 87 63 45 20 30 48 75 19 85 85 39 17 21 70 85 31 85 22 49 53 93 4 12 6 11 85 72 72 58 5 28 67 25 47 47 19 38 63 51 87 69 71 24 21 9 99 2 71 59 59 44 85 13 97 42 34 98 7 67 57 48 7 80 99 50 89 63 9 20 38 7 53 76 2 36 60 54 41 38 90 67 35 11 69 3 46 97 18 31 4 81 75 71 80 99 86 51 36 88 84 16 70 16 29 18 49 34 26 15 9 100 98 80 38 89 2 45 65 9 54 33 20 68 100 57 59 41 94 32 22 9 42 19 33 25 34 7 79 51 52 34 28 97 64 62 16 73 55 59 39 69 39 51 30 40 50 97 3 27 93 6 28 98 17 79 80 8 36 27 52 43 31 32 48 25 43 29 30 82 35 7 56 17 95 73 90 35 34 6 84 22 75 81 87 16 32 75 79 11 31 44 23 46 69 70 92 65 58 83 39 84 45 86 14 10 81 56 20 19 54 82 12 96 71 52 66 29 87 95 42 14 19 22 16 64 75 14 27 32 96 60 66 84 84 28 38 61 19 62 50
1 401 4
1 397 1
1 832 2
1 394 4
1 725 1
1 371 8
1 354 2
1 336 4
1 594 10
1 655 6
1 297 2
1 792 3
1 285 9
1 499 5
1 996 5
1 250 3
1 243 9
1 968 3
1 566 4
1 762 7
1 209 6
1 208 1
1 871 8
1 967 2
1 195 8
1 186 4
1 184 7
1 180 8
1 178 3
1 169 6
1 773 10
1 156 5
1 621 2
1 875 3
1 652 8
1 673 1
1 142 7
1 674 5
1 121 10
1 118 3
1 105 6
1 992 9
1 822 5
1 59 1
1 54 7
1 44 2
1 30 10
1 17 8
1 14 1
1 13 2
1 12 6
1 408 2
1 6 3
1 4 9
1 2 1
2 382 5
2 309 4
2 220 3
2 179 1
2 73 1
2 966 4
2 11 7
2 3 3
3 378 7
3 338 7
3 895 8
3 288 1
3 598 10
3 214 2
3 194 9
3 556 10
3 100 9
3 499 4
3 599 4
3 30 7
3 808 4
3 10 4
3 6 3
3 5 3
4 904 10
4 531 6
4 302 10
4 295 2
4 279 1
4 493 5
4 157 4
4 152 2
4 141 2
4 132 10
4 115 3
4 519 1
4 849 8
4 86 2
4 587 7
4 915 4
4 48 1
4 47 8
4 42 1
4 41 1
4 863 3
4 22 8
4 870 6
4 15 10
4 10 9
4 5 9
5 892 8
5 948 5
5 694 3
5 668 10
5 861 8
5 448 1
5 167 4
5 906 7
5 109 9
5 84 10
5 62 5
5 57 2
5 485 6
5 45 1
5 16 10
5 8 6
5 6 1
6 457 4
6 658 5
6 625 5
6 454 5
6 292 5
6 470 2
6 198 4
6 163 4
6 151 5
6 145 5
6 113 9
6 811 4
6 786 3
6 65 1
6 30 7
6 26 1
6 21 10
7 441 8
7 704 4
7 659 6
7 701 7
7 526 6
7 497 3
7 150 1
7 919 5
7 419 6
7 98 5
7 558 6
7 25 5
7 8 1
8 702 9
8 728 2
8 306 10
8 258 8
8 257 5
8 136 10
8 120 6
8 66 4
8 626 2
8 13 10
9 308 10
9 283 8
9 892 10
9 959 1
9 638 4
9 182 7
9 670 4
9 879 6
9 113 7
9 437 6
9 402 3
9 58 8
9 424 1
9 25 2
9 21 10
9 16 4
10 265 3
10 255 6
10 214 10
10 664 2
10 507 7
10 411 6
10 72 6
10 69 10
10 488 10
10 15 9
11 669 7
11 252 1
11 867 1
11 19 9
12 387 6
12 836 3
12 337 9
12 270 7
12 213 4
12 430 2
12 154 10
12 695 3
12 70 10
12 724 1
12 37 3
12 32 8
12 13 4
13 374 4
13 836 6
13 442 9
13 455 7
13 637 4
13 857 4
13 110 9
13 106 6
13 930 3
13 96 1
13 536 7
13 37 6
13 29 6
14 327 10
14 321 8
14 275 5
14 273 7
14 147 8
14 66 7
15 775 10
15 600 8
15 428 1
15 902 10
15 242 8
15 783 10
15 436 5
16 618 6
16 84 10
17 383 6
17 373 3
17 725 4
17 228 9
17 807 3
17 97 9
17 655 3
17 503 7
17 53 2
17 34 10
18 344 3
18 189 5
18 899 6
18 132 8
18 911 8
18 86 7
18 569 8
18 28 6
19 390 4
19 453 9
19 532 2
19 311 8
19 301 3
19 299 3
19 249 8
19 768 4
19 417 7
19 469 2
19 718 3
19 33 8
19 28 4
19 974 2
20 348 7
20 209 8
20 207 5
20 203 7
20 81 4
21 535 2
21 364 7
21 419 7
21 326 10
21 308 2
21 696 5
21 296 7
21 525 10
21 816 6
21 582 5
21 217 1
21 202 3
21 201 1
21 133 6
21 435 6
21 95 2
21 439 1
21 461 5
21 916 9
21 962 7
21 43 5
21 35 7
21 24 3
21 646 7
21 883 9
22 181 1
22 502 6
22 933 4
23 986 7
23 259 1
23 204 1
23 471 9
23 65 10
24 752 4
24 723 8
24 741 7
24 650 8
24 677 1
24 546 3
24 289 2
24 260 4
24 224 4
24 523 6
24 646 5
24 166 8
24 143 3
24 487 9
24 133 1
24 102 3
24 95 7
24 951 5
24 38 5
24 36 5
24 31 3
24 25 6
25 918 10
26 575 9
26 280 4
26 798 9
26 176 2
26 122 3
26 77 6
26 59 3
26 54 5
26 27 10
26 813 7
27 558 8
27 280 6
27 500 2
27 686 1
27 798 8
28 559 2
28 361 10
28 346 4
28 332 1
28 608 3
28 963 10
28 974 6
28 592 7
28 949 1
28 513 3
28 152 8
28 409 4
28 107 9
28 104 1
28 94 2
28 93 8
28 606 2
28 50 4
28 33 3
28 973 6
29 455 4
29 504 5
29 238 4
29 734 5
29 908 8
29 83 4
29 75 4
29 70 5
29 37 3
30 371 8
30 556 6
30 760 1
31 260 7
31 123 9
31 529 9
31 38 1
31 36 7
32 130 1
32 112 8
32 60 2
33 389 7
33 713 9
33 469 6
33 934 9
33 580 6
33 165 6
33 160 7
33 89 10
33 516 6
33 48 5
33 42 6
34 822 5
34 774 3
34 689 10
35 816 8
35 835 4
35 43 3
36 491 10
36 278 4
36 219 2
36 133 5
36 38 8
37 430 10
37 405 4
37 96 8
37 51 10
38 546 4
38 39 2
39 287 8
39 170 9
40 570 7
42 76 6
43 391 5
43 384 1
43 979 3
43 675 2
43 261 10
43 609 10
43 199 9
43 138 7
43 418 8
43 129 5
43 653 8
43 95 10
43 487 6
43 610 9
44 406 8
44 567 8
44 236 4
44 175 7
44 955 9
45 342 8
45 268 4
45 182 2
45 172 10
45 441 5
45 98 10
45 57 1
45 605 9
46 488 5
46 647 10
46 276 7
46 740 2
46 164 4
46 157 10
46 802 2
46 614 9
46 878 9
46 69 7
46 411 7
46 939 3
46 427 10
47 377 9
47 791 9
48 262 3
48 227 9
48 158 5
48 79 6
48 639 9
50 456 4
50 189 7
50 870 7
50 86 1
51 444 10
52 280 7
52 131 9
53 651 9
54 80 3
54 661 6
55 778 3
55 451 5
55 242 3
55 425 4
55 164 10
55 69 2
55 436 4
56 341 10
56 330 4
56 237 8
56 233 5
56 174 2
56 568 3
56 1000 4
56 969 5
57 678 4
57 268 8
57 437 2
57 485 7
58 471 3
58 838 7
58 204 8
58 99 1
59 957 6
59 965 2
59 336 6
59 285 1
59 235 5
59 122 6
59 91 4
59 679 4
60 290 8
60 184 9
60 156 6
60 88 8
61 284 9
61 237 5
61 233 6
61 197 3
61 833 4
61 575 2
62 555 1
63 688 2
63 135 6
63 101 3
64 399 10
64 173 2
64 168 2
64 105 8
65 986 10
65 770 8
65 869 1
65 433 5
65 162 9
65 117 5
65 889 3
67 953 1
67 261 4
67 509 8
67 183 9
68 398 7
68 956 3
68 806 7
68 171 6
68 146 10
68 513 9
68 991 4
69 317 9
69 276 5
69 164 5
69 747 4
70 971 6
70 136 2
70 75 1
72 382 8
72 362 9
72 256 3
72 221 5
72 528 10
73 966 6
74 329 6
74 254 2
74 413 7
74 215 3
74 766 7
74 663 8
75 363 7
75 136 2
75 83 3
76 340 3
76 301 6
76 590 2
77 328 7
77 80 4
77 550 7
77 957 8
78 564 10
78 527 5
78 335 2
78 236 4
78 186 8
78 169 2
78 406 8
79 656 7
80 443 9
81 372 8
81 243 7
81 130 2
81 604 6
81 82 7
81 913 10
82 631 6
84 897 2
84 660 4
85 560 2
85 329 4
85 271 10
85 254 10
86 263 6
87 522 5
87 228 2
87 211 6
87 97 3
87 464 10
87 642 1
88 674 1
89 473 3
91 285 2
91 216 10
91 583 1
91 105 5
92 319 2
92 185 2
92 170 9
92 523 2
93 750 3
93 165 2
93 592 10
94 332 4
94 632 2
94 467 1
94 135 3
94 475 4
95 384 5
95 206 6
95 418 7
95 129 7
98 191 5
98 126 1
99 366 3
99 308 8
100 279 1
100 148 7
100 920 1
100 596 1
100 952 9
100 654 8
101 339 5
101 310 5
101 611 4
103 378 9
103 486 6
103 490 8
103 428 6
103 194 8
103 577 5
103 882 9
104 346 9
104 226 6
104 222 10
104 963 6
104 171 1
104 146 2
104 505 5
105 823 1
106 629 8
106 715 9
107 398 10
107 139 2
107 940 8
108 293 3
108 250 4
108 481 1
108 434 4
109 797 8
110 369 10
110 147 5
110 728 1
110 127 10
112 540 8
113 670 7
113 225 9
113 821 2
113 562 1
113 506 8
114 309 7
115 616 10
115 764 8
116 347 8
116 340 10
117 521 1
118 273 3
118 208 3
121 823 4
121 318 4
121 312 4
121 458 9
121 173 3
122 815 8
123 260 4
123 529 2
124 279 8
125 556 9
127 369 3
127 943 5
127 192 4
127 177 7
127 576 4
127 573 3
128 461 3
128 579 2
129 392 7
129 384 6
129 561 5
129 733 5
130 481 5
131 341 1
132 961 8
132 200 10
132 709 5
133 772 1
133 520 3
133 289 4
133 240 8
133 874 8
133 202 1
133 143 5
133 676 1
134 206 8
134 989 6
134 525 8
134 962 5
134 474 2
134 752 4
135 467 6
136 306 6
137 538 4
137 554 10
138 610 1
138 379 10
138 510 10
139 407 6
139 468 8
139 608 3
141 295 7
143 219 9
145 658 6
145 419 9
145 435 6
146 806 2
146 615 7
147 331 8
147 320 3
147 313 7
147 927 9
147 275 8
147 628 1
147 192 8
147 865 3
148 269 10
148 449 4
149 535 3
151 670 1
153 569 9
155 362 8
155 528 5
155 819 1
156 297 6
156 691 4
157 947 3
157 314 6
157 300 5
157 589 7
158 262 1
159 632 6
160 592 2
163 225 1
164 884 2
164 922 6
164 778 3
165 780 6
166 541 2
166 487 1
167 948 6
168 421 9
168 264 5
169 406 2
169 539 5
169 186 4
169 542 7
170 224 8
170 185 3
170 593 4
171 777 5
171 615 6
171 222 9
171 581 9
171 472 3
173 354 1
173 230 5
173 479 7
173 178 10
174 197 2
176 661 3
176 779 7
177 886 2
177 420 5
178 923 9
178 498 1
178 511 2
179 274 1
179 220 5
179 214 3
181 863 10
182 253 7
183 953 2
184 674 5
184 929 7
185 978 5
186 248 10
187 568 8
187 712 4
187 237 1
188 252 3
188 867 3
188 850 5
190 856 6
192 557 2
192 943 4
192 865 4
192 275 4
192 571 3
194 395 5
196 812 6
196 311 8
196 569 5
199 360 6
199 438 4
199 510 4
199 210 3
200 666 7
200 789 5
201 951 3
202 333 7
202 326 7
202 240 3
202 217 2
202 781 3
204 794 3
204 582 10
204 883 2
207 282 8
208 327 7
208 325 3
208 489 6
209 633 9
209 223 1
210 379 5
210 619 10
210 612 6
211 522 9
211 603 4
213 429 5
213 726 8
215 544 8
217 676 6
217 240 7
217 852 9
217 462 9
218 232 4
219 741 10
221 382 10
222 928 3
222 226 7
222 508 6
223 633 10
224 294 7
224 622 9
226 324 8
226 543 7
227 990 10
227 611 8
227 339 4
227 639 10
227 687 4
228 464 10
230 498 5
231 412 4
232 717 5
236 335 4
236 588 9
237 568 3
238 345 10
238 504 4
238 776 1
239 759 6
239 622 5
239 754 9
240 333 5
241 330 1
241 758 9
242 946 6
242 447 10
243 673 8
243 303 4
243 293 3
243 913 3
244 796 5
247 741 8
247 278 1
247 648 5
250 720 1
251 789 1
252 850 4
254 766 3
255 614 10
255 411 2
258 698 7
259 817 5
259 809 8
259 793 10
259 696 6
260 396 5
261 916 5
261 296 5
261 675 7
265 507 4
266 550 4
268 485 5
268 584 10
268 834 4
269 920 3
269 449 6
271 329 6
271 431 5
274 716 1
275 571 5
276 317 7
277 698 4
278 648 10
279 915 3
281 721 7
281 475 2
281 422 9
282 315 5
283 433 2
285 621 3
285 995 5
285 583 10
287 784 4
288 808 7
289 772 8
290 297 1
291 322 5
292 707 8
292 731 6
293 303 9
294 319 6
296 916 3
296 609 3
298 585 2
298 552 2
300 947 1
300 684 8
301 356 7
301 516 8
301 580 4
301 744 7
303 913 10
307 527 2
308 366 6
308 424 8
310 339 5
310 452 2
311 812 2
311 353 9
312 458 7
314 901 2
314 589 2
314 519 4
314 826 8
317 641 5
318 769 6
318 864 10
321 325 10
324 936 2
335 643 3
336 401 9
336 773 5
340 950 6
340 347 6
340 925 3
341 860 3
342 403 10
342 605 3
343 903 3
343 454 3
343 470 2
346 899 7
349 564 2
349 643 10
349 804 4
349 465 4
350 355 2
351 868 8
352 548 8
353 812 9
353 549 4
355 604 1
356 771 1
356 981 8
356 459 6
356 934 10
360 835 8
362 960 1
362 819 2
363 748 8
364 985 2
365 788 6
366 424 8
368 910 3
368 777 1
369 515 8
369 886 9
369 517 3
370 480 1
374 637 2
375 396 10
375 529 6
375 876 10
376 464 7
377 994 9
377 791 2
379 438 8
384 391 7
385 729 2
386 534 7
387 971 6
388 538 3
388 918 1
389 446 3
390 820 8
390 601 1
390 459 8
391 392 4
393 749 2
393 862 10
395 486 2
395 672 10
397 762 6
400 707 7
400 731 4
401 968 7
401 773 1
402 574 1
404 805 7
411 802 9
413 753 5
413 924 6
415 922 7
415 778 7
419 524 9
420 573 8
422 721 10
423 1000 5
425 451 6
427 614 6
427 645 9
428 783 5
429 997 10
433 983 8
434 466 6
435 457 2
435 613 1
437 692 8
438 612 7
439 852 10
439 676 10
439 736 7
439 874 5
446 473 1
449 873 3
449 920 9
452 636 10
454 463 7
455 755 3
459 771 3
465 804 4
466 720 7
467 964 3
472 508 1
474 634 10
475 721 2
482 489 2
482 566 3
482 967 3
483 735 9
483 891 6
485 533 9
485 834 7
485 861 2
486 714 9
486 672 3
490 598 7
491 782 9
492 991 8
504 635 10
505 963 5
507 591 2
510 610 3
512 620 5
514 576 9
515 886 2
519 980 5
523 723 2
524 586 6
525 962 3
528 819 10
529 843 7
531 709 6
531 666 8
532 803 8
539 681 9
542 955 2
543 936 4
544 753 7
544 924 8
546 732 9
546 851 1
546 630 10
548 868 7
552 585 8
553 888 9
553 631 10
557 943 10
562 770 3
562 597 5
564 588 6
567 799 5
577 705 5
580 825 7
581 777 3
582 883 6
583 621 8
587 961 7
589 947 9
589 901 1
593 978 4
596 975 5
596 859 10
597 770 7
600 795 4
601 820 9
601 713 9
603 657 1
603 848 3
607 664 10
614 645 6
614 740 4
616 685 9
616 764 9
621 683 4
622 759 6
623 870 3
623 972 7
628 890 9
628 927 7
629 871 8
630 732 5
631 888 1
634 926 10
635 776 9
636 990 6
638 869 2
639 706 4
645 740 1
646 921 6
650 723 4
653 847 9
657 848 1
657 844 4
660 668 7
663 766 3
668 942 10
668 727 10
669 867 6
674 929 9
676 874 8
678 834 2
683 995 5
683 937 5
685 900 4
694 801 9
704 774 7
707 731 1
709 961 2
723 745 4
727 853 2
727 897 3
729 911 8
731 830 1
732 851 6
740 878 2
752 989 2
755 790 4
771 981 10
777 910 5
783 895 2
798 919 9
818 904 10
835 893 10
859 982 2
893 979 7
898 935 6
907 993 7
939 976 10
975 982 6
