1000 1197
5 45 81 10 51 61 58 87 54 79 82 81 13 86 24 81 2 81 89 72 49 6 46 98 69 19 78 33 71 11 71 39 5 41 52 81 97 37 25 29 69 94 7 23 70 66 70 11 99 27 24 29 65 72 8 83 61 87 95 4 40 14 44 81 75 16 26 14 69 40 14 89 46 79 83 41 86 80 5 21 99 92 65 58 18 76 15 49 13 16 80 57 56 82 75 25 47 6 78 56 56 90 37 89 82 41 20 31 44 91 6 77 83 83 65 49 4 36 37 23 81 33 14 36 27 71 23 68 14 3 1 5 35 18 58 71 30 51 5 35 3 53 31 36 68 36 1 84 79 16 25 29 47 86 6 25 10 77 62 80 71 64 74 99 43 42 65 96 34 60 94 26 37 71 96 92 6 71 22 10 61 6 52 31 19 76 98 65 28 2 22 26 41 13 22 82 63 59 33 22 61 53 39 71 80 68 5 73 81 45 42 6 12 19 57 8 92 98 53 74 97 95 51 29 87 32 88 89 53 75 78 19 47 89 17 81 27 49 70 22 1 64 56 51 94 93 67 26 47 97 22 96 10 91 19 29 65 45 35 49 20 16 88 39 27 16 35 23 50 20 64 37 39 61 11 98 73 73 48 57 92 65 42 13 67 39 10 64 41 92 93 24 67 51 65 93 78 89 64 46 55 31 57 75 59 99 88 85 7 25 15 78 1 77 3 46 59 72 46 45 46 55 20 19 22 20 25 39 67 78 23 15 65 37 54 16 99 75 44 17 78 72 20 10 58 74 73 89 61 45 79 12 60 89 12 96 35 6 35 29 7 10 31 1 74 61 34 11 47 32 96 74 53 77 1 71 98 42 38 60 9 72 3 59 24 3 67 36 65 50 60 9 52 69 78 61 43 50 30 68 47 90 76 83 36 50 99 93 19 30 95 33 68 73 90 29 95 87 48 31 41 19 76 34 31 91 20 2 82 6 87 40 68 33 19 34 48 1 31 42 26 30 12 33 11 12 59 85 89 50 70 95 23 55 37 4 46 25 84 65 98 33 62 22 68 14 6 69 9 6 48 38 84 20 72 41 87 30 52 83 63 85 8 43 73 94 84 84 37 33 16 29 93 81 45 38 98 58 48 97 10 20 85 25 73 60 61 3 58 96 76 50 79 91 85 44 31 79 64 27 82 81 49 72 9 7 96 51 4 58 75 55 75 7 97 92 28 29 28 42 19 51 87 24 31 99 73 99 64 36 65 49 60 20 45 27 43 10 77 47 77 78 70 1 100 77 7 91 5 41 3 62 80 41 89 75 71 4 34 17 86 54 14 65 23 25 67 49 92 40 87 40 40 14 12 48 75 14 23 80 38 90 78 71 60 10 12 81 39 90 86 9 58 25 52 93 83 69 91 93 27 18 56 63 44 48 16 12 11 45 9 14 56 67 48 80 46 34 62 29 57 89 22 18 4 55 16 61 82 85 69 22 98 54 21 62 59 94 20 58 64 92 67 31 9 33 34 34 35 40 67 94 43 79 4 76 100 65 46 11 43 18 54 40 5 23 58 18 17 65 8 24 65 88 17 78 93 56 100 64 23 47 56 97 65 34 99 81 3 1 97 7 87 89 95 78 93 36 16 7 41 28 78 92 52 61 18 84 21 99 69 1 61 12 75 74 35 66 38 24 23 68 12 54 60 83 73 15 43 74 56 95 83 25 39 62 14 86 29 37 16 96 91 7 34 70 98 15 11 61 78 4 57 30 85 34 87 57 67 82 40 44 86 67 45 100 28 1 74 9 56 51 39 13 88 12 95 19 60 12 21 71 72 98 22 30 12 76 26 69 17 22 24 9 50 78 91 1 84 53 70 61 60 97 99 55 10 87 3 14 38 19 74 13 64 91 25 34 2 24 62 10 45 40 79 75 78 21 91 24 23 94 33 44 69 76 63 79 39 70 84 90 81 15 94 60 49 1 87 34 4 79 61 82 9 72 40 78 98 7 69 17 67 82 57 83 89 91 78 58 71 27 10 81 55 41 95 94 61 100 28 42 22 24 36 63 6 96 5 4 3 82 68 20 19 79 6 26 68 67 40 72 45 13 61 31 18 53 56 89 22 49 23 86 44 66 95 47 99 100 22 57 2 6 88 80 43 40 93 30 25 7 90 6 50 87 48 67 65 88 100 1 58 75 30 66 39 52 30 68 68 73 82 21 30 56 34 77 70 93 9 7 25 1 90 95 84 39 35 50 77 13 29 93 11 14 74 46 56 70
1 482 9
1 299 5
1 298 7
1 280 2
1 253 4
1 243 7
1 911 7
1 233 7
1 208 1
1 177 6
1 176 10
1 896 3
1 150 6
1 694 4
1 130 4
1 736 4
1 782 10
1 76 1
1 683 2
1 60 7
1 793 1
1 44 9
1 33 3
1 27 10
1 18 5
1 16 2
1 13 3
1 10 2
1 6 5
2 451 3
2 368 5
2 559 4
2 959 8
2 910 8
2 822 1
2 223 3
2 567 4
2 182 5
2 168 9
2 160 4
2 92 1
2 871 4
2 452 7
2 447 10
2 33 3
2 815 4
2 17 3
2 15 3
2 13 7
2 8 10
2 5 5
2 4 7
3 649 3
3 661 2
3 366 2
3 532 9
3 715 10
3 264 3
3 220 7
3 508 2
3 146 2
3 130 8
3 119 2
3 117 8
3 822 7
3 68 9
3 46 4
3 15 9
3 464 4
4 551 2
4 779 1
4 326 5
4 318 7
4 935 6
4 288 3
4 460 10
4 855 1
4 638 4
4 232 5
4 817 9
4 231 6
4 209 5
4 869 6
4 165 1
4 129 4
4 453 8
4 128 6
4 125 4
4 115 10
4 454 10
4 90 8
4 74 8
4 70 9
4 54 1
4 954 4
4 11 4
5 559 5
5 247 5
5 192 3
5 115 10
5 737 9
5 7 10
6 615 4
6 974 7
6 907 7
6 300 9
6 278 7
6 245 3
6 229 8
6 225 7
6 557 1
6 207 4
6 824 3
6 733 7
6 675 2
6 148 3
6 648 10
6 743 5
6 125 4
6 113 8
6 930 6
6 979 8
6 602 3
6 77 3
6 65 3
6 52 5
6 47 8
6 42 3
6 40 5
6 38 9
6 453 6
6 22 4
6 20 5
6 11 6
7 247 9
7 239 5
7 917 9
7 74 9
7 972 9
7 939 10
8 436 7
8 424 6
8 786 3
8 25 8
9 931 4
9 338 7
9 968 5
9 890 2
9 214 10
9 879 5
9 210 8
9 186 5
9 152 2
9 140 5
9 121 5
9 865 8
9 669 8
9 679 10
10 829 1
10 107 10
10 75 5
11 383 6
11 371 3
11 864 5
11 859 2
11 286 9
11 263 3
11 973 9
11 558 1
11 189 3
11 167 2
11 143 10
11 118 10
11 114 5
11 887 3
11 83 1
11 82 3
11 70 9
11 45 1
11 37 8
11 29 4
12 461 8
12 532 6
12 273 1
12 254 7
12 251 4
12 407 9
12 604 2
12 689 4
12 106 1
12 497 10
12 84 5
12 63 7
12 576 10
12 53 10
13 989 1
13 275 6
13 191 10
13 421 6
13 753 6
13 621 4
13 103 3
13 97 1
13 34 6
13 24 10
13 21 9
13 603 8
14 532 5
14 254 1
14 188 1
14 760 4
14 79 4
14 39 1
14 35 7
14 553 4
15 649 5
15 581 1
15 267 10
15 995 9
15 574 2
15 424 10
15 139 9
15 435 1
15 25 10
16 662 3
16 352 8
16 754 3
16 314 3
16 418 10
16 297 6
16 289 6
16 287 2
16 285 8
16 276 10
16 253 2
16 244 9
16 456 2
16 600 9
16 153 9
16 147 5
16 592 4
16 625 1
16 787 4
16 28 1
16 978 10
16 21 5
16 17 7
16 752 10
17 697 9
17 498 5
17 271 8
17 759 6
17 249 6
17 163 6
17 18 4
18 527 10
18 849 2
18 562 2
18 281 7
18 427 6
18 218 7
18 498 6
18 180 1
18 163 1
18 61 1
18 44 7
18 415 9
18 33 2
18 965 2
19 384 4
19 410 7
19 728 6
19 976 10
19 141 6
19 130 10
19 661 4
19 63 8
19 819 5
19 619 3
20 693 4
20 466 6
20 738 7
20 308 5
20 596 3
20 458 1
20 246 2
20 126 5
20 106 6
20 79 1
20 831 8
20 408 5
20 39 1
21 400 1
21 500 2
21 345 2
21 579 3
21 298 4
21 834 4
21 285 1
21 989 7
21 266 10
21 255 5
21 625 8
21 155 10
21 72 1
21 66 7
21 652 7
21 443 8
22 869 6
22 358 5
22 638 8
22 301 3
22 557 10
22 234 3
22 688 5
22 209 10
22 580 9
22 509 8
22 129 2
22 113 10
22 87 6
23 439 9
23 245 1
23 555 2
23 434 6
24 538 1
24 26 3
25 367 10
25 786 3
25 902 8
25 160 9
25 110 1
25 104 8
25 963 4
26 705 9
26 303 5
26 853 10
26 656 2
26 475 3
26 132 10
26 122 10
26 72 3
26 31 9
27 393 8
27 214 10
27 213 1
27 624 2
27 176 2
27 525 9
27 58 6
28 469 6
28 284 6
28 603 8
28 157 1
28 488 4
28 57 8
29 372 8
29 504 8
29 346 4
29 327 10
29 769 6
29 494 4
29 514 9
29 899 10
29 199 3
29 558 3
29 187 6
29 184 2
29 723 7
29 947 3
29 143 10
29 856 8
29 499 2
29 65 7
29 56 8
29 47 9
29 836 5
30 74 9
30 49 2
31 363 3
31 766 8
31 266 9
31 108 5
31 820 10
31 85 5
31 73 6
32 191 8
32 753 3
32 485 10
32 58 5
32 791 6
33 479 4
33 547 9
33 871 5
33 427 8
33 243 3
33 874 9
33 218 8
33 211 6
33 202 3
33 562 3
33 180 10
33 178 6
33 478 10
33 60 6
33 59 4
33 55 7
33 44 6
34 991 4
34 641 4
34 275 2
34 43 4
35 528 3
35 800 5
35 308 10
35 490 7
35 461 4
35 520 9
35 106 3
36 689 8
37 365 3
37 404 10
37 310 3
37 45 6
38 373 9
38 318 1
38 795 7
38 125 10
38 577 9
39 880 1
39 355 10
39 490 3
39 617 8
39 800 1
40 615 5
40 327 3
40 836 4
40 207 10
40 142 1
41 947 8
42 332 6
43 161 10
44 292 5
44 448 6
44 714 2
45 383 2
45 743 2
45 846 1
46 476 4
46 543 8
46 377 7
46 357 9
46 702 4
46 423 9
46 187 6
46 715 9
46 430 7
46 655 10
47 320 9
47 261 5
47 962 1
47 611 2
47 102 4
47 91 6
47 67 9
47 56 7
47 929 7
47 417 5
47 583 2
48 237 3
48 663 1
48 443 9
49 798 2
50 779 9
50 939 7
50 247 9
50 616 5
50 115 8
51 395 8
51 678 5
51 69 4
51 55 5
52 133 2
53 299 2
53 816 4
54 988 6
54 119 1
54 114 7
54 887 4
54 70 6
55 395 6
55 881 9
55 687 2
55 837 6
56 320 1
56 311 2
56 252 1
56 248 10
56 199 10
56 193 1
56 134 10
56 102 9
56 653 10
56 65 2
56 711 4
57 236 6
57 910 2
58 775 1
58 336 3
58 186 9
59 889 6
59 732 1
59 196 2
59 489 6
59 62 7
59 632 6
60 889 2
60 100 2
60 575 6
60 632 5
61 749 10
61 227 6
61 93 7
62 774 2
63 384 3
63 858 4
63 273 2
63 138 1
64 397 3
64 636 10
64 451 8
65 199 2
65 193 5
66 266 6
66 766 2
67 278 5
67 215 9
67 583 2
68 307 7
68 212 6
68 995 9
70 951 3
70 315 1
70 988 5
70 720 8
70 288 2
70 173 9
70 171 1
70 893 1
70 90 6
70 83 3
70 516 2
71 197 10
71 160 5
72 401 7
72 319 7
72 560 6
72 505 10
72 230 4
72 639 1
72 201 4
72 792 5
72 98 1
72 78 7
72 686 1
73 717 8
75 782 10
76 489 7
76 860 8
76 732 1
77 203 3
77 907 4
77 158 7
77 148 6
77 848 10
78 540 10
78 763 1
78 805 4
78 179 3
78 98 2
79 788 2
79 465 9
79 126 9
79 799 4
80 270 1
80 452 8
81 338 1
81 140 7
81 890 7
81 485 9
82 362 2
82 571 4
82 472 9
82 258 7
82 228 2
82 143 9
82 702 6
82 862 9
83 118 4
84 224 1
85 399 6
85 807 2
85 216 8
85 105 10
86 781 10
86 768 9
86 302 4
86 253 3
86 906 3
86 208 7
86 155 9
86 150 8
86 694 4
86 978 5
87 660 7
87 234 10
88 660 4
88 229 9
89 142 6
89 135 4
90 288 3
90 167 9
90 136 9
91 998 4
91 282 7
91 533 8
91 222 6
91 690 9
91 134 5
91 611 5
91 583 7
92 169 6
92 116 3
92 109 9
93 227 9
94 183 7
94 172 5
94 684 8
95 356 3
95 316 5
95 501 10
95 425 3
95 175 2
95 170 8
95 155 6
95 564 10
96 343 9
96 223 3
97 722 5
97 157 6
97 603 7
98 319 7
98 656 10
98 642 6
98 970 2
99 229 4
99 133 10
101 515 5
101 212 4
101 154 5
101 704 2
103 422 4
105 807 5
106 396 1
106 449 4
106 486 4
107 851 1
108 216 8
108 884 1
109 601 7
109 527 6
109 565 1
109 806 3
109 169 2
109 416 2
110 909 2
111 194 6
111 635 10
113 453 7
113 557 9
114 277 6
114 146 5
114 131 3
114 586 4
116 382 6
116 565 9
117 340 9
117 131 1
117 586 2
117 510 4
117 830 8
120 366 7
120 423 3
120 566 1
120 476 3
120 912 4
121 775 5
122 305 3
122 206 3
123 868 10
123 876 4
123 203 10
123 770 8
123 473 7
124 347 1
124 803 2
125 331 5
125 225 2
126 339 8
126 630 7
126 892 8
129 232 3
130 344 8
130 333 4
130 628 8
130 296 5
130 986 6
130 250 6
130 410 6
130 156 4
130 808 10
130 777 10
131 325 1
131 510 2
131 446 3
131 146 4
132 459 1
132 457 2
132 705 2
133 194 7
133 635 3
134 311 9
134 222 6
135 347 8
135 518 7
136 173 9
138 927 5
139 959 10
139 223 8
139 581 8
140 338 9
140 981 10
141 672 4
142 839 9
143 362 3
143 228 2
145 390 6
145 847 10
145 174 5
145 163 3
146 446 9
147 392 2
147 928 1
147 179 6
148 770 10
149 309 6
149 232 3
150 208 8
150 548 3
150 563 8
150 906 9
151 261 2
152 851 7
153 918 9
153 303 1
153 545 8
154 307 6
155 564 2
156 250 2
157 348 7
157 488 9
158 279 1
160 618 8
162 360 8
162 612 3
162 777 8
162 524 6
163 847 10
163 335 8
163 271 4
163 650 9
164 337 8
165 511 2
167 263 1
170 425 4
170 564 7
171 326 6
171 204 7
172 640 3
172 658 8
172 219 3
172 421 3
172 784 1
172 983 2
173 893 5
174 506 6
176 393 9
176 870 7
177 509 2
177 736 1
177 502 3
181 815 2
181 680 3
181 855 10
184 258 6
184 406 4
184 739 1
188 497 10
188 322 4
188 254 7
194 872 4
194 635 8
195 884 6
196 860 10
197 593 5
197 436 3
199 293 10
199 916 7
199 504 2
200 604 2
200 242 2
200 738 8
201 380 8
201 413 1
201 463 5
201 230 8
201 455 5
203 256 4
203 876 5
205 523 5
205 621 6
205 654 8
206 590 7
206 305 6
207 391 2
207 364 1
207 895 7
208 542 1
208 482 7
208 683 2
208 813 8
209 638 6
210 679 8
213 931 5
214 879 10
214 573 1
215 240 4
216 265 8
217 527 1
218 971 10
218 677 5
220 391 5
220 552 4
220 900 7
220 634 3
221 413 7
221 754 2
221 463 3
222 385 1
222 359 7
222 311 2
222 729 2
222 282 5
222 572 3
224 675 8
225 373 1
228 362 10
228 670 9
229 330 7
230 313 3
230 804 8
231 966 4
233 356 10
233 441 6
233 883 10
233 433 3
234 936 4
234 587 4
235 782 9
236 910 9
236 469 5
237 663 4
237 530 3
238 450 5
241 523 7
242 396 5
244 422 6
244 592 3
244 984 8
245 434 5
245 555 9
246 553 10
247 616 5
247 972 2
249 281 6
250 976 4
250 429 7
250 886 7
253 905 3
254 369 4
254 321 5
255 538 8
255 437 4
256 262 7
258 769 2
259 561 10
259 987 2
259 414 1
260 277 7
260 471 2
260 492 3
261 929 5
263 526 9
264 606 8
264 537 3
266 470 6
266 363 5
266 652 6
268 329 5
268 276 3
269 401 8
269 392 10
271 796 1
271 335 7
272 336 5
274 321 7
276 329 5
277 325 5
277 645 9
278 974 6
279 591 4
280 468 4
282 572 1
283 287 2
283 805 1
285 792 4
285 579 8
285 644 10
287 352 2
287 549 2
289 549 2
289 317 2
290 465 3
290 760 3
291 858 8
295 446 9
295 440 9
297 790 3
298 989 4
301 351 4
301 589 9
301 850 2
302 978 6
304 394 10
304 375 10
304 356 2
305 328 7
305 772 3
305 445 9
306 743 2
310 674 7
310 496 2
314 620 2
314 993 6
315 349 4
315 818 3
315 438 9
320 744 4
322 519 6
323 742 9
324 618 10
324 902 1
325 471 9
326 389 3
326 809 6
327 723 4
332 513 2
338 801 2
338 419 3
338 789 4
341 930 10
343 636 10
343 707 7
343 977 1
344 429 4
344 637 9
346 864 8
346 496 2
346 558 9
347 803 6
347 569 4
349 818 4
349 474 8
350 540 9
350 735 2
350 805 5
353 494 8
354 761 6
356 394 9
356 388 4
356 657 4
356 375 1
356 706 4
356 985 7
356 441 4
358 544 8
358 370 8
358 582 5
358 873 7
360 661 2
360 524 2
363 766 1
364 391 2
364 900 4
364 921 9
364 945 3
364 607 3
365 797 4
365 417 1
365 420 8
366 566 3
366 912 6
366 423 5
366 543 5
366 655 6
368 435 7
368 699 10
369 842 6
369 933 9
370 746 2
372 554 5
375 394 2
375 388 4
375 622 9
375 875 9
377 702 7
380 613 2
382 565 4
386 551 4
388 622 3
389 720 10
391 634 7
391 921 4
391 724 5
391 771 9
393 718 7
393 624 8
394 588 4
398 432 1
400 625 3
400 747 1
402 585 1
403 512 6
403 691 8
404 432 7
405 475 7
406 554 6
408 458 9
409 483 9
411 531 3
412 840 5
412 589 5
412 623 7
416 806 4
417 856 5
423 566 8
425 500 10
427 971 8
431 526 6
436 593 8
437 755 7
438 951 5
438 609 9
442 956 8
445 529 3
454 779 8
454 785 1
456 878 2
458 949 6
458 892 8
458 630 6
459 705 6
460 673 9
465 799 2
466 958 4
466 596 2
468 979 9
470 652 2
470 546 6
472 481 3
477 776 2
483 957 3
484 839 7
487 807 10
491 903 7
494 539 7
495 831 6
496 674 4
499 723 4
499 836 6
504 514 1
505 754 3
505 667 2
508 597 9
509 580 10
511 551 5
511 941 2
511 885 10
514 916 4
514 852 5
515 948 10
516 720 3
519 541 4
519 721 1
521 668 5
522 946 9
524 619 10
530 663 5
533 711 8
535 987 8
537 957 4
538 755 1
540 701 10
547 783 4
548 608 5
556 913 4
559 713 1
561 714 1
563 812 4
564 901 7
564 651 8
574 629 5
574 716 3
574 659 1
580 969 6
581 794 2
584 757 4
584 687 7
592 696 7
599 708 5
599 686 4
608 990 3
616 972 7
618 902 8
619 731 5
620 905 10
627 648 9
628 986 3
631 772 4
632 940 2
634 900 3
634 771 7
634 724 3
637 647 7
641 991 2
641 924 4
646 904 4
651 821 5
656 970 2
657 706 9
662 701 4
662 735 10
669 992 6
670 741 4
675 762 6
696 814 3
700 716 9
704 955 3
717 845 6
728 976 10
761 844 8
773 923 3
779 785 2
785 925 4
789 981 4
791 914 8
801 922 8
801 890 10
802 956 3
804 825 6
817 941 10
824 863 6
833 895 6
835 849 2
845 975 10
848 868 3
852 899 5
864 934 9
884 964 10
885 941 6
889 967 3
889 940 10
892 949 6
892 938 6
897 997 2
914 924 8
929 962 2
