1000 1197
5 26 13 71 47 4 17 59 50 44 35 63 62 47 13 59 55 11 60 76 37 7 59 14 70 53 74 99 39 17 60 10 24 100 40 63 94 17 11 58 51 58 50 69 66 52 33 41 35 66 11 23 3 40 98 67 84 74 51 51 20 14 83 39 95 51 40 50 74 13 39 38 14 67 14 35 7 3 40 12 52 48 72 47 22 73 69 64 92 60 7 40 86 25 68 75 29 21 24 97 93 67 95 1 85 81 65 47 88 52 62 20 25 97 63 61 66 78 49 68 29 74 82 52 27 39 85 74 89 57 48 56 75 18 87 36 21 84 24 89 14 95 98 25 25 33 32 68 11 41 65 38 7 92 18 42 54 41 18 28 74 21 34 7 81 40 21 85 100 97 26 87 47 9 5 12 11 58 38 73 46 41 13 47 11 59 89 63 62 10 33 55 22 62 95 9 89 82 53 43 3 76 41 68 34 81 40 50 27 79 58 94 82 45 6 51 28 96 95 67 62 61 77 11 54 61 3 65 56 76 27 57 2 6 75 90 83 98 57 46 66 4 79 88 72 31 9 57 26 74 84 26 100 41 19 47 65 69 31 22 91 96 96 25 82 56 90 61 58 8 24 31 66 92 37 33 69 87 23 51 30 63 61 83 47 60 34 72 54 57 41 87 54 37 54 71 95 35 69 26 75 87 1 80 12 27 18 44 65 36 10 54 48 66 66 84 99 49 61 39 82 52 53 97 95 36 82 88 33 42 75 53 57 51 63 69 90 82 51 3 63 45 99 18 69 54 75 75 60 24 44 33 34 31 13 63 67 88 33 54 74 11 37 25 32 93 86 9 18 24 98 24 90 41 56 28 22 39 99 90 13 43 27 50 54 84 74 39 74 55 56 55 9 12 80 73 80 82 21 99 8 14 71 92 43 79 77 6 78 92 15 18 58 48 25 48 30 87 64 82 44 7 10 20 39 16 9 76 30 34 28 59 78 19 68 58 71 87 19 13 31 28 86 77 55 15 51 20 5 21 88 64 46 56 10 28 50 24 21 56 82 60 98 12 5 26 41 98 36 71 30 69 76 52 97 72 95 17 56 80 83 89 81 76 20 87 78 45 48 34 72 75 85 46 97 48 16 47 20 8 2 56 8 93 54 55 73 80 73 2 60 72 34 72 90 22 29 68 7 59 24 58 61 28 72 89 22 78 91 37 58 46 85 51 37 17 100 54 78 8 46 2 88 2 55 7 36 35 20 56 47 3 10 81 3 57 76 3 89 84 40 84 19 17 43 69 18 7 89 41 94 7 97 97 99 26 74 65 21 71 90 27 44 85 18 80 89 48 81 82 92 90 64 15 35 96 56 72 27 39 49 39 10 95 47 28 73 70 10 92 48 20 4 95 38 71 82 70 34 69 79 53 36 87 23 6 49 38 53 66 41 73 46 83 77 98 77 12 22 54 13 74 86 49 8 93 21 90 64 92 59 14 61 14 48 21 37 59 59 18 33 24 17 62 26 63 99 100 30 72 41 52 96 70 7 49 83 50 54 63 32 10 91 14 34 73 100 35 57 70 14 21 37 15 15 97 77 15 6 14 18 87 14 44 52 35 31 85 52 29 36 70 6 29 52 89 70 46 24 49 31 71 32 33 67 64 61 87 19 61 75 36 78 46 73 49 38 39 99 33 92 81 81 13 70 65 36 32 50 59 4 84 37 23 22 87 91 13 4 19 88 27 84 94 100 59 63 44 86 86 66 49 15 48 8 83 51 29 55 27 76 39 18 48 69 66 61 94 59 15 92 15 68 50 68 35 50 5 33 58 99 28 44 39 76 7 7 58 79 46 78 44 91 81 23 5 98 6 24 3 87 31 21 86 3 54 65 15 42 90 53 23 75 3 94 25 73 54 42 35 11 36 53 2 26 95 7 82 39 67 60 81 33 72 84 8 53 91 56 100 64 92 96 65 96 24 32 2 87 91 69 88 79 100 3 79 21 67 20 32 10 9 35 80 69 18 13 76 61 76 94 20 38 95 63 16 65 34 8 86 4 62 90 61 5 83 18 45 69 74 92 6 1 44 47 88 77 79 69 7 1 16 4 23 87 25 75 65 83 22 48 62 30 32 28 5 55 26 100 82 67 68 94 42 2 87 31 65 82 95 19 40 83 50 71 11 14 29 41 87 12 37 78 31 83 86 21 64 19 26 89 42 39 2 46 15 19 8 80 66 20 47 20 17 87 92 23 66 84 88 30 30 30 80 46 49 4 36 92 51
1 746 3
1 3 4
2 262 8
2 253 4
2 500 8
2 599 7
2 142 6
2 61 7
2 22 4
2 20 8
2 719 1
2 12 5
2 10 7
2 8 7
2 744 10
2 5 8
2 514 7
2 3 7
3 728 1
3 590 4
3 842 3
3 546 3
3 870 7
3 961 6
3 564 1
3 740 1
3 276 3
3 188 7
3 182 7
3 164 2
3 151 10
3 146 6
3 138 5
3 125 1
3 123 7
3 702 3
3 85 7
3 59 6
3 775 1
3 52 3
3 677 9
3 865 8
3 915 1
3 17 9
3 7 2
3 5 9
4 993 5
4 985 7
4 546 10
4 585 8
4 447 9
4 303 7
4 286 1
4 235 2
4 720 10
4 180 6
4 172 1
4 169 9
4 167 10
4 162 8
4 600 7
4 151 1
4 860 4
4 132 1
4 124 7
4 123 8
4 703 8
4 118 7
4 976 7
4 96 6
4 494 9
4 65 8
4 48 10
4 46 3
4 45 4
4 814 8
4 38 4
4 33 10
4 28 6
4 25 6
4 22 2
4 17 10
4 10 3
4 8 9
5 577 9
5 395 4
5 371 4
5 727 2
5 680 2
5 881 4
5 743 6
5 478 1
5 333 9
5 605 3
5 783 8
5 618 10
5 267 6
5 260 7
5 818 1
5 601 6
5 248 8
5 619 8
5 835 1
5 218 4
5 633 8
5 191 4
5 190 5
5 159 9
5 140 4
5 719 8
5 576 3
5 107 5
5 98 8
5 838 3
5 91 3
5 533 3
5 71 7
5 67 6
5 692 2
5 569 2
5 560 4
5 36 2
5 29 1
5 23 9
5 15 7
5 9 2
5 7 5
5 6 2
5 703 6
6 536 8
6 383 9
6 351 2
6 350 3
6 331 3
6 644 4
6 277 7
6 736 10
6 217 8
6 403 4
6 997 5
6 122 5
6 120 7
6 98 10
6 85 4
6 69 3
6 405 7
6 37 5
6 20 9
7 388 10
7 523 8
7 819 2
7 608 9
7 665 8
7 460 5
7 585 8
7 851 3
7 891 8
7 211 4
7 203 3
7 927 4
7 160 1
7 127 6
7 113 4
7 111 5
7 107 5
7 100 1
7 954 5
7 83 10
7 56 3
7 39 10
7 859 1
7 550 8
7 30 10
7 27 5
7 21 6
7 13 4
8 843 6
8 374 1
8 805 7
8 534 3
8 897 6
8 337 3
8 466 7
8 943 10
8 232 6
8 723 10
8 170 6
8 568 7
8 803 4
8 79 1
8 47 9
8 12 7
9 853 1
9 539 2
9 781 1
9 764 8
9 486 5
9 366 6
9 354 7
9 549 9
9 346 5
9 431 1
9 317 3
9 315 3
9 662 5
9 423 1
9 295 4
9 641 7
9 290 3
9 285 10
9 555 7
9 280 5
9 433 10
9 274 2
9 270 9
9 241 2
9 230 6
9 652 3
9 542 3
9 211 7
9 975 6
9 406 8
9 948 8
9 615 7
9 164 4
9 611 5
9 155 3
9 147 6
9 145 4
9 998 9
9 499 8
9 435 3
9 141 1
9 134 2
9 479 8
9 762 6
9 749 8
9 117 7
9 439 9
9 115 4
9 113 7
9 104 2
9 97 10
9 88 7
9 924 6
9 74 8
9 68 1
9 811 5
9 66 7
9 547 7
9 421 4
9 419 5
9 43 10
9 40 6
9 35 7
9 30 4
9 519 9
9 26 4
9 24 4
9 21 1
9 19 6
9 565 9
10 356 10
10 719 3
10 510 4
10 137 5
10 82 8
10 601 6
10 48 6
11 442 10
11 408 7
11 177 7
11 470 6
11 139 5
11 459 9
11 92 10
11 798 8
11 72 9
11 42 3
11 13 2
12 390 2
12 631 6
12 857 7
12 244 2
12 167 3
12 767 8
12 109 3
12 89 5
12 610 1
12 70 10
12 47 9
12 33 1
12 28 4
13 386 4
13 291 2
13 685 5
13 261 5
13 778 8
13 240 7
13 229 7
13 678 9
13 593 8
13 415 5
13 821 1
13 851 2
13 77 6
13 73 8
13 939 3
13 653 7
14 360 9
14 556 1
14 30 5
14 19 10
15 933 7
15 782 6
15 90 6
15 706 2
16 397 6
16 191 1
16 24 1
17 125 6
19 542 3
19 606 9
20 734 10
20 633 10
20 37 2
21 738 9
21 642 5
21 593 6
21 88 1
21 73 8
21 56 6
22 137 2
22 118 1
22 96 8
22 82 9
23 850 9
23 372 7
23 910 7
23 424 5
23 603 2
23 249 4
23 148 2
23 711 9
23 69 10
24 629 5
24 260 8
24 67 2
25 534 9
26 416 6
26 583 7
26 341 1
26 638 4
26 875 9
26 246 3
26 199 3
26 497 8
26 183 1
26 903 3
26 145 4
26 110 8
26 102 9
26 867 4
26 87 7
26 737 7
26 56 8
26 55 2
26 41 3
26 468 1
27 550 5
27 782 4
27 632 3
27 578 4
27 934 5
27 107 9
27 100 5
27 618 3
28 980 9
28 231 5
28 93 7
28 61 1
28 60 3
29 971 9
29 793 9
29 676 2
29 144 9
29 131 10
29 105 8
29 104 7
29 580 4
30 204 9
31 387 2
31 979 6
31 887 9
31 289 10
31 715 6
31 254 4
31 198 9
31 607 5
31 768 8
31 51 5
31 39 9
31 751 9
32 831 1
32 202 3
32 961 5
33 89 6
33 75 6
34 220 10
34 178 8
34 132 5
34 119 5
34 65 5
34 534 5
35 115 9
35 455 6
36 596 2
37 331 9
38 810 6
39 315 5
39 764 9
39 251 4
39 889 3
39 770 3
40 669 9
40 251 8
40 197 2
41 340 9
41 304 2
41 468 1
41 268 4
41 960 9
41 108 10
41 87 4
41 941 7
41 480 4
42 919 7
42 291 9
42 502 4
42 177 2
42 459 3
42 160 2
42 469 3
42 128 3
42 442 1
42 95 7
42 521 8
43 743 3
43 777 2
43 839 10
44 373 8
44 236 9
44 545 4
44 404 4
44 71 1
45 213 5
47 400 1
47 335 5
47 436 6
47 999 10
47 219 9
47 194 10
47 172 2
47 456 9
47 153 5
47 79 9
47 50 4
48 643 3
49 302 2
49 801 1
49 147 5
49 110 4
49 106 8
49 670 9
49 88 9
50 976 6
50 935 4
50 232 10
51 398 6
51 762 9
51 792 9
51 154 5
51 68 4
52 345 4
53 200 7
53 182 7
53 506 3
54 368 10
54 293 4
54 562 7
54 204 10
54 807 1
54 74 2
55 695 9
55 959 5
55 102 8
56 347 3
56 412 10
56 849 3
56 78 2
57 294 2
57 285 5
57 697 2
57 841 6
57 66 4
58 541 4
58 908 6
58 852 7
58 212 10
58 813 8
58 145 8
59 961 2
60 779 8
60 980 1
60 630 10
60 599 6
60 109 4
60 64 6
60 700 8
62 271 6
62 209 8
62 206 2
62 176 1
63 547 10
64 181 6
64 174 2
64 93 10
65 337 5
66 455 5
66 121 5
66 697 4
66 967 6
67 333 3
67 308 4
67 267 8
67 464 8
67 694 6
68 323 4
68 986 9
68 247 2
69 372 5
69 826 7
69 287 10
69 866 10
69 103 10
71 577 1
71 190 1
71 84 3
72 292 6
72 970 4
72 189 3
72 937 3
72 691 10
72 863 6
73 847 10
73 157 7
73 136 6
74 662 10
74 321 4
74 682 9
74 158 2
75 394 6
75 244 3
75 124 2
76 112 8
77 431 6
77 135 8
77 658 6
77 524 3
79 374 8
79 538 4
79 279 9
79 170 5
79 428 10
80 968 4
80 473 9
80 492 1
81 450 6
81 722 3
81 89 6
82 969 8
82 130 3
82 575 3
82 758 4
82 551 1
83 285 1
83 414 5
83 113 9
84 545 1
85 413 1
85 262 3
85 168 3
85 99 9
86 157 3
86 136 3
86 658 6
87 361 10
87 472 7
87 987 1
87 269 10
87 224 2
87 776 4
87 766 8
87 488 1
88 554 2
88 864 3
88 106 10
89 911 2
89 767 1
90 296 7
90 457 6
90 207 2
90 679 10
90 430 4
91 894 5
92 128 7
93 322 3
94 175 5
94 164 9
94 962 7
95 139 9
96 744 6
97 682 5
98 708 10
98 114 8
99 413 3
99 120 9
99 649 1
99 482 1
100 203 9
102 271 4
102 209 7
102 183 6
103 379 4
103 826 2
103 122 5
104 971 9
104 501 9
104 144 5
104 509 4
106 642 2
106 554 9
106 591 2
107 395 10
107 923 8
107 252 3
107 150 10
108 941 4
108 361 9
108 808 2
108 259 9
108 238 3
108 639 8
108 198 6
108 936 6
108 507 3
108 597 1
110 687 10
110 903 5
110 974 4
110 543 4
111 353 3
112 247 9
112 930 2
113 414 3
113 834 7
114 892 9
114 445 4
115 967 5
116 255 10
116 236 4
117 226 10
117 499 10
117 981 9
117 784 9
118 163 5
118 991 6
119 837 2
119 178 9
119 989 4
120 284 2
121 402 9
122 603 7
122 916 9
123 370 8
124 769 6
124 167 2
124 162 8
125 221 3
127 923 8
128 516 4
129 876 7
130 298 10
131 171 4
131 581 4
131 461 4
132 561 4
133 414 1
134 389 9
134 201 3
134 539 9
136 157 2
137 223 10
138 309 5
138 171 2
139 469 1
139 919 5
141 777 3
141 314 10
141 519 7
141 274 6
142 599 7
142 700 10
142 208 3
143 855 3
143 267 5
143 493 4
143 717 10
144 332 10
144 230 10
144 580 6
144 592 9
145 513 1
145 341 8
145 280 7
145 856 4
145 225 7
145 909 3
146 728 5
146 535 2
146 739 7
146 403 7
147 811 4
148 826 9
149 234 1
150 487 7
150 945 5
150 195 5
151 506 10
151 726 10
152 241 10
152 548 10
153 245 3
153 438 2
155 319 2
155 508 9
156 710 2
158 635 6
159 578 4
161 223 1
163 367 2
163 991 6
163 794 3
163 551 6
165 389 9
165 373 10
166 973 9
167 631 1
167 698 4
168 420 4
168 755 3
168 262 1
168 173 8
170 466 9
170 498 7
170 803 1
171 503 6
171 307 2
171 946 7
171 922 5
172 303 9
177 806 3
178 837 1
178 426 5
179 398 4
179 246 5
179 713 3
181 231 4
183 634 6
183 683 3
183 583 3
184 973 7
185 305 3
185 494 3
185 257 9
185 477 6
186 947 4
188 420 9
188 994 7
189 970 10
189 215 10
190 712 6
190 605 3
191 563 7
192 903 7
193 398 2
193 674 10
194 286 4
194 257 7
194 484 10
194 449 5
194 763 8
194 953 3
198 878 5
198 269 10
199 448 1
201 346 1
203 382 3
203 816 4
203 812 10
204 807 2
205 385 6
205 233 3
207 460 10
207 360 8
207 296 10
207 659 3
209 673 2
209 634 4
209 504 7
211 765 1
211 452 8
211 363 6
211 612 1
211 707 5
211 242 8
211 425 2
211 637 3
211 858 8
215 780 6
216 252 2
217 500 3
219 301 3
219 257 6
223 358 9
223 877 8
224 278 10
225 330 5
225 513 1
225 745 9
225 495 2
226 401 3
226 894 6
226 623 1
226 705 3
227 625 5
227 311 5
228 639 6
229 386 1
229 939 10
229 653 10
229 972 9
230 328 6
230 509 7
231 322 2
231 648 1
231 432 10
231 243 9
231 988 3
232 374 4
232 279 6
232 427 7
232 958 1
236 489 1
237 440 5
238 955 10
240 386 2
241 293 5
244 458 8
246 992 6
246 318 2
246 463 6
246 867 7
247 930 6
249 759 1
250 561 2
254 840 7
254 954 9
256 978 9
257 660 9
257 443 5
257 505 1
259 507 2
260 333 5
260 569 6
261 926 2
261 531 9
262 348 1
262 491 7
264 466 7
264 526 2
264 498 10
267 308 8
267 827 3
268 392 3
268 768 5
272 400 2
272 600 2
272 334 6
272 860 10
272 474 2
272 449 2
274 314 2
275 912 5
275 607 2
276 823 2
277 343 10
277 820 4
278 931 1
279 529 9
279 428 5
280 893 3
280 721 8
280 495 1
281 907 5
281 817 9
281 724 6
281 406 7
283 498 7
283 666 8
283 693 2
283 869 5
285 748 4
285 310 4
285 696 4
286 494 2
289 597 5
290 747 5
290 315 9
291 357 9
291 732 8
294 641 3
294 520 5
295 387 4
295 486 6
296 830 1
298 802 1
300 431 1
302 622 3
304 488 7
304 462 4
306 454 3
307 309 5
308 827 10
308 464 8
309 946 10
309 429 7
310 696 6
311 423 3
312 401 7
313 349 4
315 647 7
315 747 9
315 770 2
317 363 6
317 765 1
318 672 1
318 463 2
319 588 4
320 999 5
322 432 9
323 882 10
324 421 3
325 356 8
326 430 7
326 329 5
326 457 7
326 665 8
327 982 8
327 697 1
330 513 4
331 576 3
331 997 9
333 569 5
334 525 10
334 474 6
334 456 2
335 788 5
335 525 5
336 970 10
337 568 10
340 751 9
343 571 2
350 910 8
350 736 2
350 711 9
351 832 2
355 381 4
355 904 1
360 689 10
361 773 6
363 518 1
364 849 5
366 986 2
367 575 1
369 391 7
369 411 6
369 575 9
372 915 5
373 422 1
374 399 2
374 943 10
374 418 7
375 723 9
375 897 7
376 392 4
376 664 9
376 756 7
378 953 6
381 714 7
381 636 4
381 848 8
383 644 5
383 483 7
390 774 6
390 467 9
392 756 7
395 692 10
395 896 5
397 540 8
400 436 8
401 791 5
402 709 6
403 572 8
403 739 9
404 539 8
406 452 8
406 883 5
406 425 1
406 724 9
407 962 7
407 408 1
407 842 7
407 753 8
407 861 6
408 962 4
413 624 6
415 490 6
416 683 8
418 427 9
418 990 4
419 548 2
420 994 2
423 819 10
424 589 9
425 594 8
425 707 6
425 817 4
425 452 7
426 880 1
427 595 5
428 529 8
432 553 10
438 814 2
438 902 8
438 668 7
439 822 3
442 469 6
443 789 10
443 741 7
444 646 10
445 708 3
445 628 8
446 693 7
448 776 4
451 459 7
452 707 1
456 788 3
456 525 10
457 679 7
460 659 6
464 827 10
464 996 4
466 843 1
466 688 1
468 617 7
470 926 10
473 881 4
473 560 2
474 517 6
475 507 6
476 630 10
482 536 10
488 766 1
490 685 5
493 855 7
495 948 8
498 869 8
499 645 2
500 514 8
501 824 6
501 592 3
503 922 6
505 741 10
506 726 4
507 808 6
507 936 7
509 845 5
509 978 6
511 844 3
516 521 4
518 612 10
520 641 7
523 859 4
524 579 3
524 731 6
526 666 10
530 544 8
530 586 6
534 921 10
536 965 8
537 951 8
537 709 1
537 558 8
537 786 6
541 929 7
541 852 4
542 729 5
542 606 2
544 586 8
547 615 7
553 988 10
553 648 10
554 750 7
555 757 5
555 790 7
555 654 8
560 968 4
561 681 7
569 818 10
573 994 9
574 983 1
578 933 7
579 785 9
584 769 8
586 836 6
587 620 6
593 738 1
594 883 10
594 817 2
599 940 8
599 815 2
600 860 4
600 718 7
603 916 9
603 759 10
608 905 2
612 858 4
613 739 1
621 712 8
623 705 3
625 787 1
631 857 3
631 698 2
645 981 7
645 784 4
646 886 8
650 653 3
656 928 3
660 872 8
662 966 1
667 745 6
672 713 1
688 803 9
688 843 6
692 896 2
692 727 5
694 884 3
695 959 7
700 779 4
700 815 9
703 730 6
709 786 1
709 951 4
714 848 2
722 735 6
724 907 6
735 879 3
752 913 7
779 963 1
782 933 1
782 952 3
806 984 10
810 900 4
810 880 6
813 908 5
817 873 8
840 954 6
846 853 3
849 949 5
855 884 4
880 900 9
891 927 2
925 935 3
933 952 7
939 972 9
941 960 5
