1000 1197
5 35 73 60 44 23 68 99 76 18 44 19 20 28 72 11 42 10 32 73 67 50 49 80 60 49 90 85 30 47 54 51 55 51 80 42 62 71 71 67 12 1 10 53 15 29 40 60 58 44 20 41 65 98 72 98 27 15 42 50 78 31 53 72 41 58 53 67 19 16 89 85 72 34 23 41 90 42 59 28 48 48 84 34 84 40 31 23 8 86 87 99 76 52 88 2 69 30 89 61 6 82 4 96 39 85 20 21 36 98 62 42 46 55 75 21 83 48 73 35 33 91 18 27 66 21 42 49 59 89 31 10 53 33 46 15 16 75 3 68 71 96 13 76 1 63 93 24 96 91 56 69 86 90 24 38 76 86 79 59 66 26 58 87 25 39 82 90 84 21 81 97 42 62 23 64 95 91 82 5 17 39 33 20 47 54 93 68 50 67 32 61 29 44 7 7 20 4 34 84 89 38 39 44 53 72 6 54 79 62 31 85 56 63 38 7 46 29 61 6 87 8 16 29 8 87 80 26 38 96 71 71 36 73 66 70 13 14 82 93 96 30 5 87 2 1 100 42 74 81 94 45 71 42 44 91 14 8 32 35 21 21 60 71 66 26 84 82 76 26 20 71 40 7 16 4 90 34 19 87 88 63 58 80 13 84 75 38 27 51 83 46 46 28 66 4 30 65 17 93 87 32 56 21 52 89 39 18 68 40 48 22 44 67 9 37 28 43 20 76 40 1 85 64 12 14 37 77 23 15 49 86 39 66 37 93 95 3 25 24 19 3 16 93 87 33 17 88 79 62 38 71 95 62 72 28 76 70 80 32 68 63 76 46 69 57 97 73 75 98 65 92 29 81 29 28 25 65 12 77 49 7 49 13 91 46 5 98 71 51 74 16 13 59 14 35 90 98 36 13 50 100 63 2 15 25 20 39 95 44 79 31 1 55 3 51 88 86 51 78 80 7 42 58 33 57 50 96 34 69 11 32 6 82 53 93 23 99 34 79 46 14 13 94 60 33 38 83 51 69 57 7 57 31 35 31 20 33 61 16 53 25 98 98 32 54 52 64 55 78 48 83 1 64 10 67 69 11 69 72 28 100 61 49 78 61 53 95 71 3 97 48 18 37 89 37 17 28 5 95 50 98 100 41 47 32 58 1 63 3 92 62 12 31 50 31 98 85 53 88 51 57 30 21 20 73 83 61 52 55 30 12 16 73 9 56 75 24 5 14 82 88 24 69 95 74 38 36 75 61 78 69 53 75 27 88 38 98 67 95 42 77 57 54 6 84 95 31 57 80 97 23 44 35 15 24 46 48 4 2 96 45 78 32 77 65 18 83 92 49 29 33 88 55 32 72 93 52 89 33 57 91 77 92 65 47 64 3 45 46 24 10 35 15 95 19 53 50 72 52 82 82 22 82 52 20 78 9 83 43 39 95 63 99 14 10 100 1 24 19 53 66 65 42 41 41 78 47 10 6 92 88 93 3 80 59 22 63 14 44 24 7 83 38 24 10 34 93 24 13 32 42 43 30 11 79 88 91 59 34 1 71 79 62 35 4 78 51 47 16 12 49 24 1 38 41 42 88 21 97 69 90 28 65 71 92 19 1 10 69 80 93 30 78 84 53 62 18 31 3 34 81 42 96 29 30 30 96 78 77 32 97 7 99 78 72 81 82 26 62 62 74 42 76 78 17 48 2 37 8 86 76 53 97 69 83 6 96 93 31 69 83 41 60 62 49 85 20 46 84 45 99 29 92 90 70 23 33 3 32 23 94 3 68 19 21 88 59 28 35 71 45 64 1 73 6 2 43 83 20 80 57 54 13 31 58 28 16 14 43 61 41 80 54 48 8 16 83 58 75 21 79 25 12 37 81 51 79 76 84 10 77 10 67 79 64 41 75 74 30 66 27 59 37 81 22 75 86 38 32 33 50 79 68 46 76 96 78 100 85 43 69 96 71 70 34 6 43 67 46 76 73 56 5 90 75 22 45 79 85 70 40 98 18 36 6 17 73 80 50 34 21 10 41 64 10 34 74 83 21 14 87 97 37 81 55 41 96 75 71 43 92 9 68 12 63 77 81 84 3 1 80 51 82 3 53 53 9 65 8 44 39 4 59 10 11 90 48 1 53 17 98 13 88 59 100 64 50 12 20 49 69 47 66 51 13 93 2 96 25 33 47 35 91 28 40 76 31 91 72 67 77 67 64 1 93 17 36 86 54 22 25 69 71 80 87 30 13 83 50 26 18 94 28 50 55 75 54 68 71
1 343 6
1 319 8
1 778 4
1 421 10
1 173 4
1 134 5
1 83 3
1 408 5
1 2 3
2 399 10
2 784 2
2 444 5
2 355 1
2 544 10
2 638 5
2 795 6
2 906 6
2 572 5
2 276 3
2 267 3
2 252 9
2 224 7
2 451 4
2 188 1
2 811 10
2 178 1
2 429 4
2 136 9
2 130 5
2 419 5
2 120 10
2 654 5
2 115 6
2 404 4
2 104 5
2 492 4
2 993 1
2 661 6
2 34 9
2 32 6
2 23 3
2 15 6
2 10 8
2 9 1
2 7 2
2 6 7
3 393 3
3 373 10
3 984 10
3 625 10
3 890 4
3 692 3
3 278 8
3 713 10
3 234 3
3 168 2
3 475 5
3 157 10
3 913 6
3 144 1
3 143 7
3 706 2
3 90 6
3 86 5
3 84 8
3 977 9
3 71 5
3 770 5
3 443 7
3 57 1
3 44 5
3 39 1
3 26 1
4 804 10
4 372 3
4 346 7
4 343 5
4 304 7
4 531 7
4 538 5
4 281 2
4 259 3
4 182 3
4 135 2
4 132 9
4 126 10
4 879 10
4 63 9
4 51 1
4 23 4
4 19 9
4 14 5
4 12 2
4 5 5
5 589 2
5 723 4
5 923 3
5 299 2
5 522 1
5 269 1
5 247 3
5 801 6
5 175 5
5 796 6
5 115 8
5 85 10
5 74 5
5 53 2
5 828 7
5 14 9
5 8 1
5 7 10
6 810 5
6 372 2
6 331 7
6 584 7
6 892 3
6 280 8
6 612 1
6 843 7
6 600 1
6 181 5
6 959 7
6 130 7
6 120 2
6 88 6
6 701 5
6 816 5
6 66 1
6 46 7
6 746 3
6 38 3
6 409 6
6 31 5
6 18 10
6 13 4
6 10 6
6 8 5
7 568 5
7 321 9
7 490 8
7 638 7
7 274 5
7 876 2
7 964 7
7 418 9
7 691 9
7 171 1
7 503 8
7 150 8
7 143 5
7 785 5
7 974 8
7 107 7
7 61 3
7 45 1
7 28 2
7 26 3
8 788 4
8 352 9
8 483 8
8 419 9
8 946 8
8 917 9
8 741 1
8 73 1
8 69 1
8 486 1
8 46 10
8 666 8
9 735 2
9 428 4
9 855 2
9 666 6
9 701 10
9 16 6
10 716 3
10 539 7
10 310 1
10 305 2
10 737 9
10 602 7
10 206 1
10 203 10
10 640 7
10 192 7
10 190 2
10 959 10
10 174 7
10 155 1
10 151 8
10 129 3
10 477 1
10 109 8
10 89 6
10 88 10
10 544 7
10 432 4
10 63 6
10 597 6
10 58 3
10 870 1
10 469 7
10 31 1
10 21 6
11 928 9
11 910 3
11 324 2
11 849 9
11 275 5
11 271 10
11 695 5
11 630 7
11 514 8
11 235 7
11 507 2
11 215 5
11 834 6
11 997 4
11 506 3
11 131 4
11 116 1
11 98 2
11 95 6
11 554 3
11 75 1
11 72 5
11 715 6
11 970 5
11 55 5
11 50 2
11 49 10
11 616 8
11 541 8
11 30 3
11 24 1
11 428 10
12 366 4
12 747 1
12 488 5
12 629 3
12 168 4
12 139 6
12 100 7
12 37 6
12 14 1
13 298 10
13 282 5
13 720 6
13 732 2
13 531 10
13 898 5
13 192 2
13 424 6
13 135 5
13 132 4
13 76 8
13 52 4
13 454 8
13 19 9
14 354 8
14 228 8
14 139 8
14 726 3
15 180 5
15 44 9
16 381 5
16 622 9
16 239 6
16 62 8
16 22 4
16 20 7
17 400 3
17 943 3
17 719 8
17 239 3
17 220 6
17 585 2
17 27 6
18 608 7
18 967 7
18 425 8
18 929 5
18 231 4
18 553 9
18 709 3
18 435 9
18 188 1
18 506 9
18 163 9
18 149 5
18 124 7
18 110 8
18 106 3
18 505 8
18 40 4
18 38 6
18 24 10
19 395 6
19 932 2
19 328 4
19 135 9
19 21 1
20 533 5
20 336 5
20 317 6
20 862 2
20 230 2
20 27 5
21 804 8
21 330 2
21 327 8
21 674 10
21 297 3
21 936 5
21 596 4
21 780 7
21 118 9
21 94 6
21 89 8
21 907 7
21 58 5
22 227 10
22 751 3
22 500 6
22 80 10
22 481 5
22 585 10
22 995 8
23 380 6
23 889 3
23 259 4
23 894 4
23 636 5
23 134 5
23 83 9
23 51 10
24 784 6
24 323 8
24 277 6
24 615 1
24 250 4
24 653 10
24 217 9
24 205 1
24 101 4
24 30 2
24 29 4
24 572 3
25 689 5
25 569 5
25 207 8
25 202 10
25 941 3
25 113 9
25 66 1
25 735 7
26 443 10
26 493 1
26 872 7
26 176 9
26 157 8
26 964 5
28 384 4
28 634 3
28 524 4
28 601 10
29 690 1
29 618 9
29 95 2
30 101 4
31 223 3
31 472 9
31 588 4
31 953 10
31 88 7
32 340 9
32 476 4
32 828 4
32 36 4
32 796 1
32 438 10
33 401 3
33 579 7
33 373 4
33 913 5
33 86 3
33 494 2
33 57 7
33 948 8
34 241 10
34 56 7
35 628 1
35 594 9
35 662 8
35 750 5
35 224 7
35 219 9
35 208 8
35 429 8
35 547 10
35 62 6
35 41 2
36 841 8
36 430 9
36 444 4
37 100 2
38 313 5
38 197 1
38 435 9
38 535 2
38 147 1
38 133 7
38 967 6
39 84 10
40 962 4
40 225 4
40 154 10
41 385 9
41 361 7
41 284 8
41 218 2
41 65 10
41 48 2
41 43 3
41 446 7
42 296 1
42 688 6
42 772 5
42 54 2
43 355 7
43 348 6
43 193 3
44 367 9
44 234 10
45 279 7
46 762 4
46 329 4
46 856 6
46 741 1
46 167 4
46 145 6
46 140 10
46 73 9
46 66 5
46 827 2
46 703 9
47 84 2
47 61 10
48 391 1
48 662 5
48 198 7
48 79 7
48 826 5
50 455 7
50 956 6
50 479 5
50 412 6
50 260 9
50 835 3
50 200 2
50 606 5
50 110 9
50 93 4
50 75 2
50 433 8
51 343 3
51 450 9
51 319 4
51 408 9
52 806 9
52 878 10
53 289 8
53 468 6
53 867 9
55 558 9
55 183 1
55 161 4
55 154 2
55 72 5
55 509 10
56 779 7
56 172 8
56 783 7
56 576 3
56 560 8
56 561 5
57 707 6
57 148 6
58 927 3
58 310 7
58 307 9
59 398 3
59 351 2
60 194 9
60 175 3
60 74 9
61 375 2
61 466 10
62 381 8
62 368 5
62 235 1
62 116 6
62 541 8
63 315 5
63 780 7
63 249 3
63 236 6
63 981 10
63 141 7
63 602 3
63 111 8
63 103 4
63 94 8
63 70 3
63 702 4
63 528 4
64 275 10
64 562 3
64 198 10
64 814 6
65 814 9
66 721 10
66 793 6
66 167 6
66 113 7
66 941 5
66 939 3
67 932 7
67 809 9
67 307 5
67 445 10
68 226 4
68 659 9
68 204 4
68 720 8
68 806 1
70 815 10
70 976 9
70 253 9
70 528 10
70 998 8
70 105 10
70 89 1
71 949 3
71 598 5
71 982 8
71 418 9
71 466 2
71 156 9
71 117 1
71 107 9
72 264 6
72 677 5
73 665 6
73 145 2
74 693 3
74 729 4
74 194 6
75 507 10
75 231 8
75 102 6
75 78 1
75 431 7
76 226 4
77 79 7
78 293 3
78 285 8
78 246 1
78 819 10
78 187 5
79 198 9
80 838 5
80 283 9
80 622 3
80 678 1
80 607 5
81 477 6
81 640 1
81 158 4
81 82 9
82 502 1
82 122 3
86 948 6
87 581 10
88 588 6
88 292 4
88 854 4
89 484 4
89 216 5
89 129 4
89 658 5
90 279 8
90 99 4
93 965 8
93 345 4
93 526 6
93 322 3
93 455 8
93 924 4
93 248 3
93 556 5
93 233 4
93 497 1
93 153 1
93 114 9
93 595 2
94 480 3
94 111 8
96 261 1
96 257 3
96 101 5
96 540 4
97 309 4
97 245 10
98 942 3
98 715 6
98 695 9
98 428 8
101 508 4
101 323 10
102 609 9
102 431 1
103 423 7
103 736 7
103 330 4
103 528 9
103 820 6
103 632 9
104 314 3
104 1000 6
104 447 2
104 120 6
105 118 6
107 143 8
107 684 9
108 933 1
108 800 3
108 442 9
109 927 4
110 655 1
110 548 3
110 866 10
111 504 9
111 573 8
111 603 5
112 412 8
112 507 3
112 215 2
112 681 10
113 941 9
113 303 8
113 243 1
113 580 9
114 655 4
114 311 4
114 505 9
114 709 6
115 299 7
115 288 3
115 527 5
115 258 2
115 165 5
115 682 8
117 466 9
117 598 7
117 680 7
117 150 2
118 966 3
120 550 2
120 600 7
120 447 6
121 178 9
122 212 3
123 543 1
123 262 6
124 272 4
124 543 6
124 755 10
124 847 4
125 960 2
126 877 4
127 368 8
128 450 7
128 319 3
128 778 1
128 134 7
128 880 1
128 440 1
128 564 7
129 297 7
130 463 3
131 302 10
131 218 7
132 301 7
134 388 9
134 712 1
135 732 4
135 304 4
135 592 5
136 238 4
136 221 6
136 404 8
136 164 4
136 844 3
139 255 6
139 242 9
139 228 1
139 411 9
141 887 6
141 736 6
141 986 4
142 724 6
142 739 10
142 405 4
144 478 4
145 836 6
146 556 9
146 318 10
146 153 1
146 575 3
147 700 3
147 613 4
147 197 5
148 754 10
148 420 8
148 168 6
149 921 5
149 553 4
150 321 7
150 833 4
153 163 2
155 950 7
156 551 8
156 171 9
157 534 10
157 333 9
157 247 5
157 443 8
158 328 10
158 174 5
159 427 5
161 840 7
162 838 9
162 607 3
162 471 5
164 661 9
165 992 9
165 308 1
165 288 10
165 185 1
166 924 3
168 754 8
168 366 3
168 871 1
169 402 1
169 690 8
170 465 3
170 341 6
170 291 1
170 260 4
170 248 4
170 676 8
170 789 4
170 536 5
172 241 1
172 560 3
173 346 1
174 469 3
174 328 3
174 644 4
174 203 7
174 474 7
175 194 5
176 269 1
176 723 9
178 430 4
181 892 1
181 983 2
183 558 8
184 356 8
184 749 6
184 256 5
184 535 9
185 396 8
185 527 10
185 308 1
185 300 5
185 803 1
185 935 8
185 485 3
186 436 2
186 785 7
187 345 2
187 316 1
187 532 8
187 980 3
188 718 4
189 842 9
190 204 5
190 199 10
190 192 4
191 612 2
192 740 3
194 251 9
194 645 9
194 426 1
194 885 6
195 261 10
195 217 5
195 582 10
196 597 1
196 858 6
197 672 10
197 441 6
197 757 8
198 642 9
198 545 7
198 776 8
198 912 6
199 555 3
199 605 4
199 730 1
199 825 9
200 347 6
200 341 3
200 248 3
202 734 10
202 788 9
202 222 2
202 991 5
202 727 7
203 305 1
203 839 5
204 266 2
205 510 2
205 351 8
207 734 3
208 520 7
208 617 9
209 962 5
209 670 9
209 687 2
210 893 1
210 449 1
210 458 6
211 221 4
214 559 8
214 363 6
214 512 10
215 909 5
216 357 6
216 714 5
218 759 10
219 547 3
220 943 6
221 365 1
222 635 6
222 665 7
222 904 5
223 858 9
224 628 3
225 332 3
226 806 8
227 678 4
227 283 3
228 954 4
229 647 1
230 336 6
230 987 8
230 407 9
232 373 10
233 956 5
235 617 2
236 249 4
236 546 6
240 728 10
240 522 8
242 627 3
242 747 7
243 832 4
243 519 4
248 799 8
248 465 7
250 962 7
251 743 10
252 404 5
255 354 3
256 356 2
256 901 7
256 967 6
256 265 1
257 364 5
257 410 1
258 899 10
261 574 8
262 755 8
263 973 2
264 677 6
265 356 6
266 605 7
271 725 4
273 291 3
273 643 8
273 479 10
274 876 10
275 663 1
275 554 1
276 377 4
277 537 6
278 390 1
278 693 7
280 689 4
280 843 6
282 456 5
282 705 6
284 470 7
285 369 5
285 286 8
285 965 8
285 955 10
287 864 1
287 510 4
288 631 4
288 464 10
289 563 9
289 624 4
289 748 7
290 697 1
291 643 4
293 650 6
293 593 3
295 490 5
297 596 6
298 530 9
299 527 4
299 682 1
300 958 6
300 935 3
302 759 5
302 805 4
302 930 1
303 519 2
304 395 2
304 694 9
305 334 8
305 415 2
305 821 8
305 963 1
306 399 5
307 310 2
308 396 3
310 774 9
311 978 5
312 388 9
312 683 8
312 778 3
313 360 7
314 447 9
316 980 1
316 511 2
316 473 3
316 673 5
316 975 3
317 336 5
317 862 3
319 408 2
319 440 1
320 559 7
321 680 9
321 744 8
322 473 8
325 453 1
325 829 6
326 536 5
326 873 4
330 423 4
331 699 2
331 584 8
332 434 8
332 670 10
334 882 7
334 821 10
334 611 8
334 853 7
334 649 9
334 760 7
334 415 2
334 768 2
337 349 8
337 498 3
337 831 2
337 664 2
341 347 8
342 484 2
342 658 5
344 449 7
344 892 4
346 566 4
348 406 6
350 594 4
350 750 9
351 460 6
354 411 3
357 766 3
357 714 9
358 411 8
359 574 3
359 582 5
360 749 9
361 446 9
364 610 8
369 819 2
370 764 2
370 484 10
372 893 10
374 567 3
375 982 6
377 742 4
377 817 8
380 712 5
380 894 7
380 564 9
385 614 2
386 586 5
387 597 4
388 683 3
389 845 9
391 826 3
391 912 2
396 485 6
399 429 5
403 984 9
403 938 9
404 448 8
405 937 4
407 987 4
407 725 8
408 934 10
409 837 3
410 610 9
410 508 10
413 908 8
413 420 6
417 573 5
419 476 9
422 436 1
422 551 10
423 820 2
428 942 7
428 911 10
432 766 10
432 902 10
433 775 7
435 608 6
435 672 7
435 861 7
438 565 8
438 841 1
438 697 4
439 752 1
441 672 8
441 777 2
441 608 5
442 933 4
445 516 4
446 498 7
447 1000 7
448 844 2
449 983 3
451 572 10
452 738 1
454 807 5
454 705 4
455 956 6
457 934 8
458 517 3
461 578 8
462 622 1
468 563 8
473 673 3
474 557 7
474 644 1
475 729 8
478 601 9
482 557 9
488 877 2
489 781 1
489 968 4
489 575 6
489 626 2
490 503 6
493 571 9
495 900 6
495 955 9
501 802 1
501 990 10
507 652 9
507 525 3
508 610 7
508 915 1
512 851 4
514 834 5
515 939 2
515 521 6
515 721 1
516 716 9
527 682 6
529 872 10
535 888 7
544 870 1
552 653 1
552 687 1
554 849 10
555 605 8
557 644 7
559 851 5
562 648 7
562 583 9
562 642 8
563 624 1
563 619 7
563 881 2
574 891 9
578 839 9
579 931 6
580 699 4
580 733 1
584 810 10
584 733 10
584 746 2
585 745 5
588 660 6
588 854 10
591 680 5
593 650 5
593 626 8
599 981 2
601 639 7
602 919 3
602 702 4
605 730 4
607 838 5
614 662 5
619 624 4
619 867 9
620 668 6
625 977 2
625 692 5
625 773 5
633 708 8
633 674 5
635 665 3
635 875 7
638 974 4
641 725 7
645 786 1
648 818 8
649 760 6
651 960 1
654 844 5
665 904 2
666 884 2
666 946 8
668 807 2
672 777 8
676 789 2
678 995 4
680 925 7
684 824 7
695 715 6
702 919 8
704 961 4
714 766 7
714 902 4
727 788 7
736 985 6
739 937 5
741 856 2
743 829 3
745 855 2
745 874 6
750 765 7
751 995 6
756 914 5
761 763 6
794 950 5
804 988 1
806 878 4
807 940 2
850 889 10
853 882 6
916 920 4
920 997 10
928 997 2
936 988 6
976 998 4
