1000 1197
5 7 97 13 41 30 16 73 17 97 31 12 83 19 66 48 47 94 56 66 17 13 28 69 45 26 17 31 32 88 50 78 42 99 45 69 68 13 66 67 62 84 28 57 91 2 70 74 73 42 89 21 38 51 38 3 32 34 50 25 24 55 88 44 99 2 65 26 32 36 3 80 25 91 22 55 55 89 70 58 15 18 47 20 75 92 96 4 90 2 43 97 45 22 21 68 37 37 63 85 6 66 88 33 69 22 80 73 87 88 86 54 6 83 43 56 28 81 54 62 66 47 89 31 25 61 45 59 75 10 82 14 50 5 19 51 64 96 10 10 2 26 3 8 37 9 17 16 7 5 73 61 25 34 28 25 88 21 44 30 2 6 13 53 21 87 47 53 78 88 48 32 79 73 95 33 68 47 90 21 80 68 83 73 6 6 2 27 65 99 73 56 49 41 88 40 3 27 47 84 48 19 86 58 54 3 39 70 33 19 83 76 32 26 61 21 4 79 90 69 92 94 62 16 57 11 38 80 59 25 61 23 8 15 73 36 81 12 76 2 59 48 32 68 58 37 16 53 6 3 29 59 32 68 30 97 88 54 87 69 81 18 1 47 65 61 98 44 49 9 83 33 86 63 74 94 74 48 74 45 57 64 43 91 22 60 73 32 81 60 22 54 91 20 39 65 76 38 35 54 97 71 17 29 36 68 5 1 42 92 57 85 14 26 92 48 51 45 1 86 10 76 17 27 51 24 90 37 27 42 35 14 66 31 93 52 57 81 82 14 11 53 51 2 58 62 80 15 9 80 47 66 50 36 60 91 74 3 3 37 75 41 32 16 45 86 36 20 73 63 15 69 68 59 61 51 17 6 99 41 1 68 71 11 82 50 98 85 61 44 54 86 40 57 15 23 85 6 13 69 82 68 3 12 20 78 95 81 41 90 14 59 70 78 2 46 59 33 23 46 33 13 74 72 72 55 67 39 66 9 65 83 92 82 55 35 90 73 12 93 15 42 66 48 47 9 23 11 11 6 51 87 12 44 36 23 74 95 53 62 17 9 79 31 4 39 1 47 71 6 35 39 92 67 17 93 25 8 87 11 87 66 46 93 42 25 70 89 100 5 7 85 71 40 52 64 60 4 48 69 75 43 25 79 48 100 80 95 40 53 97 36 1 30 89 5 3 15 99 16 21 17 27 81 61 58 64 22 100 44 48 15 8 84 96 2 50 67 71 89 22 41 78 32 94 21 10 70 29 8 85 92 43 86 83 69 14 44 79 43 14 64 91 53 30 60 55 10 16 39 7 24 57 65 34 44 53 91 87 24 4 37 64 43 68 64 51 85 65 78 34 24 63 13 15 13 57 92 81 45 14 44 11 74 49 67 69 58 62 76 57 90 7 60 39 51 9 20 9 87 59 8 60 12 54 61 5 4 58 97 70 99 92 15 5 67 18 45 98 4 35 11 2 16 88 95 12 67 89 75 47 53 9 57 16 87 62 86 77 51 25 66 8 88 63 15 54 48 16 7 31 96 36 76 67 37 55 11 12 15 10 16 92 97 72 74 74 67 11 82 57 43 19 68 73 47 96 17 90 46 97 74 69 22 55 28 35 23 73 66 75 47 7 30 3 93 12 21 36 12 45 72 81 21 15 26 64 56 68 68 65 73 42 13 37 20 43 60 86 2 81 57 100 91 35 6 35 49 13 90 37 20 49 58 100 66 90 58 39 8 54 50 81 65 74 40 85 71 47 18 69 2 70 99 1 78 97 53 31 19 25 81 14 8 33 70 63 61 39 61 70 8 44 61 41 3 52 57 71 89 62 71 84 5 86 96 13 61 40 50 4 24 30 77 49 98 90 46 39 56 14 16 50 57 37 20 3 10 57 87 38 6 11 18 91 5 19 47 2 67 24 51 65 59 40 4 63 11 13 8 74 60 48 49 32 63 65 52 7 97 72 34 88 54 30 68 75 54 38 100 5 97 12 52 73 67 31 70 55 4 90 41 8 25 80 20 62 76 65 1 34 24 3 2 13 13 53 65 71 30 42 63 24 83 10 52 69 50 51 82 75 60 54 42 96 72 93 58 56 77 22 56 41 65 14 48 41 19 73 71 26 97 61 27 41 1 12 41 54 18 19 36 47 37 88 16 19 65 61 26 96 96 96 67 11 52 29 30 39 32 9 96 61 3 69 60 16 76 5 63 75 95 82 68 77 80 73 11 91 48 68 22 45 93 72 31 72 20 58 23 93 42 39 56 89 46 68 37 15 11
1 387 4
1 842 9
1 938 8
1 350 4
1 813 3
1 282 2
1 632 10
1 264 6
1 242 8
1 237 6
1 833 9
1 235 6
1 231 6
1 228 9
1 763 8
1 198 2
1 482 7
1 143 3
1 661 7
1 139 8
1 133 8
1 917 3
1 591 6
1 653 5
1 110 10
1 77 10
1 71 1
1 931 5
1 68 6
1 63 3
1 937 7
1 24 1
1 20 8
1 770 7
2 398 3
2 375 3
2 456 1
2 439 4
2 360 9
2 419 6
2 316 2
2 506 7
2 258 10
2 234 6
2 183 6
2 180 10
2 766 2
2 124 1
2 512 5
2 90 10
2 88 4
2 79 2
2 976 6
2 45 6
2 676 2
2 25 7
2 21 1
2 916 2
2 17 2
2 15 1
2 860 10
2 11 7
2 8 7
2 4 7
2 3 7
3 926 10
3 321 6
3 248 7
3 218 5
3 200 3
3 504 2
3 915 1
3 556 3
3 884 3
3 796 8
3 139 1
3 131 9
3 123 6
3 565 1
3 72 6
3 61 9
3 59 5
3 51 1
3 47 1
3 30 3
3 488 2
3 23 8
3 18 10
3 511 8
4 382 8
4 638 1
4 866 8
4 740 3
4 760 4
4 466 9
4 332 5
4 624 9
4 307 5
4 733 9
4 910 6
4 256 3
4 244 9
4 540 3
4 483 3
4 224 2
4 213 7
4 208 5
4 207 4
4 192 1
4 737 2
4 173 2
4 142 2
4 864 5
4 561 4
4 55 4
4 798 3
4 26 7
4 25 6
4 24 8
4 22 1
4 13 4
4 7 8
4 5 9
4 534 7
5 997 6
5 431 2
5 329 3
5 626 6
5 877 4
5 968 6
5 263 8
5 582 9
5 261 9
5 538 1
5 619 6
5 611 8
5 885 8
5 581 7
5 197 8
5 856 8
5 174 1
5 767 2
5 692 10
5 124 5
5 84 7
5 52 9
5 44 9
5 40 7
5 38 8
5 33 1
5 27 9
5 665 8
5 8 10
5 415 3
6 820 2
6 384 1
6 787 8
6 977 1
6 251 9
6 241 10
6 212 8
6 786 3
6 205 4
6 572 4
6 87 10
6 67 10
6 428 9
6 29 10
6 25 1
6 18 2
7 400 1
7 608 6
7 434 6
7 329 10
7 677 3
7 309 1
7 993 3
7 257 3
7 670 7
7 599 4
7 803 7
7 102 7
7 94 2
7 495 2
7 44 4
7 32 3
7 27 6
7 26 3
8 682 1
8 471 1
8 365 2
8 362 6
8 954 2
8 706 3
8 718 1
8 407 10
8 425 9
8 215 9
8 196 9
8 178 2
8 120 4
8 611 7
8 876 1
8 90 1
8 453 4
8 49 7
8 41 5
8 597 3
8 16 3
8 12 4
9 429 4
9 613 7
9 99 9
9 96 4
9 839 7
9 31 1
9 10 6
10 177 4
10 173 6
11 514 10
11 770 10
11 245 1
11 237 2
11 615 9
11 143 8
11 974 2
11 604 8
11 63 5
11 41 10
11 21 2
12 753 10
12 862 1
12 650 7
12 693 2
12 97 9
12 81 3
12 80 3
12 41 8
12 28 2
12 21 2
13 857 6
13 169 6
13 763 3
13 32 9
14 105 9
14 648 7
14 24 9
15 412 1
15 357 5
15 708 8
15 343 9
15 606 10
15 584 9
15 537 10
15 212 10
15 82 1
15 75 5
15 57 4
15 30 6
15 19 5
15 631 3
16 391 3
16 662 9
16 324 1
16 266 8
16 202 9
16 186 9
16 703 1
16 166 3
16 162 4
16 155 8
16 149 2
16 640 9
16 473 4
16 60 10
16 46 7
17 930 7
17 544 10
17 848 3
17 315 7
17 978 2
17 156 7
17 61 7
17 59 4
17 58 4
17 54 9
18 572 8
18 416 2
18 884 6
18 690 10
18 217 8
18 165 2
18 981 7
18 537 6
19 801 6
19 340 2
19 606 6
19 994 7
19 161 1
19 147 4
19 146 5
19 487 3
19 717 7
19 89 2
19 67 9
19 666 10
20 295 9
20 233 7
20 502 7
20 470 10
20 27 4
21 45 4
22 167 7
22 99 10
22 96 4
22 713 2
23 374 2
23 593 7
23 334 5
23 238 5
23 747 1
23 516 7
23 47 9
24 317 4
25 224 1
25 189 7
25 740 5
25 802 4
26 638 10
26 32 5
27 404 9
27 605 6
27 608 7
27 116 8
27 665 4
27 40 3
28 398 7
28 627 3
28 178 2
29 530 7
29 384 2
29 962 9
29 421 10
29 715 6
29 122 7
29 67 10
29 548 6
30 331 4
30 217 7
30 57 3
31 55 3
32 275 5
32 102 10
32 76 4
33 579 7
33 99 10
33 836 2
34 403 4
34 439 4
34 497 8
34 1000 1
34 202 3
34 83 1
34 37 8
34 35 8
34 855 8
35 376 1
35 524 9
35 354 2
35 594 9
35 533 7
35 622 2
35 299 10
35 441 4
35 941 10
35 254 10
35 785 8
35 478 8
35 445 8
35 752 6
35 60 10
35 685 2
35 53 7
35 48 2
35 42 4
35 460 7
35 748 6
35 819 1
36 755 4
36 825 3
36 669 6
36 916 3
36 556 9
37 486 9
37 640 4
37 154 2
37 870 3
37 745 2
37 766 4
38 303 8
39 376 3
39 349 6
39 623 4
39 336 6
39 323 1
39 539 1
39 607 2
39 641 2
39 259 2
39 744 3
39 660 9
39 172 7
39 171 3
39 164 10
39 158 8
39 975 5
39 149 5
39 140 4
39 137 2
39 134 9
39 465 5
39 91 9
39 86 1
39 60 10
39 668 6
39 53 9
39 517 1
40 309 10
40 277 3
40 221 3
40 44 2
41 380 7
41 85 1
42 320 3
42 280 10
42 855 6
42 219 10
43 371 3
43 662 1
43 195 8
43 191 2
43 184 2
43 887 10
43 84 1
43 529 3
43 764 4
44 309 2
44 150 1
44 823 1
45 406 5
45 79 7
46 269 1
46 901 9
46 195 6
46 936 5
46 52 4
47 334 1
47 504 5
47 121 9
48 899 10
48 744 2
48 886 8
48 78 8
49 293 5
49 959 4
50 363 5
50 286 10
51 796 4
51 246 1
51 610 1
51 157 10
51 534 9
51 92 7
52 467 10
52 461 6
53 330 3
53 240 2
53 171 9
53 160 2
53 789 8
53 56 4
54 355 8
54 440 6
54 93 2
54 61 8
56 158 5
56 140 5
58 93 6
60 460 10
60 301 5
60 254 6
62 611 10
62 529 10
62 249 8
62 69 9
63 617 2
63 800 2
63 498 7
63 797 6
63 190 5
63 947 4
63 600 10
64 310 4
64 425 6
64 271 3
64 190 2
64 108 1
64 71 1
64 718 9
65 888 4
65 82 7
66 322 10
66 207 2
67 614 4
67 373 7
67 251 10
67 241 8
67 459 5
67 111 10
67 663 1
68 974 9
68 285 4
68 188 6
68 118 7
68 842 1
69 619 3
69 227 6
69 226 6
69 529 1
70 660 4
70 187 1
70 103 9
72 378 6
72 296 2
72 144 8
72 812 10
72 114 2
72 971 6
72 840 2
73 846 3
73 145 9
73 97 2
73 81 6
74 585 4
74 272 5
74 112 7
74 873 9
74 908 3
75 527 1
75 225 4
75 109 2
76 211 5
76 735 2
76 495 10
76 102 10
77 348 8
77 236 6
77 233 10
77 181 2
78 622 9
80 393 4
80 328 5
80 522 6
80 568 3
82 104 8
83 943 5
83 497 3
83 112 4
83 570 9
84 885 6
86 819 6
86 98 5
86 975 10
87 616 6
87 865 9
87 239 8
87 939 4
87 146 7
87 135 4
87 655 5
88 379 3
88 258 5
88 180 3
90 756 5
90 107 7
92 449 5
92 737 4
92 218 7
93 491 7
93 654 3
93 444 8
93 156 9
94 361 4
94 632 2
94 480 3
94 420 4
94 282 6
94 422 5
95 467 1
95 936 2
95 126 9
98 475 8
98 478 4
98 980 5
98 129 1
98 707 1
98 668 1
99 167 2
101 813 4
101 889 4
101 188 9
102 211 5
105 763 9
106 493 2
106 891 6
106 593 5
107 919 10
107 453 2
107 500 2
109 165 1
109 527 4
110 935 4
110 359 9
110 911 10
111 239 2
111 432 6
111 494 9
111 161 9
112 738 2
112 851 2
113 699 3
113 571 1
113 179 5
114 488 5
115 349 10
115 643 10
115 652 2
115 164 9
115 785 2
116 883 8
117 987 6
117 736 5
120 525 10
120 201 6
120 469 10
122 530 8
122 250 6
122 679 8
123 390 5
123 318 1
123 477 7
123 139 10
124 197 3
125 710 8
125 200 4
125 194 4
126 263 3
126 944 8
126 415 6
127 546 7
127 305 1
127 278 9
127 265 4
127 409 5
127 633 1
127 508 5
128 368 6
128 338 10
128 246 4
128 132 6
129 707 1
129 643 10
130 294 6
130 189 7
130 843 2
131 248 6
133 760 2
133 297 8
133 235 4
133 541 9
134 921 9
135 386 3
135 773 3
135 515 3
135 573 1
135 176 1
135 147 7
135 507 8
136 728 4
136 292 3
137 724 10
137 526 10
138 526 9
138 323 1
138 859 5
138 172 1
138 447 5
139 366 4
139 318 8
139 198 9
139 557 3
140 510 10
142 734 7
142 772 2
142 279 8
142 256 5
143 976 7
146 386 8
146 573 10
146 176 3
146 705 3
146 655 6
147 381 10
148 659 6
148 506 1
149 336 9
149 725 6
149 220 10
149 988 5
151 366 3
151 289 6
151 489 1
151 198 9
152 298 6
152 282 9
153 328 3
153 270 10
153 216 6
153 215 9
153 175 4
154 766 1
155 961 5
156 544 1
156 777 5
156 444 1
157 325 8
157 716 10
158 586 2
159 311 7
159 895 1
161 549 2
161 519 3
161 852 1
163 586 7
164 349 10
166 725 4
166 220 10
168 169 9
170 633 6
170 853 9
170 678 1
171 427 9
172 409 9
172 485 9
172 598 4
173 399 6
173 909 8
173 208 8
173 957 7
173 474 10
174 816 2
174 910 2
175 693 7
175 304 1
175 229 10
176 389 5
176 773 8
176 260 8
176 551 4
179 986 7
179 418 7
179 226 8
179 182 8
181 513 5
182 986 5
184 887 1
185 391 10
185 266 10
186 473 3
187 278 3
189 274 1
189 802 2
189 587 3
190 498 1
190 800 4
190 929 3
190 829 8
191 195 8
191 764 5
192 599 2
192 367 7
192 276 2
192 257 1
193 646 5
193 335 1
193 223 7
193 218 1
193 194 1
194 341 9
194 710 6
195 371 2
195 547 10
196 360 2
197 634 7
198 289 3
199 523 7
200 757 2
201 407 7
202 685 9
203 492 9
205 733 8
205 977 4
205 490 9
205 734 10
205 983 2
206 295 9
206 574 10
206 560 3
208 872 9
208 312 4
208 952 3
208 474 1
208 784 7
209 444 3
211 400 8
211 993 8
211 712 9
212 262 7
212 428 9
212 679 2
214 534 6
214 896 3
215 216 7
216 270 1
218 223 4
221 369 3
221 286 10
222 911 2
225 790 2
225 664 3
225 871 9
226 392 1
226 699 5
227 645 8
229 342 5
229 811 6
231 889 7
231 813 6
232 300 8
233 670 10
233 677 10
235 833 10
235 518 7
236 420 2
236 689 6
240 588 6
240 427 2
240 539 3
241 384 8
241 962 7
242 431 3
242 806 2
242 481 8
243 467 10
244 580 5
246 338 6
247 858 2
247 966 8
247 468 6
248 374 2
248 759 4
252 901 6
253 366 6
253 893 2
253 318 8
253 405 10
254 354 3
254 301 6
255 326 1
256 490 2
256 642 2
257 395 10
257 307 3
260 792 10
261 413 8
261 692 6
261 417 5
262 711 1
263 944 7
264 503 5
264 683 5
265 409 7
265 508 4
267 496 7
268 884 10
272 656 5
273 294 1
273 563 8
273 906 10
276 463 9
279 291 6
281 335 6
281 408 9
281 410 5
281 646 5
282 661 10
284 499 5
284 723 8
285 554 3
286 327 9
287 635 9
291 983 5
292 675 3
292 858 10
293 597 9
295 560 2
295 574 7
295 470 6
296 488 4
297 535 3
298 372 1
298 422 8
298 308 7
298 472 5
303 377 9
303 337 10
303 989 6
304 356 4
304 501 6
307 704 9
308 739 6
309 803 8
310 688 8
312 464 6
312 484 1
312 784 6
313 448 10
314 378 4
315 860 3
316 589 6
316 458 1
316 411 8
317 333 10
318 893 6
319 798 8
321 971 8
329 626 3
330 448 3
332 816 6
332 998 9
334 891 1
335 408 5
336 988 5
338 610 10
339 519 8
339 681 4
343 994 6
345 471 8
350 446 2
350 702 7
350 880 1
351 484 8
351 464 6
355 437 1
356 564 4
356 501 6
357 421 2
362 688 2
364 542 6
364 672 8
366 489 3
366 920 10
366 999 10
368 612 2
369 990 5
370 649 7
371 922 2
371 764 1
372 396 2
372 422 3
372 472 1
374 759 2
374 511 4
376 775 9
378 523 10
382 896 6
383 566 1
383 533 3
384 548 6
385 770 9
385 897 4
385 931 8
386 545 5
388 683 5
389 768 3
389 551 6
390 477 3
390 955 4
392 699 2
393 753 6
394 694 3
396 438 6
398 874 4
399 509 4
402 890 7
402 918 10
403 439 6
403 512 9
404 492 4
405 920 9
405 489 7
405 532 2
407 469 7
407 913 3
407 706 3
408 555 1
409 559 10
410 646 9
411 458 4
412 603 6
412 680 6
413 634 7
413 729 3
417 778 3
417 634 4
418 426 8
418 709 10
419 528 3
420 505 3
421 715 10
422 472 8
425 718 5
426 536 7
426 972 8
426 709 6
427 539 3
427 684 10
428 769 10
430 906 5
431 877 9
431 482 9
432 542 8
432 742 8
437 719 7
445 667 9
445 576 8
446 902 1
446 892 6
448 721 4
453 500 2
453 756 9
459 614 6
460 982 1
462 509 9
463 658 8
464 484 4
464 909 1
466 736 10
468 596 4
469 706 8
469 973 2
473 662 4
475 781 7
477 955 5
480 618 5
482 877 5
483 624 6
485 809 7
486 637 9
486 1000 7
489 999 8
489 532 10
491 695 10
491 869 10
491 654 6
492 964 8
492 605 2
494 542 4
495 849 7
495 712 10
497 585 6
498 649 5
499 723 9
500 726 10
503 683 7
507 949 3
507 671 3
507 515 10
510 641 3
520 906 3
521 724 7
523 812 1
524 533 3
524 886 5
525 973 4
526 845 9
528 817 10
531 843 5
533 621 1
534 700 8
536 709 10
538 582 1
539 698 1
539 607 8
539 684 10
540 979 6
549 939 7
554 636 5
557 827 4
558 933 7
558 680 8
558 838 9
560 942 4
567 816 1
572 928 9
572 820 4
574 894 9
575 734 8
579 836 6
585 908 2
587 805 6
590 684 7
590 793 10
593 891 2
595 721 7
597 696 9
597 635 6
606 995 5
607 698 3
607 793 4
614 818 8
617 673 5
620 701 4
623 667 2
623 791 5
624 741 3
629 984 5
634 867 2
635 996 8
635 696 9
639 990 4
643 771 8
643 707 8
643 980 4
648 880 8
651 675 8
654 869 8
657 765 8
662 831 9
664 871 8
667 791 5
674 822 4
674 898 8
680 838 3
681 830 4
682 954 3
690 840 5
691 820 7
693 862 10
700 985 9
706 881 4
707 771 5
708 828 8
712 849 1
718 722 6
734 835 9
741 926 8
744 965 5
744 895 6
754 904 4
754 951 9
755 854 2
755 825 6
761 790 7
763 857 2
772 821 9
773 792 8
781 799 6
794 937 3
797 929 6
798 850 7
800 929 3
801 826 7
801 948 2
822 898 1
829 947 1
830 852 6
865 939 2
872 952 2
890 918 8
890 963 2
895 965 10
912 962 6
923 997 4
931 938 4
950 960 8
962 991 1
