1000 1197
5 96 16 54 83 83 47 55 76 31 15 84 26 66 97 83 8 1 12 9 31 59 58 20 73 76 3 15 53 5 32 39 41 30 31 43 72 6 96 45 70 22 49 59 51 97 77 25 82 27 79 86 37 98 76 95 61 98 69 35 74 42 80 9 7 3 98 99 58 87 47 73 72 15 100 68 72 82 22 43 69 30 100 89 66 18 97 40 94 70 5 26 79 68 64 16 22 13 21 62 44 69 73 99 66 66 65 18 57 83 76 65 38 40 93 70 6 74 37 98 12 21 14 54 14 89 12 80 75 95 5 21 36 13 58 21 25 9 92 78 58 14 4 45 47 24 35 88 5 49 88 58 94 57 45 71 99 38 46 35 9 33 6 11 54 8 49 87 83 77 30 96 45 78 63 55 82 18 18 8 61 97 19 17 35 66 58 62 21 55 97 76 60 86 33 67 3 33 86 56 27 15 7 77 10 13 73 23 61 40 28 1 67 97 46 84 77 53 25 56 65 90 56 77 47 76 39 86 95 69 96 39 73 45 92 93 88 10 53 89 68 16 96 76 69 29 31 52 84 13 93 10 13 58 11 26 48 48 65 93 91 94 72 48 69 53 73 75 16 73 39 20 33 77 35 64 96 33 33 74 98 64 90 27 65 45 46 81 25 37 78 79 94 45 87 34 10 43 18 76 30 87 2 98 14 64 35 33 12 30 66 6 67 2 30 53 76 25 37 95 50 36 98 48 32 4 78 75 47 96 66 97 99 42 36 43 91 6 24 34 83 2 34 23 26 34 27 42 53 85 24 80 56 40 93 53 53 33 84 19 53 60 22 44 67 62 98 89 43 2 41 85 65 40 14 42 80 65 42 18 33 31 78 99 98 36 95 18 6 88 18 86 89 49 68 15 65 99 19 84 41 44 8 86 84 88 36 58 19 21 87 85 14 87 87 8 99 54 97 100 64 11 55 79 38 28 32 78 13 46 87 28 32 70 57 71 13 21 18 34 25 34 19 23 71 75 92 87 18 81 59 26 68 64 11 86 59 88 28 72 97 63 86 20 50 79 59 100 21 13 97 54 71 4 51 64 68 90 17 17 94 17 96 41 85 65 88 41 4 11 78 35 43 61 49 15 43 57 34 42 56 96 37 54 29 97 74 13 71 33 88 68 90 58 1 93 7 99 11 39 67 33 34 78 35 67 59 41 9 4 6 61 5 96 67 96 85 56 19 18 59 23 9 53 67 49 81 56 17 48 76 30 79 63 76 70 11 7 58 2 85 51 90 66 8 67 55 93 38 27 62 20 42 66 23 77 16 17 97 9 20 97 23 29 100 67 72 37 14 13 44 59 48 2 62 21 84 60 72 21 10 72 44 22 11 15 89 29 8 73 69 20 12 98 90 29 92 76 7 17 28 32 48 81 88 82 28 72 62 100 98 13 77 6 21 22 26 90 68 57 14 15 72 8 62 64 67 28 88 84 18 92 96 98 95 88 49 36 61 23 47 86 45 93 88 4 99 47 1 81 53 36 30 86 4 48 87 75 50 89 12 26 49 73 57 80 60 57 47 87 79 80 84 44 75 76 61 71 99 70 36 40 90 55 17 82 91 11 16 39 9 41 91 100 89 64 14 85 53 17 100 54 44 98 8 75 57 50 100 69 21 70 62 17 72 16 90 100 37 20 79 45 5 72 31 20 78 36 85 47 60 24 47 99 78 13 94 76 83 55 4 32 34 10 57 66 1 75 75 45 44 51 91 27 40 37 73 4 10 43 15 55 13 48 77 59 7 8 41 6 54 17 93 87 73 70 81 64 26 89 13 100 50 33 73 31 35 12 83 88 30 71 72 33 23 61 57 45 100 29 70 91 99 14 90 79 85 85 17 67 96 4 63 85 89 1 34 74 84 33 10 63 81 3 25 46 74 60 23 64 23 62 51 97 25 75 9 25 36 95 44 33 91 80 71 32 13 22 94 87 12 90 14 92 42 11 27 44 93 6 10 34 91 35 9 77 3 16 28 46 6 23 72 9 93 93 52 40 1 79 9 48 31 90 23 19 73 78 79 18 12 36 54 28 49 93 87 27 64 28 14 13 36 100 6 85 30 46 14 49 74 99 3 74 72 24 56 59 32 98 68 55 90 48 45 47 91 62 76 98 11 19 64 64 71 36 99 84 31 41 34 54 19 26 84 61 9 4 65 58 56 41 10 54 55 69 91 55 8 13 49 8 5 93 57 94 74 8 68 21 47 95 8 35 33 69 37 100 21 51
1 349 2
1 524 6
1 257 5
1 728 4
1 77 10
1 35 2
1 34 6
1 709 2
1 9 6
1 4 4
2 811 3
2 834 4
2 760 7
2 447 7
2 733 7
2 644 4
2 205 5
2 170 5
2 902 3
2 159 3
2 462 9
2 830 3
2 119 2
2 595 4
2 463 7
2 68 7
2 64 4
2 429 7
2 44 8
2 30 4
2 900 4
2 709 1
2 8 1
2 5 1
2 4 7
2 3 8
3 798 8
3 636 6
3 389 5
3 376 7
3 606 1
3 425 2
3 689 5
3 291 3
3 453 6
3 228 6
3 548 6
3 565 7
3 208 8
3 480 8
3 435 8
3 842 7
3 156 9
3 490 10
3 764 2
3 888 7
3 465 3
3 76 5
3 27 6
3 24 7
3 22 7
3 12 9
3 9 1
4 389 1
4 387 8
4 563 10
4 382 8
4 432 3
4 378 7
4 807 2
4 298 3
4 449 8
4 528 6
4 243 4
4 926 7
4 220 10
4 434 4
4 179 10
4 165 4
4 107 4
4 440 4
4 54 9
4 39 9
4 38 4
4 26 6
4 18 6
4 11 10
4 10 4
4 6 7
5 401 4
5 344 7
5 658 5
5 323 9
5 312 4
5 451 2
5 272 8
5 252 10
5 239 10
5 610 7
5 139 8
5 126 8
5 100 1
5 89 1
5 83 2
5 76 4
5 73 4
5 64 9
5 667 5
5 55 9
5 44 2
5 27 10
5 864 8
5 19 10
5 681 7
5 11 5
5 6 1
6 367 5
6 542 10
6 714 8
6 672 6
6 260 2
6 420 10
6 471 5
6 193 7
6 602 1
6 71 2
6 572 8
6 39 6
6 22 4
6 745 3
6 11 9
7 969 8
7 358 2
7 990 1
7 211 8
7 1000 4
7 920 4
7 97 10
7 74 3
7 24 5
7 9 3
8 746 2
8 798 2
8 264 1
8 177 7
8 469 9
8 698 7
8 150 1
8 681 2
8 654 2
8 30 1
8 638 9
9 759 1
9 226 5
9 846 10
9 190 7
9 185 9
9 716 2
9 24 7
9 23 9
10 752 6
10 327 10
10 582 10
10 984 10
10 980 4
10 186 2
10 677 10
10 18 8
11 399 9
11 497 5
11 790 3
11 194 4
11 521 6
11 621 2
11 19 5
13 456 4
13 678 6
13 701 9
13 810 3
13 930 7
13 242 8
13 566 3
13 209 9
13 424 3
13 162 5
13 157 6
13 144 2
13 454 5
13 636 7
13 645 9
13 104 9
13 79 3
13 804 9
13 787 9
13 20 9
14 712 2
14 655 3
14 234 5
14 687 10
14 164 9
14 481 3
14 858 5
14 567 5
14 85 3
14 80 3
14 642 4
14 56 6
14 54 10
14 53 9
14 32 4
15 354 7
15 349 8
15 591 5
15 855 10
15 534 6
15 35 2
15 25 10
16 362 3
16 502 7
16 336 10
16 300 3
16 275 3
16 203 3
16 163 5
16 156 8
16 151 9
16 622 6
16 78 5
16 75 7
16 721 3
16 52 2
16 40 8
16 36 7
16 29 10
16 28 10
16 536 7
17 754 2
17 552 7
17 335 9
17 710 3
17 282 5
17 546 2
17 258 5
17 256 5
17 406 8
17 241 6
17 545 4
17 433 3
17 452 8
17 512 5
17 56 7
17 49 2
17 43 6
17 41 3
17 38 1
17 18 9
18 243 3
19 360 2
19 319 6
19 266 2
19 254 10
19 621 3
19 220 5
20 376 1
20 863 2
20 503 9
20 624 9
20 403 1
20 128 10
20 121 4
20 96 8
20 744 5
21 253 2
21 251 3
21 250 3
21 187 7
21 92 3
21 31 3
22 715 1
22 970 7
22 425 3
22 320 7
22 672 8
22 270 4
22 260 3
22 633 6
22 662 7
22 408 3
22 179 4
22 465 9
22 39 2
22 637 3
22 632 6
23 620 2
23 328 9
23 708 5
23 237 3
23 236 1
23 86 6
23 907 5
24 466 1
24 920 1
24 716 3
24 974 10
24 190 7
24 817 8
24 148 8
24 719 2
24 111 9
24 98 7
24 91 2
24 74 3
25 391 7
25 644 2
25 352 4
25 718 8
25 51 10
25 48 6
25 34 5
26 526 1
26 928 10
27 886 3
27 307 10
27 290 4
27 263 4
27 110 4
27 751 1
28 336 9
28 203 9
28 831 3
28 467 9
29 893 7
29 573 6
29 721 5
29 781 4
29 146 3
29 94 10
29 86 7
29 62 7
29 668 7
29 559 2
29 818 4
29 37 1
30 720 4
30 878 5
30 284 4
30 150 10
30 938 2
30 654 1
30 44 9
31 92 8
32 380 2
32 342 2
32 331 1
32 277 7
32 539 7
32 231 6
32 225 7
32 860 4
32 786 9
32 806 6
32 134 10
32 72 8
32 918 5
33 97 5
34 485 4
34 246 1
34 801 1
34 855 5
34 705 9
34 48 4
35 257 5
35 494 10
35 660 1
35 426 6
35 439 10
36 379 10
36 536 6
36 405 7
37 390 3
37 455 4
37 805 7
37 269 5
37 967 7
37 218 7
37 950 8
37 75 3
37 59 6
37 40 8
38 795 4
38 564 8
38 134 7
38 819 6
38 43 4
39 313 8
39 232 4
39 71 4
40 269 3
40 218 3
40 171 7
41 539 10
41 340 3
41 293 1
41 277 5
41 628 9
41 771 4
41 158 7
41 137 4
41 134 5
41 113 2
41 49 5
42 685 1
42 489 8
42 253 1
42 159 4
42 79 4
42 639 10
43 450 2
43 165 10
44 124 9
45 612 9
45 287 9
45 249 10
45 988 7
45 136 3
45 128 6
45 527 2
46 797 7
46 493 9
46 417 3
46 503 6
46 144 7
46 104 7
46 643 6
47 832 3
47 888 6
47 843 8
47 779 2
47 414 6
47 223 7
47 109 10
47 108 7
47 74 1
47 597 5
48 132 7
48 131 5
48 60 10
48 50 2
48 705 5
48 507 4
49 346 5
49 511 9
49 256 4
49 241 10
49 231 6
49 137 3
49 845 3
50 352 3
50 871 2
51 60 3
52 285 6
52 245 10
52 436 7
52 176 1
52 106 7
53 703 7
53 664 4
53 252 4
53 479 6
53 164 4
53 141 6
53 107 3
53 813 10
53 937 3
53 973 10
53 729 6
54 563 10
54 479 4
54 481 2
54 966 8
54 206 9
54 464 7
54 107 2
54 85 5
55 394 9
55 835 8
55 677 8
55 180 3
55 178 6
55 105 7
55 83 6
55 61 5
56 123 6
56 991 1
57 674 5
57 320 5
57 408 6
57 270 1
57 684 1
57 116 8
57 95 6
57 71 9
58 276 9
58 403 2
59 781 2
59 559 2
59 944 2
59 169 9
59 573 4
59 102 8
59 99 10
59 735 10
59 69 1
59 421 1
61 306 2
61 244 5
61 216 8
61 184 2
61 166 1
61 127 6
61 122 2
61 100 1
61 459 5
61 90 10
61 89 8
61 992 10
61 839 4
61 783 2
62 229 1
62 513 4
62 94 8
62 896 4
62 455 5
63 611 9
63 485 2
63 652 4
64 835 3
64 324 2
64 101 2
64 93 10
64 83 1
64 762 6
64 569 1
65 350 2
65 325 6
65 863 4
65 205 8
65 121 5
65 103 5
65 96 6
66 764 1
66 322 10
66 782 1
66 618 2
67 713 2
67 442 2
67 759 6
67 173 10
67 821 6
67 86 2
68 912 9
68 659 2
69 169 1
70 329 10
71 232 8
71 230 10
71 193 8
71 149 10
71 95 9
72 858 9
73 692 9
74 773 5
74 294 6
74 211 10
74 109 3
74 108 5
74 98 9
74 873 10
75 288 5
75 791 5
77 884 4
78 502 8
78 163 7
78 495 1
79 363 2
79 700 1
79 251 9
79 235 5
79 651 9
79 561 9
80 338 1
80 206 2
80 959 1
81 221 2
81 209 5
81 456 4
82 497 5
82 281 10
82 219 2
82 182 6
82 458 1
83 167 4
84 734 6
84 660 4
85 338 7
86 146 1
87 252 9
87 222 3
87 164 6
87 741 9
87 872 4
88 300 6
89 851 3
89 441 7
90 646 4
90 210 7
90 155 5
90 692 4
90 756 1
91 817 9
91 358 5
91 856 9
91 881 7
91 965 10
91 98 8
92 596 2
93 324 1
93 912 9
93 101 8
94 217 1
95 315 10
95 814 9
95 265 5
95 631 4
95 149 7
96 339 9
96 325 8
96 125 8
96 411 9
98 299 1
99 755 8
99 161 6
100 368 10
100 239 8
100 809 4
100 129 8
101 355 2
101 834 10
101 119 2
102 721 6
102 112 5
104 444 6
104 302 3
104 897 3
104 448 6
104 891 1
104 551 6
105 286 10
106 285 7
106 436 4
106 152 5
106 151 4
107 563 6
108 794 6
109 732 3
109 719 4
110 443 6
110 393 6
110 139 8
111 486 8
111 666 4
111 296 6
111 148 10
112 550 7
112 362 4
112 262 8
112 213 3
113 511 2
113 381 5
113 407 10
113 301 7
113 137 7
116 315 8
116 240 4
116 149 5
116 663 6
117 332 6
117 894 1
117 156 5
117 623 9
117 689 1
118 575 6
119 613 10
119 569 7
119 834 4
119 877 8
120 698 3
120 469 3
120 168 6
120 616 8
121 863 5
122 184 4
122 183 4
123 991 7
123 737 6
124 401 5
124 361 2
124 864 3
125 463 5
125 827 5
125 576 2
125 675 3
125 496 10
126 384 9
126 461 7
126 508 4
126 160 7
126 135 3
127 239 10
128 527 2
128 828 5
129 498 9
129 368 5
129 851 2
129 233 9
132 932 4
133 371 1
133 298 1
133 238 8
133 142 6
133 440 8
135 472 6
135 963 2
136 403 7
137 400 3
137 942 6
137 301 6
137 293 4
137 158 6
137 511 2
137 531 6
139 393 4
139 367 5
140 684 2
140 408 10
140 822 8
142 664 10
142 418 5
143 836 10
143 377 9
143 706 4
143 438 10
143 225 8
143 224 9
143 676 9
143 807 8
143 413 1
143 826 9
143 514 6
143 693 10
145 891 10
145 503 3
145 584 9
147 201 4
147 935 9
148 299 3
148 296 7
149 931 2
149 431 10
150 989 5
151 588 5
151 776 6
154 648 8
154 244 5
154 216 7
154 711 10
154 412 8
157 701 9
158 305 4
159 172 2
159 162 5
160 474 7
161 919 6
161 421 9
161 780 2
162 930 9
162 645 5
163 767 5
164 222 7
165 552 8
166 520 6
166 227 2
168 212 9
169 686 3
171 237 10
171 236 2
171 915 6
171 556 4
173 821 6
173 442 4
174 325 10
174 317 7
174 283 7
174 491 6
175 377 10
175 202 3
176 285 4
176 191 10
177 799 3
177 318 8
177 595 10
177 760 6
178 677 9
178 459 6
179 387 1
179 637 5
181 380 6
181 402 4
182 542 3
182 194 3
183 598 9
184 398 10
184 334 7
184 410 5
184 247 10
184 704 2
187 251 7
187 250 2
187 870 4
187 488 7
188 744 3
188 492 3
188 733 5
189 868 3
190 716 4
193 853 2
194 311 3
194 971 2
194 883 7
194 281 8
194 772 7
194 219 7
196 547 2
198 898 7
199 925 10
199 452 4
199 204 9
199 656 2
199 890 4
200 342 2
202 348 8
202 215 7
202 707 10
202 438 9
204 512 6
204 571 6
204 258 3
204 795 2
204 608 9
207 399 4
207 360 5
207 319 5
207 267 1
208 848 5
208 307 3
209 530 7
209 221 2
209 787 1
210 765 9
210 682 1
210 583 2
214 334 6
215 308 8
215 224 7
216 244 5
216 711 10
216 594 3
217 297 6
217 273 7
218 967 6
218 601 6
219 261 10
219 866 6
219 883 4
219 673 4
219 916 1
220 382 7
220 254 6
221 981 8
221 530 5
221 841 4
223 304 3
223 294 10
224 836 7
225 279 8
227 498 7
227 233 4
230 814 2
231 370 9
236 793 3
236 702 2
237 553 3
237 609 3
237 625 5
238 298 7
239 430 8
240 844 5
240 931 1
240 532 2
241 256 1
243 327 5
243 326 10
243 321 4
243 997 8
243 582 9
244 351 9
244 412 1
244 833 9
245 909 9
245 829 9
245 767 4
246 310 1
250 253 9
251 437 8
251 505 3
252 729 5
252 879 8
253 639 10
253 510 6
256 748 9
256 545 1
257 349 10
258 875 8
258 564 6
259 332 8
260 270 2
261 768 1
262 373 8
263 344 10
265 889 8
265 557 4
267 399 6
267 621 2
268 627 4
270 544 3
274 286 9
275 601 10
277 725 10
278 642 5
279 560 7
282 331 6
287 828 5
287 699 5
290 388 3
290 751 5
292 835 6
293 499 6
293 574 2
293 301 7
295 692 3
296 366 8
296 947 7
299 366 3
299 586 7
301 499 8
301 574 10
301 901 5
301 942 5
303 987 3
303 875 6
303 795 4
305 784 9
305 423 3
307 849 2
312 720 2
313 420 8
314 607 6
319 360 5
320 674 7
321 404 7
323 572 6
328 915 2
331 562 7
333 466 3
333 414 1
333 796 9
334 472 7
335 450 4
336 549 4
337 517 4
339 962 6
339 422 8
340 806 2
340 539 7
340 943 8
341 930 7
343 369 6
348 438 1
348 514 8
348 693 8
349 770 3
350 599 4
350 695 5
350 429 8
351 833 5
352 801 8
355 877 8
358 977 8
358 965 10
358 881 10
359 370 4
361 864 5
365 896 6
365 590 5
365 775 7
365 880 2
366 657 5
366 586 2
367 738 9
367 443 6
374 750 1
376 395 2
376 453 5
381 691 4
382 747 5
382 570 7
383 666 6
384 461 6
386 445 1
388 976 9
388 529 6
392 907 8
393 443 4
396 606 6
400 868 1
400 423 10
401 554 5
401 610 3
404 758 7
409 782 7
409 515 3
411 501 2
411 496 9
412 594 1
413 934 5
414 600 9
414 629 2
418 757 1
420 714 6
421 755 2
421 780 5
421 939 9
424 636 5
425 522 3
425 581 6
425 504 5
427 963 7
429 491 6
432 471 8
433 687 5
433 476 9
434 859 2
437 488 3
438 468 10
439 494 7
442 818 9
443 913 10
444 951 1
444 448 10
448 986 8
449 752 5
450 964 2
450 487 2
455 948 7
458 921 3
458 602 6
458 816 5
458 542 6
459 730 3
461 568 7
462 492 8
465 985 10
465 522 1
465 904 1
465 766 10
465 504 7
470 784 6
475 593 9
476 687 2
476 655 4
479 857 6
488 802 6
493 906 4
493 624 10
496 576 6
496 675 4
497 933 9
500 865 3
500 912 4
502 622 8
516 934 9
517 867 4
517 678 5
519 820 1
519 797 9
525 962 6
529 892 8
530 854 9
531 901 9
534 885 6
537 800 4
540 955 1
543 731 1
545 845 6
547 847 7
548 632 2
550 739 1
550 585 2
551 810 6
554 610 3
557 889 5
557 844 9
559 573 2
561 651 6
562 697 1
566 911 9
570 669 5
573 954 4
583 682 4
584 897 8
586 619 2
593 796 7
593 895 3
595 649 1
599 695 2
600 671 7
600 843 4
605 772 1
614 748 7
618 764 8
618 842 10
619 657 10
623 763 3
625 800 5
630 667 5
632 679 2
632 985 8
634 955 3
637 662 8
638 798 7
644 749 6
646 648 9
661 842 2
664 813 4
669 999 5
670 969 3
670 1000 5
673 971 4
673 768 2
676 826 9
680 994 9
682 756 4
684 822 1
684 777 10
699 828 10
714 946 3
716 815 3
719 823 3
720 938 3
729 741 1
735 941 3
741 872 5
747 852 6
750 794 4
752 980 9
755 919 4
755 780 6
757 813 6
758 997 4
759 846 5
760 799 8
766 837 2
767 829 8
767 882 9
771 925 6
771 890 3
779 832 7
822 924 8
829 952 5
842 914 10
869 908 7
874 990 9
875 987 4
899 906 7
900 902 8
922 932 5
965 977 7
