1000 1197
5 50 72 69 76 33 53 1 13 75 55 59 38 19 80 99 66 15 6 6 70 24 50 27 58 88 25 27 23 53 17 37 46 37 84 52 73 27 78 73 2 69 10 8 23 56 69 68 34 64 36 60 48 18 32 84 89 3 33 58 1 67 54 38 85 82 24 93 77 79 85 17 93 60 30 75 57 52 69 63 89 57 70 64 62 67 17 36 57 31 88 6 79 80 90 32 72 35 41 28 81 31 15 47 98 43 70 86 52 33 55 20 40 83 60 17 13 50 29 70 92 18 53 75 73 96 78 96 66 70 2 77 73 85 61 22 63 63 19 74 99 87 61 66 39 67 91 64 49 87 45 59 93 8 60 74 54 38 66 55 49 70 22 85 88 55 69 39 43 81 28 93 93 27 44 43 60 61 42 87 10 61 30 85 85 1 58 19 70 94 50 100 61 32 88 27 12 78 18 78 27 19 56 89 65 56 40 17 62 31 96 81 13 87 18 40 71 1 96 12 36 43 27 46 62 29 11 16 19 100 36 30 1 4 57 68 11 58 34 22 96 74 46 93 3 2 89 94 95 11 90 54 64 34 98 51 22 18 15 100 21 71 22 10 23 28 42 75 97 44 62 76 6 64 17 89 76 61 64 25 4 63 94 8 53 41 69 84 92 11 65 50 25 24 49 73 72 61 42 18 59 82 6 11 51 71 31 74 44 93 70 46 84 49 77 3 40 4 32 98 56 9 63 89 44 30 89 84 16 88 4 64 18 21 1 56 45 91 88 9 59 25 48 40 8 43 91 55 82 82 98 97 84 57 82 83 83 47 4 49 28 39 84 37 1 23 91 34 12 59 93 12 42 81 100 21 96 2 90 13 89 63 24 88 19 20 95 9 5 85 93 1 73 91 70 14 97 39 86 71 34 35 44 5 95 71 90 13 24 30 42 97 73 85 22 22 3 2 84 20 20 5 20 78 84 51 38 95 93 13 82 98 29 56 8 37 3 82 84 19 99 61 46 21 2 53 68 50 95 89 71 75 46 77 85 2 16 51 57 8 46 74 4 43 59 77 43 13 63 6 65 41 54 38 83 21 33 74 39 54 73 86 54 17 95 22 98 96 43 14 44 17 89 29 63 53 4 23 48 28 73 77 86 60 10 60 8 84 64 88 77 64 34 38 45 45 9 19 1 98 79 70 43 95 39 33 65 30 43 71 6 55 7 51 94 67 32 23 35 59 26 27 64 94 90 4 16 25 27 15 64 6 19 35 91 81 20 47 82 86 19 44 72 80 74 35 26 88 82 86 63 67 71 51 52 48 25 22 66 83 31 61 39 60 86 21 27 39 76 84 53 99 46 61 68 10 29 58 67 92 77 74 10 29 82 53 56 74 96 5 63 11 31 14 19 40 48 47 86 28 57 93 66 35 69 82 88 92 79 76 61 75 97 38 42 98 76 12 1 67 52 46 72 13 13 56 5 78 48 60 63 49 75 12 57 75 66 24 63 91 17 76 19 73 44 39 84 69 89 8 26 50 76 22 63 79 36 79 11 22 10 63 99 82 24 100 98 90 52 58 29 70 50 37 8 2 100 60 74 69 60 64 89 60 88 18 39 38 28 64 44 57 87 92 65 16 40 98 67 69 100 89 36 63 9 74 33 14 88 23 59 80 15 64 29 39 55 51 58 69 68 41 31 46 98 90 27 100 69 14 58 56 98 59 91 20 55 64 4 13 61 30 67 2 34 45 66 54 52 4 56 99 90 52 74 93 12 96 25 74 53 36 56 69 15 74 15 3 37 39 90 44 1 83 20 89 86 64 87 4 73 71 51 66 83 46 14 39 62 72 35 77 89 28 97 79 37 14 20 62 79 98 85 48 94 18 91 44 38 46 39 37 66 26 31 76 61 66 52 81 17 13 95 86 31 47 91 47 46 83 1 60 20 6 25 93 68 11 61 37 52 99 98 13 33 30 65 34 64 98 5 22 89 58 20 9 19 57 92 49 70 27 69 41 66 27 72 4 97 15 28 19 93 84 49 71 41 71 37 75 12 44 26 73 22 37 14 80 20 99 33 27 33 26 61 10 73 57 37 42 95 32 85 93 43 74 76 68 50 45 81 70 67 87 87 52 39 31 85 45 16 4 15 35 87 70 34 1 15 68 53 79 7 9 52 100 1 74 51 47 22 39 65 93 78 2 32 61 68 6 84 28 82 38 46 16 31 62 22 80 7 45 76 32 45 36 55 42 91 33 68 35 55 50 7 95 59 73 4 71
1 819 2
1 396 3
1 825 1
1 390 6
1 342 7
1 583 8
1 482 4
1 883 2
1 523 7
1 255 10
1 242 6
1 921 10
1 207 3
1 202 10
1 192 10
1 189 10
1 184 5
1 169 9
1 139 4
1 456 4
1 655 3
1 865 6
1 643 9
1 95 8
1 88 8
1 933 3
1 77 7
1 951 6
1 637 2
1 518 2
1 53 1
1 688 4
1 38 6
1 29 1
1 581 6
1 17 10
1 6 2
1 3 2
1 2 10
2 371 8
2 367 9
2 855 6
2 312 8
2 508 9
2 284 5
2 743 5
2 261 2
2 680 10
2 241 7
2 873 8
2 225 7
2 216 10
2 205 5
2 199 1
2 160 5
2 158 3
2 78 5
2 66 6
2 55 6
2 45 3
2 36 9
2 35 2
2 26 10
2 15 6
2 13 8
2 5 6
2 4 5
3 399 7
3 911 2
3 901 2
3 294 9
3 777 6
3 276 7
3 638 6
3 541 8
3 186 8
3 182 3
3 181 7
3 134 3
3 853 8
3 81 9
3 14 4
3 10 9
3 4 5
4 790 10
4 727 3
4 943 3
4 340 2
4 735 1
4 967 9
4 288 4
4 759 5
4 280 7
4 429 7
4 250 10
4 616 10
4 215 1
4 703 9
4 449 5
4 170 6
4 437 4
4 133 3
4 126 4
4 116 9
4 521 5
4 923 4
4 103 6
4 500 8
4 86 3
4 452 1
4 69 6
4 56 6
4 39 7
4 29 6
4 16 4
4 568 6
4 14 4
4 556 10
4 10 9
4 8 3
5 373 1
5 949 4
5 601 1
5 193 7
5 467 3
5 175 3
5 810 4
5 165 2
5 610 4
5 923 10
5 143 4
5 461 9
5 509 3
5 109 5
5 662 6
5 99 8
5 89 8
5 77 1
5 70 8
5 68 2
5 766 7
5 53 1
5 775 8
5 617 6
5 23 4
5 17 2
5 9 7
6 332 6
6 313 8
6 899 5
6 247 1
6 232 6
6 228 3
6 213 7
6 763 3
6 189 3
6 173 3
6 156 9
6 146 3
6 145 10
6 136 5
6 135 9
6 515 6
6 109 7
6 83 10
6 78 2
6 566 5
6 62 3
6 60 1
6 55 2
6 542 7
6 41 6
6 31 5
6 24 7
6 22 4
6 7 3
7 360 6
7 205 2
7 74 7
7 66 3
7 50 7
8 460 6
8 699 7
8 351 5
8 337 4
8 331 6
8 319 1
8 520 5
8 297 10
8 279 5
8 260 2
8 674 3
8 891 6
8 482 1
8 137 8
8 126 7
8 125 4
8 73 1
8 12 8
9 328 9
9 307 7
9 693 10
9 293 1
9 531 9
9 253 7
9 748 9
9 736 4
9 191 8
9 848 7
9 619 7
9 155 9
9 149 9
9 628 4
9 584 10
9 101 7
9 84 6
9 79 6
9 552 6
9 59 3
9 57 9
9 590 9
9 33 2
9 32 1
9 23 4
10 364 5
10 777 8
10 541 9
10 134 3
10 729 1
10 19 1
11 326 5
11 293 1
11 238 9
11 693 2
11 180 9
11 146 7
11 652 1
11 92 8
11 32 5
12 321 9
12 514 6
12 262 5
12 250 3
12 143 2
12 597 2
12 691 2
13 324 3
13 564 6
13 837 6
13 222 10
13 745 8
13 109 3
13 91 7
13 64 4
13 45 9
13 15 6
14 380 2
14 369 4
14 354 3
14 455 9
14 303 4
14 276 10
14 969 1
14 782 6
14 151 1
14 108 5
14 828 3
14 25 9
15 728 4
15 377 1
15 970 1
15 273 9
15 240 6
15 910 9
15 562 4
15 768 2
15 45 7
16 354 3
16 303 2
16 286 1
16 233 5
16 217 8
16 123 9
16 116 8
16 40 8
16 486 2
16 25 2
17 346 3
17 316 7
17 253 9
17 243 9
17 931 8
17 101 3
17 95 5
17 450 2
17 87 7
17 818 1
17 626 7
18 391 4
18 270 6
18 257 6
18 714 9
18 200 3
18 646 5
18 769 2
18 122 10
18 121 3
18 110 4
18 631 2
18 892 4
18 28 10
18 27 5
18 20 6
19 491 1
19 233 7
19 944 4
19 127 4
19 123 9
19 116 8
20 395 8
20 370 5
20 334 5
20 317 7
20 980 5
20 266 5
20 252 3
20 231 4
20 211 10
20 200 7
20 194 8
20 983 7
20 140 2
20 130 6
20 83 7
20 67 4
20 723 2
20 44 4
20 41 8
20 36 3
20 27 9
20 406 10
21 265 3
21 251 5
21 846 1
21 684 9
21 501 10
21 82 4
22 490 9
22 296 8
23 322 7
23 418 6
23 234 5
23 49 3
23 31 5
24 110 4
24 892 6
26 160 8
26 743 6
26 35 6
26 27 2
27 606 5
27 928 2
27 421 6
27 268 10
27 168 1
27 908 10
27 634 9
27 47 7
28 644 1
28 245 10
28 227 5
28 462 3
28 463 8
28 168 4
28 144 2
28 472 5
29 374 5
29 480 8
29 539 3
29 93 1
29 39 2
30 272 6
30 231 10
30 425 9
30 713 8
30 860 8
30 403 10
31 517 2
31 628 2
31 141 4
31 618 7
33 688 7
33 258 3
33 953 9
33 588 5
33 204 4
33 161 7
33 102 8
33 100 8
33 587 6
33 59 5
33 498 8
33 438 6
34 238 3
34 990 10
34 180 5
34 176 9
34 38 6
34 543 1
35 508 10
36 917 3
36 256 3
36 622 4
36 858 1
36 700 6
36 426 8
37 356 4
37 347 3
37 516 5
37 321 5
37 314 5
37 279 6
37 435 4
37 420 2
37 966 6
37 468 5
38 678 4
39 249 6
39 734 8
39 615 10
39 436 7
39 69 6
39 594 5
40 668 3
40 286 2
40 215 4
41 252 1
42 219 6
42 504 7
42 908 5
42 111 4
43 274 5
43 716 4
43 177 5
44 317 1
44 244 3
45 600 7
45 275 7
45 454 4
45 91 2
45 768 1
45 64 6
46 976 9
46 143 1
47 410 7
47 65 8
48 876 6
49 517 8
50 378 4
50 577 10
50 179 1
51 489 8
52 430 5
52 544 4
52 411 3
52 514 4
52 147 7
53 724 8
53 979 4
53 509 5
54 991 9
54 920 7
54 857 4
54 279 2
54 591 4
54 468 2
54 621 8
54 816 6
54 507 10
55 427 8
55 874 1
55 466 9
55 542 8
55 919 9
55 188 3
55 947 10
55 145 2
55 140 6
55 83 6
55 80 10
56 669 5
56 355 7
56 333 8
56 705 10
56 151 2
56 138 8
57 511 8
58 724 3
58 509 2
58 61 6
59 163 2
59 84 3
60 446 4
60 772 5
60 139 6
60 62 2
62 872 5
63 298 4
63 563 2
63 758 4
63 125 4
63 744 9
64 561 2
64 409 2
64 220 10
64 214 9
64 789 3
64 988 1
64 85 4
64 721 5
64 600 8
66 548 2
66 124 2
66 75 4
66 868 10
67 281 5
67 707 4
67 426 8
67 642 7
67 211 8
67 198 10
67 197 6
68 393 10
68 866 2
68 534 3
68 235 8
68 218 7
68 113 3
68 107 9
68 746 3
69 249 4
70 578 5
70 467 1
70 90 9
72 323 5
72 248 6
72 202 5
72 563 9
73 350 4
73 184 9
73 423 9
74 296 4
76 658 8
76 602 7
76 137 9
76 112 6
76 522 10
77 390 8
78 128 5
78 542 2
79 465 6
79 895 1
80 689 10
80 667 5
81 325 6
81 957 8
81 186 7
81 480 7
82 366 6
82 433 3
82 852 8
83 799 5
83 302 2
83 228 2
83 466 8
84 511 5
84 344 6
84 442 4
84 191 8
84 178 7
85 324 2
85 762 5
85 561 1
87 338 5
87 510 5
88 316 5
88 243 3
88 579 6
88 862 9
89 196 7
90 393 3
90 878 4
90 223 7
90 766 6
90 165 2
90 570 9
90 119 10
90 113 1
91 600 8
91 988 4
91 413 7
92 652 7
93 539 5
93 901 4
93 336 4
93 783 1
94 195 8
94 477 5
95 346 1
95 588 2
95 415 10
95 100 7
96 549 2
96 276 8
97 917 3
97 709 8
98 237 5
100 388 1
100 379 7
100 320 5
100 582 6
100 547 4
100 588 9
100 161 10
100 106 7
100 102 1
100 471 10
101 736 10
101 253 6
101 481 9
101 590 7
101 488 2
102 388 5
102 327 6
102 304 5
102 162 4
102 161 5
102 863 8
102 887 8
103 846 9
104 129 7
105 599 8
105 763 7
105 664 2
105 978 1
106 780 2
106 474 7
106 547 5
107 586 7
108 893 6
108 333 4
108 209 1
108 151 5
110 309 10
110 272 7
111 386 3
111 809 8
111 800 1
111 473 1
111 239 8
111 537 4
111 226 9
112 658 2
113 218 4
113 995 4
113 119 7
114 895 7
114 465 8
115 854 8
115 180 2
115 176 2
115 172 10
115 424 3
117 724 7
118 615 5
118 842 3
118 224 7
119 866 10
120 271 8
122 315 1
123 308 2
123 217 1
124 371 5
124 306 5
124 246 8
124 434 8
125 497 4
125 559 8
125 132 7
125 452 4
125 592 1
125 918 5
126 340 1
126 671 2
127 944 7
128 153 6
130 441 7
130 707 1
130 732 9
130 197 4
130 194 8
130 475 10
130 469 1
131 365 5
131 612 10
132 559 10
132 813 4
134 283 10
134 912 10
134 541 8
134 829 7
134 167 8
135 176 10
136 733 10
136 827 5
138 355 5
138 849 8
139 152 3
140 299 1
140 216 9
140 947 7
141 289 4
141 977 7
141 254 6
141 628 10
141 159 9
142 267 8
144 363 3
144 1000 5
144 257 6
144 245 7
144 805 1
144 462 4
144 841 7
144 769 9
145 385 1
145 188 8
145 797 4
145 530 2
147 602 8
148 350 10
148 331 8
148 431 2
149 422 6
149 902 9
150 236 2
151 380 10
151 212 1
151 553 1
151 669 2
151 828 1
152 599 1
154 548 3
155 552 10
156 247 5
157 218 7
158 683 7
159 289 2
160 730 1
161 388 2
161 524 4
161 258 2
161 162 4
161 492 1
162 327 9
162 305 7
162 204 7
162 495 10
163 328 4
163 307 7
163 459 5
163 191 1
164 348 2
164 318 6
164 246 4
164 179 7
166 528 7
166 178 2
167 598 3
167 364 2
167 359 10
169 192 6
173 665 9
173 422 4
174 886 3
174 972 8
175 476 4
177 606 6
177 361 3
177 274 1
177 968 2
177 663 10
178 400 9
178 737 9
178 187 1
179 398 8
179 225 10
180 725 6
181 399 4
181 263 9
182 943 6
183 285 4
183 265 4
184 640 7
186 717 10
186 447 3
187 400 5
187 443 10
188 385 2
189 313 10
189 664 6
190 556 7
190 540 3
190 740 9
191 754 8
192 478 7
192 941 4
195 248 4
196 698 8
196 572 3
196 833 7
197 329 5
197 198 1
197 946 1
198 915 9
198 946 7
200 395 2
200 394 7
200 391 2
200 851 10
201 867 9
208 312 8
208 837 3
210 629 2
211 384 9
211 489 4
211 458 9
212 387 1
212 333 3
212 669 3
213 332 1
214 535 10
216 299 7
216 261 8
216 888 1
216 677 10
217 389 4
217 814 3
218 875 9
219 634 9
220 339 10
220 278 6
220 686 3
221 266 3
221 984 9
222 745 10
223 560 10
224 703 2
224 914 4
225 318 5
226 844 8
226 358 7
226 239 2
227 245 1
228 232 6
229 761 3
229 301 8
229 561 6
230 247 1
231 713 3
231 425 5
232 343 7
232 335 9
232 290 1
232 625 9
232 927 5
234 552 2
235 288 2
237 467 1
239 473 8
239 504 1
240 368 4
240 503 8
242 372 2
245 690 4
246 392 7
246 405 7
246 348 10
246 934 10
246 419 2
246 412 1
248 479 9
250 502 3
250 710 9
250 319 5
250 500 5
250 262 4
251 801 5
256 858 9
257 715 1
257 363 10
257 956 2
257 1000 9
257 463 10
258 756 5
260 520 9
260 500 10
263 982 1
263 549 5
267 519 1
267 523 2
269 842 4
270 309 1
274 930 6
275 339 2
277 457 9
279 451 7
279 816 3
280 705 7
281 291 5
281 679 5
282 679 3
283 998 8
284 803 9
284 680 9
284 633 3
285 955 5
287 512 10
287 569 3
287 545 10
287 887 5
290 335 3
290 871 7
292 925 7
292 735 3
292 429 3
294 739 7
295 320 1
297 461 3
297 662 5
297 311 5
302 799 5
302 999 7
302 753 5
303 369 4
303 354 1
304 471 6
304 863 3
305 900 3
314 468 8
316 448 2
316 950 1
317 334 3
319 691 10
319 597 5
320 330 10
321 420 6
324 762 9
325 913 6
326 757 7
328 881 6
328 940 6
331 987 8
335 625 10
335 786 3
336 641 3
338 604 4
340 671 6
340 494 9
340 557 1
341 546 4
342 770 9
342 718 7
343 871 6
347 356 4
348 960 4
348 412 1
350 952 8
354 376 7
354 937 9
356 694 7
357 504 9
359 864 5
359 776 9
360 894 2
361 663 5
363 464 2
363 472 6
364 996 9
364 676 10
364 904 1
366 558 2
368 742 6
368 974 6
368 503 4
370 382 1
370 695 5
370 567 6
370 416 6
370 421 6
371 760 3
371 573 7
372 432 9
376 650 1
378 577 9
378 456 1
382 417 3
382 421 3
382 877 8
383 558 3
383 585 4
383 852 9
384 936 2
386 529 2
389 491 1
391 395 6
391 571 6
392 934 6
395 751 2
395 554 3
397 401 9
397 526 10
399 638 10
399 777 7
404 494 7
407 948 8
407 498 5
407 791 3
407 438 10
407 415 10
409 761 9
413 659 1
414 959 3
415 551 3
415 948 5
416 695 8
417 537 8
417 440 3
417 529 5
420 701 1
421 928 9
422 531 1
422 902 9
426 622 9
426 985 9
426 613 3
427 689 8
427 919 7
432 903 6
432 447 3
433 852 6
436 594 6
436 734 7
437 740 8
437 556 5
438 752 2
438 587 3
438 498 5
438 791 5
443 528 5
444 682 7
449 918 10
450 589 5
451 764 4
452 497 9
458 959 10
461 662 10
463 993 5
463 464 2
466 781 9
468 621 3
468 785 10
470 620 1
477 932 10
478 931 6
478 941 10
478 870 8
480 957 7
481 532 2
481 905 2
481 488 5
482 593 3
483 889 7
485 555 3
485 937 5
488 826 2
488 778 7
489 929 5
499 586 3
502 710 5
503 974 8
503 656 6
505 828 1
509 979 3
510 581 2
510 655 7
512 569 6
514 538 1
516 694 8
518 772 7
521 846 3
522 544 6
522 954 6
525 536 2
528 722 5
531 665 2
532 778 5
534 942 2
547 780 9
559 909 10
560 822 8
561 847 9
561 704 6
562 629 2
572 698 9
573 760 2
576 701 1
576 608 10
586 873 10
586 882 9
587 883 10
587 880 7
587 752 8
590 848 1
590 681 9
591 785 3
592 692 10
611 739 3
613 811 9
614 984 3
619 940 10
627 717 6
630 788 8
635 904 6
635 729 5
636 972 3
636 886 8
636 684 2
637 640 5
645 726 6
645 716 8
646 715 6
652 748 3
667 689 9
667 919 9
668 708 4
668 969 8
670 708 2
672 744 9
675 857 9
675 764 9
675 812 7
676 776 2
680 803 2
683 742 6
683 807 2
684 981 1
684 916 3
688 808 3
688 880 10
693 748 2
698 833 2
699 997 1
708 969 7
711 725 10
712 782 5
718 770 1
719 861 10
726 840 5
733 963 6
733 827 5
735 790 5
735 925 10
739 994 8
747 885 8
750 939 3
764 812 2
773 792 10
774 798 2
775 958 10
778 905 4
778 826 2
780 835 8
784 794 4
788 945 9
789 889 4
795 990 2
812 857 3
816 991 9
853 911 2
871 927 7
876 917 7
880 883 8
886 916 4
907 975 6
924 981 7
934 973 9
