1000 1197
5 11 41 53 64 85 52 28 48 82 46 57 80 62 87 76 51 83 99 86 30 36 86 37 8 34 13 90 8 93 97 73 82 35 94 65 22 19 88 91 25 21 67 85 73 57 42 34 10 14 90 57 18 41 12 57 85 23 31 7 9 49 64 48 93 85 74 44 93 25 13 2 15 9 46 15 53 24 28 55 15 96 20 10 69 7 69 14 53 14 61 20 97 74 96 17 88 68 19 3 6 29 2 10 66 24 100 37 50 5 3 88 1 55 19 7 36 57 40 57 65 64 67 35 69 41 97 67 37 76 70 92 23 59 24 54 49 86 91 17 75 49 70 32 64 18 61 60 40 15 61 5 30 93 80 39 21 98 17 58 4 41 80 78 68 48 20 76 97 64 73 84 57 57 24 84 72 39 46 83 78 15 71 37 74 95 84 45 76 73 30 2 14 89 74 90 40 69 7 60 16 5 46 69 5 2 39 58 74 13 48 45 15 48 29 81 22 67 87 16 96 9 96 55 68 29 81 45 25 96 4 62 13 22 53 60 6 87 71 33 80 62 53 53 75 14 3 87 55 69 81 19 28 88 20 53 68 89 28 95 100 16 33 55 90 37 58 41 79 47 81 79 46 4 91 12 88 84 66 13 59 65 57 24 4 42 47 2 47 16 25 85 99 89 18 61 35 68 74 75 4 51 37 11 99 51 5 88 97 6 64 8 17 69 30 32 44 96 11 94 12 58 91 48 54 6 6 82 4 87 25 86 37 79 59 21 78 90 49 31 54 41 53 9 87 58 2 36 82 93 3 63 16 67 76 38 98 77 45 16 31 100 74 18 27 7 91 55 23 36 27 2 98 17 10 68 87 37 90 14 65 15 12 9 75 52 43 100 78 64 88 63 36 81 40 13 6 87 70 11 80 44 8 44 48 69 27 63 51 24 41 79 97 45 77 17 62 93 2 47 97 18 47 83 51 29 55 21 66 64 55 46 57 83 81 91 39 55 71 78 67 89 5 64 87 40 11 32 6 58 96 22 79 54 37 93 65 92 22 21 15 72 64 80 59 3 62 9 33 77 75 81 85 69 22 63 93 55 99 16 80 40 85 50 40 98 82 85 46 57 15 37 61 18 75 84 93 36 5 50 19 52 19 32 98 51 21 16 98 90 51 91 67 53 42 10 56 12 83 11 73 86 74 1 16 71 49 18 61 85 86 92 51 18 11 37 31 49 20 20 77 6 43 54 69 31 64 95 45 18 40 84 86 44 51 5 96 29 63 4 68 4 16 51 47 17 100 94 35 83 89 99 91 87 24 85 83 74 98 89 60 81 79 76 87 88 50 11 45 74 37 66 44 57 27 43 30 97 74 3 6 84 11 86 87 32 48 49 100 74 82 49 37 44 22 1 1 48 36 64 17 2 14 84 32 93 100 26 89 38 18 26 90 3 99 35 56 79 53 68 97 20 5 46 73 60 87 33 98 26 38 26 71 98 92 9 17 79 99 57 2 60 1 25 17 45 94 65 61 78 5 37 56 36 84 57 80 100 27 26 67 75 3 48 100 2 46 53 59 82 15 13 16 43 25 2 36 64 41 33 19 37 1 14 92 4 47 15 70 39 22 13 90 95 68 23 25 48 90 93 27 91 36 39 4 99 39 51 85 37 40 55 44 98 55 80 65 94 31 6 46 95 68 2 28 72 25 35 96 76 24 28 21 29 48 77 54 54 73 90 93 75 61 44 82 8 10 9 74 69 62 3 2 54 59 83 3 42 76 58 53 21 47 87 43 81 19 38 98 31 44 31 54 6 67 25 89 68 62 66 98 56 31 99 3 25 27 46 85 80 87 36 68 19 50 66 20 93 49 68 33 68 45 91 62 50 66 33 67 39 10 3 36 56 25 36 53 50 74 44 42 44 19 100 59 65 4 5 94 65 30 17 49 59 21 3 92 33 63 31 68 82 82 92 99 19 53 37 66 15 76 39 54 63 61 86 39 63 63 92 29 92 16 31 89 31 71 3 5 64 9 27 23 99 49 65 18 33 62 62 87 45 94 18 32 75 15 89 83 15 99 36 37 23 58 78 5 17 9 83 38 12 59 77 98 19 7 77 30 44 37 42 28 78 15 42 54 61 93 17 21 40 23 25 59 28 11 1 74 30 7 91 33 43 30 82 31 76 47 37 15 57 30 36 50 51 21 84 40 81 55 33 67 70 8 45 40 68 44 44 3 95 28 85 16 14 54 50 38 3 94 60 73 2 93 90 88 73 50 90
1 376 8
1 893 7
1 541 2
1 103 8
1 4 4
2 355 10
2 304 5
2 233 6
2 215 7
2 115 10
2 13 1
2 4 7
3 364 7
3 273 10
3 953 6
3 835 7
3 427 6
3 513 3
3 215 3
3 212 9
3 202 9
3 525 3
3 121 4
3 119 7
3 115 9
3 636 10
3 755 6
3 54 1
3 447 5
3 967 6
3 25 4
3 21 9
3 17 8
3 12 2
3 9 10
3 4 8
4 393 3
4 381 2
4 651 6
4 959 9
4 358 1
4 349 8
4 608 10
4 410 1
4 280 4
4 880 5
4 495 8
4 853 4
4 239 7
4 225 2
4 416 4
4 220 5
4 672 4
4 533 1
4 650 5
4 145 6
4 142 7
4 141 2
4 139 4
4 132 9
4 124 10
4 108 4
4 104 5
4 906 6
4 83 8
4 72 9
4 649 3
4 65 4
4 443 3
4 797 6
4 30 7
4 20 5
4 19 6
4 18 10
4 787 5
4 12 5
4 10 2
4 6 5
5 939 9
5 810 3
5 878 1
5 508 1
5 707 5
5 698 4
5 736 9
5 249 10
5 241 10
5 919 2
5 226 1
5 180 3
5 104 3
5 76 2
5 44 8
5 37 9
5 28 1
5 492 2
5 11 6
5 9 2
5 8 3
6 388 3
6 558 10
6 247 10
6 220 7
6 542 5
6 151 10
6 676 6
6 775 7
6 107 2
6 587 6
6 771 7
6 664 9
6 21 5
7 426 1
7 359 10
7 644 4
7 616 3
7 350 7
7 330 1
7 308 9
7 245 9
7 196 10
7 176 9
7 166 2
7 611 9
7 156 2
7 155 10
7 124 3
7 121 1
7 599 1
7 77 6
7 69 5
7 67 6
7 38 10
7 30 7
7 22 6
7 14 1
8 357 10
8 355 3
8 971 6
8 685 8
8 337 6
8 322 5
8 510 6
8 772 10
8 482 10
8 239 5
8 162 1
8 610 3
8 647 3
8 842 6
8 782 3
8 413 6
8 90 10
8 13 8
8 11 1
9 397 5
9 371 4
9 897 1
9 299 8
9 567 9
9 278 10
9 463 1
9 238 9
9 229 2
9 843 9
9 188 1
9 437 3
9 150 6
9 415 2
9 593 10
9 574 8
9 613 8
9 76 7
9 64 10
9 49 10
9 43 2
9 18 10
9 12 4
10 325 3
10 529 8
10 250 3
10 224 9
10 445 5
10 833 10
10 136 10
10 837 5
10 771 3
10 79 6
10 60 9
10 45 9
10 38 3
10 30 6
10 499 9
11 392 3
11 337 6
11 270 10
11 477 5
11 665 10
12 351 8
12 890 9
12 46 10
12 31 9
13 398 5
13 816 3
13 310 6
13 234 3
13 211 5
13 174 10
13 109 7
13 707 1
13 23 4
13 15 3
14 644 9
14 367 6
14 626 9
14 847 3
14 208 5
14 205 2
14 429 1
14 141 9
14 119 4
14 102 8
14 682 4
14 35 2
14 26 7
14 22 8
15 289 7
15 269 1
15 792 1
15 652 8
15 228 3
15 509 10
15 173 3
15 170 6
15 946 2
15 81 7
15 679 6
15 50 2
16 995 10
16 181 9
16 160 9
16 815 7
16 35 6
16 26 9
16 22 8
18 377 6
18 884 3
18 848 9
18 313 4
18 749 1
18 294 2
18 146 5
18 106 8
18 65 1
18 518 8
18 61 9
18 49 10
18 46 8
18 43 7
18 34 7
18 27 4
18 20 4
19 445 1
19 112 2
19 771 7
19 83 5
20 108 1
20 99 9
20 97 2
20 73 8
20 51 4
20 949 9
20 573 10
21 389 6
21 375 4
21 766 5
21 338 1
21 496 7
21 265 6
21 622 5
21 457 6
21 599 4
21 128 2
21 412 1
21 110 1
21 905 9
21 53 6
21 29 9
22 661 5
22 815 8
22 328 3
22 470 10
22 675 1
22 756 9
22 176 10
22 911 8
22 474 4
23 361 4
23 653 6
23 257 8
23 712 8
23 195 6
23 190 7
23 476 3
23 143 1
23 948 2
23 595 10
23 444 1
24 265 8
24 726 5
24 120 3
24 69 3
25 592 2
25 890 5
25 536 5
26 914 5
26 981 10
26 474 10
27 344 8
27 949 2
27 132 4
27 73 3
27 478 4
28 787 9
28 584 7
28 335 6
28 299 1
28 297 2
28 280 9
28 574 1
28 267 6
28 659 2
28 759 6
28 446 3
28 167 9
28 159 9
28 464 6
28 493 5
28 826 1
28 840 10
28 954 10
28 75 8
28 44 2
28 559 9
28 37 5
28 471 9
29 586 6
29 168 10
29 69 5
29 36 1
30 512 1
30 940 8
30 966 4
30 182 2
30 530 10
30 32 8
31 377 10
31 716 2
31 409 5
31 238 8
31 178 9
31 781 6
31 117 1
32 333 10
32 421 8
32 563 9
32 221 8
32 456 7
32 430 4
32 171 3
32 156 5
32 98 2
32 60 3
32 523 8
32 499 6
33 361 5
33 302 1
33 285 3
33 252 9
33 211 9
33 947 5
33 134 4
33 118 7
33 88 4
33 50 5
33 42 4
34 385 7
34 532 1
34 140 5
36 586 4
37 342 2
37 596 8
37 913 5
37 226 2
37 919 8
37 446 5
37 80 10
37 490 1
38 274 6
38 253 6
38 222 5
38 221 3
38 161 6
38 156 10
38 136 3
38 805 2
38 60 8
39 533 10
39 311 5
39 300 1
39 422 4
39 531 6
39 485 9
39 248 6
39 818 6
39 549 9
39 138 1
39 129 8
39 111 3
39 91 6
39 68 9
40 667 10
40 475 2
40 976 8
40 125 3
40 687 4
40 819 3
41 378 6
41 980 7
42 329 8
42 195 1
42 88 3
42 50 6
43 532 10
43 87 3
43 49 5
45 672 4
45 452 8
45 445 1
45 147 4
45 62 6
45 58 5
45 52 10
46 401 9
46 393 1
46 495 8
46 695 4
46 416 8
46 163 1
46 130 6
46 123 4
46 934 5
47 153 5
47 90 2
47 82 3
48 404 4
48 602 7
48 639 8
48 891 4
48 138 7
48 537 2
48 114 3
49 629 4
49 229 2
49 150 9
49 87 1
50 329 2
50 96 7
50 564 4
51 275 5
51 704 3
51 99 6
52 699 2
52 287 1
52 849 10
52 935 4
52 147 7
52 621 5
52 71 4
53 676 10
53 606 5
53 998 7
54 743 7
54 309 5
54 278 1
54 424 4
55 950 7
55 84 4
55 79 3
55 523 4
56 200 3
56 172 1
56 861 1
57 334 2
57 142 10
58 823 3
58 658 5
58 452 1
58 59 2
58 751 4
59 850 2
59 957 5
59 71 10
59 547 4
60 830 5
60 224 3
60 845 10
61 454 6
61 408 3
61 117 9
61 884 5
62 849 8
62 957 5
62 796 2
63 235 7
63 931 3
63 633 2
63 155 1
63 127 3
63 70 4
63 694 1
63 774 8
63 417 8
64 692 6
64 311 7
64 493 8
64 264 9
64 203 6
64 691 2
64 760 2
64 92 4
64 89 8
64 75 10
65 294 5
65 469 10
65 186 10
65 762 4
65 410 1
66 525 1
67 308 8
67 121 2
68 692 2
68 260 8
68 828 4
68 111 1
68 92 5
68 520 10
68 920 9
69 168 7
69 855 6
69 77 7
70 407 2
72 244 2
73 718 2
73 210 4
73 825 4
73 97 7
74 601 2
74 217 3
74 443 4
74 151 3
74 893 10
74 103 10
75 785 8
76 508 4
77 855 9
77 201 3
77 168 6
78 388 1
78 246 2
78 811 6
79 544 9
80 968 2
80 822 5
80 219 7
80 642 2
80 167 10
80 936 9
80 669 9
81 289 9
81 177 9
81 158 7
81 93 2
83 225 10
83 175 1
83 107 1
84 333 5
84 421 4
84 940 4
84 419 5
84 560 6
85 434 10
85 101 2
85 86 6
86 695 6
87 977 2
88 257 8
88 134 9
88 100 8
89 386 8
89 384 9
89 899 8
89 637 6
89 264 7
89 955 10
89 179 3
89 531 10
89 435 10
89 91 2
90 477 1
90 276 9
90 598 4
91 384 10
91 237 5
91 209 4
91 129 4
92 435 3
92 538 7
92 214 1
92 193 2
92 908 7
94 172 1
95 768 7
95 881 9
95 989 6
95 538 8
96 366 1
96 291 3
96 285 7
96 228 3
96 543 3
96 517 3
97 363 9
98 837 2
98 846 4
99 900 2
99 704 1
99 973 9
100 627 9
100 585 10
101 223 6
101 941 2
101 206 8
101 934 3
101 163 3
104 596 1
104 919 8
105 387 1
105 877 5
106 345 9
107 534 9
107 232 10
107 216 7
107 175 3
109 234 8
109 174 8
109 556 1
110 388 8
110 373 4
110 766 10
110 742 5
110 157 5
110 131 8
112 244 9
114 300 5
114 933 7
115 427 2
115 215 2
117 259 6
118 262 5
119 467 6
119 451 8
119 631 4
119 641 7
119 429 9
121 202 9
122 382 4
122 141 3
123 838 1
123 130 10
124 381 8
124 182 4
124 166 10
124 883 9
124 776 7
125 397 4
125 411 1
125 657 4
125 439 7
125 133 3
125 462 3
125 475 9
126 566 10
126 714 8
126 183 7
126 807 6
127 319 2
127 706 3
127 305 2
127 497 9
127 643 8
127 144 5
127 885 9
128 394 7
128 927 9
128 689 6
128 854 2
129 295 7
129 198 5
129 531 10
129 670 1
129 625 4
131 689 6
131 811 2
131 148 3
131 854 1
132 349 9
132 831 9
133 882 10
133 439 1
134 302 5
134 281 7
134 570 10
135 299 1
135 785 5
136 555 8
136 149 7
137 821 9
138 485 4
138 336 1
139 369 6
139 301 3
139 668 4
139 983 10
139 748 7
139 152 6
140 628 7
142 353 7
142 418 6
142 851 5
142 621 5
143 289 10
144 194 8
150 365 5
150 795 3
150 229 4
151 217 3
151 839 4
152 369 1
152 480 7
152 301 10
152 668 6
153 634 2
155 400 9
155 235 2
155 774 2
155 414 8
156 456 10
156 924 2
156 283 1
156 928 8
156 221 4
157 373 4
157 742 3
157 184 10
159 352 2
159 681 5
160 545 3
160 372 1
160 770 7
161 604 4
163 286 5
165 333 3
165 581 2
167 341 1
167 968 7
167 219 6
168 855 6
169 989 6
169 908 3
169 956 1
169 827 6
169 538 8
170 792 9
170 279 10
170 918 3
171 731 6
171 272 6
171 250 5
172 887 4
172 200 9
173 791 10
173 228 9
174 789 7
175 432 6
175 225 5
176 873 5
178 377 9
178 735 9
178 925 9
179 209 2
179 198 3
179 987 4
180 972 3
180 226 8
181 205 10
182 381 10
182 524 6
182 883 10
183 815 2
183 318 6
184 338 9
184 263 4
184 453 4
185 347 8
185 323 6
185 315 9
185 212 10
185 907 8
186 379 9
186 227 4
186 916 10
190 307 5
192 885 3
192 194 5
194 331 9
194 305 3
196 400 7
196 931 3
197 488 6
197 297 3
197 701 1
197 954 9
198 713 5
198 670 3
198 612 7
199 683 5
199 407 3
200 481 9
200 856 8
200 218 5
202 630 5
202 967 8
203 214 7
204 959 8
205 981 10
206 223 4
206 934 3
206 729 3
207 219 6
208 700 1
209 386 5
210 718 8
210 715 4
211 361 3
211 406 4
211 788 8
212 607 10
215 304 9
216 370 5
216 479 10
216 324 4
216 292 9
217 601 3
218 321 7
219 654 2
220 590 7
221 253 9
222 284 5
222 604 8
223 901 7
224 845 5
224 242 3
226 342 1
226 461 5
226 878 1
226 282 10
227 916 6
227 614 5
229 889 1
230 396 7
230 298 1
230 690 4
230 680 4
231 756 5
232 534 3
232 324 10
235 505 8
236 720 8
237 483 1
237 425 3
240 575 3
241 782 2
245 873 1
246 339 2
246 811 3
246 266 6
248 336 8
248 300 5
250 801 8
250 852 3
252 527 5
253 767 3
254 267 3
254 576 3
254 965 3
254 537 4
256 315 10
257 739 2
258 528 1
260 520 10
260 794 10
260 703 6
262 444 3
262 589 3
263 389 3
264 817 2
264 311 9
264 503 5
265 412 3
269 741 8
270 326 1
270 502 3
271 440 1
272 405 8
272 915 8
273 651 9
275 974 9
282 449 2
282 461 7
286 401 2
288 459 9
288 351 1
288 594 3
288 454 2
288 571 9
288 408 9
292 324 5
293 916 1
293 614 8
295 425 1
295 932 1
296 910 3
298 396 1
298 522 2
298 680 4
299 574 3
300 549 3
301 450 4
301 639 5
302 570 10
303 869 7
303 417 10
307 724 5
307 783 7
311 818 6
311 985 9
311 422 7
311 503 10
311 871 7
313 814 1
315 347 8
315 677 2
316 859 6
317 535 1
319 331 10
321 481 4
322 398 6
322 685 10
322 709 10
323 907 9
326 337 8
327 720 8
332 374 8
332 489 4
335 635 8
335 551 9
337 392 9
337 842 10
338 368 6
338 496 7
339 395 5
339 697 4
340 899 5
340 956 3
340 955 5
342 747 7
342 972 7
346 460 9
347 779 8
349 831 8
351 459 7
351 511 4
351 571 9
351 408 9
352 681 3
353 514 3
354 399 10
356 393 4
356 358 7
356 838 3
359 616 2
361 865 6
361 978 5
363 718 2
363 715 7
364 513 1
367 640 5
369 450 7
371 399 2
373 742 2
373 766 9
373 984 10
374 754 5
374 489 2
375 622 3
379 583 2
379 745 1
380 490 8
380 864 9
381 812 7
381 883 4
384 528 8
388 786 4
389 824 10
391 798 2
394 693 8
394 689 8
395 697 4
397 462 2
398 709 7
404 635 6
406 507 7
408 459 6
409 925 3
410 959 1
412 500 6
413 754 6
417 898 6
417 942 9
419 940 7
424 492 10
425 501 7
425 483 3
429 467 9
429 640 8
430 563 5
433 870 8
433 475 5
433 667 10
438 615 6
439 463 2
440 627 2
440 721 3
442 686 7
443 645 4
444 476 9
445 808 1
447 641 2
447 688 8
452 547 7
453 917 1
454 656 4
454 486 2
454 515 2
454 484 4
456 611 10
457 998 1
459 710 8
459 473 1
461 878 3
461 810 5
465 910 3
467 582 10
467 631 8
468 645 10
468 839 7
469 671 10
470 951 9
472 715 10
474 661 2
475 667 6
476 909 4
476 589 5
481 752 9
483 501 9
483 999 2
486 656 6
490 554 9
492 743 9
493 769 8
497 706 10
498 606 6
500 565 10
501 561 1
502 647 6
503 817 9
506 532 9
506 708 2
509 724 3
510 673 4
511 571 10
512 524 6
512 862 8
514 723 10
514 922 8
518 594 1
520 539 3
522 732 6
524 569 8
524 550 9
524 862 7
524 660 1
533 897 10
533 593 5
540 809 1
542 558 9
547 823 6
547 850 7
548 977 2
549 719 7
550 569 8
552 673 10
553 662 5
556 789 3
557 802 6
557 755 3
558 786 8
567 872 9
568 922 7
575 678 2
579 775 10
580 719 6
580 674 10
582 631 4
584 773 3
589 758 9
591 652 1
597 892 2
598 725 7
600 792 1
605 726 7
610 930 6
625 902 9
631 740 8
632 729 1
644 960 2
657 666 4
663 963 7
663 765 8
668 777 3
670 987 4
674 876 10
675 911 10
680 868 6
683 885 1
685 709 4
689 854 5
691 881 6
692 828 2
695 969 2
698 816 4
701 748 7
704 974 10
704 900 4
705 830 3
707 820 6
719 876 10
722 758 10
723 996 6
724 783 2
727 958 4
728 788 10
733 761 8
737 808 4
738 869 9
743 929 4
743 763 9
745 979 8
746 976 2
755 802 5
758 970 2
778 829 1
800 874 9
813 907 5
814 863 8
828 920 7
843 897 7
846 852 3
847 879 7
863 988 2
865 948 2
879 951 1
900 973 10
921 936 10
924 928 4
948 978 7
