1000 1197
5 62 75 98 96 8 41 96 70 34 79 60 93 43 60 78 57 3 21 23 12 89 99 59 12 92 37 72 90 88 58 73 17 24 73 27 96 88 59 7 26 49 9 21 54 88 48 48 93 15 46 13 90 66 81 69 86 33 5 39 43 77 100 75 24 73 46 29 81 72 46 86 41 45 63 41 39 26 46 76 85 34 54 40 17 49 52 5 34 68 85 89 21 60 84 8 63 74 61 9 93 9 37 20 50 49 45 24 63 96 73 76 55 12 47 28 38 95 39 32 95 52 67 54 57 59 87 79 98 68 73 8 24 54 24 4 44 44 78 60 29 10 43 41 43 6 95 64 67 48 24 34 77 64 19 85 10 59 100 14 42 11 12 90 79 14 3 66 47 81 9 54 66 64 91 46 48 86 42 81 78 6 38 23 90 85 44 43 69 26 4 52 32 61 86 75 80 43 59 94 82 67 14 75 35 46 6 8 55 7 34 40 70 27 18 57 7 21 59 98 65 5 100 4 28 73 32 42 67 91 22 83 39 77 29 73 67 47 54 100 48 13 93 78 50 49 67 13 92 85 51 33 31 54 12 50 52 92 58 39 71 94 17 63 31 73 97 92 45 100 56 62 39 20 15 78 11 44 51 30 64 63 4 39 1 48 83 19 31 61 11 41 26 84 41 1 67 21 29 6 79 7 81 34 54 16 51 35 2 11 14 36 83 95 57 39 61 50 2 44 17 40 69 78 64 91 59 18 84 6 68 68 70 84 41 49 71 21 29 48 59 70 67 22 55 18 56 88 75 33 48 31 11 19 57 95 16 4 94 6 78 50 65 60 20 8 56 33 18 7 73 12 10 80 22 39 68 59 93 72 89 73 88 49 49 85 71 83 19 1 46 40 73 61 30 67 28 36 59 27 74 98 41 47 96 6 64 27 51 15 33 31 43 59 75 96 65 61 50 16 20 10 26 27 58 65 67 97 96 4 55 34 21 20 19 28 4 74 58 70 66 93 12 54 48 3 44 34 35 89 85 54 24 62 11 74 77 56 67 28 14 2 89 79 41 69 15 40 44 85 23 97 72 53 1 85 74 16 65 50 12 72 73 48 52 69 86 42 13 35 77 43 12 98 78 62 37 35 91 95 65 28 71 62 54 89 34 27 12 26 63 9 79 21 59 59 32 33 30 23 59 38 60 8 42 31 12 9 65 31 16 98 81 7 81 40 88 75 11 96 16 78 65 83 4 81 72 52 97 29 50 64 5 87 81 48 64 26 44 58 76 77 36 16 55 7 48 96 69 70 49 58 53 12 58 86 27 87 62 81 94 23 87 40 64 30 55 99 67 47 94 85 51 45 77 16 38 42 23 45 78 66 77 37 38 38 26 98 68 57 64 60 91 17 60 37 10 55 52 87 18 16 5 2 75 27 12 85 40 94 7 25 11 41 72 77 36 34 59 96 54 47 54 36 31 70 38 100 3 26 87 97 69 41 66 35 7 21 41 22 84 53 79 87 96 16 59 78 27 19 91 80 43 43 85 28 66 10 31 4 36 83 98 81 53 59 48 93 89 3 86 68 34 98 83 100 4 80 41 39 32 29 35 73 44 52 39 46 83 77 34 47 94 5 62 9 45 97 27 4 86 17 1 45 60 13 77 18 64 7 91 23 45 2 52 23 20 28 29 3 2 72 60 20 99 9 29 55 38 50 29 56 85 4 87 28 33 44 27 8 81 11 4 46 5 4 13 69 37 53 28 50 36 51 14 86 89 89 19 20 27 32 74 68 75 41 98 45 65 28 42 97 8 79 52 83 75 12 27 43 90 85 9 34 54 26 49 81 42 100 100 86 16 43 23 50 85 38 65 44 33 99 84 8 53 74 41 31 82 92 67 88 26 28 50 46 62 90 56 53 90 98 56 63 5 36 1 45 26 5 31 86 67 12 77 1 38 78 60 56 28 24 92 57 76 91 17 58 72 68 83 50 7 74 95 25 26 29 58 91 70 9 40 84 41 25 85 28 54 52 44 22 85 26 87 18 75 79 2 41 68 51 3 84 20 32 82 71 57 30 8 90 24 31 89 92 85 17 5 44 11 53 49 65 42 73 19 70 88 3 89 91 9 66 43 100 16 72 26 15 68 38 10 67 16 95 59 22 57 98 93 3 8 1 51 31 82 93 13 91 50 11 91 87 3 46 91 36 76 71 43 1 96 3 33 58 97 46 82 63 43 96 8 78 83 14 44 19 71 75 64 42 52 44 15 45 50 27 15 71
1 457 7
1 266 4
1 240 10
1 217 2
1 941 8
1 17 10
1 529 2
1 2 4
2 902 5
2 423 7
2 767 5
2 539 4
2 289 3
2 286 9
2 403 8
2 658 7
2 914 2
2 250 3
2 234 8
2 545 2
2 805 6
2 125 10
2 118 10
2 114 6
2 108 4
2 100 3
2 90 4
2 89 8
2 588 8
2 62 7
2 591 3
2 44 3
2 966 5
2 651 5
2 22 7
2 16 1
2 15 4
2 13 7
2 11 8
2 8 8
2 4 3
3 398 2
3 506 10
3 391 6
3 638 10
3 518 6
3 411 1
3 479 8
3 672 3
3 729 3
3 302 6
3 301 3
3 548 9
3 282 5
3 519 7
3 840 2
3 272 5
3 527 1
3 843 10
3 254 10
3 239 9
3 223 7
3 222 8
3 217 6
3 181 2
3 749 10
3 168 9
3 150 9
3 144 4
3 825 2
3 118 4
3 97 4
3 81 8
3 80 2
3 934 7
3 68 7
3 55 10
3 47 4
3 25 10
3 16 6
3 7 8
4 752 8
4 368 3
4 365 9
4 842 2
4 462 6
4 311 5
4 309 10
4 307 4
4 298 6
4 275 4
4 271 3
4 247 6
4 216 5
4 209 2
4 168 7
4 485 6
4 729 7
4 106 4
4 99 10
4 517 9
4 29 5
4 592 7
4 821 9
4 17 4
4 11 5
5 380 6
5 912 8
5 364 6
5 345 7
5 916 4
5 333 10
5 710 10
5 292 7
5 287 10
5 263 6
5 235 8
5 501 3
5 778 1
5 201 9
5 196 6
5 177 7
5 175 3
5 165 5
5 130 5
5 106 8
5 98 9
5 83 4
5 925 6
5 72 4
5 71 3
5 70 3
5 49 5
5 47 9
5 25 7
5 560 6
5 14 2
5 9 4
6 787 1
6 773 2
6 794 8
6 290 4
6 623 4
6 231 4
6 729 5
6 804 3
6 103 5
6 83 8
6 51 8
6 33 7
7 396 6
7 376 5
7 350 7
7 693 4
7 277 5
7 276 8
7 257 10
7 249 2
7 234 10
7 541 3
7 190 7
7 478 8
7 164 9
7 145 1
7 129 10
7 782 4
7 432 10
7 731 2
7 52 9
7 48 4
7 45 1
7 25 7
7 23 5
8 304 5
8 627 5
8 281 6
8 249 2
8 204 4
8 144 5
8 97 2
8 13 2
8 10 2
8 761 5
9 433 6
9 380 1
9 471 3
9 602 2
9 732 3
9 532 8
9 124 1
9 95 9
9 671 9
9 435 7
9 82 5
9 61 6
9 682 2
9 14 9
10 386 5
10 898 3
10 160 9
10 52 4
10 26 8
11 384 1
11 353 4
11 644 7
11 522 8
11 226 10
11 534 1
11 158 2
11 149 9
11 100 2
11 556 3
11 768 2
12 584 5
12 735 8
12 281 4
12 255 6
12 125 5
12 21 5
13 988 3
13 859 4
13 718 4
13 46 5
13 726 8
13 34 3
14 374 8
14 343 5
14 332 10
14 958 10
14 314 2
14 285 6
14 228 2
14 183 7
14 180 1
14 989 3
14 954 10
14 57 1
14 642 1
14 18 7
14 676 5
15 488 7
15 366 2
15 402 2
15 746 8
15 273 9
15 267 7
15 956 6
15 437 2
15 225 10
15 648 2
15 703 1
15 612 6
15 143 4
15 420 2
15 131 9
15 784 1
15 112 8
15 109 3
15 102 8
15 87 1
15 85 2
15 598 3
15 55 8
15 46 7
15 34 5
15 31 9
16 387 2
16 312 9
16 248 1
16 128 3
16 122 2
16 871 4
16 105 4
16 42 3
16 31 4
17 395 6
17 694 2
17 223 7
17 40 2
18 378 6
18 561 8
18 337 7
18 323 8
18 923 8
18 285 5
18 721 5
18 50 6
19 272 9
19 625 5
20 809 5
20 465 9
20 372 1
20 450 4
20 351 1
20 708 5
20 993 5
20 427 6
20 227 10
20 863 8
20 211 9
20 955 1
20 176 9
20 428 5
20 160 8
20 156 1
20 635 9
20 759 1
20 94 1
20 93 8
20 80 2
20 764 7
20 536 9
20 65 7
20 58 9
20 45 10
20 26 9
21 352 6
21 948 7
21 774 9
21 281 3
22 650 5
22 259 1
22 464 9
22 419 1
22 444 5
23 405 8
23 296 6
23 258 3
23 195 2
23 176 5
23 164 7
23 150 6
23 116 10
23 77 9
23 68 4
23 35 10
23 32 2
23 30 3
23 645 9
24 310 4
24 530 5
24 776 5
24 188 8
24 159 5
24 123 2
24 111 7
24 109 7
24 89 1
24 39 10
24 34 3
25 239 7
25 132 4
26 350 8
26 514 8
26 306 10
26 949 7
26 803 6
26 199 4
26 189 1
27 377 9
27 411 4
27 968 4
28 362 10
28 979 10
28 203 9
28 154 10
28 426 10
28 72 1
28 38 2
29 221 3
29 485 5
29 62 2
29 54 10
30 854 1
30 296 9
30 258 1
30 129 3
30 121 9
30 94 8
30 844 5
31 491 2
31 122 2
31 92 6
32 381 1
32 351 10
32 320 3
32 237 5
32 211 2
32 116 1
32 75 6
32 73 5
32 58 3
33 626 6
33 347 3
33 843 4
33 238 5
33 564 9
33 137 6
33 889 6
33 781 5
33 36 3
34 746 6
34 896 6
34 253 3
34 139 8
34 540 3
34 86 5
34 412 4
34 798 6
34 39 5
35 329 10
35 237 7
35 585 7
35 136 9
35 134 4
36 222 8
37 461 8
37 162 5
37 740 1
37 135 1
37 76 5
37 66 1
37 39 8
37 605 8
39 262 3
39 214 10
39 135 6
39 78 6
39 583 4
39 60 5
39 581 8
39 505 5
40 383 3
40 753 6
40 457 6
40 553 8
40 548 6
40 59 3
41 359 4
41 409 10
41 196 9
42 871 7
42 488 4
42 291 6
42 264 2
42 230 2
42 56 5
43 572 9
43 477 5
43 321 5
43 192 5
43 554 10
44 702 10
44 310 1
44 172 3
44 767 5
44 109 2
45 613 5
45 256 8
45 182 10
45 575 4
45 156 2
45 129 2
45 127 9
46 936 3
46 366 7
46 758 7
46 157 4
46 55 3
46 716 4
47 70 9
47 559 6
48 362 9
48 154 10
49 750 1
49 379 10
49 374 7
49 337 6
49 679 3
49 719 9
49 293 5
49 715 2
49 285 6
49 207 9
50 397 8
50 348 4
50 343 1
50 608 6
50 888 1
51 325 2
51 202 1
51 710 4
51 130 7
51 886 1
51 502 6
51 881 1
51 61 5
51 593 7
52 853 1
53 347 5
53 422 6
53 238 6
53 126 2
53 104 1
53 456 9
53 663 10
54 368 2
54 307 5
54 894 10
54 617 9
54 99 9
55 252 10
55 480 8
56 360 10
56 665 1
57 180 7
57 95 1
58 336 4
58 959 5
58 138 7
61 334 3
61 710 8
61 593 4
61 119 8
63 697 5
63 531 8
63 64 8
64 817 3
64 450 5
65 212 4
65 450 7
65 757 6
65 829 10
66 909 3
66 915 5
66 232 1
67 608 6
67 208 7
67 198 8
67 975 8
69 665 10
69 780 7
69 299 5
69 248 7
69 931 5
69 712 10
69 952 9
70 364 4
71 333 8
72 855 7
72 777 4
73 211 8
74 490 9
74 478 10
76 412 9
76 174 6
76 703 4
76 747 5
77 296 5
77 173 3
78 707 9
78 530 8
79 233 5
79 558 6
80 755 6
81 587 5
81 223 8
81 840 2
81 517 5
81 88 8
82 334 9
83 978 10
83 275 6
83 231 10
83 576 8
83 106 6
83 997 9
85 565 2
85 830 7
85 624 1
85 412 1
85 131 6
86 907 7
86 896 7
86 112 2
86 110 3
87 727 9
87 260 5
87 252 2
87 475 3
87 152 1
87 142 7
87 758 6
88 205 4
88 517 7
89 172 2
89 590 9
89 652 6
89 786 10
91 515 6
93 514 8
93 169 3
93 145 2
94 628 5
94 854 4
94 613 5
94 121 2
94 713 1
95 314 3
96 811 5
96 433 3
96 124 10
97 391 5
97 429 6
97 476 3
97 218 5
97 215 4
97 194 2
97 144 7
97 482 9
98 263 5
98 508 10
99 521 4
99 113 7
99 566 9
100 603 8
100 289 4
100 833 2
100 591 4
100 179 8
100 178 7
100 789 7
101 128 8
102 279 3
102 740 2
103 701 5
104 422 1
105 441 8
105 579 9
105 143 3
107 339 5
108 651 4
110 244 10
110 170 6
110 139 9
111 232 9
112 244 7
112 827 7
113 882 8
113 680 10
113 751 5
113 477 3
113 842 7
113 870 9
114 772 10
114 484 1
114 534 3
115 307 3
115 521 8
115 568 8
115 788 1
117 191 9
117 644 7
117 149 9
117 534 2
119 682 6
119 633 9
122 458 9
123 776 10
123 652 5
123 771 5
123 924 4
124 433 1
124 486 7
125 259 8
127 389 2
127 599 2
127 256 10
127 473 4
127 187 3
128 871 5
129 190 8
131 624 6
131 225 7
131 146 3
133 235 4
133 800 5
133 695 3
133 183 4
133 165 8
133 155 2
134 354 5
134 543 7
134 448 9
134 656 1
134 193 1
134 136 10
134 487 9
135 460 2
135 461 4
135 268 7
135 639 3
136 358 4
136 512 7
136 770 4
136 193 7
138 959 7
139 523 8
139 798 6
139 956 2
139 784 3
140 936 6
140 303 10
140 260 5
141 726 6
142 674 3
142 341 2
142 273 3
143 402 8
144 551 9
144 482 8
144 429 5
146 225 7
146 470 10
146 174 3
146 699 5
146 466 5
146 546 7
147 266 5
149 400 3
149 805 10
149 520 10
149 197 4
149 186 4
149 167 7
150 685 8
150 382 9
150 615 1
150 195 1
152 344 9
152 157 6
152 967 3
154 793 2
154 362 2
154 503 7
154 720 3
156 611 3
156 619 9
156 510 1
156 613 1
158 393 8
158 370 5
159 632 1
159 533 4
159 483 3
159 988 3
159 677 7
160 434 1
160 641 5
160 494 6
167 963 8
167 197 4
167 467 5
167 810 5
167 403 9
168 621 1
168 643 10
168 655 1
168 270 10
170 437 9
172 322 4
172 893 2
172 910 3
172 767 9
173 276 8
173 245 1
174 546 8
174 425 5
174 466 5
175 559 3
176 431 2
176 660 4
177 501 10
177 283 9
177 775 6
177 932 7
177 670 10
178 789 10
178 179 8
179 226 7
180 443 7
180 850 4
181 447 5
181 692 6
181 577 8
182 219 1
183 950 1
184 305 8
187 596 10
187 256 8
187 428 8
188 243 1
188 901 6
189 199 9
190 731 2
191 206 10
192 631 6
192 569 7
192 327 8
192 317 2
192 216 1
192 828 3
193 358 7
193 634 9
195 326 10
195 851 4
197 467 5
198 348 6
198 975 2
201 502 4
203 855 3
203 942 3
204 848 3
204 891 8
204 971 10
207 324 7
207 670 8
207 283 7
207 922 6
208 561 6
208 696 5
209 539 9
210 625 10
210 874 1
210 934 7
211 748 9
211 636 2
213 387 3
215 551 10
216 317 5
216 309 8
217 548 2
218 410 9
218 580 5
218 738 8
218 476 6
219 783 6
221 877 7
221 224 10
223 455 8
224 877 3
225 470 5
226 603 2
227 683 3
229 297 5
231 978 8
231 430 6
232 909 3
234 376 7
234 914 4
236 528 3
242 929 6
245 373 8
245 277 2
246 360 8
246 665 7
248 689 2
249 782 2
249 550 10
249 792 2
249 947 9
249 802 9
249 535 5
250 847 1
253 610 7
254 990 5
254 270 7
254 840 8
254 655 4
255 735 2
256 596 2
256 497 8
256 473 10
257 398 4
257 447 6
258 645 8
258 763 1
258 431 1
260 799 6
261 468 9
261 632 1
262 268 5
262 899 2
262 595 1
263 392 3
264 488 3
265 299 4
265 267 6
265 709 3
265 449 1
265 414 6
269 282 4
272 625 6
273 727 7
275 864 6
275 311 1
275 743 8
276 841 3
277 399 1
277 284 8
277 698 9
278 669 10
278 781 4
278 486 9
278 728 7
278 889 6
278 835 2
281 774 10
283 670 3
284 373 6
284 705 9
285 715 4
287 556 1
287 370 6
288 653 1
288 470 3
289 591 10
293 323 2
294 355 1
294 586 3
294 299 8
294 780 10
295 415 3
296 844 8
298 814 2
298 331 2
299 563 6
299 449 8
301 638 8
302 580 3
302 876 1
302 749 4
302 738 3
303 366 10
306 949 2
306 641 8
306 434 3
307 368 8
308 365 4
311 408 1
311 821 3
312 544 6
313 792 5
313 797 7
313 802 7
313 535 6
313 700 4
314 330 9
314 622 9
314 435 9
317 327 1
319 808 1
319 785 7
319 921 2
319 518 6
321 346 8
321 327 7
321 618 7
322 356 8
323 378 2
324 922 1
327 346 5
327 981 8
327 416 1
328 524 9
328 756 9
328 541 2
328 418 7
330 435 5
330 671 9
331 882 9
331 842 8
332 892 9
332 888 6
335 539 9
336 959 6
339 940 5
342 465 8
346 631 1
347 762 5
348 975 3
353 658 8
353 768 5
354 543 1
354 511 8
354 487 6
355 441 8
358 869 6
358 512 9
359 570 4
359 409 4
361 379 5
362 453 4
362 426 8
362 601 1
363 392 4
363 795 9
363 508 1
367 636 3
373 507 10
373 705 9
374 719 6
375 603 4
378 923 6
378 873 8
382 446 9
384 528 4
385 615 8
388 459 6
389 903 4
392 508 5
396 722 6
399 698 10
401 628 9
401 451 5
401 427 7
406 751 3
407 673 5
407 467 9
408 742 10
410 525 6
410 749 3
413 564 3
413 835 6
416 933 6
416 618 9
420 681 4
420 649 2
426 453 2
427 928 3
429 849 8
429 500 10
429 436 5
431 763 3
432 627 3
435 622 5
439 940 6
440 504 10
443 823 3
444 711 10
447 974 10
447 890 10
447 733 3
449 931 7
449 960 10
450 829 8
451 646 6
452 925 5
453 601 3
456 980 8
456 762 5
457 753 7
458 491 10
461 505 5
462 621 8
463 594 3
463 974 8
465 511 2
468 647 3
471 875 7
471 622 1
471 837 6
473 497 7
473 575 7
473 481 5
474 605 9
475 856 4
477 828 3
478 490 3
479 519 5
480 796 10
481 904 8
482 849 6
490 526 4
493 610 10
496 811 3
498 690 10
498 580 9
502 640 3
507 604 7
510 619 7
511 760 1
512 869 4
520 768 10
523 779 9
523 798 7
524 692 10
531 585 10
532 602 10
534 772 8
535 700 9
535 852 2
536 955 4
537 736 4
537 562 2
541 693 2
546 699 4
549 997 4
553 753 10
554 880 5
557 775 6
559 957 4
559 885 9
560 930 7
562 584 7
564 734 2
564 820 4
564 667 8
564 669 2
564 991 10
565 830 7
565 624 1
565 637 6
571 761 4
574 774 7
578 969 5
586 712 5
593 886 10
594 890 7
610 883 9
611 664 5
612 717 8
615 685 6
621 643 4
622 837 3
627 684 1
628 713 7
628 646 7
632 677 10
633 682 2
639 999 2
648 956 3
654 790 4
661 859 7
661 718 5
664 863 8
667 734 7
669 781 8
673 953 1
673 810 5
675 804 10
680 814 8
680 905 1
691 740 7
700 792 9
708 770 4
719 989 9
720 832 10
728 835 4
729 773 6
729 766 3
730 997 7
744 826 5
745 930 6
754 902 5
765 818 7
767 769 7
769 893 4
776 924 4
777 925 3
785 970 10
785 819 5
792 947 1
792 987 2
792 802 10
802 987 9
808 921 10
808 995 1
811 937 10
823 958 4
832 979 2
839 843 5
841 906 9
842 882 7
843 900 8
850 868 8
852 911 10
874 934 5
888 892 1
896 961 8
907 961 8
909 915 6
912 957 4
929 972 5
931 960 1
950 954 8
951 976 6
