1000 1197
5 58 58 48 22 44 25 12 75 44 85 49 32 5 21 55 73 91 92 46 96 69 67 61 85 3 16 45 76 64 11 27 27 8 82 43 81 40 22 23 28 43 88 64 87 66 13 89 7 10 39 30 8 98 81 92 95 81 95 21 70 54 7 45 73 48 43 30 97 58 5 61 72 96 78 95 54 23 85 57 90 13 15 43 49 96 64 57 81 55 23 53 83 85 40 30 75 95 52 64 81 57 42 2 93 47 10 14 78 67 90 88 29 26 12 19 30 100 100 60 90 51 9 82 61 56 83 11 91 1 79 33 19 93 70 27 35 43 81 87 45 32 95 14 94 86 78 52 15 7 20 47 2 24 66 3 21 91 12 12 52 40 55 34 83 77 15 84 83 32 79 95 49 94 2 45 69 45 54 12 5 55 5 14 23 78 23 56 93 43 62 92 90 28 60 27 87 62 37 28 65 91 76 11 67 53 39 92 44 18 25 18 78 32 53 61 9 76 90 6 43 73 95 25 85 65 98 46 51 43 22 8 10 17 18 17 62 6 25 85 39 2 87 64 37 56 63 62 94 44 92 74 56 73 78 61 83 88 97 51 61 68 84 24 72 80 63 68 56 19 58 69 26 48 53 24 3 32 47 62 7 64 21 74 17 6 17 24 23 24 73 12 43 62 8 64 91 21 20 60 74 41 47 75 77 39 30 47 56 20 84 91 90 37 52 69 24 8 53 13 60 72 11 32 52 94 19 73 71 78 83 7 59 18 34 94 87 8 24 43 46 100 52 54 65 36 36 95 28 8 11 90 16 19 14 78 30 96 88 7 39 56 67 41 65 66 100 4 11 6 18 77 1 99 98 55 35 64 72 59 17 55 6 85 5 25 84 39 40 24 62 55 64 38 21 95 40 1 2 55 31 87 54 70 52 51 53 77 44 98 96 39 27 20 71 64 9 23 42 21 49 14 67 100 42 99 14 60 91 23 63 24 58 58 61 49 2 44 2 89 3 54 26 52 82 17 45 91 85 94 62 46 79 96 86 41 97 44 95 27 41 100 75 43 68 5 66 37 86 49 45 24 40 43 93 61 67 70 65 62 60 34 31 32 91 68 23 88 36 18 59 23 69 85 8 94 68 87 62 89 61 95 74 67 11 63 90 25 80 62 85 74 68 86 52 56 16 14 70 89 84 9 38 36 50 61 35 21 65 54 82 9 93 18 25 36 95 87 33 22 36 58 94 37 38 24 24 76 58 35 73 90 4 50 25 53 84 15 50 8 28 24 22 77 9 49 16 56 20 75 27 17 40 96 32 30 85 87 90 15 43 48 68 26 23 70 26 91 35 77 59 84 8 49 93 70 75 68 54 9 62 54 11 52 58 83 14 56 71 100 13 30 90 81 85 39 32 2 41 81 74 81 73 80 24 44 78 35 41 58 57 31 92 12 29 34 52 79 11 95 76 64 78 73 84 86 56 9 66 63 44 96 100 92 10 18 76 9 8 3 69 64 6 47 51 98 64 2 77 50 74 31 16 41 96 17 86 58 41 43 24 81 20 85 79 56 42 63 48 57 46 10 43 86 11 11 81 54 77 43 3 90 52 45 64 72 63 21 22 9 37 89 53 22 94 76 65 52 75 32 65 27 45 100 87 20 83 5 22 61 9 43 18 34 66 60 99 19 47 78 97 17 67 69 83 22 7 71 34 87 34 72 42 1 87 43 81 57 73 78 39 81 26 59 51 82 16 31 4 6 43 2 53 63 90 4 24 75 17 54 7 16 22 28 35 98 27 56 54 78 38 89 22 72 72 33 61 85 68 58 46 42 46 54 15 3 41 7 52 33 100 2 64 12 99 15 97 8 41 84 19 4 74 16 43 78 18 91 59 50 81 31 17 3 100 38 28 73 95 36 53 99 4 69 70 69 73 35 8 97 13 74 23 26 4 73 22 72 71 6 46 96 86 89 72 31 20 100 20 29 47 7 73 80 95 47 33 43 7 26 50 29 85 52 83 48 89 58 75 42 78 25 33 77 22 76 70 7 19 38 3 9 66 42 66 83 6 60 84 65 81 79 100 88 86 23 96 73 44 54 26 45 21 18 10 16 7 84 63 90 4 59 3 89 35 36 23 71 63 43 20 12 66 9 31 94 17 74 40 77 74 70 81 61 90 60 5 66 66 58 36 61 3 61 39 83 42 78 39 43 45 4 53 43 10 46 65 75 29 72 77 90 41 16 33 2 18 3 53 93 68 71 23 42 15 82 98 46 74 31
1 334 3
1 592 4
1 640 7
1 242 2
1 661 7
1 110 1
1 50 5
1 6 1
2 593 10
2 914 10
2 232 3
2 212 4
2 208 8
2 660 2
2 184 5
2 620 1
2 503 4
2 78 1
2 68 5
2 67 5
2 55 3
2 9 6
2 5 9
3 394 6
3 320 1
3 268 6
3 480 2
3 409 1
3 247 5
3 686 6
3 174 2
3 994 8
3 157 1
3 140 4
3 552 2
3 93 10
3 674 8
3 50 10
3 46 10
3 29 5
3 8 4
3 6 8
4 361 8
4 350 10
4 343 6
4 341 6
4 529 7
4 300 7
4 296 5
4 534 7
4 990 9
4 503 7
4 718 5
4 241 9
4 240 8
4 429 7
4 233 9
4 229 8
4 194 4
4 182 2
4 166 6
4 156 3
4 933 8
4 451 1
4 149 3
4 144 3
4 954 3
4 134 9
4 133 7
4 470 6
4 931 6
4 128 8
4 653 4
4 903 1
4 791 3
4 453 9
4 723 3
4 96 3
4 457 3
4 70 7
4 61 4
4 495 8
4 49 7
4 45 6
4 43 6
4 36 3
4 35 4
4 583 8
4 29 8
4 27 1
4 26 2
4 23 8
4 21 4
4 16 8
4 11 6
4 7 5
4 6 6
5 477 3
5 219 3
5 989 5
5 111 2
5 72 5
5 42 4
5 421 5
5 16 1
6 901 3
6 552 3
6 380 8
6 908 1
6 580 10
6 671 10
6 633 4
6 223 9
6 513 10
6 204 10
6 96 9
6 66 8
6 50 9
6 472 4
6 21 3
7 395 6
7 362 1
7 348 9
7 331 6
7 324 4
7 530 1
7 613 6
7 538 1
7 899 1
7 249 1
7 229 1
7 213 7
7 211 6
7 962 7
7 832 6
7 190 4
7 176 10
7 165 3
7 147 1
7 96 8
7 84 4
7 79 8
7 565 8
7 41 9
7 36 6
7 30 1
7 22 1
7 15 2
7 11 1
8 373 4
8 496 1
8 863 4
8 347 1
8 722 3
8 497 7
8 316 5
8 249 8
8 194 5
8 113 10
8 41 9
8 29 9
9 391 5
9 219 6
9 179 7
9 987 1
9 127 2
9 111 9
9 421 8
9 87 10
9 67 5
9 16 5
10 348 4
10 294 9
10 286 10
10 275 5
10 610 8
10 689 2
10 30 5
10 25 2
10 14 2
11 332 1
11 701 8
11 227 3
11 711 3
11 209 7
11 186 8
11 844 8
11 170 9
11 836 10
11 63 7
11 40 6
11 28 2
11 15 9
11 14 4
12 884 5
12 393 5
12 645 9
12 544 3
12 315 9
12 307 7
12 291 10
12 525 3
12 267 3
12 251 3
12 215 1
12 207 7
12 197 9
12 942 9
12 180 3
12 162 2
12 746 10
12 112 6
12 105 8
12 101 8
12 835 9
12 40 9
12 28 3
12 13 8
13 917 2
13 426 10
13 171 1
13 750 8
13 115 9
13 97 5
13 85 2
13 76 4
13 65 8
13 57 2
13 33 6
14 404 4
14 259 3
14 169 5
14 109 7
14 73 3
14 448 8
15 262 10
15 668 6
15 211 2
15 176 6
15 584 9
16 827 8
16 265 8
16 195 2
16 941 10
16 102 2
17 329 10
17 121 10
17 60 4
17 37 4
18 613 10
18 342 5
18 336 8
18 317 5
18 252 10
18 518 6
18 135 6
18 936 9
18 107 10
18 948 3
18 48 10
18 26 3
18 24 10
18 20 8
19 658 7
19 308 1
19 685 9
19 111 6
19 475 9
19 78 6
19 53 5
20 608 1
20 810 4
20 172 1
20 439 4
20 937 2
20 48 4
20 669 8
21 617 8
21 200 8
21 501 10
21 173 5
21 161 3
21 144 5
22 348 9
22 542 3
23 100 2
24 358 3
24 228 2
24 217 1
24 545 7
24 492 6
24 114 7
25 293 5
25 584 3
25 262 9
25 930 2
25 611 9
26 669 8
26 630 7
26 985 6
26 420 1
26 280 10
26 726 8
26 210 1
26 429 8
26 48 6
27 637 8
27 142 6
27 469 2
27 745 10
27 72 3
27 785 4
27 42 1
28 370 2
28 835 5
28 187 8
28 162 8
28 71 2
28 607 1
28 31 7
29 316 10
29 296 5
29 178 4
29 45 5
29 808 10
30 331 1
31 436 7
31 825 2
31 305 1
31 234 1
32 554 7
32 417 3
32 607 1
32 186 4
32 146 1
32 118 1
32 408 9
32 77 1
32 71 1
32 65 9
32 62 10
33 784 8
33 424 3
33 512 3
33 900 10
33 91 2
33 76 2
33 57 9
33 858 4
34 331 2
34 788 6
35 241 6
35 840 1
35 177 2
35 458 6
35 61 4
35 955 8
36 371 3
36 351 8
36 801 5
36 968 3
36 575 3
36 839 9
36 538 3
36 165 3
36 148 4
36 145 10
36 551 9
36 104 6
36 446 5
36 64 6
36 922 5
37 847 10
37 466 8
37 906 5
37 121 2
37 61 8
37 802 6
38 372 9
38 300 6
38 240 1
38 192 4
38 489 4
38 44 4
38 42 2
39 451 10
39 769 10
39 562 3
39 738 8
40 267 10
40 460 10
41 688 5
41 168 3
41 474 3
41 430 5
41 89 1
42 258 5
42 246 4
42 44 3
42 657 5
43 618 8
43 434 3
43 271 4
43 405 2
43 735 7
43 516 4
43 120 4
43 88 5
43 446 8
43 559 6
43 454 2
44 192 7
44 81 5
46 634 2
46 380 2
46 574 3
46 245 7
46 704 7
46 472 3
48 810 10
48 273 2
48 257 8
49 334 9
49 670 6
49 250 5
49 578 8
49 110 4
49 666 1
50 392 4
50 558 3
50 479 3
50 794 5
50 945 5
50 807 1
51 217 3
52 254 10
52 222 9
52 220 7
52 747 4
53 789 5
53 290 8
54 529 8
54 859 8
55 401 7
55 775 10
55 533 8
55 314 6
55 282 6
55 828 8
55 212 7
55 619 9
55 450 3
55 166 4
55 654 1
55 69 2
55 68 6
55 67 2
56 849 1
56 244 6
57 58 9
58 386 6
58 203 6
58 916 6
58 547 8
59 365 1
59 409 3
59 310 6
59 302 2
59 253 9
59 925 1
59 143 10
59 651 8
59 123 6
59 480 9
59 485 1
61 466 3
61 236 9
61 177 3
61 117 2
61 447 1
62 951 2
62 186 4
62 638 5
63 375 9
63 984 9
63 556 7
63 198 8
63 605 1
63 146 6
63 843 10
63 94 2
64 464 4
64 324 2
64 656 10
64 589 7
64 559 3
64 516 10
64 88 6
65 402 4
65 216 8
65 417 10
65 573 9
65 817 6
66 876 10
66 253 4
66 681 5
66 651 8
66 940 3
67 528 2
67 829 6
68 523 1
68 914 7
68 453 6
68 232 2
68 490 4
68 184 8
69 829 1
69 524 4
69 632 9
69 593 6
69 676 9
70 405 1
70 425 4
70 922 3
71 230 9
71 951 6
71 86 9
72 880 7
72 274 2
72 163 5
73 966 4
73 599 2
73 106 8
74 935 7
74 99 4
76 330 6
76 625 4
76 138 3
76 750 4
76 784 9
77 607 6
77 289 3
77 442 8
77 812 4
78 463 3
79 395 4
79 659 9
79 486 7
79 84 3
80 273 10
80 257 4
80 252 1
80 498 6
81 258 10
81 192 2
82 693 1
82 475 10
82 760 10
83 532 1
84 826 10
84 521 4
84 112 4
85 216 9
85 214 3
86 276 7
87 743 7
87 311 5
87 282 9
87 261 7
87 139 1
88 378 1
89 600 1
89 622 2
90 562 6
92 397 8
92 364 8
92 355 1
92 432 3
93 247 7
93 199 8
93 188 10
93 889 7
93 697 8
94 843 5
94 964 10
94 118 5
95 373 3
95 497 8
95 800 10
95 542 5
96 350 1
96 189 8
97 386 4
97 759 2
97 203 6
97 774 1
98 364 1
98 630 2
99 920 9
100 167 10
100 132 1
100 441 10
101 616 7
101 521 10
101 367 2
101 180 7
101 129 7
102 272 6
102 562 5
103 853 2
103 502 10
104 378 2
105 581 7
105 267 6
105 227 1
105 152 4
106 399 1
106 169 7
106 167 5
106 109 7
106 811 3
107 435 2
107 355 5
107 317 7
107 459 6
107 432 10
107 956 5
108 452 10
108 566 9
108 325 8
108 271 5
109 821 1
109 169 4
109 167 9
109 943 10
110 389 9
110 481 2
110 881 6
110 473 8
111 913 1
111 312 4
112 297 3
112 865 9
112 129 9
113 359 3
113 298 2
113 444 3
113 233 1
113 226 4
113 221 2
113 182 5
113 159 3
113 484 8
114 299 1
114 228 2
116 786 9
116 509 8
116 708 7
117 153 7
118 461 10
118 198 6
120 325 6
120 725 9
120 287 10
120 284 2
120 155 8
120 636 5
121 797 4
121 422 5
121 561 7
122 429 8
122 210 9
122 126 4
123 225 8
123 204 5
123 143 4
123 944 1
126 985 4
126 669 7
127 684 9
127 590 1
127 662 9
128 746 8
128 937 3
129 521 10
129 865 10
130 149 8
130 553 6
131 972 9
131 238 3
133 729 8
133 536 4
133 158 10
134 341 3
134 151 5
135 459 1
136 502 2
136 154 8
137 311 1
137 202 8
137 139 2
137 522 10
139 507 1
139 202 8
141 328 8
141 865 7
144 520 1
145 336 5
145 752 7
148 679 6
148 551 4
149 361 9
150 487 1
150 647 8
150 615 2
150 218 8
150 182 6
151 517 7
152 606 3
152 621 6
153 353 6
153 728 7
153 924 4
156 813 1
156 603 3
157 279 3
157 479 2
159 809 2
160 388 5
160 999 6
160 183 1
160 910 8
160 646 2
161 736 5
162 370 5
162 339 1
162 560 5
163 623 3
163 996 9
163 880 9
164 468 1
165 360 3
165 351 8
165 575 7
166 495 3
167 399 7
168 430 9
169 649 3
169 448 3
170 387 6
170 804 8
170 411 3
170 465 4
171 482 8
172 301 4
172 280 4
172 692 1
172 820 1
174 245 3
175 671 1
176 584 3
176 650 6
177 978 5
177 798 2
179 376 10
179 369 4
179 500 9
180 318 3
181 833 9
181 739 1
181 775 8
182 992 9
183 377 4
183 709 2
183 285 4
183 277 10
183 675 10
183 837 3
183 655 4
184 619 7
186 337 8
186 687 8
186 264 5
186 209 8
186 546 4
186 638 8
187 370 7
188 919 2
189 931 6
190 309 4
191 684 5
191 311 10
193 323 10
193 776 10
193 537 9
194 368 6
196 332 2
197 251 10
197 782 1
198 295 7
198 278 6
198 815 10
199 640 8
199 242 7
200 529 4
200 990 3
201 369 6
201 603 6
202 921 3
204 485 2
204 633 10
205 848 9
207 393 10
207 288 2
207 982 5
207 224 6
207 215 4
208 796 8
208 620 9
209 337 4
210 965 10
211 668 7
211 912 7
213 412 5
214 216 1
215 714 5
215 367 2
215 874 9
215 898 3
218 368 9
218 722 9
219 391 5
220 515 1
220 266 5
220 796 4
220 934 8
221 407 9
221 484 7
222 705 10
222 476 4
223 513 10
224 508 4
224 367 3
224 579 4
224 898 7
225 979 6
225 925 8
225 944 4
225 485 9
226 992 2
226 298 8
226 680 6
226 691 8
227 423 4
227 606 10
231 441 6
231 773 3
231 690 8
236 802 4
237 966 1
237 690 8
239 746 7
240 665 7
240 333 9
240 653 9
240 300 4
240 489 10
241 738 1
241 270 6
241 451 8
241 768 3
241 550 5
243 552 10
243 781 6
247 510 7
247 889 7
247 919 1
249 849 6
250 666 6
250 503 9
252 498 7
254 281 6
254 483 4
254 631 1
255 381 2
256 268 2
257 810 10
258 657 5
259 943 9
261 438 9
261 535 10
262 313 10
262 949 9
262 703 8
264 687 6
264 710 8
266 383 4
268 778 9
269 393 2
269 842 8
270 768 8
270 738 9
271 325 9
271 586 3
271 614 9
274 623 5
274 320 6
274 869 3
275 385 6
277 388 8
277 377 4
277 505 7
277 285 7
278 506 4
280 608 9
282 848 10
282 626 9
284 883 3
284 886 9
284 841 3
284 504 1
284 717 3
284 526 1
286 356 10
286 604 9
287 841 8
291 443 6
292 729 7
292 592 4
293 313 4
294 437 1
294 598 6
294 703 9
295 815 3
298 444 10
301 673 4
302 928 2
302 807 10
303 856 3
303 814 5
304 878 7
304 805 5
308 702 5
308 477 8
308 918 7
309 358 2
309 492 4
310 737 2
310 755 5
310 488 10
314 457 4
314 828 2
315 782 4
317 355 1
317 824 7
319 811 7
319 599 5
320 612 1
323 627 10
324 767 2
326 732 3
327 382 3
327 518 7
329 561 8
329 906 4
329 847 6
330 573 9
333 489 10
334 481 1
335 973 9
336 952 7
338 512 8
339 544 2
340 971 5
340 945 3
341 926 1
343 363 4
343 915 2
343 933 10
347 497 10
348 433 3
349 542 7
351 749 4
351 530 6
353 961 1
354 797 2
355 397 7
355 956 9
355 824 5
355 862 1
356 877 3
356 770 10
359 699 5
359 809 7
361 514 2
362 570 8
365 651 7
365 713 10
367 947 10
367 714 6
369 603 6
371 733 4
378 589 1
379 707 6
380 472 2
381 884 7
381 836 8
382 418 2
382 993 3
383 995 7
383 705 2
384 591 2
384 755 6
384 737 8
387 846 2
389 473 3
389 642 6
390 985 7
392 940 4
393 842 10
397 432 7
397 894 6
397 956 9
400 626 10
401 854 5
402 831 1
402 625 10
403 778 8
404 583 9
406 513 6
412 929 5
413 629 3
413 680 7
413 628 9
414 764 6
414 727 2
415 483 4
415 766 1
415 870 1
417 851 1
418 993 6
420 948 9
421 987 5
423 724 3
424 812 9
428 767 1
433 970 4
434 586 5
435 894 8
438 535 2
438 743 4
438 683 1
438 440 7
439 716 1
439 905 1
439 937 8
439 493 5
440 743 9
441 740 5
445 561 1
446 454 1
448 649 9
453 523 5
453 495 8
455 901 1
455 939 10
459 936 10
461 491 9
464 864 3
465 763 1
466 534 5
466 911 9
466 806 8
468 902 1
469 785 3
469 816 5
470 712 2
471 550 10
477 909 6
477 989 7
478 807 8
482 547 1
483 766 2
487 850 10
490 523 7
493 942 8
493 716 6
493 721 4
494 616 7
497 800 1
498 969 1
499 751 8
504 717 4
505 675 10
505 837 7
507 695 8
507 541 8
509 730 2
510 919 8
511 652 10
515 934 4
515 715 7
515 796 4
516 725 7
516 618 2
518 861 1
526 567 5
527 793 6
528 662 5
530 538 10
532 646 9
533 700 7
534 712 2
534 866 4
535 572 8
539 693 5
540 691 2
540 628 7
540 664 9
541 921 3
546 638 4
551 976 10
552 781 2
559 601 8
564 649 6
567 841 6
581 724 2
582 687 10
585 618 9
586 588 4
587 800 7
589 656 10
590 772 5
591 892 2
593 676 10
596 914 7
596 791 8
597 614 10
606 621 4
612 623 5
612 734 6
612 869 9
618 783 10
623 734 7
624 678 7
625 831 1
625 817 6
626 981 4
627 881 6
632 676 8
635 999 8
637 745 9
639 853 1
641 808 8
663 875 5
666 670 6
669 950 9
675 837 8
678 994 1
680 975 3
681 793 2
699 809 8
699 727 10
702 909 7
703 949 2
718 723 6
737 892 2
737 787 5
738 768 9
740 773 10
746 834 5
753 924 6
756 777 7
759 917 6
761 983 8
764 896 1
771 828 5
771 833 3
780 888 6
785 816 7
787 892 7
791 960 5
792 998 7
799 861 8
801 871 8
802 887 6
827 955 7
860 873 9
862 980 7
872 992 4
885 962 6
891 899 6
903 946 6
903 915 7
907 1000 1
910 999 7
944 979 9
