1000 1197
5 49 24 50 74 16 94 42 85 64 97 26 11 29 44 9 6 69 32 92 62 29 5 65 33 26 74 92 47 17 18 34 46 77 1 76 51 43 47 53 31 32 46 51 51 21 42 72 36 99 25 64 45 62 82 37 14 76 76 85 25 8 20 85 69 99 35 33 30 30 24 11 36 97 8 2 85 16 63 18 99 70 38 48 11 90 89 60 75 28 98 81 8 35 50 74 98 36 33 74 57 53 50 67 80 43 40 96 6 8 23 12 78 55 41 100 12 11 23 18 81 50 92 39 71 51 75 75 76 69 90 83 8 72 63 73 16 41 85 41 76 75 98 61 96 46 45 27 12 26 13 73 52 44 59 40 43 54 35 8 73 99 41 23 90 3 38 19 54 35 20 77 15 54 25 44 11 63 79 73 58 53 39 95 88 65 80 84 39 76 79 72 6 61 8 32 1 1 93 97 30 38 99 82 31 66 5 60 22 38 6 75 95 41 24 68 11 86 50 21 100 10 85 69 98 50 32 55 18 47 21 58 51 96 97 5 53 23 66 53 23 78 77 36 11 71 54 59 96 64 74 56 6 10 9 84 45 80 75 75 40 14 19 47 52 92 96 20 80 57 62 84 99 3 29 16 86 8 40 26 94 66 56 46 49 22 83 34 6 49 97 55 76 20 44 89 37 19 3 67 62 10 77 56 22 83 87 72 62 38 22 1 4 20 40 29 51 23 57 52 48 36 94 41 26 2 40 84 45 23 13 86 36 86 21 85 20 83 12 35 22 60 21 17 87 71 95 9 33 58 35 9 26 20 27 44 59 81 77 8 62 68 73 3 56 83 89 46 97 5 8 7 82 36 50 88 68 73 29 33 74 18 44 58 17 5 11 51 82 70 95 86 47 92 3 52 64 31 88 10 46 66 81 15 65 40 31 75 29 65 22 54 95 40 64 99 98 47 27 31 6 24 50 45 10 65 8 84 81 61 78 3 32 34 46 90 97 82 90 27 78 76 52 49 51 44 48 6 84 3 16 30 89 65 38 74 37 22 53 24 96 96 48 72 22 78 67 31 71 77 89 79 77 22 77 11 54 78 64 87 56 59 46 100 71 67 96 80 83 85 23 82 83 59 68 58 30 90 5 77 54 28 79 78 24 11 2 23 15 33 30 6 45 14 38 49 84 76 48 22 34 51 96 92 65 21 81 47 65 100 14 32 18 40 12 27 10 11 77 73 74 16 52 46 5 9 27 25 80 47 20 41 3 78 12 63 25 94 61 8 31 18 95 100 18 34 52 75 24 85 85 37 15 63 79 16 1 87 45 83 42 98 29 98 41 50 66 75 72 37 90 82 22 58 25 78 48 20 16 38 31 30 79 83 97 75 91 71 77 87 11 69 88 8 35 42 75 97 19 70 85 12 10 35 22 79 11 34 42 86 57 42 53 54 41 48 84 67 17 93 19 98 25 48 89 20 92 26 91 36 60 95 60 95 98 84 14 87 42 63 41 86 60 68 63 62 75 50 79 11 41 34 63 38 20 95 25 55 61 22 99 77 65 91 33 51 30 4 65 65 66 94 62 63 69 32 33 3 51 50 44 10 88 89 3 11 11 73 100 74 43 73 70 54 59 8 6 63 70 88 24 47 32 11 41 34 93 79 38 68 44 83 63 97 94 35 57 100 83 29 88 6 80 65 53 50 63 1 25 60 43 3 56 96 87 74 78 83 63 20 54 22 71 86 43 38 23 53 38 12 71 5 89 85 43 40 93 47 13 21 67 84 19 47 55 12 84 77 32 79 31 73 50 58 14 35 33 30 51 90 58 56 19 92 39 58 26 61 70 99 100 34 62 51 51 45 22 48 95 64 90 13 55 31 24 85 74 10 13 67 9 16 99 51 98 22 58 38 74 2 80 3 99 82 99 37 19 15 73 81 79 51 34 54 59 16 89 60 94 4 81 38 75 53 64 11 26 84 15 50 76 22 3 92 97 91 47 71 5 95 9 68 75 87 65 93 97 18 17 21 46 30 30 78 92 93 59 62 52 32 74 25 93 59 58 85 52 36 37 37 26 58 51 1 82 85 18 84 22 73 56 28 63 25 45 2 84 11 12 62 33 93 90 37 18 8 37 67 39 99 24 61 77 93 59 92 35 76 5 34 36 2 27 82 69 17 50 13 73 94 6 62 27 9 10 56 44 60 65 86 49 11 67 24 62 21 1 34 23 89 43 80 7 93 33 78 65 69 16 29 77 31 63 39 15 57 94 82 91 50
1 460 3
1 713 3
1 371 1
1 357 6
1 933 3
1 348 5
1 288 2
1 277 7
1 676 2
1 268 2
1 264 2
1 604 4
1 239 7
1 787 7
1 791 2
1 215 9
1 203 9
1 200 1
1 985 8
1 164 8
1 161 2
1 160 1
1 527 3
1 745 10
1 146 4
1 439 10
1 543 8
1 103 8
1 102 4
1 778 8
1 776 2
1 93 2
1 83 8
1 79 3
1 752 8
1 61 6
1 47 8
1 46 5
1 44 4
1 41 7
1 31 10
1 30 3
1 525 7
1 27 5
1 25 3
1 23 9
1 22 9
1 20 8
1 14 9
1 13 2
1 8 5
1 7 2
1 6 1
1 5 7
1 4 5
1 2 8
2 379 6
2 353 1
2 477 7
2 405 10
2 279 4
2 807 5
2 695 10
2 231 7
2 406 8
2 759 10
2 441 1
2 204 6
2 198 4
2 521 5
2 158 4
2 517 9
2 150 10
2 144 5
2 142 10
2 135 6
2 131 2
2 125 3
2 123 1
2 117 6
2 104 8
2 67 9
2 50 8
2 48 4
2 42 2
2 36 6
2 33 8
2 600 6
2 10 3
2 7 3
2 3 2
3 542 2
3 420 4
3 333 8
3 271 6
3 266 9
3 843 2
3 944 4
3 118 7
3 68 7
3 59 8
3 52 9
3 46 8
4 966 7
4 346 3
4 295 8
4 888 9
4 826 9
4 431 5
4 526 2
4 171 8
4 899 7
4 427 9
4 96 3
4 95 2
4 870 3
4 87 2
4 73 10
4 68 7
4 63 4
4 765 4
4 45 9
4 39 6
4 38 5
4 35 9
4 34 5
4 33 8
4 12 8
4 10 2
4 976 9
5 650 3
5 336 1
5 534 8
5 502 2
5 455 9
5 404 8
5 98 3
5 68 3
5 53 7
5 39 10
5 22 2
5 21 1
5 17 9
5 11 3
6 359 5
6 434 3
6 735 9
6 631 8
6 710 7
6 899 10
6 56 2
6 31 1
6 27 2
6 503 2
6 7 2
7 846 2
7 423 6
7 296 10
7 291 8
7 280 9
7 254 7
7 504 4
7 184 8
7 156 3
7 787 1
7 84 10
7 64 7
7 57 5
7 40 10
7 19 1
7 16 9
8 395 2
8 345 9
8 294 5
8 660 10
8 195 2
8 193 10
8 145 2
8 111 9
8 19 2
9 838 2
9 490 2
9 511 9
9 272 9
9 591 5
9 226 6
9 616 6
9 190 5
9 417 10
9 586 9
9 593 1
9 162 5
9 159 4
9 158 10
9 155 5
9 584 1
9 103 2
9 762 1
9 402 3
9 57 3
9 40 10
9 26 5
10 367 7
10 821 6
10 517 2
10 339 7
10 602 8
10 303 2
10 498 5
10 266 8
10 898 4
10 783 2
10 518 1
10 118 1
10 81 8
10 54 7
10 12 10
11 728 6
11 534 4
11 529 1
11 736 2
11 583 4
11 525 3
11 66 3
11 718 2
11 17 2
12 271 2
13 963 9
13 289 1
13 73 2
13 778 9
13 470 1
13 18 6
14 340 4
14 337 3
14 297 5
14 967 5
14 229 3
14 820 7
14 567 2
14 956 5
14 129 2
14 124 5
14 677 1
14 26 7
14 916 4
15 864 1
15 288 8
15 244 10
15 687 6
15 18 9
16 366 1
16 854 5
16 463 9
17 309 2
17 534 8
17 169 5
17 937 6
17 842 8
17 644 8
17 561 6
17 603 7
18 983 3
18 979 2
18 789 10
19 359 3
19 646 1
20 559 10
20 600 1
20 297 8
20 847 3
20 204 5
20 83 1
21 383 8
21 436 4
21 784 2
21 404 2
21 458 4
22 338 6
22 566 2
22 697 10
22 705 2
22 187 10
22 650 10
22 152 6
22 128 10
22 119 5
22 692 3
22 110 10
22 961 4
22 41 8
22 864 1
23 975 5
23 197 5
23 632 6
23 102 9
23 857 4
24 780 9
24 506 6
24 325 1
24 146 3
24 486 10
24 767 8
24 70 1
24 988 3
24 55 9
24 30 8
24 446 10
25 932 5
25 527 8
25 325 5
25 903 2
25 180 3
25 168 10
25 435 6
25 55 5
26 841 7
26 211 1
26 820 7
26 405 7
26 762 9
27 722 7
28 308 6
28 862 7
28 533 10
28 167 10
29 424 1
29 727 8
29 227 4
29 210 4
29 115 6
29 798 5
29 944 7
29 75 1
29 768 6
30 116 1
31 335 9
31 193 4
31 176 2
31 166 5
31 109 8
31 105 2
31 65 1
31 61 1
33 973 6
33 849 10
33 252 2
33 466 8
33 214 9
33 441 2
33 992 4
33 813 9
33 77 10
33 34 1
34 323 7
34 815 6
34 235 6
34 138 6
34 134 5
34 715 10
34 633 4
34 611 5
34 38 9
35 882 2
35 651 3
35 560 4
35 421 3
35 183 10
35 832 9
35 113 7
35 107 8
35 936 8
35 72 7
35 56 3
35 516 6
36 472 4
36 797 8
36 106 4
36 49 3
36 48 6
37 391 5
37 921 1
37 346 5
37 289 4
37 713 6
37 419 5
37 87 7
37 63 5
38 480 1
38 60 6
38 815 4
39 298 9
40 384 5
40 550 8
40 372 10
40 463 6
40 175 4
40 157 7
40 78 8
40 703 3
41 398 5
41 344 7
41 831 8
41 136 4
41 53 8
41 47 7
42 106 1
42 48 2
43 328 9
43 199 2
43 171 7
43 675 3
43 60 9
44 398 1
44 948 6
44 837 1
44 688 10
44 174 3
44 127 4
44 93 3
45 839 7
45 349 3
45 342 2
45 334 4
45 274 6
45 273 4
45 601 9
45 701 4
45 202 3
45 163 6
45 100 7
45 72 7
46 401 3
46 442 6
46 141 8
46 130 2
46 90 8
46 52 5
47 978 3
48 245 4
48 232 2
48 104 5
49 805 5
49 331 4
49 588 10
50 719 6
50 316 4
50 313 8
50 240 2
50 570 1
50 162 4
50 158 3
51 987 8
51 950 5
51 457 4
51 176 9
52 420 3
52 808 3
52 442 2
53 969 4
55 851 1
55 148 7
55 435 10
55 473 3
55 76 2
56 865 3
56 500 9
56 631 8
56 113 7
56 89 7
57 384 4
57 241 6
58 518 5
58 234 10
58 212 1
59 341 2
60 968 8
60 480 4
60 139 8
60 714 7
61 65 5
61 729 4
62 255 1
62 251 5
62 106 7
62 959 5
63 826 3
63 371 5
63 295 9
63 776 5
65 393 3
65 679 10
66 325 3
66 321 10
66 293 4
66 70 3
67 400 4
67 445 6
67 245 4
67 917 10
67 188 10
67 823 4
68 934 4
68 284 2
68 870 6
68 249 7
68 213 1
68 634 8
68 85 7
69 446 4
70 293 4
70 506 9
71 298 3
71 440 6
72 720 7
72 905 9
72 693 6
72 443 8
72 483 9
72 878 8
72 704 2
72 456 10
72 247 9
72 218 1
72 216 7
72 214 1
72 202 5
72 183 1
72 694 4
72 108 8
72 77 1
72 953 1
72 554 9
73 531 1
73 520 4
73 281 5
73 491 1
73 87 7
74 210 6
76 596 3
76 180 2
77 992 3
77 349 3
78 366 5
78 519 2
78 637 10
78 209 10
78 157 7
78 407 9
78 818 8
80 825 6
80 642 9
80 515 10
80 327 7
80 618 1
80 315 3
80 790 7
80 253 2
80 154 5
80 598 6
82 379 3
82 337 10
82 332 5
82 125 2
83 248 9
84 467 2
84 947 10
85 287 9
85 205 10
85 98 7
85 673 3
85 888 8
86 114 9
87 781 5
87 281 8
87 419 4
87 827 5
88 376 6
88 687 10
88 991 6
88 206 8
88 161 1
88 462 8
88 639 9
90 556 3
90 662 2
90 773 2
90 219 6
90 130 6
90 121 3
90 654 10
92 361 3
92 482 5
92 291 9
92 998 5
93 453 7
93 174 8
93 804 5
93 110 1
93 742 7
94 906 4
94 852 2
95 324 10
95 951 2
95 765 9
96 516 9
97 388 3
99 430 1
99 658 1
99 948 4
99 884 9
99 152 7
99 128 7
100 246 8
100 973 5
100 484 7
101 455 7
102 817 4
102 200 3
102 537 5
103 277 6
103 239 6
104 320 9
104 221 3
104 131 1
104 464 8
105 982 10
105 457 3
107 574 10
107 777 6
108 380 7
108 835 8
108 565 7
108 216 6
109 193 3
109 166 9
110 628 6
111 294 8
111 482 10
111 910 5
112 208 2
112 894 10
112 542 8
113 505 3
115 468 7
116 986 3
116 590 1
116 170 6
116 411 5
116 573 4
116 977 9
116 723 7
116 568 6
117 895 1
117 533 8
117 167 8
117 150 10
117 140 3
117 725 2
117 862 8
118 303 8
120 341 10
121 773 9
122 384 3
122 540 10
122 964 4
122 241 7
124 528 10
124 132 1
124 762 8
125 587 1
126 436 9
126 589 3
126 800 2
126 731 9
127 262 5
127 479 8
127 258 3
127 256 4
127 165 10
129 677 7
130 606 6
130 230 2
130 219 10
131 418 2
131 260 2
132 481 1
132 211 7
132 485 5
132 853 4
133 387 1
133 200 6
133 197 6
133 632 8
133 896 5
134 487 9
134 709 2
135 173 10
135 557 7
137 631 10
137 936 7
138 235 5
138 844 10
138 997 10
138 715 2
139 328 3
140 614 10
141 442 9
142 702 3
142 408 4
142 836 6
143 757 1
144 902 2
144 305 10
144 788 10
144 635 5
145 399 9
145 393 3
145 755 1
145 507 2
146 352 9
146 863 6
146 177 2
147 392 7
147 312 9
147 247 9
147 422 10
148 473 5
149 241 9
151 714 4
152 256 8
152 233 7
152 479 9
153 445 3
153 319 3
153 823 7
153 738 2
153 740 7
154 598 9
154 349 2
154 334 2
154 972 7
155 916 3
155 229 7
155 874 6
156 846 2
156 570 9
157 854 5
158 374 8
158 747 1
158 555 10
158 222 7
158 461 4
158 198 6
158 671 8
158 190 10
158 162 3
158 814 10
158 674 8
158 613 9
158 581 5
158 477 6
159 272 2
160 439 1
160 791 1
160 816 5
161 795 3
161 206 7
161 927 9
161 444 7
162 495 4
162 304 6
162 278 1
162 222 5
162 549 9
162 622 4
162 571 2
163 257 8
163 869 1
163 179 4
163 551 9
163 456 2
164 381 7
164 177 1
165 258 10
167 308 5
169 824 6
170 486 5
172 483 3
173 557 10
173 876 7
174 804 1
174 453 9
176 457 4
177 352 2
177 270 4
177 699 3
178 856 7
179 342 2
179 456 4
180 343 3
180 686 3
180 596 7
181 342 4
181 257 1
182 531 7
183 560 9
183 792 7
183 829 3
184 689 2
184 660 2
185 375 5
188 319 1
190 970 2
190 378 1
190 365 10
190 360 9
190 304 4
190 250 1
190 544 9
190 410 3
190 671 7
191 374 4
191 674 1
191 613 2
191 461 9
194 263 9
194 211 2
194 528 9
195 361 9
195 620 3
195 345 6
195 294 9
195 482 10
196 573 1
198 638 3
198 477 2
199 675 2
200 575 6
200 626 5
201 383 4
202 524 8
202 273 1
202 890 2
202 668 5
203 268 5
203 750 1
203 644 5
204 285 4
204 621 6
205 347 8
205 284 8
205 1000 7
205 634 9
206 692 10
206 639 7
206 991 10
207 313 10
207 582 4
208 894 7
209 850 9
209 372 4
212 667 4
212 339 6
212 840 2
213 249 7
213 934 5
213 476 10
214 992 6
215 872 1
216 380 9
216 350 3
217 669 9
218 592 5
218 670 7
222 316 4
223 311 1
223 566 4
223 690 3
224 612 8
225 355 10
225 774 5
225 258 4
226 272 7
227 754 4
230 663 2
230 606 1
231 593 8
231 236 7
232 245 9
234 275 5
236 317 4
236 980 3
237 638 8
237 760 8
238 645 2
239 941 2
239 933 9
243 556 6
243 663 1
246 438 10
246 601 7
247 782 6
247 451 5
247 554 10
248 666 5
248 314 9
248 949 1
248 264 6
248 985 2
248 994 4
249 509 10
250 378 2
250 571 1
250 579 7
250 409 9
251 403 10
253 668 9
253 790 6
254 576 1
254 450 7
254 417 1
256 474 7
257 919 3
258 355 4
258 744 5
259 964 8
260 766 10
260 418 5
262 610 4
262 744 10
263 751 5
263 425 2
263 853 9
264 314 10
264 497 7
266 469 7
268 893 1
268 439 10
269 418 4
269 873 2
270 381 5
270 597 8
270 699 10
272 432 2
272 577 5
272 683 9
273 659 3
273 524 10
274 358 2
274 612 8
276 504 6
278 304 3
280 716 3
281 827 1
281 655 4
281 921 2
281 907 2
284 914 7
284 532 2
285 587 7
286 522 2
286 498 8
287 796 1
287 431 1
288 462 7
290 526 1
290 641 8
291 958 8
291 499 1
293 321 6
295 826 9
297 332 7
297 885 7
299 437 5
299 307 7
299 978 7
299 563 2
302 966 1
302 989 7
304 495 6
305 353 5
305 788 7
306 307 7
306 563 7
307 978 8
309 369 4
309 842 6
312 451 2
312 926 5
313 582 10
314 971 3
314 666 7
315 327 3
315 618 8
315 878 2
315 562 8
316 549 4
324 951 9
324 976 5
326 375 4
327 515 7
329 926 6
336 603 8
336 784 1
337 885 5
338 692 1
338 927 1
339 770 10
339 799 3
341 868 5
343 413 6
345 395 5
346 459 6
346 370 8
347 1000 5
347 489 5
348 676 6
350 777 5
353 424 1
353 801 6
354 969 5
356 822 10
357 688 6
362 377 10
362 666 1
365 378 8
367 667 1
367 492 10
368 691 4
368 511 4
370 640 1
372 901 4
374 747 7
375 730 8
379 807 5
381 597 6
387 896 2
388 662 5
390 530 3
392 782 8
393 993 1
394 825 5
394 931 1
402 733 9
402 753 5
403 588 2
404 741 8
404 436 2
404 731 1
404 589 8
409 605 7
411 568 7
411 723 2
412 965 8
412 536 7
412 812 4
414 604 10
417 450 5
417 734 3
418 873 10
418 684 2
419 781 4
421 494 3
421 737 2
421 832 7
421 960 2
422 578 2
424 471 5
424 793 4
425 751 10
427 629 10
432 577 2
433 815 8
435 475 3
435 851 2
436 589 6
439 791 8
439 772 8
441 695 8
446 728 4
447 756 7
447 481 4
449 993 7
450 717 4
452 501 10
453 742 8
455 650 8
456 551 2
457 585 9
459 640 3
460 918 2
462 706 10
463 753 5
464 867 4
464 917 4
470 711 5
470 819 8
471 793 7
477 581 3
483 670 5
483 569 2
489 889 9
490 877 9
495 544 10
496 630 7
500 505 6
507 679 8
507 536 6
510 741 6
511 691 3
511 974 1
511 616 1
513 943 8
513 913 3
513 870 6
525 855 10
533 558 3
537 817 9
537 575 8
537 626 5
546 905 2
547 660 10
550 703 7
553 802 1
559 745 1
559 619 8
560 829 4
562 825 2
565 813 10
567 758 2
568 723 10
569 779 5
571 622 1
573 590 5
576 879 2
577 930 10
580 730 6
595 736 9
600 621 3
601 701 3
602 898 10
604 716 3
604 828 3
611 636 3
613 674 1
615 954 3
616 974 9
617 669 2
617 809 10
623 920 3
627 896 7
629 651 5
633 761 4
635 902 4
637 845 2
644 785 3
647 946 5
649 799 10
654 678 2
658 884 2
667 748 7
669 880 3
670 875 3
670 694 4
678 724 7
691 974 7
693 953 8
694 953 8
694 875 2
708 920 1
711 819 5
714 771 4
716 726 5
718 932 6
719 860 10
719 747 4
721 866 3
731 741 10
736 999 4
743 790 8
747 860 5
750 785 10
762 841 7
768 944 4
769 955 8
772 893 6
775 851 4
794 892 3
822 894 5
825 931 3
843 913 2
871 918 9
883 952 2
904 909 6
906 957 6
950 987 8
