1000 1197
5 79 95 76 89 45 44 76 23 82 97 72 10 4 78 80 33 2 67 16 72 74 78 90 92 84 70 44 71 47 45 56 79 27 52 85 34 97 78 26 48 36 29 90 53 43 62 86 38 71 63 49 13 82 29 32 73 16 87 37 59 10 40 42 16 88 72 64 70 80 46 79 57 80 82 55 6 4 84 10 77 32 77 14 42 84 75 22 64 19 45 7 100 14 24 62 43 94 91 36 19 39 55 9 58 58 55 71 60 89 75 21 97 26 70 49 72 34 88 65 4 87 40 4 35 24 100 30 36 31 39 15 80 83 41 63 35 27 35 19 44 12 73 43 95 65 15 76 36 48 6 96 35 61 32 78 54 49 23 75 26 22 59 50 67 11 26 76 15 29 20 75 56 71 27 50 15 52 30 45 19 1 78 70 62 75 51 52 45 40 1 64 46 23 10 71 42 88 22 75 55 91 11 26 72 29 39 16 58 74 81 21 18 62 82 71 42 87 92 77 15 97 78 41 37 24 85 64 31 30 9 11 6 11 10 33 27 79 4 95 8 64 44 77 10 89 49 82 88 99 72 71 72 56 61 38 50 70 61 66 31 44 44 55 100 13 85 34 80 36 47 41 86 49 75 21 54 38 42 2 81 63 97 33 33 96 64 50 78 49 94 60 10 64 64 68 39 82 23 41 5 97 91 16 34 40 93 84 7 21 90 71 75 98 44 46 18 37 19 19 33 38 34 13 98 48 68 97 66 51 17 32 35 13 88 96 81 63 77 91 71 86 100 73 90 76 41 15 14 9 36 6 33 79 75 24 34 69 89 63 65 55 43 2 94 35 77 61 30 54 7 49 87 60 68 40 74 12 17 45 61 2 33 74 24 11 33 100 12 94 82 63 81 55 99 91 46 67 89 56 58 71 25 66 40 97 50 92 85 18 60 58 28 73 31 2 82 58 23 8 92 10 90 3 48 47 50 38 4 75 21 81 77 45 88 100 8 98 88 2 95 63 66 89 60 39 18 60 27 85 22 40 46 13 61 80 18 72 48 50 56 32 88 49 95 24 37 70 82 99 60 25 21 78 26 75 21 3 91 34 3 94 35 94 68 17 37 42 58 73 28 89 77 79 63 39 40 96 62 69 60 12 54 58 41 43 4 70 92 30 26 88 34 40 80 76 69 66 21 81 13 36 97 93 39 99 35 75 87 68 61 29 43 51 24 18 36 15 65 7 88 51 37 18 86 15 76 54 7 39 13 97 92 75 29 9 87 17 1 80 80 64 13 91 81 37 2 45 4 49 55 89 48 89 91 82 72 52 29 45 7 60 55 35 82 98 14 68 91 80 69 72 99 23 70 69 11 1 47 33 94 69 11 29 75 76 7 64 38 65 16 40 51 58 75 33 51 15 29 52 23 74 76 92 31 54 70 29 1 47 2 69 44 74 47 99 81 12 63 27 34 31 13 22 97 67 52 14 96 55 53 44 33 20 30 12 78 28 51 73 65 20 12 40 92 10 29 63 14 100 72 58 36 64 94 88 77 92 40 46 74 4 73 77 55 19 4 25 68 95 82 24 9 71 29 88 33 25 70 4 34 35 62 14 81 67 15 79 99 58 21 94 43 3 25 37 29 41 40 11 93 36 22 72 84 44 17 34 82 38 6 47 4 10 62 69 5 14 83 61 41 59 82 46 15 14 54 96 12 48 94 40 16 51 82 21 63 10 5 31 42 22 19 78 31 85 57 22 56 49 86 51 63 39 77 62 31 97 14 31 21 43 43 8 76 50 53 76 3 67 98 57 100 83 62 26 78 88 26 66 52 42 29 84 64 28 92 96 12 94 65 79 94 88 73 56 21 92 32 87 1 95 91 61 21 27 13 58 50 79 82 96 95 56 20 23 98 32 20 43 100 81 68 33 15 91 37 52 25 35 77 24 59 5 1 38 23 52 48 26 86 79 91 68 24 11 65 40 33 78 98 20 61 83 68 18 27 86 76 98 90 72 66 60 75 1 94 22 91 99 25 22 28 17 90 5 13 60 52 10 88 99 17 37 72 76 28 75 68 24 10 63 39 79 19 43 86 22 35 36 12 83 42 82 74 29 75 58 51 76 81 45 56 20 8 12 86 16 29 56 68 96 50 58 30 21 25 92 16 48 52 61 36 32 11 34 41 39 22 66 92 33 5 6 93 54 100 70 21 64 99 71 53 29 44 14 94 1 95 38 46 52 6 86 70 4 59 13 70 98 56 18 80 40 24 57 93 64 68 11
1 393 9
1 638 5
1 375 4
1 787 6
1 979 5
1 221 8
1 613 2
1 179 4
1 172 10
1 605 1
1 146 7
1 436 10
1 73 2
1 72 1
1 761 4
1 69 7
1 722 8
1 32 1
1 24 4
1 3 7
2 398 6
2 674 3
2 382 6
2 678 5
2 314 2
2 505 7
2 214 9
2 622 8
2 954 9
2 187 9
2 657 5
2 49 7
2 32 4
2 17 9
2 13 9
3 349 8
3 300 10
3 554 5
3 821 8
3 454 8
3 182 10
3 429 6
3 841 10
3 62 9
3 27 6
3 17 4
4 393 9
4 392 9
4 654 7
4 479 6
4 181 10
4 519 5
4 134 6
4 857 1
4 710 4
4 18 4
4 17 9
4 12 7
4 7 6
5 392 10
5 274 3
5 470 4
5 221 6
5 206 1
5 179 6
5 763 6
5 120 9
5 118 10
5 776 8
5 6 10
6 853 7
6 725 9
6 530 2
6 369 4
6 590 10
6 653 3
6 937 1
6 803 4
6 343 2
6 339 6
6 491 5
6 315 8
6 310 1
6 308 6
6 288 4
6 285 9
6 721 7
6 254 10
6 249 6
6 245 2
6 222 2
6 220 3
6 581 2
6 198 3
6 773 9
6 460 8
6 699 8
6 665 9
6 135 8
6 801 4
6 126 1
6 124 3
6 118 2
6 958 7
6 109 1
6 574 2
6 90 8
6 84 2
6 79 4
6 77 4
6 616 2
6 71 2
6 65 10
6 723 1
6 33 6
6 31 10
6 864 9
6 24 5
6 19 10
6 18 7
6 16 8
6 15 7
6 14 2
6 8 10
6 7 3
7 548 7
7 352 7
7 569 10
7 855 4
7 292 4
7 278 7
7 276 10
7 261 8
7 875 9
7 186 3
7 517 6
7 637 6
7 155 6
7 931 3
7 96 4
7 94 6
7 78 2
7 924 10
7 63 8
7 465 7
7 540 1
7 37 9
7 10 9
7 9 6
8 831 9
8 428 3
8 199 3
8 791 1
8 690 7
8 108 5
8 103 2
8 725 5
9 396 4
9 372 4
9 672 8
9 351 1
9 346 6
9 338 2
9 329 1
9 883 1
9 225 4
9 201 9
9 194 2
9 698 5
9 178 4
9 720 10
9 919 7
9 102 3
9 455 4
9 46 9
9 39 2
9 30 2
9 22 5
9 966 10
10 973 10
10 435 10
10 351 1
10 336 3
10 287 10
10 258 7
10 445 2
10 161 1
10 159 2
10 676 2
10 94 7
10 92 2
10 599 9
10 915 5
10 39 3
10 11 1
11 374 1
11 315 1
11 222 7
12 391 9
12 381 7
12 730 4
12 457 8
12 691 1
12 162 2
12 650 8
12 130 5
12 873 6
12 91 3
12 426 6
12 453 6
12 871 8
12 590 7
12 70 6
12 29 5
12 26 3
13 648 8
13 591 10
13 267 1
13 828 2
13 949 5
13 922 8
13 116 1
13 72 5
13 55 7
14 391 2
14 320 10
14 768 9
14 430 8
14 482 8
14 74 10
14 30 10
14 16 2
15 254 7
15 518 8
15 71 3
16 358 4
16 457 5
16 296 1
16 257 1
16 512 6
16 555 6
16 730 3
16 415 3
16 594 7
17 927 7
17 860 9
17 187 8
17 23 7
18 654 1
18 264 9
18 894 9
18 843 6
18 220 7
18 751 8
18 649 1
18 112 1
18 87 7
18 950 3
18 21 8
19 800 5
19 301 7
19 536 3
19 277 10
19 168 10
19 65 5
19 44 7
19 24 8
20 708 4
20 89 1
20 620 4
21 530 10
21 364 9
21 350 1
21 909 1
21 963 6
21 273 4
21 224 4
21 426 10
21 650 2
21 124 8
21 598 8
21 112 5
21 56 2
21 53 10
21 33 7
22 716 8
22 558 5
22 313 8
22 307 4
22 699 3
22 235 7
22 879 10
22 109 8
22 102 3
22 40 3
23 205 7
23 626 7
23 36 9
23 27 8
24 356 5
24 557 6
24 302 4
24 269 4
24 251 5
24 489 1
24 131 5
24 90 7
24 51 7
24 25 4
25 806 3
25 506 8
25 564 8
25 347 3
25 289 1
25 286 8
25 406 6
25 240 2
25 529 7
25 735 4
25 167 8
25 783 5
25 499 3
25 133 10
25 69 1
26 491 2
26 265 3
26 904 2
26 909 7
26 91 9
26 57 7
27 481 9
28 540 6
29 381 9
29 373 4
29 453 2
29 672 6
29 421 6
29 166 7
29 420 7
29 149 5
29 30 7
30 380 5
30 321 8
30 421 4
30 451 4
30 430 9
30 744 3
30 41 2
30 726 9
31 277 7
31 209 3
31 65 5
31 64 3
32 745 10
32 233 4
32 223 7
32 793 2
32 661 9
32 132 7
32 686 3
32 697 8
33 100 4
33 951 4
33 67 3
33 598 10
33 34 1
34 364 1
34 602 9
34 243 8
34 58 7
35 378 8
35 318 5
35 225 3
35 490 5
35 698 5
35 89 3
35 533 7
36 366 9
36 211 2
36 185 10
36 694 1
37 601 6
37 849 9
37 532 9
37 332 4
37 560 6
37 266 1
37 774 2
37 144 5
37 113 10
37 82 10
37 81 5
37 47 4
38 927 1
38 957 1
38 857 9
39 494 6
39 68 3
40 566 1
40 716 3
40 109 1
40 102 10
40 879 4
41 769 1
41 770 8
41 746 2
42 468 4
42 174 5
43 547 4
43 614 4
43 831 6
44 504 6
45 327 8
45 707 1
45 287 5
45 525 2
45 410 4
45 184 7
45 592 5
45 82 7
45 81 8
45 997 4
45 60 2
46 237 10
46 226 9
46 188 2
46 176 9
46 136 9
47 325 8
47 262 10
47 173 10
47 164 7
47 144 5
47 115 9
47 80 10
48 974 5
48 604 2
48 143 5
48 49 7
49 928 6
49 642 8
50 398 5
50 314 2
50 214 6
51 363 9
51 295 6
51 239 7
51 195 6
51 796 5
51 638 8
53 775 7
53 298 6
53 682 9
54 409 4
54 498 5
55 974 1
55 680 9
55 980 4
55 567 8
55 143 5
55 120 5
55 105 5
55 972 9
55 75 9
55 949 9
57 298 5
57 995 1
57 127 8
58 350 10
58 326 3
59 417 7
59 368 9
59 423 7
59 824 2
59 292 3
59 925 9
59 263 5
59 410 8
59 208 7
59 190 9
59 913 2
59 623 9
59 60 4
59 671 4
59 617 8
59 575 8
60 589 7
60 913 6
61 664 6
61 201 10
62 366 6
63 416 9
63 204 2
64 988 3
64 337 3
64 473 10
64 483 3
64 651 3
64 987 3
64 84 3
65 854 8
66 638 6
67 395 5
67 603 3
67 807 8
67 271 10
67 448 6
67 446 2
67 790 5
67 126 6
67 124 7
68 281 5
69 890 10
70 359 10
70 147 2
70 411 9
70 441 4
72 943 3
72 648 2
72 697 7
72 825 3
72 247 8
72 467 4
72 142 5
72 98 9
73 962 2
73 789 2
73 865 1
73 97 1
73 735 6
74 844 1
75 355 8
76 257 10
77 462 10
77 805 5
77 551 3
77 343 3
77 285 7
77 675 4
77 654 5
77 85 2
77 427 5
78 738 6
78 836 1
78 365 3
78 926 2
78 154 5
78 95 6
78 755 3
79 731 3
79 337 3
79 817 4
79 163 4
80 348 4
80 115 9
81 82 8
85 751 7
85 264 3
85 150 5
85 101 10
85 87 7
85 610 8
87 950 2
87 427 1
88 294 9
88 656 7
88 404 10
89 297 7
89 531 9
89 565 8
90 302 9
90 196 8
92 159 7
93 870 1
93 495 8
94 261 10
94 242 8
94 157 8
95 935 5
96 548 9
96 319 8
96 309 1
96 279 9
96 275 7
96 270 4
96 246 7
96 733 1
96 875 5
96 145 6
96 912 1
96 732 6
97 797 2
98 450 2
98 212 3
98 920 1
98 191 7
98 169 7
98 151 10
99 286 10
99 133 4
100 271 1
100 878 5
104 586 1
104 982 1
105 509 3
107 588 7
107 422 8
107 842 8
107 595 1
107 229 8
107 748 2
107 679 2
107 480 5
108 353 8
108 121 7
109 699 7
110 612 2
110 113 9
111 166 3
112 207 6
113 532 9
113 229 6
113 534 2
113 595 7
113 507 9
113 562 9
114 248 10
114 146 7
115 848 1
115 348 5
115 238 5
115 835 7
115 560 4
115 139 2
116 734 5
117 305 6
117 299 9
117 278 6
117 246 2
117 231 1
117 145 7
117 583 2
117 517 7
119 461 2
119 217 7
119 145 5
119 892 6
119 523 3
120 980 10
121 800 9
121 293 7
121 536 1
121 549 1
122 508 2
122 210 4
122 866 2
123 218 5
124 339 4
124 781 3
124 684 8
124 224 5
124 596 1
124 681 5
126 807 2
127 298 1
127 291 4
128 826 9
129 253 3
129 249 2
130 373 3
130 149 5
131 443 1
131 728 1
131 641 6
131 301 9
131 618 2
131 692 8
131 933 1
131 996 6
132 382 8
133 644 3
133 347 1
133 295 5
133 195 6
135 482 3
136 370 8
136 227 4
136 226 8
136 458 8
136 419 7
136 176 2
136 573 1
137 255 7
138 833 5
139 405 1
139 345 10
139 947 9
139 827 6
139 850 8
139 560 8
139 144 7
139 719 10
140 358 10
140 354 10
140 320 7
140 296 10
140 411 1
140 147 4
140 438 1
142 303 6
142 244 2
142 943 7
142 814 3
143 680 7
144 910 9
144 173 9
144 850 4
145 461 4
146 248 9
147 546 6
148 568 8
149 381 3
149 373 5
149 420 6
151 331 3
151 636 8
151 169 2
151 745 6
151 485 9
152 614 2
153 323 6
153 307 4
154 394 8
154 902 7
155 280 9
155 409 2
156 969 8
156 193 6
157 261 8
157 737 5
157 655 8
158 555 10
158 923 4
158 844 6
159 336 5
159 439 5
159 208 7
161 258 7
164 388 1
164 848 8
164 345 10
164 552 4
166 432 8
166 906 6
166 726 7
167 586 5
169 331 4
169 474 10
169 212 10
169 905 2
169 408 2
170 926 10
171 582 7
172 442 9
172 851 1
173 325 5
173 322 3
173 464 3
175 274 3
176 385 3
177 585 6
178 486 9
180 250 1
180 230 9
182 386 4
182 657 9
182 344 7
182 187 7
183 971 3
183 999 6
184 824 1
185 349 6
185 863 10
185 896 4
185 252 3
185 639 5
186 687 2
186 276 2
186 991 9
186 569 5
188 297 9
189 397 10
189 284 2
190 628 5
190 624 4
190 569 4
191 497 4
191 487 1
191 408 1
193 597 10
193 223 7
193 615 7
193 969 4
194 394 6
194 872 8
195 347 5
195 295 5
196 302 4
196 930 10
196 723 10
196 955 3
196 576 5
196 741 9
196 484 3
197 512 2
197 819 9
198 574 3
199 428 4
199 605 10
199 976 5
202 233 5
203 372 2
203 712 4
203 872 6
204 399 1
204 368 9
204 609 2
205 479 8
206 221 4
206 932 8
207 466 2
210 400 3
210 733 4
210 866 10
211 666 3
211 813 4
212 361 7
213 260 4
213 236 7
215 543 10
215 660 8
215 443 5
215 783 8
215 572 8
217 875 4
219 395 1
221 437 4
223 597 4
223 303 3
223 244 6
224 339 8
224 684 2
225 329 6
225 720 5
225 478 6
226 237 3
226 705 2
227 971 4
228 603 4
228 598 8
229 562 10
229 507 7
232 885 8
234 413 2
236 371 8
236 321 6
236 260 5
236 820 2
236 526 2
236 852 7
237 370 5
242 258 9
243 493 3
244 652 7
245 859 5
245 803 1
245 993 4
246 305 5
246 270 3
247 335 5
247 648 3
251 363 2
251 778 2
251 658 10
252 896 3
252 780 6
256 556 9
256 405 1
259 913 8
259 263 7
259 960 8
260 317 5
260 501 9
260 526 2
261 655 2
262 494 10
264 377 4
265 632 7
266 333 3
266 322 4
266 765 1
268 334 9
268 322 3
268 703 7
269 401 7
270 407 9
271 283 5
272 519 3
272 709 4
272 637 7
273 603 3
273 580 4
274 362 1
274 328 5
274 418 5
274 715 1
275 912 4
276 631 6
280 290 7
282 582 9
282 758 2
285 404 10
285 675 4
287 431 9
287 939 1
287 869 6
289 543 10
289 618 7
289 660 10
290 887 8
290 456 8
291 775 2
297 531 10
300 821 10
302 356 2
302 484 8
302 862 9
303 597 10
304 311 7
305 475 1
305 818 5
307 837 1
307 884 10
310 777 9
312 488 4
314 398 3
314 840 7
314 754 1
316 369 5
316 878 6
317 451 9
317 371 7
317 852 5
318 478 4
319 508 6
319 798 2
319 579 5
320 359 3
320 718 2
322 767 4
322 333 4
324 545 3
326 364 2
327 921 3
328 418 10
329 870 9
329 513 2
330 514 8
331 749 2
331 745 4
332 910 7
332 849 9
332 774 6
333 765 7
334 433 10
334 809 6
334 706 3
334 767 10
334 832 9
336 575 10
337 483 3
338 365 1
338 667 4
339 684 2
339 781 6
341 463 3
342 442 2
344 657 2
346 566 6
351 989 4
352 520 10
352 637 6
355 568 3
356 862 4
357 591 8
359 411 1
359 619 2
360 762 6
361 830 10
362 811 10
362 470 6
363 658 1
364 1000 7
365 673 8
365 755 9
367 429 8
369 653 5
370 419 7
375 851 3
376 434 10
377 751 7
377 894 8
379 659 1
380 744 7
381 420 9
385 424 2
385 779 6
388 552 4
389 476 4
390 549 5
390 536 8
392 868 3
400 866 10
408 487 3
411 441 8
414 496 5
416 423 3
417 589 6
417 882 6
423 434 2
423 570 3
424 503 9
425 475 2
426 650 7
428 976 4
428 823 8
429 554 1
430 535 6
431 592 6
432 527 1
432 510 6
433 767 9
433 706 8
435 960 4
437 932 9
438 704 9
438 546 3
440 510 2
444 610 3
446 596 3
448 460 10
448 515 10
448 901 3
449 949 6
449 696 2
453 873 2
456 887 4
457 730 5
458 573 4
459 507 9
465 792 6
467 834 4
468 540 4
470 763 4
472 642 8
473 987 3
477 770 9
477 746 8
479 626 6
479 975 10
480 532 4
480 538 10
481 992 2
483 988 4
484 930 2
484 741 3
484 808 4
485 830 3
487 497 9
488 561 5
488 967 8
490 565 3
490 620 5
491 864 9
491 511 1
492 677 2
498 855 2
500 632 10
501 772 1
505 867 5
505 907 8
508 579 2
510 881 2
511 668 10
513 743 9
516 933 7
517 893 1
519 709 1
519 611 4
521 614 10
525 729 6
526 847 3
536 810 10
541 940 10
541 646 10
543 753 3
544 705 4
547 831 8
548 633 4
548 912 5
549 918 10
553 616 7
553 663 10
555 839 9
555 844 1
564 994 1
569 624 4
571 816 4
576 785 8
576 741 4
583 938 10
583 659 10
588 842 2
588 738 8
589 671 4
589 600 9
590 984 3
590 871 2
593 891 4
604 680 6
610 917 5
611 709 4
612 635 1
612 876 6
618 728 1
618 692 6
626 975 4
629 799 4
634 643 7
634 794 6
636 771 1
643 945 1
646 898 7
646 940 5
650 963 2
658 760 10
658 802 7
658 778 7
660 861 5
666 670 6
666 813 8
666 916 9
673 815 1
680 717 5
682 688 6
684 781 10
689 765 3
692 728 4
697 900 8
698 941 8
700 978 1
706 832 1
708 768 8
716 879 6
720 941 9
722 762 9
729 886 1
732 892 1
733 826 9
734 828 2
734 977 7
735 865 6
739 812 5
739 948 8
741 930 9
742 771 9
744 906 3
766 985 6
767 809 3
774 849 5
795 1000 1
803 993 7
803 859 3
828 977 1
841 929 1
842 944 4
850 910 9
853 917 9
857 927 7
857 957 10
865 962 7
867 907 10
888 996 1
919 966 10
964 975 3
966 989 7
971 999 10
