1000 1197
5 92 72 14 60 28 11 100 45 47 100 39 29 23 76 55 4 12 69 89 18 37 100 53 9 69 8 56 76 100 85 44 100 94 82 47 18 99 74 20 7 85 10 31 69 43 5 64 46 54 78 50 57 8 2 41 8 9 87 54 89 49 3 5 13 20 89 80 98 98 37 51 83 97 76 8 74 47 64 46 68 52 27 99 73 4 24 29 32 58 87 3 27 16 89 67 71 82 65 44 43 6 60 22 68 64 45 53 94 65 59 31 43 69 17 19 98 99 51 2 13 5 36 51 70 9 60 73 12 29 17 43 63 59 53 19 40 19 11 71 85 92 37 21 20 15 92 44 72 39 1 14 90 99 92 56 65 62 72 7 7 98 40 86 7 47 76 64 64 1 5 45 68 95 34 3 77 26 62 46 63 50 31 53 66 77 75 44 10 81 41 30 95 38 48 17 66 91 26 81 58 29 47 66 59 14 73 35 21 46 63 33 84 75 78 24 59 65 29 9 62 75 22 37 35 58 95 21 29 98 53 100 68 39 11 69 62 36 58 58 46 2 75 90 52 52 45 18 35 46 42 50 18 38 21 71 68 13 24 68 71 96 41 40 44 77 13 79 86 35 41 73 73 35 17 46 83 98 41 6 96 63 76 94 83 63 72 11 59 81 74 48 85 76 8 38 51 13 80 55 23 7 81 16 51 80 35 46 56 17 59 84 64 58 93 70 84 73 26 87 48 55 24 26 28 22 63 31 70 51 76 25 28 93 69 74 70 97 56 17 39 14 32 17 97 38 4 22 81 72 68 84 90 9 77 5 29 59 42 41 98 1 80 42 85 40 44 54 93 29 29 52 35 81 65 25 10 34 51 45 69 85 36 1 5 33 50 3 88 68 84 9 93 25 42 25 43 18 61 42 42 68 3 53 55 98 5 76 10 87 61 64 87 20 12 37 96 94 18 99 100 6 81 68 59 54 44 96 13 91 96 65 67 69 30 15 63 40 59 49 73 87 79 8 31 43 3 66 23 29 14 91 2 54 10 16 68 92 59 12 99 100 1 70 96 15 97 38 59 42 57 12 77 1 46 94 1 43 4 13 100 43 58 83 87 92 76 45 57 58 71 83 53 83 26 95 10 25 77 61 12 88 43 1 78 46 33 93 14 96 35 13 23 35 48 88 54 2 27 43 15 63 87 58 79 53 74 46 48 63 68 84 61 62 51 62 3 74 70 87 4 58 44 32 93 39 27 31 1 38 21 37 36 5 9 34 29 22 75 41 31 11 65 67 90 9 11 9 19 83 80 45 8 43 34 36 86 35 85 43 64 53 9 96 82 43 73 11 34 16 41 16 67 58 50 91 11 55 78 63 17 32 43 10 74 50 10 39 70 75 44 61 83 14 7 79 100 48 79 40 69 38 94 9 10 51 33 51 31 60 50 85 80 19 28 54 88 57 13 93 53 6 69 78 77 99 91 62 79 33 28 19 34 57 19 67 94 44 39 18 70 92 51 56 34 75 59 31 56 10 79 96 9 26 87 29 62 85 35 78 56 67 39 22 29 52 88 71 99 87 21 10 87 69 23 21 21 24 48 83 14 77 59 62 79 5 79 19 19 67 62 75 9 35 25 34 1 58 99 36 17 35 89 80 19 2 82 55 83 100 46 89 61 32 53 55 68 67 92 15 15 8 37 61 38 54 88 51 3 61 72 16 75 28 30 2 30 80 49 72 65 7 54 31 48 97 75 37 49 94 51 49 59 72 82 32 67 14 64 3 88 15 79 68 67 48 51 31 83 37 80 95 82 42 47 47 44 54 35 12 77 14 3 40 57 2 21 27 38 58 48 59 34 91 22 93 26 98 89 18 50 39 5 80 66 49 21 62 7 15 25 7 38 46 55 70 1 71 13 55 92 70 27 62 6 84 33 66 42 7 67 5 49 87 36 35 82 45 81 61 47 84 97 42 2 82 36 38 66 72 41 48 72 81 55 92 20 51 85 17 70 84 83 30 1 66 95 89 88 82 31 20 51 12 57 40 88 72 10 48 63 65 61 55 1 96 27 38 47 85 88 60 71 47 86 87 75 69 10 22 98 56 18 88 23 13 64 89 57 76 63 54 36 23 99 82 14 39 93 99 66 51 14 61 73 35 99 25 63 94 1 24 27 88 51 6 97 38 23 36 28 93 50 92 3 71 4 96 30 39 76 2 25 51 24 4 24 99 54 17 14 35 22 2 13 11 93 77 87 42 47 77 74 89 28 25 17 64 86 71
1 518 6
1 477 8
1 528 1
1 379 10
1 367 1
1 363 4
1 631 1
1 346 2
1 782 5
1 415 10
1 913 9
1 261 3
1 242 6
1 238 6
1 517 9
1 628 9
1 162 6
1 161 5
1 408 9
1 131 4
1 124 6
1 121 3
1 113 2
1 112 4
1 411 8
1 453 9
1 106 9
1 101 3
1 95 9
1 87 9
1 68 5
1 59 5
1 966 1
1 54 6
1 46 10
1 43 3
1 38 4
1 35 6
1 24 10
1 22 4
1 16 2
1 13 1
1 11 5
1 9 8
1 7 8
1 6 1
1 5 10
1 3 2
1 2 6
2 772 6
2 438 8
2 300 4
2 292 1
2 814 5
2 227 1
2 214 10
2 587 7
2 191 7
2 186 6
2 777 9
2 142 7
2 140 2
2 745 3
2 622 2
2 945 7
2 109 1
2 855 1
2 946 4
2 78 9
2 76 1
2 644 10
2 49 4
2 440 3
2 26 7
2 8 2
2 3 4
3 740 1
3 306 1
3 299 6
3 944 7
3 247 2
3 540 5
3 176 5
3 142 1
3 992 8
3 96 8
3 81 8
3 66 4
3 29 4
3 14 9
4 772 3
4 390 1
4 597 6
4 935 9
4 930 8
4 180 3
4 416 3
4 135 1
4 477 3
4 116 3
4 632 1
4 55 10
4 38 7
4 11 2
4 556 8
5 501 5
5 357 7
5 330 7
5 669 2
5 711 7
5 112 1
5 70 5
5 69 6
5 28 1
5 22 5
5 20 1
5 7 3
6 330 5
6 517 5
6 31 8
7 423 6
7 114 7
7 667 10
7 22 5
8 488 5
8 292 2
8 842 8
8 958 1
8 266 7
8 141 3
8 12 2
9 525 1
9 682 9
9 343 5
9 331 8
9 909 1
9 297 2
9 552 4
9 234 5
9 171 5
9 894 8
9 82 9
9 71 8
9 797 8
9 658 4
9 35 3
9 421 5
9 965 3
9 18 5
9 16 7
9 14 7
9 13 3
9 11 1
10 370 8
10 362 3
10 337 1
10 595 1
10 416 2
10 825 8
10 981 10
10 144 2
10 426 2
10 91 7
10 25 2
10 19 7
11 808 1
11 367 6
11 743 2
11 308 8
11 262 7
11 171 6
11 158 2
11 93 7
11 32 2
11 13 6
12 480 3
12 339 1
12 721 6
12 141 5
12 105 3
12 90 2
12 67 1
12 594 6
12 37 3
12 410 7
13 912 4
13 243 5
13 195 10
13 403 9
13 101 1
13 86 8
13 45 3
13 44 4
13 30 9
14 398 4
14 397 2
14 557 7
14 384 2
14 545 3
14 522 2
14 421 7
14 332 3
14 317 9
14 768 1
14 218 1
14 897 8
14 185 6
14 179 3
14 176 7
14 726 7
14 163 7
14 940 10
14 91 5
14 48 6
14 34 4
14 27 8
14 19 1
15 212 5
15 527 2
15 99 1
15 85 1
15 69 8
15 20 1
15 475 2
16 389 9
16 379 3
16 533 5
16 279 9
16 215 6
16 86 7
16 35 1
16 686 9
17 406 9
17 359 8
17 716 7
17 293 3
17 887 9
17 241 3
17 235 1
17 209 8
17 182 2
17 160 1
17 779 2
17 564 5
17 497 9
17 117 7
17 108 2
17 72 7
17 36 9
17 616 4
17 680 6
17 21 7
17 409 7
17 19 10
18 419 3
18 312 1
18 573 8
18 737 8
18 441 5
18 497 8
18 786 1
18 42 2
18 21 3
19 372 10
19 824 1
19 819 3
19 428 9
19 192 5
19 182 1
19 179 10
19 813 2
19 825 6
19 97 1
19 79 1
19 74 9
20 291 9
20 781 9
20 105 4
20 89 8
20 67 9
20 53 9
20 37 10
21 549 3
21 378 7
21 729 8
21 884 8
21 673 7
21 607 6
21 481 5
21 157 1
21 471 9
21 104 5
21 720 2
21 664 9
22 368 7
22 349 9
22 329 5
22 173 6
22 652 1
22 115 1
22 65 8
22 46 6
22 43 3
22 837 9
23 570 3
23 887 6
23 265 7
23 459 8
23 166 8
23 151 2
23 567 3
23 404 4
24 546 2
24 158 5
24 977 3
24 655 5
25 375 2
26 974 3
26 239 10
26 669 4
26 84 7
26 865 7
26 501 5
26 579 9
27 413 10
27 940 5
27 887 3
27 62 1
27 48 10
27 34 7
27 778 4
28 376 1
28 601 7
28 253 10
28 148 7
28 933 9
28 122 3
28 41 5
29 944 8
29 269 4
29 759 4
29 257 5
29 191 1
29 905 1
29 153 9
29 140 3
29 102 8
29 98 8
29 73 3
29 740 1
29 39 10
29 690 9
30 316 10
30 224 1
30 219 4
30 161 7
30 152 8
30 86 7
30 54 3
31 276 1
31 715 8
31 114 9
32 743 10
32 158 5
33 345 3
33 540 3
34 413 4
34 48 3
35 279 3
36 560 5
36 404 6
36 550 5
36 338 5
36 290 5
36 271 10
36 221 5
36 194 7
36 821 9
36 570 6
36 103 2
36 442 7
36 74 5
36 56 5
37 888 3
37 444 6
37 510 9
37 486 2
37 527 4
37 555 9
37 99 1
37 561 10
37 703 2
37 569 10
37 53 1
37 532 6
38 68 1
39 565 9
39 275 4
39 777 1
39 851 9
39 109 8
39 55 6
40 288 7
40 273 1
40 229 7
40 204 3
40 159 3
40 710 6
40 44 10
41 341 6
41 848 8
42 916 2
42 758 2
42 497 5
42 284 8
42 248 10
42 779 4
42 979 8
42 998 7
43 396 2
43 355 5
43 408 6
43 333 1
43 326 9
43 270 6
43 246 3
43 178 10
43 635 1
43 124 5
43 499 8
43 60 7
43 47 3
43 437 10
44 324 9
44 229 8
44 405 7
44 159 6
44 571 7
46 237 4
46 463 1
46 94 6
46 698 2
47 789 3
47 230 9
47 478 1
47 165 1
47 156 8
47 765 5
47 991 7
47 624 3
47 447 6
47 577 5
48 940 8
49 636 2
49 300 10
49 438 1
49 239 7
49 212 10
49 675 9
50 368 6
50 328 6
50 463 5
50 298 1
50 280 6
50 246 4
50 245 1
50 184 2
50 422 9
50 58 1
50 51 10
50 723 5
51 380 6
51 437 5
51 334 4
51 305 4
51 100 3
51 58 5
52 347 8
52 315 10
52 250 6
52 128 8
52 110 8
52 954 3
52 849 10
53 615 6
53 718 7
53 258 6
53 444 5
53 149 1
53 146 8
53 145 1
53 99 4
54 482 5
54 219 7
54 533 4
54 942 4
54 686 3
55 313 7
55 506 7
55 630 7
55 102 8
55 98 4
56 373 5
56 335 4
56 451 2
56 869 1
56 476 3
56 618 4
56 679 2
56 72 3
56 656 2
57 305 2
57 422 8
57 58 1
58 298 2
58 245 2
58 202 6
59 902 6
59 150 6
59 115 1
59 511 10
60 344 7
60 326 3
60 747 3
60 770 2
60 164 3
60 128 1
60 83 2
60 609 10
60 697 6
61 297 3
62 196 5
63 657 1
63 528 6
63 487 10
64 284 6
64 758 1
64 157 7
64 544 3
65 267 5
65 126 8
66 337 4
66 134 9
67 882 2
67 739 10
67 563 4
67 233 7
67 208 9
67 90 7
67 452 2
67 569 8
67 486 1
68 914 1
69 725 10
69 168 8
69 84 6
69 446 5
69 676 8
70 168 3
71 232 7
71 937 2
72 373 7
72 206 7
72 108 5
73 153 2
73 140 6
74 359 8
74 103 8
76 339 9
76 488 5
76 692 9
76 266 1
77 468 2
77 305 1
77 202 7
77 551 1
77 132 5
77 893 8
78 445 8
78 85 1
79 428 10
79 332 6
79 567 10
81 868 4
81 964 10
81 294 5
81 427 6
81 260 6
81 201 2
81 154 7
82 471 3
82 319 1
82 760 3
83 199 8
83 164 2
83 577 4
83 470 3
84 579 6
85 418 5
86 243 8
86 956 1
87 345 6
87 121 4
87 860 2
88 646 10
88 838 9
88 568 10
88 986 5
88 223 8
88 155 2
88 801 4
88 116 7
88 106 2
89 213 4
91 198 6
92 575 10
92 866 2
92 454 9
94 574 2
94 368 10
94 723 2
94 929 2
94 434 7
94 184 3
94 774 2
95 304 2
95 263 9
95 226 5
95 800 3
95 123 8
95 826 10
96 427 7
96 742 1
96 111 7
96 539 3
97 642 7
97 259 7
97 934 8
97 550 2
98 748 1
98 617 6
98 796 9
98 630 2
98 167 3
99 527 3
99 555 5
100 380 10
100 132 5
100 671 2
100 893 8
100 895 3
102 581 8
102 748 7
102 681 8
103 350 10
103 271 7
103 598 6
103 183 2
104 797 9
104 241 1
104 137 1
105 672 8
106 876 2
106 538 2
106 632 9
108 969 4
108 118 10
109 772 4
109 565 8
110 447 7
111 323 9
111 169 8
112 357 2
115 287 7
115 749 7
116 340 5
116 223 1
116 932 9
116 155 8
116 812 1
117 289 6
117 505 6
117 465 9
117 449 8
119 242 9
123 717 3
123 890 2
123 586 7
125 897 2
125 174 1
125 163 8
125 151 7
126 267 7
127 286 8
127 722 2
128 997 5
128 314 6
128 582 4
129 623 2
129 454 8
129 498 10
129 599 9
129 146 4
129 145 2
129 136 5
129 870 4
130 493 5
131 392 4
131 839 10
131 415 8
133 383 4
133 955 5
133 273 4
133 432 3
133 143 5
134 299 2
134 640 6
134 776 6
135 949 5
135 566 6
135 646 6
136 703 3
136 495 6
136 145 7
137 564 1
138 715 9
138 586 4
139 751 8
139 314 3
139 178 9
139 559 3
140 191 8
143 536 7
143 773 2
143 886 9
143 657 8
144 362 9
144 177 9
144 763 5
146 575 8
147 653 3
148 601 7
151 596 6
151 713 4
152 321 7
152 320 6
152 309 7
152 254 10
152 224 5
154 169 9
154 964 5
155 223 3
156 450 5
156 484 9
156 228 1
157 378 4
157 806 1
157 673 7
158 655 1
158 900 7
159 467 6
159 229 1
161 942 4
161 767 2
161 316 9
161 219 4
161 411 10
162 800 9
163 522 3
164 364 5
164 333 8
164 554 9
164 199 3
166 412 10
167 748 1
168 535 4
170 356 2
171 637 1
172 230 3
172 210 10
172 187 5
172 606 5
172 1000 1
172 678 1
174 322 6
174 823 1
175 916 5
175 549 7
175 673 9
176 926 6
179 398 4
179 746 2
179 218 1
180 976 1
180 987 5
180 593 6
181 440 2
181 354 6
181 410 4
181 835 1
181 852 2
181 594 4
183 854 5
183 462 10
184 708 5
185 397 8
185 704 6
185 927 3
186 354 4
186 651 3
186 730 2
187 348 1
187 251 4
187 230 2
187 649 5
188 917 6
189 861 7
191 802 5
191 572 4
191 257 8
191 744 6
191 684 1
192 265 9
193 213 5
193 780 3
193 208 1
193 962 5
194 271 2
194 807 2
196 249 3
197 507 6
197 289 5
197 449 5
197 443 9
197 465 5
198 996 10
198 207 6
198 719 9
198 833 10
199 333 3
199 947 1
201 959 5
201 225 9
203 817 8
205 384 5
205 557 10
206 369 2
206 618 5
206 659 1
206 881 8
206 451 5
206 508 2
207 461 9
207 663 9
211 874 9
211 362 6
211 626 7
211 763 5
211 600 6
211 761 4
212 374 8
213 754 3
213 371 2
213 962 2
214 945 9
214 572 1
215 482 7
215 608 10
215 533 10
216 739 3
217 631 1
217 408 7
218 332 9
221 259 8
221 650 10
223 340 9
224 311 8
224 839 6
224 892 3
225 283 7
225 937 3
227 239 9
227 636 5
227 438 10
229 400 9
229 571 6
229 296 10
229 252 1
229 424 9
230 251 1
231 595 6
232 965 9
232 504 2
234 818 3
234 345 6
234 256 9
235 359 7
235 409 2
235 406 4
235 604 4
235 829 5
236 251 4
240 268 9
240 670 7
241 764 9
242 302 5
243 960 8
243 957 1
244 744 3
244 583 1
244 257 4
244 572 5
246 952 1
246 437 5
246 629 3
247 613 6
250 347 6
250 633 6
251 785 8
252 281 1
253 376 7
254 352 8
254 790 3
255 363 2
256 847 4
257 648 7
257 690 5
257 973 5
257 417 8
258 361 1
258 689 3
259 462 7
259 515 5
261 977 9
264 780 7
268 683 9
269 905 2
269 724 7
270 862 2
271 433 6
272 351 4
273 886 5
275 502 7
275 627 7
276 304 1
276 542 3
277 607 2
277 877 10
277 481 7
279 303 9
280 574 7
281 435 1
282 960 10
282 798 10
283 937 6
284 544 4
284 908 3
285 460 3
285 710 9
287 667 3
287 407 8
288 939 7
289 465 9
289 941 2
290 369 1
293 505 6
293 836 3
293 443 1
293 872 9
294 395 4
296 435 8
297 637 1
298 385 5
298 885 8
299 999 3
300 700 7
305 468 1
305 547 5
308 367 9
310 715 2
312 471 2
312 760 7
313 796 7
315 683 7
315 558 6
319 331 10
319 425 3
321 352 10
324 467 9
326 953 5
326 971 2
327 668 1
328 422 3
329 520 3
333 364 2
335 338 10
336 501 6
337 416 5
339 594 8
341 472 7
342 520 3
343 658 10
344 770 3
344 849 5
344 633 10
346 891 1
348 785 5
350 391 2
352 509 7
356 562 7
357 711 9
359 409 10
362 519 3
362 763 3
363 518 8
364 978 2
365 785 3
365 915 10
366 649 5
366 666 5
369 603 8
370 592 3
372 464 10
372 819 3
373 656 1
373 943 3
375 716 8
375 455 1
378 625 10
381 843 5
385 885 7
387 619 9
388 469 4
388 433 8
388 906 4
388 442 2
397 545 9
397 621 7
398 746 6
402 816 7
404 654 5
404 570 8
407 830 8
408 863 7
409 604 5
410 835 9
411 453 8
417 690 9
417 963 3
418 745 4
420 552 8
421 441 3
421 737 2
424 514 7
425 822 7
427 815 5
427 662 9
430 678 5
434 652 10
437 948 3
437 850 4
439 585 5
440 788 6
440 809 1
440 448 2
441 731 10
443 456 8
443 449 7
443 836 1
446 883 2
447 789 2
447 706 5
449 896 9
450 470 7
450 496 1
450 529 4
450 491 2
452 480 10
456 523 1
456 951 7
459 704 10
461 756 9
462 515 6
471 760 6
474 952 8
477 538 9
481 729 7
486 563 5
487 820 6
487 912 8
487 993 3
488 958 7
488 692 3
490 694 5
490 709 1
491 529 7
492 684 10
495 524 7
495 665 3
496 612 1
502 593 5
503 698 7
504 661 10
505 836 3
505 872 9
512 856 2
515 650 4
516 994 1
519 600 7
519 526 5
521 847 1
521 909 3
523 984 6
526 626 9
532 665 1
536 975 3
542 738 1
543 881 4
550 813 5
552 844 1
555 784 4
556 949 8
556 597 4
556 566 3
558 582 3
560 821 2
560 709 8
563 882 1
565 777 6
567 803 5
575 599 8
582 755 2
582 674 1
586 810 1
586 677 3
586 620 7
588 686 10
589 946 2
595 827 3
596 823 10
597 970 3
597 928 1
598 687 7
599 623 10
604 898 7
605 936 9
607 884 4
614 922 7
615 718 8
623 889 9
624 991 6
632 930 9
633 770 10
634 792 7
634 818 5
648 685 7
648 732 6
649 666 6
651 809 6
651 989 6
655 900 1
674 755 7
683 954 4
689 781 3
693 733 2
697 997 9
712 734 5
717 890 8
723 853 9
732 903 9
741 923 2
742 757 3
747 997 2
754 962 1
756 867 7
785 915 4
789 910 8
798 960 3
798 956 7
801 917 9
803 985 10
806 916 5
812 983 6
820 993 4
823 859 2
824 845 6
828 908 8
851 901 5
854 934 2
868 964 1
876 995 7
876 899 7
899 995 9
907 926 3
916 998 2
953 971 7
979 998 1
