1000 1197
5 77 74 6 28 18 26 98 8 90 89 99 11 33 68 66 81 8 95 56 15 63 99 6 10 30 73 14 83 94 22 59 9 9 77 37 7 44 67 14 16 17 9 76 62 15 76 56 69 35 62 32 73 87 41 55 47 21 96 46 66 13 2 40 69 97 18 54 40 35 41 18 62 71 70 75 6 37 55 11 27 43 41 70 95 76 38 17 83 13 86 96 24 88 87 38 67 78 13 77 68 58 48 71 9 7 95 88 79 31 66 53 49 40 32 24 68 97 95 67 54 78 1 2 63 34 24 26 5 48 45 76 43 6 39 11 92 32 95 65 57 1 90 31 81 10 93 4 19 43 12 24 83 81 56 20 88 10 86 10 25 55 76 88 43 31 89 15 5 41 57 50 17 29 13 25 13 56 2 63 70 28 35 88 28 31 10 93 90 53 22 91 64 49 67 96 73 17 42 87 20 48 31 21 47 30 39 72 38 77 99 36 27 51 98 91 33 93 94 3 13 40 11 21 82 15 64 31 48 94 88 42 3 8 20 71 64 91 6 29 47 58 34 84 51 50 56 65 14 16 47 41 24 46 66 10 60 2 41 3 71 45 79 2 88 75 55 86 66 17 98 68 6 78 16 62 97 71 96 68 80 63 40 66 42 5 77 65 95 21 92 44 6 80 24 70 9 17 54 31 51 57 31 25 52 98 43 91 79 64 37 60 24 76 25 5 72 12 14 65 32 47 47 2 96 7 11 24 77 78 22 46 49 38 5 11 20 9 93 32 99 92 99 69 76 28 30 55 78 52 8 58 100 14 67 50 23 81 18 24 38 25 72 51 52 74 50 93 56 68 1 32 23 81 93 32 39 97 72 8 29 29 62 25 77 59 61 93 54 35 65 24 33 93 86 46 36 77 10 85 58 33 22 50 75 52 35 2 80 1 97 98 15 89 93 66 80 77 84 58 60 8 4 47 8 60 56 97 55 47 26 100 44 94 75 72 84 57 8 10 19 40 46 81 90 23 73 100 79 9 99 22 13 8 60 45 73 74 63 20 7 51 95 25 68 92 6 89 52 13 40 55 25 27 73 40 37 79 35 31 56 57 65 16 69 30 31 44 85 47 24 13 83 90 52 78 24 30 34 28 88 8 57 81 16 17 84 10 13 11 49 11 1 28 53 74 43 67 79 33 87 51 73 83 61 92 93 77 56 47 92 41 71 84 66 51 46 74 40 41 60 18 5 7 98 10 49 41 49 83 36 1 70 46 45 41 46 74 60 49 53 44 50 42 23 58 79 53 94 77 14 1 80 27 96 11 7 61 23 62 29 38 48 68 73 86 64 55 51 81 18 51 9 51 13 54 75 49 100 4 97 49 10 73 56 44 18 68 19 16 4 60 87 16 83 58 5 52 65 64 94 27 50 55 93 89 22 68 36 27 28 5 45 80 100 65 12 45 36 45 53 26 62 7 4 84 64 31 41 79 57 58 52 49 42 51 50 82 90 70 77 23 15 21 15 45 9 54 92 15 85 88 76 34 36 28 14 97 83 91 46 75 18 2 41 55 68 32 94 45 3 89 61 33 53 61 63 52 94 11 23 3 97 68 62 79 59 83 1 72 98 11 51 20 43 72 23 77 63 70 52 26 95 12 39 57 79 36 74 53 19 6 53 67 3 89 94 98 61 9 8 40 48 91 18 81 9 53 71 55 1 36 30 66 8 65 82 12 38 90 73 59 29 89 77 1 94 3 43 73 40 50 98 12 98 9 78 52 42 61 58 74 27 68 71 94 25 88 74 33 61 96 45 61 99 65 59 33 31 27 83 100 6 87 5 14 35 4 90 29 74 22 25 17 73 22 6 68 27 31 92 19 44 44 9 12 81 96 44 53 96 47 82 87 3 58 82 80 34 4 41 84 91 12 55 60 17 5 34 56 99 95 8 50 56 18 10 11 20 9 38 54 94 99 39 86 76 48 69 20 12 99 40 28 25 59 23 40 72 54 70 96 12 7 71 46 40 58 71 17 38 21 68 69 72 79 81 76 56 94 66 8 32 19 60 14 55 55 2 57 98 25 47 89 37 39 80 93 58 83 5 5 84 76 83 93 42 29 72 40 26 23 72 94 21 41 65 56 9 7 67 44 12 14 45 65 29 74 60 46 97 14 67 44 51 19 90 66 68 13 39 2 21 89 53 8 48 66 53 5 59 52 10 77 79 81 10 72 18 90 29 15 15 40 48 63 68 48 79 58 5 59 13 67 72 85 34 45 51 71
1 371 2
1 477 9
1 962 7
1 733 2
1 435 2
1 213 6
1 734 3
1 199 4
1 844 4
1 185 4
1 169 5
1 441 3
1 114 9
1 91 8
1 80 7
1 604 9
1 22 2
1 672 5
1 2 7
2 119 3
2 440 10
2 27 6
2 7 10
2 4 9
2 3 10
3 726 5
3 356 4
3 354 3
3 957 8
3 499 7
3 274 7
3 448 3
3 224 8
3 210 10
3 196 6
3 557 10
3 183 6
3 945 2
3 571 2
3 729 10
3 573 1
3 519 9
3 138 9
3 748 3
3 122 2
3 119 3
3 115 10
3 98 3
3 614 8
3 73 5
3 50 2
3 413 4
3 30 10
3 718 5
3 24 6
3 23 4
3 21 1
3 439 3
3 13 2
3 12 7
3 9 3
3 4 7
4 378 3
4 1000 5
4 283 1
4 281 9
4 720 5
4 234 9
4 207 9
4 203 9
4 171 3
4 151 5
4 836 1
4 119 3
4 55 9
4 27 6
4 5 8
5 354 7
5 351 6
5 342 7
5 887 9
5 257 3
5 245 9
5 962 4
5 184 2
5 176 5
5 413 10
5 150 8
5 93 2
5 90 5
5 89 7
5 939 1
5 31 10
5 8 7
6 398 5
6 923 8
6 903 5
6 364 5
6 330 3
6 753 3
6 318 7
6 307 2
6 302 2
6 435 4
6 301 7
6 239 10
6 236 3
6 222 3
6 210 6
6 817 6
6 615 1
6 126 7
6 99 2
6 976 9
6 69 9
6 59 9
6 752 8
6 39 9
6 35 8
6 637 4
6 29 6
6 24 5
6 19 1
7 27 6
8 380 5
8 295 3
8 254 8
8 204 7
8 695 3
8 706 3
8 164 2
8 850 10
8 116 8
8 89 1
8 9 4
9 850 3
9 180 2
9 518 2
9 62 9
9 825 3
9 815 10
9 11 5
10 329 8
10 312 8
10 249 4
10 714 9
10 191 7
10 182 2
10 965 3
10 164 9
10 825 6
10 896 5
10 992 9
10 999 5
10 33 5
10 11 9
11 348 8
11 269 6
11 261 4
11 255 5
11 233 2
11 228 8
11 518 6
11 190 8
11 601 4
11 762 3
11 50 5
11 825 10
11 12 2
11 963 5
12 795 5
12 300 4
12 584 3
12 186 5
12 573 8
12 34 1
13 400 5
13 360 5
13 356 2
13 423 9
13 268 10
13 552 6
13 170 8
13 156 1
13 153 9
13 538 5
13 85 8
13 78 3
13 77 1
13 73 7
13 65 1
13 63 3
13 972 8
14 600 5
14 349 5
14 309 3
14 277 5
14 488 2
14 262 5
14 556 4
14 551 1
14 200 7
14 195 5
14 189 5
14 801 2
14 117 3
14 624 8
14 88 3
14 79 3
14 740 8
14 480 3
14 54 6
14 587 9
14 590 6
14 42 1
14 686 8
14 20 5
14 15 5
15 516 9
15 252 7
15 125 5
15 46 3
15 776 5
15 17 5
16 371 8
16 610 7
16 491 5
16 229 1
16 479 10
16 193 1
16 137 9
16 135 7
16 105 3
16 91 3
16 86 7
16 83 5
16 742 1
16 70 1
16 64 3
16 58 1
16 721 9
16 52 4
16 26 9
16 18 8
17 370 7
17 974 1
17 345 4
17 137 8
17 86 6
17 70 9
17 60 10
18 368 1
18 616 6
18 323 6
18 290 3
18 288 7
18 230 3
18 220 10
18 955 1
18 165 6
18 758 4
18 105 6
18 95 9
18 81 9
18 71 5
18 46 3
18 42 5
18 870 4
19 406 9
19 369 1
19 315 8
19 586 9
19 299 8
19 512 7
19 471 3
19 157 7
19 134 9
19 900 9
19 93 8
19 881 5
20 545 5
20 993 2
20 220 5
20 616 7
21 425 10
21 676 1
21 837 8
21 474 7
21 412 8
21 245 7
21 171 7
21 683 8
22 371 2
22 244 1
22 701 5
22 70 5
23 667 10
23 322 7
23 310 5
23 594 9
23 297 3
23 278 7
23 542 6
23 269 2
23 603 1
23 261 4
23 181 7
23 172 2
23 97 2
23 607 9
24 979 10
24 265 7
24 988 4
24 749 1
24 166 7
24 163 4
24 155 8
24 138 1
24 964 7
24 830 3
24 82 5
24 73 1
24 56 4
24 40 9
24 35 7
24 28 8
25 292 1
26 376 3
26 262 7
26 193 5
26 175 4
26 640 3
26 993 6
28 770 7
28 797 7
28 120 5
28 82 1
28 39 7
28 29 4
29 384 7
29 343 10
29 308 3
29 296 5
29 289 6
29 581 3
29 737 7
29 222 4
29 656 7
29 521 8
29 731 5
29 618 10
29 106 2
29 453 3
29 66 7
29 428 2
29 59 7
29 45 4
29 39 2
29 37 9
29 30 9
30 731 10
30 941 9
30 240 4
30 805 2
30 933 10
30 796 4
30 132 1
30 588 3
30 92 5
31 628 1
31 691 3
31 673 6
31 778 4
31 176 9
31 36 6
32 598 7
32 338 3
32 336 7
32 843 6
32 644 7
32 201 2
32 162 5
32 901 4
32 94 1
32 58 10
32 54 2
32 52 4
33 367 10
33 950 1
33 312 1
33 897 3
33 253 6
33 248 2
33 483 3
33 130 1
33 674 5
33 47 6
34 915 1
34 431 4
34 104 5
34 43 10
35 954 8
35 427 1
35 306 7
35 804 1
35 226 10
35 140 8
35 76 7
35 622 6
35 902 3
36 565 8
36 55 5
37 384 7
37 285 5
37 620 3
37 521 6
38 654 4
38 374 10
38 362 7
38 316 4
38 459 8
38 939 5
38 661 1
38 404 9
38 150 6
38 615 7
38 128 7
38 471 10
38 112 5
38 110 1
38 899 5
38 532 7
39 539 2
39 495 10
39 148 10
39 59 8
40 564 6
40 987 3
40 730 7
40 642 9
40 842 9
40 113 8
40 69 1
40 49 9
41 193 10
42 252 1
42 870 10
42 871 8
42 437 7
42 947 2
42 79 2
42 57 1
42 46 1
42 725 9
42 955 8
42 677 9
43 238 2
43 573 9
44 204 3
44 191 9
44 180 3
44 896 8
45 475 2
45 494 10
45 823 2
45 343 7
45 325 8
45 307 1
45 481 10
46 399 3
46 81 5
47 361 3
47 544 5
47 249 8
48 858 4
48 714 6
48 332 1
49 730 6
49 68 8
49 63 2
50 632 5
50 589 1
50 196 3
50 639 3
50 603 6
50 97 9
50 606 6
51 429 5
51 806 10
51 407 2
51 133 8
51 478 5
52 284 4
52 888 1
53 716 3
53 886 7
53 199 1
53 546 1
53 995 1
53 527 5
54 909 6
54 605 4
54 402 6
54 457 10
54 287 5
54 272 7
54 136 3
54 509 9
54 117 3
54 497 10
54 72 2
54 64 9
55 628 2
55 822 1
56 427 5
56 124 6
57 349 7
57 613 3
57 79 7
58 721 3
58 336 8
58 535 1
59 161 9
59 148 4
59 106 4
60 385 7
60 313 3
60 522 8
60 266 6
60 912 4
60 87 7
61 818 1
61 284 5
61 143 9
61 443 6
62 649 4
62 327 8
62 246 3
62 243 3
63 446 8
63 320 2
63 782 8
63 774 4
63 159 10
63 147 8
63 868 8
64 365 1
65 808 7
65 465 8
65 178 10
65 793 5
66 397 9
66 347 4
66 308 8
66 436 2
66 438 8
66 161 10
66 148 10
66 139 5
66 876 10
66 495 2
67 501 3
67 946 4
67 145 2
67 118 5
67 834 8
67 75 10
68 558 1
68 621 1
68 159 3
68 968 9
68 465 3
69 396 9
69 780 2
69 242 3
69 113 1
69 78 8
70 345 2
70 251 4
70 549 9
71 399 3
71 634 5
71 936 6
71 682 6
71 235 4
71 498 1
71 866 4
71 790 2
72 444 4
72 363 5
72 801 8
72 117 2
73 138 9
73 513 3
73 735 6
74 322 3
75 463 5
75 297 6
75 572 9
75 118 8
76 510 2
76 715 6
76 265 1
76 902 6
76 473 3
76 155 9
76 739 4
77 401 6
77 943 2
77 499 5
77 560 7
78 383 7
78 911 10
78 202 8
78 187 8
78 129 6
78 85 4
78 485 8
78 835 2
79 732 3
79 195 8
79 141 4
79 131 1
79 437 5
79 983 4
80 567 7
80 974 7
80 333 2
80 108 8
81 392 5
81 792 6
81 725 7
82 101 5
85 713 8
85 187 2
85 129 4
85 864 1
86 635 6
86 479 1
86 137 7
88 981 10
88 665 7
88 416 1
88 100 3
88 801 1
89 337 7
89 305 9
90 970 7
92 301 8
92 903 3
94 736 7
94 598 6
94 960 5
94 813 9
94 576 6
94 843 10
94 921 6
94 422 7
94 665 6
94 162 5
94 109 1
96 229 10
97 391 4
98 898 7
98 227 6
98 174 10
98 102 8
99 515 8
100 484 6
100 339 3
100 219 1
100 416 9
103 721 10
104 657 8
104 596 10
105 980 5
105 414 5
106 330 8
106 548 4
106 127 4
106 807 4
107 704 3
107 267 2
107 176 7
109 338 9
109 736 5
109 665 1
109 451 6
109 901 8
110 247 8
110 154 10
110 149 1
110 121 1
110 894 6
111 350 6
111 131 4
112 334 9
112 157 3
112 771 2
112 767 4
113 593 8
114 985 4
114 185 2
115 857 1
115 335 2
115 579 3
115 944 9
115 264 10
115 800 7
115 933 10
116 274 7
116 430 10
117 363 9
117 492 5
117 189 4
117 509 2
117 136 4
117 590 5
117 523 6
119 812 3
120 146 4
120 140 3
121 374 8
121 173 3
121 128 1
123 152 2
124 393 9
124 426 9
125 871 1
128 951 6
128 454 7
128 873 8
128 869 5
129 396 1
129 383 3
130 483 10
131 983 2
132 557 8
132 335 2
132 211 8
132 938 7
135 647 10
136 160 10
138 681 2
139 258 5
142 243 4
144 809 1
145 286 2
145 270 1
145 221 8
145 865 9
145 784 10
146 619 6
146 747 5
147 400 7
149 334 6
150 913 4
151 283 2
151 194 10
151 411 3
151 720 2
154 654 5
154 489 6
154 459 10
156 794 7
158 466 2
159 840 5
159 793 5
159 558 2
160 218 1
160 624 8
160 712 4
161 397 5
161 653 2
161 289 3
161 876 2
161 543 3
162 201 9
162 851 5
164 751 7
165 824 10
165 271 3
165 670 3
165 232 10
165 498 7
167 321 3
167 650 3
167 406 3
167 504 8
168 197 2
169 733 8
169 450 4
171 203 10
174 326 4
174 237 3
174 785 9
175 722 1
175 916 5
175 262 9
175 409 1
176 342 9
176 673 8
177 515 9
177 315 5
178 432 1
178 446 7
178 868 5
178 500 2
180 217 8
181 841 5
182 348 4
182 999 1
182 714 4
184 474 2
184 814 1
184 777 7
185 839 9
186 680 7
186 327 4
186 649 7
186 810 10
190 346 4
192 200 4
193 853 3
193 353 10
193 925 5
193 883 3
194 887 3
195 349 4
195 551 5
196 223 5
196 865 5
197 659 9
197 879 10
197 671 7
200 861 1
201 598 1
201 991 2
202 387 9
202 791 8
203 256 3
203 684 6
204 655 2
206 339 7
207 527 5
208 623 7
210 435 6
210 708 4
211 358 10
211 335 2
211 608 10
214 811 3
214 593 9
215 474 9
215 746 8
217 298 9
218 909 1
218 272 6
218 497 9
218 744 10
218 712 3
218 918 2
218 605 10
219 422 10
219 488 9
219 482 8
221 781 10
221 286 10
221 270 8
221 501 2
221 884 9
222 481 7
222 976 3
223 456 2
224 361 10
224 253 7
225 386 5
225 464 9
225 443 4
226 393 6
227 703 10
227 632 7
227 727 3
229 359 4
230 758 10
230 232 8
231 728 4
232 271 3
233 667 9
233 332 1
234 466 5
237 255 3
240 796 3
240 307 4
240 958 7
241 252 6
241 511 5
241 583 3
242 911 8
242 791 9
244 251 2
245 275 5
247 554 10
247 855 3
247 459 4
247 404 7
250 900 9
252 442 9
254 794 4
254 268 6
254 577 10
254 423 5
256 314 2
256 412 7
256 534 5
258 495 7
262 376 8
262 916 6
264 415 2
266 388 8
266 313 2
267 508 10
267 704 8
270 781 7
270 589 4
271 824 10
272 605 3
273 352 8
274 304 9
274 430 2
275 802 3
276 299 9
279 469 4
280 427 1
281 378 5
282 671 1
283 493 3
284 818 9
285 800 3
288 323 6
289 397 2
289 656 10
289 653 10
289 543 4
291 306 7
294 490 4
294 703 6
297 502 3
300 795 2
302 976 10
305 364 7
306 692 4
306 759 10
307 880 3
307 958 5
307 494 4
309 344 10
309 602 3
312 317 10
313 388 10
313 460 3
313 445 5
315 369 2
315 881 5
316 382 7
316 532 5
316 512 4
316 688 6
317 367 3
319 720 2
319 724 6
319 669 9
323 827 1
324 331 8
324 698 10
329 999 10
330 807 4
331 728 6
334 846 3
335 579 9
336 447 4
339 799 6
340 580 2
340 403 5
342 697 5
344 638 5
345 370 8
345 738 10
346 348 10
349 528 2
349 551 5
351 411 3
354 970 3
355 717 4
355 448 2
355 525 1
356 408 10
357 389 5
357 985 3
359 663 3
360 485 5
361 904 6
362 927 4
365 480 1
366 874 2
367 496 1
367 434 1
370 738 10
373 705 3
378 643 5
381 501 7
383 928 6
383 526 4
384 521 2
384 832 5
384 428 1
385 461 5
385 723 8
388 975 5
389 985 10
391 841 9
391 594 4
394 597 2
394 582 5
394 975 8
394 522 1
395 596 8
397 575 2
397 472 7
398 410 5
399 765 4
401 943 9
401 696 9
402 523 1
403 444 6
405 770 3
407 595 10
407 478 9
407 429 4
410 753 1
412 885 9
414 980 3
420 782 9
421 446 6
421 953 9
422 559 3
422 556 1
422 488 3
423 577 1
425 711 9
425 645 2
427 689 3
429 595 6
432 626 4
432 840 1
433 731 1
439 675 7
442 947 5
444 503 9
449 578 10
451 547 7
453 832 8
453 618 6
454 869 10
457 693 8
458 886 2
459 661 5
460 949 3
461 878 4
462 928 1
462 526 3
463 572 9
470 555 2
470 634 2
472 575 8
472 543 6
482 921 10
482 576 8
485 835 1
486 812 5
489 894 10
492 509 8
496 992 1
498 917 3
501 787 3
505 636 2
507 932 3
510 973 4
513 735 6
518 630 6
520 931 2
520 844 10
520 779 9
522 582 5
522 912 9
522 949 5
528 893 5
528 919 2
528 740 3
533 693 7
536 922 8
537 904 6
538 564 10
546 995 3
549 766 3
550 883 3
553 766 8
554 763 9
555 936 5
556 559 3
564 761 9
565 628 6
565 822 9
565 668 1
566 646 5
573 584 8
576 826 7
579 608 4
582 597 5
583 677 9
584 614 5
586 838 3
587 960 2
591 986 3
597 687 4
598 991 4
600 816 4
601 606 9
604 839 5
609 874 10
611 631 6
612 749 6
613 754 8
618 832 9
619 747 3
621 756 10
622 954 7
633 844 7
636 990 6
636 802 10
642 972 10
653 656 3
653 820 6
665 856 10
665 981 6
665 736 3
680 810 2
682 765 10
682 790 8
699 932 8
701 877 6
711 956 4
713 864 8
715 831 9
715 757 6
715 902 7
715 926 4
717 996 4
717 859 4
717 997 2
729 935 9
729 786 7
734 779 1
740 862 3
740 867 4
745 828 7
757 804 7
757 831 5
757 926 10
770 988 8
773 853 5
774 808 10
782 889 10
786 800 3
791 821 8
793 860 8
796 942 5
799 813 8
799 967 2
801 872 2
813 967 1
815 828 7
820 989 10
830 988 10
831 926 3
834 966 10
842 987 9
856 981 3
859 997 8
862 919 1
869 951 8
891 912 5
895 947 10
906 917 6
913 927 4
984 992 8
996 997 3
