1000 1197
5 5 76 43 79 2 98 95 2 5 23 40 84 47 56 34 95 100 85 6 61 2 48 86 63 72 20 1 43 35 26 81 71 81 70 22 41 60 55 54 31 65 9 43 100 75 84 44 5 5 88 4 98 56 50 26 5 39 59 35 32 59 50 42 52 11 11 16 2 91 98 19 30 82 10 75 55 21 41 59 65 29 11 76 29 85 59 99 9 96 85 85 69 96 83 43 61 22 85 26 56 85 82 94 20 70 20 91 5 29 77 87 58 98 5 30 23 44 61 64 16 39 50 30 53 71 69 56 44 27 88 75 14 28 17 100 21 1 70 57 15 15 19 96 23 54 95 44 90 100 79 89 73 55 51 67 21 83 7 66 1 39 30 91 97 6 10 92 68 1 85 7 40 32 81 7 65 51 62 40 31 95 39 91 71 62 61 67 9 12 95 83 67 67 45 65 34 56 67 97 13 76 6 53 29 4 39 27 13 23 1 92 41 15 78 41 95 86 92 95 90 37 95 96 1 2 16 47 76 89 40 54 6 12 83 74 18 25 78 36 98 41 22 75 99 98 23 36 32 20 4 29 84 58 35 70 97 87 66 7 21 19 36 94 53 23 68 96 34 91 35 59 6 92 15 36 18 80 28 11 56 64 86 25 31 69 86 46 98 31 20 39 86 36 99 67 46 73 66 44 43 32 57 39 54 26 55 7 14 35 3 74 63 4 73 7 5 19 95 33 9 86 30 16 49 83 33 65 38 69 40 29 81 56 9 67 96 27 98 55 39 59 50 99 44 13 69 55 73 23 18 18 17 71 52 17 62 15 32 98 47 12 61 65 4 25 9 52 99 76 9 53 4 80 86 42 83 91 54 4 69 95 100 62 35 99 26 77 2 84 36 47 93 95 2 77 74 15 34 98 82 30 100 95 56 33 79 90 36 73 51 98 57 94 65 10 57 53 83 96 100 11 87 17 33 68 73 98 17 82 70 2 60 32 41 7 65 33 33 100 39 19 46 40 77 93 79 51 64 29 28 69 79 39 36 89 29 97 69 32 68 28 86 6 77 7 70 65 40 20 15 68 95 16 64 58 42 84 30 9 40 29 77 14 43 38 64 91 26 79 4 8 76 51 41 4 44 38 19 29 3 38 28 2 23 75 59 35 61 34 20 58 68 18 62 2 76 16 56 68 95 32 3 71 83 51 21 25 69 23 79 26 36 18 38 35 59 26 46 23 94 9 45 21 7 16 83 57 71 52 7 96 22 57 100 1 73 2 37 12 87 44 28 3 71 81 32 18 6 67 66 36 89 4 39 74 88 100 81 41 26 15 57 76 59 51 1 71 26 79 82 2 72 41 59 98 20 39 34 15 18 24 11 18 30 35 80 62 43 27 45 10 43 18 48 77 63 56 45 99 30 61 33 76 16 96 57 44 93 77 96 35 94 22 59 33 49 79 70 22 54 7 51 1 95 12 24 85 34 99 51 66 28 87 27 27 35 40 16 48 37 69 11 69 86 51 34 40 94 22 44 26 76 47 9 78 92 16 55 60 81 87 37 21 58 10 38 74 37 32 77 8 71 30 98 20 25 44 14 53 87 42 4 75 36 39 79 28 74 80 52 64 16 48 21 28 6 57 59 71 3 63 54 62 70 40 26 58 59 84 78 32 92 70 77 39 32 44 64 49 49 39 66 35 39 73 90 7 72 97 43 16 63 73 26 10 9 59 72 66 85 87 91 75 20 56 22 52 34 43 23 1 5 71 22 25 44 8 58 49 62 11 97 68 28 14 35 73 10 26 33 47 89 39 78 42 33 2 75 51 94 28 60 8 28 82 56 69 18 85 13 68 61 6 48 64 74 22 33 1 4 39 3 41 25 5 71 48 51 61 53 58 98 49 74 40 2 95 17 28 65 55 88 38 80 73 43 64 22 29 96 31 97 94 87 43 52 12 80 80 23 10 91 86 45 43 87 63 74 42 19 75 91 97 29 8 28 23 52 59 70 66 54 73 76 65 8 13 46 19 47 23 43 54 95 87 21 81 75 14 19 72 39 66 99 91 96 30 85 16 63 22 62 52 14 68 87 29 79 24 14 78 82 59 22 13 8 90 95 35 70 75 77 1 55 30 91 81 34 69 18 84 9 94 2 60 24 46 5 23 41 48 28 79 51 38 78 57 86 79 56 65 76 86 29 15 63 71 37 4 34 76 39 16 11 47 90 83 14 100 51 86 54 47 50 90 82 55 67 83 43 83 72 83 37 74 8 18 97 71
1 662 5
1 325 10
1 286 1
1 899 2
1 471 6
1 74 2
1 528 3
1 716 10
1 841 5
1 781 4
2 879 4
2 752 6
2 709 9
2 320 2
2 248 2
2 587 2
2 143 4
2 97 3
2 766 5
2 515 4
2 77 3
2 447 7
2 742 7
2 34 9
2 25 6
2 6 7
2 5 3
2 4 9
3 421 6
3 370 7
3 689 4
3 339 2
3 480 2
3 294 6
3 550 5
3 455 7
3 280 10
3 577 4
3 437 3
3 445 2
3 219 7
3 585 10
3 188 10
3 164 5
3 162 6
3 152 4
3 151 2
3 602 8
3 436 8
3 123 8
3 120 3
3 82 3
3 80 6
3 70 10
3 68 5
3 60 3
3 634 5
3 900 6
3 11 2
3 7 10
4 853 7
4 710 10
4 673 3
4 479 3
4 501 9
4 308 1
4 306 5
4 443 1
4 995 9
4 574 7
4 273 7
4 660 3
4 464 7
4 539 9
4 522 6
4 207 9
4 189 5
4 166 7
4 156 5
4 153 1
4 146 4
4 143 4
4 126 9
4 115 7
4 789 4
4 85 2
4 433 6
4 69 3
4 65 6
4 56 4
4 477 10
4 42 9
4 586 2
4 29 4
4 26 6
4 17 2
4 5 7
5 395 5
5 546 7
5 748 5
5 302 3
5 283 9
5 527 3
5 157 4
5 151 2
5 147 10
5 123 9
5 646 8
5 447 2
5 15 3
6 833 10
6 350 3
6 816 7
6 263 6
6 250 9
6 246 7
6 223 3
6 62 2
6 40 7
6 22 1
7 546 9
7 538 5
7 769 9
7 454 7
7 324 6
7 321 6
7 500 10
7 195 1
7 641 9
7 145 2
7 141 3
7 635 9
7 134 5
7 679 3
7 90 4
7 856 1
7 73 10
7 61 7
7 48 2
7 26 1
7 23 6
8 972 2
8 278 7
8 546 9
8 162 1
8 110 1
8 764 1
8 23 3
8 15 10
9 899 2
9 276 4
9 528 7
9 449 1
9 50 5
9 37 5
10 398 5
10 847 3
10 718 1
10 839 6
10 374 2
10 372 3
10 628 1
10 333 4
10 310 4
10 305 2
10 994 10
10 228 6
10 221 9
10 198 6
10 194 3
10 191 4
10 494 8
10 130 8
10 515 5
10 444 9
10 55 4
10 51 3
10 704 5
10 19 7
10 16 6
10 13 1
10 12 7
10 956 5
11 389 3
11 336 6
11 257 3
11 217 8
11 202 8
11 448 2
11 170 9
11 144 8
11 644 9
11 84 9
11 60 5
11 52 2
11 474 4
11 26 3
12 351 3
12 742 1
12 248 4
12 114 1
12 38 5
12 16 9
13 967 9
13 919 4
13 247 2
13 182 7
13 696 7
13 674 5
13 154 9
13 146 10
13 138 8
13 116 2
13 77 6
13 59 4
13 560 2
13 893 9
13 505 6
13 42 10
13 35 6
13 28 3
13 14 8
13 524 7
14 813 4
14 509 7
14 327 5
14 247 6
14 182 5
14 177 8
14 452 7
14 133 6
14 931 5
14 967 4
14 71 6
14 21 5
15 508 10
15 242 4
15 162 4
15 430 9
15 147 4
15 49 1
15 475 4
16 554 1
16 544 5
16 683 8
16 265 7
16 565 3
16 725 3
16 81 7
16 489 10
16 804 3
16 20 2
17 789 8
17 592 3
17 319 9
17 269 9
17 896 10
17 432 10
17 43 2
17 40 10
17 22 2
17 662 2
18 617 3
18 997 1
18 181 3
18 163 5
18 131 6
18 116 6
18 101 10
18 984 10
18 551 5
18 569 5
19 267 9
19 163 1
19 131 10
19 55 10
19 880 1
20 387 4
20 351 6
20 326 4
20 422 6
20 683 9
21 331 4
21 661 8
21 792 1
21 78 1
21 28 3
22 922 9
22 269 10
22 148 8
22 570 8
22 798 9
22 999 10
22 708 1
22 40 7
22 32 4
23 174 4
23 136 5
23 80 5
23 53 2
23 599 6
24 390 2
24 346 7
24 315 2
24 198 8
24 677 8
24 75 10
25 373 9
25 262 7
25 926 6
25 957 3
25 154 6
25 135 5
25 522 6
25 623 3
25 587 6
25 41 5
25 35 9
25 810 8
26 347 8
26 234 1
26 183 5
26 144 1
26 141 7
26 96 2
26 737 2
26 36 5
26 973 4
27 804 1
27 548 6
27 38 6
28 261 5
28 240 8
28 756 9
28 155 1
28 71 3
28 431 1
29 360 4
29 633 8
29 222 10
29 947 1
29 142 4
29 849 9
29 115 4
29 76 6
29 958 3
29 37 4
30 355 6
30 748 5
30 576 6
30 123 6
30 111 1
30 685 8
31 356 3
31 274 5
31 888 7
31 554 7
31 565 6
31 81 2
32 199 2
32 189 7
32 62 1
34 151 9
34 588 2
35 864 9
35 243 8
35 121 9
35 853 7
35 56 1
36 353 6
36 169 6
36 737 3
36 477 7
36 769 10
36 767 7
37 180 2
37 855 8
37 126 1
39 634 8
39 420 10
39 202 6
39 61 2
39 52 1
40 432 5
40 46 1
41 337 4
41 207 4
41 729 2
41 128 10
41 721 8
42 509 9
42 293 10
42 146 1
43 523 4
43 580 6
43 471 1
43 887 7
43 72 3
44 406 6
44 982 9
44 178 5
44 137 8
45 382 4
45 462 2
45 932 5
45 981 3
45 911 3
45 964 3
45 69 6
45 758 3
46 717 10
46 148 7
47 283 10
47 275 4
47 253 5
47 173 10
47 117 4
48 95 5
49 770 3
49 689 9
49 430 8
49 89 5
50 386 7
50 411 8
50 487 7
50 251 5
50 499 1
50 594 2
50 105 2
50 63 4
51 408 7
51 423 4
51 918 8
51 963 1
52 531 6
52 946 9
52 257 5
52 974 9
52 206 8
52 608 6
52 164 1
52 930 9
52 572 8
53 764 1
53 341 1
53 335 8
53 317 1
53 70 1
54 563 5
54 194 5
55 369 2
55 322 7
55 678 7
55 950 1
55 912 2
55 201 2
55 410 9
57 808 4
57 416 7
57 75 8
58 984 7
58 617 5
59 419 4
59 674 6
59 901 4
60 109 6
61 391 3
61 581 8
62 246 8
62 193 10
62 189 10
62 87 9
63 805 10
63 927 2
63 292 10
63 276 9
63 831 7
63 106 6
63 92 6
63 490 2
64 208 10
64 150 9
64 777 6
65 887 8
65 295 7
65 233 9
65 580 10
66 361 9
67 241 8
67 646 5
67 871 5
67 147 1
67 475 5
67 111 6
68 866 1
68 585 2
68 314 2
68 109 3
68 84 8
69 622 4
69 349 1
69 593 7
69 533 3
69 216 6
69 427 3
69 796 3
69 175 9
69 98 8
69 815 4
70 335 7
70 566 5
71 463 4
71 78 7
71 492 8
71 813 5
72 273 1
72 811 8
73 384 6
73 538 4
73 937 10
73 578 8
73 421 6
73 235 4
73 224 8
73 83 8
74 676 5
74 411 9
74 196 10
74 172 3
75 435 8
75 416 9
76 360 8
76 266 6
76 255 4
76 149 8
76 115 4
76 530 8
77 702 8
77 176 2
79 932 7
79 91 8
80 377 7
80 625 1
80 296 5
81 544 9
81 982 8
81 664 5
81 949 1
82 846 1
83 749 1
83 394 1
83 424 6
83 809 7
83 582 9
84 448 10
84 314 7
84 562 3
85 180 4
85 126 8
86 232 1
86 171 3
86 628 2
88 569 9
89 359 5
89 355 4
89 867 1
89 689 3
89 520 2
90 603 7
90 288 1
90 271 10
90 712 7
90 227 4
90 582 9
91 567 10
91 100 7
91 98 5
91 470 10
92 400 3
92 411 3
92 878 5
92 172 8
92 636 7
93 750 1
94 520 9
94 192 6
94 526 8
95 420 10
96 739 2
96 668 3
96 209 2
96 99 4
96 772 10
97 301 3
97 272 2
97 825 10
98 349 3
98 905 6
98 842 9
98 175 10
98 140 2
98 468 3
99 234 4
99 165 4
99 129 8
100 311 5
100 291 1
100 236 4
100 533 3
100 175 3
100 468 3
100 518 9
100 140 7
100 412 7
100 567 9
101 916 3
101 672 6
101 116 8
102 908 8
102 110 8
103 256 6
103 212 2
105 818 3
106 722 9
107 692 7
107 577 3
107 436 1
108 925 4
109 866 4
110 559 5
110 599 4
111 871 4
112 140 5
113 544 8
113 837 5
114 607 3
114 759 8
114 989 2
114 191 3
115 958 1
115 710 7
115 832 2
115 801 8
115 596 7
116 365 6
116 168 10
116 919 10
117 453 9
117 253 5
118 316 6
118 707 5
119 366 1
119 695 4
119 454 6
119 925 4
119 127 10
120 303 4
120 609 6
120 959 9
120 625 3
121 951 6
121 884 3
121 598 2
121 865 10
122 305 1
122 275 4
123 478 4
125 262 4
125 203 6
125 957 10
126 939 5
128 207 2
129 714 7
131 267 1
131 614 6
131 205 7
131 606 1
132 725 4
133 661 6
133 813 10
135 361 7
136 370 2
136 174 9
136 455 4
137 439 10
137 356 9
137 735 1
137 886 4
137 287 1
137 711 8
137 514 6
137 713 2
137 821 10
137 178 10
137 158 7
137 684 5
138 365 10
139 998 8
139 281 1
139 266 8
139 869 10
139 255 8
139 790 2
139 881 6
141 169 7
141 954 8
143 285 4
143 263 1
143 250 4
143 156 4
144 739 2
144 876 10
144 204 6
144 186 6
144 183 8
144 170 5
144 573 9
144 651 2
145 645 10
145 904 1
147 646 2
148 555 3
148 482 8
148 187 9
148 733 2
148 858 8
149 841 8
150 859 3
150 428 7
150 208 9
151 588 5
151 211 1
151 844 3
152 597 6
152 210 3
152 572 9
152 692 10
152 732 4
153 523 4
153 811 10
155 261 3
155 605 9
156 348 1
156 250 9
156 613 1
157 326 2
157 838 7
157 814 8
158 387 7
158 402 8
158 178 3
158 422 5
160 389 3
160 675 6
160 512 3
161 168 1
162 850 2
162 294 1
163 990 8
163 267 7
163 417 3
163 181 6
164 260 9
164 634 9
164 895 7
165 794 3
165 234 4
165 195 3
168 916 6
170 336 1
170 307 10
170 304 10
170 573 4
170 290 5
170 415 4
170 209 4
170 204 7
170 651 6
171 371 2
171 231 9
171 624 10
171 677 6
172 230 8
172 196 7
173 469 1
173 465 3
173 403 2
174 252 1
174 238 3
175 468 6
177 397 9
177 993 8
177 331 3
177 313 6
177 444 6
177 704 10
178 611 9
178 309 4
178 239 6
179 376 9
179 896 5
179 882 3
180 442 8
181 297 4
181 205 9
183 876 1
184 956 4
185 550 1
186 307 9
186 415 3
186 190 8
186 619 3
186 991 4
188 561 6
189 199 9
189 558 3
190 803 2
191 723 9
192 338 5
193 352 2
193 816 1
194 563 6
195 604 2
195 610 3
195 980 1
196 992 9
196 965 8
196 636 9
197 642 5
197 287 3
199 558 8
200 277 5
202 738 3
202 474 2
204 290 7
205 215 6
206 367 9
206 540 10
206 779 3
206 220 8
206 962 10
206 612 3
208 428 8
208 777 5
210 930 8
211 978 7
213 368 6
213 740 4
214 228 1
215 332 10
215 667 1
216 443 4
216 427 9
216 659 2
216 911 7
216 245 3
217 426 4
217 845 9
218 588 1
218 978 3
219 237 8
219 764 9
221 624 3
222 298 4
223 263 2
224 538 10
224 581 2
224 788 7
225 486 7
226 282 3
230 992 1
232 401 8
232 289 6
234 483 5
235 535 10
235 288 4
236 518 6
237 344 5
238 793 1
238 455 4
240 557 5
240 492 1
241 475 2
241 542 6
241 508 7
243 361 9
244 649 3
244 445 8
245 443 3
245 964 5
245 496 8
245 911 4
248 553 7
248 987 5
249 320 7
249 766 2
249 440 8
251 594 2
251 736 9
251 534 9
253 976 7
253 753 5
253 892 4
254 915 8
255 300 3
255 795 6
255 281 8
255 790 10
255 418 5
257 690 8
257 643 1
258 394 4
258 271 10
258 749 3
260 312 9
261 431 4
262 373 2
262 539 7
262 957 2
263 491 9
263 762 4
263 503 7
264 655 7
264 810 8
264 865 9
265 705 2
265 944 9
265 648 4
265 548 6
266 778 4
266 955 7
267 417 10
270 388 8
270 301 8
270 715 1
270 891 5
271 334 1
272 825 1
272 536 10
274 328 6
275 469 4
275 403 4
277 545 9
278 873 4
279 421 4
281 393 7
281 375 7
281 325 4
281 998 1
285 843 5
285 762 4
286 799 1
287 611 5
287 642 6
291 311 8
292 805 3
293 995 8
296 609 7
300 364 2
301 553 9
301 715 1
303 370 10
304 307 7
309 458 2
309 402 6
310 630 8
310 854 8
311 525 8
313 571 10
313 444 2
314 562 8
314 532 4
318 439 5
318 556 3
318 406 7
319 376 8
320 440 8
321 460 2
322 906 10
322 410 5
322 681 6
323 583 8
323 744 5
324 937 3
325 375 6
325 364 7
327 995 2
331 1000 4
333 519 3
334 379 2
334 835 5
335 928 9
336 495 1
336 845 3
339 437 9
340 632 5
343 698 7
343 626 6
343 442 7
348 620 5
349 381 3
349 378 3
349 988 4
354 562 2
356 456 1
356 504 3
356 735 7
357 484 4
357 758 9
358 829 2
359 520 9
362 800 7
363 914 5
367 962 8
370 900 1
371 624 1
373 948 1
377 579 6
377 959 8
378 727 8
378 564 8
378 593 4
381 727 8
382 861 10
385 433 3
386 938 3
386 878 1
386 826 10
386 499 3
387 541 2
389 755 5
389 644 2
389 675 6
390 808 7
397 792 3
399 894 2
401 677 3
402 458 5
404 806 9
405 838 9
407 623 10
407 522 10
408 918 5
408 705 7
409 891 1
410 681 10
410 839 7
412 589 7
414 921 1
414 545 8
415 803 8
416 808 1
416 435 7
418 881 8
423 918 4
424 582 5
424 712 9
424 809 8
425 760 1
425 452 2
425 639 8
426 495 7
426 467 5
427 446 8
427 488 7
428 859 8
429 937 6
436 692 5
437 459 10
440 766 4
442 697 1
442 734 3
442 698 3
443 502 10
443 659 6
444 761 7
444 571 10
446 488 10
446 706 10
446 673 9
452 639 5
452 760 5
453 552 2
453 820 8
454 615 4
455 824 1
456 504 8
456 935 2
458 940 4
458 787 10
463 741 2
463 907 9
464 505 7
467 495 6
470 591 1
471 781 7
473 566 2
475 508 9
476 547 3
480 585 2
485 770 6
489 747 8
490 682 5
491 503 9
493 590 2
494 621 9
495 942 5
497 511 7
501 706 5
504 935 3
506 810 7
506 902 4
506 598 1
507 549 8
512 894 9
521 903 2
521 852 10
523 811 4
525 905 5
526 654 3
530 860 7
534 594 6
540 612 4
541 933 10
544 837 5
546 972 8
546 635 3
548 944 1
552 819 7
555 708 8
556 670 5
557 741 9
557 756 2
559 599 2
564 727 9
569 898 6
572 974 6
574 922 2
576 654 2
578 840 7
580 887 6
581 840 2
581 788 2
591 730 5
598 902 10
598 865 9
600 730 10
607 723 1
608 690 10
609 625 2
615 863 1
621 671 3
631 924 2
631 867 7
634 969 4
638 684 8
639 760 8
642 669 9
642 658 5
643 755 2
643 644 3
655 773 2
658 836 2
665 840 1
673 983 6
678 912 9
694 862 10
695 925 6
697 734 3
703 875 4
704 823 10
707 784 7
708 785 9
710 801 5
718 943 9
729 936 5
743 946 6
749 809 6
758 981 9
768 898 7
771 940 9
771 787 5
780 784 5
781 802 9
795 970 7
798 830 4
817 862 4
819 820 3
826 960 8
829 968 9
832 958 3
848 991 6
852 903 6
888 975 6
917 960 3
973 980 4
975 977 4
