1000 1197
5 2 80 64 67 66 100 88 22 8 37 1 22 81 28 25 64 83 26 89 1 93 97 71 18 38 96 4 17 64 3 32 51 83 54 86 53 65 29 82 64 78 7 100 24 80 35 15 87 36 82 39 57 83 38 26 41 81 41 8 51 32 94 14 47 78 62 27 48 22 62 55 57 42 37 8 70 85 9 38 20 97 8 23 6 40 8 56 37 88 81 61 7 47 76 90 49 58 54 40 94 14 93 15 12 20 45 64 1 58 2 66 80 98 7 46 19 87 15 90 61 47 31 60 30 58 41 91 68 44 87 39 45 44 65 75 54 94 13 37 17 48 55 81 88 88 1 4 55 64 69 74 50 94 74 43 99 53 55 28 12 36 56 98 25 50 58 70 13 40 18 73 62 3 6 32 89 6 2 52 7 17 50 63 38 99 81 40 88 16 31 95 7 8 62 92 10 46 25 19 30 43 47 94 86 10 72 54 23 30 74 55 41 31 97 25 5 34 21 76 71 63 57 37 14 3 4 84 43 77 61 48 79 55 63 80 76 71 46 86 50 36 27 54 45 44 12 2 7 62 70 100 57 87 96 9 19 50 26 82 70 91 69 9 5 67 64 20 61 29 85 40 72 90 11 40 66 36 71 77 100 65 60 27 38 18 7 36 73 22 84 26 7 99 6 28 99 37 27 8 91 6 82 70 59 90 84 13 95 1 26 40 21 67 87 78 15 2 52 56 54 9 59 81 38 27 51 93 14 14 50 54 55 65 86 97 73 69 76 10 98 83 36 33 69 79 60 22 62 55 9 25 55 37 17 74 88 95 97 38 37 47 34 97 90 44 81 91 66 62 60 34 59 78 37 67 84 11 78 28 29 50 90 47 38 90 12 41 82 67 70 1 32 34 6 51 97 71 55 97 39 58 17 34 76 23 84 30 34 73 77 66 54 38 99 14 3 95 15 51 61 18 15 45 56 88 14 1 61 28 72 73 29 20 97 56 87 43 56 12 52 3 79 47 81 22 24 68 61 10 28 79 68 78 12 90 94 84 82 61 44 7 65 95 31 75 51 44 13 70 57 66 60 57 9 68 19 62 86 24 35 28 4 77 82 24 6 35 23 89 89 64 28 27 82 96 91 56 19 63 72 10 28 84 5 74 36 94 8 88 19 1 90 94 82 1 87 96 38 82 46 88 6 9 68 87 87 35 100 66 13 26 20 95 40 98 57 79 93 15 41 20 7 86 28 64 62 94 90 13 8 18 43 50 27 74 34 34 84 93 66 11 77 14 84 2 23 69 67 44 85 83 44 49 8 88 11 91 15 58 54 62 45 29 28 4 21 77 34 8 99 23 19 18 31 67 93 18 12 9 98 32 45 90 68 13 58 16 65 20 6 59 6 24 64 53 30 68 98 82 15 73 28 89 3 79 71 54 59 61 20 4 73 86 62 24 34 90 50 3 57 28 26 53 40 12 30 76 51 12 5 52 40 8 59 70 31 75 44 31 11 77 35 48 19 98 59 72 67 38 14 48 10 75 79 27 74 59 22 55 97 14 15 100 99 72 68 37 69 36 17 85 28 56 2 58 72 92 27 50 68 34 87 94 74 47 59 99 12 98 79 89 66 46 36 59 32 76 84 40 24 82 25 76 42 33 69 43 26 22 83 93 15 44 51 57 22 51 4 77 76 2 6 39 20 19 13 64 9 27 42 36 6 56 100 81 39 71 84 79 12 20 3 78 20 18 88 33 14 71 84 53 88 10 77 95 32 39 29 53 6 65 62 67 93 27 92 72 29 11 66 1 58 54 62 53 38 30 12 5 18 28 21 24 48 74 5 88 50 83 4 40 79 46 25 63 2 16 16 96 99 20 41 65 27 24 80 69 34 45 52 49 2 92 40 97 85 29 42 49 87 53 13 65 4 38 36 1 95 100 57 48 3 63 59 34 49 46 19 46 89 5 82 87 25 8 79 96 86 60 69 54 78 59 74 89 39 84 4 38 69 61 53 93 22 43 66 6 86 91 68 27 52 53 48 72 48 92 88 27 77 21 87 42 57 4 92 38 77 18 48 50 30 99 93 3 4 14 94 87 37 47 12 19 82 91 29 33 48 58 41 65 55 51 33 36 19 39 91 46 71 11 3 79 2 15 78 16 44 4 77 62 69 28 50 81 52 3 93 100 94 46 73 77 4 97 67 17 68 35 77 98 39 8 53 67 41 40 38 56 1 17 78 31 22 19 46 3 39 41 98 71 9 54 89 84 16 55 74 70
1 786 5
1 918 3
1 721 6
1 97 10
1 865 8
1 4 2
2 512 8
2 897 8
2 745 6
2 671 10
2 264 2
2 251 7
2 574 5
2 725 7
2 434 1
2 890 9
2 192 7
2 188 3
2 638 1
2 170 10
2 579 5
2 1000 9
2 105 9
2 99 2
2 79 10
2 811 10
2 64 5
2 59 9
2 52 9
2 50 5
2 44 4
2 40 8
2 444 7
2 7 9
2 6 4
2 5 7
3 670 1
3 501 4
3 422 6
3 285 4
3 248 5
3 232 10
3 163 3
3 436 7
3 138 4
3 94 7
3 431 2
3 87 1
3 79 7
3 486 2
3 442 9
3 918 1
3 40 7
3 33 3
3 16 2
3 12 10
3 11 3
3 9 9
4 643 8
4 810 6
4 490 2
4 363 3
4 361 3
4 352 2
4 836 7
4 409 8
4 564 8
4 902 6
4 252 3
4 593 1
4 907 1
4 527 2
4 967 5
4 225 5
4 219 6
4 213 8
4 197 3
4 906 8
4 189 8
4 590 6
4 883 9
4 893 6
4 649 3
4 143 1
4 956 1
4 631 4
4 111 4
4 92 5
4 532 2
4 61 3
4 406 10
4 982 10
4 35 5
4 31 9
4 28 7
4 17 6
4 14 7
4 13 7
4 6 3
5 655 8
5 837 7
5 743 2
5 405 3
5 337 3
5 413 10
5 314 10
5 309 5
5 305 7
5 300 5
5 296 6
5 767 1
5 832 10
5 285 6
5 283 1
5 280 10
5 271 9
5 268 1
5 646 9
5 260 10
5 681 4
5 647 3
5 651 4
5 220 8
5 218 1
5 214 5
5 793 6
5 899 1
5 193 6
5 633 6
5 552 9
5 179 1
5 175 7
5 143 7
5 110 5
5 101 8
5 100 4
5 714 4
5 610 6
5 64 7
5 846 2
5 53 3
5 898 5
5 43 1
5 37 4
5 34 6
5 32 3
5 765 7
5 26 1
5 24 5
5 783 6
5 8 10
5 816 10
5 7 10
6 377 8
6 721 6
6 734 7
6 443 10
6 123 2
6 35 7
6 15 6
7 531 3
7 245 8
7 999 5
7 941 8
7 153 1
7 681 1
7 409 7
7 116 7
7 618 3
7 61 2
7 689 7
7 611 2
7 46 5
7 25 7
8 167 6
8 157 10
8 116 3
8 969 8
8 647 9
8 93 9
8 941 10
8 43 5
9 501 1
9 920 10
9 57 9
9 12 8
10 978 7
10 318 3
10 282 4
10 276 9
10 750 2
10 233 10
10 231 9
10 209 7
10 485 3
10 169 8
10 166 5
10 637 2
10 142 7
10 129 4
10 126 2
10 710 9
10 807 1
10 61 5
10 58 5
10 576 7
10 25 6
10 14 5
11 355 1
11 224 4
11 118 1
11 770 3
11 800 10
11 27 10
12 60 1
12 47 5
13 360 6
13 352 9
13 306 10
13 266 3
13 154 4
13 142 3
13 407 2
13 37 5
13 26 8
13 24 10
13 23 7
13 991 3
13 14 2
14 580 4
14 352 9
14 126 3
14 508 6
15 869 10
15 384 9
15 348 2
15 563 4
15 225 5
15 876 8
15 165 8
15 109 3
15 98 5
15 85 10
15 82 9
15 68 8
15 66 3
15 30 4
15 20 9
16 307 5
16 297 6
16 294 6
16 197 3
16 151 6
16 63 1
16 554 10
17 940 9
17 598 3
17 349 8
17 686 1
17 249 7
17 80 2
17 31 7
17 869 3
18 438 2
18 311 6
18 288 1
18 412 2
18 276 6
18 516 10
18 218 10
18 589 5
18 206 9
18 171 3
18 134 6
18 91 7
18 668 2
18 49 3
18 415 6
19 372 3
19 775 8
19 138 1
19 118 2
19 770 4
19 48 9
20 777 3
20 876 4
20 813 2
20 287 5
20 244 9
20 885 9
20 732 7
20 38 6
20 460 7
21 640 10
21 259 2
21 620 7
21 857 3
21 598 10
21 140 7
21 579 1
21 89 1
21 80 7
21 66 1
21 51 9
22 479 10
22 353 4
22 232 8
23 255 2
23 39 10
23 971 6
23 24 2
24 472 2
24 971 2
24 292 9
24 242 6
24 241 7
24 183 7
24 110 9
24 101 5
24 56 5
24 39 3
24 932 1
25 717 3
25 848 6
26 314 1
26 724 8
26 761 7
29 705 7
29 176 7
29 156 6
29 467 9
29 75 4
29 553 4
30 598 9
30 263 2
30 896 7
31 686 5
31 729 8
31 62 10
32 100 9
33 265 1
33 224 8
33 138 4
34 400 9
34 399 4
34 387 8
34 368 2
34 520 6
34 168 3
34 509 2
34 845 1
34 124 1
34 114 6
35 334 10
35 462 4
35 570 10
35 755 1
35 85 3
36 388 5
36 368 3
36 211 8
36 547 7
36 115 10
36 70 5
36 55 4
37 536 3
37 425 10
37 316 9
37 630 6
37 860 8
37 202 5
37 120 2
37 90 8
37 42 9
37 41 7
37 484 3
38 528 3
38 791 6
38 777 8
38 882 2
39 420 5
39 243 9
39 241 3
39 492 6
39 793 1
40 270 8
40 867 4
40 479 5
40 87 5
41 571 10
41 694 3
41 340 3
41 266 10
41 447 4
41 614 10
41 133 6
41 912 7
41 515 3
41 505 3
41 42 6
42 694 10
42 207 6
42 133 3
43 344 3
43 859 7
43 987 5
43 524 2
43 411 1
43 220 4
43 767 2
43 158 9
43 105 8
43 695 5
44 836 3
44 350 5
44 960 1
44 46 7
45 257 7
45 585 10
45 961 4
45 131 10
45 121 2
45 49 5
46 609 7
46 999 9
46 474 5
46 829 2
46 970 9
47 178 6
47 161 7
47 139 8
47 60 6
48 770 5
48 662 3
49 665 10
49 171 2
49 117 7
49 623 3
50 382 9
50 785 5
50 792 5
50 135 3
50 123 3
50 517 3
50 98 7
51 386 5
51 326 3
51 512 1
51 259 1
51 582 5
51 80 7
51 491 7
51 828 2
53 323 1
53 308 7
53 300 5
53 271 1
53 671 7
53 864 9
53 413 4
54 831 9
54 162 8
54 139 7
54 113 7
54 718 2
54 417 2
54 60 3
54 57 3
54 603 2
55 805 7
55 128 9
55 949 10
55 507 2
55 70 4
56 782 10
56 207 1
56 183 10
56 627 3
56 108 8
57 417 6
57 333 6
57 269 5
57 253 3
57 229 4
57 958 5
57 450 3
57 161 5
57 744 8
57 113 9
58 320 8
58 169 6
59 310 3
59 201 10
59 871 7
59 437 6
59 535 6
59 84 7
59 81 1
60 148 5
61 258 8
61 881 9
61 159 9
61 129 6
62 78 2
63 847 4
63 402 10
63 76 5
64 569 7
64 879 3
64 251 10
64 107 10
64 105 2
65 992 9
65 364 5
65 336 4
65 916 7
65 216 4
65 120 5
66 384 10
66 830 10
66 707 5
66 897 3
66 177 9
66 82 10
67 281 7
67 255 5
67 566 4
67 125 10
67 73 2
67 71 6
68 570 3
68 160 4
68 95 9
68 464 8
69 859 4
70 388 10
70 211 7
70 115 5
70 691 1
70 547 3
71 657 5
71 281 1
71 125 6
71 112 1
71 73 8
72 692 1
72 289 3
72 526 3
73 644 1
75 204 1
75 187 7
75 553 6
76 635 6
76 362 3
76 215 8
76 197 9
77 901 10
77 410 8
77 81 1
77 79 3
78 686 7
79 422 10
79 444 2
79 250 3
79 410 8
80 390 8
80 582 8
80 284 2
80 736 3
80 249 10
80 89 5
80 88 7
81 201 4
81 638 6
81 944 8
82 545 2
82 773 4
82 177 1
82 174 1
82 639 1
82 852 8
83 449 9
83 568 2
83 626 10
84 437 2
84 871 4
85 602 6
85 332 1
85 95 1
86 603 3
86 235 5
86 155 8
87 431 1
87 321 3
87 222 1
87 127 6
87 794 2
88 453 3
89 648 1
89 827 4
89 164 8
89 96 7
89 757 8
90 615 7
90 743 1
90 286 9
90 452 6
90 202 9
90 914 5
90 119 7
91 572 2
91 206 1
91 854 8
91 557 5
91 176 9
92 361 8
92 350 2
92 960 5
92 474 2
93 146 5
93 116 4
94 903 8
94 250 3
94 561 10
94 886 7
95 234 5
95 947 1
96 326 10
96 259 9
96 469 9
99 825 1
99 324 6
99 466 7
99 850 10
100 397 8
100 193 8
100 714 1
100 163 5
100 594 5
101 492 10
101 965 7
101 243 8
102 184 10
102 469 4
103 208 3
103 415 1
104 367 10
104 926 2
105 483 2
105 695 9
105 272 7
105 562 5
105 419 6
105 737 10
106 846 10
106 981 9
106 436 3
107 483 2
107 317 2
107 799 9
107 199 6
107 191 6
108 472 4
109 348 5
109 165 7
110 452 7
110 286 2
112 398 4
112 134 6
113 541 3
113 343 5
113 313 2
113 603 7
113 235 3
113 567 7
113 656 8
113 513 6
113 506 1
113 930 10
114 400 10
114 368 8
114 701 7
114 325 9
116 157 1
117 730 2
118 800 9
118 959 6
119 990 1
119 480 9
119 214 4
119 202 8
119 899 3
120 381 8
120 336 5
120 237 4
120 447 1
121 179 7
121 619 10
122 284 7
122 697 7
122 164 1
123 186 1
124 986 1
124 426 8
125 475 8
125 149 3
126 395 10
126 742 9
126 228 6
127 321 1
127 702 1
127 479 7
128 507 10
128 862 3
129 740 2
129 277 10
129 256 7
131 418 8
131 179 2
131 454 10
131 619 6
132 397 3
132 653 7
133 376 4
133 613 2
133 364 4
133 559 10
133 688 9
133 555 5
133 478 6
133 461 7
134 726 8
135 144 3
136 420 1
137 347 9
137 777 5
139 161 3
140 620 9
141 362 8
141 735 5
141 766 8
141 430 5
142 228 2
143 268 8
143 803 10
144 616 10
145 465 8
145 295 3
145 872 2
147 367 10
147 834 3
147 893 9
149 747 7
149 566 2
150 971 10
150 241 9
151 307 7
152 290 10
152 194 10
153 458 4
154 306 5
155 313 1
155 543 4
155 229 6
156 814 2
156 217 2
157 601 8
158 497 2
159 568 3
159 416 9
159 631 9
159 449 1
160 332 7
160 985 2
161 772 4
161 333 3
161 253 5
161 178 1
161 756 10
161 858 8
162 622 6
162 597 7
162 210 6
163 442 3
164 390 1
164 182 1
165 731 1
165 679 10
165 709 1
165 470 6
166 423 6
166 245 4
167 693 5
167 227 2
169 301 2
171 218 7
172 322 2
172 311 9
172 276 7
172 187 4
172 951 7
173 237 7
174 937 5
174 254 3
174 773 7
174 707 2
175 661 2
177 830 3
178 975 4
178 888 7
178 253 8
179 610 4
180 369 9
180 664 2
180 641 8
181 263 10
182 784 3
182 720 7
182 697 4
183 242 10
183 782 2
183 207 4
183 546 10
183 503 5
183 678 4
184 469 2
184 550 2
186 792 10
186 443 2
189 592 2
189 252 10
189 203 7
190 320 1
190 711 4
190 863 10
190 428 1
191 666 9
191 737 5
192 680 5
192 248 6
193 397 4
193 341 1
193 594 2
193 653 9
193 633 10
194 290 9
194 707 5
195 689 1
195 330 6
195 312 6
195 509 8
195 673 6
197 564 1
198 348 1
199 737 4
200 391 9
200 586 9
202 605 5
203 988 7
203 252 6
203 430 9
203 575 10
203 735 9
203 924 4
204 645 8
205 865 9
206 795 7
207 678 3
208 429 7
208 894 6
208 984 8
209 510 3
209 807 5
210 471 5
210 597 10
211 247 5
212 238 9
213 907 7
213 539 1
216 613 3
217 752 8
218 589 8
220 647 8
221 399 10
221 309 2
221 698 5
222 463 4
223 565 6
225 997 3
226 451 1
226 408 9
228 404 2
228 683 5
228 978 3
229 513 5
229 567 10
229 543 10
230 351 8
230 727 5
232 261 10
235 366 8
235 345 3
235 506 2
239 606 10
239 324 5
239 302 5
239 825 1
239 612 1
240 637 9
241 468 4
242 292 4
242 573 6
243 492 2
249 392 8
251 569 3
252 385 6
252 267 1
254 773 1
255 516 2
257 787 3
257 585 10
257 797 5
257 572 3
258 449 1
258 416 2
258 500 1
259 542 10
262 673 5
262 312 2
262 689 2
264 379 6
264 996 9
264 456 1
265 662 1
267 385 9
269 354 6
269 499 9
269 274 2
269 964 1
270 905 10
271 920 1
271 617 3
271 596 6
275 844 9
276 311 1
276 880 6
276 723 6
277 519 1
278 304 6
278 915 7
279 706 2
283 394 1
284 938 10
284 697 2
284 720 4
285 891 9
286 421 7
287 528 2
287 994 5
287 732 1
288 412 8
288 814 5
290 966 10
291 658 1
292 546 5
294 554 10
294 297 9
295 599 3
295 518 1
296 394 2
297 749 5
297 554 5
298 754 8
298 522 7
299 792 9
299 443 10
300 596 7
300 403 2
300 346 5
300 715 8
302 952 7
302 324 9
302 612 6
302 608 5
306 338 8
306 534 5
306 913 2
307 868 7
309 399 8
310 486 10
311 652 9
312 509 6
314 651 7
314 962 3
316 489 10
317 374 5
317 504 2
319 339 3
320 696 5
321 446 2
321 702 3
324 466 3
326 386 7
326 776 1
330 673 6
331 648 2
331 700 2
331 911 9
333 556 8
334 602 10
334 496 7
335 702 7
336 853 3
338 534 10
340 381 8
340 515 4
343 506 6
344 411 7
345 383 1
347 882 7
350 836 10
353 465 2
353 518 5
354 499 8
356 556 2
357 471 4
358 921 3
358 442 4
358 436 10
361 950 9
363 370 8
363 407 2
366 578 5
367 967 5
368 400 3
371 374 9
371 419 8
371 873 4
373 891 4
374 625 5
378 957 10
379 410 2
382 909 1
382 549 7
383 578 3
383 780 7
386 491 10
386 870 2
389 481 2
391 586 2
391 843 1
391 772 2
392 401 2
392 935 8
397 653 9
401 441 4
403 596 7
408 619 9
409 999 9
412 808 9
417 968 8
419 713 6
420 874 10
424 624 6
427 486 2
428 717 5
431 872 4
433 911 7
433 648 8
433 769 3
434 890 7
435 929 4
436 981 2
444 676 7
450 521 3
450 923 1
452 558 2
456 636 8
461 884 2
464 947 10
466 748 5
467 854 9
470 731 3
474 829 6
474 950 5
475 650 7
478 826 8
478 995 3
478 916 7
480 801 1
480 934 2
482 957 7
490 790 3
493 522 4
498 972 6
503 546 1
505 694 6
507 862 5
508 790 3
510 768 1
510 762 7
510 919 4
512 579 8
513 567 10
513 733 7
514 962 5
514 833 2
514 809 5
516 771 2
523 556 1
523 756 6
524 879 4
526 699 1
530 940 8
533 708 5
536 624 1
539 635 8
540 672 4
544 580 10
548 748 2
548 815 3
548 778 1
552 874 8
555 861 1
557 787 9
559 917 5
560 744 5
560 641 1
561 903 6
565 948 7
567 936 9
567 656 6
567 930 7
568 621 9
571 614 9
572 797 2
575 988 7
575 983 2
578 780 5
584 771 6
585 779 7
590 609 5
591 895 7
592 924 9
598 640 3
608 815 2
609 649 10
614 912 6
617 920 3
618 849 1
619 889 10
627 678 10
627 763 10
629 973 7
631 881 7
633 832 6
640 896 1
647 722 10
648 700 5
648 827 9
654 740 8
656 930 6
677 830 4
679 709 9
688 910 8
691 805 7
695 1000 7
697 784 7
700 911 10
703 947 3
718 831 7
724 928 2
724 954 5
732 994 7
748 778 2
748 963 8
751 898 2
755 824 9
757 877 3
765 801 10
767 837 4
772 858 9
772 843 4
773 937 9
777 813 6
778 963 7
801 934 10
821 973 2
833 962 2
838 958 8
868 972 6
886 903 3
909 998 9
928 954 1
932 939 5
967 976 7
969 987 10
