1000 1197
5 67 92 47 69 71 56 81 66 23 73 71 54 81 99 1 41 14 51 99 29 9 30 57 38 80 58 99 4 12 5 20 8 40 63 10 11 36 97 92 24 55 30 77 22 11 83 7 79 20 53 96 72 34 80 47 76 86 15 56 16 100 94 5 76 97 50 27 65 87 86 11 9 95 48 88 24 30 7 96 81 55 93 38 86 2 39 53 87 82 48 25 58 35 29 86 52 54 71 55 6 61 33 37 6 51 80 33 49 26 57 64 81 97 83 38 47 89 78 3 100 52 26 25 52 61 91 47 5 34 68 84 29 15 78 81 54 45 76 33 13 89 91 68 92 26 11 76 18 88 27 21 52 4 73 67 99 27 88 16 32 82 69 46 76 52 91 49 11 29 39 14 83 34 80 47 27 27 30 50 51 57 71 32 57 91 65 29 46 9 46 12 74 94 12 23 74 24 81 59 100 43 52 40 3 39 73 24 65 97 43 62 62 22 82 54 6 67 29 91 86 36 5 82 71 81 65 38 83 39 23 58 68 38 39 28 71 89 84 16 56 25 98 92 63 42 71 64 91 25 11 92 6 36 47 39 20 96 19 27 81 21 49 2 91 67 30 17 33 80 54 55 53 93 77 32 19 56 55 98 21 63 87 3 85 90 50 14 39 99 48 69 9 5 73 39 44 22 37 53 85 72 16 93 31 94 73 23 49 3 45 81 76 53 63 10 97 92 50 74 73 7 27 24 77 87 98 62 97 33 53 28 82 50 48 3 55 33 35 52 71 41 82 91 44 1 77 82 22 58 86 72 6 18 100 12 1 12 100 6 16 44 62 79 75 50 12 62 25 7 28 48 19 61 46 23 2 55 15 85 61 92 69 13 93 46 57 27 98 78 30 24 81 84 39 39 16 70 16 99 17 8 27 24 39 62 76 78 59 32 70 24 59 99 78 28 20 99 58 11 92 5 85 54 74 32 21 35 1 84 48 45 84 82 77 8 7 5 14 51 29 32 99 56 14 89 42 76 86 85 8 62 69 28 35 8 57 67 38 30 87 4 2 14 14 32 65 43 2 21 2 70 3 64 8 10 80 62 65 37 64 9 15 64 12 70 49 96 89 52 95 63 55 11 48 30 6 84 20 1 69 61 69 56 97 15 78 28 44 91 40 43 90 57 66 63 47 52 91 56 34 67 81 80 35 1 88 96 65 8 51 86 68 96 37 45 81 63 89 70 97 99 36 29 71 38 20 27 36 24 27 38 5 23 38 42 44 37 39 8 24 31 49 55 1 65 80 36 17 65 70 98 66 28 85 43 70 87 34 47 44 98 7 55 5 90 85 7 99 17 28 86 94 40 61 62 2 17 92 80 93 77 43 21 19 92 37 40 65 13 15 91 92 54 34 35 89 7 63 93 62 51 37 25 26 9 46 36 40 30 57 19 30 70 16 20 20 90 6 97 32 30 31 99 79 53 19 92 40 89 29 97 39 90 22 52 37 32 73 42 98 43 52 26 40 33 54 54 76 89 7 28 69 44 73 39 47 61 20 64 48 85 75 78 26 61 54 23 31 50 26 26 25 10 54 90 28 5 4 35 61 69 17 1 25 33 15 70 44 45 31 5 36 89 29 43 25 42 79 76 7 8 58 90 33 6 72 31 6 54 74 3 73 71 39 85 40 38 11 27 7 28 53 72 14 95 52 40 43 13 24 40 29 7 87 13 85 31 82 37 23 41 82 33 59 26 10 8 70 100 14 99 18 40 37 69 54 3 21 86 47 48 25 9 16 84 69 34 76 78 46 5 94 86 31 32 89 40 86 27 35 28 72 15 92 48 57 54 33 66 100 70 67 73 47 85 73 67 88 4 48 95 93 1 62 71 63 71 5 33 53 45 35 54 1 54 97 8 16 70 27 96 8 57 41 2 28 55 44 13 48 98 12 98 50 30 54 84 49 7 10 53 98 25 80 50 14 16 25 7 19 93 42 68 94 3 19 14 9 56 90 90 95 16 100 2 81 98 33 62 10 20 36 75 52 59 80 51 86 44 33 93 40 26 73 81 59 83 31 94 35 100 48 74 91 61 74 62 66 34 96 62 78 11 75 30 31 56 13 17 74 24 15 42 52 64 9 74 88 86 16 63 55 25 2 96 100 71 74 19 12 37 35 41 11 3 59 20 60 23 65 60 79 13 68 10 41 95 13 100 41 98 39 63 57 71 28 17 35 55 10 1 75 40 32 26 70 36 90 57 60 12 82 46 15 7 2 9 57 11
1 385 3
1 380 6
1 378 2
1 371 4
1 341 2
1 302 2
1 266 8
1 989 10
1 219 3
1 214 3
1 183 10
1 178 4
1 472 8
1 801 6
1 96 3
1 423 7
1 73 4
1 34 3
1 32 3
1 2 10
2 424 6
2 610 8
2 775 3
2 374 7
2 369 1
2 708 5
2 322 2
2 917 5
2 602 3
2 474 9
2 984 8
2 161 10
2 103 3
2 98 5
2 86 4
2 85 10
2 71 10
2 498 3
2 60 7
2 951 7
2 59 2
2 44 2
2 30 1
2 21 1
2 18 5
2 9 5
2 8 7
2 7 6
2 5 8
3 401 10
3 467 5
3 585 2
3 732 8
3 791 10
3 568 5
3 222 6
3 790 7
3 200 6
3 195 6
3 761 10
3 179 3
3 563 7
3 158 3
3 154 6
3 143 8
3 979 10
3 130 6
3 117 10
3 106 1
3 442 4
3 102 5
3 92 5
3 88 1
3 864 6
3 60 5
3 883 5
3 959 6
3 28 3
3 21 5
3 15 6
4 378 8
4 365 7
4 530 7
4 718 3
4 330 10
4 607 10
4 266 6
4 640 8
4 249 4
4 645 1
4 109 9
4 104 7
4 73 4
4 827 8
4 25 3
4 539 8
4 13 3
4 11 8
4 7 4
4 6 10
5 377 3
5 319 1
5 727 3
5 239 6
5 423 6
5 164 6
5 121 7
5 97 1
5 51 8
5 566 7
5 716 4
5 14 2
5 8 9
6 391 2
6 539 3
6 798 7
6 372 2
6 365 3
6 352 5
6 343 10
6 869 7
6 503 7
6 425 4
6 958 4
6 279 1
6 964 8
6 260 5
6 745 8
6 254 2
6 637 1
6 635 6
6 412 7
6 194 7
6 189 7
6 187 3
6 162 6
6 147 6
6 896 5
6 550 8
6 126 5
6 107 6
6 101 9
6 93 10
6 88 9
6 83 4
6 77 8
6 76 5
6 925 6
6 621 4
6 48 8
6 35 9
6 31 2
6 709 3
6 12 5
6 10 10
7 390 8
7 386 5
7 750 7
7 286 4
7 585 1
7 263 10
7 758 3
7 967 6
7 231 6
7 548 3
7 224 8
7 208 4
7 203 1
7 608 3
7 95 3
7 91 2
7 66 3
7 47 8
7 19 7
7 17 10
7 16 5
7 15 10
8 408 6
8 860 8
8 326 10
8 237 5
8 191 6
8 178 3
8 121 8
8 469 10
8 776 10
8 9 10
9 382 8
9 360 5
9 324 7
9 483 7
9 273 7
9 782 8
9 164 9
9 760 6
9 806 10
10 365 6
10 285 9
10 864 9
10 442 1
10 185 6
10 559 9
10 877 5
10 88 10
11 606 2
11 308 10
11 269 6
11 475 5
11 239 10
11 474 5
11 67 6
11 44 8
12 942 1
12 347 5
12 927 8
12 989 8
12 76 6
12 48 8
13 773 10
13 546 2
13 361 2
13 345 6
13 905 1
13 415 2
13 257 1
13 507 7
13 723 6
13 211 10
13 201 2
13 199 2
13 173 7
13 430 7
13 141 9
13 641 6
13 136 8
13 133 10
13 734 8
13 92 4
13 866 3
13 676 6
13 49 5
13 38 4
13 29 5
13 25 10
14 711 5
14 323 7
14 284 9
14 264 2
14 43 3
14 776 4
14 39 8
14 27 7
15 392 6
15 375 9
15 281 7
15 267 4
15 66 8
15 883 3
15 54 3
15 26 6
15 17 9
16 390 10
16 824 6
16 665 5
16 262 6
16 225 7
16 622 4
16 166 6
16 79 1
16 792 1
16 21 9
17 386 7
17 375 7
17 108 1
17 624 1
17 514 7
17 54 8
17 52 4
17 38 1
17 26 10
18 535 10
18 783 10
18 132 5
18 713 2
19 967 4
19 392 2
19 313 4
19 481 8
19 252 7
19 238 7
19 898 4
19 986 3
20 649 1
20 813 4
20 233 8
20 213 3
20 766 5
20 453 1
20 143 2
20 72 6
20 45 9
20 35 6
20 32 10
20 31 10
21 460 6
21 524 5
21 440 6
21 682 9
21 910 7
21 336 6
21 309 4
21 283 10
21 759 8
21 586 2
21 737 5
21 452 6
21 212 2
21 209 8
21 949 7
21 416 1
21 672 8
21 156 3
21 938 7
21 150 8
21 728 9
21 127 4
21 462 1
21 579 2
21 436 7
21 110 4
21 963 7
21 498 3
21 60 3
21 56 10
21 50 8
21 28 1
21 686 6
22 268 6
22 217 1
22 127 1
22 36 7
23 376 2
23 406 8
23 944 9
23 215 10
23 603 3
23 799 1
23 404 9
24 327 10
24 318 9
24 268 9
24 997 4
24 110 2
24 50 6
24 36 9
24 632 6
25 400 2
25 291 2
25 932 3
25 224 10
25 710 3
25 173 8
25 696 2
25 751 2
25 82 6
25 70 3
25 29 9
25 451 7
26 514 6
26 554 2
26 108 1
26 68 1
26 52 5
27 712 8
27 612 3
28 646 2
28 725 10
28 416 5
28 792 8
29 722 4
29 641 5
29 95 9
29 33 6
30 397 7
30 57 3
30 34 8
31 343 2
31 240 6
31 409 5
31 196 8
31 162 5
31 140 7
31 63 5
31 590 4
32 405 2
33 361 1
33 722 7
33 90 8
33 49 10
33 723 2
33 451 4
35 213 9
35 662 3
36 529 7
36 575 9
36 186 7
36 814 2
36 157 5
36 962 2
36 691 10
36 118 2
36 493 6
36 867 4
37 368 9
37 310 5
37 220 10
37 523 10
37 170 8
38 375 10
38 290 5
38 211 4
39 293 9
39 253 10
39 820 9
39 134 10
39 560 1
39 447 5
40 908 4
40 243 1
40 890 3
40 63 1
41 993 6
41 533 5
41 427 10
41 233 3
41 463 5
41 482 9
41 510 3
41 151 6
41 146 6
41 144 6
41 943 7
41 74 5
41 53 4
42 419 9
42 270 10
42 265 10
42 124 3
43 830 6
43 522 10
43 131 9
43 84 9
43 693 4
44 338 5
44 308 8
44 610 8
44 161 2
45 547 7
45 301 10
45 556 8
46 396 2
46 393 1
46 407 3
46 758 6
46 903 3
47 329 4
47 267 2
48 347 2
48 956 8
48 842 4
48 977 8
48 282 3
48 679 7
48 148 3
48 694 1
48 504 7
48 93 5
48 61 4
48 634 3
49 303 7
50 356 8
50 992 5
50 250 6
50 949 2
51 377 4
51 333 10
51 294 1
51 269 5
51 239 6
51 692 7
51 893 5
51 67 3
52 317 2
52 583 10
52 307 4
52 796 3
52 840 1
52 184 1
52 502 2
53 233 1
53 739 2
53 482 8
53 113 8
53 74 6
55 465 10
55 780 4
55 426 1
55 631 1
55 532 1
56 357 8
56 309 7
56 202 2
56 175 1
56 110 3
57 302 10
57 468 3
58 350 9
58 609 10
58 613 3
58 259 2
58 149 7
58 94 5
58 83 1
58 633 9
59 364 9
59 663 3
59 304 6
59 592 1
59 966 9
59 492 6
59 152 7
59 111 4
59 103 5
59 87 1
59 555 10
59 537 9
60 395 5
60 374 8
60 367 7
60 346 8
60 719 3
60 675 4
60 172 4
60 154 10
61 504 8
61 153 8
61 617 10
61 842 10
61 541 6
62 309 2
62 611 9
62 591 10
63 662 3
63 570 5
64 912 2
66 208 8
68 518 9
68 275 5
68 168 6
68 673 4
68 583 8
68 108 3
69 733 9
70 328 4
70 303 5
70 207 1
70 75 3
71 289 8
71 85 6
72 724 4
72 259 6
72 633 2
73 385 1
73 378 1
74 432 5
74 916 2
74 405 7
74 600 6
74 144 8
74 113 3
74 688 8
74 463 2
74 577 9
75 303 7
76 187 5
76 503 7
77 394 3
77 549 8
77 771 2
77 194 5
78 272 8
79 646 2
79 620 6
79 558 7
79 440 8
80 225 6
80 548 8
81 388 1
81 933 8
81 247 6
81 115 7
82 400 6
82 751 10
82 311 7
82 173 8
83 384 5
83 869 7
83 259 10
83 489 8
83 101 1
84 741 2
85 517 1
87 383 2
87 369 7
87 578 10
87 171 10
87 152 8
87 410 6
87 936 5
88 996 8
88 914 2
88 442 9
88 987 4
88 635 3
88 976 6
91 329 4
92 201 1
92 597 4
92 501 3
93 541 5
95 420 2
95 141 4
96 476 8
96 868 10
97 477 7
98 314 7
98 103 4
98 846 10
99 703 3
99 632 9
99 569 6
99 767 4
101 373 8
101 372 8
101 206 10
101 190 5
101 155 3
101 149 2
102 730 7
102 201 3
102 195 2
102 834 8
103 364 7
104 228 9
104 199 9
104 588 4
105 132 9
106 265 9
107 813 5
108 787 4
109 647 4
109 414 2
109 599 5
109 148 6
110 331 8
110 202 5
110 938 4
111 922 3
111 176 4
111 555 5
111 846 9
112 218 3
112 572 4
112 493 8
112 767 2
112 157 9
112 125 2
112 118 1
112 703 9
113 167 3
113 688 6
114 748 7
114 312 8
115 388 5
115 801 10
115 777 6
116 199 6
117 721 3
117 258 2
118 972 6
118 863 8
118 125 10
119 794 2
119 298 4
119 241 10
119 689 4
119 235 1
119 575 8
120 579 5
120 334 4
120 422 6
120 298 4
120 659 5
120 209 2
120 814 7
121 354 3
121 712 5
121 160 9
121 818 6
122 316 7
122 564 7
123 350 4
123 348 7
123 479 2
123 236 5
123 411 10
125 863 3
126 935 2
127 543 2
127 212 5
127 974 2
129 321 10
129 252 7
130 145 2
131 293 6
132 606 5
136 361 7
136 193 8
137 960 4
137 596 8
137 891 9
137 997 3
139 393 6
139 796 7
139 184 5
139 988 5
140 240 6
141 859 2
141 750 10
142 560 5
142 668 8
144 448 2
144 993 3
144 192 4
144 628 4
146 616 5
146 463 5
146 151 1
146 510 10
147 976 5
147 798 5
148 746 7
148 927 3
149 260 3
150 460 9
151 616 10
151 628 4
151 280 1
151 526 9
151 192 10
151 488 2
151 448 7
152 381 6
152 295 4
152 292 7
152 182 3
152 410 9
152 756 9
152 936 3
153 512 9
153 634 4
153 347 6
153 428 9
153 971 2
153 865 5
154 227 10
154 761 10
154 158 4
155 236 6
155 206 8
156 553 4
156 340 7
157 403 3
157 320 9
157 250 2
157 218 2
157 720 9
157 551 7
158 769 3
158 227 4
158 917 1
161 338 2
162 210 6
162 889 5
163 882 5
163 582 6
164 490 4
164 319 1
164 711 9
165 368 3
165 733 9
166 620 4
166 808 7
167 804 7
167 188 2
168 275 1
168 536 4
169 271 4
169 266 5
170 523 6
170 198 5
170 431 8
171 292 3
172 395 10
172 379 5
172 340 5
172 452 7
172 639 4
173 400 9
173 828 1
174 545 9
174 188 3
174 909 4
174 804 10
175 357 8
176 473 10
176 226 7
176 843 1
176 861 4
177 542 9
177 812 10
177 932 8
177 458 4
177 710 5
180 566 10
180 376 4
180 823 3
180 245 9
181 381 3
181 295 1
181 663 10
182 756 2
183 649 1
183 837 7
184 502 7
185 803 3
186 569 9
186 972 1
186 851 10
189 802 5
189 210 8
189 948 9
189 784 7
190 348 7
192 657 9
192 280 1
192 519 9
192 448 10
195 597 9
196 401 1
197 221 5
198 978 5
198 523 5
202 872 2
202 855 1
202 963 6
203 465 5
205 893 5
206 411 8
207 619 7
207 328 2
207 648 4
208 898 4
209 887 1
209 870 9
209 630 4
209 928 3
210 784 3
210 802 5
213 900 9
214 714 4
215 614 10
215 404 10
217 665 6
217 875 7
218 962 4
218 493 5
218 720 5
219 402 2
220 437 2
220 854 7
224 291 9
225 548 4
226 496 6
226 663 3
227 953 4
228 501 4
230 685 10
230 282 5
230 599 8
230 821 1
230 414 6
230 567 9
230 464 8
232 729 5
232 245 8
233 482 10
233 533 9
234 632 3
235 315 5
237 873 4
237 242 10
237 408 4
237 995 9
237 822 6
238 717 5
239 445 4
241 826 8
241 672 7
241 422 7
242 995 7
243 332 2
243 287 3
245 477 8
246 999 3
247 399 2
248 438 3
248 604 3
251 418 9
252 706 1
252 313 8
254 355 9
255 915 3
256 818 3
258 416 1
259 633 7
260 352 9
260 669 9
260 466 6
261 331 10
263 286 4
264 323 2
264 522 9
264 760 8
266 271 3
266 454 5
269 294 9
270 817 4
270 778 3
270 772 9
271 857 9
271 763 9
272 359 3
273 511 1
274 953 4
275 605 4
278 960 7
279 288 8
280 656 9
280 488 6
281 970 2
281 544 10
281 290 9
282 567 6
283 422 1
285 687 4
285 658 7
287 332 3
289 517 8
295 381 1
295 584 9
298 315 1
298 627 4
298 626 3
299 818 6
299 712 6
302 901 6
302 945 5
308 441 5
308 494 6
313 392 10
313 481 10
313 455 8
316 324 10
316 483 7
316 806 9
316 707 9
317 587 8
319 716 5
319 683 10
321 434 9
322 749 4
324 344 5
324 765 1
325 989 4
327 997 7
332 556 9
333 893 1
336 346 6
336 705 4
336 675 10
337 635 10
340 452 7
343 925 1
343 419 5
346 675 1
347 512 6
347 629 2
351 817 5
355 829 3
356 653 1
359 573 6
361 430 7
363 779 10
365 539 9
366 857 6
368 919 5
372 550 6
372 785 5
372 471 6
372 850 2
373 829 9
373 848 3
373 491 8
375 862 6
375 506 10
376 487 8
376 404 1
376 495 5
379 553 7
380 385 4
388 777 10
391 670 5
392 481 2
392 736 4
392 459 10
392 844 2
393 396 10
393 840 6
393 796 5
395 655 6
397 497 4
400 751 10
401 409 6
402 897 5
404 495 3
405 702 9
406 884 4
407 449 9
412 640 2
413 420 1
413 859 5
414 746 1
417 825 5
421 561 1
421 693 5
424 961 6
425 568 6
427 702 7
428 629 9
430 832 10
430 754 8
430 565 2
430 856 10
430 676 8
430 546 8
430 757 1
436 443 8
436 910 6
436 721 7
437 803 4
437 854 10
440 598 1
440 558 3
440 652 7
441 475 3
448 628 9
448 595 10
457 821 4
462 912 4
465 667 5
468 901 10
469 612 3
470 757 5
477 729 2
479 644 9
483 806 1
484 737 6
485 693 6
485 561 2
488 656 6
492 966 10
493 962 3
496 861 3
496 843 1
497 923 4
498 611 4
499 506 3
499 862 8
500 650 5
500 897 8
506 918 7
506 885 1
506 862 3
509 715 2
510 625 5
511 799 7
515 965 3
515 535 6
516 708 1
517 991 10
526 595 3
526 695 7
528 760 9
529 691 5
529 677 3
530 947 10
530 924 8
530 735 10
533 701 8
534 983 3
534 706 4
535 809 8
537 1000 9
538 717 4
540 720 3
542 895 4
543 974 5
544 955 9
546 981 7
546 565 7
549 807 7
557 919 10
558 652 9
564 671 6
569 894 2
575 867 8
579 630 9
582 636 5
585 967 6
585 770 7
593 832 5
608 819 1
620 808 9
621 772 4
622 665 6
625 879 1
630 886 6
631 838 2
631 903 10
635 929 7
638 937 5
641 722 3
661 725 1
664 807 3
664 948 7
679 935 3
684 998 3
698 856 9
699 849 1
704 895 10
706 815 5
710 812 2
724 985 1
728 886 3
732 940 9
732 849 3
735 845 4
738 839 9
742 871 5
743 914 1
750 866 4
752 975 1
772 817 2
772 778 8
777 933 8
785 964 5
786 907 10
791 834 1
796 988 10
811 920 3
827 899 7
828 853 5
838 903 2
842 980 4
843 861 3
845 947 10
864 979 4
872 963 9
885 918 2
896 911 9
905 981 4
914 996 1
915 916 1
936 952 1
938 939 5
990 998 6
