1000 1197
5 36 21 21 55 42 6 47 27 5 73 25 55 5 64 30 14 81 17 76 20 63 56 32 79 22 62 47 80 82 77 98 74 89 13 2 28 83 66 19 8 51 47 38 21 89 63 92 77 49 15 11 3 14 34 51 17 46 4 5 82 98 74 48 30 8 13 97 25 37 64 42 88 11 74 35 3 41 86 4 3 93 54 71 55 9 54 91 98 90 100 98 66 55 55 98 7 96 13 93 44 74 28 95 28 37 65 58 95 45 5 55 62 26 53 88 87 66 13 56 77 16 77 60 87 88 66 93 45 71 19 52 57 3 99 92 35 59 26 55 46 52 16 85 92 7 41 28 94 66 34 98 68 87 99 29 87 33 1 49 79 58 51 19 99 43 4 91 50 36 39 15 42 17 78 40 23 38 78 79 90 8 32 57 83 81 94 60 40 45 24 20 34 32 10 84 33 37 52 82 75 91 41 95 61 76 39 69 29 62 68 16 38 1 25 51 75 65 87 34 72 49 12 10 32 6 12 28 71 55 35 5 13 22 26 1 97 33 45 75 71 39 30 51 64 24 76 41 99 90 12 77 40 90 94 85 16 6 33 36 90 91 24 93 43 46 41 3 32 2 68 98 66 47 31 27 52 25 53 21 34 65 46 16 1 15 69 98 67 98 51 64 75 61 53 60 42 59 16 78 42 86 2 34 19 37 67 11 4 20 77 10 5 75 59 92 30 78 87 7 88 6 88 51 5 41 70 50 76 5 49 83 83 23 80 92 94 53 70 96 22 14 3 35 40 95 30 76 41 7 85 75 99 58 53 32 26 24 88 51 13 57 91 80 37 98 23 47 91 58 28 6 14 37 28 70 95 16 26 74 73 8 80 97 87 40 36 77 68 54 42 48 48 22 44 99 34 34 15 54 5 4 84 73 64 5 56 61 2 79 32 20 25 66 12 26 37 88 62 35 5 19 44 96 36 51 79 82 78 71 4 67 40 70 35 98 95 90 16 76 11 44 85 16 5 94 72 22 43 2 2 51 12 80 12 2 76 17 43 4 27 68 62 37 40 86 95 4 90 99 30 23 59 7 60 47 13 36 38 91 17 74 27 70 15 20 9 34 14 64 91 56 60 90 53 50 97 78 62 10 62 78 93 76 80 83 76 81 68 94 45 60 1 31 24 35 62 62 19 98 54 83 80 79 61 23 34 68 43 40 3 89 44 84 25 54 54 59 1 36 84 65 51 57 90 32 71 98 10 32 34 83 17 26 21 97 81 14 98 36 75 84 31 64 37 62 30 67 37 1 99 46 33 3 73 78 99 21 50 85 80 36 80 18 64 41 38 14 80 74 50 96 16 75 16 72 39 35 61 86 30 38 11 75 41 90 21 48 4 36 10 19 28 4 95 45 12 89 52 11 24 89 70 68 16 34 87 41 81 68 12 92 39 51 10 69 23 45 60 64 17 96 43 25 71 6 59 4 36 70 36 48 67 65 89 24 74 90 65 32 74 9 100 55 11 86 99 42 41 99 76 4 96 18 99 46 95 24 42 40 74 57 66 92 4 93 80 2 27 19 10 96 78 2 94 34 29 83 85 81 72 45 42 76 47 76 11 64 45 61 53 84 63 41 63 14 1 64 9 53 38 19 67 29 90 96 48 76 62 84 12 40 32 59 70 51 93 23 11 95 54 75 51 91 52 31 61 45 56 25 73 3 68 51 91 66 99 3 40 26 35 41 33 41 71 79 76 39 52 63 99 54 43 86 3 46 16 54 20 76 93 88 1 47 94 45 1 35 5 89 78 21 43 61 83 40 44 82 10 51 40 42 62 23 67 78 91 19 91 72 35 25 35 36 25 75 73 24 51 82 36 12 57 70 65 29 24 23 69 21 81 65 39 49 79 53 57 13 70 29 7 18 39 5 24 48 9 17 92 60 50 25 87 48 7 8 20 93 95 85 5 13 81 9 20 50 75 60 7 80 97 94 85 77 22 76 40 99 39 53 9 86 4 44 90 95 84 94 60 85 31 27 38 36 54 47 26 54 86 65 18 18 15 47 60 91 83 44 99 7 52 96 60 96 54 4 6 24 53 71 40 7 99 54 45 3 40 9 74 3 26 72 49 59 62 60 60 26 98 30 71 28 82 60 31 67 10 55 63 5 96 78 26 90 70 86 69 94 11 51 79 90 1 16 85 12 84 85 57 21 90 38 53 58 75 78 36 50 63 6 7 29 75 47 96 100 76 92 36 88 81 24 65 45 6 8 3 28 79 50
1 359 4
1 337 1
1 145 1
1 137 4
1 130 8
1 711 7
1 7 10
1 690 9
2 706 10
2 368 6
2 430 9
2 325 3
2 293 4
2 514 1
2 274 9
2 266 6
2 634 1
2 235 3
2 427 10
2 204 8
2 197 5
2 190 7
2 182 8
2 180 5
2 161 6
2 129 2
2 121 2
2 623 2
2 108 7
2 104 10
2 97 5
2 90 5
2 89 7
2 88 3
2 82 3
2 58 2
2 52 2
2 50 7
2 44 1
2 484 1
2 41 5
2 40 6
2 655 2
2 38 6
2 631 3
2 590 6
2 18 7
2 8 2
3 385 7
3 594 8
3 879 8
3 489 3
3 309 6
3 990 4
3 473 9
3 837 3
3 170 6
3 163 10
3 719 9
3 107 9
3 880 4
3 78 7
3 64 10
3 53 4
3 35 4
3 611 10
3 5 7
3 4 9
4 376 4
4 467 9
4 450 5
4 293 2
4 284 6
4 280 1
4 538 4
4 258 1
4 254 10
4 584 7
4 731 4
4 236 2
4 221 4
4 213 10
4 191 4
4 174 8
4 656 4
4 125 2
4 821 10
4 778 5
4 783 3
4 440 10
4 69 5
4 840 4
4 54 6
4 52 1
4 42 10
4 36 8
4 950 6
4 542 10
4 510 3
4 12 3
4 11 6
4 741 10
4 6 2
4 5 5
4 522 7
5 385 1
5 430 7
5 433 10
5 632 7
5 18 6
6 643 1
6 347 9
6 303 6
6 775 10
6 727 10
6 259 9
6 226 2
6 636 3
6 501 5
6 450 3
6 156 9
6 144 3
6 709 7
6 95 5
6 706 6
6 87 1
6 79 6
6 561 8
6 29 10
6 17 2
6 8 2
7 343 3
7 304 2
7 800 4
7 476 3
7 658 8
7 837 3
7 166 10
7 502 10
7 102 4
7 577 4
7 69 6
7 51 10
7 13 2
8 604 10
8 446 5
8 468 1
8 125 10
8 775 2
8 43 5
9 626 5
9 362 7
9 359 2
9 317 3
9 315 10
9 718 8
9 748 4
9 239 1
9 223 10
9 479 7
9 197 6
9 196 5
9 104 9
9 443 9
9 492 6
9 60 1
9 31 7
10 983 8
10 379 2
10 519 5
10 555 1
10 196 4
10 784 8
10 111 4
11 377 7
11 373 1
11 343 6
11 327 5
11 831 7
11 744 9
11 260 1
11 853 4
11 217 10
11 203 1
11 185 6
11 162 7
11 895 3
11 683 9
11 55 9
11 22 1
11 16 1
11 818 9
12 531 7
12 311 4
12 614 7
12 295 9
12 222 6
12 158 2
12 533 5
12 77 9
12 54 6
12 851 3
12 13 7
13 327 8
13 304 9
13 744 3
13 455 7
14 390 10
14 918 5
14 361 6
14 347 1
14 801 4
14 218 4
14 500 1
14 534 8
14 39 5
14 31 2
14 21 5
15 859 8
15 248 6
15 779 10
15 165 4
15 138 9
15 93 1
15 935 4
16 694 2
16 381 1
16 367 3
16 350 9
16 258 2
16 254 2
16 250 7
16 188 1
16 174 6
16 402 7
16 162 6
16 155 10
16 134 2
16 128 9
16 905 6
16 35 8
16 953 9
16 19 8
17 936 1
17 682 10
17 256 4
17 696 10
17 931 10
17 160 10
17 144 10
17 923 2
17 56 6
18 562 4
18 314 6
18 257 8
18 403 10
18 97 3
18 40 2
18 567 1
19 504 6
19 310 5
19 273 7
19 268 3
19 215 1
19 191 8
19 685 3
19 473 2
19 118 9
19 101 2
19 85 8
19 805 10
19 668 6
19 64 3
19 910 8
19 20 3
19 830 1
20 280 10
21 99 4
21 73 10
21 31 9
22 818 3
22 304 5
22 46 9
23 386 1
23 886 3
23 974 7
23 422 9
23 931 10
23 638 5
23 56 9
23 24 9
25 302 7
25 296 7
25 266 3
25 261 6
25 655 4
25 579 3
25 207 10
25 147 2
25 641 10
25 62 5
25 29 6
25 27 2
25 26 6
26 397 8
26 970 7
26 848 5
26 478 9
26 276 8
26 570 6
26 175 7
26 926 2
26 601 10
26 420 9
26 90 6
26 83 4
26 62 6
26 49 7
26 754 9
26 32 3
27 372 5
27 354 7
27 789 8
27 441 9
27 161 8
27 977 3
27 71 9
27 32 5
28 959 1
28 946 5
28 873 2
28 210 3
28 861 6
28 141 10
28 56 2
28 886 5
29 439 1
29 332 5
29 947 2
29 961 9
29 483 1
29 183 3
29 169 1
29 48 8
30 945 9
30 144 2
31 317 6
31 290 8
31 920 5
31 219 7
31 768 6
31 426 7
31 178 2
31 146 9
31 771 8
31 569 8
31 73 7
31 59 9
31 45 6
31 39 7
32 297 3
32 249 3
32 549 8
32 47 5
34 149 7
34 46 7
35 431 8
35 962 6
35 560 1
35 199 6
35 734 10
35 188 8
35 150 7
35 134 8
35 458 9
35 112 7
35 85 9
35 75 2
35 70 3
36 384 6
36 318 8
36 474 4
36 477 1
37 382 10
37 695 1
37 300 8
37 469 5
37 916 7
37 773 10
37 556 1
38 397 7
38 612 1
38 888 4
38 152 5
38 148 8
38 680 4
39 672 6
39 762 8
39 500 3
39 462 3
39 267 8
39 195 5
39 159 1
39 847 1
39 63 10
40 314 7
40 777 1
40 982 7
40 844 3
41 399 5
41 452 7
41 269 8
41 446 1
41 232 2
41 89 9
41 656 9
42 540 10
42 447 6
42 172 10
42 674 6
42 131 6
42 115 4
42 109 6
42 608 5
42 76 5
42 58 2
43 846 8
43 706 5
44 286 8
44 465 10
44 724 7
44 83 6
45 334 7
45 564 4
45 214 10
45 96 10
45 92 7
45 65 3
45 63 9
45 59 9
46 772 7
46 818 8
46 149 10
46 55 10
47 651 10
47 980 9
47 582 1
47 610 2
47 66 4
47 874 7
48 332 8
48 796 1
48 742 1
48 859 8
49 401 2
50 798 8
50 152 1
51 808 9
51 494 4
53 428 2
53 340 10
53 792 7
53 252 7
53 215 1
53 467 2
53 490 8
53 897 8
54 356 9
54 113 10
54 774 7
54 969 9
55 895 3
55 278 2
56 974 2
56 210 5
57 561 6
57 829 8
58 299 6
58 180 2
58 115 9
58 67 3
59 349 3
59 847 8
59 436 9
59 63 8
60 786 3
60 330 9
60 277 1
60 223 2
60 716 8
60 135 9
60 104 1
61 795 3
61 936 3
61 460 7
62 302 7
62 71 3
63 349 10
63 334 3
63 270 5
63 573 7
63 92 1
63 499 6
64 282 10
64 428 5
64 909 3
64 805 7
65 288 4
65 267 3
65 564 10
65 971 1
66 246 5
66 546 6
66 119 9
66 610 4
66 88 8
67 538 4
67 76 6
68 351 1
68 90 9
68 558 4
68 687 1
69 338 8
69 495 6
69 778 3
70 395 9
70 421 5
70 301 3
70 828 3
70 275 6
70 539 5
70 199 8
70 184 4
70 822 1
70 154 6
70 114 5
70 112 4
70 75 6
70 751 7
70 922 1
71 372 2
71 810 2
71 453 9
71 699 2
71 432 5
71 532 8
72 400 2
72 157 5
73 418 5
74 401 9
74 148 3
75 301 6
75 247 4
75 241 8
75 155 9
75 669 2
75 106 9
75 86 6
76 345 10
76 323 2
76 283 10
76 132 5
76 764 3
76 442 10
77 387 5
77 486 7
79 388 5
79 746 5
80 690 10
80 306 9
80 542 2
80 120 2
81 437 7
81 747 7
81 594 3
82 546 8
82 967 5
82 995 4
82 681 5
82 984 4
84 136 3
84 472 9
85 676 9
85 769 4
85 328 4
85 830 1
85 589 10
85 128 2
85 962 4
85 431 5
86 241 1
86 194 10
86 106 8
87 581 4
88 339 7
88 967 1
88 238 10
88 645 3
88 978 7
89 399 5
89 363 5
91 273 3
91 268 10
92 270 8
94 874 1
94 513 3
94 123 2
96 349 2
96 334 4
97 314 3
97 850 10
98 664 5
99 994 2
100 392 5
100 387 2
100 316 4
100 969 3
100 158 5
101 444 7
102 537 7
102 600 2
102 130 6
103 219 3
103 146 7
103 140 8
104 330 5
104 543 6
104 234 4
104 231 9
106 194 1
106 410 3
108 368 1
108 165 3
109 283 7
109 172 3
110 544 3
110 194 5
110 937 4
110 972 9
110 127 5
110 126 1
110 114 7
110 898 4
110 956 9
111 784 4
111 755 10
111 315 1
111 639 4
111 196 2
112 739 6
112 416 5
112 660 4
112 613 9
112 199 3
112 181 4
112 587 5
112 938 2
112 466 9
113 486 10
113 787 6
114 395 3
114 544 7
114 617 1
115 129 7
116 383 8
116 894 4
116 244 3
116 195 10
116 177 3
116 968 5
116 802 3
116 488 5
116 630 6
117 255 8
117 166 10
117 658 3
117 728 8
118 910 6
118 459 6
118 340 9
118 282 6
118 668 8
118 792 2
118 722 6
119 518 1
120 221 6
121 932 2
124 294 8
124 264 6
124 129 7
125 604 3
125 729 1
125 656 3
126 937 8
126 413 10
126 864 9
127 544 8
127 617 8
127 737 8
128 350 10
128 253 7
128 168 6
128 753 10
131 447 8
132 836 10
133 363 9
133 232 1
133 891 4
134 350 9
135 454 8
135 711 8
137 945 6
137 256 2
138 439 7
138 211 7
139 775 4
139 635 4
139 733 7
141 422 8
141 946 5
143 407 3
143 587 6
143 466 10
143 941 5
147 935 8
148 888 10
150 342 4
150 872 2
150 939 3
150 589 2
152 906 6
152 798 4
153 352 3
153 791 9
156 628 9
157 400 6
157 570 1
158 387 2
158 862 8
158 917 8
161 187 2
162 250 5
164 364 10
164 998 2
164 203 2
164 192 6
164 185 9
164 841 7
166 260 6
166 212 4
166 528 10
166 678 5
168 757 6
168 574 7
168 560 6
168 832 3
169 598 4
169 382 6
169 296 1
169 469 1
171 763 8
171 997 9
172 702 7
172 529 2
172 447 3
173 945 8
174 758 9
175 592 3
175 511 6
175 312 9
175 823 4
175 208 7
175 848 2
175 558 10
175 756 4
177 341 4
179 336 7
179 740 3
179 640 2
180 863 7
180 915 4
181 739 9
182 687 10
182 391 5
182 351 5
182 952 3
183 360 9
183 300 1
184 698 7
184 602 10
184 933 10
184 412 5
185 364 7
185 554 7
186 872 1
186 342 8
186 431 4
187 789 7
188 281 10
188 629 8
188 402 10
189 305 6
189 298 2
189 679 10
190 297 7
190 503 4
191 280 3
192 852 9
193 622 8
193 803 2
193 649 6
193 652 3
193 793 1
193 718 8
193 487 7
195 715 5
196 379 4
196 555 2
196 239 8
196 596 3
197 370 10
198 773 2
198 726 1
199 228 3
200 282 4
201 305 1
201 298 4
202 271 5
202 241 4
206 808 9
206 309 3
207 398 6
207 302 1
208 511 5
208 312 9
208 251 7
208 465 9
208 558 3
208 780 3
208 949 10
208 724 5
209 509 2
209 493 2
212 799 5
212 577 2
212 849 8
213 440 5
215 722 6
217 510 4
218 692 2
219 285 2
219 882 6
219 738 5
222 619 4
223 622 2
223 456 10
223 580 3
224 445 6
225 367 9
225 254 8
225 522 1
226 644 8
226 561 3
227 328 4
228 828 9
232 452 8
232 763 10
233 567 3
233 331 9
233 257 1
233 562 1
234 471 10
236 262 2
236 854 8
237 385 7
237 700 9
238 291 1
239 596 5
243 790 5
243 796 1
243 742 6
243 868 3
244 856 7
245 812 1
245 779 6
247 665 9
249 673 10
249 634 1
252 689 3
253 287 5
253 832 3
253 654 9
254 374 8
255 728 4
256 696 9
257 405 1
257 408 1
258 374 7
258 307 3
260 678 6
261 653 10
262 607 6
262 854 1
263 363 4
263 891 4
263 712 2
264 294 9
264 425 2
265 685 4
265 625 3
266 834 7
270 971 1
271 512 3
272 508 3
274 521 3
274 514 1
274 468 6
274 484 8
274 721 2
274 624 3
275 324 10
276 878 4
278 743 3
281 629 5
285 738 9
285 523 10
285 657 6
285 890 1
287 289 7
289 654 1
290 361 6
290 597 4
290 424 1
291 723 8
292 904 8
295 583 1
295 703 8
296 960 7
297 599 2
298 305 4
299 915 2
300 914 4
301 922 6
301 578 3
301 899 7
303 947 1
307 785 4
311 461 1
311 876 6
312 780 6
314 411 1
314 850 6
315 443 8
316 917 7
317 771 7
318 470 5
320 684 5
320 329 6
321 338 4
321 495 6
321 833 4
322 609 9
324 766 8
324 661 1
324 839 6
324 407 5
324 615 4
325 906 1
325 333 7
326 448 1
326 414 6
333 355 8
335 352 9
335 903 2
335 845 1
336 409 4
337 552 10
338 380 5
339 358 8
341 738 4
342 589 2
344 478 4
344 505 1
344 754 9
344 605 7
345 688 1
345 419 3
345 442 4
346 439 8
350 353 8
351 391 7
351 435 5
352 378 1
354 415 3
355 647 1
357 497 7
361 534 7
364 429 1
365 956 10
365 972 9
366 904 2
367 883 2
367 704 5
367 758 3
368 548 10
368 530 3
369 376 9
369 964 9
371 421 6
371 698 10
372 633 7
373 860 1
375 506 3
375 427 9
375 893 5
376 927 4
382 553 7
382 955 10
384 838 2
386 527 6
388 450 6
390 749 4
390 659 2
390 889 9
391 435 10
391 951 1
392 563 5
392 662 4
392 486 7
392 536 9
394 455 8
395 933 8
400 601 2
405 408 8
405 825 9
411 667 5
415 532 4
418 768 4
419 764 2
419 442 9
420 957 3
422 501 9
423 627 8
423 485 1
428 897 3
429 853 6
430 618 3
430 509 8
430 524 6
430 752 7
436 672 6
436 457 9
437 929 4
441 673 3
442 688 9
443 755 7
443 930 2
445 628 5
452 997 6
453 532 4
456 541 4
456 580 10
460 795 3
461 533 8
465 949 5
465 724 9
466 739 4
466 941 4
467 607 4
468 521 2
468 721 1
469 553 2
469 695 8
469 943 5
469 811 10
472 586 9
473 504 8
478 505 8
481 658 9
481 800 6
483 707 9
484 714 9
485 612 6
486 563 5
488 954 8
488 670 8
488 968 7
492 713 9
492 639 4
496 911 7
496 835 6
498 750 10
503 675 4
503 621 2
503 944 4
510 683 4
519 963 3
520 649 8
524 907 7
524 632 2
524 752 4
528 799 9
531 619 4
533 593 1
534 992 5
539 975 10
546 900 5
547 650 2
550 993 8
560 962 8
560 896 5
562 567 8
569 736 4
569 657 9
573 971 5
581 913 9
583 892 1
586 720 3
587 613 1
588 903 8
589 939 10
589 884 4
590 794 8
591 676 10
596 781 1
616 815 5
618 632 5
618 907 4
618 752 1
618 988 7
622 663 5
622 718 3
623 716 4
628 881 10
630 842 1
631 935 3
633 699 2
637 849 8
638 861 10
639 713 6
640 938 10
642 794 1
645 723 8
652 793 8
655 958 10
658 800 1
663 701 5
663 793 5
666 859 10
675 973 5
680 858 8
686 759 3
687 952 3
692 749 4
695 811 5
695 943 9
703 745 1
704 981 10
706 846 1
709 727 4
711 748 10
732 827 2
737 956 3
741 778 5
741 783 2
741 833 7
741 820 2
751 925 2
755 985 6
756 823 7
757 896 1
758 883 1
766 839 9
772 869 1
774 787 2
776 870 7
778 783 6
783 820 10
796 868 8
797 864 4
798 826 9
808 965 3
817 890 1
849 986 2
850 871 1
871 982 2
874 980 8
879 929 4
886 959 7
887 981 9
899 922 7
901 939 1
912 949 4
926 970 9
926 957 7
956 972 1
975 976 5
