1000 1197
5 21 22 12 22 32 21 45 90 48 62 86 37 14 56 41 91 76 43 42 17 89 56 85 80 84 27 5 87 76 14 12 83 4 8 92 18 27 58 13 17 83 47 83 13 62 35 84 100 29 99 92 20 94 73 65 55 58 13 97 59 62 72 83 86 84 42 71 67 74 68 10 67 86 67 1 36 31 76 70 62 84 67 42 78 81 68 78 49 45 99 91 63 27 53 69 4 92 61 25 69 26 17 43 69 79 15 93 80 10 13 78 69 98 68 93 57 64 57 21 19 90 43 12 81 13 30 46 38 90 47 84 38 51 85 84 88 72 10 50 18 61 69 96 54 2 43 88 41 70 45 8 61 70 63 93 10 81 15 53 96 14 87 20 36 27 18 42 92 76 91 20 91 52 57 62 58 68 18 96 97 86 35 93 45 34 29 10 20 17 6 81 3 44 29 63 40 63 68 88 37 10 24 50 49 92 5 5 46 93 4 20 80 77 45 18 49 94 52 29 23 13 2 94 79 63 80 39 90 52 69 46 49 92 34 3 99 89 93 46 71 94 89 45 63 22 87 88 78 60 17 69 46 98 40 24 8 96 50 71 90 40 62 55 86 45 83 9 11 84 26 92 99 90 30 42 66 99 8 83 18 65 10 88 61 58 75 52 3 38 69 60 96 64 69 92 100 63 91 53 70 36 52 43 20 55 75 55 27 67 55 87 65 93 92 27 19 16 75 85 72 98 11 27 73 25 18 44 84 32 94 4 4 68 16 29 44 65 7 11 82 93 70 87 19 85 56 9 38 87 25 48 10 63 42 77 19 47 63 33 52 81 84 89 5 32 29 86 53 97 100 86 1 37 57 77 24 79 47 37 33 52 6 21 59 66 46 66 34 20 23 63 87 90 87 20 26 93 64 97 21 69 3 70 84 59 86 86 73 93 68 53 53 36 93 55 21 72 28 93 65 21 66 76 85 56 90 83 19 27 34 2 17 96 79 55 16 7 66 36 58 97 52 89 63 74 42 55 100 83 87 83 23 34 62 30 80 99 47 12 35 19 56 91 13 63 4 55 83 70 13 66 6 33 87 92 50 73 69 10 73 88 35 2 97 58 64 32 42 52 44 86 89 98 79 33 10 83 19 77 39 98 7 57 17 54 26 98 67 10 59 58 79 24 30 21 51 28 71 88 26 70 67 4 42 62 53 99 52 24 27 46 54 7 40 43 96 60 72 91 40 25 11 32 96 3 93 9 58 78 48 46 51 67 58 3 99 66 83 45 97 18 17 38 69 11 99 10 12 95 33 2 5 87 35 53 20 48 88 4 45 21 20 90 55 85 29 59 97 39 26 31 58 68 79 35 3 29 83 27 11 55 78 38 24 84 29 77 54 76 71 19 32 6 71 24 17 92 39 35 49 78 26 15 98 72 77 58 85 35 90 12 5 12 83 80 48 34 83 16 18 17 36 54 99 92 32 73 98 17 66 87 84 57 12 8 30 29 16 85 81 40 64 20 92 56 49 65 76 4 82 96 63 26 47 46 47 36 89 53 64 65 46 72 15 96 60 63 22 77 92 75 51 66 24 73 71 11 32 9 81 71 80 81 30 50 91 28 27 66 89 19 6 26 82 52 23 83 73 87 72 10 73 62 11 51 46 57 53 37 85 57 24 94 20 84 18 54 80 88 47 7 63 21 32 58 82 47 24 19 1 23 23 89 69 29 51 35 29 43 43 93 8 99 100 83 94 5 46 43 88 54 81 26 19 24 27 91 97 34 63 47 48 47 99 92 74 92 96 85 59 22 6 80 35 58 60 61 7 66 47 28 65 71 16 90 5 95 43 43 61 89 26 62 75 3 53 94 88 95 77 93 96 35 8 91 84 58 7 59 52 6 83 90 27 40 37 23 92 78 56 32 3 56 74 23 93 56 84 8 82 15 46 10 28 91 48 59 34 33 96 83 78 67 58 54 15 70 10 28 69 45 52 23 92 42 43 88 25 90 9 99 33 21 60 74 29 64 43 19 37 28 55 93 69 85 19 57 32 12 20 61 86 12 19 9 11 61 54 79 61 61 37 38 5 56 11 48 1 32 46 55 64 43 5 83 17 50 90 67 89 41 86 30 84 19 10 42 14 37 72 21 80 14 2 97 40 4 60 57 92 68 66 47 70 99 62 22 56 28 90 99 71 13 35 50 28 55 80 87 73 87 39 84 30 55 22 24 27 79 22 9 68 85 31 51 52 63 28 5 40 7 4 23 50 68 19 10 44 50
1 600 10
1 898 10
1 580 7
1 357 4
1 350 9
1 836 9
1 326 10
1 557 3
1 605 1
1 260 10
1 245 5
1 193 3
1 439 7
1 693 3
1 169 7
1 762 6
1 159 5
1 730 1
1 142 10
1 140 7
1 602 9
1 913 10
1 126 4
1 124 10
1 116 10
1 102 8
1 98 7
1 975 2
1 559 8
1 78 8
1 923 5
1 72 3
1 67 2
1 475 7
1 60 1
1 59 7
1 29 2
1 25 1
1 23 3
1 18 7
1 990 4
1 3 2
1 2 6
2 375 1
2 347 7
2 630 10
2 569 7
2 442 1
2 108 9
2 27 7
2 14 4
2 441 1
2 4 5
3 373 4
3 349 4
3 344 9
3 340 10
3 312 8
3 650 7
3 566 7
3 680 10
3 811 2
3 206 10
3 195 9
3 188 10
3 121 8
3 894 3
3 94 4
3 92 4
3 524 7
3 67 10
3 686 1
3 44 4
3 41 7
3 663 1
3 36 5
3 424 7
3 18 3
3 16 4
3 15 2
3 14 1
3 4 10
4 456 8
4 643 3
4 594 8
4 225 9
4 531 2
4 750 1
4 182 1
4 149 6
4 733 9
4 115 4
4 107 10
4 104 1
4 90 7
4 87 5
4 84 8
4 77 4
4 57 5
4 47 5
4 28 2
4 17 2
4 9 7
4 8 7
4 5 8
5 366 8
5 530 3
5 699 4
5 625 9
5 309 5
5 416 1
5 180 1
5 144 4
5 120 8
5 115 2
5 497 7
5 37 7
5 35 7
5 865 8
5 19 7
6 393 9
6 885 1
6 378 10
6 248 4
6 237 8
6 641 2
6 188 6
6 588 2
6 155 6
6 153 10
6 705 4
6 127 2
6 787 1
6 101 8
6 85 9
6 519 10
6 55 3
6 550 8
6 52 4
6 407 2
6 15 4
7 590 4
7 379 2
7 452 2
7 293 10
7 453 3
7 849 3
7 210 9
7 978 10
7 702 7
7 944 4
7 141 1
7 132 10
7 459 2
7 76 2
7 75 4
7 440 1
7 802 5
7 22 4
7 21 2
7 12 6
8 866 9
8 389 8
8 388 7
8 417 3
8 358 3
8 414 6
8 448 6
8 594 6
8 327 3
8 897 10
8 276 8
8 264 4
8 665 7
8 238 9
8 728 7
8 649 10
8 181 2
8 165 4
8 139 5
8 411 1
8 122 9
8 110 2
8 101 7
8 494 8
8 55 6
8 48 4
8 44 2
8 32 1
8 15 7
9 753 4
9 981 9
9 675 1
9 293 10
9 979 8
9 236 10
9 456 2
9 639 10
9 130 9
9 112 1
9 97 10
9 93 7
9 54 1
9 47 2
9 45 10
9 880 8
9 42 1
9 820 8
9 21 1
9 13 7
10 647 7
10 492 10
10 143 8
10 132 1
10 591 5
10 659 5
10 26 6
10 17 5
10 493 5
11 754 2
11 322 6
11 319 9
11 317 3
11 296 4
11 721 5
11 257 4
11 213 1
11 204 5
11 118 3
11 709 6
11 114 2
11 106 3
11 71 5
11 63 1
11 39 7
11 14 8
12 800 10
12 827 10
12 459 9
12 198 9
12 519 5
12 96 2
12 579 3
12 49 2
12 22 8
12 970 6
13 379 2
13 450 1
13 157 9
13 503 5
14 356 6
14 977 10
14 886 3
14 71 4
14 437 6
14 655 8
15 276 8
15 241 4
15 968 7
15 411 4
15 866 8
15 872 3
15 48 9
16 320 10
16 304 2
16 298 1
16 774 8
16 240 8
16 914 10
16 711 7
16 585 6
16 79 1
16 65 10
16 41 4
16 39 7
16 19 9
17 229 10
17 868 7
17 107 8
17 83 3
17 58 9
17 40 7
17 575 1
18 950 9
18 66 5
18 25 10
19 342 10
19 290 1
19 621 8
19 65 5
20 936 7
20 238 8
20 218 9
20 121 5
20 942 4
20 44 2
20 36 8
21 401 1
21 470 4
21 772 8
21 45 10
22 595 5
22 647 5
22 564 1
22 849 4
22 96 5
22 76 3
22 863 3
22 24 10
23 637 1
23 904 2
23 307 3
23 274 2
23 803 3
23 244 10
23 559 3
23 234 10
23 905 5
23 871 4
23 161 2
23 474 5
23 730 1
23 440 7
23 91 1
23 88 7
23 601 8
23 30 5
23 626 7
25 698 10
25 177 3
25 684 4
25 125 3
25 124 5
25 70 7
25 66 2
25 790 3
25 33 9
26 267 7
26 229 6
26 660 2
26 190 7
26 758 1
26 143 7
27 709 1
27 685 5
27 720 6
27 996 2
27 916 7
27 808 2
27 977 1
27 930 6
27 841 10
28 357 7
28 193 5
28 186 6
28 57 8
28 56 3
28 31 2
29 442 2
29 339 7
29 31 7
30 60 5
31 169 2
31 102 4
32 394 4
32 417 10
32 681 5
32 870 6
32 235 1
32 696 2
32 200 7
33 525 1
33 67 4
33 59 4
34 519 5
34 493 9
34 49 5
35 154 10
35 115 1
35 69 3
36 278 3
37 180 4
38 867 8
38 42 8
39 319 5
39 263 3
39 136 7
39 120 3
39 536 2
39 63 9
40 568 8
40 513 5
40 761 6
40 83 7
40 843 3
40 829 10
41 213 5
41 914 5
41 79 6
41 910 9
42 509 2
42 234 7
42 112 5
42 88 9
42 981 4
43 932 4
43 204 6
43 119 6
43 106 7
43 694 2
44 113 7
44 86 1
44 894 4
44 527 4
46 398 4
46 444 5
46 605 2
46 859 10
46 226 8
46 504 8
46 431 7
46 137 1
46 87 6
47 502 5
47 766 5
47 847 4
47 253 3
47 208 2
47 541 6
47 54 3
47 514 5
48 566 10
48 654 7
48 242 5
48 477 2
48 185 1
48 122 7
48 563 9
48 960 2
49 246 7
49 179 10
49 651 4
50 560 8
50 569 10
50 716 9
51 700 9
51 361 3
51 234 5
51 642 6
51 918 8
53 599 4
53 499 7
54 677 2
54 431 3
54 321 10
54 514 4
54 847 6
54 219 10
54 93 10
55 394 5
55 481 7
55 200 10
55 738 8
55 737 7
56 878 2
56 288 4
56 656 6
56 193 1
56 632 9
56 742 10
56 570 1
57 203 10
57 158 2
57 538 6
57 616 5
57 108 9
57 103 4
57 95 2
58 184 10
58 837 7
59 390 2
59 367 4
59 525 8
59 362 10
59 580 8
59 740 5
59 289 9
59 183 1
59 78 9
61 206 2
61 949 6
61 118 4
61 114 4
62 282 5
62 280 6
62 238 10
62 86 1
62 552 4
63 366 7
63 690 1
63 801 5
64 692 1
64 119 7
65 382 8
65 298 8
65 240 9
65 785 7
66 363 9
66 349 4
66 468 5
66 650 3
66 199 2
66 175 10
66 618 9
66 413 7
66 70 2
67 350 5
67 334 5
67 488 2
67 602 1
68 465 2
68 906 3
70 419 4
70 646 7
70 735 3
70 779 3
70 310 9
70 299 9
70 295 9
70 747 4
70 415 9
70 195 4
70 889 8
70 819 4
70 94 2
71 427 3
71 720 1
72 884 2
72 698 7
72 751 4
73 380 6
73 339 4
73 484 6
73 277 10
73 111 1
74 857 2
74 251 6
74 98 3
75 496 6
75 300 7
75 297 10
75 579 4
75 76 5
76 595 6
77 105 3
77 531 4
78 678 4
78 126 8
78 89 2
79 473 5
79 343 10
79 275 1
79 247 10
79 222 9
80 467 10
81 869 9
81 662 7
81 158 8
81 103 4
82 729 7
82 351 2
82 281 6
82 807 2
82 197 8
82 111 1
83 837 8
83 843 8
83 464 10
85 378 9
85 407 10
86 146 6
86 527 8
87 398 7
87 859 4
87 504 8
87 243 7
87 666 8
88 274 6
88 571 6
88 509 3
90 656 4
90 965 1
90 140 4
91 307 9
91 292 9
91 852 10
92 500 2
93 128 3
94 725 1
94 515 3
94 312 4
94 266 5
94 195 7
94 633 2
94 178 4
94 413 3
94 472 6
94 147 5
94 129 8
94 117 6
94 100 3
94 468 5
95 294 10
98 159 9
99 309 4
99 258 10
100 747 5
100 779 6
100 123 5
101 353 2
101 254 6
101 153 6
101 139 7
102 368 9
103 158 8
103 658 2
106 694 6
106 204 1
107 492 2
107 612 6
108 231 9
108 528 1
109 568 9
110 389 8
110 388 2
110 341 10
110 494 9
110 796 2
110 262 10
110 205 1
110 181 5
110 448 5
111 332 3
111 277 7
111 511 2
111 191 10
111 722 10
113 765 4
113 781 10
113 899 1
113 121 1
114 697 2
115 154 5
117 676 4
117 620 10
117 175 8
119 273 2
120 801 2
120 318 9
120 558 10
120 433 3
120 145 9
121 936 3
121 781 2
122 264 5
122 872 10
123 1000 1
123 134 4
124 352 1
124 684 1
124 980 5
124 704 6
124 995 4
124 751 9
125 352 3
125 454 1
125 704 10
125 903 5
125 929 10
126 814 4
126 523 6
127 738 7
128 208 5
129 620 3
129 312 1
129 844 6
129 952 1
130 408 7
130 840 10
130 228 4
130 634 5
130 756 5
131 384 7
132 907 4
133 499 4
133 661 10
133 187 1
133 547 7
134 148 8
134 582 4
135 231 5
135 176 1
137 755 8
137 283 5
138 331 5
138 164 8
139 674 5
139 353 10
139 305 6
139 286 2
139 687 9
139 254 1
139 205 7
139 201 9
139 181 6
139 414 4
140 656 2
140 211 6
141 457 9
141 157 2
141 551 1
142 533 6
142 483 2
142 211 1
143 513 8
143 815 3
143 190 1
143 151 3
143 591 3
144 263 9
144 530 8
144 784 4
145 263 1
147 480 8
147 178 3
147 892 10
147 618 2
149 856 1
150 376 5
151 922 10
151 250 6
152 386 6
152 598 2
152 166 2
152 582 10
153 237 4
153 748 3
155 493 9
157 374 2
159 799 3
159 580 6
161 913 2
161 463 7
162 377 3
163 221 4
163 171 5
164 172 5
164 960 3
166 598 10
167 311 7
167 651 4
168 508 3
169 926 9
170 429 10
173 675 1
174 946 6
174 315 4
175 672 9
175 736 3
176 529 5
176 731 4
176 951 10
177 751 4
177 813 2
178 648 8
178 710 2
180 383 8
180 345 1
180 270 4
180 261 2
180 406 9
180 828 9
181 953 2
181 346 4
181 341 6
181 306 5
181 223 7
181 205 7
182 906 6
183 695 6
183 645 6
185 654 7
185 477 6
185 872 10
191 462 9
191 271 3
191 256 3
191 252 6
191 215 5
191 194 8
191 783 9
192 971 10
192 510 6
193 570 5
194 252 3
194 215 3
194 197 10
195 299 10
196 953 2
196 414 2
197 351 8
197 281 3
197 839 1
198 459 8
199 648 3
199 472 4
199 363 6
199 593 4
200 565 10
201 353 4
201 791 2
205 306 5
205 674 6
206 576 1
206 239 1
207 479 5
207 420 4
208 302 6
208 212 6
210 827 3
211 483 2
211 315 4
211 458 5
212 302 8
213 395 1
213 385 8
213 333 4
213 227 4
213 717 2
213 961 5
214 770 7
214 509 3
215 409 5
215 271 4
215 256 2
215 252 5
215 729 9
215 554 5
215 537 5
216 403 8
216 750 7
216 492 7
218 781 5
218 899 6
219 486 1
219 412 3
219 226 7
219 444 7
221 284 2
221 232 2
221 732 4
222 717 9
224 614 1
225 348 2
227 961 7
228 369 5
228 408 3
229 267 3
229 758 5
231 294 10
232 284 9
233 634 10
234 387 6
235 565 2
235 417 7
236 401 7
236 675 10
238 282 10
239 576 6
240 833 10
240 265 5
241 242 9
244 615 5
245 653 5
246 610 7
248 285 1
251 695 2
252 354 3
252 460 3
254 587 5
255 296 2
256 782 3
256 354 7
256 701 5
256 409 10
256 561 8
257 275 9
257 584 10
259 773 7
261 406 1
261 714 7
262 604 7
265 435 4
267 758 10
268 447 1
268 355 4
268 629 2
270 383 10
270 370 5
270 828 10
270 895 3
270 744 1
270 416 4
271 701 5
271 316 5
271 410 2
271 745 6
274 626 6
275 752 6
275 754 10
277 332 5
277 324 6
278 635 8
279 662 10
279 291 9
281 301 3
281 935 2
282 552 4
286 743 8
287 856 2
288 632 6
288 822 6
290 948 10
290 805 2
291 360 6
291 597 1
292 364 1
293 400 9
293 702 3
293 724 4
295 325 8
297 422 9
297 329 7
297 300 8
298 711 5
299 819 2
300 496 8
301 935 2
304 553 1
304 727 7
304 471 1
304 446 9
305 874 8
305 703 10
307 607 8
309 366 5
309 690 4
310 419 8
312 373 5
313 397 3
313 526 9
314 853 7
317 536 3
319 536 2
319 806 2
322 335 2
324 858 7
326 533 4
326 762 1
327 455 9
327 897 4
327 562 6
329 827 5
329 970 2
330 676 8
330 726 9
331 524 3
332 573 6
332 560 2
333 395 3
333 385 4
333 546 5
337 521 6
338 528 7
339 769 6
340 508 6
341 388 8
345 834 2
345 713 7
349 734 7
349 650 10
349 950 7
349 811 1
350 602 4
350 898 1
350 488 6
352 418 1
354 409 3
355 629 5
356 934 3
357 425 6
358 818 8
360 869 6
362 390 7
362 367 2
362 757 3
363 710 5
363 831 7
364 601 4
364 986 8
366 507 5
366 974 7
366 690 4
366 449 8
367 608 2
368 443 3
368 741 9
370 416 10
371 640 4
372 897 3
372 771 7
375 451 5
376 530 4
376 497 1
379 543 7
379 810 9
379 457 7
380 769 5
383 962 4
385 395 9
385 938 5
386 598 10
386 627 7
386 646 1
387 700 1
388 405 6
390 421 5
391 884 6
394 567 10
396 542 5
396 426 7
396 830 4
398 447 9
399 562 10
404 432 9
404 804 8
405 448 6
406 834 4
409 749 4
409 561 10
410 518 10
412 482 1
412 486 8
414 436 8
414 438 3
415 864 3
415 663 10
420 479 7
421 516 3
421 896 1
423 469 9
423 956 5
423 915 5
425 443 5
427 873 3
427 437 1
427 685 3
427 916 10
430 502 7
431 992 1
432 489 2
434 635 8
436 438 1
438 649 10
445 917 7
446 625 1
448 665 6
448 796 6
448 494 1
450 470 4
453 623 9
454 903 10
454 995 3
457 706 2
458 838 3
458 959 1
463 867 3
466 775 8
466 988 4
468 593 3
471 625 5
472 879 3
473 574 2
474 487 2
474 871 2
475 990 10
478 585 10
480 548 3
484 976 7
501 921 8
502 832 7
502 545 8
503 543 4
506 701 3
507 671 9
509 586 9
509 770 7
515 548 2
516 896 8
522 787 6
523 611 3
523 622 3
526 776 7
527 775 1
529 614 7
536 806 4
541 545 7
541 639 3
541 848 9
541 943 4
545 848 1
545 943 9
549 759 6
559 904 2
559 688 2
559 730 7
569 716 9
575 821 2
576 592 10
577 851 10
577 618 3
579 603 7
580 799 1
581 865 8
586 691 9
589 768 8
590 891 9
591 815 3
593 994 3
594 991 6
595 941 7
599 659 1
606 928 7
606 791 8
620 844 9
624 628 3
624 667 5
628 963 6
628 667 8
631 852 6
631 634 8
632 822 8
633 747 1
634 840 6
636 769 6
641 705 9
641 958 7
647 957 8
648 883 7
648 862 2
653 678 8
655 778 2
657 947 2
663 876 5
664 703 2
667 963 7
672 966 4
676 983 7
678 814 7
680 864 6
681 696 6
682 945 6
693 990 7
694 972 3
696 850 3
697 816 3
704 853 3
705 958 7
709 841 1
709 996 7
710 997 10
710 893 5
726 736 5
734 777 8
752 835 2
778 930 6
781 899 9
783 793 2
786 816 3
787 885 7
802 978 8
811 950 9
868 985 5
873 886 2
879 933 7
903 995 10
933 984 7
