1000 1197
5 30 56 11 70 59 53 15 81 28 50 8 59 90 34 88 58 99 2 96 50 30 18 82 33 61 69 58 15 23 7 5 64 36 89 59 48 23 33 82 13 95 89 97 48 7 5 1 72 39 13 58 83 30 72 20 37 63 32 32 5 8 59 43 89 34 49 68 35 2 49 60 4 85 38 95 5 38 98 9 52 26 45 37 15 87 43 75 55 72 24 63 38 77 43 25 80 51 80 15 94 30 8 79 82 83 85 12 51 69 79 54 20 69 39 12 74 53 34 63 28 91 60 55 71 19 38 81 52 23 36 34 48 72 92 38 6 74 5 95 87 18 65 49 52 42 76 12 44 51 53 82 11 50 70 56 88 18 91 57 76 56 1 32 28 1 94 7 20 72 51 38 25 92 34 63 16 50 94 35 44 88 100 11 80 48 71 82 73 84 90 1 87 10 81 59 26 24 12 19 72 62 1 79 85 79 39 38 68 72 22 63 64 68 74 11 47 84 92 14 66 76 11 51 65 79 46 30 22 48 70 96 7 13 55 14 9 72 52 78 88 18 99 73 89 8 96 91 75 40 35 87 96 61 9 2 45 4 72 47 11 94 27 32 6 32 50 58 88 45 22 78 26 34 54 50 82 22 15 19 31 64 75 16 29 42 8 43 19 13 45 18 62 7 34 67 54 65 8 47 82 67 22 61 75 11 18 31 21 49 17 77 51 9 3 67 92 100 72 46 84 33 27 19 99 18 97 33 10 87 64 25 27 100 30 38 12 90 19 20 7 33 1 24 97 50 97 95 32 37 1 30 100 62 29 11 90 62 75 33 29 69 79 27 14 15 41 44 67 98 10 57 20 99 5 45 91 70 90 64 77 89 68 49 47 86 19 54 92 74 91 32 4 36 5 64 2 63 78 41 7 90 76 24 72 70 8 88 88 27 42 38 85 15 99 19 33 48 43 83 8 11 84 30 17 90 97 58 29 89 19 22 43 20 95 14 21 68 78 98 83 75 26 92 95 47 40 41 100 73 34 99 12 65 11 97 40 21 90 15 80 23 84 62 59 90 3 61 98 42 70 11 69 54 2 42 63 65 69 85 76 63 19 34 18 60 90 40 95 86 79 27 75 24 19 69 48 79 77 89 46 64 2 46 4 6 14 100 31 39 14 27 1 96 44 28 83 66 92 55 76 28 9 48 27 2 7 74 52 78 96 24 29 84 53 52 82 36 27 40 1 67 53 24 29 17 90 60 36 66 2 95 52 39 71 93 58 88 72 45 94 24 44 16 61 26 63 91 8 85 76 83 31 19 88 67 4 48 32 36 46 71 59 18 37 5 89 75 60 79 95 33 45 59 48 26 29 77 21 98 42 79 11 7 84 93 52 61 48 89 73 80 34 79 20 20 74 97 61 46 37 47 90 60 100 37 44 59 84 7 89 1 43 70 70 66 16 45 77 18 75 83 89 80 93 58 96 55 73 43 50 88 23 55 24 42 92 52 81 24 9 18 10 99 80 92 39 17 75 43 15 93 16 29 23 68 8 40 69 74 88 69 1 65 62 1 72 22 5 70 72 91 33 90 67 52 18 62 58 1 39 50 45 37 90 11 43 77 49 1 83 35 89 94 16 19 82 73 78 31 14 90 86 51 56 37 36 83 36 30 50 17 79 31 92 10 60 73 44 38 57 18 49 24 63 31 26 17 32 45 91 92 9 94 69 99 54 9 39 2 27 53 64 73 8 27 88 82 13 37 59 51 46 3 66 88 57 19 1 66 3 78 51 28 79 78 17 70 18 85 67 38 78 94 94 57 88 16 24 35 36 14 91 32 93 35 20 42 24 76 61 57 28 23 23 73 28 53 35 15 6 83 15 20 28 84 29 39 53 42 24 20 1 41 28 56 7 58 13 12 29 29 7 43 45 56 48 76 20 24 16 38 34 82 73 48 80 72 12 34 60 41 90 3 66 74 9 85 15 6 40 31 21 11 90 98 29 60 27 20 50 60 43 86 77 29 21 3 1 40 69 23 58 91 99 68 29 2 99 18 50 45 60 95 27 6 64 85 1 7 16 82 85 25 9 94 89 37 23 13 16 72 22 35 70 97 41 23 40 94 59 6 98 83 1 47 97 46 39 81 69 72 69 30 73 99 22 1 94 99 30 35 20 26 91 41 16 75 49 92 19 98 47 65 64 76 27 72 54 44 69 80 24 4 77 80 86 65 33 62 55 20 2 9 31 75 4 96 65 68 31 48 64 26 50 92 23 73 27 31
1 397 9
1 792 2
1 668 2
1 504 8
1 270 7
1 267 5
1 723 1
1 262 7
1 854 3
1 252 4
1 527 5
1 759 6
1 511 8
1 237 8
1 215 8
1 900 5
1 683 6
1 190 7
1 452 5
1 127 5
1 109 4
1 693 3
1 72 5
1 60 8
1 58 8
1 696 9
1 958 8
1 772 3
1 17 8
1 10 7
1 9 7
1 541 4
1 6 5
2 504 6
2 964 6
2 343 6
2 685 1
2 312 4
2 465 6
2 310 4
2 866 8
2 108 7
2 834 1
2 19 4
2 7 10
2 3 4
3 590 3
3 532 10
3 371 2
3 368 10
3 328 9
3 257 2
3 232 9
3 766 7
3 807 1
3 170 3
3 472 7
3 126 7
3 500 2
3 88 6
3 856 9
3 63 8
3 59 2
3 52 10
3 868 8
3 43 7
3 658 7
3 28 4
3 22 5
3 21 9
3 19 4
3 12 2
3 11 3
4 388 10
4 620 1
4 375 4
4 744 7
4 869 9
4 327 4
4 296 5
4 834 4
4 757 4
4 240 5
4 552 2
4 167 7
4 699 2
4 141 6
4 818 4
4 652 5
4 452 7
4 104 10
4 909 5
4 633 4
4 31 8
4 24 2
5 344 5
5 667 3
5 888 4
5 782 5
5 265 1
5 189 7
5 172 7
5 829 5
5 592 4
5 123 6
5 118 3
5 114 7
5 91 5
5 40 1
5 32 3
5 512 10
5 21 8
5 20 4
5 17 9
5 11 3
5 8 5
6 381 7
6 839 1
6 740 3
6 302 8
6 775 2
6 252 3
6 748 6
6 219 1
6 523 1
6 494 2
6 813 5
6 877 7
6 516 3
6 512 8
6 486 8
6 836 9
6 919 4
6 51 9
6 46 4
6 42 10
6 40 2
6 970 2
6 29 4
6 898 5
6 8 10
7 377 2
7 747 6
7 353 9
7 686 6
7 292 3
7 403 7
7 284 5
7 268 7
7 454 1
7 249 6
7 222 7
7 214 8
7 834 2
7 187 7
7 860 7
7 692 4
7 115 4
7 78 2
7 73 5
7 600 3
7 27 4
7 9 9
8 995 3
8 213 2
8 801 2
8 143 9
8 38 6
9 315 2
9 296 10
9 276 8
9 146 10
9 412 1
9 548 5
9 60 3
9 48 5
9 36 3
9 10 2
10 315 3
10 269 7
10 900 4
10 260 5
10 631 10
10 110 8
10 25 2
10 14 2
11 385 3
11 381 2
11 862 10
11 748 9
11 856 8
11 841 7
11 300 6
11 739 4
11 238 6
11 227 8
11 626 1
11 188 9
11 185 4
11 165 6
11 136 1
11 520 3
11 128 7
11 120 5
11 434 9
11 95 9
11 94 6
11 90 4
11 611 5
11 82 5
11 74 7
11 69 3
11 560 10
11 55 6
11 45 1
11 542 4
11 15 7
12 514 9
12 148 8
12 119 6
12 88 8
12 630 3
12 493 2
12 670 2
12 612 3
12 677 9
13 648 4
13 298 2
13 283 5
13 533 5
13 186 1
13 456 2
13 663 9
13 108 6
13 105 1
13 79 10
13 77 1
13 70 9
13 65 7
14 383 9
14 367 8
14 345 3
14 264 3
14 654 7
14 149 5
14 100 5
14 96 5
14 53 1
14 25 6
15 185 8
15 41 7
16 352 8
16 487 9
16 895 9
16 452 5
16 110 2
17 787 4
17 193 8
17 111 5
17 23 3
18 968 5
18 320 2
18 586 2
18 143 2
18 754 3
18 596 9
19 375 10
19 816 4
19 343 5
19 324 2
19 313 1
19 464 4
19 697 7
19 583 7
19 913 3
19 634 8
19 659 2
19 57 8
19 606 6
19 478 10
19 31 6
19 22 3
19 522 2
19 960 9
20 385 8
20 756 8
20 512 3
20 567 4
20 199 10
20 430 8
20 695 2
20 990 9
20 26 10
21 368 7
21 721 6
21 480 1
21 242 5
21 101 3
21 63 2
22 324 1
22 639 10
22 410 3
22 171 5
22 159 4
22 103 4
22 68 10
23 825 9
23 479 7
23 767 6
23 138 4
23 925 8
23 111 4
23 91 5
23 32 4
24 377 7
24 781 1
24 292 10
24 276 1
24 871 4
24 167 8
25 803 9
25 383 9
25 369 4
25 338 5
25 786 6
25 287 3
25 811 7
25 229 3
25 616 5
25 910 5
25 169 3
25 885 2
25 164 1
25 553 6
25 769 5
25 49 3
25 39 8
25 476 1
26 598 4
26 376 10
26 842 10
26 904 3
26 528 4
26 935 10
26 407 8
26 417 4
26 158 8
26 129 6
26 471 9
26 64 4
27 429 5
27 743 4
27 263 6
27 60 9
28 386 6
28 272 1
28 575 6
28 228 9
28 772 4
28 117 2
28 109 6
28 52 2
29 391 4
29 602 9
29 722 7
29 254 9
29 226 9
29 810 1
29 407 1
29 460 9
29 949 2
29 107 3
29 423 7
29 44 1
29 37 7
29 975 10
30 608 6
30 890 4
30 340 4
30 820 10
30 852 8
30 122 5
31 634 9
31 569 1
31 80 3
32 678 8
32 156 1
32 797 8
32 99 8
32 470 7
32 91 7
33 336 7
33 322 2
33 846 2
33 704 2
33 166 9
33 80 1
34 931 8
34 989 7
34 944 6
35 146 9
35 429 6
35 75 3
35 73 5
35 48 7
36 977 8
36 75 2
36 779 4
36 413 3
37 499 6
37 376 10
37 426 4
37 975 9
37 680 9
37 76 7
37 64 10
38 428 8
38 774 3
38 523 7
39 369 10
39 906 3
39 955 5
39 786 4
39 765 1
39 164 4
39 536 1
39 723 4
39 421 5
40 302 8
40 225 6
41 862 3
41 959 3
41 191 5
42 436 9
42 463 10
43 646 3
43 295 1
44 387 4
44 563 6
44 317 8
44 911 7
44 254 5
44 158 3
44 139 1
44 107 9
44 720 1
44 966 10
45 645 2
46 785 2
46 160 3
46 148 7
46 703 3
46 88 10
47 286 10
47 467 9
47 59 7
48 392 7
48 404 8
48 334 1
48 576 7
48 728 9
48 121 5
48 113 8
49 305 4
49 553 10
49 147 5
49 116 6
49 855 6
49 87 7
50 558 5
50 224 8
50 629 1
50 150 1
50 593 10
50 124 3
50 115 7
50 675 9
50 112 6
50 86 8
50 442 3
51 790 10
51 74 4
52 766 3
52 228 9
52 986 10
53 367 6
53 168 5
54 383 8
54 476 7
54 402 6
55 542 7
55 572 2
55 170 3
55 83 1
55 725 6
56 384 7
56 363 6
56 236 6
56 93 7
56 57 1
57 996 10
57 236 10
57 66 8
57 432 6
60 657 6
60 263 5
60 635 5
61 919 4
62 361 4
62 287 3
62 541 6
62 788 10
62 181 1
62 147 9
62 833 8
62 116 9
62 87 8
63 371 10
63 651 3
63 309 1
63 475 10
63 242 6
63 550 3
63 694 9
64 354 2
64 422 9
64 528 3
64 129 5
64 831 6
65 216 3
65 732 7
65 150 7
65 881 7
65 976 7
67 253 10
67 900 8
68 359 8
68 837 1
68 273 8
68 255 9
68 133 8
68 103 9
69 520 2
69 297 8
69 248 6
69 217 9
69 203 4
69 549 9
69 97 4
69 94 6
69 83 6
70 357 10
70 768 10
70 298 8
70 256 4
70 924 1
70 237 7
70 943 2
70 526 5
70 77 4
70 72 1
70 983 9
71 901 7
71 670 7
71 175 4
72 983 10
72 527 8
72 792 8
73 146 3
74 294 4
74 821 4
75 304 3
75 98 9
75 576 9
76 561 2
76 84 5
77 660 7
77 661 10
78 243 8
78 406 10
79 559 2
79 208 5
79 759 10
79 973 1
79 809 5
80 650 7
80 289 6
80 869 6
80 212 8
80 610 5
80 166 1
80 744 4
80 846 5
81 345 5
82 381 6
83 892 4
83 348 2
83 778 3
83 201 8
83 196 6
83 711 10
84 561 4
85 295 10
86 458 3
86 341 1
86 469 5
86 124 7
86 940 10
87 687 9
87 147 4
87 671 6
89 698 1
89 618 3
89 203 7
89 162 3
89 621 4
89 912 6
90 790 10
91 993 6
91 825 8
91 194 10
91 163 1
91 156 5
91 782 7
91 125 4
91 99 5
91 622 3
93 941 7
93 570 6
93 996 2
94 355 4
94 674 9
94 162 10
95 188 1
96 307 6
96 555 7
96 411 10
97 508 9
97 348 2
98 362 6
98 220 2
98 956 6
98 140 10
98 443 5
98 404 9
99 389 6
99 767 2
99 925 7
99 177 9
99 156 10
99 125 1
100 979 3
101 694 4
101 342 1
101 472 2
101 178 7
101 776 9
102 400 8
102 366 5
103 359 5
103 133 10
104 770 9
104 141 5
104 818 6
105 706 7
105 974 7
106 627 5
107 874 8
107 180 5
107 139 1
107 507 9
110 531 8
110 360 10
110 288 7
110 489 6
110 907 8
111 138 8
111 479 7
112 224 8
112 211 5
112 150 1
113 195 10
114 447 4
114 238 5
114 204 4
114 123 9
115 310 6
116 922 4
116 134 6
117 795 8
117 278 7
117 219 6
117 144 1
117 127 1
117 920 6
117 492 9
117 761 1
118 157 10
119 424 3
120 395 3
120 939 4
120 425 9
120 505 10
120 189 10
120 626 3
120 812 2
121 274 2
121 231 2
123 853 7
123 780 4
123 277 4
123 518 5
125 400 6
125 605 7
125 681 5
125 437 5
125 847 7
127 920 7
128 379 5
128 185 8
128 626 3
130 692 5
130 249 2
130 222 3
130 745 3
132 396 9
132 374 6
132 439 6
132 221 2
132 853 9
132 554 10
133 255 3
134 261 7
134 229 4
134 811 5
135 223 7
135 200 2
135 654 2
136 198 1
136 191 4
137 975 1
138 584 7
138 787 10
139 676 10
139 180 5
139 563 1
140 291 5
142 921 3
142 221 7
142 695 1
143 351 1
143 213 3
144 746 6
144 740 6
144 665 7
144 578 4
144 761 9
144 462 3
148 488 9
148 239 5
148 731 7
149 654 3
150 285 5
150 481 1
150 502 7
150 784 8
151 411 3
152 932 5
154 564 2
154 467 5
155 397 4
155 454 8
156 259 4
156 234 2
156 470 10
156 163 9
158 604 9
158 873 2
158 935 7
158 842 3
159 466 3
161 555 1
162 618 8
162 954 1
162 707 5
163 259 6
164 421 4
165 204 7
166 936 7
166 744 2
167 805 2
167 292 4
167 633 9
169 979 9
170 572 2
170 542 8
170 938 4
172 398 4
172 395 7
172 888 3
172 282 5
172 642 1
172 991 5
172 189 9
172 939 5
172 865 4
172 405 9
173 321 2
173 722 5
174 246 5
174 192 10
175 560 1
176 334 8
176 574 2
176 231 4
176 638 9
177 399 2
177 691 1
178 371 3
178 870 4
178 651 4
179 453 7
181 250 4
182 334 1
183 719 2
183 605 9
183 690 6
184 641 1
184 265 2
184 457 2
185 482 9
186 358 1
186 258 5
187 546 10
187 600 8
188 294 10
188 427 7
189 395 8
189 980 10
189 468 2
189 864 10
189 333 7
189 331 9
189 282 10
189 642 6
189 875 1
190 586 2
192 246 3
195 884 4
195 233 6
195 197 3
196 725 2
200 515 9
200 411 9
201 892 1
201 549 9
202 945 6
202 222 8
204 300 6
204 238 4
205 979 3
206 612 9
207 806 2
208 308 2
209 380 7
209 408 6
209 982 7
210 556 6
211 442 5
212 610 2
212 704 3
213 700 7
214 546 6
215 431 7
216 382 6
218 299 1
219 378 4
219 278 9
219 795 3
219 462 8
221 374 10
222 280 10
222 249 3
223 307 7
225 877 1
226 547 9
227 751 4
228 766 8
228 230 8
228 986 3
230 386 10
230 272 6
230 590 6
231 304 9
231 274 5
231 266 3
231 644 7
231 724 2
232 987 1
233 420 7
233 573 7
236 384 1
237 256 6
237 451 3
238 447 8
238 300 5
238 251 7
238 905 4
238 712 10
241 350 1
241 878 6
248 275 8
249 745 1
249 738 4
250 485 1
250 293 2
252 428 1
252 684 2
253 269 8
254 391 8
254 810 9
256 357 8
256 451 10
256 983 8
257 416 3
257 915 10
258 835 8
260 525 10
263 743 7
263 635 7
264 579 4
265 641 4
265 457 8
265 780 1
266 595 7
266 851 6
266 828 10
266 644 2
267 640 9
267 666 9
268 450 4
269 946 6
269 823 8
272 386 7
274 824 2
275 778 6
276 548 5
277 853 6
280 649 1
282 998 5
282 980 3
282 468 9
282 918 4
285 314 7
285 502 5
287 625 3
288 531 4
289 846 1
290 401 2
291 653 5
291 415 9
292 781 10
292 377 7
294 841 3
294 863 4
294 427 7
297 549 9
298 826 2
298 535 2
300 346 3
301 378 10
301 716 1
301 761 7
305 727 1
306 809 9
311 828 7
316 960 7
316 570 3
316 941 3
317 799 5
317 455 6
318 617 4
319 662 2
319 826 4
320 529 5
320 968 8
321 722 6
323 393 8
323 592 6
324 832 9
326 441 10
334 347 10
334 574 4
342 416 6
344 820 9
346 905 4
348 682 6
349 571 5
352 484 7
352 487 2
357 794 4
357 800 4
360 509 9
360 489 10
361 625 2
364 753 1
364 423 4
369 906 3
369 421 9
369 965 8
370 498 9
371 933 3
371 475 8
371 521 9
373 970 5
373 540 1
374 990 9
374 439 4
374 567 1
374 496 9
377 758 1
378 578 4
381 516 1
381 544 9
386 575 3
387 911 2
387 598 6
389 804 10
390 647 2
391 799 3
393 667 6
395 537 2
397 454 9
399 886 6
400 437 3
401 775 2
403 692 2
403 738 2
405 991 9
408 591 9
408 488 2
410 685 4
410 773 3
413 519 6
414 784 9
415 777 8
416 776 10
417 628 6
418 518 10
421 765 7
421 741 2
421 848 4
424 491 1
431 435 6
434 830 7
434 930 7
434 742 1
434 679 7
436 901 6
436 513 7
439 614 5
445 479 10
446 827 5
450 562 4
452 895 1
452 506 6
457 582 3
457 565 7
459 866 9
460 676 1
460 720 9
468 980 7
469 675 7
472 658 1
475 521 3
475 500 1
477 829 3
482 830 10
482 679 4
485 961 6
485 511 2
485 859 1
486 775 5
487 907 6
488 798 7
488 858 3
488 785 7
491 495 4
500 807 8
505 537 4
511 961 9
517 640 2
524 921 9
526 943 5
526 997 1
527 792 3
529 624 6
530 962 9
530 570 7
533 752 10
535 663 8
538 682 7
538 916 2
545 732 4
550 588 1
550 870 10
555 683 4
557 967 6
562 793 8
565 780 1
566 741 9
571 945 6
572 938 8
577 647 7
578 746 2
581 981 4
581 619 4
587 997 5
594 680 3
595 636 8
597 724 8
604 949 1
605 847 10
607 782 10
607 844 1
608 852 4
611 726 5
611 821 7
612 630 5
617 839 3
618 674 1
618 632 6
618 887 9
620 678 7
620 872 7
621 912 6
623 679 10
625 714 10
626 739 4
630 677 10
631 823 5
632 923 1
633 699 2
635 743 2
639 659 7
641 952 3
641 984 8
642 882 10
644 851 9
650 950 6
650 971 3
657 902 1
662 826 5
666 995 1
674 707 7
674 963 10
674 709 7
676 720 1
679 742 9
683 710 1
683 819 9
684 701 3
685 773 8
689 721 6
698 814 4
703 858 6
704 927 3
707 963 8
708 714 1
719 993 6
734 781 2
737 994 8
740 796 3
741 848 7
744 936 4
747 969 8
765 861 2
778 908 6
787 992 4
794 943 7
797 804 9
820 852 2
825 840 4
830 930 1
838 843 10
840 844 10
841 947 9
847 942 1
850 978 6
862 959 4
873 948 4
885 955 9
890 931 5
906 965 7
908 928 3
931 944 5
937 993 1
