1000 1197
5 26 39 62 96 96 37 30 85 38 56 97 98 52 95 64 75 87 73 19 33 10 87 84 7 72 48 32 1 99 60 59 73 20 99 75 33 75 96 98 15 89 68 40 80 84 70 43 86 34 6 75 2 62 73 43 46 11 23 15 32 85 66 13 37 9 46 70 51 88 9 35 36 35 53 48 21 35 37 89 57 5 6 39 46 34 55 27 2 59 62 27 100 2 98 47 92 72 70 70 81 78 13 61 26 81 50 2 65 39 96 66 94 83 4 2 66 59 95 92 23 90 1 84 76 16 34 14 45 57 42 59 43 11 38 61 97 73 7 22 2 40 17 22 3 22 59 100 93 10 49 95 36 10 17 75 99 49 3 55 86 85 44 76 32 64 6 24 56 24 21 79 8 22 45 62 37 9 6 66 70 37 68 2 12 41 50 96 96 1 48 41 45 77 55 11 33 43 90 53 55 86 62 15 17 86 72 22 57 82 13 41 72 72 9 14 48 39 22 21 45 45 7 72 22 71 13 35 6 100 70 21 78 52 45 58 4 31 23 62 80 6 94 59 76 15 92 40 77 100 76 28 21 80 75 13 76 100 11 59 100 67 95 93 46 39 16 34 100 65 24 85 12 62 92 96 74 10 11 51 75 64 93 52 45 100 41 48 11 76 7 89 79 86 2 29 77 64 100 100 76 1 87 2 98 33 97 43 74 58 86 32 58 51 97 97 55 58 23 15 28 66 69 73 86 22 58 88 97 60 79 65 16 34 23 84 28 78 13 16 94 63 85 56 8 68 76 2 85 12 63 89 5 63 86 94 5 54 69 33 91 75 81 8 60 73 85 15 60 97 55 22 10 18 81 61 58 74 69 50 5 70 87 85 3 26 32 10 13 97 7 48 96 13 96 92 14 28 21 69 64 79 90 47 28 14 97 37 80 10 5 46 69 75 96 87 77 10 36 88 37 16 25 3 1 23 43 20 24 8 26 12 80 58 37 35 19 37 22 17 20 36 39 91 29 60 41 98 50 78 10 91 68 100 86 64 60 10 18 13 7 21 70 26 86 26 53 58 40 6 92 38 38 43 95 17 56 19 69 97 25 25 77 18 58 59 27 86 18 69 62 7 32 11 49 1 79 31 48 83 43 31 5 52 61 80 70 99 99 74 36 93 90 60 37 24 67 47 31 21 1 99 88 76 35 32 30 87 52 1 62 35 41 95 96 47 89 48 49 65 21 46 82 78 63 60 42 85 97 72 25 21 52 3 14 98 78 77 78 95 46 71 30 77 15 68 31 50 60 90 55 43 18 3 62 10 62 48 60 70 95 96 39 4 96 45 59 67 29 9 60 32 2 64 64 80 66 3 52 62 26 67 44 23 4 38 40 19 51 33 22 50 33 42 46 22 96 45 50 40 93 13 58 37 49 55 10 8 85 71 40 6 24 41 26 23 32 90 30 17 96 100 12 17 46 75 14 64 36 80 8 87 54 6 68 25 61 40 48 4 95 29 37 60 36 74 44 41 25 73 99 45 90 28 35 57 28 88 79 13 76 67 23 68 89 99 66 92 64 24 32 33 42 78 95 62 94 36 95 5 10 11 63 9 10 31 67 52 88 34 86 77 47 10 49 86 3 28 26 59 93 100 30 7 83 44 41 70 95 84 67 37 52 62 6 47 39 63 62 13 52 63 56 72 48 45 4 32 28 82 96 8 66 92 69 14 2 22 84 73 85 23 86 86 54 5 91 43 79 90 74 3 64 14 43 6 92 5 99 100 83 62 100 88 39 35 46 81 7 35 63 30 92 87 14 7 74 88 65 51 92 71 28 52 54 13 13 69 33 9 61 73 77 93 99 38 40 23 12 55 92 88 5 27 18 88 6 98 30 1 38 63 92 15 78 48 72 41 52 95 93 31 55 49 9 90 20 66 2 16 99 27 90 96 1 19 64 66 23 84 78 12 84 35 62 14 12 28 63 67 5 88 87 17 91 20 36 74 76 55 29 79 88 54 19 51 25 33 22 29 3 26 7 42 34 27 24 29 16 15 85 3 23 54 73 57 88 73 28 43 89 71 61 81 7 25 100 92 62 22 31 64 93 89 38 40 29 36 15 80 74 73 92 6 93 83 4 44 77 9 20 47 25 72 88 98 81 52 77 78 11 1 93 87 30 70 39 48 2 60 4 48 59 39 99 13 77 14 17 15 71 84 82 44 53 68 54 94 80 70 88 14 35 47 81 63 78 79 47 86 35 77 34 25 50 30 71 91 85 90
1 535 5
1 363 8
1 526 9
1 338 4
1 554 10
1 915 1
1 303 2
1 294 3
1 281 3
1 806 10
1 763 9
1 440 9
1 504 7
1 783 5
1 219 3
1 213 2
1 564 5
1 190 5
1 976 7
1 694 8
1 151 10
1 149 8
1 123 3
1 468 6
1 691 10
1 490 2
1 69 7
1 66 7
1 64 6
1 50 1
1 26 1
1 939 2
1 22 1
1 14 7
1 6 3
1 2 3
2 266 10
2 981 4
2 4 9
3 665 4
3 522 5
3 259 5
3 250 6
3 814 9
3 669 2
3 170 9
3 994 1
3 89 4
3 64 7
3 24 5
3 21 5
3 19 4
3 781 1
3 5 10
3 4 9
4 397 10
4 391 1
4 972 8
4 883 10
4 789 6
4 275 8
4 625 6
4 796 6
4 640 10
4 163 2
4 862 8
4 902 6
4 94 8
4 961 3
4 87 7
4 77 3
4 587 10
4 613 9
4 42 2
4 955 6
4 23 3
4 18 2
4 17 4
4 8 5
4 7 6
4 5 6
5 908 2
5 567 3
5 353 3
5 321 4
5 804 5
5 232 6
5 216 2
5 973 9
5 180 10
5 988 2
5 162 8
5 155 3
5 899 5
5 123 10
5 119 4
5 112 7
5 111 6
5 885 3
5 107 8
5 71 7
5 776 8
5 57 10
5 56 3
5 959 7
5 814 6
5 45 5
5 41 2
5 31 8
5 30 5
5 28 5
5 693 3
5 27 5
5 21 10
5 15 2
5 9 5
6 605 2
6 424 10
6 385 9
6 463 1
6 341 10
6 766 10
6 576 8
6 291 8
6 723 8
6 477 3
6 241 6
6 238 10
6 205 4
6 721 1
6 200 8
6 404 2
6 189 9
6 139 5
6 134 4
6 126 9
6 857 2
6 121 1
6 120 5
6 527 2
6 90 5
6 83 7
6 82 10
6 80 10
6 78 9
6 820 7
6 70 1
6 69 6
6 68 8
6 62 9
6 54 3
6 33 8
6 22 9
6 15 6
6 13 4
6 8 9
6 7 6
6 865 1
7 354 3
7 344 6
7 332 1
7 183 3
7 35 9
7 27 3
8 396 4
8 516 5
8 417 5
8 362 4
8 286 5
8 275 5
8 241 6
8 230 10
8 208 8
8 146 2
8 472 6
8 122 1
8 121 5
8 694 2
8 93 4
8 565 8
8 25 3
8 23 6
9 382 2
9 354 5
9 910 3
9 253 2
9 629 1
9 231 4
9 206 2
9 196 1
9 186 7
9 444 2
9 744 6
9 797 8
9 45 8
10 393 1
10 301 1
10 195 8
11 749 6
11 571 8
11 234 4
11 217 5
11 191 5
11 860 9
11 86 9
11 75 1
11 37 9
11 20 8
11 17 7
12 334 7
13 241 2
13 535 4
13 50 4
13 14 2
14 718 3
15 336 9
15 481 4
15 231 6
15 206 3
15 952 1
15 418 5
15 721 5
15 514 9
15 497 2
15 28 3
16 809 8
16 166 3
16 492 2
16 95 7
16 896 4
16 736 8
16 45 6
16 551 3
17 404 9
17 288 7
17 846 4
17 974 9
17 503 6
17 210 2
17 202 6
17 622 9
17 103 7
17 46 3
17 39 2
17 20 1
18 386 1
18 705 6
18 937 4
18 355 1
18 561 9
18 340 8
18 323 5
18 613 4
18 309 1
18 833 4
18 235 10
18 232 10
18 220 4
18 212 2
18 185 8
18 436 6
18 109 7
18 84 4
18 499 6
18 19 4
18 908 3
19 181 10
19 880 9
20 957 9
20 375 7
20 318 7
20 130 3
20 127 6
20 120 10
20 851 8
20 86 8
20 73 8
20 958 3
21 547 3
21 254 10
21 473 3
21 177 6
21 170 2
21 89 8
21 84 2
21 528 8
22 258 7
22 580 1
22 468 8
22 61 7
22 53 3
22 26 7
23 516 7
23 179 4
23 94 3
24 886 4
24 566 1
24 630 7
24 181 4
24 99 6
24 992 6
25 801 5
25 317 10
25 448 2
25 290 4
25 568 6
25 644 1
25 236 10
25 575 3
25 161 1
25 59 8
26 258 3
26 139 2
26 414 9
26 66 2
27 959 1
27 293 8
27 125 9
28 960 4
28 262 4
28 831 7
28 36 7
29 298 9
29 273 4
29 221 6
29 570 10
29 604 3
29 945 8
29 580 6
29 85 5
29 71 8
29 67 5
29 53 8
29 47 3
30 995 6
30 853 7
30 96 6
30 43 9
31 389 6
31 315 4
31 563 10
31 573 1
31 639 1
31 525 4
31 890 8
31 194 9
31 184 8
31 104 7
31 97 4
31 932 8
31 44 8
32 930 9
32 346 5
32 550 2
32 133 1
32 766 4
32 41 6
33 369 9
33 314 5
33 723 7
33 720 9
34 474 2
35 382 1
35 253 9
35 198 9
35 765 7
35 80 9
35 444 5
36 668 8
36 187 5
36 786 10
37 359 1
37 953 1
37 795 4
37 453 7
37 701 1
37 191 3
37 459 3
37 100 6
37 86 1
38 697 8
38 830 10
38 302 8
38 919 8
38 855 9
38 621 9
38 704 9
38 656 1
38 117 5
38 620 9
38 451 2
38 68 2
38 501 5
38 40 10
38 725 1
39 210 4
39 536 10
39 202 9
40 855 5
41 825 9
41 507 10
41 826 2
42 269 4
42 467 4
42 183 5
42 541 5
42 655 8
43 84 1
44 173 7
44 546 10
44 737 7
44 733 6
45 366 9
46 821 6
46 244 4
46 140 3
47 645 3
47 311 7
47 53 2
47 49 5
48 700 2
48 706 1
48 251 8
48 237 8
48 154 8
48 110 7
48 98 2
48 63 9
48 60 2
48 57 4
49 939 2
49 689 3
49 61 4
49 505 10
50 476 8
50 319 1
50 211 1
50 718 8
50 52 2
51 373 5
51 291 4
51 222 5
51 956 10
51 855 5
52 339 4
52 319 10
53 370 8
53 330 9
54 524 2
54 356 2
54 321 4
54 567 7
54 600 10
54 58 9
55 461 6
55 370 2
55 330 6
55 311 6
55 537 5
56 285 2
56 420 6
56 775 7
57 946 8
57 726 3
57 667 4
57 172 3
57 104 10
57 97 1
58 457 6
58 156 3
59 352 5
59 411 5
59 426 7
59 295 10
59 734 9
59 200 2
59 199 10
59 152 7
59 148 4
59 489 9
59 93 5
59 506 7
60 639 10
60 104 4
60 667 10
60 607 2
61 917 4
61 445 3
62 163 7
62 65 3
62 616 5
62 686 7
63 394 1
63 733 10
63 276 8
63 934 2
63 173 1
63 716 4
63 142 6
63 510 3
63 573 10
63 677 8
63 72 8
63 591 10
65 189 4
65 820 8
66 468 1
66 893 10
68 643 10
68 328 3
68 534 5
68 611 3
68 224 3
68 222 2
68 406 8
68 201 5
68 188 1
68 147 6
68 871 8
68 423 3
68 447 3
69 456 7
70 977 8
70 302 2
70 88 1
71 216 9
71 168 2
71 670 1
71 580 9
72 690 5
72 306 7
72 510 9
72 143 8
72 494 4
73 369 6
73 460 2
74 579 4
74 687 2
74 791 3
74 124 2
75 393 5
75 301 1
75 429 6
76 246 10
76 540 9
76 92 4
76 587 2
77 289 5
78 381 3
78 278 4
78 927 5
78 944 4
78 225 4
78 199 4
78 848 4
78 144 5
78 628 7
79 350 8
79 325 10
79 577 9
79 872 9
81 380 7
81 652 1
81 117 8
82 549 7
82 286 1
82 426 5
82 227 7
82 439 1
82 208 5
82 200 3
82 590 7
82 121 2
82 506 5
82 651 6
83 160 8
83 156 1
84 674 1
84 132 8
85 331 4
86 876 2
86 921 1
86 234 9
86 405 4
87 108 10
87 542 5
89 729 10
89 665 1
89 226 5
89 212 5
89 781 9
89 879 5
91 763 2
91 530 4
91 838 1
91 157 3
92 777 5
92 730 2
92 145 8
93 192 6
93 458 7
93 569 8
94 625 3
94 218 6
95 166 7
95 428 1
96 431 4
96 618 6
96 261 9
96 853 3
96 252 6
96 563 9
96 203 4
96 194 5
96 446 9
97 299 3
97 115 6
98 975 6
99 630 2
99 566 10
100 703 6
100 191 5
103 483 1
103 175 6
103 158 2
104 308 8
104 525 1
104 946 6
107 353 6
107 546 5
107 737 1
108 836 9
109 162 6
110 416 2
110 758 10
111 207 7
112 480 5
112 273 6
112 182 1
112 619 5
113 547 10
114 277 4
114 264 5
114 801 8
115 726 4
115 502 1
115 606 7
115 263 4
115 172 2
115 989 4
117 205 5
117 919 5
119 602 8
120 477 10
121 208 6
121 439 1
121 857 6
122 362 5
122 164 5
122 915 5
122 694 6
124 128 10
125 155 7
126 418 10
126 524 4
127 477 6
128 260 9
128 990 10
129 702 3
129 227 4
129 642 5
129 738 9
130 951 6
131 621 6
131 641 6
131 147 7
131 137 3
131 406 7
132 245 8
132 732 4
133 346 8
133 824 6
133 626 9
133 403 3
133 863 6
134 381 3
135 374 8
135 614 8
139 769 8
139 412 1
139 414 1
140 821 3
140 757 3
140 559 4
140 503 7
141 429 8
142 462 9
144 920 7
144 225 3
145 397 8
145 756 1
145 589 5
147 611 9
147 641 7
147 224 1
148 762 6
148 649 8
148 277 4
148 466 10
148 161 9
148 897 10
148 568 7
148 979 3
149 303 8
149 936 4
149 530 4
150 267 1
150 243 6
150 174 2
151 310 4
152 350 5
152 236 3
152 450 3
153 569 2
154 792 9
155 293 10
156 457 7
156 520 3
157 811 8
157 490 3
157 774 2
158 326 6
158 578 7
158 483 10
159 384 3
159 255 3
159 743 6
160 413 8
160 282 10
160 834 3
161 575 10
162 908 2
163 576 7
163 796 1
165 793 2
166 368 5
166 767 8
166 859 2
166 513 6
167 950 6
167 669 3
169 271 4
170 287 9
170 226 4
170 728 6
171 392 6
171 740 9
171 790 9
172 263 10
172 449 4
172 989 9
172 968 10
173 306 2
173 677 2
173 515 2
174 482 5
174 543 10
174 966 8
174 245 10
174 926 9
174 402 5
175 675 2
175 648 5
175 215 3
176 487 6
176 914 6
176 425 2
177 547 9
177 473 1
178 344 9
182 331 6
183 400 8
183 441 6
183 467 4
184 272 4
185 323 8
185 220 9
185 485 8
186 452 8
186 365 6
187 347 5
187 629 8
187 797 10
187 735 6
188 650 8
189 616 8
189 247 10
190 219 10
191 967 7
191 860 10
192 367 10
192 458 3
193 745 10
193 966 1
197 267 3
199 577 10
199 803 8
199 849 5
199 734 10
199 984 3
200 341 8
200 746 10
200 549 3
201 500 8
201 760 7
202 274 7
202 210 9
202 974 5
203 618 4
204 221 3
204 604 3
204 557 8
205 233 3
205 558 1
206 488 2
206 909 4
206 514 10
206 912 1
208 387 5
211 339 1
212 386 8
214 715 1
215 326 1
215 701 3
217 324 3
217 234 6
218 715 4
219 239 2
219 903 1
219 443 3
220 965 6
222 475 8
222 423 4
222 956 3
223 232 4
224 681 2
224 500 5
226 479 9
227 383 8
227 286 2
227 417 3
228 305 5
228 588 9
228 471 4
229 879 7
232 355 2
233 572 9
233 501 7
234 324 5
234 942 1
235 880 3
236 350 3
237 706 2
238 605 10
240 642 3
243 528 10
243 635 3
244 337 4
246 397 3
246 719 4
246 844 4
247 686 10
250 981 7
250 327 7
254 699 6
255 384 6
255 743 2
257 277 4
259 839 2
259 292 2
259 270 4
259 560 1
260 271 9
262 831 5
263 502 7
263 901 5
267 395 9
268 612 6
268 907 6
269 400 9
270 676 10
270 434 2
270 292 7
270 454 8
270 623 4
271 990 6
272 742 3
274 536 7
275 632 3
277 897 5
278 848 1
279 816 4
279 579 5
285 420 9
286 383 9
287 879 10
287 728 3
290 762 9
291 424 5
291 408 4
291 455 1
292 529 4
292 297 8
294 899 5
294 440 5
295 401 1
295 875 6
296 707 2
296 496 8
296 316 9
296 314 6
297 361 8
300 919 1
301 823 10
302 320 2
306 515 2
307 854 5
307 941 8
309 965 2
312 392 4
314 316 1
316 376 9
316 348 10
322 532 4
326 453 9
328 406 1
328 469 3
329 518 3
329 559 5
329 503 7
330 370 9
333 574 2
336 952 6
338 971 1
340 436 3
343 480 10
345 799 8
347 358 6
348 376 5
349 957 2
349 571 3
351 432 6
352 401 9
352 357 4
352 750 10
353 695 7
355 509 6
355 819 6
360 423 4
361 586 4
361 538 9
361 434 5
362 997 1
364 663 9
364 489 5
365 409 8
369 377 1
369 410 6
370 592 7
372 626 9
372 403 5
372 486 2
373 617 2
374 828 3
374 640 4
376 496 6
378 459 7
378 703 8
384 798 4
384 743 5
385 987 7
385 714 8
386 539 6
386 833 6
387 491 10
389 594 7
389 678 9
389 639 5
391 576 8
394 716 4
394 873 5
394 627 1
394 904 6
396 565 9
397 719 8
399 543 7
399 482 3
399 654 6
401 724 8
402 682 1
402 829 6
402 482 10
402 517 3
403 637 5
404 585 5
411 887 10
414 713 3
416 690 2
419 455 6
421 965 4
422 489 7
425 597 3
425 948 1
425 946 4
425 487 7
426 478 3
426 506 8
428 859 7
431 685 10
431 531 1
432 638 10
432 864 9
432 628 2
432 927 3
434 454 3
435 637 7
435 507 2
437 532 1
438 504 6
439 857 2
442 519 4
442 620 8
443 903 9
446 692 7
447 512 9
447 469 4
447 615 6
450 609 9
453 578 8
453 555 7
454 495 8
456 504 3
456 554 10
457 520 3
463 636 5
468 673 5
468 893 10
469 884 3
469 512 7
470 977 4
470 511 9
473 843 7
474 574 10
478 702 7
478 985 4
482 543 2
487 597 9
487 808 8
487 993 5
487 583 5
488 909 6
488 514 10
489 663 10
490 763 7
490 582 10
490 806 3
492 947 4
493 690 5
495 623 8
495 538 9
496 707 2
497 508 4
501 874 3
502 989 3
502 556 9
503 518 5
503 841 5
503 559 2
504 969 6
506 590 5
509 973 10
511 977 6
512 615 9
513 809 1
513 859 5
514 998 4
514 912 1
524 634 10
526 601 3
530 936 5
531 840 8
534 807 5
536 905 7
538 623 7
541 972 10
544 679 3
544 978 5
544 759 6
548 921 3
554 646 5
564 684 2
565 664 2
565 688 3
566 698 7
566 992 2
568 649 7
568 762 7
569 708 10
570 710 5
572 830 1
572 874 4
573 627 3
577 802 1
579 858 3
579 687 4
580 906 8
583 808 10
584 717 3
584 863 6
586 676 5
589 756 3
596 858 9
597 784 6
599 735 1
606 901 4
607 667 7
612 907 9
615 827 9
617 656 1
624 692 1
624 933 9
627 657 1
628 638 3
629 797 4
630 698 9
631 837 7
639 662 6
641 650 3
644 820 10
647 995 9
649 924 9
657 904 8
659 990 10
661 1000 6
661 688 9
665 818 4
668 786 10
668 671 6
670 906 6
671 980 4
672 994 4
679 759 3
682 877 3
685 840 7
688 1000 9
692 933 10
696 931 4
697 962 4
697 815 7
697 768 6
703 852 8
705 773 3
709 734 1
712 856 4
714 987 2
717 824 2
717 832 8
724 750 2
734 803 9
736 896 4
742 764 4
743 964 2
747 822 7
752 850 9
761 782 10
763 806 7
766 930 9
768 815 4
770 844 5
771 789 1
781 818 9
788 1000 8
798 964 1
804 983 7
815 962 8
829 877 5
845 846 8
851 921 10
866 926 10
868 991 1
879 913 4
912 998 10
917 999 5
922 942 9
927 944 3
957 958 7
970 984 5
