1000 1197
5 3 54 73 18 75 80 18 86 13 16 67 86 76 46 20 44 6 13 46 4 91 69 2 81 19 22 71 55 82 3 83 1 63 96 74 14 7 45 42 99 47 89 29 9 47 98 14 36 69 87 86 58 61 63 49 79 45 69 44 39 62 11 40 5 19 56 7 72 46 93 59 35 73 98 95 56 53 12 61 14 40 75 31 82 78 22 93 28 90 26 74 93 69 46 19 86 7 8 67 6 3 75 55 71 19 60 9 24 71 68 20 11 12 67 5 19 6 68 66 66 30 11 28 81 81 93 52 13 44 94 36 77 51 14 49 78 6 30 4 29 4 36 84 10 99 74 72 74 95 86 17 21 76 75 10 54 45 70 1 100 71 47 29 74 26 74 30 58 13 23 81 1 90 66 81 63 55 34 59 83 21 96 9 37 17 20 8 54 25 17 10 84 93 2 90 65 85 87 9 79 34 26 47 3 5 39 83 93 26 19 7 50 4 94 61 85 92 94 22 89 79 28 76 46 93 94 15 94 53 18 84 4 9 93 11 55 38 80 70 37 34 12 82 41 60 29 20 57 36 78 99 36 49 40 42 7 19 46 44 61 20 70 40 41 85 37 48 19 72 86 86 26 21 56 77 61 13 83 76 55 63 29 58 40 78 99 61 16 3 18 23 82 51 59 69 17 8 96 33 90 92 96 48 73 84 6 14 86 78 50 63 12 82 55 65 59 93 90 79 8 95 43 5 47 42 75 92 49 97 46 43 96 82 26 83 36 73 14 97 67 66 50 95 30 65 58 95 37 67 90 70 84 5 44 43 51 28 61 58 20 83 90 14 63 64 82 85 24 89 2 36 39 100 12 34 48 75 8 68 37 22 30 12 89 47 54 70 43 25 19 9 45 34 89 32 63 25 55 27 83 92 98 79 91 88 63 99 32 55 88 38 43 10 28 75 56 72 44 45 68 8 100 61 93 81 79 57 67 54 75 20 27 82 28 79 40 92 53 8 63 96 26 33 7 77 34 90 16 53 5 52 46 34 35 54 84 98 84 3 19 46 93 81 50 75 39 84 9 35 95 97 99 65 12 23 58 60 74 7 93 92 8 35 44 52 58 93 53 53 100 32 81 63 30 43 28 72 91 88 31 34 31 25 97 49 39 75 82 16 43 80 34 6 35 99 49 17 14 20 69 47 79 61 5 44 78 27 39 2 10 38 64 51 81 68 68 85 22 58 67 76 13 10 20 11 56 44 13 97 30 100 1 28 16 33 32 60 95 82 60 24 66 54 12 3 10 26 96 95 25 48 22 43 45 4 23 9 75 58 48 93 50 10 50 39 51 58 86 81 30 81 81 69 3 82 84 87 87 86 22 4 10 62 11 2 90 67 24 78 32 30 78 76 56 2 17 93 81 11 1 14 6 39 77 30 9 83 27 57 22 71 95 28 12 99 79 12 43 40 74 2 99 86 2 30 36 2 80 23 56 79 47 17 39 66 7 94 55 46 49 72 14 51 9 86 14 32 72 36 56 55 16 17 50 18 30 21 97 5 53 57 82 46 44 46 2 80 63 83 98 73 23 93 22 93 55 70 38 59 76 11 38 29 17 51 23 32 75 94 29 82 24 66 39 63 100 93 82 30 62 54 27 2 26 54 89 61 51 100 90 91 41 28 18 59 22 27 41 97 16 20 32 80 43 40 45 64 31 4 49 12 77 87 52 54 27 61 5 25 15 25 1 86 65 72 60 33 21 67 76 100 39 44 43 72 91 63 85 79 98 41 81 28 22 58 7 85 81 91 95 86 34 16 15 80 14 47 80 12 26 85 37 11 70 67 99 77 96 20 22 11 92 35 48 30 59 99 28 45 94 63 56 24 12 91 39 87 46 35 67 10 85 80 57 74 86 43 31 89 6 58 11 17 20 43 22 17 32 51 18 3 46 38 42 23 38 71 52 63 75 85 94 17 60 17 98 71 10 84 33 54 70 42 86 48 24 77 48 15 50 90 100 20 72 10 53 49 26 37 59 21 83 6 76 61 89 97 80 98 96 81 53 49 88 29 23 10 19 49 51 84 70 62 33 65 81 100 2 71 7 99 23 53 30 77 75 62 17 99 15 53 93 76 68 59 70 21 14 19 17 32 72 50 16 4 28 28 49 21 86 1 59 91 91 23 27 84 32 26 2 35 92 69 88 70 11 67 70 45 94 56 96 65 45 15 6 54 37 52 33 49 63 1 28 48 91 89 77 43 93 24 5 10 85 3 48 100 80 31
1 398 8
1 380 4
1 404 4
1 535 6
1 368 3
1 358 10
1 331 2
1 712 10
1 303 1
1 920 7
1 280 10
1 732 7
1 217 6
1 200 9
1 688 5
1 889 4
1 154 10
1 153 7
1 143 8
1 131 8
1 115 7
1 110 10
1 105 9
1 771 1
1 616 4
1 678 5
1 840 8
1 20 4
1 17 5
1 10 5
1 9 4
1 6 6
1 4 6
1 2 7
2 743 2
2 426 9
2 352 6
2 859 3
2 600 7
2 558 4
2 778 8
2 580 3
2 526 9
2 288 9
2 279 2
2 959 3
2 247 3
2 590 2
2 231 9
2 219 7
2 212 7
2 197 2
2 180 10
2 175 2
2 174 7
2 171 5
2 168 7
2 929 4
2 159 8
2 155 7
2 500 7
2 119 3
2 102 10
2 89 9
2 527 4
2 59 4
2 787 1
2 53 10
2 793 8
2 50 6
2 798 3
2 35 7
2 26 6
2 18 8
2 13 5
2 11 4
2 9 2
2 8 2
2 7 9
2 5 2
2 4 8
3 267 9
3 578 7
3 986 5
3 436 2
3 193 8
3 181 9
3 170 3
3 162 2
3 944 7
3 133 5
3 995 7
3 122 10
3 92 8
3 65 2
3 619 2
3 20 2
3 4 1
4 775 2
4 354 4
4 409 9
4 324 8
4 991 3
4 736 1
4 225 8
4 641 8
4 473 6
4 160 9
4 150 2
4 941 3
4 66 7
4 49 8
4 742 9
4 15 4
4 11 10
4 6 6
4 5 4
5 827 4
5 887 3
5 339 8
5 631 7
5 488 3
5 324 10
5 894 3
5 260 8
5 259 10
5 443 1
5 465 8
5 227 10
5 742 1
5 152 8
5 135 9
5 513 5
5 100 5
5 675 7
5 581 8
5 76 6
5 968 5
5 52 6
5 47 2
5 477 10
5 37 5
5 35 5
5 27 7
5 26 8
5 15 9
5 825 1
5 7 6
6 504 7
6 543 2
6 150 7
6 539 7
6 37 9
6 15 3
7 401 5
7 387 2
7 530 6
7 321 5
7 300 6
7 988 9
7 283 4
7 574 3
7 881 8
7 496 1
7 531 3
7 924 9
7 191 10
7 583 7
7 714 3
7 138 4
7 614 9
7 127 5
7 624 8
7 114 6
7 95 10
7 94 5
7 85 4
7 72 5
7 69 9
7 60 5
7 58 3
7 413 10
7 962 8
7 36 2
7 604 8
7 30 6
7 25 3
7 18 9
7 14 9
7 816 9
7 12 7
7 8 3
8 755 10
8 417 7
8 856 6
8 432 8
8 277 7
8 808 8
8 567 7
8 537 3
8 479 8
8 710 6
8 206 3
8 185 2
8 911 8
8 95 10
8 62 9
8 39 7
8 38 4
8 30 3
8 24 5
8 18 5
9 840 5
9 373 7
9 336 10
9 331 2
9 317 4
9 302 10
9 454 7
9 455 8
9 709 8
9 221 10
9 183 7
9 165 10
9 164 1
9 163 2
9 158 2
9 117 8
9 635 10
9 90 8
9 34 5
9 469 10
9 21 10
9 13 1
10 691 9
10 276 1
10 553 10
10 244 4
10 704 1
10 204 9
10 949 4
10 77 5
10 34 7
10 31 6
11 207 10
11 849 9
11 136 9
11 101 4
11 993 2
11 80 8
11 67 4
12 599 9
12 783 7
12 434 1
12 320 9
12 965 5
12 561 6
12 179 7
12 984 5
12 123 1
12 72 1
12 474 5
12 690 2
12 957 10
13 505 3
13 449 9
13 253 3
13 515 4
13 242 10
13 233 7
13 495 5
13 512 7
13 161 6
13 132 7
13 129 7
13 119 5
13 118 8
13 868 3
13 625 10
13 42 1
13 25 5
14 380 6
14 848 9
14 497 3
14 145 2
14 76 6
14 589 6
15 897 6
15 314 4
15 448 4
15 199 8
15 563 5
15 40 4
15 730 9
16 338 9
16 317 2
16 310 5
16 658 3
16 575 2
16 282 4
16 862 3
16 183 3
16 163 9
16 127 1
16 87 8
16 529 7
16 25 10
16 19 6
17 360 5
17 931 10
17 345 3
17 493 3
17 269 6
17 217 6
17 215 2
17 517 4
17 151 1
17 109 3
18 375 9
18 337 3
18 405 9
18 220 3
18 990 5
18 923 5
18 847 7
18 521 5
18 180 4
18 670 2
18 975 1
18 592 4
18 70 1
19 348 10
19 326 5
19 642 4
19 178 6
19 169 4
19 111 6
19 82 2
19 57 5
19 42 2
20 325 6
20 248 4
20 678 6
20 217 4
20 198 5
20 560 9
20 133 5
20 130 9
20 45 2
20 43 4
20 734 3
21 282 8
21 87 10
21 57 2
22 887 3
22 632 7
22 543 7
22 110 7
22 71 4
22 56 10
23 311 9
23 260 6
23 910 9
23 145 1
23 140 9
23 135 3
24 365 9
24 407 1
24 296 8
24 816 8
24 852 1
24 190 4
24 98 6
24 85 4
24 83 8
24 519 6
25 176 4
25 94 9
26 339 2
26 152 7
27 775 7
27 91 3
27 49 6
27 47 7
28 398 7
28 384 10
28 358 9
28 654 10
28 406 4
28 105 9
28 81 2
28 889 1
29 372 9
29 342 6
29 330 6
29 192 9
29 140 7
29 106 1
29 958 9
29 33 1
30 318 6
30 463 6
30 606 9
30 85 8
30 486 8
31 278 1
31 522 7
32 879 5
32 330 8
32 280 10
32 498 2
32 969 6
32 106 9
32 81 8
33 128 3
33 115 4
34 500 4
34 700 8
34 195 5
34 511 6
34 425 6
34 824 6
34 63 6
34 51 5
34 557 4
34 692 10
35 846 9
35 305 3
35 699 7
35 919 3
35 963 2
35 80 4
35 675 5
35 50 2
36 363 4
36 144 2
36 997 9
36 433 7
36 73 8
36 561 9
36 58 4
36 976 4
37 461 7
37 563 4
37 504 2
38 463 3
38 318 4
38 208 5
38 203 9
38 185 9
38 108 7
38 39 2
39 605 7
39 359 4
40 648 3
40 272 8
41 341 2
41 169 9
41 166 2
42 812 10
42 495 7
43 399 6
43 593 7
43 329 9
43 250 7
43 170 6
43 65 2
44 555 1
44 479 8
44 621 10
44 74 8
45 536 5
45 229 8
45 156 6
45 578 1
45 97 6
45 92 5
45 466 4
45 404 7
46 48 7
47 54 3
47 52 1
48 200 5
48 942 7
49 631 5
49 261 10
49 227 9
50 305 10
50 580 2
50 68 5
51 258 5
51 167 9
52 513 9
53 820 4
53 303 9
54 790 9
54 981 10
55 964 1
55 577 6
55 612 6
55 795 9
55 844 5
55 110 4
56 488 3
56 313 10
56 263 10
56 503 6
56 78 5
56 972 4
57 999 1
57 518 10
57 585 8
57 157 7
57 728 9
58 389 10
58 388 6
58 453 9
58 355 6
58 353 1
58 412 4
58 182 3
58 976 7
58 123 9
58 73 5
58 72 3
58 61 8
59 802 10
59 288 5
59 422 8
59 64 8
60 960 5
60 765 1
60 357 1
60 880 3
60 636 9
60 754 5
60 234 3
60 61 4
61 249 9
61 182 10
61 588 8
61 138 10
62 95 7
62 432 4
62 586 2
63 526 4
63 743 1
63 824 2
63 705 6
63 500 10
63 93 1
63 973 1
63 854 7
65 383 3
65 181 3
66 766 7
66 370 6
66 344 1
66 735 8
66 716 1
66 188 10
66 409 7
66 101 3
66 88 8
67 299 2
67 284 4
67 919 3
68 299 4
68 639 9
69 592 6
69 103 10
70 391 4
70 168 6
70 971 10
71 488 7
72 583 8
72 179 3
72 655 2
73 353 4
73 144 3
74 251 10
74 194 2
74 869 4
75 749 8
75 854 1
75 255 10
75 252 3
75 905 7
75 817 10
75 158 7
76 245 4
76 892 2
77 290 9
77 281 5
77 691 7
78 263 6
78 480 1
78 100 10
82 335 6
82 540 4
83 224 3
83 190 6
83 519 2
84 124 9
84 113 8
85 283 7
85 852 9
85 98 2
86 938 6
86 546 8
86 147 6
87 800 6
87 282 2
87 241 5
87 172 10
87 157 2
87 740 8
88 649 7
88 235 7
88 885 3
88 188 5
88 601 10
88 953 2
92 193 7
92 986 2
93 854 1
93 221 8
94 457 9
94 934 3
95 467 5
95 835 3
96 284 4
96 804 8
97 980 4
97 688 10
97 535 1
98 379 10
98 738 4
98 254 2
98 141 7
98 112 8
99 403 7
99 302 10
99 164 8
99 777 8
99 468 2
101 716 3
101 766 3
102 393 3
102 866 10
102 233 5
102 460 8
104 147 8
104 134 3
104 836 4
105 304 8
105 154 5
105 674 9
106 394 2
106 376 2
106 315 2
106 898 2
106 232 3
107 373 3
107 575 6
107 336 8
107 183 3
108 208 9
108 116 10
109 362 10
109 298 1
109 623 10
109 509 6
110 579 3
110 153 9
111 739 10
111 125 8
112 379 1
112 614 4
113 361 6
113 429 8
113 763 6
113 470 8
113 124 5
114 285 4
114 531 6
115 958 8
116 537 2
116 208 3
117 252 7
117 218 2
117 468 2
118 643 4
119 798 1
119 247 2
119 233 9
119 505 10
119 423 5
119 859 5
120 420 4
120 212 3
120 180 10
120 155 4
120 547 7
120 883 2
120 772 1
120 943 2
122 340 7
122 809 10
122 570 8
122 256 7
122 494 5
123 396 2
123 660 4
123 652 5
123 243 8
123 226 1
123 873 3
123 783 7
123 568 10
124 470 8
125 501 1
125 129 9
127 604 6
127 338 2
127 610 2
127 552 7
128 701 6
130 368 1
130 532 3
130 146 6
131 850 7
131 858 10
131 645 10
131 473 7
131 673 9
131 525 4
132 625 4
132 231 8
132 171 5
132 159 2
133 329 9
133 410 7
134 327 7
134 546 1
134 760 1
135 260 1
137 312 3
137 774 7
137 265 8
137 837 2
139 655 1
139 226 1
139 936 5
140 952 5
140 538 2
140 192 10
141 254 5
141 978 10
143 151 10
143 850 3
145 245 3
145 149 8
146 896 10
146 524 5
146 211 10
148 232 6
149 721 5
151 603 7
155 293 9
155 792 2
155 268 3
155 576 8
155 684 8
155 219 5
157 740 7
157 518 5
158 635 6
158 441 4
158 165 8
159 279 9
159 161 3
159 724 1
160 941 1
160 509 7
160 630 9
161 793 5
162 741 2
162 727 10
162 262 1
162 550 10
164 184 2
164 464 9
165 222 5
166 697 5
167 836 7
168 802 6
169 483 10
170 399 6
170 329 10
170 250 7
172 529 4
173 332 3
173 189 5
173 560 2
174 308 3
175 818 4
175 246 9
175 216 7
176 242 8
176 934 1
176 681 9
177 814 9
177 888 5
177 408 10
178 779 1
178 812 6
179 568 2
179 783 9
180 369 4
180 431 4
180 975 8
182 357 2
182 350 2
183 469 10
183 703 5
183 310 9
186 614 4
187 632 5
187 964 8
188 235 9
189 490 7
190 672 6
190 407 4
191 338 1
191 961 5
191 891 3
191 552 6
192 895 5
192 538 6
192 664 7
193 944 2
193 390 2
193 301 6
193 294 9
193 240 1
193 229 8
193 437 2
193 796 10
195 705 8
196 397 3
198 346 5
198 524 2
199 871 6
199 223 7
201 659 9
204 723 1
205 237 9
205 230 6
206 375 5
209 625 9
209 253 6
212 349 5
212 306 10
212 268 3
212 684 4
212 647 9
212 219 5
212 935 3
212 913 8
213 362 5
214 651 6
215 360 6
215 617 8
216 246 5
217 345 2
217 640 7
217 582 9
218 905 2
219 268 5
219 471 4
220 251 6
220 521 1
221 689 2
223 987 4
223 533 1
223 239 8
223 644 10
227 548 4
228 910 9
228 291 5
230 489 2
233 393 1
233 731 9
234 588 2
234 757 6
239 897 1
239 448 8
241 740 4
242 485 2
243 655 8
247 930 1
248 582 3
248 594 4
249 476 2
251 521 4
251 665 2
252 817 4
253 515 5
256 758 9
257 301 8
257 789 5
259 773 1
263 367 3
263 435 9
263 613 10
263 564 6
263 596 7
264 359 5
265 387 10
266 856 2
269 493 5
269 680 1
270 448 6
271 395 2
271 289 8
280 764 10
280 920 5
281 633 5
285 894 8
285 531 2
286 427 7
287 295 2
287 656 9
287 932 4
290 633 8
292 710 5
292 484 10
292 323 6
293 421 9
294 536 9
296 309 5
297 1000 9
297 651 9
299 639 7
301 390 6
301 908 6
302 545 6
302 333 10
302 709 9
302 700 2
302 694 8
302 403 10
303 820 5
306 860 7
306 792 3
306 746 5
308 766 9
310 830 10
310 677 5
310 343 10
310 317 2
312 638 5
313 430 4
313 946 3
313 596 4
314 667 2
315 898 4
315 764 1
316 549 8
316 468 7
317 782 4
318 463 10
319 960 4
323 417 5
323 620 4
323 702 9
324 628 10
324 477 6
325 368 4
326 348 7
328 730 3
328 871 5
329 717 6
332 490 5
334 622 9
334 441 8
334 682 10
334 855 7
336 475 10
337 670 10
337 990 6
343 438 1
344 649 5
345 594 3
345 877 5
346 371 5
347 664 5
348 634 10
349 746 6
349 860 4
349 420 8
350 389 1
352 558 5
352 423 2
354 539 6
355 997 1
357 364 7
357 754 1
358 384 7
359 606 9
360 617 7
362 630 6
363 713 3
364 880 9
367 564 10
373 475 8
374 744 2
376 781 7
378 637 5
379 738 9
380 497 5
380 889 10
380 848 2
381 753 3
387 478 7
390 720 6
391 462 4
392 884 6
392 504 5
394 785 6
394 607 2
396 400 5
396 954 9
396 751 5
396 660 9
396 652 2
397 967 6
399 717 7
400 873 1
402 813 3
402 557 4
402 747 6
404 711 7
406 498 3
407 519 2
407 853 5
407 672 8
412 985 9
415 912 4
417 710 2
417 620 6
417 939 10
417 707 6
417 484 5
418 438 4
420 883 2
421 576 10
421 937 4
421 935 3
423 899 1
430 480 1
435 613 7
435 900 4
439 983 7
440 964 9
441 682 2
441 622 10
441 454 8
445 623 7
446 787 10
453 685 2
454 907 5
455 615 8
459 892 4
460 661 10
460 818 4
462 527 5
462 778 2
463 486 9
464 970 5
466 536 10
466 789 10
467 530 10
467 567 6
467 835 1
470 763 9
473 872 6
473 977 9
473 645 1
474 482 6
480 503 7
481 948 6
482 982 1
486 554 9
494 626 7
494 595 6
496 816 10
497 848 10
497 654 7
498 969 8
499 542 1
500 526 3
502 585 2
502 955 5
505 788 9
513 823 9
515 868 8
518 999 8
525 679 1
530 567 6
534 939 3
537 992 10
538 886 10
545 875 3
546 760 1
550 831 5
551 865 4
551 763 2
557 676 8
564 613 2
574 713 9
581 874 4
582 594 5
583 624 3
586 945 5
587 608 4
594 687 8
594 877 10
597 903 4
597 694 8
597 709 1
599 690 9
601 736 3
603 882 9
604 610 10
607 845 9
611 779 5
612 844 1
617 806 9
622 893 7
627 912 4
638 774 3
643 916 10
644 932 6
645 872 2
645 858 5
645 861 4
647 684 3
647 748 6
647 935 9
648 914 8
648 773 9
649 885 1
649 953 2
652 660 5
653 654 9
660 954 9
663 782 1
665 718 6
672 853 1
675 827 10
676 747 5
678 771 8
681 934 1
684 748 7
686 699 8
694 903 10
698 864 4
700 875 10
705 797 8
711 750 1
719 739 6
719 794 10
722 729 8
728 955 6
729 744 8
733 992 10
737 861 6
747 813 4
755 759 1
757 843 5
765 843 2
773 914 8
774 837 7
794 834 10
801 850 2
804 993 9
817 870 9
828 921 8
847 923 6
858 872 1
861 977 7
876 940 2
885 989 2
895 956 5
953 989 9
