1000 1197
5 17 79 72 99 77 86 90 59 64 47 41 40 71 36 13 87 88 100 22 4 67 97 18 17 76 31 46 10 70 67 17 43 68 59 96 64 21 36 88 54 46 8 56 31 7 63 23 64 56 98 57 40 4 99 12 2 69 32 15 74 69 96 79 92 1 33 52 7 84 58 88 78 68 43 41 37 96 18 73 61 6 95 52 84 67 94 68 87 33 82 68 11 75 78 20 52 62 6 7 69 63 4 66 72 77 95 29 17 93 95 44 74 26 92 42 49 89 71 26 19 73 65 8 37 33 77 38 75 25 59 6 65 97 80 82 2 82 29 43 45 39 2 71 27 93 99 44 8 60 58 64 57 12 10 78 76 5 41 24 94 79 20 96 88 66 45 19 72 100 66 69 13 69 28 10 53 76 62 34 100 39 47 28 76 46 46 91 8 43 50 35 38 96 43 13 2 21 9 13 68 24 64 39 98 94 6 18 6 99 39 51 98 55 77 58 31 6 55 82 19 98 68 54 67 45 36 74 24 80 26 7 44 85 54 78 74 15 98 15 50 81 68 60 46 45 100 55 29 93 65 8 50 79 50 69 27 61 9 46 70 42 31 47 62 69 22 13 82 46 28 45 39 48 12 25 52 63 16 15 16 64 96 55 79 76 1 82 37 82 65 29 87 95 90 96 41 33 52 32 63 56 32 61 57 71 76 69 72 54 48 64 62 49 54 44 26 64 65 78 69 16 37 5 69 43 3 99 6 87 5 32 34 19 50 60 23 57 39 94 38 5 69 81 90 89 34 89 65 74 69 52 44 32 27 29 95 72 21 55 97 23 42 87 23 10 75 51 4 23 88 54 72 78 8 60 55 48 57 64 69 6 64 22 66 64 1 51 16 1 89 86 92 66 62 30 5 12 6 55 23 93 98 37 56 69 54 5 63 59 41 32 26 68 18 84 19 11 49 92 1 16 93 65 6 83 2 100 20 72 43 38 52 95 53 99 66 26 7 51 6 51 12 73 23 42 54 35 4 30 42 48 57 24 61 61 90 2 78 53 37 56 71 41 59 99 42 93 21 99 73 24 13 31 82 23 83 25 56 5 79 14 96 45 99 85 51 37 96 100 36 34 99 20 56 13 78 51 62 96 95 89 13 4 67 3 85 77 9 73 5 3 12 1 76 16 98 30 86 92 74 100 19 84 87 48 68 3 91 83 89 69 10 73 25 8 15 78 22 60 85 60 46 10 22 93 39 84 42 67 94 54 8 9 91 67 17 82 99 84 43 78 92 40 52 53 54 26 93 50 51 27 71 65 45 12 90 65 76 38 89 77 5 57 37 60 30 32 17 42 23 88 77 24 67 4 30 24 90 68 18 15 78 26 86 19 50 86 16 79 46 60 2 22 88 74 25 64 11 58 91 84 72 43 21 41 81 37 54 94 42 84 8 25 89 12 9 1 27 52 56 8 33 24 13 26 57 7 89 65 75 13 22 17 36 87 75 36 93 79 4 46 71 83 38 27 9 49 32 33 8 56 43 67 31 27 22 47 74 42 7 6 35 20 87 68 88 76 74 78 34 6 55 92 72 18 30 64 80 22 59 8 49 89 92 73 79 36 30 93 42 54 23 61 17 22 11 56 19 6 89 91 19 43 21 78 71 62 36 68 10 75 23 9 1 23 97 20 35 83 83 69 95 9 40 92 92 62 41 33 13 16 51 18 22 18 87 39 95 61 4 68 28 20 91 15 69 67 20 92 95 53 50 70 61 18 21 1 51 94 36 7 15 68 88 80 18 15 38 15 85 100 95 35 9 36 22 50 16 89 11 42 18 77 99 62 91 11 98 12 78 76 88 20 74 35 23 47 78 83 58 40 1 1 84 62 20 35 96 7 81 9 58 51 93 9 4 20 20 100 38 39 49 14 55 62 52 62 3 51 26 58 44 100 39 51 21 79 79 99 99 35 84 29 88 4 38 87 82 12 97 3 10 12 4 23 35 95 18 1 69 48 25 16 52 63 21 36 3 56 62 25 35 96 33 33 55 89 41 80 75 78 16 77 97 86 65 21 22 46 38 85 53 57 42 50 99 90 47 26 30 99 47 30 22 12 52 92 33 94 78 96 18 79 11 77 68 22 75 38 70 17 5 26 31 85 48 67 47 53 81 72 29 71 50 69 60 76 48 22 83 38 2 79 54 59 23 47 45 69 93 49 53 82 98 90 55 67 74 83 87 36 86 93 87 68 71 32 47 25 39 89 70 77 46 24 100 73 9 70
1 391 2
1 380 4
1 634 3
1 335 6
1 329 4
1 214 3
1 459 5
1 203 5
1 849 4
1 140 10
1 951 8
1 614 9
1 987 3
1 47 2
1 45 8
1 842 4
1 859 6
1 994 7
1 14 5
1 10 9
1 718 4
1 4 6
1 3 8
1 2 1
2 309 1
2 789 4
2 6 8
3 310 7
3 494 8
3 157 10
3 762 1
3 827 3
3 40 8
3 9 4
3 6 7
3 5 2
3 4 8
4 856 4
4 311 1
4 486 9
4 284 9
4 270 7
4 218 9
4 203 7
4 945 2
4 838 1
4 184 5
4 172 3
4 142 7
4 937 3
4 129 8
4 101 8
4 596 4
4 571 2
4 44 6
4 43 2
4 37 9
4 708 5
4 29 4
4 736 3
4 20 8
4 498 7
4 17 4
4 13 8
4 7 9
5 325 7
5 316 1
5 855 8
5 995 3
5 602 2
5 719 7
5 257 5
5 233 8
5 224 5
5 640 7
5 523 4
5 843 3
5 107 7
5 542 4
5 955 9
5 44 4
5 42 9
5 454 3
5 26 10
5 13 4
6 868 9
6 330 10
6 845 5
6 548 10
6 219 10
6 522 9
6 188 4
6 183 10
6 157 5
6 580 6
6 148 10
6 139 10
6 134 9
6 615 3
6 71 1
6 46 2
6 40 10
7 390 8
7 388 1
7 781 9
7 547 10
7 426 5
7 557 9
7 334 5
7 333 4
7 307 7
7 306 6
7 531 10
7 916 3
7 773 8
7 228 1
7 213 4
7 198 8
7 806 10
7 194 6
7 947 3
7 167 5
7 166 2
7 163 8
7 509 3
7 493 9
7 96 6
7 84 7
7 83 7
7 938 2
7 61 4
7 60 3
7 958 6
7 42 3
7 36 6
7 739 2
7 22 6
7 13 2
7 11 4
8 325 8
8 878 2
8 662 7
8 436 7
8 454 4
8 586 5
8 14 5
8 11 7
9 732 4
9 371 10
9 678 9
9 321 10
9 802 2
9 503 9
9 508 4
9 148 9
9 710 1
9 110 2
9 445 2
9 952 4
9 17 3
10 294 2
10 254 10
10 476 5
10 920 7
10 436 6
11 772 7
11 381 9
11 301 3
11 279 8
11 268 7
11 592 5
11 264 4
11 539 6
11 195 9
11 152 10
11 126 9
11 90 8
11 31 6
11 30 8
11 23 9
11 15 10
12 795 10
12 359 8
12 357 5
12 326 2
12 307 5
12 304 5
12 483 1
12 289 7
12 266 9
12 670 8
12 263 6
12 410 6
12 583 2
12 165 5
12 145 9
12 85 1
12 81 2
12 74 5
12 73 3
12 70 8
12 68 7
12 58 9
12 52 3
12 35 8
12 21 5
13 540 8
13 379 3
13 314 1
13 638 10
13 752 9
13 245 4
13 456 5
13 222 6
13 440 5
13 969 9
13 182 7
13 166 3
13 420 2
13 87 3
13 84 7
13 72 10
13 60 7
13 452 3
13 568 4
14 351 10
14 662 3
15 972 2
15 481 6
15 451 10
15 363 4
15 347 9
15 343 6
15 276 3
15 944 2
15 712 1
15 426 7
15 755 9
15 198 10
15 195 5
15 428 3
15 936 5
15 863 7
15 127 2
15 541 1
15 108 8
15 828 7
15 80 4
15 77 2
15 69 4
15 68 2
15 463 5
15 28 2
15 489 1
15 598 6
15 25 10
16 923 1
17 477 4
17 574 6
17 588 10
17 258 4
17 561 8
17 218 4
17 216 6
17 170 1
17 802 9
17 46 3
17 43 4
17 901 9
18 508 9
18 952 8
18 406 1
19 374 9
19 236 10
19 671 9
19 148 5
20 548 2
20 309 2
20 209 10
20 137 5
21 576 10
21 900 4
21 432 4
21 998 4
21 267 4
21 403 3
21 220 3
21 560 5
21 465 2
21 466 8
21 750 7
21 606 3
21 91 5
21 74 5
21 70 5
22 481 5
22 911 10
22 125 5
22 434 5
22 57 1
22 648 9
22 25 4
22 24 4
23 304 10
23 200 1
23 733 8
23 164 9
23 33 3
24 276 5
24 628 2
24 221 7
24 469 10
24 109 2
24 27 5
25 125 3
25 86 5
25 433 5
26 354 6
26 807 1
26 608 7
26 243 6
26 597 3
26 138 8
26 123 1
26 82 8
26 829 4
26 55 9
26 45 3
27 598 2
27 281 2
27 221 1
27 521 7
27 190 6
27 61 9
27 28 9
27 613 7
28 636 5
28 696 2
28 905 5
28 240 1
28 770 1
28 217 1
28 826 5
28 180 4
28 135 9
28 430 10
28 113 4
28 108 3
28 942 10
28 83 1
28 61 8
28 36 2
28 32 9
28 479 8
29 215 5
29 172 4
29 523 7
29 93 10
29 835 5
29 66 4
29 44 8
29 41 3
29 37 10
30 681 4
30 268 3
30 541 1
31 653 1
31 99 9
31 70 10
32 770 8
32 260 10
32 689 1
32 77 4
32 36 5
32 577 6
33 378 7
33 886 5
33 751 6
33 199 7
33 136 4
33 126 8
33 59 5
33 56 4
33 50 8
34 394 5
34 249 1
34 624 6
34 147 5
35 692 3
35 356 5
35 852 3
35 482 9
35 623 10
35 117 10
36 300 3
36 174 7
36 53 7
37 556 9
37 159 10
37 409 9
38 762 5
38 139 5
38 103 1
38 673 7
38 48 9
39 383 6
40 197 2
40 960 2
41 879 6
41 171 1
41 121 10
42 192 10
42 158 5
42 107 3
43 278 3
43 546 7
43 912 1
44 290 4
44 227 7
44 856 3
44 128 3
44 93 5
45 376 3
45 622 9
45 291 4
45 243 8
45 447 1
45 225 4
45 685 1
45 95 3
45 55 9
45 47 6
46 371 3
46 321 3
46 272 3
46 271 8
46 247 6
46 110 3
47 94 10
48 369 6
48 229 3
48 175 3
48 935 5
48 522 9
48 964 2
49 318 7
49 897 7
49 603 10
49 529 4
49 130 1
49 118 7
49 555 9
49 66 7
49 562 6
50 262 10
50 761 1
50 993 2
50 733 5
50 677 10
50 914 7
50 59 3
50 56 2
51 94 1
52 356 8
52 340 7
52 263 4
52 903 1
52 58 5
52 871 4
54 297 7
54 63 3
55 399 9
55 514 7
55 525 3
55 619 9
55 154 7
55 123 1
55 685 5
55 102 8
55 563 3
55 822 4
56 761 5
56 59 6
57 350 1
57 433 2
57 757 1
58 871 2
59 446 7
60 407 3
60 237 7
60 408 8
60 201 9
60 166 10
60 129 7
60 111 4
60 101 5
60 990 5
61 281 4
61 194 9
61 509 7
61 636 5
61 83 10
61 779 4
62 713 8
62 643 3
62 598 7
62 190 4
62 113 1
62 108 10
63 539 4
64 114 2
64 104 9
64 99 7
65 525 5
65 282 5
65 880 7
65 88 3
65 82 2
66 319 3
66 182 9
66 155 7
66 812 2
66 122 9
66 931 6
66 112 1
67 763 6
67 842 5
67 95 5
68 444 7
69 426 1
70 357 6
70 983 5
70 161 7
70 106 7
71 790 10
71 258 2
71 582 9
72 492 6
72 565 3
72 112 5
72 87 10
73 359 10
73 764 6
73 552 9
73 91 6
74 900 10
74 465 5
74 998 9
74 189 7
74 76 7
74 410 7
75 244 8
75 213 8
75 98 7
76 367 8
76 465 10
76 106 10
76 774 4
77 826 8
77 891 10
77 238 3
77 696 5
78 401 1
78 439 3
78 323 1
80 337 8
81 104 10
82 702 5
82 884 3
83 683 3
84 394 2
84 327 7
84 442 2
84 147 6
85 444 7
86 480 6
86 125 5
87 593 1
87 754 8
87 565 6
87 717 1
87 544 1
88 906 1
89 381 4
89 339 3
89 449 8
89 520 1
89 239 6
89 663 2
89 131 3
89 631 8
91 764 3
92 332 1
92 200 1
92 169 6
92 165 5
94 796 9
94 974 6
94 269 1
94 140 2
95 970 6
95 97 9
95 953 7
96 916 6
96 194 8
98 237 7
99 328 10
100 641 5
101 411 2
101 237 9
101 181 7
101 111 6
102 441 10
108 180 7
108 178 4
108 135 7
109 343 5
109 221 2
109 936 5
110 714 3
110 274 5
110 901 10
110 566 5
110 141 7
110 682 3
111 990 7
111 502 1
111 448 3
111 997 10
111 411 1
112 453 9
112 210 2
112 150 6
112 122 10
112 956 2
115 393 3
115 287 3
115 533 2
115 205 7
115 834 7
115 687 1
116 807 10
117 852 7
118 364 9
118 196 4
118 703 9
118 555 9
119 854 5
119 367 1
119 251 4
119 432 5
119 650 10
120 414 7
121 909 7
121 231 8
123 243 2
123 212 6
123 839 9
124 797 3
125 434 6
126 978 7
126 342 3
126 902 3
126 280 6
126 775 8
126 234 6
126 136 9
128 973 2
128 856 5
128 910 2
128 723 2
128 215 3
128 185 9
128 835 2
129 657 4
129 168 8
130 443 5
130 569 5
130 749 7
130 726 4
130 210 8
130 824 9
131 348 8
131 791 3
131 199 1
131 136 8
131 840 3
131 902 5
132 891 2
132 567 2
133 405 6
133 193 7
134 219 1
134 513 1
134 183 4
135 361 1
135 180 2
135 484 2
136 342 8
136 715 8
137 317 6
137 309 1
137 232 1
137 209 8
137 207 10
138 282 3
139 197 6
140 895 6
140 796 1
140 922 10
140 160 10
141 802 10
141 274 9
141 177 1
141 477 3
142 310 3
144 676 9
147 394 5
147 249 4
149 239 5
149 234 6
149 775 9
149 978 2
150 982 5
151 516 4
151 187 4
152 403 10
152 466 3
152 241 9
154 358 8
154 212 3
154 822 1
155 808 6
156 287 1
157 730 5
158 475 10
158 295 2
158 450 10
159 230 2
160 549 3
160 667 3
162 204 7
164 554 3
165 355 2
165 304 9
165 932 1
165 865 1
165 674 9
166 611 7
166 652 7
166 201 4
169 345 7
169 332 2
169 262 5
170 271 4
170 247 3
170 777 8
172 973 7
172 505 10
172 836 7
172 215 8
172 185 7
172 723 2
173 319 7
173 318 4
173 605 5
173 196 3
174 331 9
174 300 4
174 250 3
175 673 10
175 825 8
175 671 9
175 809 5
177 769 9
177 566 2
178 361 1
180 929 4
180 389 5
180 430 2
181 745 1
181 411 9
181 736 2
182 812 6
185 883 3
185 595 6
185 910 2
187 688 2
188 320 2
188 272 10
188 615 2
190 385 2
190 833 6
191 480 1
191 648 2
192 485 10
194 697 7
194 916 10
195 248 7
195 944 5
196 455 7
198 228 9
199 791 1
199 817 1
200 308 4
201 651 10
201 804 10
202 379 4
202 362 4
202 265 8
202 208 10
203 397 3
203 346 8
203 427 6
203 646 7
204 288 9
205 895 3
205 943 10
205 815 2
205 470 4
205 418 1
207 507 2
207 684 6
208 478 3
208 253 1
209 535 7
209 517 9
209 665 4
210 940 4
211 588 7
212 412 5
212 597 7
212 705 5
213 324 4
213 244 10
216 860 10
216 898 8
216 218 4
216 633 5
217 331 3
218 860 3
218 633 4
219 948 8
219 837 3
220 367 6
220 341 1
220 251 6
221 226 7
221 792 1
221 469 2
222 892 8
223 898 6
225 536 10
225 718 1
225 849 8
227 422 5
227 344 8
227 709 2
228 390 3
228 347 10
228 591 2
228 924 9
228 547 2
231 879 1
234 775 4
235 850 7
235 338 3
235 443 8
236 503 3
238 618 2
239 339 7
239 604 8
241 930 9
241 594 9
241 576 1
242 621 2
242 638 1
242 253 5
242 245 8
242 461 4
242 506 5
243 354 8
245 783 3
245 518 3
246 753 4
247 395 7
249 543 3
250 531 4
250 823 1
251 870 9
255 385 6
255 821 3
255 833 10
255 585 10
255 784 7
256 498 3
256 853 7
256 535 7
258 460 3
258 561 7
259 518 6
259 402 2
261 459 2
262 473 6
265 362 1
267 599 10
267 928 10
267 930 2
267 654 2
267 594 7
270 857 5
270 346 2
270 646 2
271 777 10
272 710 5
273 880 6
275 617 5
276 628 4
276 305 7
276 490 9
278 571 8
279 292 2
279 819 1
287 312 8
288 913 6
289 923 3
291 706 6
292 816 6
292 979 2
292 554 7
292 787 5
293 432 9
294 474 10
294 436 10
297 334 6
298 942 8
299 409 3
300 700 10
301 649 5
301 641 9
302 365 9
302 968 4
303 404 9
304 865 9
304 645 2
304 927 2
305 712 1
305 797 2
305 975 9
306 349 4
306 307 5
306 572 10
307 767 9
307 349 3
307 899 7
307 629 10
308 315 4
308 416 1
309 392 9
314 424 8
314 420 6
316 425 2
317 684 7
318 382 4
323 497 9
325 888 10
325 454 6
330 732 3
331 647 8
332 345 3
332 677 1
335 882 7
337 512 2
337 635 2
338 850 9
338 747 8
340 519 7
340 627 9
343 755 9
346 596 5
347 390 7
347 463 2
347 428 8
347 721 4
349 795 5
349 767 9
349 716 4
350 676 7
352 811 9
352 461 6
353 399 6
354 626 2
356 738 9
359 832 3
359 632 7
361 396 9
363 618 2
363 828 1
364 939 9
364 703 6
365 968 6
367 735 1
368 738 4
369 825 9
369 964 1
369 464 5
370 933 4
373 881 6
373 897 5
374 964 2
379 478 2
380 785 1
381 867 2
383 391 1
384 573 1
385 893 2
387 931 2
388 547 3
394 794 3
395 435 1
397 427 3
398 445 7
399 771 9
399 496 7
402 783 7
402 518 1
404 696 7
406 508 9
408 693 4
408 652 9
409 864 5
411 731 4
411 502 7
412 839 6
412 705 7
412 597 4
413 929 8
415 947 7
415 537 6
416 674 3
417 911 1
418 470 5
419 631 2
420 431 9
420 766 9
423 523 4
425 614 5
427 646 7
428 591 2
428 924 6
432 560 4
433 957 5
435 467 10
436 704 2
440 553 6
440 540 2
441 619 7
446 590 6
448 990 2
449 520 6
449 604 5
450 475 5
451 618 8
453 950 9
454 888 10
456 478 4
466 601 8
468 709 1
470 834 6
473 830 3
474 820 6
480 887 3
480 757 10
480 515 10
481 489 4
481 760 6
487 637 2
491 505 8
493 773 9
496 608 5
498 768 3
502 861 9
508 694 8
510 827 4
511 620 9
513 948 10
513 837 9
516 702 7
517 660 1
517 853 7
517 846 2
521 668 2
522 935 4
529 727 9
531 773 7
532 701 10
535 679 2
535 966 2
535 846 6
535 690 1
538 670 5
539 894 8
542 995 5
548 868 9
548 789 9
548 858 4
552 921 10
558 974 2
562 699 9
566 769 4
566 581 9
567 891 10
568 624 1
570 755 1
572 776 2
572 899 8
573 920 1
575 993 1
578 876 9
583 751 3
589 595 9
602 720 2
602 743 4
602 904 9
603 896 10
603 727 8
611 693 3
625 694 2
629 869 8
629 716 1
631 655 6
636 744 7
640 954 2
640 995 3
640 855 2
641 649 8
641 965 4
644 656 2
645 865 3
645 927 8
652 693 3
656 911 6
659 760 1
660 759 6
667 814 4
680 857 7
681 772 6
682 714 8
682 851 2
691 813 9
696 826 9
699 803 7
701 872 3
702 876 4
704 820 2
705 805 7
705 839 9
711 761 9
712 934 4
714 851 3
717 754 4
719 741 5
720 741 10
723 836 5
740 767 6
741 743 6
745 885 1
749 800 1
754 786 9
771 915 1
775 978 7
783 926 2
783 963 2
784 942 8
789 858 10
791 817 6
803 989 9
815 996 4
816 819 10
821 833 9
821 893 8
829 906 5
831 940 4
835 862 7
842 849 9
845 985 4
854 919 3
856 937 5
861 997 7
865 932 4
865 927 8
883 910 1
895 996 3
897 949 2
900 998 10
908 972 10
964 986 8
