1000 1197
5 6 24 4 90 22 36 43 53 92 52 46 19 24 48 53 68 71 69 9 14 16 55 38 82 46 91 63 94 70 50 27 91 19 3 81 7 71 51 7 27 16 46 28 5 35 7 76 24 9 83 74 37 73 12 80 94 70 22 89 36 26 71 18 41 61 71 46 9 11 72 77 46 60 61 68 68 21 67 35 20 75 81 12 100 54 82 66 100 1 98 84 59 99 51 39 100 88 9 58 94 77 6 92 10 22 65 28 64 76 20 100 75 69 83 97 27 62 1 86 60 63 9 63 74 38 93 99 30 9 75 17 18 98 70 77 40 84 93 44 90 71 22 6 15 98 44 48 88 74 57 18 55 53 27 57 32 30 28 56 14 71 23 22 72 11 32 93 33 15 44 25 40 87 35 83 93 98 59 14 4 64 38 28 7 88 63 59 99 90 88 42 72 56 48 42 47 88 85 94 99 29 7 5 37 8 72 42 63 23 39 23 23 53 64 85 24 22 17 23 75 78 91 77 25 21 48 49 9 48 4 87 84 61 43 4 1 45 42 18 72 50 47 39 62 21 98 36 57 29 21 61 53 6 86 64 100 85 67 7 90 90 100 16 30 43 25 16 90 66 83 86 32 32 29 58 79 72 63 45 2 65 74 60 20 100 81 7 39 78 87 57 16 68 86 23 58 67 66 29 98 85 2 52 22 74 83 100 51 14 33 63 24 11 24 61 7 54 63 63 56 90 33 3 42 10 66 37 91 59 40 26 25 13 53 67 95 77 44 27 42 71 38 40 98 76 82 42 35 68 65 22 21 67 32 21 12 69 39 16 92 6 76 99 73 66 36 26 16 36 72 67 88 36 86 84 53 42 69 1 94 96 31 45 31 92 56 56 99 87 4 79 27 58 31 41 18 52 13 39 37 34 22 66 5 13 16 12 44 7 4 87 81 6 74 85 6 56 94 52 25 23 89 55 35 62 2 84 61 83 63 36 94 21 24 12 37 24 15 97 4 50 18 62 21 54 13 89 56 63 73 14 34 88 12 59 84 81 51 20 42 70 51 45 86 39 13 6 75 41 97 8 53 59 14 38 86 9 99 28 29 2 43 34 80 97 19 31 70 41 97 17 18 5 5 17 24 88 76 44 16 18 22 38 55 26 77 15 66 25 73 57 56 18 36 6 40 94 22 77 98 57 53 29 24 1 72 31 61 8 51 3 63 29 55 32 39 61 42 46 96 86 72 8 2 74 16 20 6 24 63 10 86 8 94 10 16 18 68 53 20 51 2 13 1 59 68 53 87 88 68 59 78 71 97 28 41 74 26 23 10 6 59 62 46 28 20 3 13 4 2 65 1 62 43 97 66 23 5 68 91 72 45 1 6 78 37 7 3 17 31 19 36 7 47 3 22 95 25 58 73 67 82 62 80 10 66 75 90 2 68 32 71 74 55 92 72 23 6 67 19 37 29 83 26 77 5 42 60 63 95 26 2 49 36 92 86 67 67 37 87 71 28 85 73 27 99 89 11 8 88 88 30 34 96 46 99 49 37 66 54 73 25 51 27 99 40 24 17 35 75 55 25 31 54 12 13 39 78 37 90 97 19 87 12 24 71 91 9 71 25 55 48 11 100 89 45 3 38 21 6 1 79 95 31 6 44 38 43 91 58 74 16 30 69 18 44 85 48 82 41 40 74 50 13 86 3 50 91 13 29 43 78 27 48 93 2 67 19 61 51 46 83 57 28 86 13 71 41 22 77 55 20 65 35 1 38 28 74 92 33 5 96 47 3 38 48 49 87 81 40 23 68 98 87 76 75 40 3 82 54 13 68 18 65 2 19 72 94 14 87 52 16 88 25 31 32 63 26 8 19 73 35 99 52 54 44 93 44 97 23 46 27 31 74 28 18 33 13 27 5 46 67 6 24 99 77 95 77 57 13 6 5 73 49 74 75 26 74 81 86 53 76 24 95 59 56 79 13 76 40 96 20 69 62 8 46 77 12 27 9 11 61 99 30 53 75 33 26 54 43 29 72 49 84 24 13 60 79 58 23 3 57 76 79 26 38 78 9 51 71 26 13 80 56 9 16 72 48 93 52 4 30 31 65 63 95 91 5 30 52 9 22 2 7 78 61 59 31 45 73 15 78 67 74 27 70 52 57 9 88 57 6 4 69 11 54 49 100 5 1 8 41 11 85 87 72 25 3 53 57 36 24 11 84 32 8 97 91 52 36 89 61 23 66 2 28 34 20 21 98 89 43 100 93 27 36 92 9 50
1 416 5
1 108 7
1 831 10
1 76 6
1 654 5
1 917 5
1 895 1
1 11 1
1 5 2
1 4 3
2 393 5
2 383 2
2 567 1
2 438 4
2 429 8
2 486 4
2 324 5
2 624 1
2 878 1
2 256 6
2 587 5
2 219 4
2 574 4
2 566 9
2 447 2
2 839 8
2 133 7
2 119 7
2 113 8
2 418 8
2 92 3
2 752 3
2 54 1
2 855 4
2 47 10
2 39 10
2 35 2
2 510 6
2 869 9
2 18 5
2 17 6
2 620 5
2 10 7
2 9 4
2 4 5
2 3 3
3 367 8
3 345 6
3 989 2
3 267 7
3 539 8
3 458 2
3 201 4
3 519 4
3 169 5
3 831 5
3 104 6
3 725 6
3 95 5
3 90 8
3 87 6
3 74 2
3 66 5
3 63 8
3 42 9
3 39 9
3 12 7
3 9 4
4 426 9
4 740 10
4 809 1
4 327 2
4 945 1
4 854 6
4 294 1
4 273 4
4 818 9
4 555 10
4 263 8
4 867 1
4 411 2
4 995 5
4 970 10
4 174 6
4 807 10
4 152 10
4 149 7
4 592 3
4 134 3
4 469 5
4 121 4
4 116 8
4 105 6
4 76 7
4 718 2
4 625 4
4 69 1
4 67 6
4 59 4
4 54 10
4 53 4
4 615 3
4 656 2
4 15 2
4 11 5
4 10 3
4 8 6
4 6 1
4 5 9
5 401 6
5 979 4
5 392 4
5 498 2
5 715 4
5 708 3
5 959 4
5 768 7
5 981 3
5 301 1
5 293 2
5 284 9
5 432 1
5 275 10
5 262 5
5 596 8
5 229 7
5 220 9
5 413 1
5 211 9
5 205 1
5 503 3
5 744 5
5 516 8
5 150 8
5 140 10
5 138 3
5 124 5
5 479 10
5 101 6
5 468 1
5 421 4
5 78 1
5 51 8
5 584 8
5 48 1
5 45 5
5 518 3
5 586 5
5 36 3
5 33 5
5 31 4
5 471 1
5 7 8
5 955 1
6 706 2
6 609 3
6 431 3
6 998 9
6 888 10
6 341 10
6 918 1
6 333 1
6 859 1
6 744 8
6 266 9
6 437 4
6 239 3
6 224 8
6 199 3
6 197 2
6 636 6
6 130 9
6 539 6
6 656 7
6 74 6
6 28 2
6 24 9
6 536 3
6 19 7
7 934 8
7 978 1
7 739 7
7 279 9
7 198 2
7 150 10
7 502 4
7 78 8
7 61 2
7 20 8
7 16 1
7 13 2
8 364 3
8 440 10
8 303 10
8 958 9
8 273 7
8 203 8
8 491 5
8 148 7
8 139 6
8 797 3
8 852 8
8 710 7
8 762 9
8 91 5
8 84 1
8 64 1
8 52 6
8 49 10
8 730 8
8 43 6
8 634 7
9 619 1
9 182 10
9 17 10
10 400 1
10 615 9
10 102 5
10 37 1
10 18 8
11 383 5
11 823 10
11 319 3
11 658 7
11 489 10
11 155 7
11 113 3
11 29 2
11 22 3
12 526 7
12 336 9
12 281 8
12 248 9
12 232 9
12 210 3
12 670 3
12 165 10
12 117 8
12 105 3
12 541 3
12 49 3
12 38 10
12 613 6
12 21 2
13 356 8
13 225 2
13 208 4
13 198 7
13 781 3
13 515 8
13 100 7
13 66 3
13 32 3
14 689 8
14 767 2
14 178 10
14 974 3
14 581 7
14 149 4
14 74 9
15 400 6
15 380 10
15 371 8
15 775 8
15 244 2
15 692 9
15 748 5
15 152 5
15 131 2
15 735 9
16 417 10
16 905 4
16 308 8
16 544 10
16 272 8
16 403 8
16 860 3
16 802 5
16 245 2
16 993 4
16 242 2
16 681 2
16 208 4
16 430 2
16 99 10
16 85 4
16 80 8
16 793 3
16 57 5
17 792 1
17 786 9
17 56 1
18 339 9
18 322 5
18 314 4
19 365 10
19 341 6
19 316 4
19 872 9
19 268 6
19 726 8
19 423 7
19 656 4
19 190 5
19 158 4
19 89 10
19 70 9
19 69 2
19 441 6
19 28 6
19 23 9
20 649 7
20 332 5
20 967 1
20 191 5
20 672 8
20 26 10
21 372 9
21 299 8
21 232 2
21 157 5
21 112 1
21 75 4
21 72 3
21 67 5
22 383 6
22 505 2
22 839 7
22 876 5
23 556 3
23 153 5
23 659 6
23 69 9
23 44 9
23 862 9
24 381 6
24 947 10
24 835 3
24 512 1
24 423 9
24 206 2
24 202 3
24 194 8
24 193 10
24 176 4
24 151 6
24 820 5
24 110 3
24 82 4
24 81 9
24 77 3
24 28 2
25 382 2
25 370 6
25 460 4
25 265 6
25 542 7
25 979 4
25 525 4
25 490 5
25 58 1
26 308 10
26 147 10
26 939 2
26 644 3
26 36 6
27 298 4
27 163 4
27 34 8
28 859 4
28 475 7
28 424 5
28 524 2
28 531 6
28 89 8
29 571 3
29 175 3
30 435 2
30 736 3
30 704 1
30 246 1
30 218 1
30 141 2
30 723 10
31 401 5
31 389 2
31 595 8
31 250 5
31 535 2
31 828 4
31 180 10
31 103 2
31 86 10
31 65 7
31 44 8
31 33 8
31 844 8
31 527 10
32 502 8
32 245 9
32 208 3
32 198 7
32 860 10
32 605 5
33 399 3
33 296 7
33 180 3
33 643 3
34 344 7
34 163 4
34 158 9
34 40 3
35 355 6
35 315 6
35 903 7
35 111 9
35 92 4
35 62 3
36 191 2
37 156 3
38 504 6
38 445 9
38 761 3
38 221 4
38 433 2
38 594 9
38 920 4
38 714 8
38 42 7
38 470 7
39 377 8
39 367 8
39 347 8
39 330 1
39 621 8
39 688 3
39 849 7
40 298 9
41 394 9
41 387 10
41 363 10
41 693 3
41 461 1
41 287 7
41 286 3
41 674 10
41 641 8
41 714 6
41 253 2
41 221 9
41 214 7
41 142 6
41 924 3
41 495 5
41 60 5
41 452 10
42 787 6
42 884 4
42 445 3
43 305 6
43 856 6
43 200 4
43 824 8
43 617 6
44 687 3
44 296 6
44 257 5
45 401 4
45 389 2
45 103 1
45 625 3
45 65 3
46 964 6
46 115 8
47 393 2
47 434 3
47 909 8
47 360 2
47 305 5
47 478 4
47 251 10
47 817 5
47 133 1
47 712 6
47 729 10
48 511 10
48 737 4
48 525 2
48 439 10
49 391 4
49 281 9
49 210 1
49 145 5
49 55 5
49 52 9
50 625 4
50 223 7
51 568 10
51 358 7
51 430 1
51 269 5
51 242 3
51 515 3
51 919 9
51 99 2
52 233 2
52 718 6
52 148 5
53 543 3
53 126 6
54 385 8
54 322 3
54 258 4
54 603 8
54 705 3
55 334 3
55 203 1
56 427 6
56 111 10
56 487 5
56 996 5
56 682 10
57 188 1
57 80 1
57 649 4
58 262 4
58 205 4
58 176 4
58 808 6
58 498 4
59 324 1
59 653 9
60 815 3
60 461 8
60 493 1
60 207 2
60 179 9
60 594 6
61 412 4
61 211 4
63 328 4
63 292 3
63 925 7
63 201 7
63 743 10
63 549 4
63 66 4
64 200 10
65 223 6
65 591 4
65 103 1
66 328 3
66 87 10
67 668 8
67 320 8
67 989 2
67 231 10
67 971 3
67 122 2
67 112 6
67 453 7
67 75 6
70 830 1
71 334 3
71 290 9
71 233 6
71 517 5
71 203 9
71 563 6
72 964 2
72 161 2
72 115 1
72 97 1
73 848 6
73 769 4
73 144 5
73 106 9
73 93 8
73 580 2
75 169 4
76 661 4
76 576 9
76 168 6
76 553 7
76 724 6
77 459 9
77 285 3
77 197 1
77 130 6
77 451 3
78 648 9
78 150 6
78 744 1
78 577 10
78 83 2
79 440 9
79 702 4
79 994 3
80 691 2
80 188 1
81 396 2
81 247 2
81 82 10
82 396 1
82 918 5
83 611 9
84 997 2
84 241 10
84 732 9
85 374 6
85 789 9
85 269 8
85 183 5
85 154 7
85 721 9
85 120 9
85 819 5
86 349 8
87 549 2
88 326 8
88 187 5
88 106 2
89 820 10
89 202 1
90 456 3
90 896 3
91 391 3
91 606 1
91 165 8
92 801 1
92 429 10
92 133 1
92 478 10
93 400 3
93 757 2
93 742 1
94 655 9
95 395 4
95 539 6
96 954 7
96 240 10
96 191 2
96 672 10
96 773 2
97 911 2
98 234 2
98 809 10
99 901 6
99 403 10
99 242 8
100 279 9
100 225 9
100 739 7
100 934 4
101 483 4
101 965 9
101 976 9
102 329 8
102 932 1
102 562 3
103 800 3
104 406 6
105 867 4
106 378 4
106 127 9
107 502 6
107 630 2
108 318 5
108 219 5
109 252 1
109 807 1
110 217 1
111 398 7
111 355 8
111 558 1
111 587 10
111 610 9
111 184 9
111 173 2
111 119 1
112 311 5
112 226 2
113 620 7
115 135 3
116 995 5
117 504 7
119 663 5
119 295 4
119 291 6
119 230 4
119 164 7
119 162 9
119 948 3
120 297 7
120 278 9
120 721 5
121 386 2
121 709 3
121 678 8
122 386 4
122 551 4
122 716 10
122 186 10
123 579 1
123 731 7
123 155 2
124 392 3
124 376 6
124 886 5
125 556 4
125 263 7
125 174 5
125 741 6
125 560 9
126 428 8
126 537 3
127 532 2
127 408 4
128 529 9
130 197 8
131 144 5
132 234 8
132 738 1
132 555 8
133 429 8
133 770 6
133 251 5
133 756 9
133 478 7
134 624 8
135 236 1
136 314 6
136 237 8
137 318 1
137 219 7
137 170 6
138 494 1
139 797 4
139 772 4
141 897 1
141 218 5
142 352 1
142 628 4
142 214 2
142 452 2
143 406 3
144 580 5
144 942 6
144 216 2
146 856 4
146 617 5
146 185 7
146 913 2
147 939 2
148 480 10
148 273 2
149 280 10
150 317 10
150 866 5
151 847 10
151 160 10
152 777 4
152 462 8
152 852 5
153 275 3
153 167 5
154 374 9
154 220 5
154 215 1
154 802 5
155 673 10
155 731 8
156 339 10
158 683 9
159 367 3
159 330 1
159 270 3
159 182 9
159 583 4
160 451 10
161 964 1
162 938 10
162 325 7
162 164 3
163 213 7
163 795 9
163 952 2
163 719 4
164 325 8
164 514 3
165 946 3
165 750 7
167 321 1
167 485 4
167 862 4
167 961 3
168 917 3
170 639 1
171 329 6
171 932 5
171 530 6
172 271 1
172 270 5
172 212 9
172 182 6
173 514 6
174 469 1
174 637 3
176 808 2
177 612 1
177 209 3
178 974 5
178 540 4
179 207 5
179 433 2
183 354 3
184 398 2
184 604 1
184 610 6
184 573 1
184 567 7
185 754 4
186 631 5
188 272 8
188 793 1
189 789 7
189 229 9
190 601 2
191 646 10
191 414 4
191 915 2
191 690 10
193 988 6
193 749 9
193 509 1
195 697 4
196 667 5
197 333 7
197 224 3
197 665 2
197 843 2
198 289 9
202 204 10
202 499 2
202 811 5
203 290 4
203 902 1
204 346 8
205 468 5
205 421 2
206 873 10
207 433 9
208 605 10
208 245 8
211 412 8
211 585 2
213 388 2
213 975 6
213 726 8
214 466 6
214 253 4
214 442 1
214 491 1
214 871 4
214 696 6
215 471 4
216 380 3
216 942 5
218 616 7
218 435 8
218 846 7
219 318 4
219 449 10
219 600 1
220 586 4
221 714 5
221 734 10
223 527 7
224 843 6
228 446 6
229 841 5
230 254 10
230 663 2
231 565 5
233 501 3
234 936 1
234 411 9
237 327 1
238 521 2
238 730 5
239 974 8
240 954 3
241 997 6
242 274 2
242 850 6
242 627 5
244 769 8
246 455 3
247 918 2
249 622 5
249 845 9
253 758 6
254 473 8
255 474 4
256 418 1
256 786 8
257 313 9
258 322 4
259 573 2
260 310 2
261 350 2
262 745 6
265 582 8
266 957 7
269 861 7
270 302 1
270 271 10
270 960 10
273 288 7
274 675 8
274 987 2
275 961 8
275 596 1
275 485 1
275 928 6
275 415 4
278 454 1
278 607 10
280 575 10
281 526 1
284 349 1
285 665 5
286 303 7
286 674 7
290 902 3
290 517 2
290 547 4
290 762 10
292 328 8
293 468 3
293 985 9
297 721 3
297 1000 10
298 694 6
303 590 10
303 474 8
304 307 5
305 712 7
305 434 3
305 966 8
305 729 7
311 971 1
312 366 1
312 347 4
312 330 10
312 805 7
315 443 6
316 388 2
316 899 4
317 866 2
317 577 7
317 648 3
318 600 8
319 351 9
320 335 3
321 596 5
321 484 10
323 506 7
323 784 4
323 982 1
323 661 9
324 574 10
328 778 10
328 743 7
330 477 7
330 366 8
330 347 1
332 898 7
332 853 4
334 563 3
336 670 9
340 510 5
340 877 1
340 482 8
344 694 10
344 593 5
345 557 7
345 516 2
347 420 8
347 984 10
349 399 8
353 894 2
353 850 3
355 558 9
355 419 7
355 880 3
355 826 1
357 479 4
357 413 3
358 765 6
358 861 3
361 397 9
361 834 6
362 904 6
362 431 3
363 696 4
367 688 5
367 796 8
370 979 4
371 397 3
371 436 7
371 851 5
371 783 4
371 922 4
371 572 5
372 911 1
374 544 8
374 728 8
375 583 5
376 392 5
377 621 3
378 669 7
378 408 2
379 922 5
380 598 4
382 511 7
382 490 2
383 839 8
383 882 6
383 642 2
384 958 7
385 854 4
388 534 1
389 800 8
394 696 1
394 650 2
397 700 9
402 590 1
404 959 8
405 871 5
405 641 6
407 790 9
407 506 5
407 784 7
407 724 3
408 532 2
409 638 1
411 809 9
412 503 6
418 869 1
419 487 10
420 477 6
423 683 5
424 647 1
424 771 2
425 832 10
427 944 9
430 707 7
430 607 9
431 904 9
431 609 5
431 953 2
433 929 7
437 717 10
438 877 1
439 536 2
440 702 6
440 845 9
450 774 6
451 459 7
451 476 10
452 924 3
455 492 4
455 846 5
456 907 2
457 704 4
463 565 10
468 768 1
469 935 3
472 532 4
475 524 9
479 708 10
482 510 6
486 570 3
490 511 10
492 703 2
494 981 10
494 937 3
499 885 1
500 628 6
501 520 10
501 634 4
504 986 7
504 633 9
505 914 2
506 722 4
506 982 3
506 724 9
507 766 2
507 717 9
508 607 8
509 988 4
512 968 8
515 568 2
517 799 10
518 963 10
518 940 3
518 891 7
519 833 3
520 634 10
522 686 10
522 559 1
528 587 7
534 726 7
535 816 1
538 751 6
540 931 2
540 578 7
540 636 6
541 951 5
543 887 3
543 818 7
545 720 10
548 713 3
552 779 5
552 833 8
553 654 10
554 612 3
556 908 2
556 949 9
556 623 2
556 785 7
558 826 9
560 785 3
562 945 9
564 583 7
566 798 9
567 604 1
569 881 7
569 710 8
577 599 9
578 636 1
588 950 5
596 711 5
603 635 8
607 707 10
613 677 8
613 875 4
617 754 1
617 856 3
618 941 2
619 849 2
623 659 4
630 860 4
633 761 9
636 931 6
642 823 4
644 865 4
648 866 9
649 910 4
650 892 2
651 888 2
652 829 6
660 671 8
660 681 3
676 751 5
683 727 4
691 821 6
692 759 9
701 851 1
708 980 9
708 963 3
712 966 8
714 734 2
717 747 7
728 802 4
744 760 10
750 946 8
758 836 1
762 902 1
767 916 1
784 982 3
786 792 4
810 842 5
815 857 7
818 887 2
821 999 10
822 834 4
843 923 6
850 901 6
850 894 8
855 882 10
883 986 7
886 927 1
887 970 6
904 953 10
933 947 10
