1000 1197
5 64 23 58 6 27 79 44 22 20 7 66 28 19 52 97 29 74 6 26 65 3 6 12 31 65 9 34 40 23 82 20 37 62 6 86 62 99 54 60 22 100 46 6 59 48 71 80 12 19 41 83 28 83 43 23 75 64 67 93 48 44 22 50 13 22 6 59 88 92 20 43 57 23 14 35 52 26 72 52 41 80 24 77 89 18 75 72 24 73 99 88 11 63 52 4 2 40 85 42 32 1 62 18 39 1 90 61 22 43 16 89 72 84 26 95 42 13 79 53 39 76 26 88 77 26 12 22 84 50 61 50 28 25 77 81 64 28 2 47 4 66 45 51 34 50 43 68 65 22 1 63 58 61 95 75 21 5 21 5 55 42 5 21 54 19 25 67 12 95 67 72 65 20 46 22 75 33 38 55 51 75 36 60 26 11 46 34 59 4 97 11 37 50 89 53 94 75 77 91 68 19 16 27 43 50 38 24 5 8 71 71 52 65 5 1 36 58 85 26 49 45 96 85 52 92 64 44 99 50 87 17 16 26 89 4 50 67 17 82 22 22 18 42 13 72 43 12 17 94 69 65 99 2 63 44 54 91 58 39 40 65 81 85 8 94 54 13 1 75 5 89 65 61 30 100 73 35 85 64 10 65 92 74 90 79 78 80 71 8 78 59 56 16 28 57 79 15 28 91 34 60 27 47 21 64 79 28 39 91 44 25 44 2 8 94 63 85 69 74 64 44 72 65 57 17 92 91 37 96 67 65 15 41 85 48 70 71 75 19 62 82 54 64 8 81 69 76 36 78 95 35 16 15 37 99 66 58 1 25 22 44 80 94 89 49 82 6 34 66 36 27 95 36 21 81 39 10 8 69 14 74 18 33 45 79 1 61 16 3 14 71 7 24 59 31 72 73 39 68 29 1 62 18 45 86 1 49 58 50 86 20 67 71 83 70 14 64 61 73 45 22 27 66 60 59 96 83 40 5 48 69 55 8 1 34 76 65 40 67 31 23 85 76 92 64 78 72 28 23 30 98 78 11 87 45 32 40 49 16 88 44 54 18 49 1 58 80 79 6 5 37 30 96 50 65 18 41 34 69 1 45 39 68 89 28 41 81 56 96 70 52 53 51 42 75 17 85 48 10 77 8 64 97 86 40 51 6 16 17 16 7 67 21 33 64 96 11 96 33 62 64 10 67 83 82 62 15 56 16 89 75 8 18 97 38 68 10 7 18 18 55 92 70 99 39 5 14 32 1 6 78 68 37 76 57 8 42 76 99 9 84 9 26 85 85 83 32 49 91 50 81 42 79 16 41 80 61 7 64 77 13 89 26 50 6 75 31 55 72 14 48 79 65 61 16 84 26 94 97 51 13 12 20 15 81 83 42 28 47 51 69 84 7 59 63 70 94 32 46 61 23 54 88 39 41 21 16 38 19 79 22 88 93 69 36 60 78 94 41 19 77 32 19 62 34 19 57 29 90 31 56 43 3 74 100 58 48 91 11 34 55 96 3 82 92 24 27 44 6 35 42 96 30 72 96 73 43 13 9 9 69 85 12 21 48 50 43 70 6 84 15 88 99 39 93 92 75 5 23 35 84 50 84 21 37 31 9 18 69 7 37 27 68 41 71 84 43 6 54 89 56 26 78 21 78 95 98 48 14 71 66 70 62 45 1 31 69 14 35 94 73 68 35 72 22 42 99 58 66 15 83 100 58 8 11 26 51 74 2 47 69 96 28 14 35 4 88 43 33 82 5 51 45 27 62 82 10 36 63 98 26 72 47 51 65 11 20 41 83 50 72 87 39 61 17 17 51 55 74 51 71 16 44 90 46 12 84 18 28 74 70 71 25 100 17 42 78 57 51 48 33 16 67 80 23 14 75 76 28 38 76 55 10 51 34 78 28 52 53 30 89 35 31 49 61 35 75 80 33 47 60 75 92 38 33 62 93 54 57 91 68 77 96 26 6 85 75 12 2 4 71 36 46 27 25 44 83 19 58 9 55 47 10 95 14 52 48 34 87 40 29 13 21 77 55 66 59 6 85 71 82 22 94 99 68 25 19 82 65 16 93 75 59 30 33 13 60 74 13 49 80 97 37 85 23 6 70 97 98 70 25 54 66 95 49 86 50 22 91 23 68 79 40 88 62 5 28 8 83 40 12 86 25 69 5 58 86 28 17 95 53 56 12 60 18 100 90 42 20 65 62 82 97 7 44 15 60 59 15 29 99 14 54 98 27 90 98 24 13 19 48 24 62 72 98 77 1 26 50
1 675 10
1 760 4
1 795 8
1 491 2
1 986 9
1 591 6
1 219 9
1 191 6
1 651 8
1 771 2
1 162 10
1 652 6
1 989 7
1 108 10
1 102 9
1 100 4
1 92 6
1 91 3
1 635 2
1 64 7
1 439 1
1 37 6
1 26 2
1 497 1
1 16 5
1 14 4
1 7 9
2 973 4
2 592 5
2 999 1
2 991 1
2 551 5
2 272 9
2 266 8
2 250 3
2 249 1
2 240 3
2 224 5
2 723 9
2 433 2
2 140 4
2 473 2
2 942 3
2 127 3
2 412 1
2 82 3
2 61 2
2 40 8
2 39 9
2 536 3
2 32 4
2 29 9
2 5 6
2 4 6
3 636 1
3 645 2
3 349 2
3 334 7
3 318 5
3 276 7
3 482 10
3 513 7
3 430 1
3 754 1
3 594 10
3 100 9
3 833 6
3 34 10
4 395 4
4 349 6
4 342 10
4 327 4
4 322 1
4 314 5
4 308 1
4 877 2
4 295 2
4 276 4
4 245 9
4 462 9
4 223 3
4 215 2
4 211 6
4 188 3
4 986 7
4 175 1
4 174 4
4 599 6
4 158 1
4 152 10
4 530 1
4 125 8
4 117 7
4 787 4
4 934 5
4 88 3
4 81 3
4 476 6
4 672 7
4 25 10
4 429 3
4 13 7
4 11 3
4 588 5
4 6 2
4 5 8
5 901 9
5 323 1
5 303 5
5 283 10
5 280 6
5 275 5
5 274 3
5 229 5
5 182 10
5 148 5
5 139 5
5 138 9
5 57 7
5 41 6
5 25 2
5 13 10
5 9 2
5 8 2
6 648 5
6 314 6
6 844 1
6 824 7
6 246 5
6 490 4
6 96 6
6 56 7
6 19 5
7 766 10
7 348 5
7 744 6
7 776 5
7 258 1
7 216 6
7 183 4
7 177 1
7 407 3
7 110 5
7 108 3
7 107 6
7 926 5
7 914 7
7 71 1
7 65 2
7 415 3
7 655 2
7 47 3
7 42 1
7 812 8
7 32 7
7 18 6
7 554 8
8 488 8
8 558 3
8 330 6
8 323 6
8 261 6
8 216 8
8 147 2
8 86 6
8 44 6
8 43 9
9 391 3
9 371 5
9 629 6
9 978 7
9 322 4
9 283 10
9 856 7
9 272 6
9 254 1
9 237 5
9 572 10
9 173 8
9 67 10
9 45 10
9 30 7
9 20 6
9 995 4
9 821 8
10 383 1
10 665 4
10 427 3
10 253 3
10 675 9
10 51 5
10 16 1
11 374 1
11 314 5
11 851 7
11 628 2
11 952 8
11 78 9
11 728 1
12 877 2
12 312 6
12 546 3
12 673 5
12 154 4
12 121 7
12 1000 5
12 51 2
12 435 10
12 26 5
12 713 4
13 960 2
13 307 1
14 638 6
14 750 5
14 235 2
14 664 3
14 903 1
14 137 2
14 77 6
14 26 1
15 679 5
15 931 1
15 837 8
15 924 3
16 653 10
16 793 2
16 293 8
16 463 8
16 427 7
16 149 8
16 100 4
16 37 7
17 113 4
17 78 7
17 780 8
18 557 2
18 920 8
18 945 7
18 668 9
18 72 1
18 964 7
18 65 2
18 42 2
19 370 4
19 748 10
19 998 9
19 246 4
19 115 1
19 70 7
19 56 4
19 53 5
19 46 3
20 988 1
20 50 9
20 28 8
21 513 9
21 645 5
21 96 2
21 910 3
21 69 9
21 22 8
22 413 10
22 339 6
22 782 6
22 842 5
22 284 1
22 282 10
22 231 10
22 221 10
22 895 7
22 135 6
22 490 9
22 52 7
22 648 2
22 29 8
22 24 5
23 355 1
23 478 10
23 982 3
23 134 7
23 109 7
23 83 4
23 721 10
24 974 7
24 231 7
24 667 9
24 619 6
24 62 3
24 29 3
25 747 5
25 174 8
25 157 8
25 542 1
25 871 10
25 27 9
25 758 7
26 326 9
26 498 4
26 300 4
26 288 9
26 502 1
26 435 9
26 186 9
26 91 2
26 77 4
27 392 3
27 307 7
27 474 1
27 252 10
27 918 4
27 205 10
27 203 2
27 756 3
27 662 4
27 460 3
27 700 1
27 643 5
27 35 10
28 362 1
28 625 9
28 778 4
28 790 9
28 279 1
28 978 2
28 179 9
28 481 6
28 823 3
28 50 6
29 269 9
29 413 10
29 62 8
29 52 8
29 40 9
30 511 9
30 579 3
30 965 9
30 213 9
30 194 8
30 189 7
30 471 7
30 173 8
30 142 5
30 637 10
30 33 4
31 588 1
31 137 2
31 84 4
31 736 5
32 302 6
32 256 9
32 655 1
33 283 10
33 201 3
33 861 9
33 189 8
33 105 2
33 647 2
33 54 3
33 45 5
33 523 9
34 777 4
35 401 1
35 396 9
35 150 1
35 767 2
35 120 2
35 36 4
36 132 8
36 408 3
37 383 7
37 369 3
37 350 7
37 987 3
38 238 9
38 601 7
38 170 8
38 478 10
39 725 4
39 366 2
39 410 8
39 61 8
39 49 5
40 450 6
40 543 6
41 775 10
41 857 8
41 296 9
41 265 5
41 992 1
41 531 1
41 112 4
42 407 3
42 774 5
42 344 6
42 622 5
42 226 5
42 219 4
42 876 5
42 103 7
42 90 6
42 65 2
43 385 6
43 138 4
43 694 8
43 44 10
44 385 10
44 694 3
44 259 3
44 518 9
44 558 1
44 107 10
44 86 5
45 607 9
45 294 1
45 404 6
45 464 5
45 505 4
45 432 10
46 246 3
46 152 2
47 359 10
47 216 4
47 101 8
47 89 4
47 58 1
47 48 7
48 381 10
48 347 9
48 649 10
48 153 2
48 130 8
48 119 9
48 421 1
48 101 6
48 644 3
48 58 8
49 380 5
49 991 5
49 264 4
49 715 5
49 168 10
49 485 5
49 123 7
49 61 8
50 387 3
50 279 8
50 210 8
50 68 9
52 285 5
53 164 5
53 115 4
53 56 7
54 801 5
54 483 10
55 712 7
55 277 7
55 193 2
55 81 1
56 486 3
56 115 7
57 397 5
57 996 1
57 358 6
57 552 4
57 303 9
57 199 5
57 416 7
57 857 2
57 73 7
57 609 5
58 993 6
58 830 5
58 97 10
58 868 9
59 353 2
59 792 8
59 136 1
59 135 6
59 99 10
60 389 4
60 726 3
60 872 4
60 273 4
60 227 4
60 766 6
60 177 3
60 477 8
60 153 4
60 605 3
61 74 4
64 343 7
64 310 6
64 281 3
64 966 10
64 133 2
64 92 2
64 75 10
64 72 9
65 436 8
65 344 9
65 311 6
65 940 5
65 118 4
65 103 8
65 453 5
66 342 2
66 152 2
67 361 2
68 354 4
68 584 8
69 222 6
70 334 4
70 328 1
70 620 6
70 537 8
71 89 9
72 668 5
72 493 3
72 452 2
72 431 7
72 257 4
72 798 9
72 75 1
72 491 5
73 397 1
73 278 2
73 232 6
73 759 6
73 555 1
73 148 3
74 351 4
74 440 2
74 297 7
74 251 10
74 195 10
74 123 7
75 309 1
75 204 8
75 159 10
75 526 5
75 102 5
76 489 2
76 173 3
77 506 1
77 145 10
77 98 9
77 93 2
78 953 3
79 299 3
79 230 6
79 154 6
79 95 1
79 681 2
80 879 1
81 408 1
81 175 4
81 461 5
82 364 8
82 333 2
82 931 1
82 420 9
82 124 5
82 914 4
82 912 2
83 721 2
83 134 4
84 617 2
85 420 2
85 455 10
85 319 10
85 885 8
85 240 8
85 568 7
85 167 5
85 515 7
85 722 10
86 261 6
86 259 8
86 111 7
87 270 1
87 415 9
88 481 5
89 646 5
89 161 3
90 103 4
91 855 6
91 375 7
91 331 1
91 218 7
91 443 1
91 604 3
92 244 8
92 204 5
92 169 7
93 664 10
93 207 8
93 707 5
93 141 8
94 382 1
94 206 5
94 829 2
95 841 2
95 241 7
97 605 1
97 119 6
97 915 9
97 802 7
98 235 7
99 129 6
101 649 4
101 560 6
102 580 2
102 309 9
102 913 8
104 652 10
104 964 6
104 810 10
104 411 1
104 774 6
104 226 3
104 116 5
105 647 10
105 189 1
105 822 10
106 675 7
108 110 10
109 839 10
109 289 6
109 271 9
109 682 8
109 170 5
113 780 4
115 769 4
115 510 6
118 311 9
119 569 4
121 286 8
121 241 5
121 807 2
121 151 2
122 394 4
122 317 2
122 529 7
122 515 8
122 167 8
123 781 3
123 485 10
123 573 9
123 166 4
124 336 9
124 313 7
124 247 2
124 202 5
124 160 8
124 999 4
126 237 3
128 352 3
128 251 10
128 195 3
128 706 3
128 425 7
129 393 7
129 338 10
129 267 6
129 135 9
130 381 3
131 686 4
131 624 8
131 274 10
131 255 7
131 220 10
131 472 10
131 172 5
131 854 1
131 550 6
131 932 5
131 519 7
131 936 7
131 730 1
132 699 6
132 496 5
132 198 8
132 951 9
133 343 2
134 982 1
134 921 1
135 399 8
135 467 1
135 836 6
135 634 2
135 816 7
135 136 10
135 566 9
135 499 4
135 773 5
136 338 1
136 718 7
136 894 4
137 497 8
137 439 1
137 736 2
138 372 5
139 703 10
139 372 2
139 618 4
139 356 3
139 320 6
139 834 6
139 185 8
139 147 5
141 316 5
141 428 4
142 572 1
142 577 6
142 371 1
142 606 8
142 627 9
143 209 10
144 352 3
144 190 5
144 425 9
144 564 2
145 357 7
146 793 8
147 323 3
147 260 9
147 893 10
148 397 1
148 280 3
148 275 6
148 199 4
148 693 10
149 369 2
149 806 3
149 738 9
149 293 4
149 214 1
149 641 8
149 701 3
149 676 10
150 820 7
150 198 9
151 807 2
151 241 3
151 414 5
151 540 3
152 395 2
153 674 1
153 705 3
153 177 10
153 590 1
153 872 5
153 421 9
155 417 9
155 714 10
156 208 6
158 386 4
158 757 9
159 341 6
159 257 2
159 239 8
160 336 2
164 800 10
164 510 10
166 190 3
166 578 10
167 515 8
168 380 2
168 206 8
168 692 9
168 541 5
169 204 5
170 390 3
170 289 6
170 765 4
171 223 3
171 215 10
172 624 1
172 586 6
172 813 10
172 255 4
172 212 4
173 489 5
175 403 4
175 712 4
176 229 10
177 671 7
177 761 7
177 477 4
177 227 2
178 418 3
179 880 9
179 354 10
179 625 3
179 778 2
180 181 5
182 320 8
182 618 8
183 660 2
183 812 5
184 559 3
184 480 5
184 968 3
185 927 2
185 372 6
185 764 5
186 218 7
186 685 8
186 608 3
187 398 3
187 902 4
187 487 4
187 598 8
187 794 6
187 808 10
187 936 1
188 458 9
188 735 9
189 292 7
190 352 1
190 578 2
191 736 5
191 439 2
194 906 9
198 873 9
198 582 4
198 820 6
201 571 6
201 466 1
202 912 4
202 247 8
204 658 6
205 767 1
205 918 8
205 643 1
206 382 2
206 716 1
206 829 1
206 692 6
206 698 10
206 959 3
207 869 3
208 814 5
208 228 8
210 354 9
210 584 7
211 527 2
211 991 1
212 686 9
212 971 2
212 255 8
214 741 8
214 806 6
215 462 9
218 443 4
218 300 3
218 656 9
218 535 7
218 935 8
221 499 1
221 284 2
221 792 3
224 319 9
226 864 3
227 556 6
227 595 3
227 459 1
227 761 5
227 858 2
227 740 5
228 611 8
228 286 8
228 866 3
228 243 1
228 405 8
230 304 9
231 762 3
232 296 2
233 315 10
234 606 9
234 751 7
236 998 5
236 486 7
236 867 10
237 301 6
238 409 4
238 878 2
239 843 8
239 257 5
240 838 9
240 568 2
240 536 5
241 763 6
242 719 5
242 629 10
243 540 5
245 391 1
246 402 6
247 444 4
247 345 8
247 313 8
249 819 6
249 739 8
249 473 1
250 302 6
250 835 10
252 287 8
252 460 10
255 321 9
255 306 5
257 341 5
258 521 4
258 407 2
261 603 3
261 886 9
263 834 7
264 716 4
264 698 2
266 579 1
266 948 9
266 677 3
266 804 8
267 773 5
267 816 2
270 317 10
270 529 7
271 484 4
272 325 9
273 770 5
273 421 9
273 872 9
274 550 5
274 633 1
276 620 10
278 693 9
281 843 9
281 966 1
282 815 1
282 285 4
284 782 3
288 329 8
291 438 6
291 832 9
291 424 10
291 607 3
291 464 3
294 817 4
297 380 6
297 449 3
298 491 7
298 746 3
298 848 5
298 591 10
299 975 4
299 561 4
300 930 3
300 422 9
301 470 9
303 552 1
305 644 9
306 624 5
307 542 7
308 462 5
309 526 4
309 724 5
310 668 7
310 954 8
311 622 6
311 831 5
313 378 10
314 824 10
314 666 1
315 945 1
315 406 4
316 559 3
316 947 5
319 838 7
319 885 9
320 985 5
321 586 6
323 553 6
323 786 8
324 388 9
324 454 8
324 508 4
327 494 10
327 941 6
327 429 6
327 433 1
328 507 3
330 899 5
331 635 7
333 420 9
334 748 3
338 447 5
340 379 6
340 790 8
345 378 10
345 657 3
348 884 9
349 749 7
349 482 5
351 818 3
352 528 8
352 642 4
352 597 8
352 583 3
353 792 6
354 962 7
357 593 5
357 888 2
360 919 10
360 452 4
360 431 5
362 689 3
364 944 3
364 900 1
365 844 2
365 826 7
365 581 3
369 418 7
370 748 10
371 587 6
371 577 5
372 764 5
374 851 8
374 666 2
375 651 6
376 526 4
376 724 4
377 981 1
377 496 3
380 449 6
384 979 10
384 802 2
384 868 8
389 726 6
392 474 5
395 423 7
396 700 1
397 759 7
399 950 2
403 678 6
406 727 1
406 446 7
410 470 4
412 517 7
415 455 1
415 538 4
416 492 5
417 806 1
419 428 2
419 968 7
419 559 6
419 947 3
420 426 5
421 870 4
424 505 7
425 706 8
427 448 10
429 503 7
432 990 1
433 494 10
434 754 6
438 464 8
438 565 6
443 656 6
443 604 6
444 753 5
444 562 2
448 983 1
454 508 9
458 780 10
459 766 1
460 662 6
460 970 5
463 653 4
467 566 8
467 894 5
468 971 3
468 472 2
468 730 7
469 552 9
469 828 5
469 609 10
469 957 3
473 631 7
473 909 2
475 682 6
477 740 5
477 858 5
477 684 7
478 570 1
480 968 10
491 746 3
495 890 3
495 587 1
495 696 5
495 850 8
500 608 3
500 685 1
501 799 4
503 941 6
505 600 8
508 688 2
508 907 6
514 612 2
516 781 7
523 847 5
526 825 1
527 574 6
530 628 5
530 779 1
537 636 3
538 708 2
541 563 3
542 547 1
546 888 8
549 790 8
550 633 1
554 865 1
554 556 3
560 993 6
562 753 5
564 768 2
569 797 2
572 637 6
575 636 5
576 862 2
576 733 4
577 890 9
580 789 9
581 972 2
583 642 3
585 621 10
588 986 8
591 848 7
596 702 6
606 751 7
614 914 5
615 862 9
615 733 1
615 913 7
619 974 8
630 784 6
630 717 4
635 651 9
637 892 1
644 720 9
652 810 8
660 812 4
666 851 6
668 954 8
668 946 1
671 705 7
674 870 1
677 808 1
680 929 4
684 740 9
686 785 6
686 937 8
697 905 6
699 917 9
701 714 7
710 883 2
712 949 6
715 772 1
717 784 2
717 744 7
724 825 10
725 732 1
725 827 3
728 734 3
732 827 6
738 987 2
739 924 6
740 858 1
754 833 8
760 889 5
765 938 1
769 998 2
770 870 3
771 994 10
785 937 7
786 893 7
794 902 7
800 943 7
804 948 7
816 836 8
822 847 1
843 966 5
844 852 10
850 890 5
889 955 1
891 905 1
896 925 9
902 932 6
