1000 1197
5 69 14 17 31 99 74 58 81 16 80 43 53 52 9 15 93 8 23 59 85 20 9 41 20 34 56 28 92 64 28 17 78 57 38 58 38 89 8 4 55 74 50 91 12 38 69 37 47 57 53 14 12 29 68 24 3 80 5 47 8 96 32 6 23 89 5 37 95 31 91 72 4 4 60 68 23 98 36 94 31 44 29 83 33 9 76 58 68 88 6 36 34 61 67 11 27 69 49 14 56 42 40 76 55 2 40 15 30 84 65 31 28 83 21 63 51 27 71 1 50 61 65 27 24 51 67 51 36 17 62 23 65 92 80 32 97 41 16 86 100 100 75 80 5 81 33 48 35 93 21 93 4 83 49 24 65 65 25 80 33 49 52 8 99 32 28 10 21 17 2 39 22 76 95 73 29 23 58 32 100 30 14 14 92 36 6 88 2 96 24 85 57 68 55 98 42 95 61 47 34 86 32 45 28 39 73 68 86 94 25 46 53 33 66 34 15 60 27 64 88 94 72 2 27 90 87 70 66 75 44 27 70 41 29 91 34 76 81 82 17 32 8 85 21 80 65 81 66 9 36 22 54 45 42 66 10 63 39 90 41 20 15 56 4 5 61 65 48 99 3 28 33 64 36 91 76 23 1 32 22 63 44 69 76 81 37 100 21 27 50 85 14 89 12 37 74 87 7 63 39 12 76 84 12 36 22 16 77 59 99 92 28 75 82 51 43 18 55 28 74 98 14 35 79 28 56 35 86 6 47 14 67 24 31 88 15 88 19 11 43 34 83 94 58 49 88 42 58 14 14 20 39 84 8 85 13 99 71 45 44 73 33 30 16 11 39 29 99 94 34 64 84 41 21 31 36 70 60 22 93 65 39 63 40 97 30 34 57 38 47 63 29 46 52 84 26 61 95 70 17 46 30 41 3 7 92 69 63 50 33 84 72 83 15 63 22 79 97 62 24 8 71 9 13 19 14 76 51 12 43 26 17 32 90 36 32 46 94 44 5 55 19 63 84 5 86 37 33 61 31 79 2 33 35 42 2 65 23 60 36 86 95 39 41 64 96 24 32 6 22 40 100 15 61 45 64 85 21 40 11 46 85 42 11 56 55 94 62 78 99 40 50 100 60 90 23 50 48 42 41 66 65 33 22 40 99 88 23 10 17 21 23 69 93 65 74 51 33 4 60 52 4 91 13 8 31 94 95 29 20 75 40 62 95 12 71 4 13 36 25 32 69 40 58 43 47 40 94 79 4 34 27 52 21 10 85 79 81 39 51 51 12 4 59 43 2 28 26 37 11 86 33 89 80 14 35 78 40 30 22 19 14 21 14 2 35 21 39 15 80 7 85 12 17 77 38 69 38 10 89 97 44 77 38 24 27 35 84 62 28 70 56 96 26 10 35 71 27 81 91 98 64 61 64 75 93 96 5 50 31 83 29 64 63 54 90 57 33 80 13 34 82 14 71 36 7 74 95 65 24 84 20 60 10 13 65 78 35 45 86 40 49 45 17 98 74 62 98 74 94 98 29 74 31 98 9 56 78 20 77 14 30 54 40 25 90 16 5 99 5 61 73 47 30 17 98 79 79 28 72 100 83 47 44 21 71 66 43 31 54 87 27 72 11 8 31 6 56 16 48 17 85 49 77 92 10 28 15 38 61 44 24 13 98 66 51 54 34 80 39 47 87 28 10 29 97 83 84 6 18 44 15 92 61 69 66 29 49 78 92 4 71 23 14 10 72 27 83 76 61 100 84 68 16 21 7 48 94 56 11 18 42 48 21 40 97 22 5 13 83 66 49 9 94 93 8 95 81 66 3 71 96 12 50 63 14 47 55 32 91 26 36 44 48 19 88 91 93 60 57 71 40 18 75 86 95 33 11 60 39 93 47 23 18 19 14 59 2 9 86 93 85 77 100 32 49 1 35 91 26 26 62 53 94 50 67 25 76 24 59 77 95 94 65 76 2 7 89 65 5 14 63 23 38 62 23 61 13 100 10 65 49 69 4 58 35 61 53 44 97 21 97 23 70 85 12 35 81 60 55 84 25 43 85 42 32 3 97 60 47 38 40 65 72 64 79 91 43 87 4 40 37 17 67 65 64 85 91 54 29 46 99 67 39 35 30 34 8 36 17 15 93 69 87 52 96 89 30 21 67 85 3 29 71 18 10 93 14 76 18 91 64 30 8 55 93 99 81 59 81 17 82 15 23 4 12 45 12 3 27 37 66 86 54 67 61 1 80 96 10 71 49 19 68 79 62 27 74 51
1 360 1
1 331 10
1 516 7
1 609 4
1 853 6
1 209 7
1 207 7
1 941 3
1 572 4
1 135 7
1 125 8
1 879 7
1 94 5
1 84 8
1 430 4
1 33 3
1 9 9
1 8 7
1 2 6
2 911 6
2 272 10
2 271 10
2 231 6
2 214 9
2 196 1
2 194 3
2 191 4
2 801 8
2 862 5
2 80 2
2 71 1
2 606 5
2 5 2
2 3 2
3 376 5
3 368 9
3 355 3
3 332 3
3 679 6
3 649 5
3 663 3
3 228 6
3 847 1
3 223 8
3 482 8
3 974 5
3 745 6
3 439 7
3 134 5
3 133 3
3 953 6
3 124 7
3 104 8
3 452 5
3 75 8
3 69 9
3 55 1
3 988 4
3 34 4
3 25 8
3 7 5
3 5 4
3 4 9
4 825 10
4 390 4
4 378 7
4 908 4
4 525 9
4 573 2
4 331 1
4 330 2
4 682 5
4 569 9
4 513 2
4 311 3
4 879 10
4 624 9
4 509 3
4 290 1
4 259 3
4 470 8
4 229 4
4 224 1
4 219 7
4 199 1
4 778 2
4 193 5
4 190 3
4 622 4
4 550 2
4 957 4
4 126 7
4 115 7
4 570 4
4 90 2
4 88 5
4 84 7
4 77 5
4 50 4
4 49 1
4 42 2
4 33 2
4 23 9
4 21 9
4 14 6
4 11 9
4 5 8
4 702 9
5 348 10
5 80 2
5 60 7
5 29 8
5 25 7
6 882 2
6 427 2
6 314 2
6 313 10
6 312 3
6 413 8
6 285 4
6 284 9
6 986 10
6 256 9
6 227 9
6 225 6
6 624 10
6 852 4
6 841 9
6 179 9
6 166 8
6 443 1
6 795 8
6 153 3
6 149 7
6 572 1
6 106 2
6 663 8
6 41 1
6 35 7
6 31 4
6 18 3
6 16 7
6 14 3
6 8 1
7 254 7
7 195 5
7 188 1
7 145 2
7 118 4
7 100 1
7 85 10
7 76 1
7 27 2
7 22 6
7 733 8
8 609 2
8 941 1
8 421 3
8 225 1
8 680 5
8 140 7
8 856 9
8 66 1
8 61 8
8 16 5
8 13 7
9 249 1
9 245 7
9 210 10
9 150 9
9 816 6
9 105 9
9 833 3
9 56 5
9 49 10
9 45 4
9 567 7
9 710 10
9 11 9
10 868 5
10 266 7
10 250 8
10 157 7
10 143 7
10 139 9
10 856 10
10 909 2
10 63 2
10 37 6
10 31 9
10 882 8
10 12 9
10 508 3
11 462 4
11 81 7
11 42 2
12 406 9
12 339 4
12 764 3
12 320 6
12 266 2
12 265 8
12 236 1
12 232 10
12 206 4
12 205 7
12 200 1
12 173 3
12 158 8
12 144 10
12 130 5
12 122 10
12 121 10
12 79 3
12 429 5
12 47 10
12 545 9
12 39 2
12 28 6
12 20 10
12 17 3
12 700 2
13 967 10
13 382 3
13 510 6
13 936 10
13 822 4
13 665 3
13 285 2
13 740 4
13 565 8
13 202 6
13 419 8
13 177 7
13 151 8
13 411 6
13 122 1
13 944 10
13 97 3
13 83 3
13 410 9
13 758 4
13 41 9
13 39 4
13 17 5
14 370 10
14 366 8
14 288 6
14 277 4
14 275 5
14 682 6
14 115 1
14 68 2
14 40 5
14 577 7
14 27 2
14 21 3
15 306 1
15 296 8
15 520 10
15 443 6
15 545 8
15 44 5
16 822 7
16 225 2
16 946 9
16 760 4
16 19 1
16 18 5
17 641 9
17 356 10
17 527 8
17 257 1
17 227 3
17 144 5
17 129 4
17 762 7
17 119 8
17 87 7
17 755 10
17 612 10
17 47 8
17 469 3
18 247 10
18 43 7
19 792 4
19 169 10
19 73 5
19 46 8
19 915 3
20 93 8
20 83 9
21 631 10
21 259 4
21 706 4
21 137 4
21 981 3
21 131 3
21 77 4
21 532 10
21 27 4
22 362 1
22 286 7
22 870 7
22 483 9
22 805 5
22 215 9
22 114 1
23 351 6
23 773 3
23 125 7
23 615 2
23 920 8
23 45 4
23 26 9
24 785 3
24 485 9
24 140 8
24 96 10
24 56 6
25 390 10
25 389 7
25 323 1
25 239 4
25 737 5
25 838 6
25 60 8
25 29 6
26 716 5
26 209 2
27 999 7
27 617 5
27 484 10
27 277 3
27 273 5
27 575 2
27 188 8
27 732 10
27 100 6
27 65 9
27 36 8
27 601 3
27 532 5
27 667 8
28 398 2
28 391 9
28 303 5
28 753 5
28 488 4
28 477 9
28 665 6
28 93 8
28 668 4
28 797 4
29 389 6
29 239 1
29 829 7
29 60 3
30 808 4
33 942 7
33 603 9
33 101 4
33 71 3
33 708 9
34 365 7
34 347 6
34 161 1
34 120 1
34 728 10
34 812 8
35 795 5
35 115 6
35 90 9
36 396 4
36 727 7
36 650 6
36 273 8
36 65 1
36 692 5
36 40 2
37 444 3
37 481 3
37 486 2
37 235 3
37 155 3
37 139 10
37 529 1
37 537 6
37 63 6
37 44 6
37 507 3
37 530 9
38 448 1
38 368 8
38 475 2
38 215 4
38 69 2
39 374 6
39 363 5
39 665 2
39 269 7
39 595 1
39 177 7
39 605 8
39 86 10
40 383 7
41 282 4
41 72 5
42 653 10
42 416 6
42 880 5
42 581 3
42 163 6
42 156 8
42 152 10
42 123 8
42 102 8
42 677 7
42 88 8
43 381 5
43 315 2
43 740 8
43 478 2
45 341 1
45 289 3
45 107 5
45 58 7
46 936 5
46 840 10
46 453 10
47 771 3
47 337 8
47 612 5
47 200 9
47 628 7
47 87 5
47 505 8
47 48 5
47 411 8
47 518 8
48 960 5
48 342 4
48 260 7
48 641 10
48 119 10
48 87 5
49 307 4
49 102 5
49 51 2
50 816 2
50 640 5
50 111 8
50 833 1
50 806 4
51 416 2
51 109 4
52 394 8
52 496 4
52 114 5
54 997 6
54 447 2
54 153 1
54 596 4
55 376 4
55 413 6
55 866 8
55 168 10
55 135 7
55 106 7
58 351 7
58 519 6
58 125 7
59 489 7
59 322 1
59 192 8
59 548 5
61 83 6
61 66 2
62 375 1
62 861 4
62 472 2
62 955 4
62 283 4
62 687 3
62 850 4
62 222 2
62 187 2
62 165 5
62 127 1
62 1000 8
62 883 4
62 104 10
62 918 2
62 75 2
62 436 8
63 333 7
63 235 10
63 767 6
63 909 10
63 407 1
63 157 5
63 491 4
64 217 5
64 186 9
65 396 8
65 667 7
65 274 3
65 273 10
65 952 4
65 690 6
66 834 4
66 659 6
66 944 7
66 110 9
66 414 4
67 384 2
67 333 1
67 317 8
67 232 9
67 206 9
67 660 5
67 128 2
67 79 9
68 334 8
68 142 9
68 591 9
69 387 1
69 783 2
69 626 3
69 134 9
69 85 4
69 645 10
70 815 9
70 190 5
71 357 1
71 191 1
72 527 8
73 315 7
73 915 3
73 890 1
73 169 1
73 465 7
74 468 6
74 432 6
74 770 2
74 171 7
75 365 7
75 353 10
75 819 7
75 585 8
76 319 8
76 234 1
76 765 8
77 334 5
77 305 1
77 438 6
77 504 3
77 199 9
79 767 7
79 262 9
79 236 8
79 128 8
81 147 7
84 379 1
84 146 6
84 610 2
85 736 3
85 175 6
85 779 5
86 363 1
86 836 5
87 129 6
87 119 5
87 990 9
88 255 8
88 109 10
89 373 7
89 581 4
89 620 9
90 256 10
90 193 10
91 439 5
91 728 3
92 532 8
92 781 8
92 706 4
93 218 4
94 433 4
94 331 1
94 625 1
94 611 4
94 807 10
94 426 3
95 486 2
95 635 6
95 235 4
96 386 4
99 364 9
99 318 10
99 474 4
99 814 4
99 174 6
99 117 8
99 446 10
99 754 4
100 727 3
100 484 9
101 467 5
101 947 3
101 190 5
102 820 4
102 371 1
102 245 2
102 176 5
103 499 1
103 204 5
103 896 7
103 991 1
104 211 10
104 827 6
105 851 8
106 251 8
106 559 4
106 621 10
106 168 8
107 877 8
107 308 6
107 289 3
108 322 3
108 180 4
109 349 1
109 931 4
109 525 3
110 659 7
110 141 3
111 328 3
111 292 6
112 403 3
113 836 9
114 385 4
114 278 2
116 345 7
116 715 10
117 906 1
118 617 3
120 365 4
120 687 3
120 561 4
120 165 4
120 658 6
120 127 9
121 688 1
121 327 7
121 417 3
121 233 10
121 144 2
121 584 10
124 392 3
124 362 6
124 314 9
124 286 7
124 893 7
125 360 6
125 731 3
125 424 2
125 881 5
125 970 4
125 998 9
125 207 3
125 516 7
125 776 4
126 252 8
126 502 8
126 149 1
126 782 7
127 353 10
127 350 5
127 902 6
127 263 3
127 744 3
129 990 2
130 197 3
130 491 10
131 334 6
132 343 5
132 279 3
132 878 10
134 368 1
135 293 2
135 168 10
137 981 8
138 847 4
138 974 3
139 276 5
140 996 10
142 311 8
142 434 2
142 709 8
143 529 8
143 164 9
143 155 4
143 664 7
144 643 8
144 233 4
144 584 5
146 379 4
146 335 2
146 720 8
146 568 10
147 676 9
148 521 5
148 218 3
149 256 6
149 237 4
149 515 5
149 502 7
150 710 1
150 210 9
151 410 2
151 247 4
151 796 10
153 830 5
153 799 4
153 997 7
153 447 6
154 685 7
154 213 2
154 490 9
155 393 7
155 932 8
155 221 4
155 695 8
155 164 5
155 858 1
155 618 5
155 481 10
156 677 8
156 172 8
156 886 3
157 909 1
157 534 7
158 321 6
158 703 10
158 243 9
158 203 6
158 202 8
158 177 6
158 419 5
158 750 10
159 442 8
160 167 5
161 726 8
161 471 5
162 876 8
162 865 7
163 886 8
164 632 2
165 187 1
165 561 7
167 464 3
167 305 6
167 674 3
167 189 2
168 251 3
169 980 7
169 465 3
169 540 10
170 449 2
170 376 3
171 457 7
171 940 3
171 294 9
171 271 2
171 191 1
171 707 10
171 823 8
171 432 4
173 705 3
173 673 1
173 429 7
174 250 1
175 783 9
175 240 1
175 626 9
175 649 4
176 820 2
176 307 8
176 238 10
177 269 2
177 595 7
177 445 2
177 510 10
177 905 9
178 243 9
178 500 3
182 568 1
183 548 8
183 831 10
183 739 3
184 374 1
184 269 2
185 352 10
186 984 5
186 889 10
187 361 7
187 691 2
187 658 9
188 241 9
189 199 5
189 925 1
190 451 1
190 547 4
191 214 10
191 862 7
191 564 7
191 763 7
192 831 10
196 494 5
199 504 9
201 264 5
201 865 7
203 344 1
204 860 5
205 320 6
205 218 8
206 623 10
208 401 2
208 388 3
208 464 7
208 305 3
208 476 3
209 608 9
209 875 6
210 710 7
211 302 7
211 283 7
211 580 9
211 423 10
212 323 4
214 763 2
216 850 4
218 287 2
220 683 5
221 393 3
221 460 1
221 948 6
221 444 5
221 632 3
221 695 10
222 585 4
223 961 8
224 378 8
224 579 3
224 737 8
224 696 4
224 281 4
224 793 6
226 733 5
226 511 9
227 284 5
228 329 1
228 494 10
229 295 4
229 441 1
230 342 9
230 789 5
231 638 4
231 655 10
232 369 5
232 660 7
232 317 4
233 469 7
233 327 8
235 923 10
235 828 2
236 492 9
236 701 8
236 554 6
237 515 6
238 630 1
239 966 10
239 748 4
239 541 4
242 750 7
244 363 7
245 553 3
246 522 1
246 248 10
246 861 4
246 459 1
246 955 9
247 904 1
247 796 5
248 326 7
248 633 7
249 279 2
250 604 6
250 306 8
251 897 2
251 873 8
252 515 3
252 576 3
252 730 10
254 843 6
255 373 9
257 641 7
257 586 10
261 971 1
261 448 7
261 735 1
262 369 7
262 560 7
263 350 2
265 303 5
265 437 7
266 268 7
266 523 6
266 798 6
268 523 6
269 652 1
270 309 7
270 707 8
271 340 10
272 911 4
274 952 4
276 681 3
276 592 2
277 648 5
278 394 4
278 385 10
280 971 7
282 661 1
284 986 10
286 362 4
286 841 5
286 458 6
291 702 6
292 328 4
292 835 5
294 564 8
297 316 9
297 495 5
299 401 1
299 968 6
300 650 10
303 668 9
303 979 1
304 868 2
306 604 2
307 820 9
310 723 5
311 573 2
314 598 9
314 724 1
314 893 7
316 914 6
320 913 5
322 325 10
322 588 7
324 448 5
326 397 9
327 418 9
328 550 1
329 452 8
330 347 5
331 891 5
331 670 8
333 384 9
333 336 2
333 407 1
333 454 1
334 872 2
337 612 6
339 403 7
342 789 8
343 345 5
343 686 8
345 878 10
346 657 10
349 931 6
351 742 7
354 738 9
356 811 8
359 520 5
359 933 9
359 752 10
360 377 9
361 436 8
361 408 5
362 956 7
363 646 6
364 442 4
364 539 9
366 887 6
367 886 2
369 738 6
369 560 5
372 527 9
372 780 3
373 581 2
374 498 3
374 412 8
375 580 7
378 696 3
379 463 5
381 921 3
381 627 7
383 543 10
384 407 2
384 454 7
387 583 4
388 401 9
388 994 6
388 937 9
388 741 9
389 422 1
390 959 4
393 858 10
393 444 7
394 506 2
394 912 1
394 747 3
396 751 4
396 538 9
396 692 5
397 522 2
397 405 4
405 633 10
408 689 5
408 871 1
408 555 6
409 425 10
409 874 10
411 839 9
411 518 3
413 621 7
414 636 5
424 647 7
427 508 5
428 810 7
428 907 4
431 535 2
431 437 2
431 979 4
432 468 7
432 823 3
435 749 7
435 906 3
435 614 5
436 871 9
437 722 3
439 728 9
442 766 4
444 948 3
444 460 2
444 530 4
445 595 8
447 613 9
449 558 6
451 985 9
451 467 5
454 629 3
456 634 5
456 533 10
458 963 5
458 841 2
460 948 7
461 656 4
462 653 9
463 610 4
465 915 6
466 790 7
466 770 10
466 468 4
468 790 2
469 675 5
471 838 6
472 849 1
474 754 9
481 932 10
482 819 1
486 635 9
486 761 6
486 698 5
488 836 9
488 551 3
490 505 6
490 651 3
490 672 3
493 870 1
495 914 1
496 594 1
496 799 1
497 596 6
497 922 6
497 613 8
503 976 9
505 651 4
507 592 9
508 882 7
515 730 1
518 718 6
520 752 6
526 592 1
527 939 1
528 694 5
528 565 3
529 544 1
529 619 9
530 644 6
532 575 9
534 764 6
540 921 5
543 857 9
546 917 8
554 900 7
558 663 2
558 973 1
559 929 5
564 928 1
569 725 7
569 610 5
573 682 8
574 743 1
577 768 3
579 793 10
579 587 6
579 637 5
584 688 7
587 637 9
591 712 7
592 681 2
594 799 3
598 724 7
599 994 4
599 937 1
601 631 5
607 809 6
607 631 2
607 788 7
609 772 10
610 725 3
616 899 4
617 999 3
618 858 6
626 783 1
633 978 7
635 965 7
641 977 2
643 950 5
643 688 2
654 743 6
655 745 6
658 691 4
666 786 10
668 753 8
670 891 7
673 705 2
676 958 4
679 988 4
680 785 1
683 949 1
686 878 8
695 746 4
698 761 7
714 759 4
714 918 8
716 825 5
717 736 6
717 779 5
718 839 9
719 888 8
720 787 7
745 784 7
749 814 3
753 934 2
764 993 10
772 856 8
785 972 6
787 867 2
792 840 10
802 888 5
803 829 6
804 842 8
816 833 3
826 954 1
828 923 2
834 967 6
834 944 10
841 963 4
842 844 9
846 965 9
849 863 4
857 964 2
860 896 7
871 962 5
911 940 3
