1000 1197
5 70 62 77 42 18 12 7 32 2 9 50 88 28 1 34 65 79 7 62 38 34 16 94 39 7 28 90 43 99 52 64 98 95 71 18 4 100 3 57 51 24 87 76 17 98 92 69 66 61 49 84 50 46 29 77 92 11 68 2 13 64 53 82 12 39 65 67 2 51 66 29 20 81 11 61 36 97 62 70 86 90 99 19 4 78 99 26 58 92 20 35 25 64 35 6 66 35 72 46 94 35 64 74 45 54 85 52 89 31 8 44 45 55 99 30 55 45 10 22 94 85 23 61 45 18 92 94 22 99 50 65 70 62 33 9 16 24 40 73 75 56 77 89 97 25 82 52 33 68 99 22 85 80 25 14 76 12 46 71 46 81 45 39 74 37 49 11 87 32 60 57 21 31 49 49 57 70 54 6 73 99 13 51 28 62 8 80 92 74 17 44 62 57 58 75 55 27 78 44 20 38 34 97 37 43 5 84 36 94 62 77 35 72 53 78 45 97 53 92 72 34 68 84 51 9 19 73 98 34 9 61 47 90 89 21 18 96 45 63 91 41 34 49 84 3 41 80 90 18 54 54 22 93 92 60 13 62 40 90 10 91 79 78 80 26 18 85 4 74 51 55 59 4 51 13 37 15 35 66 67 65 31 5 65 12 31 60 62 74 18 3 44 22 100 93 86 81 6 48 94 66 22 97 80 84 50 9 14 39 28 81 89 82 32 6 45 53 22 58 21 3 17 22 72 55 89 8 39 96 47 11 11 81 75 87 14 38 65 82 46 46 70 36 12 11 100 29 20 59 61 24 44 80 89 90 63 53 78 64 89 67 48 64 84 51 66 3 16 54 97 78 69 97 20 73 7 21 75 19 17 65 70 46 36 90 60 12 54 40 15 94 64 9 81 48 71 98 75 11 72 50 52 12 52 86 28 91 70 84 86 73 96 94 24 37 71 82 8 18 49 19 73 48 16 13 43 62 95 13 36 61 51 21 73 41 4 37 76 40 70 85 92 85 28 66 20 75 26 94 76 24 56 81 12 13 58 49 5 47 10 28 60 78 49 97 38 64 67 27 3 80 58 57 11 25 8 11 91 59 99 19 50 63 48 15 11 33 5 39 92 48 91 53 23 3 2 100 5 57 53 46 59 69 55 91 16 68 27 100 70 20 12 69 66 70 38 28 99 14 63 77 55 49 53 59 82 100 87 14 93 52 68 73 11 9 51 39 9 58 26 9 95 27 53 1 80 3 29 50 60 48 90 3 16 19 28 95 12 80 84 58 85 14 90 21 38 64 7 59 13 9 22 56 38 68 87 52 85 13 6 10 16 7 100 79 54 52 27 40 100 70 13 32 1 77 84 53 10 62 63 45 78 60 14 68 84 79 44 52 14 79 49 85 25 36 94 10 7 40 34 4 13 47 29 89 3 28 2 75 3 80 6 15 59 13 13 1 69 25 78 65 60 96 2 100 88 31 21 29 68 43 94 22 18 78 16 6 85 33 37 41 66 61 3 74 39 11 15 61 39 61 83 61 18 66 16 89 61 25 50 100 18 84 8 14 92 66 85 2 3 8 27 48 86 9 85 74 44 12 75 55 98 58 20 6 63 30 77 23 27 78 60 35 90 69 70 52 35 67 51 55 10 82 38 58 27 8 98 45 41 87 49 73 90 44 63 95 19 12 31 48 96 43 84 42 9 26 3 22 4 71 30 46 82 51 60 36 96 73 58 62 63 4 23 41 63 45 90 55 15 54 99 62 30 97 100 69 11 99 81 12 40 27 96 64 10 98 81 68 91 41 28 69 4 27 50 33 9 97 63 56 3 22 87 83 77 49 31 60 65 11 91 27 25 86 45 32 86 67 73 5 72 76 2 34 68 77 4 96 9 81 77 5 18 8 29 97 99 9 26 84 64 45 44 58 83 32 89 19 43 1 70 33 56 81 91 39 71 24 21 21 80 32 15 92 71 24 28 99 26 35 92 95 70 62 41 15 73 68 49 11 56 95 58 46 2 82 33 78 93 27 25 18 60 22 3 15 85 4 59 15 44 53 64 78 74 51 21 95 55 42 91 93 14 5 8 34 12 56 42 66 85 89 9 15 51 86 1 49 11 80 44 68 91 84 100 12 4 13 72 45 61 42 59 19 42 94 82 6 14 94 82 53 90 91 86 85 29 2 63 34 29 55 65 27 2 53 46 7 3 77 67 9 97 89 30 59 89 55 13 41 72 62 70 80 7 80 33 35 64 77 20 36 24 32 89 100 85 30
1 636 1
1 861 7
1 539 8
1 621 8
1 339 5
1 504 10
1 649 5
1 287 6
1 507 9
1 274 6
1 235 1
1 216 3
1 211 5
1 735 2
1 208 10
1 190 5
1 411 10
1 552 3
1 838 2
1 140 8
1 542 2
1 103 7
1 867 1
1 79 9
1 78 9
1 69 4
1 64 6
1 408 6
1 590 7
1 36 3
1 31 10
1 29 6
1 948 1
1 18 8
1 15 10
1 4 2
2 527 5
2 972 5
2 855 2
2 267 8
2 932 2
2 505 1
2 240 8
2 234 7
2 229 7
2 805 4
2 218 2
2 200 5
2 479 1
2 179 2
2 121 9
2 111 6
2 872 6
2 907 9
2 87 8
2 81 9
2 74 2
2 52 2
2 36 5
2 7 8
2 4 4
3 711 6
3 686 1
3 393 5
3 390 4
3 385 7
3 421 6
3 384 10
3 455 2
3 361 4
3 854 6
3 943 4
3 344 3
3 712 7
3 311 8
3 301 5
3 295 3
3 407 6
3 682 2
3 490 1
3 859 4
3 831 5
3 164 2
3 161 8
3 146 5
3 144 8
3 131 6
3 673 5
3 96 1
3 66 3
3 47 8
3 45 6
3 44 1
3 39 7
3 27 10
3 463 5
3 4 1
4 372 4
4 763 1
4 365 6
4 670 3
4 810 6
4 420 6
4 589 7
4 179 9
4 167 2
4 778 5
4 141 10
4 118 7
4 116 7
4 467 1
4 476 7
4 71 10
4 32 2
4 12 6
4 9 1
4 7 6
4 5 6
5 600 2
5 380 5
5 367 7
5 366 6
5 330 10
5 299 7
5 264 8
5 414 1
5 511 3
5 251 7
5 227 9
5 209 7
5 207 1
5 188 4
5 175 4
5 562 2
5 137 7
5 919 4
5 123 1
5 94 4
5 88 1
5 538 4
5 619 1
6 633 6
6 587 4
6 317 10
6 472 9
6 702 9
6 261 1
6 243 4
6 236 5
6 213 6
6 205 2
6 550 5
6 160 9
6 159 10
6 151 5
6 750 10
6 105 1
6 55 1
6 17 5
6 487 1
6 10 5
6 9 9
6 953 6
7 351 2
7 337 4
7 806 1
7 180 8
7 140 6
7 129 7
7 87 8
7 457 6
7 57 10
8 438 1
8 785 5
8 351 7
8 813 10
8 336 3
8 660 8
8 313 9
8 475 7
8 560 7
8 291 8
8 242 1
8 241 6
8 493 5
8 136 3
8 132 4
8 518 6
8 121 2
8 944 1
8 911 10
8 93 3
8 90 6
8 76 9
8 75 6
8 42 5
8 505 4
8 745 6
8 24 9
8 22 6
8 20 2
8 11 1
9 381 9
9 629 10
9 342 5
9 535 6
9 283 7
9 937 2
9 102 1
9 445 9
9 50 1
9 45 9
10 393 9
10 567 7
10 222 3
10 151 7
10 595 9
10 66 3
10 603 7
10 687 2
10 23 7
10 16 4
11 262 6
11 675 8
11 255 1
11 232 2
11 228 9
11 573 10
11 132 9
11 93 4
11 79 1
11 437 9
11 13 3
12 742 10
12 325 8
12 828 9
12 294 7
12 211 6
12 208 7
12 167 2
12 120 1
12 63 10
12 618 4
12 767 1
13 399 5
13 359 3
13 964 1
13 739 8
13 289 8
13 268 3
13 267 10
13 265 2
13 832 7
13 770 2
13 229 10
13 561 3
13 594 6
13 98 8
13 468 10
13 75 9
13 72 10
13 65 6
13 834 10
13 22 4
13 510 1
14 356 3
14 698 1
14 283 2
14 245 5
14 217 6
14 189 3
14 777 7
14 105 10
14 541 2
14 50 5
14 908 2
14 44 9
14 39 9
15 235 3
15 439 10
15 146 6
15 88 1
16 250 3
16 249 4
16 246 8
16 233 7
16 564 5
16 161 1
16 156 1
16 150 8
16 77 9
17 489 3
17 758 1
17 150 8
17 447 1
17 587 2
17 784 5
17 59 2
17 51 8
17 38 4
18 263 4
18 674 8
18 715 4
18 498 10
18 190 5
18 617 9
18 851 6
18 84 4
18 20 7
19 370 3
19 797 3
19 646 3
19 118 8
19 987 1
19 53 1
19 21 5
20 387 6
20 887 10
20 674 10
20 676 10
20 519 4
20 203 3
20 724 4
20 462 10
20 110 10
20 95 2
20 68 5
20 31 9
20 715 7
21 389 7
21 370 6
21 346 8
21 937 1
21 634 1
21 747 5
22 399 7
22 397 7
22 834 9
22 305 9
22 912 10
22 273 9
22 266 2
22 237 4
22 234 6
22 480 2
22 85 2
22 945 6
22 973 2
22 43 3
22 845 2
23 47 3
24 309 9
24 263 8
24 228 7
24 675 5
24 875 2
24 56 7
25 612 1
25 333 6
25 230 10
25 979 3
25 506 5
25 84 4
25 685 7
26 197 9
26 620 4
26 109 6
26 108 6
26 64 7
26 37 6
27 562 6
27 259 8
27 486 4
27 137 8
27 123 8
27 414 7
27 32 5
27 431 2
28 400 10
28 298 3
28 692 10
28 206 2
28 938 3
28 443 6
28 497 7
28 142 8
28 891 3
28 29 1
29 456 8
29 328 2
29 525 4
29 760 1
29 814 10
29 574 3
29 181 2
29 162 9
29 142 3
29 62 3
30 311 7
30 301 2
30 688 5
30 960 8
31 621 3
31 296 1
31 723 8
31 429 9
31 821 4
31 986 5
32 503 1
32 141 7
32 835 4
32 99 1
32 48 2
32 571 2
33 646 2
33 280 7
33 659 8
33 231 7
33 53 7
33 40 9
34 998 10
34 214 10
34 569 8
35 642 9
35 273 6
35 924 7
35 973 10
35 90 1
35 46 5
35 42 3
35 660 4
36 795 2
36 125 5
36 69 7
37 760 9
37 890 7
38 383 10
38 583 5
38 258 9
38 226 2
38 215 4
38 201 6
38 868 10
38 580 6
38 143 2
38 82 7
38 51 1
38 889 10
39 410 9
39 860 6
39 647 10
39 269 5
39 488 7
39 403 8
39 144 3
39 126 2
39 61 5
39 50 4
39 777 3
40 370 6
40 634 3
40 465 2
41 391 10
41 387 4
41 322 5
41 844 6
41 498 10
41 695 3
41 122 1
41 626 8
41 887 1
42 995 9
42 697 3
42 46 7
43 364 10
43 147 7
43 425 5
43 690 8
43 98 8
43 940 4
43 530 4
43 932 10
43 422 9
43 440 3
44 647 7
44 736 3
44 295 6
44 49 6
45 390 3
45 381 7
45 797 10
45 154 10
46 658 10
46 697 3
46 241 8
46 518 9
46 76 5
47 459 3
47 898 9
48 776 8
48 798 1
48 332 2
48 764 5
48 104 4
49 373 7
49 645 6
49 86 10
50 126 7
50 749 3
51 588 5
51 275 7
51 210 7
51 172 6
51 58 9
51 55 10
51 974 4
52 480 4
52 475 6
52 136 3
52 772 6
52 438 2
54 495 6
54 211 6
54 929 3
54 168 5
54 117 10
54 106 6
55 321 6
55 758 8
55 956 5
56 529 6
56 228 9
56 93 6
56 573 9
57 576 4
57 539 9
57 176 9
57 948 3
58 285 5
58 210 8
58 696 9
60 905 3
60 571 2
60 589 10
60 786 5
61 791 5
61 374 6
61 578 9
61 740 4
61 417 1
61 403 8
61 101 6
61 80 1
62 540 6
62 436 1
62 114 3
63 978 10
63 460 8
63 619 1
63 187 4
63 178 10
63 175 2
63 168 7
63 643 7
63 934 1
63 499 7
65 469 5
65 305 3
65 999 4
65 279 2
65 510 7
65 199 10
65 185 10
65 770 8
65 425 2
66 361 8
67 387 3
67 498 4
67 715 8
67 722 9
68 536 1
69 689 6
69 794 2
70 303 4
70 208 5
70 552 7
71 502 9
71 332 5
71 771 3
71 302 1
71 491 1
71 701 2
71 115 4
71 764 7
71 99 6
71 803 3
72 289 7
72 402 6
72 163 3
72 132 5
72 437 4
73 771 3
73 503 4
74 308 7
74 843 3
74 229 7
74 656 10
76 241 1
77 705 7
77 341 8
77 338 2
77 183 10
77 177 10
77 894 5
77 150 1
77 97 1
78 581 6
79 545 1
79 350 4
79 247 6
80 101 7
81 377 8
81 351 1
81 87 2
82 215 2
82 889 8
83 343 8
83 277 10
83 496 7
83 679 10
83 176 7
83 717 1
83 450 8
84 152 2
86 424 10
86 698 1
86 541 9
87 377 5
87 855 2
87 479 10
87 129 7
88 411 7
89 963 4
89 141 6
90 642 9
90 336 8
92 685 1
92 458 1
94 538 9
94 486 10
94 678 3
94 137 9
94 904 10
95 319 1
95 197 10
95 108 1
95 982 5
95 596 5
96 393 8
97 338 9
97 306 6
97 270 2
97 246 8
97 124 7
97 996 2
98 360 7
98 530 2
99 680 10
99 812 10
99 701 8
99 204 10
99 115 7
99 113 6
100 406 10
100 286 2
100 894 3
100 270 1
100 252 1
100 901 7
100 177 4
100 156 2
100 639 1
100 572 8
100 946 5
101 363 10
101 712 9
101 994 2
101 133 1
101 130 7
101 611 4
102 290 9
103 531 1
104 174 6
105 164 2
105 775 2
106 325 10
106 523 6
106 171 5
106 482 5
106 128 5
108 335 6
109 328 1
109 525 6
111 234 9
111 607 5
112 497 6
112 569 3
115 895 3
115 204 9
116 365 7
116 303 8
116 294 8
116 970 6
116 483 7
119 360 5
119 308 5
119 244 4
119 656 1
120 842 1
120 482 1
122 322 1
122 276 2
123 886 5
123 253 6
123 570 2
123 511 5
123 866 9
125 507 7
125 568 7
125 714 7
125 951 8
125 545 3
126 223 10
127 235 8
127 146 1
128 340 7
128 460 7
128 608 10
128 171 3
128 523 2
129 457 7
129 430 8
130 725 5
130 994 10
131 373 7
131 345 9
131 170 4
133 611 5
133 991 5
133 1000 4
133 474 7
134 165 8
134 980 2
135 311 4
137 284 4
137 969 9
137 188 2
137 414 10
139 886 4
141 963 6
142 436 5
142 732 9
142 220 1
142 206 9
143 942 1
143 275 5
143 258 5
143 696 6
143 909 8
144 488 1
144 157 3
144 622 9
145 985 8
148 902 5
148 676 9
149 364 5
149 454 8
150 219 6
151 603 5
151 297 8
151 836 2
151 200 3
151 198 10
153 615 7
153 166 8
154 797 10
155 357 8
156 341 3
156 233 7
156 177 4
157 410 6
158 347 9
158 282 9
158 238 5
158 199 3
158 191 4
159 300 2
160 205 7
161 606 3
162 456 7
163 262 5
164 801 10
164 449 2
165 298 5
165 980 2
167 767 7
168 418 6
168 175 1
168 551 8
168 600 9
169 549 6
169 806 6
170 661 10
170 349 6
170 293 10
170 292 9
171 809 10
173 617 9
174 900 10
174 667 4
175 754 5
175 848 9
175 619 8
177 386 9
177 508 6
180 961 8
181 620 3
182 341 6
183 338 2
183 996 4
185 413 9
185 516 4
185 266 1
185 971 2
185 756 3
185 824 5
186 837 3
186 686 7
187 320 4
187 643 6
188 628 6
188 969 10
188 494 9
189 449 8
190 543 10
190 224 5
190 941 8
192 343 7
192 434 4
193 441 6
195 276 7
196 653 3
196 334 4
197 319 4
197 982 7
197 415 3
198 603 6
198 200 2
199 376 6
199 347 8
199 238 9
199 593 2
202 401 2
202 417 3
202 566 3
202 677 7
203 957 5
204 601 8
204 433 5
204 897 2
205 702 10
205 633 1
206 461 2
208 408 6
209 366 8
210 317 10
211 323 2
211 935 10
211 521 1
211 636 5
211 592 10
212 506 3
212 230 4
212 581 6
213 321 3
213 587 5
216 861 7
216 224 1
218 240 3
220 443 1
220 436 9
220 654 10
220 464 4
221 645 6
222 606 4
225 787 5
226 243 6
227 330 7
227 873 5
229 832 2
230 773 5
232 263 4
232 984 4
233 650 2
233 272 7
234 260 9
234 907 1
236 757 5
236 324 2
238 347 3
238 862 8
241 658 9
241 518 10
242 255 1
242 774 5
242 820 4
242 950 4
245 801 9
246 903 1
246 989 10
247 419 5
247 501 1
249 288 4
249 819 7
252 406 9
252 650 5
252 272 4
252 865 1
255 950 8
257 473 9
258 799 1
258 888 8
258 585 1
258 580 3
258 789 7
261 906 3
261 757 9
263 331 3
263 984 3
266 305 5
266 279 2
266 446 4
266 469 2
266 528 6
270 623 6
270 286 10
271 368 9
271 546 5
271 691 4
272 865 4
273 315 8
274 615 2
275 942 7
275 974 1
276 391 7
276 322 2
277 392 3
277 388 5
277 343 7
280 346 6
281 428 5
285 630 2
287 615 2
289 409 7
292 396 2
293 859 2
294 637 8
295 859 6
296 429 6
296 649 10
299 385 2
299 893 8
301 385 3
302 304 9
302 471 8
302 798 3
303 921 1
303 804 3
303 544 4
304 640 4
304 582 10
305 446 8
306 817 6
306 989 10
307 631 3
308 793 10
308 448 2
312 399 6
313 911 10
314 426 3
317 487 9
319 335 7
320 934 1
320 499 2
322 423 2
326 336 4
327 762 7
327 686 7
328 525 7
330 866 3
330 548 3
332 787 2
332 502 9
340 477 5
341 705 7
341 856 4
342 389 5
342 747 6
343 395 5
344 857 8
344 668 2
350 419 7
351 613 5
351 813 3
353 610 3
354 913 3
354 754 1
354 848 2
357 579 4
360 442 9
360 559 6
361 876 6
362 821 8
363 683 4
364 454 6
365 970 6
365 372 7
369 375 8
369 513 6
369 818 3
369 547 8
370 465 2
372 921 5
375 668 10
379 605 1
385 943 7
385 664 1
386 733 3
389 937 4
394 443 3
394 822 2
397 907 1
398 604 2
398 719 4
398 433 9
398 895 5
398 680 1
398 526 3
399 782 10
402 437 2
404 439 5
406 700 4
410 609 2
413 516 6
417 677 10
419 501 7
421 453 8
424 958 6
424 731 4
424 831 8
428 874 10
430 641 8
433 966 7
433 680 2
433 604 7
435 483 6
436 654 9
436 464 10
438 827 5
441 520 5
442 559 5
447 575 9
449 801 1
451 630 9
452 977 10
457 852 2
458 504 6
458 881 2
460 759 2
462 569 5
469 883 5
470 915 2
470 969 10
470 598 10
470 494 5
471 640 6
476 899 8
478 920 4
481 778 10
483 720 5
485 768 9
489 788 6
491 640 9
494 915 9
500 782 7
504 735 3
505 872 10
506 612 4
510 770 10
511 548 4
511 557 1
511 922 2
512 858 1
513 860 4
516 729 9
516 862 4
519 674 1
526 604 1
529 573 7
530 755 3
532 976 2
532 870 5
539 576 9
542 914 8
542 590 10
542 847 1
547 818 4
550 953 4
552 713 6
554 872 3
556 601 3
557 570 6
557 849 4
559 743 4
564 765 3
567 606 10
569 614 3
569 830 7
569 998 2
571 905 10
572 639 4
572 946 2
574 632 10
577 967 8
578 579 6
585 888 2
586 692 8
589 923 5
589 625 9
591 600 8
592 636 5
593 741 2
594 642 5
596 724 5
599 825 2
604 917 2
611 968 5
621 986 10
625 923 3
631 737 6
637 742 5
637 828 5
638 914 6
644 739 9
649 891 7
655 684 6
658 992 3
665 805 7
670 863 8
672 825 6
673 931 10
673 678 9
677 791 10
678 931 9
682 854 6
683 947 10
690 932 10
692 723 5
697 892 2
697 792 2
700 959 10
700 708 2
706 991 6
708 959 4
709 866 9
709 873 1
725 994 4
730 909 10
739 964 8
754 848 6
756 779 10
761 890 3
764 803 5
784 826 2
789 888 5
802 850 1
803 990 10
807 878 7
815 867 8
861 952 3
864 988 4
866 939 3
876 885 5
891 938 7
912 945 2
930 995 1
962 1000 9
