1000 1197
5 73 57 57 54 54 10 14 12 100 95 88 50 95 30 43 97 96 66 79 99 43 68 8 84 42 51 87 69 70 75 12 18 93 87 53 92 95 29 29 18 11 88 19 94 93 41 97 84 29 55 49 92 19 42 78 56 69 87 29 93 90 8 10 17 72 14 56 56 21 1 93 93 22 84 28 22 33 94 91 32 22 2 72 26 23 50 69 30 100 24 60 86 13 42 60 79 99 4 32 56 6 53 53 52 5 60 79 93 2 83 65 23 55 97 14 60 2 56 96 49 78 43 31 68 31 20 58 98 82 50 1 38 46 85 34 83 31 97 93 73 23 42 4 32 90 77 92 68 3 8 37 8 41 2 39 99 42 98 8 35 84 19 33 47 93 1 33 41 92 27 91 100 59 24 24 34 15 14 94 97 77 2 79 61 24 88 7 13 70 81 31 21 16 41 48 80 37 20 22 3 72 92 56 79 37 72 56 27 87 89 15 35 56 34 94 34 48 24 11 92 8 6 42 38 8 30 36 32 46 87 67 74 47 10 15 60 50 76 13 38 46 29 70 38 57 52 14 15 75 87 82 49 65 32 22 91 98 80 15 61 18 46 63 28 81 21 61 77 37 100 75 93 6 54 8 89 59 92 100 23 64 57 2 58 63 11 70 87 83 54 16 22 59 92 32 33 17 45 84 46 91 97 66 75 20 22 3 32 73 6 15 31 18 19 35 36 69 66 35 76 80 88 56 83 10 71 80 64 51 37 86 38 72 98 57 37 96 87 28 87 22 84 1 87 45 10 62 31 27 71 17 5 14 24 33 37 74 13 24 99 32 75 32 98 32 94 64 49 67 46 97 13 99 69 48 6 1 51 95 57 11 81 61 33 99 74 49 75 58 81 40 24 70 77 74 48 42 53 12 15 22 35 73 32 97 23 51 73 84 60 5 99 50 90 34 25 39 76 63 88 12 45 20 92 93 2 59 50 67 33 89 81 32 17 92 81 27 52 29 56 1 59 79 24 37 75 57 29 14 76 14 68 42 36 12 92 62 92 19 34 49 81 89 95 28 57 86 94 78 62 82 93 17 66 15 31 33 34 44 4 20 23 100 9 29 68 90 9 30 6 92 40 77 82 10 55 82 5 22 85 75 59 87 73 92 40 9 81 46 71 76 90 92 46 70 27 49 18 100 12 22 52 11 68 22 16 90 56 70 58 52 84 96 10 47 53 86 63 67 79 97 34 62 32 53 1 66 10 89 59 27 70 10 89 46 67 64 65 99 5 91 37 3 77 1 47 12 46 82 93 61 68 11 69 54 65 61 51 96 78 63 28 54 32 26 34 47 19 11 83 50 66 56 29 8 11 74 32 68 82 37 44 89 76 90 6 26 22 60 53 30 86 80 9 60 27 99 54 58 49 92 18 33 42 6 89 17 36 91 79 11 26 51 56 22 28 90 88 44 75 43 85 44 57 1 83 40 4 16 15 57 82 1 86 34 20 71 57 50 63 33 42 82 71 27 14 79 42 45 68 39 50 33 48 18 34 46 93 30 34 73 41 5 68 53 62 2 53 99 63 31 70 22 81 71 39 26 31 15 94 63 14 40 82 98 83 58 40 4 1 53 10 36 76 38 43 33 10 98 31 36 39 68 67 64 85 23 32 7 36 26 26 99 17 26 73 88 78 84 4 84 55 39 3 95 87 68 66 92 5 52 87 63 8 80 30 25 83 61 31 29 51 2 22 79 97 65 10 27 54 1 15 23 74 27 13 38 40 95 38 58 75 28 31 51 53 99 63 83 57 88 59 53 20 16 45 5 72 43 39 57 43 6 67 91 27 31 100 62 74 38 74 86 49 87 18 38 4 71 77 24 35 52 99 15 59 56 21 12 10 90 73 62 52 50 47 63 74 87 4 86 39 19 20 94 90 95 16 48 82 84 64 64 84 90 94 5 32 58 55 26 89 31 35 26 79 90 17 80 76 56 5 34 25 81 30 54 21 89 50 16 57 75 12 68 44 88 92 7 72 24 17 20 7 38 76 3 73 91 1 66 95 78 7 65 78 43 29 93 71 14 23 46 35 70 91 49 97 93 20 96 55 30 50 36 30 43 47 26 41 90 66 18 13 77 72 54 47 35 19 19 68 56 59 64 87 25 43 25 78 80 40 5 91 47 12 39 21 81 24 52 32 64 89 45 98 8 16 77 61 55 67 17 55 69 79 2 65 99 62 10 48 78 98 51 42 32 61 76 10 89 83 65 72 22 81 64 9 31
1 394 7
1 549 3
1 740 1
1 330 2
1 491 6
1 249 9
1 656 5
1 994 9
1 191 9
1 887 6
1 431 7
1 161 4
1 155 5
1 131 8
1 121 7
1 118 1
1 92 8
1 89 1
1 443 5
1 73 6
1 54 1
1 52 3
1 45 1
1 40 1
1 37 7
1 31 8
1 19 7
1 2 1
2 383 6
2 360 10
2 358 2
2 522 10
2 749 4
2 318 2
2 771 6
2 301 3
2 987 8
2 227 4
2 213 8
2 192 9
2 183 5
2 156 10
2 816 4
2 441 5
2 914 2
2 871 2
2 91 5
2 75 6
2 74 3
2 741 6
2 22 5
2 8 7
2 6 6
2 4 1
2 3 3
3 496 1
3 338 5
3 776 2
3 914 8
3 317 4
3 751 10
3 440 8
3 528 6
3 237 8
3 616 7
3 686 3
3 229 7
3 906 6
3 185 7
3 183 8
3 158 3
3 139 9
3 135 8
3 102 7
3 96 6
3 95 7
3 94 8
3 632 7
3 79 3
3 923 5
3 423 7
3 56 10
3 439 5
3 557 3
3 29 10
3 16 6
3 7 4
4 571 2
4 849 10
4 708 5
4 371 8
4 488 8
4 369 10
4 365 10
4 543 9
4 296 8
4 928 4
4 402 9
4 533 1
4 597 5
4 979 6
4 948 3
4 237 9
4 554 1
4 657 2
4 638 8
4 195 7
4 189 4
4 188 9
4 587 1
4 181 10
4 177 2
4 173 3
4 642 2
4 582 6
4 616 9
4 844 3
4 129 5
4 126 1
4 122 9
4 980 6
4 111 3
4 406 8
4 99 5
4 649 4
4 88 2
4 84 6
4 63 5
4 49 5
4 951 3
4 44 1
4 42 8
4 40 7
4 30 3
4 26 10
4 25 2
4 14 10
4 8 5
4 7 7
5 490 10
5 346 4
5 798 2
5 786 6
5 468 7
5 494 8
5 102 3
5 54 9
5 19 3
5 14 3
6 388 2
6 565 2
6 323 2
6 706 3
6 314 4
6 308 7
6 830 9
6 731 1
6 734 1
6 929 4
6 245 4
6 223 1
6 145 9
6 141 7
6 487 1
6 777 2
6 118 8
6 606 10
6 64 2
6 62 8
6 58 7
6 23 6
6 22 10
6 12 3
6 10 7
6 8 3
7 386 10
7 854 8
7 367 8
7 364 7
7 301 4
7 500 1
7 665 5
7 270 1
7 945 5
7 221 5
7 218 9
7 771 5
7 510 6
7 562 8
7 795 1
7 419 3
7 112 10
7 107 5
7 100 10
7 93 4
7 81 4
7 69 1
7 63 5
7 438 5
7 11 5
8 498 6
8 469 9
8 525 9
8 194 9
8 192 10
8 180 2
8 168 5
8 808 9
8 555 7
8 678 3
8 123 4
8 609 10
8 684 4
8 716 8
8 66 10
8 62 9
8 32 9
8 455 8
8 21 5
9 309 2
9 299 5
9 552 3
9 749 5
9 148 4
9 75 1
9 874 10
9 21 8
10 509 10
10 961 2
10 705 10
10 320 3
10 298 9
10 706 5
10 240 8
10 227 8
10 156 10
10 47 6
10 22 6
10 521 4
11 763 6
11 637 3
11 295 5
11 715 7
11 256 9
11 238 4
11 208 8
11 428 8
11 188 3
11 717 5
11 108 5
11 775 1
11 854 4
11 56 4
11 479 4
12 607 8
12 725 8
12 80 4
13 863 8
13 170 7
13 87 2
13 76 10
13 68 6
13 51 2
13 44 10
13 891 5
13 36 9
13 31 8
13 20 10
13 17 8
13 15 6
14 370 3
14 350 1
14 523 4
14 226 10
14 439 8
14 646 6
14 154 6
14 418 5
14 110 8
14 405 4
14 693 9
14 16 1
15 425 1
15 206 1
15 991 9
15 426 9
15 87 2
15 20 1
16 727 8
16 694 1
16 785 8
16 178 6
16 158 3
16 453 1
16 101 1
16 39 4
16 29 4
17 384 7
17 371 5
17 570 10
17 530 6
17 960 9
17 157 5
17 151 8
17 33 2
17 27 8
18 372 8
18 476 2
18 600 10
18 696 3
18 269 6
18 250 3
18 197 9
18 194 8
18 182 1
18 627 9
18 148 2
18 142 4
18 115 4
18 667 8
18 66 2
18 415 9
18 28 5
18 21 3
19 331 1
19 302 8
19 740 9
19 210 8
19 160 2
19 910 3
19 917 5
19 109 1
19 417 2
19 926 7
19 998 1
20 731 3
20 125 1
20 787 9
21 611 5
21 682 4
21 778 4
21 689 8
21 123 9
22 307 10
22 298 6
22 245 8
22 240 6
22 223 10
22 141 9
22 905 8
23 136 6
24 73 3
25 519 6
25 766 6
25 217 10
25 157 6
25 153 2
25 38 10
26 399 2
26 266 7
26 263 1
26 495 3
26 173 5
26 581 6
26 55 6
26 32 3
27 451 3
27 246 9
27 151 6
27 409 9
27 33 9
28 361 2
28 130 1
28 91 2
28 86 9
29 343 10
29 229 2
29 101 8
29 486 1
30 349 1
30 210 6
30 515 4
30 579 5
30 490 6
31 398 8
31 857 7
31 311 8
31 663 7
31 518 6
31 431 10
31 610 7
31 146 3
31 732 3
33 985 1
33 591 2
33 511 7
34 330 8
34 163 7
34 98 2
34 48 9
34 47 4
35 247 1
37 363 2
37 131 6
38 380 3
38 603 7
38 472 9
38 243 4
38 140 4
38 134 9
38 51 4
39 478 4
40 655 2
40 417 2
40 944 5
41 861 9
41 167 7
42 150 3
42 414 3
42 43 8
42 463 1
43 546 1
43 89 9
43 67 8
44 401 5
44 398 4
44 76 9
45 647 4
46 434 4
46 852 10
49 671 5
49 328 3
49 545 3
49 188 10
49 181 3
49 724 9
50 609 9
50 200 1
50 197 1
50 194 7
50 182 3
50 164 2
50 142 10
50 466 5
50 761 1
51 884 8
52 414 2
52 150 1
52 92 6
53 706 6
53 565 5
53 64 7
53 509 3
54 342 4
54 331 4
54 589 10
54 155 7
54 964 10
54 780 10
55 921 6
55 932 9
56 896 3
56 669 5
56 713 2
56 211 3
56 499 7
56 139 8
56 791 10
56 423 10
56 79 10
56 60 10
57 324 1
57 152 6
57 85 5
58 573 1
58 105 10
59 404 5
59 237 7
59 132 4
60 382 5
60 828 3
60 664 3
60 465 5
60 563 8
60 826 9
60 220 7
60 104 8
60 79 1
60 71 7
60 528 6
61 342 5
61 697 3
61 566 1
61 302 6
61 964 8
61 586 10
62 481 2
62 159 2
62 737 10
62 70 10
63 306 10
63 276 9
63 726 5
63 97 2
64 138 1
64 98 9
65 332 8
65 329 6
65 597 1
65 748 1
65 126 1
65 116 10
65 112 2
65 97 4
65 83 1
65 81 4
66 872 10
66 147 5
67 460 8
67 209 4
67 935 1
69 329 7
69 306 6
69 634 10
69 602 7
69 166 2
70 898 7
70 303 3
70 212 6
70 435 5
70 822 10
70 106 6
71 348 4
71 333 4
71 840 8
71 82 8
72 453 7
72 144 7
73 171 4
73 161 4
73 121 2
74 213 9
74 128 3
74 555 8
75 375 5
76 924 10
77 446 3
77 170 9
78 343 2
78 229 2
79 334 9
79 669 3
79 896 5
79 139 2
79 465 10
80 303 9
80 202 5
80 455 8
82 333 1
82 503 7
82 664 4
82 218 8
82 176 2
82 945 6
82 599 2
83 385 3
83 938 3
83 817 6
83 137 5
84 758 3
84 467 1
84 177 7
84 122 7
85 550 5
85 310 10
85 289 8
86 516 8
86 242 7
86 216 1
86 164 2
86 115 5
86 867 8
86 658 2
87 425 3
88 906 6
88 496 9
88 230 5
88 412 4
88 178 8
90 358 7
90 253 8
90 239 7
90 492 8
90 757 9
93 416 4
93 117 2
94 670 9
94 422 4
94 957 5
94 411 2
94 477 10
94 544 8
95 258 10
96 354 6
96 286 9
96 158 7
97 848 3
97 321 5
97 99 1
98 138 1
98 760 7
98 650 2
98 577 9
98 950 2
99 392 7
99 340 8
99 265 9
99 848 6
99 116 7
100 367 2
100 583 9
100 295 2
100 256 1
100 851 5
100 784 6
101 567 3
101 144 7
102 494 3
102 226 4
102 225 1
102 693 1
102 937 1
102 185 10
102 165 8
102 154 3
102 707 4
103 249 8
103 227 8
103 521 9
104 599 5
104 176 10
104 814 5
105 714 10
106 481 9
106 737 5
107 784 10
107 742 4
109 939 1
109 262 6
109 551 7
111 812 1
111 533 5
111 408 2
111 691 10
111 174 8
111 173 8
111 535 8
113 459 2
113 452 10
114 527 4
114 487 6
115 216 4
116 681 7
116 255 5
118 487 7
119 155 2
119 461 7
119 586 8
119 520 7
120 536 3
120 326 6
120 278 8
120 810 8
121 902 7
121 161 2
121 491 6
122 629 7
122 958 5
122 638 1
122 551 4
122 832 3
123 449 10
126 587 5
126 904 4
127 381 2
127 779 8
127 289 7
129 421 7
129 149 3
129 660 6
130 588 4
132 928 10
132 724 6
132 893 5
132 181 3
134 380 10
134 698 9
134 217 9
134 836 1
134 659 4
134 514 4
134 603 5
134 770 3
135 746 1
135 753 1
135 288 8
135 996 7
135 744 9
136 723 8
137 339 4
137 938 3
138 577 4
139 669 6
139 334 6
139 764 3
139 853 8
142 995 8
142 182 6
142 493 10
142 452 9
142 761 8
143 317 5
145 506 4
146 473 5
146 571 3
147 531 10
148 269 5
149 421 1
150 633 5
150 866 9
150 277 9
150 497 6
151 391 6
151 246 8
151 530 1
152 322 9
154 868 4
154 405 4
154 532 2
154 327 7
154 305 7
154 259 10
155 281 4
155 780 9
155 228 5
155 444 1
156 922 5
156 741 1
156 430 9
156 962 7
157 519 4
157 371 6
157 541 3
158 692 2
158 846 6
158 462 2
158 683 10
159 193 4
159 607 4
160 210 3
160 824 5
160 831 2
161 993 3
161 837 4
162 630 2
162 224 8
162 467 2
165 933 5
165 868 2
165 532 5
165 305 8
165 259 6
165 225 2
165 203 10
165 523 10
168 684 10
168 275 7
168 410 7
169 647 2
170 511 10
173 397 3
173 345 8
174 408 3
174 581 9
174 495 1
175 238 8
176 599 9
176 668 6
177 296 7
178 613 8
178 513 9
178 412 8
179 635 1
179 219 7
179 795 9
180 215 1
181 782 3
181 279 1
181 865 8
181 790 7
182 568 9
182 197 8
183 270 4
183 719 2
184 861 6
184 805 6
185 376 9
185 362 7
185 350 9
185 226 2
186 251 8
186 189 1
187 393 10
187 341 2
187 297 9
187 198 5
188 428 2
189 280 6
189 782 9
190 214 5
191 267 6
192 498 4
192 232 2
192 657 7
193 607 6
193 963 1
193 822 2
194 199 8
194 609 1
195 629 7
195 554 10
196 288 5
197 396 7
197 476 4
198 393 10
198 470 5
200 508 4
201 386 6
202 336 1
202 335 9
202 312 8
203 305 3
204 456 8
205 521 5
206 973 7
207 618 1
208 315 4
208 236 5
208 479 10
209 994 6
209 652 5
211 423 5
212 943 8
213 383 4
213 894 1
214 546 3
215 502 9
215 361 7
215 793 1
222 429 7
222 813 5
223 905 8
226 362 9
226 707 3
226 937 9
226 952 7
226 693 7
227 856 1
227 318 10
228 972 9
228 735 5
228 800 5
229 636 6
230 319 2
231 359 7
231 275 9
233 815 4
235 665 3
235 258 5
235 813 10
235 471 8
236 733 10
236 796 4
236 244 5
236 781 1
236 878 8
236 915 8
237 458 1
238 955 9
238 775 9
238 839 9
239 413 6
240 983 8
240 368 7
240 961 5
240 572 1
243 293 6
243 770 6
244 436 8
244 364 3
244 661 1
244 480 8
244 806 6
246 841 5
247 267 2
248 274 3
249 360 3
249 685 5
249 987 5
250 357 1
250 341 8
251 282 7
252 369 6
252 296 2
252 675 7
255 392 9
255 681 7
256 775 5
256 851 5
256 864 6
256 875 6
256 540 1
257 558 6
257 539 5
257 920 9
258 304 5
258 471 8
259 646 4
259 534 5
259 405 1
260 540 1
264 301 4
266 495 8
268 719 1
269 611 2
269 689 4
270 918 1
273 886 8
275 578 4
277 463 5
277 633 1
278 900 10
279 420 2
279 406 1
280 282 1
280 432 9
281 972 8
281 739 9
287 576 8
287 294 1
288 625 4
288 957 9
289 347 4
289 324 8
289 310 8
289 292 7
292 347 6
293 326 9
294 557 7
295 690 5
296 642 10
297 341 5
298 307 2
298 759 5
300 762 8
300 543 7
300 590 8
301 802 7
301 912 7
302 917 1
304 429 7
307 759 10
311 821 8
311 662 3
311 907 8
311 501 8
311 474 1
311 473 1
311 488 6
312 335 3
315 583 1
315 876 8
315 915 9
315 553 8
318 705 4
319 613 7
320 575 2
323 981 1
330 805 4
331 589 4
334 595 10
335 619 6
340 392 5
340 681 6
342 390 2
342 374 7
342 674 3
346 490 8
346 824 5
346 831 2
349 824 2
350 774 6
355 930 10
355 615 10
355 439 8
356 666 9
358 504 2
359 684 2
361 502 5
361 793 9
361 631 4
362 952 6
364 480 7
364 419 9
364 562 3
366 438 4
368 962 4
368 983 7
368 482 2
370 767 3
370 979 6
371 384 5
371 927 7
373 981 8
373 433 6
374 390 3
378 953 8
379 990 9
380 603 2
380 472 6
382 503 8
382 424 3
383 794 2
384 448 8
385 892 4
385 908 1
391 841 3
392 984 9
393 470 3
394 618 5
394 407 10
395 414 6
396 703 4
396 568 4
396 667 3
398 518 7
403 700 3
403 552 1
409 920 10
409 863 7
412 997 2
415 627 1
416 457 3
417 969 4
422 744 7
424 687 2
427 678 7
428 699 9
434 537 6
436 806 4
437 978 8
437 970 6
440 751 3
443 969 1
446 511 3
448 927 10
450 539 3
457 789 1
459 658 10
462 694 4
469 808 4
469 847 5
476 703 5
478 785 4
480 769 6
482 572 3
482 483 4
484 542 10
486 640 4
492 757 1
494 786 10
496 906 2
501 946 5
505 579 5
506 573 10
506 714 5
512 634 10
512 892 5
512 809 7
512 908 3
514 770 2
516 564 5
519 960 8
519 766 10
520 674 9
520 745 10
523 646 1
524 829 7
529 712 8
530 792 6
531 542 1
531 869 8
531 738 4
532 975 7
537 815 8
538 709 2
549 656 1
551 728 6
552 874 7
553 747 2
556 731 1
559 996 4
559 755 9
566 895 2
566 586 4
567 940 10
569 978 6
570 799 5
574 655 1
574 935 5
577 760 1
581 820 5
581 921 4
581 643 8
582 904 7
583 747 4
586 895 6
587 966 4
590 849 10
590 788 9
590 941 9
591 985 6
592 871 8
592 641 4
596 727 10
599 814 2
600 889 1
612 977 5
614 635 1
615 930 7
624 985 9
626 966 7
631 736 9
632 890 7
635 729 8
638 832 9
639 698 8
655 858 3
659 803 6
661 721 9
663 913 8
665 768 2
669 853 5
670 957 6
679 970 4
679 699 6
680 842 3
683 850 10
683 692 3
688 931 7
693 707 4
695 873 8
697 910 1
698 900 7
707 772 2
709 911 6
722 958 8
728 939 10
732 756 8
734 830 9
735 739 2
738 783 9
743 825 9
744 746 4
746 807 7
759 882 5
762 849 10
762 934 6
762 941 1
769 806 4
775 839 6
779 899 3
782 936 3
796 878 2
803 829 7
824 831 4
827 931 6
828 890 1
830 877 1
839 875 4
849 974 5
857 907 8
868 975 3
886 887 4
921 932 9
926 969 8
941 974 7
