1000 1197
5 37 95 30 5 51 86 77 92 10 52 92 18 100 82 25 94 4 4 33 23 61 29 63 41 3 88 15 18 100 77 49 25 69 54 90 89 25 81 79 43 20 29 67 6 56 26 90 26 81 21 59 5 92 59 75 54 10 32 41 70 28 91 74 88 50 8 76 49 61 94 45 67 43 35 21 89 9 89 27 98 37 20 79 31 47 68 28 89 92 45 11 52 78 25 27 44 46 67 20 56 63 11 35 87 36 80 3 18 57 71 9 93 40 13 47 87 85 66 32 83 100 57 28 39 11 18 53 90 72 25 49 90 10 48 66 59 71 43 22 57 8 97 88 14 17 14 96 12 96 50 41 39 69 100 96 43 24 16 23 67 94 41 49 48 19 19 51 94 9 43 23 81 4 38 90 97 87 10 86 66 12 77 3 81 99 34 28 6 54 10 34 12 18 50 82 88 75 14 72 24 81 19 49 79 71 6 97 99 58 13 69 47 74 22 87 55 23 60 80 89 65 83 49 64 96 1 59 21 32 92 41 38 77 56 32 76 1 80 59 57 37 15 80 60 39 94 59 49 64 20 76 19 52 39 18 4 75 53 98 81 20 25 25 78 64 14 30 91 45 69 44 19 78 75 63 47 2 65 21 89 63 15 47 4 75 62 23 10 79 85 62 50 12 6 2 60 30 86 4 41 72 16 11 33 31 89 12 95 97 1 33 95 89 28 79 74 68 25 30 41 92 72 75 14 55 94 50 12 87 44 71 24 40 20 77 56 57 8 83 91 97 16 96 1 81 28 48 16 19 66 19 28 27 80 1 88 57 51 72 96 93 47 97 10 18 24 41 49 85 71 8 94 60 3 37 59 81 57 13 81 80 20 62 38 98 78 6 30 11 92 55 61 21 27 81 100 88 14 84 49 38 65 18 79 70 35 30 100 61 42 91 14 38 40 87 90 66 90 29 12 9 29 13 73 44 44 37 84 97 6 14 38 32 66 21 48 39 13 72 22 37 32 2 30 49 83 44 98 45 79 24 90 36 35 66 66 31 46 46 2 7 91 22 59 86 83 45 86 63 68 54 98 15 62 2 53 35 26 74 75 37 31 28 77 47 60 92 44 29 1 24 13 26 100 97 33 94 34 35 22 2 97 18 73 57 79 62 42 22 68 39 45 43 77 34 25 83 95 36 77 42 54 31 98 79 26 59 82 76 99 1 88 40 66 24 65 65 30 80 10 20 57 80 83 79 65 49 33 16 56 65 74 4 11 56 79 41 9 25 69 97 20 4 65 62 17 23 66 52 38 11 11 97 10 94 11 39 10 85 74 67 86 99 86 77 68 96 32 47 81 55 78 27 88 87 29 4 36 62 54 11 77 48 84 80 53 99 64 95 36 90 100 57 87 93 99 14 36 40 11 29 49 18 90 85 25 70 49 64 13 59 61 93 61 44 69 68 52 1 34 70 17 57 33 24 66 30 64 82 88 75 74 74 69 20 50 9 75 46 12 4 80 57 1 74 54 1 46 98 19 12 3 60 70 38 51 86 16 90 29 1 34 37 49 68 14 45 21 66 91 84 72 39 14 68 12 61 97 90 79 21 93 11 90 80 75 97 8 56 3 76 21 60 66 18 68 81 8 44 76 90 70 55 74 16 68 93 87 61 20 38 58 42 38 53 92 99 49 15 94 93 76 32 75 51 93 45 78 1 80 80 39 83 43 39 88 94 60 72 38 45 31 49 17 33 47 39 59 59 92 100 94 20 69 23 76 78 76 2 86 64 20 8 24 77 16 48 58 70 8 6 19 24 36 67 20 98 78 58 48 100 78 10 89 72 85 8 37 8 52 97 49 25 48 42 31 7 63 30 31 55 72 29 50 95 83 40 81 10 96 26 23 36 96 29 58 27 59 69 25 24 36 58 40 53 96 33 29 10 11 79 30 24 91 96 9 18 28 2 91 93 93 40 55 59 95 35 31 3 62 95 77 60 34 35 25 92 82 30 90 15 51 71 40 61 71 37 99 31 22 22 70 89 82 36 67 58 78 37 37 78 82 54 92 17 14 16 41 38 55 30 1 58 93 66 83 10 61 56 9 59 10 88 94 89 86 38 43 44 100 61 88 84 97 82 11 7 21 2 18 50 51 31 45 56 60 68 68 22 4 17 15 54 11 28 44 75 50 77 87 78 20 8 68 85 28 35 59 31 8 96 10 16 67 25 1 64 63 1 39 62 60 17 2 28 21 78 74 90 76 77 61 1 2 27 35 73 86 11
1 400 3
1 857 4
1 382 9
1 369 6
1 683 7
1 562 7
1 983 4
1 813 5
1 736 9
1 438 7
1 526 4
1 770 2
1 929 4
1 542 3
1 506 2
1 885 4
1 601 10
1 209 1
1 207 8
1 192 9
1 191 5
1 860 4
1 173 10
1 164 9
1 650 10
1 160 1
1 158 9
1 882 4
1 129 6
1 122 7
1 109 10
1 108 1
1 567 2
1 98 3
1 995 8
1 91 2
1 87 5
1 81 7
1 77 5
1 74 4
1 985 2
1 68 3
1 881 9
1 61 9
1 56 4
1 52 8
1 663 2
1 44 6
1 31 9
1 27 1
1 25 2
1 24 4
1 13 4
1 6 6
1 5 1
1 3 2
1 2 5
2 820 2
2 890 10
2 370 4
2 858 7
2 793 7
2 67 9
2 32 9
2 23 3
3 564 4
3 327 7
3 646 6
3 492 8
3 218 10
3 990 9
3 112 5
3 783 2
3 58 1
3 37 4
3 26 2
3 23 8
3 19 4
3 12 3
3 905 2
3 5 10
4 395 8
4 367 5
4 410 4
4 452 1
4 686 6
4 805 7
4 345 9
4 795 5
4 327 1
4 297 4
4 524 7
4 738 4
4 268 1
4 260 6
4 252 4
4 248 8
4 243 8
4 556 4
4 217 2
4 216 5
4 199 7
4 447 5
4 495 7
4 448 2
4 640 2
4 147 10
4 823 1
4 481 7
4 80 7
4 987 4
4 73 5
4 981 3
4 57 2
4 45 6
4 40 8
4 10 4
4 9 4
4 7 5
4 5 2
5 714 3
5 342 7
5 242 6
5 207 1
5 184 10
5 159 2
5 419 4
5 486 8
5 608 2
5 58 6
5 26 8
5 15 3
5 10 6
5 6 3
6 298 7
6 559 9
6 239 10
6 230 9
6 790 9
6 147 8
6 123 4
6 102 6
6 714 5
6 804 2
6 48 10
6 42 1
6 20 9
7 374 6
7 272 1
7 484 6
7 785 2
7 188 5
7 404 10
7 487 9
7 62 5
7 802 6
7 10 9
8 423 9
8 688 4
8 218 10
8 176 7
8 782 7
8 72 4
8 36 2
8 12 8
8 9 2
8 508 7
9 899 3
9 363 3
9 342 9
9 678 7
9 216 7
9 608 2
9 118 5
9 578 1
9 465 7
9 49 2
9 647 5
9 38 9
9 36 1
9 14 9
9 964 4
10 614 8
10 925 9
10 350 5
10 863 4
10 253 7
10 204 9
10 484 8
10 111 1
10 78 9
10 546 9
11 86 8
11 789 6
12 305 2
12 273 8
12 893 1
12 459 9
12 643 10
13 607 7
13 924 6
13 265 10
13 227 3
13 158 8
13 804 2
13 101 1
13 84 1
13 943 2
13 44 2
13 24 3
13 18 5
14 423 8
14 104 6
14 578 7
15 398 9
15 950 10
15 357 10
15 497 2
15 288 7
15 184 1
15 37 9
15 26 7
16 570 10
16 427 10
16 300 7
16 286 4
16 971 9
16 771 3
16 697 3
16 515 4
16 976 3
16 204 5
16 199 2
16 451 3
16 168 7
16 635 10
16 62 4
16 40 4
16 422 9
17 353 10
17 347 10
17 506 3
17 736 10
17 304 8
17 923 4
17 637 9
17 153 4
17 519 4
17 135 1
17 117 4
17 108 9
17 452 10
17 73 3
18 429 6
18 337 3
18 330 8
18 311 4
18 994 7
18 228 5
18 194 8
18 804 9
18 156 3
18 138 1
18 717 6
18 636 5
18 769 3
18 81 8
18 61 1
18 56 8
18 43 1
18 534 6
18 33 5
18 25 6
19 336 9
19 789 1
20 379 8
20 343 9
20 282 3
20 812 2
20 884 10
20 453 8
20 209 1
20 790 10
20 513 7
20 25 8
21 342 10
21 226 6
21 997 2
21 504 5
21 892 3
21 124 5
21 38 9
21 22 4
22 738 5
22 739 6
22 326 6
22 746 5
22 133 2
22 59 1
22 28 10
22 792 9
23 367 6
23 296 9
23 258 8
23 424 5
23 141 7
23 69 2
23 60 5
23 823 7
23 50 4
23 39 10
23 32 9
24 399 9
24 872 3
24 373 6
24 251 6
24 228 1
24 595 5
24 468 3
24 973 3
24 947 7
24 667 7
24 458 6
24 75 3
24 44 1
24 857 7
25 381 6
25 319 4
25 539 8
25 294 8
25 282 10
25 271 9
25 257 7
25 425 2
25 234 10
25 491 10
25 589 5
25 225 8
25 194 3
25 454 4
25 155 8
25 149 6
25 148 3
25 116 7
25 969 2
25 83 6
25 63 1
25 55 1
25 904 4
25 31 5
26 378 8
26 505 1
26 112 10
26 66 4
26 37 9
27 315 1
27 884 7
27 130 9
27 597 9
27 501 9
28 395 7
28 795 3
29 276 5
29 151 3
30 393 3
30 383 9
30 380 10
30 998 7
30 240 2
30 172 8
30 137 7
30 98 2
30 96 10
31 352 10
31 331 9
31 713 3
31 266 3
31 221 8
31 212 10
31 206 7
31 839 10
31 751 9
31 140 8
31 87 5
31 82 8
31 704 9
31 68 10
31 56 6
31 575 3
31 518 7
32 371 7
32 715 6
32 88 3
32 46 5
33 812 8
33 790 7
33 48 5
34 712 1
34 365 7
34 302 6
34 620 1
34 927 8
34 86 7
35 774 10
35 306 8
35 799 8
35 137 8
35 669 3
36 389 9
36 787 10
36 912 10
36 483 2
36 703 10
36 176 2
36 970 2
36 105 10
36 49 4
36 612 7
37 288 7
37 496 10
37 169 10
37 127 1
37 897 1
38 489 5
38 485 6
38 341 4
38 235 5
38 520 3
38 920 8
39 798 1
39 840 2
40 677 6
40 980 6
40 317 10
40 507 2
40 186 4
40 62 10
40 47 6
41 621 6
41 838 8
41 329 1
41 244 1
41 163 1
41 155 6
41 142 4
41 63 7
42 519 6
42 267 10
42 117 8
43 846 7
43 704 10
43 725 4
44 384 7
44 369 10
44 279 6
44 277 10
44 881 4
44 101 9
44 84 2
44 532 9
45 556 2
45 900 2
45 628 6
45 908 1
45 200 9
45 606 8
45 189 4
45 939 6
45 115 4
45 95 9
45 94 1
45 644 4
46 554 8
46 94 2
46 701 8
47 761 2
47 694 5
47 407 6
47 165 1
47 719 10
47 677 5
47 658 7
49 363 9
49 912 8
50 750 5
50 258 7
50 217 6
50 437 7
50 115 2
50 878 1
51 292 7
51 204 3
51 57 9
51 635 4
52 984 1
52 586 6
52 120 1
52 74 4
53 97 2
53 86 6
54 107 7
54 489 3
55 889 5
55 648 1
55 229 6
55 205 10
56 729 4
56 82 9
56 68 2
57 220 3
58 99 8
60 939 4
60 211 2
60 730 9
60 517 8
60 95 7
61 382 1
61 129 10
61 89 8
61 734 6
62 523 9
62 507 6
63 329 5
63 836 7
63 993 1
63 723 4
63 434 4
63 845 6
64 715 10
64 593 1
65 358 9
65 445 7
65 67 9
66 436 2
66 169 3
67 370 9
67 119 6
68 394 4
68 160 2
68 494 4
68 122 2
69 803 5
69 820 4
69 88 2
69 498 8
70 430 7
70 284 2
70 246 6
70 632 7
71 396 2
71 672 9
71 221 4
71 630 6
71 190 1
71 173 3
71 619 10
71 139 10
71 122 7
71 113 6
71 871 10
71 87 1
71 916 1
72 231 9
72 157 6
72 154 8
72 104 6
72 996 3
73 452 6
74 416 9
74 275 5
74 195 5
75 625 4
75 263 3
75 469 8
75 208 6
75 929 8
76 332 7
76 587 2
76 835 2
76 161 6
76 152 2
76 465 9
76 107 4
76 509 7
76 626 8
76 859 4
78 374 1
78 314 7
78 264 6
78 188 1
78 168 2
78 111 7
79 385 9
79 280 2
79 219 3
79 751 8
79 100 8
80 248 9
80 165 9
81 600 10
83 282 10
83 649 4
83 417 6
84 346 6
84 178 1
84 532 7
85 211 6
86 825 5
86 502 7
87 604 4
87 499 10
87 281 8
87 223 9
87 140 6
87 655 9
87 114 4
87 92 2
89 464 10
89 864 9
89 185 9
89 129 1
90 784 1
90 466 10
91 466 9
92 623 2
92 420 8
92 754 2
93 315 1
93 649 2
94 554 3
95 730 7
95 200 2
95 150 3
96 799 10
96 869 1
97 919 1
98 767 9
98 777 1
98 240 10
98 210 8
98 128 10
98 918 10
99 249 6
100 320 8
100 206 4
100 205 3
100 561 5
101 855 9
101 277 4
101 720 8
101 136 1
102 304 3
102 699 7
102 269 4
102 408 2
102 213 4
102 153 8
102 123 3
104 726 4
104 159 4
104 157 7
104 154 1
105 349 4
105 555 3
105 216 4
105 861 1
106 407 8
106 761 7
107 1000 1
107 372 4
107 602 3
107 340 8
107 332 10
107 289 1
107 175 8
107 161 3
108 339 7
108 978 9
108 770 4
108 134 8
108 125 9
108 680 10
108 773 1
108 457 6
109 882 9
109 447 4
110 203 10
110 185 3
110 131 1
110 732 8
111 816 1
116 586 1
116 120 6
117 519 6
117 923 2
118 485 5
118 177 9
119 793 7
119 827 10
119 660 9
119 262 3
119 255 2
120 586 6
122 772 3
122 198 8
122 190 3
122 164 1
123 267 7
124 473 3
124 133 2
125 930 3
125 134 1
127 183 10
127 169 4
128 467 9
128 574 1
129 569 6
130 303 8
130 201 3
130 813 2
131 910 7
131 671 3
131 311 3
131 829 6
131 193 2
131 982 4
132 879 7
133 259 2
133 174 2
133 473 5
134 566 3
135 642 6
136 992 10
137 383 4
137 306 3
138 337 10
139 396 7
139 352 3
139 223 6
139 604 5
139 672 6
140 629 7
141 211 1
142 224 1
144 355 5
144 174 6
146 381 5
146 343 4
146 225 1
148 847 8
148 257 10
148 180 7
148 425 10
149 969 4
150 644 9
151 432 10
151 962 10
152 588 9
152 341 4
152 920 8
152 403 4
152 175 7
153 867 9
153 304 3
153 298 9
153 421 4
154 549 1
154 692 9
155 776 4
155 621 5
155 312 10
155 257 4
155 414 3
156 848 2
157 170 2
157 935 4
158 227 6
159 549 9
161 582 10
161 480 9
162 941 9
163 836 9
164 394 2
164 565 5
164 443 4
165 407 2
166 481 8
168 264 4
169 668 4
169 183 1
169 496 4
170 996 8
171 516 9
172 482 3
172 605 2
173 198 3
173 797 6
174 674 10
174 679 1
176 521 4
176 531 6
177 626 3
177 647 7
177 748 4
177 493 6
177 665 7
179 708 1
179 259 6
179 679 2
180 294 2
180 425 9
180 847 5
181 533 1
181 918 3
182 833 7
183 875 10
183 668 3
184 398 2
185 613 4
185 361 4
185 316 10
185 551 2
186 852 1
186 317 10
186 297 7
186 677 7
186 987 2
187 823 5
188 318 9
188 253 5
188 888 4
188 487 5
189 878 6
190 494 5
191 379 8
191 634 5
191 513 4
191 597 5
192 550 5
192 522 1
194 381 10
195 866 8
195 416 8
197 200 10
199 260 10
202 358 2
202 262 2
202 577 8
202 951 9
205 561 2
205 219 1
206 291 7
206 810 2
206 449 6
207 922 1
208 625 2
208 278 2
208 270 4
211 214 10
212 682 3
213 295 6
214 517 6
215 240 1
215 661 2
215 777 3
216 299 9
217 367 7
217 258 3
219 385 2
219 940 1
221 418 5
221 716 2
222 698 5
223 604 9
223 477 1
223 662 10
225 589 7
225 328 4
228 373 2
228 265 6
230 239 7
231 627 9
233 302 9
234 690 3
234 723 10
236 593 6
236 371 10
236 689 1
236 611 1
238 928 3
239 824 1
239 887 3
239 581 3
240 767 9
242 932 5
242 547 2
243 323 7
243 580 6
243 447 1
243 598 3
244 846 4
245 601 8
246 387 6
246 284 2
246 685 1
251 438 2
251 512 7
251 560 7
251 652 4
253 272 7
254 911 4
254 352 6
254 331 3
255 474 6
255 262 5
255 573 10
255 444 3
256 967 5
257 312 5
258 437 7
258 293 2
260 826 3
261 263 10
261 664 6
261 885 7
262 844 5
262 405 1
265 710 6
265 479 2
265 607 10
266 791 9
268 297 6
269 408 1
270 931 5
270 351 6
270 321 1
270 645 5
270 279 7
270 656 7
270 525 10
272 484 9
274 301 2
274 899 2
276 391 9
276 446 6
276 712 9
276 432 3
278 351 6
278 279 4
279 384 1
279 656 6
279 695 6
280 940 4
281 650 6
283 376 10
284 541 6
284 718 8
284 768 5
286 451 1
289 478 5
290 468 3
291 475 1
296 956 5
299 410 1
300 422 8
300 721 9
303 813 8
304 421 3
305 579 8
305 620 1
307 914 9
307 851 6
307 779 6
307 965 5
308 549 7
308 780 10
309 349 1
311 963 6
311 456 4
313 683 9
314 427 9
314 374 10
314 986 10
318 888 5
319 491 8
320 648 7
321 656 1
322 400 4
322 522 10
325 994 8
329 926 8
330 963 5
331 713 2
333 835 8
333 509 8
335 588 5
338 515 9
339 457 5
340 403 1
342 572 5
343 934 3
344 803 4
344 594 9
345 684 10
346 401 10
346 874 6
346 532 2
346 849 10
346 758 3
347 814 2
351 462 1
352 856 10
354 612 9
358 397 7
358 558 4
358 573 1
358 445 6
363 706 10
365 794 3
365 825 3
366 949 4
366 966 8
366 442 7
366 419 10
369 822 5
373 975 10
373 413 8
374 850 3
375 443 2
379 513 9
381 853 5
384 902 3
384 695 2
387 536 7
387 938 6
387 654 9
387 737 5
390 460 5
391 432 2
392 612 3
393 998 6
395 805 6
396 916 7
396 672 4
400 533 5
401 568 7
401 743 3
404 552 9
405 444 4
406 701 1
407 761 8
408 818 5
411 740 7
412 668 7
413 769 7
414 828 6
415 903 2
418 716 8
422 721 8
427 570 3
427 771 8
429 603 2
432 913 10
433 890 7
436 945 4
436 497 5
436 832 1
438 693 2
438 458 4
445 558 2
446 927 3
447 510 2
447 580 3
449 810 6
450 645 8
450 462 5
454 741 9
454 819 3
458 693 9
465 616 8
468 632 3
469 756 2
475 648 3
480 835 6
483 555 7
485 543 9
486 547 9
489 602 7
490 887 9
493 647 5
497 832 8
498 820 8
498 594 2
500 973 1
500 885 9
504 674 3
506 526 6
507 928 8
508 657 4
509 587 10
511 865 7
513 821 3
514 684 7
515 757 1
522 937 3
523 540 1
526 985 5
526 742 5
529 690 9
536 768 7
536 541 4
538 717 2
540 785 4
540 659 8
541 807 4
541 718 10
544 775 10
544 590 7
548 893 4
548 579 3
549 780 8
552 614 6
552 863 2
553 972 4
555 861 9
556 606 1
556 591 3
557 974 4
560 567 9
561 711 6
561 894 9
561 865 1
562 638 9
566 609 9
570 771 3
578 915 1
578 608 5
579 968 9
589 988 10
593 611 9
593 837 3
600 729 4
605 833 4
606 900 10
607 710 8
610 743 6
611 837 9
617 843 9
618 730 2
623 650 1
623 806 8
640 805 10
647 748 8
650 666 3
650 753 6
653 891 2
672 916 10
672 871 8
677 980 10
680 773 7
681 874 7
681 909 6
685 779 1
687 941 1
694 981 5
704 953 10
707 917 6
710 808 10
711 865 6
714 747 1
721 971 8
722 974 6
737 809 7
740 898 2
740 798 7
741 819 8
742 985 4
743 760 1
743 895 5
748 958 6
752 979 2
752 953 8
753 959 10
756 931 7
762 964 3
765 791 10
774 869 5
785 802 7
796 941 3
796 936 3
798 898 7
806 959 3
818 999 3
826 842 4
841 887 1
851 938 5
881 977 9
