1000 1197
5 32 4 71 81 78 91 63 32 15 79 14 94 67 26 7 31 70 87 99 3 43 25 34 52 34 41 20 66 58 31 51 84 74 22 18 13 35 28 35 9 45 26 82 53 66 28 33 91 43 8 28 22 46 34 74 26 94 95 87 10 75 80 18 78 83 9 98 41 22 24 17 20 62 89 88 18 38 25 85 8 72 15 74 87 56 66 42 45 77 38 62 28 80 11 20 19 17 4 48 32 22 33 77 72 35 30 49 10 15 22 67 37 41 18 79 78 71 74 85 72 15 18 89 92 86 62 25 38 5 24 76 52 43 46 15 26 58 29 82 62 73 67 59 43 86 24 16 42 25 30 11 93 47 46 47 99 64 12 47 89 87 93 63 3 6 16 8 86 87 9 56 25 47 89 40 44 97 91 9 17 57 99 48 16 74 73 74 63 62 82 60 92 99 84 36 39 56 30 16 58 15 2 31 94 83 72 53 19 72 59 94 46 6 60 55 76 20 17 42 50 17 8 32 89 98 78 33 55 7 34 30 84 62 16 45 92 92 16 59 62 27 25 38 52 31 72 90 100 50 53 18 65 9 60 96 47 2 72 48 80 64 92 54 83 53 7 78 44 21 70 5 52 75 69 73 44 14 49 53 77 66 63 52 17 73 2 3 59 61 13 36 92 39 21 23 66 58 8 31 37 20 67 75 42 59 46 23 58 29 46 65 12 17 54 22 94 36 39 76 31 38 30 5 92 45 31 6 63 77 64 22 71 57 74 38 10 41 65 92 10 44 88 66 51 13 10 82 94 82 47 34 4 59 9 15 40 16 82 51 74 63 94 61 83 56 67 18 84 58 74 71 4 56 4 86 62 21 5 61 2 89 99 33 43 80 49 33 89 77 59 63 39 99 35 28 46 100 58 82 62 93 98 95 21 49 45 10 95 62 95 27 9 27 8 94 81 51 54 40 34 23 85 69 20 84 25 44 73 90 12 57 77 8 77 19 93 59 60 95 48 6 98 14 39 8 74 79 93 7 79 43 67 14 88 68 96 5 72 2 54 65 49 1 67 22 45 1 33 63 52 51 28 97 52 22 7 90 38 4 65 36 85 54 55 19 45 80 38 47 73 36 17 77 82 82 28 29 33 4 59 44 96 82 36 57 32 80 36 30 67 26 90 96 17 32 47 43 58 64 79 54 59 7 68 53 57 80 43 63 69 1 56 95 69 49 61 71 23 62 3 44 80 11 24 75 23 23 71 37 57 9 16 90 65 2 2 4 4 86 27 31 18 25 91 4 98 26 89 6 78 6 20 87 46 21 57 21 78 19 29 61 61 4 23 81 8 6 48 4 15 96 73 80 32 26 75 61 92 50 15 27 45 90 61 36 9 6 7 79 59 89 27 68 20 46 34 36 41 5 80 54 38 46 65 52 53 90 81 32 62 98 20 22 67 26 39 89 12 63 39 13 67 62 24 23 77 12 99 7 94 47 97 16 33 7 43 79 32 13 59 20 27 15 67 68 5 66 92 30 60 56 70 17 11 36 15 72 52 80 61 55 89 95 30 90 74 72 86 73 70 38 87 90 23 44 5 57 22 85 43 5 60 48 67 96 35 40 84 93 56 26 21 57 96 81 22 19 57 82 17 29 11 84 17 3 53 63 20 37 30 60 4 90 84 88 72 14 29 70 49 19 58 39 37 44 39 60 52 62 78 19 25 48 91 81 47 16 85 97 93 11 56 54 17 57 79 100 19 16 13 5 61 97 80 64 51 40 18 10 73 72 50 7 54 2 30 46 94 39 75 13 57 54 3 91 30 54 52 67 96 99 99 42 29 56 83 45 100 5 35 41 84 6 1 40 86 94 27 21 21 17 47 78 55 33 2 83 46 79 95 8 30 23 29 45 22 96 10 12 70 20 86 11 89 82 82 7 74 52 33 13 42 62 35 79 4 86 6 35 23 84 75 42 16 90 78 2 54 40 61 51 50 83 23 98 47 14 88 88 89 5 49 12 31 17 88 24 81 74 65 30 87 86 89 6 21 81 3 62 53 76 78 6 6 42 7 33 26 42 24 85 36 53 51 35 17 80 92 81 54 98 70 8 13 47 28 23 49 89 41 40 43 83 53 96 67 24 36 58 23 3 38 2 45 66 69 6 46 84 76 44 98 51 9 15 92 68 64 18 64 41 13 90 20 48 35 26 20 92 92 41 10 98 51 65 4 79 11 14 41 23 8 85 46 88 50 75 18 6 85 54 35 44 6 45 51 46 38 10
1 898 2
1 867 10
1 299 8
1 231 8
1 646 10
1 208 1
1 143 8
1 96 9
1 84 6
1 61 9
1 799 8
1 13 10
1 5 4
1 4 9
1 3 9
1 2 2
2 386 10
2 526 7
2 668 9
2 490 2
2 680 9
2 297 9
2 702 9
2 285 1
2 249 9
2 244 10
2 174 3
2 130 9
2 113 5
2 594 1
2 105 5
2 95 6
2 74 9
2 28 1
2 23 10
2 17 6
2 7 10
2 6 4
2 4 7
2 3 8
3 856 9
3 556 9
3 482 4
3 888 1
3 429 1
3 182 9
3 152 4
3 146 10
3 134 8
3 524 10
3 89 7
3 84 8
3 465 8
3 54 10
3 444 5
3 31 3
3 797 4
3 20 1
3 9 7
3 4 3
4 569 10
4 847 8
4 360 5
4 320 7
4 419 6
4 314 4
4 300 2
4 296 3
4 586 5
4 253 3
4 247 8
4 974 10
4 197 6
4 183 5
4 161 3
4 487 9
4 729 9
4 134 7
4 444 1
4 652 8
4 126 7
4 122 8
4 121 10
4 660 6
4 707 10
4 686 9
4 838 5
4 102 10
4 696 2
4 59 3
4 962 7
4 36 10
4 32 5
4 24 7
4 16 3
4 490 9
4 9 10
4 7 5
4 5 8
5 913 1
5 393 9
5 321 1
5 308 1
5 284 2
5 848 2
5 224 6
5 217 8
5 212 8
5 914 10
5 757 4
5 716 2
5 171 3
5 160 7
5 850 7
5 147 3
5 99 2
5 431 4
5 915 5
5 66 9
5 710 7
6 843 8
6 365 8
6 574 5
6 332 8
6 331 1
6 592 10
6 443 7
6 277 10
6 628 2
6 739 8
6 640 1
6 513 3
6 177 4
6 747 10
6 153 2
6 149 10
6 137 5
6 130 9
6 128 9
6 114 7
6 112 3
6 756 1
6 100 7
6 93 10
6 411 7
6 77 5
6 904 9
6 537 6
6 50 1
6 45 7
6 44 4
6 38 5
6 413 2
6 27 4
6 23 7
6 17 7
6 8 2
6 7 10
7 356 5
7 886 8
7 202 2
7 181 10
7 738 8
7 412 4
7 55 8
7 53 4
7 533 8
7 700 7
7 8 8
7 784 10
8 354 6
8 520 5
8 314 6
8 534 7
8 455 4
8 255 10
8 661 6
8 58 8
8 47 6
8 45 5
8 18 2
9 845 10
9 787 3
9 327 8
9 901 9
9 544 10
9 769 5
9 243 2
9 549 7
9 902 7
9 184 6
9 494 9
9 144 10
9 126 2
9 122 7
9 121 8
9 91 10
9 48 3
9 673 2
9 687 9
10 421 1
10 719 6
10 542 1
10 275 5
10 234 7
10 810 6
10 184 6
10 439 5
10 769 10
10 709 10
10 842 7
10 52 1
10 785 4
10 19 6
11 382 5
11 497 5
11 550 10
11 428 6
11 189 9
11 77 6
11 67 9
11 44 10
11 34 5
11 21 5
11 724 8
12 390 5
12 357 5
12 448 2
12 222 2
12 976 1
12 493 7
12 563 5
12 445 6
12 590 10
12 157 6
12 492 2
12 90 8
12 75 7
12 1000 9
12 499 5
12 43 6
13 370 5
13 224 3
13 757 3
13 510 6
13 96 7
14 698 3
14 969 2
14 344 3
14 295 2
14 451 1
14 910 5
14 516 6
14 169 4
14 157 2
14 131 10
14 475 1
14 116 5
14 94 10
15 457 1
15 591 1
15 228 7
15 198 8
15 541 3
15 464 3
15 24 1
16 441 8
16 382 3
16 550 2
16 237 8
16 220 7
16 155 9
16 87 10
16 64 6
16 62 9
16 21 7
17 392 1
17 887 1
17 456 7
17 597 1
17 278 5
17 495 2
17 216 4
17 172 6
17 980 10
17 115 2
17 485 3
17 40 8
17 33 10
17 631 8
17 23 1
17 22 6
18 356 7
18 348 6
18 229 8
18 402 3
18 196 8
18 186 7
18 161 8
18 569 1
18 30 8
19 391 3
19 333 9
19 429 6
19 164 9
19 146 4
19 484 7
19 89 5
19 52 10
19 37 6
20 401 3
20 357 7
20 336 1
20 318 7
20 732 10
20 289 1
20 734 9
20 205 4
20 190 6
20 162 4
20 108 6
20 81 7
20 79 6
20 75 6
20 43 8
21 400 1
21 876 2
21 322 6
21 726 2
21 271 8
21 573 6
21 225 6
21 155 10
21 145 8
21 132 4
21 120 4
21 587 5
21 64 6
21 63 2
21 29 1
21 27 1
22 776 3
22 35 6
23 371 1
23 369 5
23 651 7
23 223 5
23 174 8
23 139 7
23 579 10
23 70 9
23 68 10
23 599 1
24 352 10
24 461 2
24 144 6
25 655 2
25 629 10
25 524 8
25 43 2
26 365 6
26 311 9
26 632 3
26 677 8
27 351 10
27 57 1
27 466 1
27 49 10
27 44 4
28 659 5
28 859 2
28 249 8
28 71 10
28 39 9
29 714 5
29 739 7
29 63 5
29 62 9
29 837 8
30 694 3
30 588 2
30 245 10
30 207 7
30 857 6
30 191 3
30 148 3
30 768 5
30 72 1
30 60 8
30 47 2
30 403 6
31 391 7
32 366 3
32 896 5
32 509 3
32 111 9
33 374 6
33 495 7
33 363 6
33 727 7
33 555 6
33 277 6
33 236 1
33 226 8
33 209 9
33 103 5
33 100 8
33 486 3
34 550 6
35 592 2
35 887 10
36 805 10
36 634 9
36 208 1
36 151 7
36 767 7
36 97 4
36 61 8
36 41 9
37 472 3
37 911 8
37 52 8
38 530 4
38 206 7
38 195 2
39 557 10
39 750 6
39 956 8
39 115 2
39 82 3
40 293 3
41 767 7
41 218 3
42 888 9
42 890 7
43 401 1
43 462 10
43 185 8
43 407 4
43 81 3
43 75 8
44 418 3
44 595 4
44 264 3
44 233 10
44 795 9
45 724 3
46 228 2
46 957 2
47 377 5
47 728 6
47 326 10
47 325 5
47 248 1
47 245 3
47 588 9
47 656 7
47 78 4
47 72 8
47 821 4
48 684 10
48 760 2
48 184 2
48 640 9
48 468 4
49 676 3
49 961 6
49 466 4
50 194 1
50 657 6
50 555 5
51 480 10
51 174 2
51 554 9
51 74 4
52 666 5
53 55 3
54 649 6
54 740 5
54 203 8
54 633 8
55 412 6
56 165 1
57 593 4
57 233 6
57 595 5
57 98 2
58 291 8
58 170 9
58 149 8
58 612 3
59 231 4
59 490 9
60 397 10
60 325 2
60 309 8
60 868 1
60 207 6
60 958 6
60 110 5
60 72 10
61 308 9
61 127 10
62 347 3
62 227 10
62 225 5
62 583 5
62 188 1
62 145 6
62 952 2
62 64 3
62 627 4
63 587 4
64 536 5
64 763 5
64 718 3
64 691 2
64 220 9
64 200 10
65 326 1
65 309 3
65 723 7
65 101 8
66 201 4
66 176 8
66 936 3
66 99 3
66 85 10
66 650 4
67 670 10
67 814 4
67 77 5
68 644 4
68 252 2
68 226 5
68 70 4
69 680 1
69 167 2
69 125 10
69 107 6
70 651 1
71 310 2
71 123 10
72 274 4
72 977 1
72 78 8
74 456 5
74 480 6
75 383 9
75 708 5
75 693 6
75 607 3
76 805 3
76 208 9
77 615 6
77 675 9
77 670 8
77 189 5
77 658 4
78 816 4
78 532 1
78 987 6
79 372 6
79 629 1
79 303 8
79 190 9
79 154 2
79 138 8
79 81 10
79 527 6
80 400 3
80 120 1
81 453 10
81 213 6
81 566 1
82 738 7
82 700 4
82 216 6
82 115 10
83 147 10
83 586 2
84 449 4
84 867 8
84 142 7
84 118 5
84 871 8
85 361 4
85 664 4
85 450 3
85 746 3
85 99 3
85 88 5
86 311 6
86 195 10
86 530 9
87 382 10
87 851 10
87 136 5
87 581 9
88 450 5
88 176 4
89 414 3
90 708 5
90 272 9
90 270 3
91 263 7
91 893 2
91 144 8
93 658 4
94 448 3
94 519 7
95 292 3
95 246 7
95 193 9
95 955 10
95 594 5
95 131 4
95 105 1
95 829 5
96 757 2
97 396 10
97 212 1
99 284 2
99 848 10
99 217 2
100 657 5
100 133 9
101 326 9
101 325 3
102 385 10
102 549 2
102 652 6
102 571 6
102 798 4
102 122 1
102 544 6
103 133 7
103 109 4
104 294 3
104 204 5
104 889 3
105 858 6
105 516 7
105 562 7
105 594 10
105 923 10
105 250 5
105 193 9
105 131 5
106 820 7
107 826 1
107 969 10
107 970 4
108 422 2
108 210 6
108 137 7
111 509 9
112 856 5
112 210 8
112 179 2
112 137 6
112 756 7
112 824 8
114 814 1
115 338 6
116 930 6
116 337 10
116 285 7
116 459 7
116 125 3
116 951 4
116 475 4
117 831 2
118 835 1
118 215 4
118 129 9
120 271 1
121 621 2
121 761 3
121 900 8
121 410 3
122 571 10
123 310 9
124 958 2
124 312 2
124 305 6
124 699 9
124 730 2
124 148 8
125 680 2
125 446 2
126 335 1
126 920 3
127 636 6
127 634 2
128 474 9
129 749 8
129 663 3
129 424 9
129 281 10
129 238 9
129 230 1
129 852 6
129 215 3
130 387 3
130 526 10
131 168 1
132 145 2
134 444 9
134 258 7
135 327 6
135 457 3
136 237 7
136 573 10
136 525 10
137 219 10
138 674 4
138 564 6
139 434 10
139 626 4
140 598 2
141 425 10
141 277 2
142 368 1
142 871 3
142 178 5
142 998 1
142 548 10
143 257 8
143 488 2
143 230 6
143 979 5
144 352 7
144 841 3
145 627 7
147 399 1
147 160 4
147 838 9
147 431 1
148 312 5
148 765 2
148 768 1
149 388 2
149 747 1
149 695 3
149 331 1
149 328 6
149 276 7
149 537 9
149 528 10
149 170 4
149 731 3
149 455 4
150 804 1
150 213 4
150 154 7
150 427 6
151 823 1
152 414 10
152 275 1
153 359 5
153 165 1
154 303 10
156 368 6
156 299 3
156 781 9
156 984 1
156 511 6
156 672 10
157 489 5
157 869 5
158 845 1
162 604 6
162 318 9
162 205 6
162 567 3
163 584 1
163 480 8
163 996 8
164 301 10
164 280 5
164 234 1
166 315 1
168 345 6
168 262 1
168 193 1
170 343 1
170 721 4
170 503 3
171 393 7
171 953 8
174 371 9
174 349 2
174 339 6
174 865 6
174 752 4
174 235 1
174 678 2
176 746 9
176 256 10
177 187 10
178 898 5
178 511 2
179 210 4
180 341 9
180 283 9
184 704 10
184 542 3
184 684 10
184 769 4
187 443 3
188 952 2
189 806 1
191 517 1
191 305 2
191 643 4
193 262 6
193 775 6
193 641 10
194 657 9
194 545 1
196 755 9
196 229 3
197 696 2
198 925 3
198 770 6
198 346 2
198 473 10
198 251 7
198 577 2
200 423 2
201 943 6
202 470 8
202 817 7
202 940 10
203 633 5
205 318 8
205 942 6
205 552 6
206 632 9
207 529 5
209 236 8
209 486 7
210 881 3
210 422 7
210 426 2
211 367 6
211 335 7
211 853 3
211 625 10
211 243 8
211 847 5
212 396 1
212 690 5
212 487 10
212 508 4
213 566 9
213 804 2
214 647 9
215 238 1
215 986 4
217 298 6
218 419 1
218 767 3
218 608 7
220 266 4
221 793 8
221 791 9
221 346 9
221 774 7
221 251 2
221 801 4
221 473 4
222 939 5
222 590 7
223 786 5
223 715 10
223 771 3
223 268 9
223 235 5
223 815 5
223 579 7
224 662 10
225 691 3
225 960 3
226 751 5
226 727 5
227 583 3
227 718 7
229 402 1
230 986 1
233 697 6
235 409 2
235 339 1
235 599 2
235 268 5
235 582 2
238 827 4
238 749 10
242 342 4
242 749 1
242 313 3
242 424 8
242 777 7
245 269 10
245 694 4
247 569 9
248 377 3
250 641 8
250 950 8
251 307 2
257 986 4
260 902 9
260 482 10
261 339 3
261 273 1
261 409 3
262 345 4
262 340 6
262 288 9
263 841 5
263 874 2
264 315 2
267 517 4
267 857 2
267 855 4
267 688 10
268 705 7
268 815 9
268 582 3
269 568 7
269 959 9
269 286 6
269 274 3
269 977 4
270 272 1
271 926 5
271 322 5
271 638 7
273 371 7
275 439 3
275 753 8
276 502 6
276 559 5
276 667 3
277 630 1
278 980 6
278 597 4
280 912 2
281 304 1
281 679 1
281 663 10
281 931 1
283 341 4
283 894 2
285 295 10
286 287 9
286 568 1
287 959 2
288 376 3
288 340 3
289 404 6
290 638 5
290 322 5
290 440 3
291 612 6
292 783 8
292 713 1
292 872 9
292 822 1
292 460 9
293 302 9
293 523 10
294 358 2
298 650 3
299 556 3
300 320 2
301 719 7
302 906 3
302 997 10
303 372 3
303 506 6
304 313 4
305 643 6
305 517 2
305 754 2
307 416 7
307 862 4
307 791 6
308 501 5
309 324 2
311 365 1
312 765 8
313 535 10
317 639 6
318 788 4
322 440 4
323 388 9
323 720 9
323 435 7
323 860 7
323 918 4
328 378 8
328 860 10
330 575 5
331 388 5
331 435 8
331 406 10
334 464 3
334 541 3
336 942 10
336 357 9
336 445 8
336 531 8
339 683 10
339 543 5
342 424 6
343 863 8
345 909 10
346 793 8
347 467 3
348 515 6
348 534 5
349 929 5
352 874 3
353 442 1
354 520 5
355 653 1
356 470 5
359 982 7
361 450 1
365 430 2
366 896 2
368 984 8
369 752 9
371 420 1
375 540 4
377 895 5
377 498 4
377 532 9
378 502 1
383 605 8
384 827 4
385 544 4
386 934 3
391 620 7
391 637 1
392 411 9
396 508 9
396 690 2
397 868 1
398 658 8
399 478 5
404 693 5
405 925 2
407 891 4
408 605 9
414 458 7
415 619 1
415 614 9
418 999 7
418 795 4
419 849 5
420 558 7
422 622 3
422 733 9
423 938 1
423 854 9
435 918 1
436 825 6
443 592 9
445 531 10
445 563 10
445 493 5
451 830 2
459 880 7
460 783 5
460 946 5
461 494 6
461 928 4
462 891 4
468 500 10
468 921 8
468 601 7
473 801 7
481 501 3
483 907 4
483 814 7
487 690 1
488 870 10
493 832 7
493 706 8
498 987 6
499 826 5
500 790 5
500 542 7
503 721 7
505 903 6
507 553 5
509 610 5
513 803 10
516 910 1
517 754 4
517 855 8
521 998 1
525 573 4
532 988 4
537 695 9
539 682 1
548 589 5
549 954 9
551 820 7
552 828 10
552 567 3
554 840 7
558 692 5
558 937 3
562 822 5
562 713 9
562 872 9
564 654 2
564 897 3
566 804 8
568 669 9
570 912 6
571 962 1
576 883 4
576 597 2
584 996 10
584 779 8
584 717 5
595 697 7
595 927 3
601 790 8
603 802 4
603 758 3
604 811 8
604 665 9
609 644 1
614 725 3
615 670 2
621 761 1
622 733 7
642 899 3
642 782 8
646 835 9
646 979 10
647 935 3
649 882 9
649 818 9
649 917 5
660 974 9
672 745 4
672 781 5
676 711 5
678 840 7
682 714 1
686 974 5
687 991 4
691 772 1
698 934 4
710 983 2
710 913 2
728 821 7
733 812 1
736 946 3
745 922 5
746 993 6
749 777 6
758 802 3
762 919 3
764 770 6
767 864 5
774 801 1
786 815 6
787 928 5
792 895 1
795 999 3
800 892 9
800 886 2
803 831 1
819 824 10
822 858 5
822 884 9
822 872 1
824 881 1
834 954 6
836 844 3
854 938 3
858 884 5
860 916 1
877 895 3
877 966 6
884 923 3
895 966 1
902 991 8
987 988 1
