1000 1197
5 49 98 59 25 25 74 72 49 69 76 93 74 24 62 4 86 92 19 49 66 26 77 96 95 7 100 60 85 35 18 86 96 57 43 64 12 85 62 13 67 100 28 80 37 89 6 70 85 32 31 12 47 40 7 60 51 40 5 22 13 37 37 11 27 40 30 13 53 54 55 14 15 28 69 88 71 84 66 40 94 14 4 56 86 29 3 98 66 29 43 93 93 57 20 3 35 85 87 1 69 42 33 7 39 43 55 41 29 20 89 66 9 69 100 58 13 30 76 94 86 34 72 7 22 73 27 36 21 69 96 80 41 79 12 48 40 52 2 8 88 31 79 63 17 56 18 96 30 57 29 16 22 26 59 7 99 46 50 82 61 34 31 54 39 79 54 79 98 8 24 85 54 41 85 93 85 12 10 80 34 57 85 40 87 83 19 51 5 85 64 86 83 47 48 30 57 40 55 88 79 29 77 35 48 61 72 89 92 35 51 28 4 14 21 4 91 43 23 66 18 27 56 7 30 39 22 85 69 23 79 94 76 50 27 37 32 90 100 38 9 76 61 65 7 86 72 77 46 38 82 55 85 72 53 17 34 49 95 37 31 43 20 78 87 10 69 47 38 1 62 30 52 34 73 52 81 85 52 25 49 64 25 77 51 81 76 59 49 30 31 52 51 72 97 31 55 90 73 92 61 96 92 34 36 77 9 73 53 16 46 23 94 35 8 16 95 14 94 75 2 23 79 65 35 16 64 84 80 5 8 75 77 3 61 70 82 87 50 22 90 42 35 78 47 57 93 82 8 70 17 53 55 88 55 13 21 14 41 29 45 3 28 20 29 3 90 40 55 32 51 9 62 59 25 54 32 38 60 73 81 91 84 23 68 63 53 80 44 27 44 94 60 92 87 33 31 85 87 41 90 1 62 60 80 5 10 44 27 47 32 26 84 13 93 61 51 25 56 26 13 14 35 62 47 58 73 40 87 87 80 51 31 95 77 13 50 32 87 23 88 69 99 35 76 99 58 28 39 46 93 3 68 21 61 38 26 36 55 66 71 35 76 58 41 77 55 72 67 42 27 10 15 30 80 66 94 76 52 71 14 23 50 59 33 94 47 38 13 50 34 50 36 94 15 6 67 6 77 3 14 53 82 19 17 86 5 4 90 60 54 85 90 26 92 47 47 98 25 60 57 10 70 44 2 77 73 38 4 35 10 44 62 96 53 97 21 17 6 16 100 72 58 70 97 56 21 75 3 31 42 24 61 56 1 22 23 20 71 97 25 31 83 40 46 34 39 31 53 36 24 2 93 57 15 32 13 4 6 83 37 29 34 79 64 85 97 57 24 10 22 41 84 10 96 94 39 89 92 15 54 2 44 56 40 64 23 23 36 46 37 40 59 61 27 91 61 22 2 99 71 52 88 85 95 30 50 63 10 81 59 9 75 96 91 23 30 90 9 30 36 72 99 80 51 38 98 52 20 48 12 22 68 3 77 79 90 5 53 77 79 81 40 71 53 51 29 10 84 9 83 42 70 80 92 87 81 17 36 72 55 20 32 37 78 26 64 47 58 11 48 82 56 100 88 67 17 81 63 60 52 87 39 24 46 14 75 5 64 69 94 65 29 73 62 12 73 80 68 79 62 18 34 37 25 54 13 97 63 45 52 82 89 81 61 37 56 76 20 49 28 24 5 6 75 70 95 100 47 37 51 80 27 27 39 47 66 73 84 67 58 26 69 94 88 92 94 54 45 8 64 52 40 19 9 16 52 71 69 48 60 60 37 8 85 43 99 90 85 59 60 59 25 20 67 62 9 47 19 97 65 14 35 79 61 52 20 50 16 36 17 6 75 40 74 12 79 31 8 13 85 56 70 89 9 52 32 27 26 56 24 77 83 39 15 99 59 52 63 41 98 8 97 34 15 42 5 31 9 32 40 5 77 30 42 5 79 85 27 21 67 19 86 83 98 20 46 59 40 74 40 22 96 75 8 50 33 64 49 72 90 98 22 14 16 60 85 61 57 68 37 25 62 31 20 82 100 66 44 3 93 84 59 66 90 11 83 8 78 68 30 93 92 63 21 48 95 71 29 58 25 80 74 59 94 88 30 40 81 3 7 82 29 62 53 30 88 49 62 72 70 83 46 64 73 81 84 89 10 51 44 41 17 46 10 59 26 94 12 21 14 50 46 1 94 29 88 11 67 96 66 69 24 81 54 68 66 48 23 84 75 12 92 62 39 7 10 55 54 31 72 83 59 95 11 76 26 28 97 11
1 554 10
1 590 8
1 889 3
1 657 4
1 883 1
1 268 1
1 266 10
1 678 3
1 218 9
1 749 10
1 636 2
1 669 4
1 747 4
1 694 7
1 971 10
1 110 3
1 101 5
1 751 1
1 47 3
1 652 6
1 23 9
1 22 2
1 14 2
1 8 1
1 7 2
1 5 6
1 3 1
2 756 1
2 318 9
2 488 5
2 784 2
2 205 7
2 840 8
2 839 1
2 701 4
2 124 9
3 391 6
3 569 2
3 387 2
3 609 10
3 336 10
3 948 10
3 282 1
3 273 6
3 453 6
3 534 8
3 167 9
3 150 4
3 72 5
3 63 5
3 865 2
3 38 1
3 8 8
3 6 1
3 5 5
4 992 1
4 391 5
4 390 7
4 381 8
4 749 9
4 368 6
4 358 2
4 355 6
4 332 9
4 294 10
4 277 2
4 262 6
4 242 1
4 226 5
4 223 1
4 932 2
4 209 5
4 713 3
4 161 6
4 157 4
4 987 10
4 122 4
4 620 6
4 117 2
4 116 10
4 114 4
4 108 5
4 998 7
4 83 3
4 416 6
4 70 7
4 69 8
4 702 9
4 61 9
4 818 1
4 26 7
4 25 4
4 914 1
4 18 8
4 661 2
4 13 9
4 11 9
4 9 6
4 6 1
4 5 8
4 621 9
5 563 5
5 383 10
5 363 3
5 755 3
5 404 7
5 342 3
5 340 5
5 635 10
5 505 9
5 323 10
5 264 9
5 952 4
5 596 3
5 246 6
5 947 5
5 573 10
5 677 7
5 607 5
5 228 8
5 215 9
5 206 8
5 832 3
5 199 6
5 185 9
5 834 7
5 597 6
5 964 6
5 136 6
5 550 4
5 104 7
5 896 8
5 66 1
5 51 5
5 528 10
5 561 7
5 32 4
5 16 4
5 12 2
5 7 2
5 614 1
6 581 8
6 327 5
6 712 3
6 270 4
6 571 9
6 784 7
6 570 10
6 217 3
6 208 4
6 522 10
6 150 8
6 638 1
6 92 1
6 89 2
6 80 7
6 476 4
6 34 6
6 28 9
6 20 6
7 654 2
7 364 2
7 334 2
7 456 3
7 285 3
7 966 2
7 256 3
7 247 9
7 441 3
7 227 7
7 858 2
7 190 8
7 759 7
7 154 9
7 151 9
7 145 8
7 119 5
7 910 1
7 95 8
7 421 3
7 940 8
7 490 4
7 748 7
7 496 3
7 685 6
7 414 1
7 51 10
7 49 6
7 41 5
7 32 7
7 863 7
7 802 6
7 18 9
7 9 8
8 743 2
8 898 3
8 643 9
8 282 5
8 216 8
8 593 10
8 918 4
8 14 3
9 567 9
9 245 7
9 244 10
9 183 1
9 415 10
9 151 2
9 726 7
9 790 7
9 721 7
9 10 6
10 912 1
10 237 2
10 182 1
10 873 9
10 145 6
10 699 3
10 41 1
10 430 4
11 332 1
11 317 5
11 598 5
11 247 8
11 237 3
11 976 8
11 506 8
11 79 2
11 67 5
11 60 10
11 41 9
11 18 8
12 625 10
12 635 7
12 122 5
12 35 7
12 21 4
12 650 5
13 941 4
13 108 8
13 36 2
14 346 6
14 319 6
14 758 10
14 177 2
14 149 9
15 632 3
15 379 6
15 919 5
15 304 5
15 134 1
15 99 6
15 526 3
15 54 10
15 50 8
15 781 6
15 851 10
15 26 10
15 24 9
15 502 2
16 456 1
16 175 3
16 625 8
16 97 7
16 580 8
16 82 3
16 81 9
16 29 6
16 21 6
16 19 7
17 282 2
17 552 4
18 565 4
18 983 6
18 356 5
18 416 1
18 829 10
20 627 7
20 274 3
20 225 5
20 147 2
20 135 1
20 553 7
20 90 7
20 43 5
20 501 7
20 33 7
21 583 8
21 530 5
21 347 8
21 308 2
21 246 3
21 982 1
21 231 4
21 716 3
21 29 3
22 689 8
22 435 4
22 410 8
22 253 1
22 230 4
22 218 9
22 212 4
22 797 9
22 615 7
22 648 6
22 71 4
22 655 9
22 30 4
22 23 1
23 636 2
24 460 3
24 876 3
24 943 6
24 312 6
24 298 2
24 871 3
24 262 9
24 744 6
24 533 10
24 111 9
24 69 1
24 50 1
24 44 2
25 517 4
25 699 3
25 752 1
25 770 7
25 586 9
26 661 6
26 780 10
27 247 5
27 717 9
27 141 10
28 361 4
28 255 9
28 163 8
28 116 4
28 115 8
28 33 8
28 581 1
29 228 8
29 427 7
29 583 3
29 48 9
30 545 3
30 171 6
30 956 5
30 120 10
30 87 3
30 85 8
31 130 9
31 72 3
32 477 10
32 51 10
32 935 6
33 413 9
33 728 4
33 260 10
33 556 2
33 170 2
33 882 4
33 115 8
33 96 8
33 46 7
34 969 8
34 602 2
34 89 1
34 63 10
34 43 8
35 351 6
35 592 5
35 474 3
35 95 9
35 91 4
36 276 10
36 256 10
36 143 9
36 117 10
37 961 9
37 577 1
37 702 9
38 301 8
38 740 4
38 195 8
38 169 2
38 167 9
38 72 7
38 624 8
39 791 4
39 108 9
40 353 2
40 564 8
40 161 3
40 116 7
40 713 4
40 80 4
41 373 6
41 970 10
41 329 3
41 422 3
41 221 8
41 202 1
41 653 5
41 145 1
41 406 5
41 60 8
41 53 6
41 974 7
41 737 7
42 451 7
42 678 1
42 325 3
42 290 9
42 266 1
42 194 7
42 137 5
42 778 4
42 127 10
42 88 8
42 77 5
43 467 2
43 602 4
43 920 7
44 455 1
44 395 9
44 384 5
44 326 6
44 304 1
44 296 2
44 519 10
44 271 8
44 803 2
44 468 4
44 176 8
44 588 7
44 504 2
44 878 10
44 56 10
44 54 6
44 572 7
45 828 6
45 252 1
45 186 1
45 184 8
45 178 3
45 996 5
46 946 7
46 170 8
46 102 6
47 442 2
48 560 5
48 607 3
48 428 8
48 136 6
48 81 5
48 65 6
48 55 10
49 864 3
49 297 4
49 277 5
49 248 1
49 143 9
49 574 3
50 379 4
50 790 2
50 138 5
50 111 6
51 513 7
51 148 5
52 121 8
52 88 2
52 59 6
52 779 2
53 654 1
53 285 10
53 272 2
53 975 1
53 60 8
54 352 7
54 320 1
54 310 2
54 133 3
54 99 6
54 76 1
54 461 6
54 589 6
56 300 5
56 824 2
56 588 4
56 100 5
56 64 6
56 589 3
57 267 5
58 636 1
59 362 6
59 137 2
59 403 6
60 817 7
60 293 2
60 844 5
60 202 3
60 497 4
60 79 6
60 67 5
60 546 4
60 868 3
61 780 4
62 338 2
62 741 7
62 325 6
62 403 1
62 266 10
62 499 5
63 273 1
63 135 2
64 320 3
64 300 8
64 540 4
64 997 2
64 891 3
64 450 6
64 100 5
64 695 5
66 740 9
67 750 1
67 317 4
67 906 1
67 674 10
67 700 9
67 79 1
67 908 8
68 298 7
68 296 10
68 943 8
68 651 6
68 73 9
69 157 7
69 667 4
70 635 2
70 768 9
71 796 10
71 212 8
71 549 3
71 132 10
71 510 10
72 316 2
72 167 1
72 904 7
72 714 5
73 744 6
73 271 5
73 703 10
73 651 3
74 207 6
74 586 6
76 198 3
76 461 6
77 127 9
78 388 9
78 220 10
78 210 4
78 187 9
78 626 8
78 129 1
79 317 6
79 598 10
80 259 5
81 739 1
81 560 9
81 289 10
81 612 9
81 447 4
81 224 7
81 175 1
81 97 8
81 766 5
83 385 5
83 718 7
83 933 10
83 328 9
83 667 7
83 223 8
83 937 5
83 944 3
83 939 10
84 365 4
84 811 5
84 322 7
84 275 1
84 269 10
84 179 6
84 927 5
84 929 1
84 104 1
84 473 3
84 425 5
85 120 6
86 795 2
86 189 6
88 981 10
88 779 1
89 208 9
89 591 10
89 609 3
90 109 3
91 263 3
91 922 5
91 184 8
91 532 8
91 154 3
91 95 7
92 569 5
92 630 6
92 291 4
92 820 8
92 107 10
93 394 3
93 841 6
93 309 10
93 423 2
93 201 9
93 191 9
93 187 8
93 123 7
93 115 7
93 429 5
94 272 5
94 98 1
95 421 4
96 902 3
96 728 4
96 102 4
99 727 7
99 238 4
99 168 5
101 258 2
101 112 2
102 159 4
103 341 1
103 908 5
103 629 7
103 906 1
104 440 10
104 179 3
104 166 2
105 220 7
105 129 2
106 515 1
106 438 4
106 228 3
107 522 8
107 993 7
109 391 6
109 336 6
109 662 10
109 294 10
109 539 1
109 240 5
109 158 9
110 218 7
111 919 9
111 251 3
112 258 6
112 142 6
113 725 8
113 630 5
113 522 6
114 547 7
114 353 5
114 254 5
114 217 3
114 412 7
114 821 4
115 243 3
115 125 5
116 536 3
117 516 2
117 248 6
117 165 9
118 849 1
118 916 2
119 873 7
119 151 3
119 942 5
123 413 5
123 556 1
123 279 3
123 235 3
124 318 4
125 357 3
125 243 10
125 867 10
126 467 10
128 200 4
129 192 6
130 890 5
130 206 3
131 199 6
131 477 8
132 386 7
133 313 8
133 540 3
134 652 9
135 962 7
136 224 4
136 561 7
139 331 7
139 897 8
139 880 7
140 225 4
142 670 2
142 745 5
143 973 1
143 256 1
145 405 7
145 420 4
145 373 6
145 306 3
145 182 5
146 579 9
147 458 3
147 274 3
147 861 4
147 949 10
147 684 9
148 566 3
151 942 2
151 183 6
151 928 3
151 813 4
152 812 1
152 275 9
152 269 6
152 634 7
152 214 8
152 425 1
154 753 5
154 402 9
154 241 9
154 174 4
156 324 6
156 786 2
156 160 10
157 312 10
157 204 3
157 838 2
158 294 2
158 730 6
159 902 7
160 653 9
161 814 6
161 938 7
161 536 1
162 777 2
164 229 1
164 165 2
164 831 9
165 516 1
165 911 2
166 708 10
166 185 3
166 180 5
170 965 5
171 956 2
172 373 4
172 640 10
172 980 2
172 663 3
173 333 5
175 447 3
175 544 5
177 203 8
177 738 4
177 554 7
178 252 6
178 872 9
179 214 8
179 634 8
181 677 10
181 452 3
181 573 9
181 246 3
181 493 10
183 354 3
184 733 6
184 462 10
186 474 6
190 285 2
192 626 6
192 220 2
194 951 4
194 676 6
196 472 7
197 952 3
197 480 8
197 264 9
197 964 10
197 419 9
197 789 2
197 475 3
198 300 6
198 278 7
199 257 9
201 423 5
201 500 3
202 350 8
202 874 5
202 846 9
203 319 7
203 738 2
204 459 4
204 312 5
206 337 10
206 541 7
206 511 8
206 903 10
207 961 3
207 752 5
207 466 5
209 390 8
211 307 1
211 214 10
212 836 7
213 310 10
213 695 8
215 378 1
215 568 10
215 529 2
217 254 5
219 812 4
219 811 1
219 608 5
221 874 6
221 406 9
221 623 2
223 244 3
223 998 9
224 389 4
226 385 2
226 328 7
226 641 10
227 590 7
227 364 6
228 323 9
228 798 5
228 427 9
228 527 2
228 548 4
228 860 4
229 711 5
229 277 7
230 386 1
230 410 3
231 308 1
231 625 9
232 337 2
232 774 1
232 890 2
232 511 2
233 365 7
234 431 3
234 352 5
234 520 10
237 974 10
237 959 1
239 618 10
240 336 5
240 453 8
241 367 6
244 370 4
244 698 3
244 601 2
245 760 10
245 955 4
245 721 1
246 573 10
246 347 7
247 506 2
247 717 1
248 315 8
248 637 3
248 864 8
249 409 7
249 600 1
249 639 4
250 469 2
251 305 1
252 367 4
253 371 9
253 689 4
254 345 9
254 764 2
254 412 10
255 729 7
255 500 5
255 423 8
259 724 9
260 882 2
260 495 10
261 360 3
261 654 7
261 975 6
263 828 10
264 396 1
264 342 7
266 451 3
266 426 6
266 659 3
266 538 1
269 365 8
270 709 3
271 335 1
271 326 1
271 303 9
271 504 3
271 704 8
271 761 5
271 487 6
271 651 3
273 479 1
274 861 7
274 644 3
274 684 8
274 458 1
275 631 1
275 927 5
275 425 3
276 417 4
276 637 9
277 574 3
279 866 4
280 940 9
280 734 1
282 842 7
282 465 3
282 693 2
283 523 7
284 449 3
284 499 7
287 306 9
289 755 7
290 672 6
291 921 6
291 488 6
291 945 4
293 350 7
293 688 8
294 620 7
294 539 4
295 989 4
295 592 6
296 326 6
296 519 8
297 441 4
297 827 10
300 859 3
302 440 6
303 335 3
304 502 6
305 632 10
305 781 10
305 977 3
310 320 3
312 838 6
312 843 6
313 333 4
314 439 7
315 417 2
315 507 1
315 853 1
315 610 3
317 598 2
319 378 4
321 956 10
323 798 3
323 555 4
324 970 3
324 786 7
326 857 2
328 407 5
329 380 1
329 543 6
330 439 4
330 482 6
331 835 4
332 355 2
332 619 1
332 696 4
332 983 3
334 392 4
334 360 9
336 662 6
338 426 1
340 363 3
340 483 10
340 527 6
343 901 3
343 684 1
344 448 1
345 584 6
345 412 3
345 821 2
346 471 2
347 452 6
347 493 2
348 993 9
350 408 6
354 376 4
354 671 5
355 924 5
358 938 2
359 745 9
359 756 3
359 850 8
360 392 4
362 606 10
362 915 3
362 679 5
363 401 8
363 746 10
366 943 2
370 736 4
371 909 6
372 959 7
373 660 5
375 395 5
375 878 6
378 471 7
380 543 3
388 429 6
389 739 1
389 560 5
390 442 8
390 810 6
391 535 2
392 802 6
396 951 1
398 743 9
401 860 7
406 967 9
406 623 1
412 584 7
413 556 9
415 754 3
417 507 10
417 637 9
417 514 9
417 805 3
418 520 4
419 964 1
422 974 1
425 631 5
428 607 6
432 842 3
433 508 8
436 616 1
437 816 7
437 601 2
438 483 2
439 482 10
441 1000 4
443 925 1
443 514 2
443 610 1
446 585 1
447 448 6
447 544 5
449 762 1
457 860 5
457 527 9
458 644 8
459 706 7
460 690 8
465 842 10
468 806 6
472 757 9
478 696 6
486 582 9
488 839 7
489 745 1
492 542 6
492 793 9
495 882 3
495 886 1
497 687 4
498 683 4
498 601 3
498 933 5
503 831 3
505 870 5
508 665 5
511 774 1
512 960 2
512 707 4
514 925 3
515 563 5
522 995 6
522 571 9
526 907 8
533 695 7
542 793 3
543 719 4
548 798 9
550 599 7
558 768 6
562 817 6
563 825 8
565 696 9
573 677 3
574 649 4
575 616 4
576 686 2
585 801 2
585 668 6
586 707 5
590 759 3
590 675 5
590 694 10
590 892 1
592 989 10
593 898 3
597 682 10
597 834 4
600 715 2
600 670 7
601 683 4
605 955 5
608 811 6
610 853 4
612 723 4
614 815 8
619 924 6
620 855 9
621 990 5
621 986 8
621 818 6
623 967 9
626 705 7
627 987 6
630 725 2
631 782 7
638 787 1
640 663 9
640 980 2
641 718 2
641 823 4
645 735 6
654 975 2
655 875 3
668 729 3
673 957 3
673 780 1
674 908 5
681 922 6
684 901 3
687 894 6
692 898 1
707 960 8
708 899 10
709 742 8
721 807 10
722 824 7
726 788 6
727 954 8
730 855 10
744 871 3
744 876 4
753 854 9
756 850 7
772 835 10
779 785 4
781 862 2
787 822 3
789 847 6
800 970 10
804 920 5
815 832 1
816 944 1
835 988 5
837 969 6
839 921 2
846 874 10
851 984 8
858 910 9
869 897 7
881 952 10
882 886 4
884 912 6
887 901 5
887 968 10
887 979 9
896 999 4
897 988 10
928 942 6
958 979 10
986 990 2
