1000 1197
5 56 37 78 60 16 7 34 60 51 77 76 34 33 11 41 21 97 20 86 39 57 88 78 4 49 18 16 87 11 88 29 57 90 8 96 54 87 11 10 96 25 69 50 96 38 27 59 39 73 38 13 68 3 94 15 68 87 5 30 78 57 69 43 26 57 88 21 67 13 100 100 78 87 66 15 55 55 56 58 40 24 79 98 2 89 27 51 100 49 64 41 7 59 2 6 99 80 74 5 31 75 35 63 44 96 50 32 96 8 81 21 82 40 74 93 26 63 7 63 41 43 70 81 89 66 7 7 59 18 85 94 82 16 68 76 92 48 40 34 58 21 11 2 80 31 56 80 98 2 26 75 49 45 89 46 54 52 75 48 51 73 72 72 59 97 78 22 73 44 17 70 10 53 88 20 66 49 26 30 56 81 61 32 88 34 81 97 37 56 84 19 8 54 17 52 19 91 57 41 31 48 96 5 42 54 39 49 23 21 42 34 87 21 70 81 99 82 91 32 41 16 28 6 29 56 77 14 68 7 1 38 7 14 28 55 99 19 27 19 78 95 77 71 78 18 69 45 19 61 66 44 8 63 83 34 93 21 77 88 1 69 19 71 59 42 33 20 41 100 9 96 46 77 94 65 46 64 1 28 6 64 64 8 26 15 30 39 40 95 71 97 38 78 69 66 61 56 51 49 20 2 87 84 95 97 80 54 28 64 30 80 39 15 33 28 78 82 48 59 59 81 24 21 50 53 62 1 82 5 88 22 74 43 51 10 27 54 40 85 75 6 51 50 51 87 25 35 91 51 83 42 83 53 6 4 18 9 17 67 11 27 96 90 24 5 73 36 36 19 12 61 36 19 24 47 100 49 27 23 85 82 36 36 59 74 12 31 82 64 45 17 16 76 8 50 29 10 23 84 32 49 52 54 88 6 37 86 39 81 33 79 13 36 34 28 8 43 3 71 16 12 80 44 2 12 20 19 42 95 67 43 26 7 48 21 77 3 23 97 27 31 6 44 12 1 1 31 37 18 39 28 46 92 86 6 52 46 11 97 92 19 82 18 41 73 35 56 56 63 25 54 44 92 40 26 84 46 8 60 13 97 62 53 92 82 17 90 63 92 55 46 74 96 97 34 52 21 34 49 89 91 77 91 85 37 70 65 1 43 8 97 34 74 25 53 89 15 27 42 58 24 15 26 72 54 92 23 35 33 13 21 22 51 67 69 5 46 8 56 8 25 62 26 51 19 97 63 100 80 96 94 83 21 41 85 43 73 8 78 1 4 60 28 50 71 94 64 11 3 86 30 73 35 37 59 20 96 84 32 65 26 61 60 14 58 76 78 95 78 8 63 17 77 37 55 39 16 7 80 66 34 11 96 39 51 24 60 52 52 1 50 25 39 93 64 86 38 77 93 45 34 47 44 85 79 31 74 75 37 83 67 93 19 82 100 83 12 84 13 95 59 27 58 91 4 68 26 11 87 49 9 19 22 21 57 48 63 47 100 81 67 9 29 74 33 44 94 55 64 87 61 56 11 38 58 24 63 83 88 96 51 65 9 65 92 6 70 74 7 67 75 95 49 36 84 10 80 2 49 92 58 87 99 45 83 7 25 23 23 14 6 61 39 12 11 59 89 98 91 24 18 18 41 42 33 45 7 14 76 22 2 67 92 7 80 88 2 25 26 65 98 33 13 87 89 62 28 93 93 40 68 56 16 13 88 100 58 5 37 69 19 36 70 97 98 54 12 91 31 96 1 88 35 11 51 71 30 44 84 44 46 6 88 30 42 99 67 25 43 1 28 67 50 9 72 42 30 73 20 78 100 22 57 57 89 85 15 29 68 9 46 96 41 99 81 82 84 36 29 9 28 27 99 31 63 87 29 54 24 96 82 4 33 83 72 11 21 9 97 94 3 26 48 10 39 53 88 18 18 35 46 72 71 59 53 8 32 44 88 97 72 89 20 87 5 31 8 56 71 62 86 52 25 51 87 30 96 3 81 30 53 31 99 78 93 35 94 56 60 90 23 73 28 4 50 37 23 23 22 80 17 81 25 55 22 33 40 18 99 69 41 8 97 5 20 90 44 67 1 18 67 62 12 18 80 74 55 84 53 48 36 19 64 48 65 2 11 44 93 19 60 28 65 45 38 21 55 83 75 19 22 12 73 31 45 54 93 13 6 82 31 18 44 99 38 90 74 71 84 4 85 10 92 44 13 81 47 52 24 59 54 50 70 11 60 27 37 63 53 18 12 56 69 63 10 38 27 56 91
1 454 4
1 387 10
1 770 10
1 734 2
1 327 1
1 643 5
1 406 1
1 258 1
1 256 3
1 970 5
1 765 3
1 219 10
1 216 10
1 939 2
1 525 4
1 473 4
1 635 9
1 93 7
1 91 6
1 943 10
1 942 10
1 58 1
1 55 7
1 54 2
1 47 2
1 627 8
1 42 2
1 10 2
1 8 7
2 929 3
2 624 3
2 796 4
2 375 7
2 960 8
2 977 6
2 548 5
2 283 10
2 278 3
2 262 1
2 616 10
2 740 4
2 553 6
2 141 1
2 759 1
2 134 10
2 570 2
2 97 8
2 704 10
2 72 2
2 64 6
2 938 5
2 858 5
2 51 3
2 805 2
2 46 3
2 44 8
2 39 3
2 32 2
2 809 6
2 29 7
2 26 6
2 13 3
2 7 1
3 860 8
3 786 7
3 315 9
3 598 8
3 631 5
3 272 8
3 268 4
3 255 7
3 811 10
3 244 4
3 465 7
3 840 9
3 171 10
3 168 3
3 682 1
3 129 1
3 118 7
3 488 8
3 109 7
3 632 7
3 561 5
3 61 10
3 59 9
3 569 9
3 31 6
3 23 7
3 906 3
3 6 3
4 393 6
4 390 3
4 645 9
4 372 8
4 355 10
4 789 4
4 894 10
4 660 2
4 308 9
4 304 7
4 942 5
4 277 10
4 958 6
4 480 9
4 549 6
4 234 6
4 433 1
4 584 4
4 949 3
4 205 2
4 182 8
4 161 1
4 141 6
4 559 9
4 128 8
4 887 7
4 105 10
4 100 5
4 611 2
4 86 10
4 79 2
4 77 5
4 988 8
4 761 6
4 59 7
4 56 5
4 49 9
4 48 5
4 45 2
4 40 7
4 37 10
4 402 3
4 864 9
4 15 5
4 10 6
4 9 2
4 6 1
4 5 9
4 418 7
5 651 5
5 741 2
5 350 4
5 833 6
5 585 8
5 861 7
5 338 9
5 614 1
5 922 7
5 280 9
5 275 4
5 870 4
5 222 3
5 857 8
5 181 2
5 166 4
5 523 9
5 109 1
5 103 3
5 944 3
5 73 6
5 964 7
5 35 7
6 887 2
6 350 9
6 447 2
6 626 1
6 292 4
6 273 4
6 550 6
6 502 1
6 179 5
6 407 10
6 937 9
6 694 7
6 652 10
6 492 4
6 92 4
6 49 4
6 30 9
6 423 3
7 615 3
7 421 5
7 330 4
7 589 9
7 151 3
7 133 4
7 130 3
7 99 3
7 45 1
7 43 6
8 924 6
8 992 3
8 207 2
8 770 6
8 141 1
8 796 9
8 831 7
8 774 4
8 117 1
8 616 7
8 919 10
8 771 3
8 726 8
8 28 5
8 27 3
8 26 5
8 11 10
8 10 4
9 392 3
9 913 7
9 599 1
9 785 5
9 179 5
9 667 9
9 112 5
9 62 9
10 324 6
10 309 10
10 236 9
10 233 10
10 228 9
10 198 5
10 726 6
10 737 7
10 107 1
10 106 3
10 20 3
11 695 3
11 734 9
11 501 1
11 562 3
11 42 5
11 573 4
11 32 1
11 27 7
11 26 9
12 915 10
12 334 6
12 317 9
12 600 4
12 892 6
12 473 5
12 42 1
12 32 1
13 381 1
13 296 10
13 282 7
13 250 10
13 232 9
13 467 3
13 766 8
13 108 5
13 98 9
13 525 8
13 64 10
13 47 10
14 817 9
14 389 9
14 376 7
14 815 5
14 876 6
14 489 7
14 221 9
14 195 10
14 154 7
14 78 7
14 60 3
14 555 9
14 22 6
14 18 7
14 15 5
15 359 3
15 357 8
15 470 1
15 803 1
15 295 7
15 603 2
15 448 9
15 201 5
15 618 4
15 180 9
15 848 5
15 665 5
15 165 5
15 154 9
15 144 10
15 139 8
15 131 8
15 126 5
15 832 3
15 741 3
15 823 5
15 843 2
15 951 3
15 63 8
15 484 8
15 19 3
15 18 7
15 16 10
16 377 3
16 281 2
16 200 6
16 568 3
16 143 8
16 122 3
16 60 7
16 957 7
16 18 5
17 118 1
17 102 4
18 289 8
18 34 7
19 400 7
19 420 3
19 339 7
19 297 4
19 218 5
19 210 5
19 931 5
19 147 7
19 119 1
19 80 5
19 681 10
19 66 9
19 63 7
19 36 10
19 986 6
20 578 2
20 293 7
20 214 7
20 25 2
21 428 5
21 884 6
21 814 9
21 178 6
21 159 7
21 149 9
21 142 5
21 123 2
21 522 7
21 662 9
22 368 4
22 463 10
22 270 3
22 266 5
22 791 9
22 221 2
22 930 7
22 441 6
22 68 1
22 40 4
22 958 7
23 38 5
24 849 5
24 653 6
24 547 8
24 344 4
24 513 5
24 311 9
24 792 3
24 282 5
24 259 1
24 795 2
24 157 3
24 934 10
24 93 3
24 47 7
25 203 1
25 444 7
25 111 3
26 936 4
26 51 6
27 742 8
27 873 8
27 424 3
28 333 7
28 252 3
28 238 6
28 227 8
28 39 5
29 398 3
29 553 7
29 697 8
29 864 5
29 540 5
29 205 6
29 710 5
29 673 3
29 72 6
29 44 9
30 361 1
30 817 1
30 611 6
30 245 3
30 918 2
32 562 10
32 515 7
34 866 10
34 843 3
34 955 3
34 622 10
35 629 5
35 243 2
35 470 2
35 455 5
35 763 6
35 135 5
35 512 3
35 88 1
35 82 5
37 393 1
37 224 2
37 847 2
37 188 6
37 828 5
37 662 9
37 73 8
37 607 8
38 298 6
39 919 10
39 137 8
39 114 1
39 989 1
39 67 1
39 41 10
40 372 6
40 368 6
40 618 3
40 180 7
40 956 9
40 894 1
41 415 3
41 989 3
42 366 10
42 335 8
42 334 1
42 718 2
42 836 2
42 558 6
42 249 1
42 226 10
42 905 9
42 731 6
42 196 1
42 125 9
42 121 1
42 115 5
42 738 4
42 932 10
42 972 7
42 538 4
43 421 8
43 128 10
43 633 3
44 505 10
44 806 3
44 234 1
44 170 6
44 749 6
44 89 8
44 87 8
44 52 7
44 581 10
45 358 3
45 310 5
45 303 5
45 272 6
45 269 4
45 254 9
45 416 1
45 146 5
45 133 3
45 130 4
45 987 4
45 631 5
45 405 8
46 396 1
46 283 1
46 279 4
46 247 6
46 229 5
46 946 7
46 916 7
46 750 8
46 160 7
46 563 7
46 138 2
46 730 7
46 69 9
46 571 5
47 157 7
47 104 7
47 85 8
48 386 6
48 325 3
48 639 9
48 543 4
48 208 10
48 193 7
48 184 2
48 155 6
48 745 1
48 74 3
49 362 5
49 497 9
49 199 2
49 83 9
50 410 10
50 330 7
50 319 8
50 589 7
50 162 3
50 528 3
51 936 9
52 360 10
52 355 6
52 669 8
53 347 9
53 237 7
53 502 2
53 62 6
54 770 7
54 679 5
54 90 8
55 674 6
56 373 3
57 917 2
57 343 4
57 547 7
57 259 3
57 750 8
57 792 9
58 764 5
58 466 1
58 115 7
59 382 9
59 672 2
59 231 8
59 177 7
59 948 3
59 719 8
59 100 10
59 965 7
59 61 4
60 143 8
61 569 10
61 329 10
61 274 10
61 272 9
61 477 9
61 904 7
61 70 8
61 656 4
61 908 5
61 417 7
62 746 6
62 497 1
63 354 10
63 336 5
63 320 2
63 230 6
63 220 3
63 841 7
64 242 3
64 929 10
65 453 5
65 608 3
66 300 5
66 875 2
66 619 3
66 96 10
66 88 8
67 698 6
68 380 5
68 370 1
68 291 7
68 551 7
68 185 1
68 180 6
68 139 9
68 823 1
68 557 2
69 367 1
69 316 8
69 311 7
69 493 7
69 259 4
69 653 5
69 933 7
70 379 1
70 797 9
70 452 9
70 982 8
70 531 8
70 120 5
70 719 9
70 747 4
71 389 3
71 365 10
71 251 10
71 409 9
72 704 5
72 710 3
72 978 3
73 391 5
73 707 2
73 312 10
73 532 6
73 419 10
73 700 7
73 186 6
73 691 1
74 348 5
74 612 2
74 112 8
74 966 4
75 492 1
75 845 9
75 997 9
75 825 3
75 447 7
75 642 6
76 835 10
76 953 7
76 151 10
77 815 6
77 284 9
77 245 7
77 526 5
79 386 6
79 426 9
79 277 9
79 599 6
79 813 9
79 158 9
79 86 1
81 610 6
82 705 4
82 96 3
82 88 1
83 362 1
83 199 7
83 790 3
85 344 8
85 874 7
85 795 8
85 215 4
86 556 6
86 161 2
89 517 3
90 594 10
91 229 10
92 598 9
92 168 6
92 156 9
95 955 7
96 395 6
96 286 6
96 218 8
96 818 4
96 705 1
97 977 4
97 475 3
97 774 3
98 326 2
98 664 10
99 615 5
99 129 1
100 248 8
100 204 9
100 153 3
101 409 7
101 509 8
102 811 7
103 620 10
103 149 2
103 123 4
103 657 2
103 870 2
104 756 9
107 949 4
107 684 2
107 212 4
107 430 10
107 541 10
107 872 5
107 479 2
108 467 8
108 628 4
108 499 7
109 511 5
109 865 3
109 508 3
109 564 8
109 754 2
109 808 5
110 663 2
111 768 3
113 394 4
113 188 6
113 159 1
113 530 9
114 137 4
115 216 2
115 890 3
117 454 6
118 152 2
118 912 4
119 364 5
120 582 3
120 254 6
120 146 9
120 969 6
121 265 3
121 263 3
121 506 3
121 890 7
121 718 1
122 409 1
122 434 3
122 950 1
123 391 4
123 419 9
125 683 7
125 451 4
125 538 6
126 294 6
126 270 6
126 185 7
126 163 7
126 752 4
127 776 2
128 314 8
128 597 5
128 438 3
129 570 6
130 358 6
130 305 4
130 303 2
131 195 9
131 448 6
133 269 3
134 296 1
136 514 10
136 622 8
136 271 2
136 192 3
136 699 10
136 572 6
136 866 8
138 343 2
138 164 1
139 370 9
139 460 2
140 238 7
141 988 3
142 834 5
142 693 6
142 530 5
142 159 7
142 522 7
146 844 9
146 254 9
147 210 2
147 166 10
147 552 8
148 405 6
148 631 3
148 358 3
148 244 9
149 846 1
149 260 7
149 657 4
150 724 9
151 363 9
152 925 6
154 195 5
158 390 9
159 428 6
160 519 9
160 287 7
161 732 7
162 953 4
163 345 2
163 757 2
163 445 4
164 730 5
165 812 7
165 895 5
166 712 2
166 210 8
166 609 6
167 724 9
167 345 5
169 565 3
169 752 1
169 557 8
169 270 3
169 185 3
170 471 6
170 211 8
171 811 9
171 222 2
174 177 4
175 275 8
176 763 8
177 240 1
178 947 6
178 824 4
179 237 9
180 380 8
180 618 10
182 308 1
182 709 10
183 397 9
183 888 1
184 760 6
185 294 6
185 962 5
186 209 4
186 787 6
187 381 9
187 628 8
187 995 5
191 349 8
191 985 5
191 301 6
191 194 9
191 711 8
192 866 9
192 200 5
192 898 6
193 612 1
193 332 9
197 610 7
198 236 8
198 203 8
200 323 9
203 236 1
205 867 7
205 697 1
207 994 4
207 726 6
207 896 1
207 433 6
207 831 9
208 559 7
210 837 9
210 552 2
210 640 5
211 471 2
212 872 4
213 740 10
214 783 1
214 293 2
214 427 8
215 674 9
216 767 6
217 961 1
217 758 10
217 465 10
218 328 4
218 286 10
219 968 4
220 300 4
220 246 10
223 542 2
223 465 3
223 961 5
223 402 8
223 903 8
224 280 1
228 430 2
228 309 7
228 949 10
228 655 3
229 279 2
229 954 1
230 241 9
230 575 5
231 772 2
233 859 2
235 450 3
237 613 10
238 313 1
238 252 10
239 476 6
240 379 7
241 986 9
241 425 5
241 848 8
242 524 7
244 877 10
245 361 7
246 300 4
247 885 6
249 731 3
249 720 4
249 374 6
249 422 10
251 290 4
251 281 8
251 868 7
254 644 2
255 781 4
257 537 3
257 360 7
257 804 9
258 554 7
258 440 6
261 451 1
261 718 3
262 278 1
263 890 3
264 594 1
267 403 10
268 318 10
268 292 3
270 441 4
271 572 4
271 898 2
273 694 3
273 626 6
273 533 7
274 307 6
274 779 10
279 396 1
279 375 9
279 954 2
280 338 8
283 938 6
287 443 2
288 838 5
289 356 4
290 399 8
290 365 9
290 634 2
290 721 1
290 560 10
292 331 2
292 318 3
292 408 10
294 670 8
297 609 10
299 326 5
301 972 7
302 856 8
303 762 10
305 762 10
305 545 7
306 470 1
306 455 4
307 569 7
307 786 9
307 904 5
308 418 5
309 996 10
310 416 4
310 661 6
316 933 4
317 981 1
317 821 1
317 562 1
318 685 10
318 880 8
320 359 5
320 484 10
321 482 8
323 596 9
324 574 2
325 728 8
325 612 1
327 765 8
327 387 6
327 897 4
327 780 8
327 424 6
327 573 8
333 992 6
334 932 8
334 915 7
334 469 4
335 743 7
335 932 9
339 663 3
341 609 7
344 351 9
346 600 8
349 794 4
349 516 4
350 808 4
350 566 4
350 614 1
351 795 2
351 874 1
353 391 9
353 689 3
353 621 5
353 829 4
358 980 5
358 580 3
358 659 4
360 373 2
365 399 2
365 715 9
365 560 7
367 653 3
367 934 8
368 446 9
368 894 7
369 690 7
371 976 10
374 720 1
374 422 5
375 954 4
376 891 7
376 998 9
378 574 7
379 638 2
381 494 3
381 625 6
382 747 2
382 688 7
382 719 9
383 405 3
384 690 5
386 401 9
387 807 7
387 695 9
387 853 3
387 765 2
388 571 10
388 443 9
391 829 7
391 532 9
397 646 9
399 715 2
400 429 2
400 931 1
401 500 3
401 426 1
402 542 3
403 820 7
408 605 7
408 685 9
408 508 2
408 865 2
409 509 7
410 528 8
412 965 5
416 661 10
417 477 1
417 666 7
420 712 1
422 720 9
422 985 2
424 753 8
425 986 2
427 783 10
427 751 5
428 814 8
430 479 6
430 539 3
433 761 4
434 950 2
436 993 2
436 466 8
436 504 6
439 527 6
443 563 3
445 757 3
447 492 5
448 665 3
448 930 5
454 940 10
457 603 3
462 707 9
463 791 2
463 687 7
465 903 2
465 961 5
466 993 9
469 851 3
473 892 3
477 666 10
478 633 6
479 541 6
482 693 6
486 686 6
487 587 6
492 825 1
493 647 4
494 536 10
495 678 2
498 576 5
498 999 5
501 573 5
502 881 6
502 613 8
503 546 8
504 993 7
514 668 9
521 939 6
523 861 9
526 716 9
526 660 9
533 937 7
535 636 2
539 541 1
543 785 9
543 971 10
543 913 8
547 792 5
547 850 8
550 997 9
553 583 9
555 918 7
558 767 1
559 639 6
560 715 8
564 880 6
566 579 2
569 908 10
569 682 10
580 659 4
580 782 2
583 978 2
583 710 10
585 870 7
586 668 2
590 699 5
591 774 6
592 692 1
593 759 1
594 679 3
594 788 9
599 971 8
599 813 3
599 785 5
600 821 8
602 678 8
605 754 3
613 881 7
613 671 3
615 706 5
616 990 7
621 689 7
622 810 5
625 766 8
626 937 10
626 694 4
630 678 2
634 721 7
641 680 5
643 734 3
643 979 9
649 793 10
661 959 9
664 714 6
672 727 6
677 692 3
682 906 10
693 834 1
701 723 9
702 789 4
703 819 6
704 945 8
707 828 4
709 802 10
718 905 6
719 747 10
726 771 8
726 863 8
726 896 7
731 836 10
750 885 7
765 853 6
769 901 2
771 896 4
779 860 7
785 913 10
785 971 8
792 850 4
800 879 2
800 991 5
806 839 6
810 842 10
817 918 1
821 981 4
829 920 3
854 928 1
862 969 10
882 955 7
886 928 4
899 925 8
919 924 10
