1000 1197
5 15 84 93 87 41 88 83 79 66 61 2 78 5 7 4 55 71 42 6 43 58 45 4 72 42 8 49 84 99 44 69 22 71 43 60 76 26 10 16 88 59 6 13 55 12 14 95 46 87 92 92 99 31 86 11 38 11 13 88 94 42 41 51 87 68 84 63 53 15 23 24 4 27 70 75 52 60 86 52 16 74 92 99 62 21 43 25 15 26 78 44 49 26 71 66 40 98 74 21 7 92 15 87 64 26 20 2 13 22 20 23 95 26 95 58 44 32 25 52 64 81 45 39 14 21 50 74 99 41 58 70 96 13 29 56 35 76 72 23 48 72 37 57 91 27 4 4 73 25 48 49 34 51 33 54 54 75 90 87 6 76 46 3 16 9 93 98 17 39 99 35 35 40 53 35 77 31 3 46 75 62 58 1 43 83 66 64 87 47 86 48 78 37 60 40 78 11 67 35 85 91 6 80 56 100 38 46 15 6 12 14 97 71 96 42 41 55 84 63 100 24 30 95 80 47 25 11 91 68 47 1 17 28 34 85 32 61 66 65 2 76 73 39 92 91 90 21 4 36 32 80 23 7 10 8 49 24 69 21 20 14 64 62 14 13 19 37 8 84 79 26 5 46 9 29 1 19 58 81 60 65 70 57 86 25 21 72 12 73 29 16 8 59 98 56 94 98 13 96 11 30 57 93 62 35 4 74 53 19 71 30 20 13 67 15 36 48 22 1 15 40 65 70 58 88 21 27 82 32 14 58 7 28 26 90 100 98 17 48 98 29 54 15 15 55 24 56 55 6 59 59 82 98 91 86 21 51 87 95 86 58 16 20 9 29 46 90 72 10 39 35 27 76 59 85 56 68 81 88 30 61 54 8 68 55 87 15 96 83 22 40 31 5 66 3 28 68 28 53 79 20 14 76 77 59 59 45 61 59 68 100 23 13 52 88 64 54 81 48 61 23 21 93 30 3 43 4 65 19 46 10 21 83 8 48 89 36 30 63 19 35 45 79 27 72 100 53 2 11 42 57 45 63 37 62 55 89 91 81 13 35 50 30 13 67 23 71 94 49 15 22 78 71 27 33 60 3 12 20 74 14 23 7 38 71 94 80 92 9 22 90 51 96 97 5 25 68 62 31 63 60 13 86 49 3 62 36 56 27 4 46 34 77 96 15 9 10 68 6 25 56 22 22 72 85 34 14 22 26 24 69 94 51 26 71 13 31 69 51 32 72 8 76 43 41 18 21 61 28 94 76 29 2 18 41 78 13 47 64 22 44 41 50 65 74 45 78 54 27 71 74 25 10 14 26 13 56 10 55 16 24 93 9 5 12 50 37 25 71 40 9 25 1 39 73 3 2 68 62 99 23 12 98 24 97 28 40 38 71 7 9 66 28 5 51 93 76 64 40 75 96 67 56 9 24 95 47 20 79 66 54 87 90 92 3 94 12 8 32 59 29 8 76 59 26 63 98 7 78 28 100 33 38 68 30 72 71 22 62 78 54 95 62 71 74 34 81 5 49 79 78 76 95 1 76 5 90 42 37 23 34 13 99 28 30 18 40 7 81 73 83 12 17 77 56 77 12 93 19 41 100 32 7 30 81 59 7 67 12 69 79 73 60 32 53 37 75 44 75 10 10 90 58 93 72 14 47 2 6 15 36 46 83 74 41 87 28 75 11 10 33 35 13 21 39 15 20 78 63 12 35 94 1 95 89 17 50 8 73 31 1 41 22 91 77 35 47 100 20 56 5 33 9 17 89 9 32 22 98 80 61 80 67 53 93 75 14 56 100 18 53 65 50 93 47 27 78 52 43 35 42 78 93 19 53 40 30 30 11 70 48 5 61 50 34 50 40 60 79 53 21 39 25 86 80 30 56 78 91 81 100 62 95 59 67 86 54 45 22 60 37 74 41 79 27 45 99 76 22 86 75 50 69 11 43 18 13 18 65 65 30 76 30 69 69 30 20 94 31 47 81 96 74 49 4 46 56 70 81 69 43 24 36 97 41 79 30 44 28 83 29 43 95 86 18 82 1 53 93 33 27 64 53 55 98 61 29 15 48 22 12 21 4 21 84 16 75 63 89 53 69 77 90 81 91 73 35 86 17 48 86 96 29 89 84 96 80 32 16 23 44 98 12 31 40 3 37 86 34 17 86 70 19 49 12 33 22 55 43 22 19 99 70 30 41 26 92 76 99 35 71 53 73 40 10 7 25 98 39 38 67 10 77 59 97 35 81 19 83 94 78 7 48 98 33 7 10 85 70
1 816 10
1 374 1
1 365 6
1 788 2
1 362 1
1 643 3
1 559 8
1 343 9
1 336 1
1 318 3
1 305 6
1 295 2
1 273 3
1 253 9
1 606 3
1 235 2
1 228 4
1 933 9
1 992 3
1 167 5
1 157 1
1 156 6
1 135 1
1 732 4
1 122 1
1 115 6
1 111 8
1 107 9
1 101 4
1 490 1
1 98 3
1 95 2
1 84 2
1 83 7
1 727 8
1 77 1
1 628 4
1 67 6
1 757 7
1 49 8
1 48 2
1 47 3
1 45 4
1 42 8
1 37 5
1 29 1
1 3 4
2 393 9
2 759 4
2 285 7
2 260 3
2 751 8
2 411 1
2 449 2
2 99 8
2 85 1
2 70 10
2 60 7
2 851 1
2 50 1
2 24 4
2 740 1
2 3 7
3 395 2
3 328 2
3 310 10
3 943 4
3 637 2
3 230 9
3 498 5
3 629 5
3 961 7
3 69 2
3 418 3
3 49 10
3 32 3
3 15 8
3 738 7
4 546 9
4 370 8
4 348 2
4 336 8
4 490 2
4 807 1
4 328 10
4 326 6
4 313 3
4 644 10
4 914 2
4 429 5
4 522 9
4 277 2
4 743 9
4 556 9
4 717 6
4 724 8
4 236 8
4 574 1
4 931 4
4 775 7
4 158 9
4 124 3
4 109 4
4 547 4
4 79 5
4 589 9
4 480 6
4 51 4
4 454 2
4 26 7
4 22 4
4 16 9
4 9 7
4 7 3
5 401 7
5 540 10
5 383 5
5 361 5
5 701 10
5 440 7
5 347 6
5 331 6
5 561 6
5 320 3
5 535 3
5 311 1
5 418 9
5 911 6
5 877 4
5 498 8
5 841 7
5 272 6
5 271 1
5 257 10
5 532 6
5 662 10
5 777 9
5 207 9
5 204 5
5 768 5
5 193 7
5 822 1
5 182 1
5 513 4
5 899 5
5 170 7
5 581 7
5 132 7
5 127 1
5 125 5
5 112 7
5 479 7
5 82 8
5 482 1
5 826 7
5 72 3
5 983 7
5 66 8
5 571 1
5 44 3
5 39 8
5 34 4
5 33 5
5 32 4
5 485 7
5 937 4
5 7 9
6 313 7
6 572 2
6 562 10
6 167 7
6 146 5
6 94 8
6 24 8
6 13 2
7 391 4
7 828 6
7 713 7
7 312 1
7 973 7
7 785 4
7 281 1
7 415 3
7 253 2
7 241 3
7 860 3
7 166 6
7 163 5
7 158 1
7 143 1
7 137 1
7 425 9
7 590 10
7 96 6
7 82 2
7 81 9
7 66 8
7 813 1
7 893 6
7 43 1
7 39 1
7 33 8
7 8 1
8 399 7
8 580 6
8 844 9
8 632 2
8 307 3
8 274 6
8 616 5
8 816 1
8 177 7
8 176 10
8 173 6
8 163 8
8 134 9
8 76 8
8 436 10
8 74 2
8 53 4
8 430 5
8 37 3
8 35 5
8 29 6
8 28 9
8 21 3
8 19 3
8 17 2
8 14 4
8 470 1
8 11 3
9 310 5
9 795 6
9 160 5
9 671 8
9 938 8
9 119 2
9 61 7
9 44 5
9 26 4
9 16 9
10 958 2
10 844 2
10 575 2
10 720 8
10 576 5
10 867 3
10 876 5
10 140 2
10 409 3
10 102 3
10 420 5
10 772 3
10 76 10
10 680 10
10 43 10
10 35 2
10 27 7
10 11 10
11 399 7
11 368 8
11 692 7
11 687 6
11 739 8
11 567 3
11 922 3
11 699 2
11 117 8
11 76 2
11 591 7
11 40 7
11 21 6
12 626 5
12 381 8
12 515 7
12 217 1
12 130 9
12 90 6
12 62 7
12 22 1
13 879 5
13 285 4
13 185 2
13 685 4
14 320 8
14 845 9
14 270 4
14 54 9
14 890 1
14 17 10
15 396 5
15 358 7
15 147 3
15 91 4
15 90 2
15 22 1
15 530 7
15 450 8
16 376 8
16 348 3
16 914 3
16 465 8
16 421 10
16 858 9
16 149 7
16 474 10
16 550 1
16 506 1
16 55 4
17 134 5
17 28 10
18 354 8
18 988 3
18 204 7
18 942 4
18 53 6
18 776 5
19 453 2
19 537 3
19 263 9
19 182 6
19 969 5
19 141 5
19 633 6
19 646 1
20 281 4
21 379 6
21 467 2
21 295 7
21 707 8
21 229 2
21 192 4
21 642 1
21 105 3
21 36 6
22 396 8
22 381 1
22 373 2
22 153 4
22 459 10
22 626 1
22 90 3
22 897 6
23 226 10
23 203 5
23 113 5
23 25 9
24 979 7
24 334 6
24 562 8
24 178 3
25 719 1
25 413 8
25 216 8
25 560 10
25 50 6
26 424 6
26 384 3
26 364 4
26 348 8
26 278 2
26 658 9
26 610 1
26 198 7
27 800 9
27 346 10
27 737 2
27 103 10
27 73 6
27 508 9
29 296 7
29 229 5
29 667 7
29 188 5
29 621 9
29 846 5
29 504 1
29 613 9
29 46 4
29 37 8
30 924 3
31 698 6
31 318 6
31 451 8
31 180 9
31 150 10
31 608 1
31 589 1
31 553 4
31 45 8
32 882 1
32 310 5
32 106 3
33 276 7
33 834 6
33 789 5
33 125 9
33 492 10
34 337 1
34 300 1
34 776 10
34 953 2
34 218 3
34 98 2
35 190 9
35 569 4
35 145 9
35 43 2
36 467 8
37 580 3
37 971 4
37 177 1
38 698 10
38 489 9
38 762 6
38 45 5
39 479 8
39 232 6
39 461 5
39 125 5
40 876 5
40 346 5
40 306 10
40 812 5
40 576 6
40 202 6
40 104 5
40 73 5
40 928 8
41 562 8
41 733 1
42 157 5
42 47 9
43 190 6
43 161 1
43 102 6
43 80 4
44 849 4
44 89 1
45 389 7
45 762 1
45 57 5
45 698 8
46 621 3
46 510 5
47 374 3
47 529 9
47 534 5
47 194 2
47 115 10
48 216 4
48 946 4
48 135 4
48 788 8
48 83 1
49 397 1
49 432 10
49 871 5
49 339 8
49 286 9
49 258 9
49 231 9
49 152 7
49 129 1
49 84 8
49 77 5
50 651 4
50 226 10
50 853 4
50 113 7
50 70 7
51 391 9
51 366 6
51 291 5
51 843 2
51 907 6
51 158 5
51 112 4
51 775 1
51 66 8
51 965 1
52 881 9
52 332 5
52 288 9
52 262 6
52 968 1
52 664 6
52 653 8
52 516 4
52 172 10
52 511 6
52 116 9
52 951 4
52 406 10
53 821 5
53 322 1
53 221 3
53 564 10
53 988 4
55 421 7
56 288 8
56 262 1
56 904 7
56 169 1
56 825 3
56 695 5
58 417 1
59 518 2
59 684 3
59 927 5
59 829 3
60 585 9
60 250 10
60 594 5
60 142 6
60 128 9
60 121 9
60 97 10
61 915 3
61 355 9
61 287 3
61 198 7
61 148 10
61 71 7
62 350 4
62 892 9
64 523 9
64 234 10
65 79 8
66 485 8
66 118 2
67 236 3
67 995 4
67 463 5
68 395 7
68 811 2
68 870 4
69 864 2
69 943 4
71 915 9
71 292 1
71 831 6
71 78 7
72 550 8
73 382 3
73 360 8
73 663 1
73 199 6
73 168 4
73 117 9
74 255 9
74 214 9
74 105 6
75 829 7
75 342 6
75 243 7
75 668 7
76 720 7
76 958 4
76 140 5
77 338 1
77 215 6
78 976 9
78 948 8
78 160 5
78 149 7
78 119 10
80 950 1
80 569 4
80 252 4
80 827 3
80 190 3
80 96 9
80 962 5
81 1000 1
81 605 5
82 640 5
83 901 8
83 501 10
83 171 2
83 165 5
83 95 9
83 595 6
83 801 7
83 957 3
84 324 6
85 357 4
85 810 4
85 598 9
85 219 5
85 128 10
86 610 8
86 304 10
86 802 1
86 506 7
86 433 5
86 92 2
87 828 9
88 738 9
88 557 7
88 369 1
88 796 1
88 345 8
88 480 3
88 759 4
88 895 5
88 780 6
88 754 1
88 210 6
88 138 10
88 797 8
88 99 1
88 644 9
89 427 7
89 164 4
89 127 5
90 284 6
90 686 2
91 556 9
92 586 5
92 798 6
93 434 5
93 908 4
93 930 10
93 240 2
93 483 4
93 227 3
93 191 6
93 189 6
93 847 5
93 120 2
93 109 6
93 108 10
93 454 5
93 919 8
93 522 5
94 167 9
94 763 8
95 353 10
95 319 7
95 314 9
95 901 6
95 488 8
96 161 1
96 143 2
96 114 4
96 691 8
96 505 5
97 585 3
97 702 8
98 673 1
98 337 4
98 218 10
98 830 7
98 815 2
98 437 8
100 368 7
100 104 4
101 367 3
101 181 2
101 880 4
101 410 5
103 800 10
104 306 8
104 233 7
104 706 6
106 347 10
106 261 3
106 184 3
106 836 5
106 678 2
106 617 7
107 723 4
107 755 2
107 154 3
107 643 1
107 553 7
108 191 1
108 552 1
109 329 1
109 885 5
110 402 7
110 240 8
110 201 1
110 435 2
110 552 10
111 362 10
111 298 7
111 213 4
112 267 1
112 193 10
112 464 5
112 709 3
113 226 10
114 691 2
114 960 10
115 529 9
116 511 8
116 262 3
116 205 6
116 469 9
116 695 2
117 524 8
118 1000 10
118 777 10
118 655 5
119 689 7
119 246 4
119 438 2
120 369 3
120 345 7
120 138 2
120 612 2
122 395 6
123 995 9
125 874 4
126 638 4
126 259 3
126 238 9
126 210 7
126 525 2
126 604 2
127 225 2
128 142 5
129 286 3
130 515 10
130 892 4
132 711 1
132 820 6
132 639 3
132 311 8
132 543 1
132 983 1
132 536 10
132 670 5
133 147 9
134 786 5
134 303 2
134 173 4
135 570 9
136 386 10
136 980 6
137 356 10
137 195 9
137 634 3
138 345 9
140 753 2
140 545 9
141 818 1
141 307 3
141 470 4
141 537 2
141 544 7
142 357 9
142 219 2
142 159 5
143 526 1
143 596 2
143 252 7
143 827 7
144 465 3
145 317 7
145 205 8
145 441 2
145 469 1
146 265 5
148 198 8
149 748 4
150 451 9
150 785 1
151 192 5
152 235 2
153 991 6
153 892 9
154 723 10
155 619 5
155 688 2
156 385 6
156 681 10
156 573 7
156 471 6
157 445 7
157 222 1
158 366 1
158 989 6
159 316 1
160 795 9
160 831 2
162 398 2
162 764 9
163 173 6
164 427 5
164 179 5
164 472 7
166 275 10
166 269 1
166 813 8
166 519 1
166 503 8
167 244 8
167 572 9
167 982 7
168 289 4
168 268 7
168 245 5
168 835 6
169 325 1
169 317 4
169 682 8
169 205 6
170 383 1
170 349 10
170 535 9
171 520 7
171 714 2
171 501 1
172 549 8
173 786 6
173 430 10
174 401 10
174 841 9
174 640 10
174 826 10
175 378 6
175 326 10
175 259 4
175 238 10
175 779 9
178 740 9
178 260 8
178 929 5
178 909 4
180 614 2
180 490 8
181 737 6
182 377 10
182 264 1
182 263 5
184 532 9
184 261 4
184 558 5
186 554 5
186 350 6
186 234 10
188 693 3
188 248 7
188 504 10
189 394 10
189 483 10
189 791 10
190 962 3
191 402 8
191 839 9
191 434 1
191 749 9
192 883 9
193 267 3
193 257 3
193 464 10
195 963 7
195 966 5
196 240 7
196 790 3
199 245 3
199 443 7
199 602 5
201 839 5
201 435 1
201 321 5
201 280 10
201 266 4
201 402 6
201 460 6
203 520 9
205 481 7
205 682 9
208 728 3
208 215 6
208 538 10
209 309 4
209 224 4
211 304 3
211 862 8
214 255 7
217 523 4
218 603 7
218 437 7
218 815 3
219 250 5
220 230 3
221 446 4
221 517 4
222 228 3
224 309 10
224 696 3
225 340 8
225 563 4
227 522 1
227 799 2
228 445 1
229 296 4
229 527 8
231 745 1
233 579 7
233 279 9
233 663 6
233 706 10
235 559 1
236 400 5
241 921 9
241 509 8
241 729 10
242 301 2
242 820 2
242 734 7
243 593 8
245 524 1
249 481 8
249 682 10
251 813 8
252 731 10
252 405 4
254 592 9
257 947 1
258 629 2
263 536 1
263 910 10
264 377 2
264 670 2
265 327 8
266 280 7
266 749 7
268 360 7
270 320 9
270 873 4
271 397 5
271 432 4
272 361 3
272 657 8
272 952 1
272 407 7
272 617 1
274 588 9
275 677 6
276 984 1
276 461 4
278 627 2
278 658 1
280 936 9
281 715 6
283 512 5
286 875 7
286 752 1
288 865 7
288 431 3
288 968 4
288 625 8
289 602 7
289 443 9
291 741 10
293 981 10
294 506 6
298 606 10
298 939 4
299 331 9
299 440 5
299 404 5
300 615 10
301 633 3
301 817 9
303 430 3
304 862 3
309 482 2
311 983 8
314 353 2
317 636 6
319 414 1
319 595 4
319 801 9
320 845 1
321 839 9
324 732 3
325 636 9
326 964 10
329 791 5
329 985 5
330 385 2
331 494 10
331 473 9
333 648 6
333 597 5
334 848 1
336 400 10
337 539 5
339 745 8
340 887 1
340 472 2
342 449 9
342 500 10
343 704 1
343 423 5
344 564 8
345 903 5
348 424 10
348 647 7
351 607 1
357 810 2
358 370 4
359 422 3
360 583 5
360 609 2
360 850 7
361 571 1
361 899 7
363 401 9
363 705 2
368 699 2
368 577 2
369 428 4
371 684 7
375 475 10
377 896 9
379 667 7
380 551 1
380 391 10
380 907 3
380 893 5
380 965 10
383 873 8
384 823 5
387 822 6
390 408 6
391 551 3
394 985 9
394 419 1
394 688 2
401 659 7
401 826 1
402 452 10
403 761 9
405 596 3
407 495 9
408 766 1
408 895 1
408 411 9
411 444 3
413 674 6
415 526 5
416 782 1
420 545 9
420 567 3
420 753 8
421 474 5
421 858 6
421 891 10
423 769 10
423 681 1
423 656 9
423 704 10
423 773 8
423 856 6
426 472 7
426 887 1
431 676 8
432 937 1
435 932 9
435 452 2
436 816 5
437 815 8
443 602 3
444 620 6
445 757 6
446 601 5
449 500 8
453 537 7
453 646 3
453 652 3
453 818 5
457 739 10
459 546 4
461 984 6
461 492 5
461 496 9
469 861 10
470 912 4
471 573 6
477 971 2
480 555 6
482 760 5
482 533 2
483 744 6
483 919 7
487 668 10
490 547 7
490 727 5
490 717 7
490 833 6
493 903 5
493 514 1
496 940 3
498 943 3
501 957 8
502 919 8
507 613 10
507 975 3
516 886 3
517 601 2
518 927 5
519 854 7
527 667 7
528 538 5
536 543 4
537 544 7
537 787 9
537 646 3
539 603 8
541 765 3
542 884 9
542 566 3
543 639 5
544 967 7
545 567 4
547 717 2
548 776 5
555 742 9
560 751 7
566 884 8
572 804 10
573 906 5
574 754 1
576 600 5
576 949 1
581 911 8
589 614 4
590 834 4
591 868 8
598 618 1
599 936 2
600 928 4
600 687 9
600 922 5
601 793 3
606 832 4
609 850 5
611 623 1
613 975 7
617 678 2
617 657 2
618 857 5
621 846 8
622 923 7
622 905 6
624 653 4
625 951 7
633 817 6
637 767 1
644 754 7
646 787 1
653 865 10
656 704 9
663 956 6
670 730 8
672 814 7
678 945 7
681 726 9
685 931 1
689 976 1
691 872 9
694 948 9
700 959 4
701 925 6
704 773 5
706 999 1
707 926 5
720 772 7
722 947 5
726 770 10
726 920 8
726 856 6
729 921 3
731 950 2
734 750 6
738 842 1
745 933 5
752 875 6
762 806 3
769 773 7
788 946 9
808 884 7
836 913 3
843 907 4
844 958 9
848 974 9
862 993 10
888 903 1
935 982 9
944 994 7
