1000 1197
5 40 64 61 78 97 42 3 58 89 88 70 52 48 85 58 18 69 60 96 33 86 15 100 42 30 57 6 56 87 24 93 15 25 62 97 82 89 88 44 70 89 86 66 2 44 35 53 13 21 17 46 84 4 8 5 70 35 85 86 67 91 50 52 24 91 22 16 85 26 74 64 78 29 98 95 2 77 44 1 4 71 26 61 49 23 27 1 60 3 18 21 18 7 31 47 59 27 68 11 44 38 42 72 26 39 85 22 58 62 23 89 57 98 29 39 95 41 98 52 76 33 55 64 32 68 19 100 7 37 7 30 30 57 4 94 21 50 7 62 19 74 83 10 19 16 85 71 27 76 21 42 72 46 52 43 21 9 74 78 81 93 17 43 46 4 77 13 70 11 64 66 20 1 7 92 27 30 35 41 87 55 19 22 52 69 76 79 51 19 80 66 99 80 96 34 70 79 11 57 44 76 1 6 12 75 38 57 70 55 33 85 20 24 92 12 93 53 83 81 75 64 46 50 44 24 55 94 36 27 78 44 18 29 6 25 22 7 41 6 92 52 51 37 81 1 63 75 48 57 63 37 35 10 84 40 96 41 74 61 10 89 55 100 67 23 1 99 62 39 66 44 25 89 49 44 65 61 45 89 36 66 60 49 83 97 43 68 33 55 55 95 84 30 32 56 1 89 55 99 50 65 22 15 82 21 67 98 60 33 84 33 8 18 97 75 22 29 98 14 90 87 62 73 9 23 86 95 54 50 38 54 53 71 47 61 15 62 38 13 66 2 4 41 69 92 52 96 14 20 41 71 65 89 68 79 49 98 30 29 68 16 33 82 20 19 78 82 40 31 41 39 43 96 77 87 65 47 17 47 38 54 21 95 80 43 80 92 86 73 77 25 43 46 69 90 55 15 73 96 4 80 90 5 93 95 88 42 12 13 58 40 52 34 86 97 40 49 41 36 70 23 17 7 15 24 67 64 77 26 95 30 4 71 61 55 45 71 75 61 63 91 25 31 45 26 61 43 38 55 47 86 78 89 13 71 66 14 12 63 25 31 48 86 95 50 56 66 52 70 70 65 52 9 65 16 81 84 51 95 11 48 66 27 13 93 21 30 61 16 98 9 50 68 75 70 29 10 19 91 6 86 87 30 30 34 17 1 25 31 99 16 67 55 78 41 16 60 3 93 6 52 28 99 16 37 19 63 4 81 41 66 87 18 41 88 36 41 50 68 39 30 16 78 65 42 25 24 25 42 89 75 59 84 89 33 63 99 82 97 29 24 56 63 54 19 75 51 57 45 81 21 67 25 62 19 29 4 62 51 36 80 95 51 82 66 37 41 60 70 53 39 97 19 28 2 12 40 54 44 23 78 12 87 79 55 100 39 42 33 35 79 57 88 77 94 4 17 80 88 83 83 24 40 93 65 82 62 12 9 60 20 37 38 4 37 62 78 15 28 79 5 46 55 57 71 35 69 45 22 27 21 29 6 65 45 29 83 87 38 50 3 94 92 65 15 40 58 85 70 50 45 16 78 16 66 20 14 57 51 30 16 77 43 31 21 52 88 75 19 68 66 74 77 46 88 69 30 37 68 93 8 74 69 85 53 23 56 42 33 100 49 46 5 28 44 14 91 63 35 20 38 22 48 79 68 23 71 79 52 87 21 33 44 89 11 14 57 56 99 19 13 19 2 45 97 51 31 39 11 61 11 40 22 39 78 62 99 74 8 74 67 13 20 80 48 1 77 78 14 92 55 75 41 61 52 22 43 65 16 20 28 34 27 5 57 57 11 63 59 53 43 53 6 8 63 81 92 1 28 77 28 9 17 84 7 5 3 35 2 18 38 73 78 26 43 4 71 61 93 56 65 51 4 89 59 88 46 80 73 52 62 65 87 13 83 90 17 42 7 25 12 93 47 44 9 50 11 73 17 6 82 88 58 97 48 47 73 50 20 2 61 75 47 90 100 52 43 35 95 68 37 27 88 10 94 47 93 46 42 49 37 12 49 98 5 93 21 99 48 5 30 58 32 90 99 90 22 77 97 64 100 86 82 82 14 29 84 31 40 75 72 44 77 17 10 18 82 7 77 55 63 16 66 29 75 6 67 31 76 37 16 17 10 36 2 2 45 37 29 73 32 57 48 2 79 2 91 75 9 6 73 63 66 89 16 71 40 18 56 85 51 70 50 65 2 89 93 93 39 70 76 39 61 6 43 3 7 17 1 42 1 58 39 40 83 58 22 17 68 81 42 99 91 11 51 22 64 14 30
1 375 10
1 364 9
1 620 5
1 296 8
1 991 9
1 247 7
1 243 5
1 116 9
1 115 1
1 53 10
1 46 1
1 30 4
1 14 5
1 11 2
1 2 7
2 525 1
2 358 10
2 467 3
2 847 6
2 159 9
2 826 8
2 81 7
2 59 6
2 52 7
2 31 5
2 20 2
2 10 7
2 999 6
2 3 8
3 391 5
3 373 2
3 947 1
3 870 7
3 353 10
3 350 2
3 348 5
3 311 4
3 506 5
3 491 6
3 634 2
3 555 4
3 403 5
3 475 2
3 183 3
3 969 3
3 685 1
3 133 3
3 111 5
3 109 9
3 104 10
3 102 10
3 649 6
3 71 4
3 70 9
3 973 2
3 42 2
3 825 2
3 17 10
3 16 1
3 13 7
3 5 4
3 4 4
4 397 8
4 389 3
4 601 5
4 333 9
4 312 6
4 276 6
4 468 2
4 257 10
4 242 10
4 237 6
4 925 9
4 603 8
4 729 1
4 946 7
4 810 3
4 192 6
4 184 10
4 879 9
4 850 6
4 162 6
4 159 8
4 157 1
4 153 2
4 590 10
4 748 2
4 106 7
4 604 6
4 761 3
4 91 7
4 87 8
4 447 1
4 82 6
4 75 2
4 64 5
4 54 3
4 44 7
4 40 7
4 39 10
4 32 3
4 547 1
4 20 6
4 15 7
4 567 5
4 9 10
4 7 9
4 6 6
4 919 4
5 416 1
5 637 10
5 321 2
5 309 2
5 307 6
5 870 8
5 298 9
5 284 4
5 808 8
5 479 8
5 230 9
5 767 7
5 924 4
5 186 2
5 869 5
5 129 2
5 77 1
5 745 6
5 63 3
5 56 7
5 461 2
5 37 9
5 33 10
5 29 5
5 25 10
5 15 1
5 13 1
5 11 7
6 379 6
6 357 8
6 758 4
6 270 9
6 615 1
6 186 6
6 183 7
6 168 3
6 148 1
6 690 5
6 76 6
6 55 9
6 754 10
6 37 9
6 441 5
6 13 2
6 7 10
6 605 7
7 480 4
7 896 2
7 458 1
7 175 7
7 149 6
7 147 10
7 556 1
7 88 4
7 415 7
7 54 5
7 17 2
8 380 1
8 890 4
8 751 3
8 243 5
8 211 8
8 205 6
8 667 7
8 193 4
8 171 6
8 132 10
8 641 3
8 614 6
8 531 5
8 100 3
8 89 9
8 85 6
8 69 5
8 744 9
8 48 4
8 47 7
8 41 10
8 36 2
8 28 7
8 23 7
8 21 10
8 12 9
8 9 4
9 363 4
9 345 2
9 807 9
9 252 10
9 780 3
9 510 4
9 196 6
9 160 2
9 886 5
9 844 1
9 94 10
9 570 1
9 73 9
9 23 9
9 22 7
9 12 9
10 980 1
10 311 1
10 133 2
11 394 4
11 364 5
11 361 10
11 349 9
11 498 3
11 645 3
11 971 3
11 92 5
12 534 4
12 699 1
12 944 1
12 857 4
12 110 3
12 75 6
12 73 2
12 64 9
12 22 10
12 19 6
13 592 5
13 820 4
13 282 9
13 266 8
13 230 10
13 812 10
13 143 3
13 141 6
13 961 5
13 111 1
13 519 9
13 77 10
13 67 9
13 542 1
13 29 9
13 697 1
13 26 4
13 18 8
13 16 1
13 892 1
14 829 5
14 245 9
14 191 3
14 144 9
14 113 4
14 62 8
14 678 8
14 409 6
15 520 2
15 528 8
16 798 4
16 795 10
16 935 5
16 995 2
16 238 7
16 519 9
16 117 4
16 76 7
16 61 9
16 18 10
17 527 4
17 359 5
17 922 4
17 189 10
17 181 7
17 162 9
17 771 4
17 102 1
17 721 3
17 443 7
17 564 7
17 715 10
18 524 2
18 513 8
18 268 10
18 264 5
18 179 9
18 539 9
18 135 4
18 117 7
18 71 2
18 26 5
18 543 1
19 807 6
19 75 10
20 324 10
20 315 3
20 781 7
20 674 7
20 212 4
20 171 6
20 408 1
20 51 2
20 40 7
21 883 10
21 801 1
21 201 6
21 934 3
21 152 7
21 788 9
21 850 4
21 114 1
21 101 5
21 949 4
21 87 9
21 434 7
21 69 4
21 739 10
21 575 2
23 334 10
24 388 8
24 355 3
24 580 3
24 277 4
24 948 4
24 115 4
24 92 5
25 352 3
25 330 10
25 328 9
25 442 9
25 318 7
25 402 5
25 228 5
25 203 9
25 414 9
25 168 8
25 914 7
25 56 9
25 430 2
25 27 9
26 327 2
26 627 3
26 169 1
26 150 5
26 481 1
26 994 8
27 982 4
28 776 5
28 732 5
28 900 4
28 889 2
28 47 4
28 41 9
29 313 1
29 621 6
29 464 5
29 682 7
29 697 7
29 686 7
29 737 3
29 50 6
29 783 8
30 492 7
30 296 7
30 667 8
30 48 5
31 928 4
31 335 1
31 954 10
31 253 8
31 207 8
31 159 10
31 469 4
31 124 5
31 514 2
31 99 2
31 507 9
31 689 2
31 58 9
31 52 5
31 40 6
33 594 1
33 280 4
33 229 2
33 452 7
33 686 6
33 38 9
34 148 1
36 296 2
36 679 3
36 904 4
36 146 10
36 46 8
37 592 2
37 812 7
37 66 3
38 174 9
39 691 5
39 651 3
39 211 10
39 966 2
39 840 5
39 454 5
39 69 4
39 617 8
39 474 5
39 888 3
40 576 8
40 563 1
40 725 2
40 616 7
40 192 5
40 517 8
40 781 7
40 108 3
40 82 8
40 57 10
41 575 1
42 490 1
43 968 8
43 263 5
43 245 5
43 223 3
43 787 10
43 163 5
43 144 10
43 92 9
43 877 2
44 428 5
44 213 6
44 172 10
44 585 2
44 54 9
45 233 5
45 714 9
45 746 1
45 752 10
45 884 9
45 100 5
45 68 1
46 916 1
47 900 8
47 809 8
48 406 8
49 258 3
49 153 3
49 786 1
50 737 4
50 391 10
50 555 7
51 495 5
51 828 7
51 763 4
51 874 8
51 297 8
51 239 7
51 187 2
51 125 9
51 123 9
51 99 8
51 95 2
51 596 3
51 57 8
52 965 7
52 909 4
52 324 10
52 482 4
52 632 5
52 105 1
52 60 2
52 59 10
52 838 5
53 988 3
54 383 1
54 906 7
54 417 1
54 790 10
54 261 4
54 197 3
54 175 4
55 804 2
55 246 7
55 546 4
55 895 1
55 200 4
55 76 1
56 416 9
56 307 5
56 612 9
56 832 6
56 107 2
57 248 4
57 560 7
57 112 10
57 58 6
57 544 6
58 395 4
58 331 7
58 293 4
58 450 5
58 204 6
58 187 10
58 167 10
58 560 5
58 587 4
58 138 6
58 123 9
58 938 7
58 83 5
58 602 9
59 60 3
60 632 9
61 566 7
61 496 4
61 128 1
61 591 8
62 449 2
62 483 6
62 240 4
62 227 4
64 584 5
64 139 10
64 87 3
64 78 9
65 937 6
66 852 10
66 703 3
66 479 4
66 592 4
67 737 10
69 283 9
69 614 8
69 523 4
69 694 8
70 304 5
70 135 4
70 71 1
71 947 6
71 304 6
71 292 5
72 328 2
72 402 1
72 528 2
73 535 9
73 903 6
73 178 3
73 170 1
73 85 3
73 641 3
73 425 6
74 532 3
74 126 4
74 114 10
74 670 3
74 101 8
76 177 10
77 452 8
77 820 3
77 573 7
78 618 7
78 346 8
78 249 5
78 405 5
78 424 3
78 139 1
78 639 5
79 708 7
79 581 2
81 358 5
81 843 2
82 549 8
82 335 9
82 692 6
82 957 9
82 954 4
82 184 1
82 108 8
82 507 10
83 395 8
83 596 7
83 362 3
83 267 8
83 811 9
83 138 6
83 589 7
84 160 3
84 925 1
84 94 3
84 879 9
85 401 9
85 377 1
85 347 6
85 535 8
86 573 10
86 820 1
87 367 2
88 475 9
88 244 4
88 226 1
88 189 3
88 181 3
88 102 4
88 922 10
89 723 10
89 714 5
91 213 9
91 197 2
92 710 4
93 306 10
93 264 10
93 216 4
93 481 3
93 867 8
93 141 10
93 130 1
95 239 6
95 429 10
96 371 4
96 362 8
96 336 3
96 747 3
96 587 3
96 267 4
96 250 2
96 155 7
96 822 10
96 526 8
96 123 4
96 740 2
97 277 3
97 710 3
98 959 7
99 429 4
99 558 7
100 744 5
101 273 6
101 106 4
102 922 6
102 109 5
103 861 3
103 700 6
103 453 2
103 199 4
103 185 7
103 173 3
103 165 3
103 743 7
103 524 2
103 623 4
104 373 7
104 359 2
104 443 3
104 302 8
104 295 10
104 969 9
104 624 10
104 545 7
104 109 10
105 212 7
105 156 7
106 299 1
106 503 5
106 911 9
106 465 2
108 921 4
108 521 9
108 314 2
108 271 3
108 269 4
108 231 8
108 192 3
108 633 6
109 302 8
109 927 7
112 167 4
113 610 10
114 387 1
114 232 3
115 619 10
116 975 7
117 500 9
117 509 1
117 180 2
118 326 7
118 185 7
118 179 6
118 173 4
118 165 7
118 488 5
119 363 6
120 370 10
120 751 4
121 260 5
121 198 2
121 126 4
123 392 5
123 127 7
124 408 10
124 156 8
125 219 2
125 204 3
127 823 2
127 938 1
127 187 9
127 182 10
127 602 8
128 705 1
129 340 4
130 398 5
130 627 6
130 216 4
132 570 6
134 472 3
134 343 9
134 743 4
134 518 7
135 566 4
135 268 1
135 548 3
137 568 10
137 331 2
137 204 9
137 167 10
137 872 4
137 502 5
137 505 3
139 486 5
139 405 10
139 439 9
140 297 9
140 267 2
140 635 6
141 784 4
141 320 5
142 328 4
142 769 8
144 409 7
144 308 9
144 191 2
147 906 5
147 175 10
150 867 7
150 802 10
152 454 3
152 805 8
153 258 2
154 287 4
154 444 1
155 254 4
155 683 1
156 366 10
156 595 7
156 279 9
156 259 6
156 218 7
156 215 4
156 212 8
159 941 6
160 569 2
160 631 2
161 634 3
161 448 2
162 257 4
162 858 3
164 319 5
164 249 6
165 199 6
165 185 1
165 179 9
165 524 9
167 399 2
167 793 5
167 720 5
168 214 2
168 441 10
168 914 3
169 173 1
170 699 5
171 341 9
172 428 4
174 464 3
175 415 5
175 777 3
177 758 1
178 410 3
178 310 9
178 717 9
180 509 7
181 821 2
181 226 2
181 189 5
181 516 5
183 649 9
183 615 6
184 692 6
185 861 10
189 376 7
189 908 10
189 440 1
189 244 8
189 853 9
189 864 6
189 431 6
189 730 2
191 787 9
194 712 1
197 384 6
197 261 9
198 673 5
198 260 2
200 728 8
200 274 6
200 217 2
200 755 3
201 883 4
201 597 3
201 515 1
201 283 7
201 538 10
203 577 1
204 983 1
204 235 9
204 219 3
204 644 1
206 290 2
206 220 8
206 889 5
208 521 8
208 636 5
209 339 10
209 837 4
209 284 3
209 767 9
210 371 8
210 874 9
210 281 6
210 635 6
211 617 10
211 840 5
212 885 1
212 215 4
214 382 5
214 379 4
215 218 5
215 885 4
215 595 2
216 398 3
217 728 9
217 690 6
217 819 3
217 895 1
218 871 8
218 885 6
218 735 1
218 595 10
221 839 9
221 445 5
221 466 2
222 494 6
222 332 8
223 960 10
223 930 4
223 764 7
224 336 1
224 653 4
225 977 5
225 833 4
226 393 6
227 449 9
228 318 2
228 932 1
228 832 1
228 485 9
229 411 2
229 687 8
233 847 8
233 933 5
236 483 9
237 547 10
237 418 1
237 779 2
237 478 8
238 664 5
239 396 1
239 719 6
240 678 5
240 724 6
243 897 2
244 741 1
244 426 1
248 544 3
249 346 6
249 583 10
249 639 1
249 424 9
250 281 6
250 278 9
250 785 6
254 747 5
254 526 5
256 831 5
257 397 5
258 786 2
260 673 2
261 354 5
261 817 8
262 461 4
263 308 3
264 386 5
265 381 8
266 287 6
267 362 6
267 356 6
268 407 7
269 919 2
269 913 1
271 301 1
271 521 3
272 563 3
272 866 7
274 1000 5
274 985 7
275 855 1
276 601 8
277 355 8
279 735 9
282 695 6
282 419 5
282 648 7
283 523 2
284 339 5
284 553 2
284 656 7
285 472 9
285 518 4
286 553 7
286 537 8
287 994 10
287 652 6
287 628 2
290 552 7
291 816 9
294 320 8
294 757 1
294 513 7
297 596 2
298 321 1
299 503 4
302 373 4
303 547 10
303 603 10
303 696 3
304 970 2
304 413 8
305 350 7
305 470 8
305 973 5
306 757 2
306 834 6
306 513 4
307 865 9
309 323 4
309 608 6
310 410 3
311 760 9
313 768 6
314 939 5
314 633 9
316 670 3
316 463 10
316 849 6
316 855 5
317 690 8
321 869 10
323 608 7
323 451 5
325 516 5
326 368 6
326 488 9
328 707 6
330 442 9
331 399 9
332 496 5
332 494 2
333 383 8
334 559 9
334 671 8
334 799 1
335 565 7
336 676 1
338 477 4
339 656 10
339 818 7
341 456 9
345 631 4
345 484 7
350 973 7
351 600 2
354 389 10
359 443 4
360 494 8
360 496 7
360 659 4
361 364 5
362 432 10
371 562 4
371 677 5
372 710 1
373 912 1
373 738 10
377 626 6
381 968 6
384 446 1
388 645 4
394 646 4
394 586 9
395 487 2
399 505 8
399 872 9
399 568 9
401 551 3
401 641 7
401 759 10
404 733 4
404 937 5
404 684 3
405 459 9
405 439 8
406 679 1
406 622 7
407 543 9
412 930 2
412 960 6
415 997 6
416 485 3
418 718 8
419 985 10
419 974 3
422 572 9
423 853 1
423 431 3
424 583 9
424 639 5
424 438 3
426 730 4
434 836 7
436 715 2
437 663 7
438 663 3
439 881 3
439 613 5
440 864 7
445 604 7
445 640 10
447 465 7
447 963 10
447 911 6
447 473 2
450 602 6
451 608 9
454 474 7
455 471 10
461 745 5
461 920 2
462 650 10
462 693 8
462 493 8
464 704 3
466 727 6
468 825 6
470 705 9
472 518 9
478 718 5
481 802 10
482 561 1
483 724 1
484 773 4
484 800 1
486 894 6
486 734 7
492 988 10
493 691 1
493 693 10
493 976 10
506 935 6
511 771 6
512 517 5
513 834 10
513 757 1
513 967 9
514 748 9
514 941 7
515 614 7
517 616 9
519 961 9
521 753 2
521 636 4
521 713 8
524 582 9
526 822 8
527 545 8
537 553 9
540 720 1
543 792 5
544 560 4
544 996 7
546 895 10
549 954 10
559 671 9
562 680 8
563 902 8
566 774 9
568 872 6
569 631 1
571 698 6
572 606 1
574 797 1
580 764 10
580 669 8
582 952 1
588 957 5
589 998 8
590 839 5
590 640 7
592 992 10
592 910 2
593 777 7
597 949 9
601 716 10
602 823 7
605 837 6
610 726 6
610 841 10
613 881 8
622 679 3
625 853 6
628 756 5
632 838 4
637 778 4
641 931 7
649 685 8
650 691 4
650 693 3
655 752 8
656 818 2
659 956 1
662 668 9
670 849 8
671 799 5
675 831 8
675 852 3
676 833 5
676 846 1
680 740 5
682 892 7
682 697 10
684 990 8
688 876 7
696 779 9
698 778 8
707 769 9
709 802 2
709 813 2
712 936 10
714 746 1
714 891 10
715 878 7
719 972 10
728 816 9
743 803 4
745 920 3
746 891 1
749 882 4
753 921 4
760 827 9
773 868 4
773 775 3
778 964 5
793 854 10
798 942 7
805 863 2
811 828 3
824 952 7
828 917 5
833 846 9
833 977 9
842 882 9
842 929 10
846 977 8
850 887 7
863 880 3
897 991 7
901 903 3
940 966 3
942 961 7
981 992 1
