1000 1197
5 41 12 79 79 14 2 61 87 100 46 3 79 38 21 48 78 15 33 9 40 81 60 61 68 92 9 41 32 23 24 95 15 85 45 73 4 73 19 64 41 25 50 24 74 79 62 49 12 86 28 42 87 60 59 52 45 62 42 59 43 51 84 4 39 75 11 75 33 75 35 70 35 93 20 68 74 13 50 46 93 58 59 77 100 100 55 77 42 5 8 47 89 53 70 5 33 25 76 65 68 16 6 53 44 38 15 12 3 86 54 97 19 26 48 56 96 80 4 4 88 100 16 100 34 14 22 21 97 38 19 24 95 70 2 43 68 72 41 94 42 86 45 15 63 37 31 8 64 37 54 28 14 9 54 77 32 93 4 25 57 65 98 5 45 57 7 33 59 57 73 82 98 74 26 90 76 28 98 55 39 63 10 12 49 5 55 14 82 37 52 94 54 51 76 29 82 56 36 37 41 57 57 14 47 65 73 14 10 48 22 91 39 69 86 84 54 68 30 72 11 97 88 27 7 3 35 55 37 80 93 16 67 37 66 88 81 42 9 75 66 48 20 94 73 32 98 10 48 5 79 34 94 33 73 7 73 79 14 86 91 46 58 63 38 58 48 55 79 26 67 37 33 50 37 17 55 14 68 89 45 63 97 11 88 17 28 18 18 17 23 90 33 34 38 39 37 31 95 50 47 37 51 71 10 9 10 99 42 88 32 78 88 47 33 49 11 11 74 61 97 60 31 21 27 52 34 94 25 15 29 32 36 6 27 32 39 70 14 87 3 67 32 65 90 64 49 42 63 44 4 60 23 27 23 18 73 65 57 71 34 86 44 16 64 59 80 70 56 85 26 44 3 41 28 20 93 76 78 26 53 98 1 26 82 58 64 50 9 88 75 39 69 44 36 52 88 23 72 57 92 49 52 95 23 25 47 80 7 78 79 84 31 78 44 19 45 4 98 24 84 5 88 40 89 11 97 75 88 78 99 24 1 94 24 1 50 70 69 53 85 76 19 4 96 36 81 86 49 41 2 32 35 2 60 99 46 42 17 48 75 9 4 58 32 49 32 47 44 99 47 27 29 26 70 26 59 81 26 62 27 75 73 44 37 48 23 46 21 45 19 44 56 39 71 65 2 42 62 41 26 35 94 12 16 83 23 63 74 86 46 74 57 79 84 37 41 2 56 70 52 71 75 3 90 50 3 47 82 53 33 89 76 29 23 28 58 53 8 54 90 41 28 26 49 36 13 24 72 10 32 39 75 40 67 50 58 51 4 76 17 51 34 43 11 20 49 63 14 47 60 51 24 13 36 51 53 39 82 51 25 42 5 13 27 37 98 4 64 17 15 56 21 22 72 33 93 78 5 98 69 22 43 32 64 34 65 41 61 51 87 21 1 93 62 92 77 66 47 46 55 64 81 40 41 68 59 21 48 100 63 53 80 22 5 87 53 23 99 2 12 53 93 20 81 7 47 21 2 45 30 76 43 22 25 37 81 21 8 66 26 93 53 96 46 92 49 77 95 68 35 60 29 61 58 49 31 38 6 50 41 3 11 34 22 70 20 74 62 12 31 42 63 50 85 58 35 87 60 87 9 61 76 39 70 61 51 21 69 23 100 34 63 44 33 52 48 26 60 15 97 80 26 100 47 9 63 6 29 7 2 18 85 10 24 15 13 8 31 39 99 48 70 83 90 37 15 30 82 64 75 64 82 85 43 24 39 81 15 1 80 75 9 36 71 55 44 78 92 6 77 48 77 8 93 5 41 92 78 68 6 80 71 49 64 20 87 37 68 19 11 14 5 31 15 17 34 26 37 43 93 43 41 91 28 95 93 81 27 75 52 81 100 56 72 76 19 37 86 90 45 50 81 22 59 92 5 81 4 52 82 83 32 62 47 37 93 45 20 86 62 22 88 51 76 19 23 43 46 18 28 91 74 10 63 25 26 24 17 52 73 22 98 8 59 19 91 93 84 43 98 37 12 54 33 13 18 78 33 95 10 96 6 3 99 39 67 7 78 41 88 19 21 38 47 77 72 30 62 40 2 20 19 96 46 65 91 28 14 2 82 41 25 2 95 35 72 54 22 46 94 67 38 35 27 46 98 24 68 58 85 93 94 60 5 46 4 9 83 74 66 75 95 89 30 57 1 16 85 43 23 50 43 94 72 99 21 1 96 10 1 28 8 33 33 48 78 94 96 60 6 93 53 75 91 38 33 35 16 93 6 67 27 79 52 40 47 95 92 72 72 47 91 2 2 89 87 54 27 51
1 615 9
1 374 9
1 525 5
1 287 8
1 803 1
1 816 8
1 187 9
1 141 4
1 113 8
1 72 10
1 65 5
1 59 10
1 4 9
2 438 5
2 377 5
2 529 2
2 364 6
2 508 1
2 354 2
2 341 5
2 340 9
2 628 4
2 612 2
2 632 3
2 588 9
2 672 3
2 689 6
2 536 4
2 286 6
2 280 1
2 267 1
2 266 5
2 784 5
2 257 8
2 443 8
2 863 1
2 234 10
2 519 2
2 222 2
2 557 5
2 180 5
2 172 8
2 777 1
2 142 5
2 626 5
2 133 7
2 116 6
2 109 7
2 108 7
2 100 8
2 968 2
2 90 4
2 831 8
2 495 3
2 85 2
2 60 7
2 518 1
2 53 5
2 51 10
2 565 10
2 862 9
2 39 1
2 25 8
2 813 2
2 419 7
2 11 5
2 10 10
2 9 9
2 8 10
2 4 7
3 622 5
3 219 1
3 836 6
3 102 9
3 79 9
3 518 9
4 580 2
4 718 8
4 330 2
4 278 1
4 214 7
4 212 1
4 208 9
4 169 2
4 165 10
4 55 7
4 39 7
4 537 5
4 18 4
4 16 9
4 10 9
4 731 1
4 5 4
5 391 7
5 971 8
5 355 4
5 425 4
5 513 2
5 321 5
5 320 9
5 481 1
5 733 3
5 407 10
5 616 7
5 235 5
5 186 6
5 642 6
5 991 5
5 709 2
5 169 10
5 138 8
5 99 1
5 608 2
5 74 7
5 72 10
5 62 2
5 57 6
5 52 8
5 30 8
5 27 8
5 6 4
5 694 9
6 503 7
6 537 7
6 342 8
6 339 9
6 750 2
6 545 7
6 283 7
6 542 3
6 206 10
6 523 10
6 978 10
6 131 3
6 122 10
6 81 1
6 514 2
6 36 2
6 857 9
6 7 8
7 427 4
7 297 1
7 283 3
7 274 8
7 435 10
7 265 10
7 412 3
7 644 2
7 173 10
7 726 5
7 93 8
7 791 10
7 44 1
7 913 7
7 689 8
7 29 3
7 24 9
7 21 10
7 477 2
7 18 7
7 962 8
7 14 8
7 12 2
7 11 3
7 8 2
8 479 2
8 358 9
8 677 4
8 405 2
8 162 4
8 555 6
8 129 2
8 118 5
8 21 6
9 391 10
9 309 3
9 586 1
9 195 6
9 978 1
9 826 4
9 105 4
9 36 2
9 30 3
9 13 5
10 317 1
10 259 9
10 742 5
10 204 2
10 495 7
10 653 5
10 116 3
10 484 7
10 967 4
10 54 7
10 49 5
10 47 5
10 44 2
10 969 3
10 41 7
10 33 2
11 412 9
11 193 10
11 613 7
11 155 3
11 136 6
11 998 1
11 108 5
11 86 3
11 670 1
11 33 10
11 31 6
11 25 9
12 613 7
12 344 4
12 839 9
12 310 6
12 890 7
12 927 3
12 43 2
12 23 1
13 454 9
13 738 9
13 199 9
13 815 5
13 99 6
13 821 2
13 730 9
14 212 3
14 210 2
14 904 5
14 38 1
14 17 4
15 444 2
15 204 8
15 913 6
16 320 2
16 527 9
16 169 1
16 468 3
16 898 8
16 27 10
16 816 3
17 376 7
17 703 10
17 316 2
17 714 9
17 191 4
17 666 6
17 934 7
17 173 5
17 153 2
17 989 1
17 144 5
17 130 4
17 825 1
17 564 6
17 83 5
17 58 4
17 29 9
17 20 1
18 435 2
18 894 3
18 509 1
18 987 4
18 265 10
18 580 1
18 920 6
18 121 6
18 428 2
18 19 3
19 957 4
19 345 9
19 794 9
19 288 1
19 227 7
19 215 9
19 580 9
19 91 10
19 20 9
20 91 4
21 393 2
21 561 8
21 246 3
21 237 6
21 477 2
22 878 7
22 209 6
22 199 9
22 57 1
23 877 2
23 375 3
23 365 4
23 359 9
23 729 6
23 183 4
23 156 8
23 123 10
23 120 5
23 94 5
23 61 1
23 56 9
23 54 8
23 49 7
23 966 3
24 331 9
24 800 2
24 271 1
24 258 5
24 515 4
24 124 5
24 436 9
24 26 2
25 268 6
25 511 5
25 732 10
25 155 6
25 959 1
25 84 8
25 48 3
26 145 1
26 125 4
26 92 3
26 594 6
27 866 2
27 422 9
27 898 5
27 471 8
27 235 5
28 925 5
28 197 3
28 867 2
28 856 4
29 954 4
29 164 3
29 32 7
30 917 2
30 701 3
30 629 9
31 390 2
31 505 8
31 449 1
31 243 1
31 218 7
31 155 1
31 76 8
31 53 1
31 45 10
32 343 5
32 262 4
32 144 10
32 989 6
34 394 6
34 376 5
34 371 3
34 350 8
34 552 6
34 887 7
34 254 7
34 250 6
34 659 9
34 956 4
34 101 3
34 573 5
34 456 3
34 42 7
35 362 4
35 692 1
35 274 9
35 148 3
36 826 3
36 326 5
36 207 3
36 151 1
36 496 5
37 677 1
37 501 3
37 404 9
37 162 3
37 118 2
38 619 4
38 111 2
39 487 1
39 588 6
39 354 1
39 335 4
39 104 10
39 718 7
40 522 6
40 313 10
40 306 10
40 263 8
40 433 2
40 966 8
40 891 9
40 551 7
40 439 7
40 610 6
40 69 10
40 67 5
40 49 6
40 874 8
40 833 3
40 712 3
41 440 6
41 77 4
42 353 6
42 428 3
42 213 7
42 121 10
42 569 1
43 314 8
43 903 7
43 94 2
43 69 8
43 61 5
43 852 10
44 431 2
44 137 2
44 98 10
44 680 3
45 341 6
45 325 8
45 521 7
45 449 3
45 946 2
47 352 6
47 654 3
47 558 9
48 491 7
48 490 1
48 979 4
48 276 7
48 251 4
48 539 6
48 198 9
48 596 1
48 106 4
48 645 9
48 426 5
49 599 6
49 238 3
49 171 3
49 683 9
49 484 9
49 56 9
49 54 8
50 433 6
50 117 8
50 67 6
51 864 3
51 457 4
51 824 8
51 206 8
51 188 10
52 396 1
52 346 7
52 321 2
52 560 7
52 464 1
52 167 5
52 128 10
52 996 3
52 447 8
52 57 9
53 76 8
53 443 5
54 385 8
54 406 2
55 968 2
55 208 9
56 809 7
56 238 1
56 171 4
56 112 5
56 406 2
56 896 7
56 982 1
57 676 4
57 407 4
57 134 2
57 128 10
57 922 5
57 919 4
58 868 8
58 318 7
58 504 9
58 240 10
58 782 2
58 814 4
58 170 4
58 506 8
58 590 9
58 107 7
58 92 7
59 853 6
59 113 1
59 70 2
60 521 1
60 373 5
60 324 10
60 604 9
60 863 7
60 264 10
60 100 3
60 90 7
61 758 9
61 849 10
61 935 5
62 464 2
62 66 5
63 741 9
64 347 3
64 332 6
64 261 5
64 245 7
64 236 3
64 194 5
64 568 5
64 166 9
64 458 1
65 893 2
65 494 7
65 110 3
65 102 8
65 87 10
65 902 10
65 79 7
67 890 2
67 228 7
67 806 4
67 117 9
67 833 2
68 340 9
68 704 7
68 88 7
68 75 8
68 822 2
69 313 7
69 269 9
69 877 6
69 910 7
71 392 2
71 378 9
71 302 6
71 292 2
71 275 2
71 743 10
71 216 3
71 995 8
71 115 4
71 536 1
71 85 8
73 619 10
73 618 10
73 516 1
74 907 1
74 152 3
74 119 4
74 944 3
74 646 1
74 648 2
75 704 1
75 78 10
76 721 8
77 459 10
79 296 7
79 80 2
80 517 5
80 87 8
81 857 1
81 812 7
81 489 3
81 646 2
81 648 3
81 196 1
81 936 3
81 138 10
81 119 6
82 879 10
82 307 7
82 289 3
82 453 7
82 142 1
82 592 5
82 104 8
82 932 8
84 380 4
84 268 3
84 267 6
85 437 3
85 136 2
85 109 2
85 108 6
86 384 5
86 311 5
86 220 3
86 100 2
88 822 5
88 154 1
88 672 8
91 908 6
91 224 6
92 469 9
92 124 2
92 436 5
93 125 7
94 314 4
94 139 4
95 219 4
95 208 8
95 836 3
96 738 4
96 290 8
96 231 8
96 209 8
96 563 4
97 422 4
98 370 7
98 554 10
99 364 8
99 454 5
99 180 1
100 324 5
100 311 1
100 264 8
100 429 10
100 220 10
101 305 7
101 304 10
101 929 5
101 181 3
101 178 7
101 552 5
101 549 4
101 621 9
103 288 10
103 168 5
103 957 4
103 851 4
103 825 9
103 778 8
104 628 4
105 157 9
106 398 3
106 127 1
107 361 10
107 347 9
107 273 6
107 236 4
107 211 8
107 174 2
107 166 6
107 664 4
107 146 7
107 992 1
107 714 4
107 630 10
108 303 5
108 746 9
108 998 7
108 776 3
108 450 10
108 658 6
109 382 10
109 584 8
109 160 7
109 476 7
109 486 10
110 187 10
111 717 8
111 722 9
111 587 4
111 413 6
112 375 3
112 348 3
112 634 2
112 183 9
112 171 8
112 735 7
112 728 1
113 803 2
113 844 6
114 753 4
114 263 7
114 228 3
114 943 5
115 247 9
115 225 5
115 665 9
115 176 5
115 823 6
117 482 9
117 192 9
117 984 9
118 566 4
118 479 1
118 583 2
118 555 6
119 733 4
119 907 2
120 533 3
120 365 6
120 147 3
120 499 6
121 465 7
122 489 5
122 270 2
123 926 2
123 139 1
126 188 9
126 640 7
126 503 1
126 578 4
127 198 3
128 996 4
128 134 6
132 289 6
132 822 4
133 508 3
136 625 8
136 789 8
136 897 10
136 298 6
136 275 9
136 255 5
136 576 5
136 161 1
136 603 1
137 282 6
137 259 1
137 217 10
137 158 6
138 492 1
138 909 8
139 544 1
140 298 8
141 399 4
142 453 6
142 924 2
142 415 8
142 175 3
142 150 3
143 417 6
143 333 9
143 304 8
143 223 8
143 164 5
144 148 10
145 436 2
145 331 5
145 253 2
146 421 4
146 174 8
146 166 3
149 756 3
149 273 4
149 191 6
149 190 10
149 506 9
150 322 5
150 451 1
152 540 9
152 796 4
154 672 4
155 512 1
155 961 7
156 891 8
156 306 9
156 269 8
156 877 1
156 762 10
157 309 7
161 670 6
161 576 6
161 216 5
162 358 3
162 837 8
162 736 7
162 404 7
164 254 7
165 675 5
166 673 9
167 290 5
168 666 8
169 366 4
169 355 6
169 330 7
169 636 10
169 527 9
170 258 5
172 632 9
172 234 2
172 884 7
172 918 4
174 691 5
175 924 10
176 302 7
176 247 6
176 681 4
177 395 6
177 408 3
177 582 10
177 349 3
177 458 9
177 261 1
177 737 3
178 397 7
178 369 7
178 305 8
179 661 3
179 388 8
181 752 2
181 250 8
182 483 7
182 482 8
183 375 1
183 329 10
185 275 9
186 991 4
187 872 4
187 902 5
188 547 1
188 301 6
189 195 3
191 951 8
194 240 10
194 445 1
195 671 10
196 646 1
198 398 6
198 452 6
198 581 4
198 911 7
198 532 1
199 739 4
200 218 10
200 409 1
202 283 3
204 847 7
204 772 3
204 955 8
204 579 6
205 343 3
205 757 8
205 972 3
205 597 9
206 557 5
206 777 1
207 826 2
209 739 1
211 233 5
212 537 7
213 569 6
214 616 10
216 392 8
216 255 3
217 282 9
219 319 5
219 278 2
220 324 4
220 786 7
221 962 3
221 757 10
223 260 2
223 621 7
223 417 2
224 316 8
224 948 10
224 705 1
225 623 1
226 707 8
226 736 5
228 751 1
229 763 5
229 880 4
229 990 1
230 285 1
232 397 3
232 369 7
232 679 10
233 273 2
234 546 1
234 918 2
234 781 8
235 965 3
235 471 1
235 441 1
236 463 8
237 460 7
239 836 2
240 534 7
240 880 10
240 763 6
241 432 3
241 477 8
244 504 2
244 756 10
245 277 5
245 664 9
246 393 3
247 681 5
248 354 10
248 792 6
250 394 7
250 420 9
251 539 1
254 333 9
255 829 2
255 840 2
255 789 4
256 851 4
257 777 10
259 605 5
260 552 1
260 956 2
261 568 2
261 974 8
261 277 5
263 433 4
263 747 5
263 748 7
263 719 7
265 726 10
265 427 9
266 856 3
267 268 6
267 686 6
268 380 6
269 657 3
274 692 5
275 795 9
277 582 3
277 571 7
277 408 5
277 974 2
278 299 10
279 395 7
280 588 8
281 303 3
281 410 7
282 605 5
287 399 7
287 901 10
287 964 3
287 662 3
288 778 3
289 403 1
289 932 1
292 378 7
292 876 10
292 818 4
292 476 5
293 931 5
296 538 9
296 745 2
297 379 5
298 766 4
303 461 4
304 621 9
305 954 1
306 657 3
309 635 3
310 423 6
310 772 7
311 384 7
311 424 3
311 470 9
318 820 3
318 590 10
320 400 5
320 355 10
320 636 6
320 939 5
320 601 7
320 947 9
320 468 4
321 396 1
321 919 1
322 451 2
322 602 1
325 946 7
326 629 3
326 701 7
332 381 7
332 347 7
332 664 5
334 406 7
336 761 6
336 418 8
339 342 2
342 750 4
342 638 1
346 480 7
350 420 10
351 488 3
351 697 3
354 528 4
355 366 1
355 947 7
356 904 1
357 853 3
357 546 8
357 882 10
357 884 7
358 837 3
358 405 6
360 384 4
360 470 7
360 574 9
361 992 1
362 692 9
363 656 7
366 535 5
366 906 9
367 379 7
368 398 7
368 532 10
368 581 2
369 455 3
370 554 1
372 808 2
372 509 8
374 811 5
377 459 1
378 466 1
383 492 2
384 559 10
384 470 9
384 986 8
384 770 7
384 411 2
389 684 7
389 890 1
390 449 2
391 586 5
392 743 6
395 695 10
395 737 1
397 679 3
398 532 7
399 525 2
399 615 3
402 686 3
404 837 5
406 462 3
406 809 2
408 974 5
408 571 9
415 860 1
415 592 7
417 921 1
417 553 4
418 515 7
418 502 3
418 660 7
418 916 2
418 668 9
418 687 3
419 557 2
423 742 8
427 726 8
430 700 5
430 655 1
433 439 6
433 748 9
434 465 3
436 720 4
437 766 1
439 719 10
441 471 1
441 980 7
444 913 7
445 988 8
450 651 7
450 658 3
452 490 9
453 879 5
454 815 5
464 730 3
464 560 10
467 705 8
468 939 8
469 720 6
469 711 6
471 980 9
471 965 10
475 608 5
476 639 2
478 526 1
479 555 7
479 583 2
479 633 3
481 779 8
482 905 7
483 806 9
486 682 2
486 584 3
487 641 5
488 920 9
490 596 5
494 970 6
495 529 10
496 629 6
497 694 4
500 861 10
502 660 7
502 594 6
502 928 4
502 916 3
502 761 3
503 545 3
504 756 6
508 519 6
509 794 10
510 549 9
512 959 2
514 523 2
515 668 8
516 587 3
516 717 9
522 839 6
525 810 8
530 656 4
530 725 7
531 702 5
532 764 4
534 880 4
538 859 8
539 835 6
539 977 3
539 885 7
543 771 2
543 660 9
543 928 3
544 926 8
544 755 2
544 620 6
546 781 1
548 940 10
554 558 7
555 583 2
568 819 4
572 990 4
576 625 9
577 584 6
591 889 5
596 911 6
596 979 4
597 757 5
599 728 4
600 655 4
602 828 1
604 863 2
608 895 9
610 874 7
614 792 9
616 675 8
620 755 8
625 829 2
630 691 7
636 906 8
649 801 4
651 658 8
655 700 6
663 870 6
668 687 9
672 813 4
674 712 9
688 954 5
689 831 3
690 699 8
693 956 3
694 709 7
703 851 5
703 825 6
712 891 2
727 860 2
728 832 10
731 774 7
732 888 8
749 999 3
755 926 9
756 858 3
757 972 4
758 927 10
759 937 3
761 928 7
768 831 8
776 998 8
784 953 5
815 973 3
829 840 8
835 888 6
845 915 5
888 977 3
965 980 8
971 981 10
