1000 1197
5 88 55 65 86 64 95 16 49 57 6 28 68 85 38 32 20 1 39 13 1 17 68 55 82 80 87 29 62 76 39 98 10 78 91 64 3 51 37 35 9 79 89 74 2 20 69 5 60 49 71 68 75 40 3 63 17 57 78 36 16 26 10 75 61 96 85 81 14 84 97 26 14 48 91 61 89 43 3 26 73 31 88 1 4 51 36 81 79 45 25 67 90 41 44 89 82 3 56 99 31 54 64 4 12 62 10 44 8 36 76 43 17 83 82 9 89 4 12 31 8 4 77 79 75 6 56 5 5 63 22 68 58 98 99 42 30 18 13 98 1 13 89 94 71 95 75 32 21 99 97 27 15 59 39 74 76 93 84 5 17 28 83 31 10 10 87 82 99 53 75 86 51 25 45 3 98 85 74 76 90 99 99 44 99 71 54 57 33 97 99 70 53 5 22 69 73 11 4 15 41 53 9 2 91 21 6 19 10 57 54 11 93 80 14 27 60 20 59 16 40 44 17 59 92 50 62 25 13 50 53 25 39 78 1 13 57 94 28 42 38 90 70 76 39 59 40 67 36 6 83 91 43 57 86 82 99 9 63 80 61 69 8 1 85 83 79 54 98 54 43 81 59 63 55 92 75 86 37 38 39 64 93 30 99 20 5 16 51 43 36 20 2 55 76 1 75 13 71 9 18 42 46 57 74 2 14 58 9 26 28 39 71 100 87 100 47 31 78 57 92 87 66 81 15 26 23 86 56 24 91 64 17 27 62 20 86 84 50 12 27 44 17 48 8 55 84 28 34 47 30 43 95 10 34 88 44 51 37 41 59 7 82 23 30 98 88 25 86 28 74 17 26 100 41 41 77 38 30 32 97 67 55 37 61 73 64 59 9 91 100 24 85 2 33 53 56 83 4 70 99 57 17 76 12 42 93 25 2 70 24 72 71 80 9 5 40 56 10 4 28 10 23 41 43 87 91 58 8 10 4 55 4 7 73 36 61 10 3 68 10 48 92 6 65 57 5 24 72 33 91 83 57 88 86 83 88 80 88 11 26 98 87 35 23 52 48 35 2 6 78 40 46 91 39 69 94 97 4 25 49 6 15 68 26 91 13 91 81 42 53 62 10 70 56 27 41 77 48 55 8 54 45 6 35 20 89 92 81 31 57 78 12 99 41 85 38 83 66 10 40 34 65 86 87 83 97 58 48 86 34 95 74 73 95 57 11 86 92 12 23 37 73 86 26 82 79 55 62 43 44 63 35 69 52 40 49 12 80 91 82 57 51 29 45 52 79 69 71 88 59 5 95 27 7 79 44 35 13 77 13 78 89 82 41 83 43 3 2 46 7 15 24 63 66 45 48 80 9 27 2 21 77 26 93 96 98 97 73 19 92 30 82 78 32 81 22 96 68 34 25 3 62 86 59 68 99 100 32 24 100 91 61 90 84 11 4 1 66 92 74 23 92 15 30 15 9 71 42 70 86 18 64 9 63 50 63 32 6 98 56 3 78 16 90 57 64 55 7 41 62 47 83 25 99 18 82 33 45 17 43 65 61 25 56 50 82 41 58 41 81 52 96 57 52 32 97 98 84 87 85 37 76 34 99 24 3 95 58 99 65 17 67 51 57 1 21 13 46 64 96 45 33 35 46 9 87 42 41 53 63 9 33 63 67 93 47 57 10 91 10 52 43 9 23 67 66 66 99 98 77 32 32 25 30 17 78 93 94 43 23 77 76 44 94 75 79 99 15 47 65 1 77 83 59 50 2 100 62 37 68 99 28 28 27 5 80 42 72 87 76 87 96 35 67 98 30 26 76 27 32 71 40 59 18 79 13 54 48 91 48 75 83 61 98 59 39 69 66 58 36 43 95 88 56 53 99 21 84 73 39 50 29 21 4 62 66 53 52 38 55 72 75 68 70 18 6 56 24 99 50 93 5 1 63 6 66 38 92 10 65 56 91 74 97 22 39 81 13 32 5 5 38 88 55 14 27 65 34 52 50 3 28 97 42 89 99 19 9 72 65 23 100 63 92 99 83 100 26 45 99 23 24 13 47 47 51 26 74 21 61 49 47 4 84 18 86 25 49 32 13 48 89 41 90 57 53 2 32 62 78 22 30 47 90 18 21 37 31 27 18 25 70 3 88 34 58 77 46 73 82 90 100 48 91 35 20 11 77 4 13 43 62 66 39 7 55 37 93 11 78 6 82 91 100 92 92 28 1 25 48 30 56 40 63 99 67 60 69 60 51 6 44 87 28 63 65 82 44 31
1 371 4
1 345 9
1 327 10
1 545 4
1 267 1
1 264 6
1 746 9
1 205 2
1 182 9
1 878 3
1 173 8
1 152 10
1 727 4
1 143 4
1 99 9
1 88 5
1 87 7
1 931 9
1 24 6
1 22 6
1 15 2
1 14 5
1 12 3
1 11 10
1 9 1
1 8 5
1 5 10
1 3 10
1 2 5
2 344 10
2 297 5
2 175 6
2 161 5
2 148 2
2 827 7
2 442 7
2 108 2
2 967 3
2 44 6
2 7 3
2 4 6
3 373 4
3 289 7
3 108 3
3 72 6
3 42 2
3 21 7
3 20 2
3 4 7
4 398 6
4 392 5
4 707 9
4 731 3
4 343 1
4 660 7
4 729 10
4 734 3
4 315 8
4 313 2
4 310 3
4 536 3
4 304 5
4 570 8
4 291 3
4 287 9
4 283 5
4 275 6
4 273 10
4 269 10
4 747 3
4 248 1
4 244 2
4 240 3
4 236 1
4 231 9
4 739 10
4 225 2
4 475 1
4 407 5
4 943 3
4 656 5
4 178 1
4 177 1
4 902 9
4 168 4
4 167 5
4 540 3
4 154 7
4 554 3
4 123 2
4 121 5
4 532 5
4 112 5
4 107 5
4 938 3
4 77 4
4 723 5
4 519 6
4 698 8
4 49 1
4 623 4
4 47 1
4 45 6
4 44 9
4 41 1
4 39 8
4 31 8
4 26 7
4 25 7
4 479 5
4 20 2
4 8 9
4 7 5
4 5 8
5 371 10
5 681 6
5 438 5
5 628 7
5 352 1
5 339 4
5 335 5
5 842 2
5 855 6
5 692 10
5 295 8
5 535 1
5 208 9
5 700 3
5 192 9
5 477 1
5 184 1
5 761 1
5 131 1
5 111 1
5 484 9
5 97 5
5 635 2
5 64 3
5 59 4
5 828 8
5 35 9
5 26 2
5 735 3
5 23 6
5 705 1
6 823 3
6 330 3
6 428 1
6 839 6
6 801 9
6 896 4
6 90 9
6 793 1
7 384 9
7 377 10
7 334 10
7 246 9
7 508 3
7 596 5
7 120 1
7 577 10
7 527 7
7 48 6
7 531 5
7 20 9
8 381 4
8 353 7
8 455 1
8 303 4
8 663 2
8 466 1
8 252 3
8 179 5
8 780 5
8 103 3
8 88 4
8 652 9
8 46 9
8 32 4
8 11 9
9 395 3
9 383 7
9 725 9
9 320 10
9 486 10
9 861 9
9 200 9
9 179 5
9 170 7
9 146 7
9 127 3
9 777 5
9 51 5
10 51 7
10 16 4
11 374 3
11 639 1
11 155 5
11 687 10
11 545 2
11 46 2
12 391 8
12 697 5
12 337 10
12 322 9
12 222 1
12 581 5
12 183 8
12 483 2
12 708 1
12 147 3
12 141 7
12 126 5
12 94 1
12 56 1
12 648 8
13 418 7
13 365 6
13 364 3
13 955 1
13 323 8
13 300 4
13 298 7
13 959 6
13 472 1
13 202 6
13 157 9
13 92 8
13 61 7
13 56 6
13 28 4
13 24 9
14 507 4
14 281 2
14 598 6
14 857 9
14 797 7
14 565 8
14 190 1
14 154 7
14 104 2
14 83 5
14 74 9
14 71 7
14 59 5
14 57 2
14 49 5
14 23 7
15 161 10
15 50 4
15 33 3
15 22 8
16 305 9
16 993 8
16 657 9
16 707 1
16 515 6
16 110 1
16 67 4
16 27 3
17 393 9
17 889 2
17 672 8
17 312 2
17 285 8
17 69 3
17 52 5
18 761 9
18 613 1
19 334 10
19 949 9
19 108 9
20 577 8
20 254 9
20 253 3
20 240 5
20 207 10
20 72 3
21 608 7
21 253 3
23 659 1
23 362 7
23 632 10
23 251 4
23 235 5
23 224 1
23 906 1
23 851 4
23 106 10
23 105 10
23 39 3
23 31 6
23 26 2
24 452 2
24 193 9
24 119 6
24 113 8
24 88 3
24 449 7
24 654 2
25 395 3
25 357 3
25 786 10
25 878 9
25 469 4
25 622 3
25 135 9
25 558 4
26 366 2
26 362 2
26 533 9
26 292 1
26 735 3
26 927 5
26 214 7
26 646 2
26 137 7
26 86 10
26 76 9
26 39 5
26 818 6
27 957 7
27 336 1
27 506 4
27 291 8
27 247 1
27 242 8
27 221 2
27 454 1
27 435 2
27 988 6
27 127 4
27 925 1
27 41 8
27 777 9
28 830 6
28 272 7
28 193 6
29 400 10
29 318 6
29 446 6
29 186 5
29 431 6
29 584 4
29 89 3
30 808 10
30 509 7
30 95 6
30 70 3
30 60 4
30 52 3
30 43 2
30 33 9
31 890 2
31 817 10
31 281 7
31 402 1
31 106 10
32 662 5
32 396 6
32 381 9
32 380 3
32 300 3
32 261 8
32 663 6
32 788 5
32 156 9
32 962 7
32 101 6
32 93 4
32 718 8
33 983 5
33 250 10
33 160 4
33 118 4
33 60 7
33 552 3
34 359 6
34 891 3
34 327 7
34 829 3
34 790 1
34 806 3
34 944 9
34 964 8
34 978 2
35 458 2
35 184 8
37 347 7
37 641 4
37 961 1
37 184 10
37 507 9
37 826 1
38 805 9
38 282 6
38 204 7
38 538 3
38 173 6
38 405 3
38 135 6
38 80 7
38 55 7
38 47 8
39 385 4
39 865 1
39 342 10
39 742 4
39 238 5
39 921 3
39 166 1
39 744 4
39 142 10
39 53 4
39 40 6
39 650 8
40 674 6
40 503 10
40 851 8
40 105 9
40 54 7
40 416 2
40 610 9
41 532 1
41 45 3
42 605 1
42 254 10
42 253 4
42 608 9
42 72 1
43 332 3
43 294 4
43 713 8
43 792 6
43 163 5
43 552 8
43 915 9
43 138 2
43 134 9
43 770 5
43 601 7
43 60 9
43 50 9
44 527 2
44 474 1
44 570 1
44 73 8
45 348 5
45 280 3
46 374 9
46 837 4
46 155 4
46 420 2
46 91 5
47 354 1
47 805 2
47 271 3
47 265 5
47 84 1
48 508 8
48 949 6
48 531 10
49 386 6
49 275 4
49 516 6
49 468 4
49 626 10
52 566 4
52 808 2
52 70 9
53 341 1
53 283 5
53 694 7
53 198 9
53 75 3
53 869 4
54 901 2
54 361 10
54 277 1
54 257 3
54 251 3
54 224 3
54 212 8
54 211 7
54 503 6
55 398 9
55 388 9
55 265 2
55 248 8
55 798 6
55 548 3
55 121 7
55 115 1
55 425 6
56 464 9
56 702 5
56 206 9
56 588 5
56 483 10
56 169 9
56 525 1
56 130 2
56 581 9
56 128 5
56 92 7
56 81 3
56 68 3
56 413 1
57 363 5
57 223 5
58 896 2
58 199 1
58 519 6
59 692 7
59 321 5
59 278 5
59 764 2
59 208 9
59 568 5
59 165 1
59 158 9
59 97 5
59 79 3
60 709 1
60 201 9
60 521 7
61 941 7
61 328 9
61 261 1
61 188 10
62 648 2
62 222 2
62 415 1
62 702 7
62 68 9
62 413 3
63 540 8
63 650 3
63 625 4
63 815 10
63 590 7
64 389 6
64 185 8
64 859 4
64 90 6
64 712 6
65 763 10
65 238 10
65 198 1
65 75 10
66 367 1
66 659 10
66 606 2
66 674 1
67 305 5
67 861 3
67 127 4
67 661 7
68 542 7
68 973 9
68 619 1
68 130 10
68 415 10
69 268 6
69 664 5
69 693 8
70 653 5
70 753 1
70 956 7
70 95 10
71 301 10
71 288 8
71 879 5
71 414 10
72 373 5
72 561 10
72 591 2
72 605 8
73 479 3
73 145 7
73 144 9
73 124 1
73 123 9
73 120 7
74 369 1
75 216 2
75 153 10
75 740 8
76 350 9
76 324 5
76 814 5
76 828 6
76 259 1
76 100 4
76 86 6
76 963 3
76 873 3
77 307 6
77 132 7
77 104 8
77 734 2
77 419 4
77 669 9
78 372 1
78 472 2
78 147 3
78 82 2
78 576 9
79 961 8
79 733 2
80 755 1
80 194 5
81 702 7
82 128 8
83 817 4
83 333 1
83 309 3
83 239 3
83 151 10
84 354 5
84 528 2
84 999 9
84 640 6
84 233 6
84 908 8
84 820 10
85 379 10
85 95 10
87 639 7
87 232 9
87 502 9
88 252 2
88 562 4
88 195 4
89 829 1
89 994 10
89 94 9
90 389 8
90 703 6
90 404 1
90 835 6
91 264 6
91 612 5
91 180 1
91 103 7
91 652 7
92 638 4
92 266 2
93 328 3
93 496 9
94 899 9
94 579 6
94 597 2
95 399 7
95 706 2
95 862 1
96 329 5
96 306 10
96 209 5
96 136 7
97 321 4
97 213 8
97 480 9
97 131 8
98 355 7
98 250 4
98 228 7
100 735 1
100 220 10
100 856 5
101 537 8
101 495 7
101 592 8
101 156 10
101 140 1
102 223 1
102 190 6
103 180 5
103 843 7
104 831 8
105 361 1
105 557 6
105 212 6
105 491 4
106 536 8
107 885 3
107 178 9
107 548 1
107 115 6
107 411 6
108 148 7
108 631 7
109 812 7
110 311 8
110 947 2
110 657 5
111 587 6
112 304 1
112 820 3
112 935 10
113 663 2
114 818 2
114 940 8
115 388 9
115 279 8
115 121 5
115 548 3
116 378 2
117 382 10
117 248 5
117 405 2
119 962 4
120 527 9
120 768 6
121 388 10
122 997 10
122 714 4
122 679 5
122 638 9
126 463 5
127 370 7
127 221 7
128 498 8
129 732 3
129 453 6
131 351 2
133 397 9
133 391 8
134 355 8
134 332 7
134 719 3
134 946 9
134 241 1
134 138 6
134 601 7
135 308 3
135 403 2
136 678 4
136 920 8
137 324 3
137 738 5
137 614 5
137 470 8
138 332 3
138 518 8
138 172 1
139 198 4
139 197 8
139 153 8
139 443 5
140 699 9
141 322 1
142 647 3
142 238 3
142 643 9
143 319 8
143 593 3
143 430 2
144 326 2
145 611 9
147 697 3
148 631 1
149 152 7
151 817 4
152 976 9
153 763 5
154 488 2
154 276 2
156 495 9
157 298 1
157 1000 1
157 418 3
157 237 7
159 905 9
160 971 3
160 522 3
161 393 6
161 541 4
163 968 9
163 882 3
165 928 6
165 995 5
167 670 4
167 772 2
167 938 2
168 872 7
168 474 7
168 580 10
170 383 3
170 356 3
170 506 2
170 247 6
170 441 6
172 424 10
173 194 10
174 555 10
174 320 7
174 258 1
174 779 3
174 974 5
175 285 10
177 739 3
177 549 3
178 609 4
178 585 7
178 543 3
178 233 5
178 437 5
178 544 6
178 556 5
178 794 1
181 221 2
182 504 2
182 942 5
182 582 2
182 433 7
183 397 9
184 458 9
186 318 4
186 446 4
186 903 7
189 401 8
189 994 1
189 790 4
189 806 10
189 539 6
191 848 3
191 478 7
192 301 5
192 635 4
193 452 7
200 909 5
201 521 10
202 910 9
203 924 6
203 810 8
207 240 3
207 651 2
207 475 3
208 855 10
208 733 1
210 903 1
211 257 4
211 769 6
211 448 2
211 416 4
212 589 3
212 224 6
213 480 10
213 321 4
213 737 1
213 615 1
214 325 5
214 317 8
214 505 7
217 452 10
217 526 3
217 449 9
219 232 6
219 524 9
220 963 1
224 901 1
225 348 10
225 501 1
227 636 7
227 894 7
228 262 5
229 468 8
229 249 2
229 245 9
231 315 4
231 897 1
232 942 1
233 349 5
233 494 10
233 685 5
233 701 5
234 256 4
234 251 7
234 633 1
235 996 2
235 797 5
236 242 8
236 778 2
237 487 6
237 298 2
237 907 7
237 751 3
241 886 3
242 435 5
243 691 4
243 329 6
243 668 6
244 698 10
244 468 1
245 456 3
245 273 10
245 249 7
248 425 3
250 983 2
252 562 6
253 951 9
254 951 4
255 986 10
255 866 5
257 722 7
257 610 8
258 593 2
258 746 7
258 756 4
258 430 9
259 310 8
260 271 7
260 933 10
260 953 5
260 820 8
260 482 5
266 762 4
266 966 10
267 555 7
267 746 2
268 664 8
270 444 4
271 933 9
271 476 7
273 313 3
275 698 1
276 281 9
277 633 10
280 417 3
280 348 4
282 765 2
282 979 10
283 694 2
284 383 3
284 813 1
285 695 9
286 378 3
286 888 7
286 727 9
287 885 5
288 848 9
289 591 7
291 778 1
292 744 5
292 342 1
292 742 4
292 646 3
293 721 3
293 349 4
293 902 7
294 923 3
294 552 5
295 594 5
295 936 9
295 710 9
295 484 7
295 440 8
296 300 9
296 421 2
298 323 7
298 696 6
300 421 6
300 804 6
302 799 6
302 927 9
302 630 5
303 496 1
303 796 1
305 661 2
305 972 1
307 565 2
307 689 8
309 333 6
309 833 5
313 564 6
314 960 3
314 749 7
317 325 2
317 726 8
317 457 3
318 704 7
318 431 10
319 502 2
320 909 1
321 615 3
321 480 7
323 487 2
323 365 7
323 551 2
325 505 7
328 760 7
329 767 10
330 428 10
330 823 7
333 833 9
334 867 3
337 648 1
337 895 7
340 387 7
340 358 8
342 992 2
343 346 6
343 644 2
345 485 5
348 417 3
349 794 2
352 438 3
355 719 2
357 805 2
358 387 4
359 410 8
359 579 8
361 503 2
362 774 3
366 412 3
367 934 2
367 606 8
368 998 3
368 984 7
369 575 5
369 996 5
376 571 3
377 384 7
377 497 4
377 841 3
377 776 8
378 888 10
379 706 10
380 637 5
381 649 10
382 538 1
384 583 4
384 930 8
389 404 6
392 554 8
393 423 9
394 962 8
395 586 8
395 530 5
396 981 3
398 682 7
398 621 4
398 425 10
399 753 5
400 431 10
400 704 6
400 573 10
403 822 8
403 786 9
403 558 3
404 859 10
404 703 3
405 884 1
406 860 10
409 659 2
411 877 6
413 490 7
414 995 7
420 459 8
422 546 7
427 874 9
427 467 8
429 614 10
431 584 8
431 922 10
433 942 5
437 609 2
437 585 8
438 477 6
438 535 10
439 783 1
440 484 3
441 603 7
444 500 5
444 604 2
444 585 9
445 749 7
450 967 8
453 745 5
453 732 5
454 771 10
457 489 6
457 569 8
460 755 7
471 530 4
473 803 4
476 640 1
481 642 3
481 779 3
481 555 4
482 666 5
483 671 5
492 846 6
496 796 2
496 894 2
497 750 4
497 809 5
508 867 1
512 668 4
512 893 1
512 691 9
513 578 10
514 747 8
514 858 3
516 626 6
518 863 3
519 711 6
524 789 10
525 602 10
528 798 5
531 776 10
531 596 2
533 773 1
533 646 3
537 676 1
538 574 3
538 785 6
543 970 5
544 970 4
545 687 4
553 613 7
558 822 4
559 794 2
565 723 10
565 876 8
569 917 9
570 872 9
575 775 5
575 996 6
585 609 8
588 987 8
590 784 10
592 636 9
593 756 8
596 776 5
601 792 6
602 987 5
606 743 4
606 774 7
609 757 5
618 991 3
627 910 6
630 799 5
630 916 5
635 716 7
637 718 9
638 714 5
640 666 7
641 826 1
646 773 3
647 832 5
647 784 1
651 678 10
654 854 5
655 946 5
656 800 6
659 945 9
662 718 9
669 831 1
670 772 5
670 870 9
681 720 1
681 866 7
686 932 3
686 850 5
692 736 8
698 950 2
700 914 9
703 859 5
707 993 4
709 882 8
710 936 8
710 864 1
722 769 1
723 876 10
728 898 3
742 865 6
747 871 8
753 862 7
754 756 2
765 849 10
776 841 8
784 832 3
793 811 2
799 916 5
801 823 6
806 944 2
807 830 8
810 892 9
829 964 1
846 929 9
874 939 3
875 986 7
882 968 8
911 913 4
919 933 7
