1000 1197
5 55 63 69 10 8 27 5 95 46 98 10 70 38 93 46 42 74 34 29 35 60 16 47 41 69 93 48 50 93 88 78 6 10 66 8 93 45 95 50 61 56 86 21 10 71 64 61 90 41 33 65 67 25 69 91 31 23 77 94 90 27 52 17 68 15 93 41 44 89 70 97 99 55 5 28 69 87 53 36 45 80 13 90 26 50 13 13 9 48 19 28 21 36 33 77 62 31 20 78 19 86 53 23 85 96 35 87 73 96 15 67 51 26 14 35 25 43 54 87 35 59 89 13 38 43 55 47 15 18 78 97 50 10 19 1 69 37 23 67 47 65 30 100 58 20 83 12 80 72 10 32 79 63 89 79 99 61 60 74 63 37 81 41 10 21 63 62 28 71 12 62 71 66 28 70 92 100 94 23 80 77 16 87 90 16 42 29 71 46 99 5 30 69 77 55 63 53 95 50 82 57 17 52 24 59 72 20 53 25 98 81 78 48 73 45 19 25 18 87 24 99 57 67 97 66 87 83 17 30 43 2 83 60 98 23 20 52 93 35 92 97 92 43 83 2 52 27 69 87 58 45 29 2 38 100 4 52 57 26 10 40 17 39 24 24 59 92 83 57 9 50 92 47 50 29 51 88 90 28 52 65 96 77 24 55 37 14 97 14 37 99 64 26 16 24 43 85 81 24 22 16 72 6 81 3 58 53 37 86 6 57 48 100 65 41 34 91 10 36 6 95 40 97 41 39 38 1 47 23 92 33 32 26 11 24 64 50 2 98 6 24 37 88 90 2 26 62 17 39 1 98 54 85 78 35 56 76 54 47 28 91 41 73 52 85 72 42 78 92 69 58 56 96 48 80 36 84 96 83 78 10 96 71 8 16 70 2 20 7 96 9 3 77 25 69 63 57 24 54 88 15 71 8 73 41 58 17 41 99 22 7 24 64 5 67 55 65 74 77 9 21 95 28 65 19 55 63 36 69 65 95 28 46 17 98 24 54 25 1 16 38 58 58 86 46 91 9 82 75 62 55 67 35 62 42 62 32 9 55 17 79 54 32 22 73 47 15 59 99 87 23 5 83 38 71 44 47 21 77 55 34 58 95 30 54 66 32 33 28 45 79 21 61 49 86 16 5 62 24 30 66 73 49 92 63 66 85 26 16 84 18 90 62 72 55 27 94 51 4 35 65 41 74 35 98 100 32 95 97 17 9 78 95 26 99 93 40 80 13 83 69 56 3 59 71 2 13 77 96 74 12 25 43 52 26 46 47 97 88 6 91 71 88 22 70 6 7 82 52 47 65 95 41 100 43 8 78 23 32 71 95 56 79 91 22 46 96 43 5 77 5 55 26 65 40 48 46 32 3 43 62 45 23 97 62 92 9 93 93 75 79 53 87 1 15 99 14 93 64 58 94 68 94 11 27 92 45 7 42 81 100 71 77 32 25 37 90 92 76 78 85 53 26 29 86 61 100 83 75 98 82 11 14 42 61 73 44 36 86 43 72 30 26 84 45 89 35 50 66 45 53 50 69 67 66 68 1 9 38 40 8 97 64 20 17 72 27 80 61 86 87 1 12 16 49 27 2 90 40 84 82 36 63 3 80 43 93 60 28 64 14 3 20 9 7 92 71 99 1 86 46 16 15 59 13 25 90 89 99 14 4 41 8 40 78 89 26 87 6 25 80 7 72 64 69 30 28 71 17 32 91 85 84 61 15 11 68 85 91 66 14 38 62 51 44 82 11 84 35 3 55 37 1 46 75 11 6 88 57 51 70 87 27 100 10 84 55 72 63 72 42 91 87 56 45 66 13 5 13 70 42 6 70 35 95 91 26 83 31 91 74 82 53 75 14 24 2 23 80 14 85 12 40 46 96 28 12 42 34 81 22 21 46 66 96 10 7 20 58 76 98 29 96 94 34 66 71 81 68 74 91 29 96 76 64 19 6 10 72 12 91 77 90 53 96 11 34 32 47 97 86 59 42 40 28 44 4 60 5 49 24 84 72 28 26 47 51 16 13 99 29 42 75 75 61 97 18 31 51 61 58 15 18 23 96 2 68 76 68 65 7 67 35 65 57 13 58 60 17 49 15 51 78 69 95 28 26 16 12 74 48 80 39 13 43 51 29 21 21 73 39 59 95 31 49 72 43 78 58 10 84 22 10 90 4 79 13 73 79 74 43 99 52 15 65 46 23 70 73 87 27 53 35 52 66 17 33 53 28 27 21 65 100 5 31 82 51 25 51 23 60 60 14 67 92 6 82 50 30
1 375 7
1 564 10
1 318 2
1 494 4
1 311 5
1 276 8
1 797 2
1 227 8
1 199 7
1 193 10
1 886 9
1 906 6
1 735 5
1 131 7
1 120 4
1 452 6
1 95 7
1 624 5
1 87 10
1 75 8
1 74 7
1 13 2
1 6 5
2 857 6
2 351 6
2 939 4
2 279 8
2 205 2
2 204 7
2 539 10
2 190 9
2 184 6
2 165 8
2 163 5
2 855 5
2 152 2
2 655 1
2 885 7
2 138 1
2 520 9
2 116 8
2 113 4
2 109 6
2 103 1
2 852 1
2 718 3
2 85 6
2 707 5
2 62 9
2 46 3
2 36 9
2 26 5
2 22 9
2 14 8
2 9 8
2 7 6
2 3 8
3 498 6
3 355 9
3 868 4
3 479 10
3 441 6
3 428 9
3 241 9
3 780 9
3 214 8
3 468 9
3 120 10
3 114 2
3 98 1
3 94 6
3 73 9
3 72 10
3 729 10
3 921 2
3 23 3
3 536 3
4 346 5
4 765 8
4 924 2
4 271 1
4 480 7
4 511 6
4 225 10
4 417 7
4 200 5
4 197 8
4 160 9
4 159 2
4 151 10
4 989 8
4 831 4
4 94 4
4 87 2
4 764 1
4 621 7
4 734 6
4 540 1
4 13 7
4 9 3
4 7 10
4 6 9
4 5 9
5 401 3
5 573 2
5 435 10
5 273 7
5 828 8
5 965 4
5 189 9
5 535 6
5 802 8
5 162 6
5 150 6
5 788 6
5 60 1
5 670 7
5 638 7
5 36 8
5 31 1
5 16 5
5 14 5
5 11 6
5 8 4
5 7 8
6 623 2
6 637 1
6 334 4
6 687 10
6 954 5
6 290 2
6 849 6
6 210 2
6 208 8
6 593 9
6 171 9
6 168 9
6 95 2
6 778 7
6 32 10
6 23 8
6 610 3
7 296 10
7 99 7
8 916 2
8 851 3
8 993 3
8 196 9
8 466 4
8 127 3
8 772 9
8 113 7
8 81 1
8 74 6
8 46 2
8 17 8
9 440 4
9 174 9
9 820 4
9 918 3
9 698 9
9 47 3
9 25 4
9 15 8
9 12 10
9 731 6
10 604 3
10 371 2
10 452 6
10 355 8
10 311 6
10 309 8
10 228 10
10 456 6
11 399 2
11 369 9
11 732 8
11 335 4
11 568 4
11 738 1
11 649 7
11 280 3
11 891 2
11 852 4
11 874 5
11 252 4
11 176 8
11 173 10
11 947 10
11 103 9
11 101 6
11 608 5
11 58 1
11 34 9
11 30 4
11 27 10
11 20 8
11 486 3
11 844 10
12 403 5
12 469 8
12 950 3
12 222 1
12 881 6
12 462 6
12 77 7
12 67 1
12 50 5
12 37 9
12 35 7
12 26 9
12 25 1
12 24 9
12 18 9
12 998 4
13 610 3
13 924 2
13 765 9
14 655 5
14 547 5
14 344 5
14 293 8
14 955 6
14 230 4
14 783 1
14 444 6
14 169 8
14 435 8
14 412 6
14 156 2
14 727 10
14 453 10
14 64 7
14 51 1
14 555 5
14 40 7
14 21 6
15 317 10
15 118 7
15 50 10
15 42 1
16 343 10
16 245 6
16 41 4
17 386 10
17 802 6
17 360 7
17 639 3
17 933 8
17 770 9
17 96 1
17 39 1
18 979 9
18 315 9
18 297 10
18 283 9
18 545 6
18 485 2
18 181 7
18 179 1
18 810 6
18 124 1
18 496 6
18 1000 6
18 90 4
18 84 7
18 70 3
18 67 5
18 56 8
18 43 9
18 834 9
19 365 7
19 330 10
19 309 4
19 631 1
19 265 4
19 232 3
19 210 7
19 193 10
19 677 2
19 95 4
19 767 2
20 529 4
20 363 3
20 338 1
20 303 4
20 719 10
20 263 9
20 250 7
20 535 6
20 178 2
20 68 2
20 822 7
20 28 1
20 21 1
20 573 8
21 424 8
21 329 10
21 471 5
21 313 2
21 981 4
21 960 8
21 636 5
21 274 8
21 231 3
21 195 5
21 957 5
21 674 2
21 516 2
21 112 5
21 552 9
21 34 9
21 644 5
22 899 8
22 485 4
22 996 3
22 147 2
22 45 7
22 986 8
23 526 2
23 748 3
23 291 7
23 830 10
23 904 9
23 126 3
23 53 8
23 441 7
24 804 9
24 198 7
24 590 5
24 834 1
24 80 10
24 70 5
24 63 5
24 55 6
24 855 9
25 361 10
25 440 1
25 542 4
25 253 6
25 598 9
25 186 3
25 698 2
25 149 6
25 77 10
25 524 1
25 588 8
26 300 1
26 902 4
26 134 2
26 54 1
26 33 3
27 378 7
27 338 7
27 658 2
27 212 2
27 119 1
27 71 4
27 689 7
27 28 6
27 890 3
28 359 2
28 150 10
28 917 6
29 715 6
29 342 6
29 502 6
30 388 2
30 374 5
30 369 10
30 883 3
30 969 7
30 437 6
31 401 10
31 817 6
31 532 6
31 409 4
32 757 7
32 235 1
32 593 1
32 903 6
32 428 10
32 740 2
32 126 8
32 759 6
32 83 10
32 78 8
32 73 9
32 830 1
32 66 7
32 57 3
32 49 10
33 310 10
33 855 6
34 911 5
35 997 8
35 469 3
35 537 5
35 796 2
35 77 6
36 435 5
36 393 9
36 599 1
36 216 1
36 40 6
37 55 1
38 715 7
38 624 4
38 443 8
38 104 2
38 502 3
39 138 7
40 362 5
40 284 8
40 216 5
40 840 9
40 500 10
40 139 9
40 889 10
40 61 10
41 332 1
41 722 8
41 245 3
41 569 5
41 81 7
42 998 8
42 847 9
42 218 2
42 203 7
42 909 1
44 250 7
44 865 2
44 628 8
44 547 1
45 996 8
45 133 5
45 56 8
46 694 8
46 122 10
46 113 6
46 111 9
46 75 1
46 65 10
46 551 4
47 353 1
47 663 5
47 50 7
48 432 10
48 226 5
48 615 6
48 913 7
49 171 9
50 663 2
51 666 9
51 833 1
52 752 6
52 936 8
52 565 10
52 145 10
53 320 4
53 229 2
53 59 6
54 279 9
55 600 9
55 869 2
55 80 6
55 671 8
55 63 8
56 211 5
56 88 9
57 725 4
57 637 9
57 175 10
57 168 10
57 607 10
57 128 5
57 89 4
57 83 2
58 263 4
58 239 10
58 683 2
58 112 2
58 68 10
58 844 1
59 357 8
59 320 10
59 448 6
60 386 8
60 993 9
60 96 8
61 544 10
61 645 8
61 937 2
61 130 5
62 163 8
62 93 5
63 632 4
63 463 7
63 646 1
63 578 3
63 560 3
63 198 9
63 179 10
63 97 6
63 80 4
64 454 9
64 771 5
64 379 3
64 293 4
64 180 9
64 711 1
64 953 10
64 754 5
65 351 9
65 85 5
66 708 3
66 312 7
66 908 9
66 168 9
66 629 3
66 421 8
67 422 2
67 159 2
67 151 9
67 110 3
67 84 7
67 69 1
67 621 10
68 263 1
68 239 7
70 395 3
70 394 10
70 584 6
70 289 3
70 192 4
70 962 7
70 793 4
70 795 2
70 129 10
70 91 8
71 586 10
72 367 1
72 473 1
72 242 10
72 225 7
72 415 5
73 233 5
73 811 7
73 148 7
73 426 1
73 550 6
74 458 5
74 423 6
74 772 4
74 763 5
74 111 9
74 494 8
74 806 4
75 423 10
75 122 2
77 692 3
77 186 5
77 149 6
78 255 5
79 423 6
79 464 3
79 458 7
80 288 10
80 86 2
80 567 8
81 432 7
81 259 6
81 756 9
81 977 8
81 491 8
82 995 8
82 144 2
82 660 8
83 89 9
84 422 3
86 254 10
86 247 5
87 605 5
87 745 3
87 511 5
87 989 1
87 906 6
89 648 8
89 140 4
89 128 9
89 668 2
90 705 6
90 566 6
91 382 6
91 287 5
91 430 10
91 614 9
91 221 2
91 543 4
91 137 9
91 100 1
92 429 3
93 345 1
93 565 9
94 611 7
94 507 3
95 872 3
95 580 8
95 631 9
95 919 10
96 356 7
96 634 9
96 802 5
97 600 8
97 816 5
98 465 10
98 125 9
100 912 9
100 418 7
100 221 6
101 531 4
101 280 5
101 915 7
102 960 1
102 644 8
103 319 9
103 850 10
103 650 1
104 390 3
104 342 4
105 335 1
105 173 9
106 187 4
107 243 4
107 198 3
108 837 10
108 496 8
108 584 1
108 863 8
108 201 2
108 124 5
109 123 8
110 734 9
110 801 9
110 609 8
110 966 1
111 236 2
111 772 10
112 504 1
112 486 9
114 373 5
114 549 7
114 821 4
114 546 5
114 761 8
115 202 4
116 344 5
116 539 4
116 306 1
116 645 4
116 130 8
116 555 8
116 895 4
117 126 2
117 751 3
118 317 3
118 563 6
119 381 10
119 378 2
119 363 3
119 508 7
119 212 4
119 188 8
119 890 7
119 121 4
120 706 4
120 392 9
120 292 5
120 199 10
120 479 6
120 779 5
120 735 1
121 768 8
123 884 4
123 633 6
123 191 6
123 780 3
123 880 8
124 297 8
125 355 3
125 465 2
125 498 6
126 370 7
126 517 1
126 513 4
126 490 4
127 385 10
127 946 9
127 434 3
127 871 9
127 406 7
127 196 1
129 266 2
129 614 3
129 753 3
130 742 8
130 306 4
131 694 8
131 307 9
133 743 6
133 899 5
133 447 7
133 829 5
135 475 9
135 374 10
135 636 7
135 285 7
135 957 1
135 195 5
137 382 6
137 269 10
137 221 8
137 418 4
139 717 1
140 248 8
141 533 5
141 299 1
144 883 9
145 399 4
145 901 1
146 308 5
148 470 5
148 803 9
149 361 4
149 662 1
149 537 1
150 942 7
151 966 8
151 609 3
151 728 10
152 162 10
153 509 2
154 685 8
155 160 6
160 367 2
160 601 9
161 358 7
161 690 10
162 328 6
162 457 1
163 260 2
163 402 8
163 675 4
164 272 2
164 990 8
164 429 3
165 184 5
165 742 7
166 314 4
167 925 5
167 220 5
167 618 9
167 558 10
167 926 5
171 849 5
172 231 10
173 176 1
173 978 3
173 437 10
174 462 1
174 661 10
175 587 9
175 237 7
175 234 8
176 972 7
177 597 9
177 447 9
177 485 4
178 887 10
178 321 3
178 525 9
178 240 5
179 331 1
179 182 8
179 827 3
180 455 8
180 932 10
180 823 1
181 712 10
182 287 6
182 267 10
182 724 3
183 377 6
183 281 8
183 478 6
183 223 9
184 742 3
186 662 8
189 680 10
189 414 2
190 780 8
191 633 9
191 884 2
192 920 4
192 810 7
196 786 7
199 398 7
199 292 7
201 395 7
201 289 6
201 530 6
202 536 9
202 526 5
203 998 6
206 634 2
206 449 3
207 324 3
208 341 6
210 232 5
210 687 2
210 659 10
210 856 9
210 878 7
212 689 1
212 905 8
212 992 7
212 860 5
212 461 9
214 785 10
215 388 10
215 784 5
215 407 2
215 771 5
216 362 7
216 594 6
216 538 8
216 261 5
218 417 3
218 950 10
219 923 10
220 740 2
221 382 9
221 269 9
222 524 10
224 540 1
225 794 6
229 835 3
229 764 9
230 970 4
230 506 4
230 258 5
232 687 9
232 330 7
232 262 6
232 878 5
232 945 6
234 541 8
235 759 2
236 445 6
236 806 10
237 312 1
238 310 9
241 704 7
246 308 4
247 774 7
247 514 2
247 278 1
247 697 9
247 929 4
247 527 3
249 794 9
251 317 6
252 411 5
253 459 3
254 288 3
255 803 5
257 591 10
258 833 3
259 643 6
260 852 1
262 365 8
262 659 4
264 495 1
264 321 6
265 580 5
266 377 6
270 336 4
270 721 4
272 326 2
272 990 9
273 401 8
276 797 4
277 375 9
277 763 7
280 592 3
280 991 2
280 738 5
280 676 8
281 377 4
281 813 2
282 848 3
283 403 4
283 1000 7
283 814 8
284 393 10
284 425 2
284 439 7
285 416 3
285 969 6
286 800 8
286 527 9
286 774 2
287 980 6
287 543 8
287 988 1
287 724 10
287 331 3
288 567 4
292 392 8
292 944 9
293 932 5
296 488 2
299 533 5
299 626 10
300 902 2
302 415 10
305 909 3
308 451 7
310 322 3
311 371 4
312 587 3
313 684 5
313 436 1
314 349 6
314 595 6
314 601 6
314 737 1
315 857 6
317 640 4
319 650 5
320 357 10
320 842 8
322 703 2
323 446 8
323 693 2
324 472 5
325 379 7
325 552 2
327 561 5
327 620 9
330 365 3
331 988 9
332 450 2
334 624 3
336 721 1
337 372 6
337 578 7
337 641 4
338 696 6
339 433 3
339 549 2
339 575 6
339 617 3
340 922 9
340 912 7
344 613 7
344 645 3
344 497 3
346 350 6
346 589 4
347 680 6
347 808 8
350 589 1
354 814 3
354 1000 8
356 449 5
357 842 5
357 635 2
358 690 10
358 413 6
360 699 6
360 639 2
360 685 3
361 625 6
361 492 9
363 994 2
364 909 1
366 714 6
366 650 10
367 387 5
368 702 8
368 510 8
369 419 2
373 761 7
373 776 6
373 611 8
375 494 7
376 545 5
376 709 6
377 813 4
378 689 7
378 860 6
378 843 4
379 669 4
379 622 8
379 581 3
379 898 6
379 516 2
379 603 8
383 876 3
383 540 5
384 768 10
385 871 7
385 946 2
388 521 7
388 784 4
388 875 5
389 529 8
389 686 10
391 659 1
392 854 10
393 425 8
393 766 3
394 818 9
395 863 9
396 651 2
397 812 9
398 944 2
398 557 2
399 657 1
400 736 2
400 875 1
403 814 4
406 786 9
406 434 10
408 603 8
409 861 8
409 938 3
409 649 5
410 537 7
412 438 10
413 690 4
422 881 10
424 603 7
424 981 1
425 500 3
426 647 4
427 543 5
434 534 9
435 453 7
436 471 6
438 934 10
441 713 5
441 612 1
442 707 5
444 528 5
447 829 10
450 606 5
450 576 7
450 858 3
450 951 8
451 630 6
453 777 6
458 782 8
459 570 10
462 661 7
463 962 2
463 512 2
463 641 3
465 958 4
466 963 5
466 916 8
468 559 9
470 803 8
470 656 1
471 911 6
477 999 9
479 706 4
480 748 8
481 812 1
481 503 5
483 710 10
487 544 6
488 879 6
488 676 6
489 732 9
497 613 5
504 683 9
506 799 4
512 962 7
512 982 9
514 929 6
516 622 8
521 784 4
524 598 10
526 787 8
535 573 8
536 704 1
540 876 9
542 598 9
543 980 4
545 931 10
546 821 6
546 642 10
547 841 7
549 617 3
549 733 5
553 660 9
554 897 9
554 964 4
555 895 1
558 618 2
565 914 1
572 622 1
572 862 10
573 870 3
573 788 2
576 951 6
577 753 1
577 614 9
577 930 7
578 632 6
579 648 4
581 669 1
592 952 8
593 809 3
599 777 8
601 737 8
609 927 9
610 924 4
611 776 6
611 826 7
612 713 1
615 913 2
618 935 3
633 880 7
636 957 3
639 760 7
639 781 2
640 726 6
647 751 3
647 741 9
647 888 8
649 861 10
650 973 1
652 850 7
653 964 7
653 872 3
654 955 7
655 783 1
658 941 9
659 856 10
673 829 8
680 987 8
685 699 8
687 985 6
689 843 8
698 824 7
698 820 6
698 796 1
699 760 4
702 746 8
703 749 6
703 900 8
706 886 8
714 956 8
716 947 2
716 972 9
718 885 9
720 948 7
724 988 6
729 903 1
731 824 8
749 900 5
751 888 10
765 989 5
775 853 9
775 970 8
775 934 10
776 826 9
781 839 1
789 858 10
793 798 3
795 866 5
808 987 8
810 920 6
817 938 2
822 942 2
828 870 7
830 882 2
847 896 1
867 975 1
878 945 3
883 969 4
905 992 6
907 943 10
926 935 9
