1000 1197
5 92 99 5 9 20 31 71 80 41 20 73 65 28 58 60 24 89 82 32 14 39 27 22 46 88 82 88 38 82 86 93 50 14 40 59 57 57 59 60 71 16 28 2 83 75 41 66 97 22 73 3 55 30 77 17 71 46 59 18 1 19 86 79 55 79 94 100 74 73 7 48 4 65 15 21 87 79 61 23 73 9 61 91 98 65 10 92 41 57 42 90 42 93 19 38 33 33 11 17 31 17 77 82 9 64 30 8 71 53 93 77 12 55 58 60 98 79 98 26 7 21 55 83 19 86 8 12 68 29 10 46 31 52 4 44 16 8 94 5 74 36 56 18 98 4 19 76 54 9 85 71 19 17 91 89 10 70 57 33 19 63 49 55 57 71 60 4 19 28 100 37 28 8 74 54 3 77 30 39 87 46 86 8 68 59 36 76 44 72 55 16 18 52 7 19 10 53 64 91 10 38 69 13 42 19 6 7 50 50 19 80 75 2 81 88 78 8 56 63 44 59 51 99 3 68 6 90 78 21 96 64 44 85 81 38 83 68 24 73 59 4 91 62 57 36 27 1 85 72 34 51 38 76 76 37 80 44 4 5 80 67 40 9 9 59 40 51 28 92 41 27 19 5 73 10 88 21 29 6 41 64 7 63 81 3 79 86 17 100 40 51 11 24 55 97 34 42 10 30 25 21 67 38 37 86 13 45 65 39 35 61 74 44 25 83 40 83 88 64 94 69 40 2 19 8 39 31 34 69 81 36 87 76 29 89 8 93 18 30 70 31 18 55 37 52 6 49 6 60 87 40 61 41 50 36 67 25 79 20 15 66 24 25 12 20 43 60 36 2 86 49 56 58 90 58 46 69 20 5 61 13 97 35 54 76 8 74 27 11 35 1 80 26 59 44 77 64 62 12 98 33 22 8 40 33 25 7 12 4 50 92 98 48 84 75 43 16 89 5 93 15 96 51 22 61 79 40 8 65 94 18 69 8 99 92 10 91 62 53 62 95 32 21 6 89 93 45 67 86 36 18 23 98 86 52 78 77 57 70 24 61 73 85 77 16 9 97 63 77 18 81 39 93 44 39 62 44 17 30 42 80 54 25 25 64 25 87 27 94 60 15 100 48 78 47 74 9 5 36 52 63 39 59 86 72 30 12 39 68 11 34 79 23 94 90 91 81 50 5 92 4 13 6 42 97 82 54 8 27 72 72 17 7 10 92 92 68 41 43 78 2 38 8 100 92 33 80 78 54 99 55 78 27 20 75 31 96 64 51 37 98 76 27 62 9 23 53 90 32 41 80 29 49 97 20 74 17 25 43 69 22 4 15 59 7 42 29 82 43 10 58 5 6 78 75 21 86 3 86 94 60 78 37 31 61 77 87 11 17 17 90 11 62 15 30 14 24 95 11 83 97 16 59 37 99 94 21 63 64 48 18 58 77 78 79 42 34 21 56 36 32 95 45 15 81 85 36 51 21 76 92 27 49 39 71 18 25 28 3 32 97 72 53 44 86 4 72 51 12 36 88 3 84 16 37 7 23 60 28 100 24 72 77 84 77 54 28 6 40 39 22 93 32 3 87 38 45 36 74 6 100 8 27 37 1 15 87 55 72 12 83 50 16 22 31 34 40 100 46 79 64 87 54 35 82 62 37 58 22 38 90 35 48 86 53 69 91 55 95 75 90 11 21 16 34 56 51 81 84 65 40 4 96 78 29 42 89 28 25 62 2 56 23 2 44 4 37 42 98 58 2 9 39 17 55 8 90 8 77 95 39 61 8 37 16 36 18 30 57 51 9 7 80 93 20 67 37 67 5 69 57 87 53 35 8 27 38 92 21 31 87 21 2 99 27 69 16 76 69 55 96 90 21 80 83 62 44 94 25 10 47 55 59 39 93 100 57 24 16 73 65 29 9 90 79 47 50 5 57 6 51 6 11 52 46 93 19 47 45 62 4 85 12 67 72 16 64 41 48 76 48 80 99 43 33 35 58 42 40 89 54 36 3 51 100 7 46 48 36 40 25 20 59 28 51 47 68 17 76 44 6 95 48 70 70 97 66 6 54 85 25 30 84 47 24 98 83 3 38 29 4 7 54 74 28 18 60 89 35 89 66 97 98 64 60 63 57 70 26 20 29 45 90 59 46 49 13 58 77 92 86 37 24 10 65 22 57 84 9 20 5 31 100 19 98 60 46 28 29 58 44 67 94 31 57 59 85 55 21 83 2 38 32 7 82 48 91 50 40 52 24 78 34 33 6 85 18 80 10
1 407 10
1 474 2
1 361 4
1 402 10
1 462 3
1 341 10
1 872 7
1 303 8
1 285 6
1 859 2
1 424 7
1 663 9
1 633 4
1 532 4
1 815 2
1 865 1
1 134 4
1 441 3
1 842 5
1 973 8
1 36 3
1 32 8
1 29 8
1 22 2
1 21 7
1 9 10
1 8 3
1 7 3
1 3 6
2 634 8
2 613 6
2 425 1
2 339 7
2 330 2
2 568 6
2 316 3
2 255 7
2 231 6
2 670 8
2 229 7
2 225 8
2 219 8
2 215 8
2 955 8
2 211 8
2 194 1
2 808 4
2 482 1
2 940 5
2 725 1
2 803 4
2 893 9
2 153 9
2 145 5
2 470 10
2 134 2
2 126 7
2 124 6
2 118 6
2 681 7
2 588 6
2 83 7
2 81 5
2 76 1
2 71 2
2 67 1
2 59 9
2 58 7
2 1000 5
2 51 10
2 598 2
2 45 6
2 31 2
2 29 6
2 583 4
2 24 9
2 23 9
2 19 7
2 15 7
2 13 7
2 10 4
2 8 7
2 7 5
2 5 5
2 4 3
3 384 9
3 973 2
3 254 4
3 201 9
3 193 5
3 24 1
4 391 8
4 627 8
4 704 1
4 839 10
4 501 7
4 363 2
4 358 10
4 346 5
4 325 5
4 311 8
4 307 2
4 243 6
4 235 1
4 216 5
4 210 7
4 946 7
4 181 2
4 178 6
4 172 4
4 411 5
4 913 3
4 154 3
4 567 8
4 879 4
4 132 3
4 127 8
4 125 7
4 119 4
4 118 9
4 112 2
4 102 7
4 93 5
4 75 4
4 62 6
4 52 3
4 25 1
4 22 1
4 21 3
4 20 6
4 19 9
4 18 1
4 484 5
4 14 7
4 13 8
4 10 5
4 635 4
4 7 7
4 6 4
4 828 4
5 334 8
5 960 9
5 276 8
5 586 4
5 268 10
5 819 3
5 254 1
5 775 2
5 720 5
5 192 8
5 147 6
5 137 10
5 122 2
5 762 7
5 817 9
5 67 9
5 56 1
5 35 9
5 27 8
5 24 10
5 6 2
6 377 9
6 491 2
6 354 8
6 332 6
6 328 5
6 286 4
6 276 6
6 244 2
6 227 10
6 580 1
6 171 4
6 161 5
6 108 9
6 971 6
6 612 10
6 649 8
6 680 7
6 23 2
7 289 8
7 787 7
7 41 2
7 517 1
7 601 10
7 15 4
7 14 6
7 13 10
7 8 7
8 424 9
8 289 1
8 274 8
8 849 6
8 486 7
8 212 3
8 84 1
8 769 5
8 36 3
8 685 6
9 600 2
9 776 1
9 152 8
9 717 9
9 29 3
10 390 7
10 458 5
10 420 8
10 283 9
10 280 4
10 275 1
10 982 4
10 208 2
10 207 9
10 512 9
10 136 8
10 123 6
10 90 7
10 544 9
10 58 10
10 415 4
10 710 3
10 20 10
10 16 5
11 574 2
11 453 5
11 757 8
11 659 6
11 329 5
11 265 5
11 627 9
11 539 2
11 169 1
11 155 2
11 422 1
11 99 5
11 93 6
11 410 1
11 52 2
12 624 2
12 565 4
12 753 10
12 154 4
12 102 6
12 49 7
12 28 2
12 21 4
13 556 10
13 344 5
13 464 6
13 808 3
13 180 6
13 770 10
13 853 9
13 81 1
13 42 5
13 958 10
13 15 7
14 844 7
14 891 8
14 846 3
15 373 7
15 489 1
15 793 10
15 840 7
15 213 5
15 150 1
15 89 3
15 42 1
16 380 6
16 319 6
16 294 7
16 810 2
16 205 2
16 984 1
16 197 6
16 728 6
16 156 7
16 749 9
16 608 8
16 576 8
16 631 9
16 78 10
16 77 8
16 73 6
16 65 3
16 467 7
16 700 6
16 34 3
16 31 10
16 812 10
17 728 8
17 357 3
17 483 1
17 283 5
17 271 9
17 764 6
17 173 8
17 518 9
17 121 7
17 721 8
17 988 2
17 928 5
17 34 3
19 374 8
19 892 10
19 701 7
19 135 6
19 118 8
19 100 5
19 88 4
19 702 4
19 60 10
19 53 10
19 930 4
20 490 7
20 595 7
20 325 10
20 734 8
20 298 4
20 237 3
20 235 7
20 967 8
21 396 9
21 291 5
21 563 3
21 437 4
21 139 3
21 91 9
21 619 4
22 901 8
22 633 3
22 312 4
22 232 10
22 563 3
22 91 2
22 651 5
22 32 7
22 419 8
23 452 5
23 454 7
23 456 1
23 147 2
23 446 10
23 733 10
23 92 6
24 254 7
24 106 9
25 236 8
25 135 3
25 421 6
25 101 3
25 85 1
25 53 9
26 375 9
26 671 4
26 764 4
26 277 10
26 470 6
26 259 7
26 252 3
26 582 4
26 175 9
26 173 2
26 156 5
26 921 5
26 80 5
26 444 2
26 924 1
26 614 5
27 366 2
27 273 5
27 260 2
27 873 1
27 190 2
27 584 4
27 164 6
27 940 1
27 114 7
27 505 3
27 45 9
27 519 6
28 886 6
28 120 10
28 422 6
28 50 2
28 49 3
28 662 9
29 692 1
29 626 9
29 194 7
29 131 8
30 315 5
30 641 2
30 737 9
30 697 2
30 166 9
30 117 9
30 896 3
30 513 4
30 87 1
30 811 10
30 66 1
31 572 7
31 362 2
31 343 4
31 694 7
31 552 1
31 267 5
31 748 1
31 731 9
31 767 6
31 156 10
31 666 3
31 65 6
31 652 8
32 301 1
32 554 7
32 242 7
32 174 6
32 874 3
32 981 2
32 113 6
32 91 5
32 524 6
33 389 6
33 379 7
33 359 2
33 525 10
33 832 1
33 128 5
33 88 9
33 63 3
33 60 9
34 473 4
34 206 7
34 420 9
34 431 2
34 745 10
34 77 6
34 38 2
35 438 4
35 189 7
35 164 7
35 110 10
35 673 9
35 79 2
36 600 2
36 246 8
36 212 1
36 177 7
36 747 3
36 84 2
36 991 5
37 511 4
37 759 7
37 244 3
37 418 8
37 136 4
37 491 1
37 39 6
38 749 8
38 371 1
38 735 2
38 319 5
38 802 10
38 461 1
39 390 5
39 385 8
39 577 7
39 825 5
39 593 2
39 590 3
39 490 9
40 328 6
40 286 5
40 104 6
40 87 9
40 66 1
41 321 5
41 916 6
41 541 4
41 72 4
42 939 2
42 689 7
42 287 10
42 241 9
42 888 4
42 44 7
43 183 8
43 172 4
43 432 6
43 856 6
43 467 10
44 71 2
46 398 10
46 778 7
46 106 8
46 57 1
48 779 1
49 929 8
49 565 8
51 459 6
51 98 7
51 67 9
52 722 8
52 93 10
53 379 5
53 340 8
53 404 7
53 256 10
53 226 8
53 188 9
53 176 3
53 809 3
53 830 2
55 571 10
55 372 9
55 713 1
55 122 8
56 675 6
56 92 8
57 395 5
58 772 10
58 982 10
59 903 3
59 110 7
60 879 10
60 62 1
60 799 10
61 288 4
61 537 8
61 68 8
62 525 8
63 85 6
64 454 6
65 362 8
65 267 10
65 103 9
66 754 3
66 317 7
66 310 3
66 286 10
66 278 8
66 943 5
66 497 4
67 309 9
67 800 7
68 349 8
68 911 1
68 253 4
68 185 4
68 123 2
69 318 2
69 115 7
71 750 6
71 241 4
71 939 6
71 639 4
72 250 6
72 191 1
73 516 7
74 182 7
74 104 8
75 102 5
76 855 1
76 180 1
76 869 1
76 81 5
77 371 9
77 290 7
77 766 2
78 415 8
78 862 1
79 305 9
79 695 4
80 252 7
80 175 8
81 330 3
81 225 1
81 195 5
81 180 9
82 182 2
84 906 4
84 274 8
84 96 4
84 849 9
85 404 9
87 497 1
87 278 10
87 162 6
87 970 9
88 892 9
88 128 3
88 100 6
89 423 9
89 494 2
90 325 1
91 301 8
91 196 1
91 151 2
91 139 6
92 414 6
92 109 8
92 744 9
93 363 7
93 329 5
93 265 7
93 561 4
95 968 9
95 193 6
96 558 8
96 202 4
96 747 4
97 830 4
97 439 5
98 644 10
98 806 6
98 618 5
98 515 10
99 155 7
99 115 1
100 708 1
100 204 1
100 184 3
101 226 9
101 176 6
103 343 7
103 323 1
103 818 10
103 607 8
103 521 4
104 339 9
104 527 7
104 682 1
105 508 5
106 495 1
107 778 9
108 331 1
108 960 5
108 276 6
108 974 2
108 908 4
108 119 6
109 350 5
109 414 1
111 318 9
111 125 3
112 498 7
112 281 7
112 146 5
112 969 2
112 866 9
113 376 8
113 965 7
113 242 2
113 232 10
113 548 5
113 148 1
113 141 9
113 116 9
114 229 2
115 351 1
115 234 7
115 155 10
116 857 10
116 322 10
116 247 1
116 835 10
116 238 10
116 141 6
116 878 1
116 592 10
118 353 7
118 496 8
118 262 6
119 181 6
120 365 7
120 296 8
121 451 2
121 357 7
121 723 1
121 994 2
121 223 3
121 209 1
121 409 2
121 741 5
121 914 8
122 192 8
122 775 5
122 796 7
123 934 2
123 578 5
124 782 5
125 953 10
125 807 8
126 353 5
127 391 7
128 256 1
128 535 10
129 656 6
130 779 3
131 760 2
131 407 10
131 861 3
131 285 6
131 668 4
131 194 9
131 557 8
132 249 5
132 163 8
133 455 10
133 921 10
133 314 5
133 457 9
133 784 8
133 138 6
133 927 1
133 983 1
133 664 2
134 620 9
134 441 8
135 449 5
135 236 7
135 650 8
135 657 1
138 272 3
138 937 5
138 426 2
139 299 8
139 727 6
139 198 8
140 150 8
141 238 7
141 232 2
143 899 1
143 382 3
143 920 2
143 732 10
143 231 2
143 646 7
144 521 9
145 450 5
145 789 9
146 163 2
147 762 1
148 857 5
148 965 2
148 878 3
149 321 4
149 250 7
150 213 6
151 360 6
151 214 9
151 430 1
151 502 7
152 170 8
153 369 2
154 393 1
155 938 5
158 751 9
158 237 9
158 729 2
158 894 10
159 429 6
160 289 5
163 566 4
163 165 10
164 370 4
164 972 5
165 831 6
165 969 7
167 526 6
167 275 10
168 205 9
168 984 6
168 915 3
169 539 5
169 530 1
169 410 8
169 962 8
169 624 8
169 453 8
171 729 4
173 451 4
173 357 2
173 472 9
173 471 1
174 688 10
174 299 6
174 291 8
175 252 2
176 226 9
176 739 6
177 387 8
181 645 8
181 279 6
181 487 2
181 222 2
181 481 2
182 513 6
183 311 1
183 479 7
184 295 1
184 204 2
186 954 6
186 669 8
187 619 7
188 404 3
190 268 3
190 260 8
190 823 6
190 427 8
190 696 7
191 345 4
191 540 10
193 724 4
193 341 5
193 303 3
193 201 8
193 622 4
196 690 2
199 307 6
199 200 1
199 481 6
200 408 5
200 222 10
200 210 7
200 917 3
203 348 10
203 302 7
203 217 6
204 978 2
204 475 1
204 605 3
205 684 6
205 333 9
205 915 8
205 492 10
207 687 6
208 432 8
210 514 9
211 282 3
214 430 10
214 463 7
217 348 10
218 894 8
220 540 7
221 927 2
221 263 8
221 259 8
221 457 8
222 487 8
222 792 8
222 279 10
222 980 6
222 957 4
222 917 9
222 952 4
223 625 3
225 677 8
225 588 1
225 858 5
227 931 9
227 847 3
227 270 1
227 580 9
228 339 1
228 550 8
229 758 9
230 371 5
230 576 1
230 240 5
231 583 1
231 1000 9
231 732 9
234 987 5
236 986 5
236 650 1
237 643 1
238 592 6
238 247 10
239 266 10
240 367 1
240 698 10
241 689 2
242 648 10
242 261 7
242 524 2
243 547 4
244 612 6
245 337 3
246 747 4
251 427 1
251 268 1
251 264 8
251 718 9
251 951 2
252 743 10
253 397 7
253 911 9
253 897 9
254 964 4
255 893 6
255 284 2
255 681 9
255 618 8
258 868 3
258 935 1
259 707 6
259 277 7
260 823 6
260 696 10
262 946 8
263 455 9
263 314 7
264 399 3
264 334 8
264 584 6
264 975 1
264 493 9
265 561 2
265 627 1
267 666 1
267 343 10
267 763 8
267 949 2
268 427 5
268 819 7
270 863 10
274 890 1
275 533 6
277 375 8
279 792 5
282 509 8
283 518 9
283 478 10
284 836 9
286 943 4
287 939 9
288 458 6
288 710 6
288 934 9
289 769 2
289 787 8
289 742 6
290 745 6
290 431 3
291 992 3
293 740 2
293 520 9
294 926 4
294 546 6
294 700 10
295 691 10
295 475 2
296 837 10
297 503 10
298 383 8
298 687 7
302 925 9
302 845 2
303 341 8
304 553 2
305 806 5
305 761 3
305 726 9
305 993 1
306 367 7
308 365 9
308 529 8
309 765 2
315 783 9
315 801 10
315 446 8
317 943 4
319 616 5
319 926 9
320 752 6
320 356 8
320 623 8
320 532 5
326 551 7
327 488 4
333 492 1
333 755 5
334 335 6
335 399 8
335 493 10
335 975 3
335 706 6
336 821 9
336 605 1
336 674 9
339 550 6
339 527 10
341 394 7
341 402 8
342 625 1
342 914 10
343 767 1
343 417 7
343 572 7
347 929 10
348 683 1
351 922 1
351 435 8
352 786 9
352 765 7
356 961 5
356 672 7
357 711 4
361 407 2
361 842 5
363 416 9
364 908 10
368 783 7
368 446 4
371 766 4
371 827 5
372 797 8
372 571 10
373 489 10
377 454 9
379 389 6
380 810 8
380 616 7
383 687 2
385 790 2
387 852 7
390 577 7
390 508 8
390 510 4
394 622 4
394 462 6
394 402 7
396 437 7
397 578 4
397 400 9
399 923 10
402 834 6
406 766 3
407 842 9
407 663 1
408 952 6
408 676 10
409 614 1
410 539 6
417 504 2
419 480 8
420 478 3
420 678 9
424 909 10
424 890 2
430 904 4
435 922 2
436 691 3
437 542 10
438 469 5
438 903 7
440 547 7
441 620 1
445 708 10
447 535 2
447 795 8
447 989 1
448 629 6
449 657 8
450 646 9
452 456 9
453 659 9
456 543 6
457 664 8
457 784 9
457 465 8
458 998 9
458 934 9
459 726 10
459 515 7
461 654 8
461 995 3
463 889 6
464 556 6
465 523 3
465 905 5
466 829 6
466 752 8
467 941 6
471 781 8
477 553 5
480 669 7
482 681 5
484 979 5
484 997 9
488 575 2
489 958 10
494 793 7
494 826 4
495 589 8
499 942 10
502 507 10
504 910 3
504 652 3
509 900 9
510 825 6
510 590 6
516 660 10
517 635 3
520 858 1
520 568 3
521 636 6
524 648 6
524 820 7
526 898 8
527 559 6
530 962 2
530 624 9
530 887 4
535 795 7
536 649 10
541 699 1
543 641 8
544 856 10
547 640 7
552 632 10
553 679 9
553 661 2
555 960 2
557 668 1
572 666 8
572 767 8
573 930 6
573 702 10
576 698 2
578 897 5
579 707 6
581 610 4
583 603 8
583 732 2
585 719 4
586 880 3
587 858 5
591 850 4
591 637 7
597 983 1
600 611 9
615 891 9
615 846 3
617 640 10
619 628 1
621 812 3
632 875 5
637 850 9
638 710 1
641 697 10
642 751 2
645 957 7
646 789 3
651 814 10
654 802 7
660 919 10
665 757 4
669 901 10
669 954 4
670 777 4
670 804 10
681 725 8
683 845 9
685 865 10
698 948 7
705 887 1
706 975 9
716 830 5
720 972 1
734 967 10
736 827 6
741 794 5
742 787 3
742 769 3
746 883 4
749 862 5
764 781 9
765 786 8
772 898 10
773 819 5
774 851 5
777 907 4
781 833 6
785 843 8
795 989 7
805 813 9
832 871 9
837 886 7
868 935 8
880 933 2
882 994 9
890 909 8
928 988 7
979 997 1
