1000 1197
5 9 19 83 3 58 34 50 33 90 38 85 82 90 77 62 99 88 27 26 74 24 7 53 26 80 15 60 20 40 73 76 12 17 19 17 95 66 77 79 93 3 48 71 82 30 56 4 41 78 89 39 78 46 25 80 58 28 41 16 17 52 26 46 46 94 20 35 62 81 8 41 20 100 34 35 54 57 99 56 65 7 83 65 22 100 32 9 71 8 2 9 21 48 59 93 13 53 41 44 56 48 95 71 17 73 40 55 68 46 94 21 53 69 81 81 32 19 47 59 15 55 28 33 97 51 21 63 6 93 76 53 87 82 21 3 7 91 51 64 88 38 86 20 50 63 39 88 23 10 67 33 78 13 4 82 54 60 80 94 3 74 97 16 45 67 83 14 88 76 11 58 18 15 10 58 70 43 18 2 29 42 27 55 40 50 43 86 20 86 51 29 31 15 31 15 72 98 27 72 82 62 66 64 80 2 39 14 54 16 66 61 24 37 45 1 13 73 89 42 94 52 29 35 13 20 59 13 42 61 83 93 11 18 63 98 43 99 73 68 20 55 42 61 16 75 9 70 81 86 55 89 80 78 25 25 78 22 7 32 40 17 67 1 78 99 28 92 64 28 32 6 66 33 32 53 31 16 20 79 58 64 100 58 13 51 60 17 64 88 24 70 95 5 78 63 5 3 5 65 50 11 77 20 17 10 55 94 70 49 10 96 66 47 11 90 97 70 6 40 11 67 4 38 53 65 48 10 15 14 30 100 51 5 76 36 18 35 66 73 82 47 52 5 72 10 91 75 46 36 75 14 83 2 68 65 86 90 74 76 3 71 3 67 86 47 64 87 48 50 21 85 33 38 35 59 52 22 45 78 33 41 42 60 29 1 70 92 20 4 71 24 88 19 28 68 95 96 91 40 81 6 6 28 84 23 11 72 46 7 78 19 83 62 40 81 60 13 62 97 65 16 61 27 11 42 61 80 16 37 60 65 24 33 68 63 14 14 92 85 91 65 85 56 17 24 67 71 59 82 73 4 45 49 36 58 19 94 38 92 66 91 71 55 31 71 31 28 2 92 55 10 88 18 69 28 9 32 43 13 33 3 16 71 41 11 76 87 73 31 11 61 66 29 64 24 77 70 77 9 47 47 22 56 73 26 100 56 19 71 74 13 34 41 16 7 29 14 41 63 47 1 50 91 39 64 6 20 30 64 17 4 79 51 53 69 41 8 95 54 49 74 10 43 82 26 37 83 87 63 62 88 65 15 67 37 55 87 21 73 41 84 53 2 88 39 77 2 25 11 48 11 24 26 29 15 18 82 93 7 82 59 71 10 78 76 1 98 5 76 85 45 53 85 71 28 93 44 27 74 10 64 11 30 68 100 59 53 81 25 70 70 72 2 30 26 55 84 73 76 88 55 87 48 93 27 52 65 24 18 44 62 91 9 52 1 87 12 25 86 16 16 54 31 80 78 99 50 43 50 42 39 90 27 4 48 90 32 38 54 14 63 5 6 40 80 74 56 38 93 18 66 96 6 26 97 17 6 70 71 38 46 47 72 86 38 10 60 85 32 36 78 68 5 49 75 66 91 65 39 8 5 35 68 73 16 91 19 71 53 99 30 99 13 85 58 18 84 13 52 86 82 8 80 59 13 1 54 76 53 53 14 93 55 96 100 54 77 8 54 13 76 34 46 32 39 80 92 55 83 31 24 35 44 74 21 72 56 6 49 23 13 71 54 28 24 47 90 61 94 16 3 36 26 80 30 50 98 3 89 89 51 30 48 38 26 91 50 69 96 7 70 99 83 4 64 70 12 66 28 30 14 7 2 45 10 70 54 63 15 96 80 99 48 49 32 5 70 44 12 24 92 98 74 49 35 34 71 62 13 24 55 23 87 8 71 36 99 88 5 83 48 42 79 100 35 84 58 4 86 52 89 98 4 76 83 78 92 35 14 20 58 85 23 14 93 64 46 2 57 90 18 33 8 17 26 35 16 59 48 9 17 62 78 85 75 16 40 85 82 21 25 63 51 31 39 86 49 67 46 65 54 9 1 21 14 42 70 17 49 87 98 45 33 77 75 99 87 32 30 30 34 100 71 6 84 74 48 52 8 81 20 44 52 28 71 33 1 73 68 20 88 85 81 73 72 15 83 18 28 51 43 65 55 70 67 80 3 93 85 62 27 45 19 9 5 68 80 73 22 15 14 24 19 42 12 57 40 68 96 85 58 36 39 94 73 63 85 48 63 43 1 6 29 41 18 28 55 32 50
1 397 1
1 706 3
1 434 5
1 331 10
1 875 8
1 313 4
1 429 1
1 464 6
1 579 2
1 189 3
1 703 1
1 747 3
1 934 9
1 96 10
1 82 5
1 75 10
1 894 3
1 818 9
1 32 4
1 28 4
1 24 4
1 23 10
1 19 4
1 421 1
1 11 2
1 7 2
1 4 8
1 3 2
2 932 5
2 788 5
2 535 5
2 229 5
2 529 4
2 190 6
2 140 6
2 139 3
2 772 5
2 109 7
2 104 7
2 98 4
2 662 1
2 602 4
2 21 3
2 16 2
3 399 10
3 951 1
3 478 1
3 833 7
3 237 4
3 936 1
3 649 2
3 895 3
3 158 2
3 706 4
3 694 10
3 764 7
3 126 9
3 756 6
3 99 6
3 514 4
3 44 10
3 31 4
3 27 10
3 20 1
3 14 2
3 5 5
4 395 8
4 415 8
4 735 4
4 529 4
4 605 6
4 774 7
4 983 6
4 590 4
4 770 1
4 313 6
4 810 2
4 457 3
4 739 7
4 288 5
4 286 5
4 285 10
4 244 3
4 477 3
4 203 5
4 962 8
4 196 5
4 177 10
4 554 2
4 160 5
4 157 4
4 588 10
4 135 7
4 133 10
4 130 3
4 660 7
4 631 2
4 652 9
4 81 2
4 72 9
4 69 7
4 62 10
4 57 5
4 48 6
4 47 8
4 41 9
4 33 8
4 26 3
4 24 9
4 19 10
4 930 3
4 16 7
4 15 3
4 7 6
4 5 3
5 370 4
5 347 6
5 645 2
5 739 10
5 335 6
5 321 6
5 706 8
5 795 8
5 601 1
5 275 4
5 997 6
5 253 2
5 599 9
5 216 3
5 944 7
5 208 3
5 592 9
5 85 9
5 441 9
5 65 3
5 64 3
5 45 2
5 8 1
6 575 2
6 321 7
6 550 7
6 267 9
6 876 10
6 794 7
6 424 10
6 412 9
6 87 1
6 64 2
6 9 1
7 307 1
7 300 4
7 523 6
7 236 2
7 565 5
7 203 4
7 192 4
7 704 3
7 499 9
7 729 1
7 144 3
7 844 7
7 128 3
7 113 10
7 677 7
7 103 7
7 559 1
7 51 5
7 38 2
7 588 4
7 13 1
7 11 6
8 942 9
8 370 6
8 724 7
8 286 4
8 243 2
8 513 2
8 511 1
9 506 5
9 744 5
9 304 5
9 298 4
9 763 7
9 536 1
9 213 2
9 430 10
9 510 9
9 193 10
9 496 2
9 143 1
9 661 3
9 1000 2
9 87 1
9 86 1
9 64 9
9 569 6
9 958 5
9 34 4
9 598 3
9 20 5
10 612 7
10 346 6
10 345 7
10 296 8
10 226 10
10 499 9
10 444 1
10 84 3
10 32 6
10 729 2
11 665 9
11 849 8
11 271 6
11 176 3
11 172 9
11 98 1
11 38 9
11 891 10
12 261 9
12 77 8
12 26 3
12 17 9
12 14 10
13 488 3
13 837 2
13 238 5
13 444 2
13 573 2
13 507 8
13 75 3
13 643 3
13 639 8
13 30 1
13 28 7
14 802 3
14 946 4
14 508 7
14 437 8
14 127 10
14 97 7
14 27 3
15 398 5
15 358 9
15 276 10
15 263 7
15 695 5
15 182 1
15 122 2
15 78 10
15 57 10
15 33 8
16 700 5
16 359 10
16 994 10
16 342 10
16 570 5
16 303 1
16 207 7
16 201 1
16 169 2
16 113 6
16 109 10
16 79 10
16 62 4
16 39 8
16 21 5
17 435 2
17 773 3
17 49 5
17 26 7
18 356 10
18 287 10
18 860 2
18 764 8
18 765 3
18 218 2
18 608 10
18 465 1
18 138 7
18 797 8
18 846 5
18 89 10
18 88 2
18 85 7
18 40 3
18 404 6
19 636 5
19 219 5
19 189 2
20 387 4
20 382 8
20 692 6
20 280 1
20 607 8
20 121 4
20 101 4
20 66 3
21 389 9
21 779 6
21 163 2
21 959 8
21 79 10
22 351 5
22 232 3
22 194 1
22 163 1
22 104 1
23 329 10
24 516 9
24 818 6
24 96 2
25 583 7
25 950 6
25 796 10
25 743 5
25 565 2
25 155 6
25 63 3
25 43 4
25 843 10
25 419 1
26 773 9
26 893 5
27 802 6
27 246 6
27 438 2
27 953 6
27 135 6
27 613 10
28 400 7
28 362 4
28 806 1
28 308 10
28 269 5
28 845 7
28 238 4
28 152 2
28 30 5
29 892 7
29 180 5
29 995 7
29 463 9
29 720 3
29 48 6
30 633 8
30 123 2
31 437 5
31 391 1
31 237 8
31 882 5
31 184 6
31 125 8
31 965 10
31 99 5
31 77 7
32 397 10
32 917 2
32 54 3
32 47 2
33 376 2
33 270 7
33 898 8
33 456 1
33 241 9
33 211 8
33 177 5
33 963 1
33 420 5
33 145 7
33 480 7
33 728 10
34 550 1
34 44 9
35 839 10
35 322 9
35 198 6
35 161 10
35 147 10
35 146 4
36 678 9
36 716 9
36 227 3
36 148 2
37 80 10
37 58 8
37 46 9
38 665 3
38 848 3
38 291 10
38 566 2
38 887 3
38 153 2
38 844 1
39 357 7
39 260 6
39 232 4
39 621 3
39 831 4
40 465 3
40 671 6
40 264 2
40 852 8
40 532 9
40 521 8
40 142 8
40 131 3
40 106 8
40 102 10
40 92 10
40 85 6
41 307 7
41 299 8
41 254 6
41 731 6
41 214 10
41 652 1
42 770 3
43 373 1
43 743 8
44 213 4
44 158 7
44 841 8
44 805 4
44 627 3
44 50 1
45 319 6
45 315 3
45 273 9
45 259 6
45 245 2
45 223 9
45 506 9
45 610 6
45 204 2
45 161 2
45 114 3
45 108 8
45 491 5
45 61 1
46 352 5
46 314 9
46 867 7
46 80 1
48 449 8
48 133 2
49 435 1
49 100 9
50 661 7
50 141 7
51 704 1
51 458 2
51 588 8
51 819 9
52 248 1
52 407 4
52 175 8
52 964 8
52 92 10
52 414 2
53 530 6
53 385 2
53 384 5
53 767 5
53 341 4
53 558 1
53 425 5
53 317 1
53 265 1
53 259 9
53 249 1
53 568 2
53 462 3
53 129 9
53 574 6
53 436 3
53 108 6
53 785 6
53 83 1
53 993 1
53 830 5
54 917 1
55 329 8
55 636 7
55 239 3
56 351 10
56 309 4
56 232 6
56 450 7
56 926 4
57 375 3
57 874 6
58 71 4
59 513 6
60 564 10
60 405 9
60 66 3
61 384 4
61 349 9
61 317 8
61 726 3
61 228 4
61 918 2
61 137 3
61 83 7
62 856 6
62 294 7
62 117 4
62 111 4
62 81 1
62 79 10
63 740 2
63 282 8
63 155 2
63 720 3
64 656 2
64 321 5
64 510 7
64 424 5
65 289 5
65 746 5
65 462 4
66 835 3
66 405 1
66 181 10
67 809 6
67 582 8
67 297 5
67 267 1
67 936 4
67 494 6
68 332 5
68 760 4
68 817 1
68 765 3
68 74 7
69 916 1
69 320 7
69 590 10
69 285 3
69 272 8
69 413 9
70 663 9
70 243 8
70 799 5
70 472 2
72 629 9
72 856 1
72 81 10
72 910 6
73 214 5
73 419 2
73 766 8
74 356 4
74 340 4
74 888 7
74 230 8
74 553 3
74 997 3
74 95 2
74 757 9
74 418 9
75 326 2
75 690 4
76 186 10
76 505 2
77 489 4
77 188 3
77 954 10
77 99 7
79 779 3
79 116 6
80 460 8
80 112 8
81 111 3
81 629 2
81 416 5
83 367 6
83 436 3
83 283 5
83 228 7
83 202 8
83 156 1
83 108 6
83 589 6
84 345 7
84 331 1
85 233 9
85 723 10
85 90 9
86 388 9
86 493 6
86 213 1
87 222 5
87 124 10
88 757 8
88 330 8
88 760 8
88 95 1
88 896 2
89 922 8
89 813 8
89 304 7
89 496 4
89 284 10
90 807 1
91 445 1
92 377 5
92 727 4
92 406 3
92 150 9
92 811 6
93 471 10
94 407 4
95 608 4
95 469 5
95 757 6
95 230 8
96 637 3
97 613 3
98 747 4
98 205 7
98 110 6
99 512 8
99 166 2
99 125 5
99 448 8
99 675 2
100 893 4
101 626 5
101 951 10
101 149 4
101 902 9
102 142 2
103 254 9
104 981 3
104 342 4
104 549 10
104 776 7
104 206 3
104 733 2
104 681 5
104 109 10
106 264 6
106 521 7
106 723 8
106 623 6
107 963 3
108 367 4
108 223 7
108 162 7
108 151 7
108 543 5
109 292 9
109 768 3
109 224 2
109 498 6
109 535 10
109 501 7
110 363 3
110 905 8
110 579 3
110 602 10
110 725 3
111 810 2
112 288 4
114 337 1
114 319 7
114 918 3
114 533 2
115 257 6
115 248 7
116 973 2
116 117 7
118 805 7
118 141 1
118 627 3
120 950 5
120 449 3
121 815 6
121 280 3
121 149 6
122 276 9
122 263 4
123 369 2
123 362 7
123 485 6
123 167 10
123 502 10
124 696 4
125 943 4
125 184 2
125 166 10
127 834 3
127 173 10
127 946 10
127 631 5
128 364 5
128 336 7
128 252 4
128 240 3
128 890 10
128 200 6
129 151 7
129 568 3
131 811 3
131 654 2
132 814 9
133 710 4
133 316 4
134 957 9
134 311 10
134 167 1
134 999 4
135 748 10
135 889 4
136 205 6
137 425 6
137 210 9
139 374 8
139 271 6
139 262 2
139 185 3
139 172 8
139 784 7
140 461 9
142 714 1
143 644 1
143 601 3
144 682 5
144 300 2
144 152 10
144 581 9
144 753 6
144 934 1
145 360 7
145 302 8
146 839 8
147 762 10
148 940 3
148 517 6
148 258 3
148 678 3
150 676 3
151 368 9
151 785 10
151 574 5
152 581 6
152 986 4
152 682 6
153 209 7
154 871 2
154 367 5
154 197 1
155 217 10
155 463 2
155 919 5
156 315 8
157 867 4
158 234 5
159 622 7
159 651 2
159 754 5
160 417 8
161 245 10
162 481 2
162 328 6
162 225 6
163 357 6
163 879 5
163 621 9
164 318 5
164 308 5
164 251 4
164 886 2
164 504 4
164 861 6
164 542 2
164 689 8
164 619 1
165 546 2
165 683 2
166 540 5
166 474 10
167 721 7
167 957 10
168 392 7
168 379 5
168 181 7
168 640 8
168 431 5
169 772 6
169 788 6
169 324 5
169 808 6
170 408 2
170 928 2
171 522 4
172 191 5
172 183 1
172 665 5
173 946 10
174 440 9
174 429 7
175 248 6
176 200 8
178 294 5
178 775 2
181 431 9
181 334 1
183 271 4
183 191 5
183 752 8
184 903 4
185 374 3
186 296 1
186 488 1
187 905 4
187 904 8
189 350 5
189 208 2
189 668 8
192 240 9
192 890 9
193 298 6
194 357 9
194 732 2
195 505 8
195 729 4
196 244 9
197 283 5
197 609 3
197 871 1
198 344 4
199 633 9
200 447 10
202 992 6
202 568 6
204 333 4
204 328 10
204 673 5
204 225 4
204 223 2
204 490 1
205 702 9
206 501 4
206 847 10
207 606 5
208 380 6
208 578 1
209 887 4
210 235 8
210 530 1
210 830 4
213 979 10
213 741 4
214 423 10
215 387 5
215 280 1
216 601 3
216 742 5
216 644 10
218 356 7
218 555 6
218 418 4
218 816 4
219 401 2
219 906 7
219 439 8
224 359 2
224 776 5
225 295 2
225 273 8
226 345 4
226 331 7
227 940 5
229 281 4
229 258 2
229 989 2
230 669 10
230 396 1
230 354 5
230 340 7
230 338 2
230 782 6
230 301 1
230 976 4
230 469 10
231 643 9
231 990 6
232 309 1
233 394 8
234 432 9
235 830 2
236 925 3
240 890 5
242 260 9
243 544 8
243 290 10
245 645 5
247 604 6
250 583 5
250 998 10
251 318 2
251 793 7
252 336 6
252 617 2
253 462 1
253 746 4
253 840 5
256 360 10
256 898 2
256 509 4
257 539 2
258 483 8
259 718 7
260 659 6
263 836 3
264 394 6
264 521 1
265 368 4
266 744 3
266 353 10
266 922 3
267 809 7
268 469 6
269 504 6
269 308 5
270 375 3
271 752 7
272 548 5
272 962 1
272 411 1
273 343 6
273 595 5
273 295 8
275 739 3
275 590 6
277 562 5
278 913 7
279 442 1
279 624 6
280 632 9
280 479 10
282 740 1
283 551 5
285 650 7
286 795 6
286 930 1
289 599 9
290 655 5
290 511 3
291 887 8
292 501 10
292 847 1
293 747 9
295 595 2
296 557 9
301 976 6
301 340 4
301 553 1
302 360 2
302 898 6
302 480 8
304 353 9
307 731 7
307 559 10
309 831 10
309 862 6
311 837 7
313 822 2
314 867 4
314 352 10
317 598 5
318 619 1
318 688 7
319 533 1
319 648 1
319 713 3
320 906 6
321 794 2
321 586 10
321 656 5
322 635 4
322 616 6
323 487 9
324 858 4
325 412 5
325 476 5
326 859 2
326 444 9
326 690 9
326 786 1
328 468 5
328 481 5
329 658 9
333 699 6
334 442 5
336 364 3
336 717 9
337 349 5
338 354 4
338 555 3
338 669 7
339 994 1
339 700 4
340 914 7
342 549 2
342 776 6
342 733 4
344 585 4
347 803 9
352 453 4
353 497 4
353 855 8
353 813 5
354 396 4
354 679 1
354 594 3
356 418 3
358 869 1
358 495 3
359 777 6
365 402 1
365 520 1
367 738 4
369 485 2
370 795 3
371 670 7
372 843 10
374 566 5
376 470 7
376 420 5
376 838 8
376 591 6
377 414 4
379 937 6
379 991 1
382 853 7
382 693 7
383 400 9
385 572 6
386 639 4
387 547 5
387 980 7
387 607 7
388 493 4
389 459 3
390 614 5
391 954 6
391 965 8
392 877 5
392 734 1
392 991 6
392 800 9
398 963 9
399 454 3
399 833 8
402 725 8
405 563 9
406 676 7
409 614 1
410 968 8
410 682 5
419 982 7
420 885 5
420 470 6
424 876 2
426 896 2
428 610 3
428 648 4
429 440 9
431 734 9
431 877 8
433 781 10
434 974 10
434 581 3
436 908 8
436 884 9
437 882 5
438 748 10
440 571 4
441 916 8
444 859 1
447 617 6
452 794 7
454 514 3
455 869 10
455 630 6
455 477 8
457 774 2
457 584 3
458 652 3
460 492 6
461 486 10
463 664 4
463 804 1
465 860 6
466 532 2
467 968 2
470 960 1
470 897 6
470 591 10
474 943 1
475 585 7
479 693 7
480 789 6
480 500 5
480 900 2
481 769 3
482 633 9
485 721 9
490 751 10
491 978 7
494 522 9
496 878 5
496 515 5
497 813 4
497 909 8
498 777 9
498 768 7
500 653 3
502 967 6
510 711 10
518 996 7
518 715 7
524 542 2
524 689 3
525 864 10
527 822 10
529 707 10
533 783 7
535 823 3
538 675 7
539 759 1
541 801 5
543 719 7
543 868 2
549 615 9
550 883 1
555 691 7
556 673 3
569 744 8
573 837 9
575 876 9
577 902 4
577 764 5
581 618 1
581 955 7
588 704 6
592 911 6
593 929 5
600 950 9
601 644 1
603 967 9
607 980 6
610 648 8
615 981 4
618 986 7
622 975 4
628 828 5
629 910 8
631 791 9
632 853 7
635 657 4
637 778 9
642 982 1
642 983 2
642 920 1
643 646 5
668 875 8
669 832 3
671 984 10
672 731 9
676 952 2
676 931 5
689 949 10
690 786 6
728 801 4
734 771 4
740 912 9
756 895 5
779 973 5
782 976 2
782 914 3
790 873 9
798 845 5
813 855 6
817 971 8
855 924 9
884 908 9
896 915 9
897 960 5
920 982 5
923 985 8
927 969 3
938 995 5
971 977 8
