1000 1197
5 47 3 80 13 89 76 65 69 72 89 54 12 57 34 95 54 75 61 32 6 17 26 81 51 72 76 62 59 64 95 37 75 59 27 29 24 90 36 41 100 13 26 37 61 94 56 41 67 63 24 47 5 67 95 60 87 82 86 95 32 11 82 83 22 7 80 24 99 85 19 50 41 88 95 21 86 48 34 19 49 81 1 3 64 83 52 55 94 22 39 69 32 8 13 50 23 21 56 15 6 71 44 28 31 92 80 14 25 50 15 45 31 69 3 74 8 73 30 20 31 42 53 37 99 61 99 72 45 86 96 44 72 95 60 22 73 46 45 88 90 64 15 49 82 91 23 56 95 21 19 1 99 65 82 82 76 16 99 44 72 31 57 61 66 22 2 57 44 47 57 51 76 13 10 18 8 67 50 92 9 80 96 13 54 20 39 25 83 89 100 99 23 87 65 57 32 30 13 10 96 95 19 76 6 67 5 16 2 42 24 91 3 30 41 88 2 92 52 47 99 53 18 49 43 41 10 22 36 11 100 88 49 93 7 43 90 36 68 88 62 71 66 44 53 32 61 43 21 80 48 26 58 1 14 56 55 13 55 12 80 15 54 93 39 54 65 71 65 39 13 10 19 32 70 57 30 41 94 91 93 65 99 80 58 31 97 49 24 20 95 39 72 36 4 91 8 54 33 56 9 71 17 66 41 41 38 79 34 81 69 89 52 98 21 87 5 97 51 98 47 46 7 30 24 61 83 12 56 50 18 1 50 11 37 1 59 29 28 76 50 66 20 13 73 23 84 49 97 1 7 60 93 54 19 70 47 93 6 68 34 39 2 52 15 22 61 78 22 19 2 90 17 57 76 79 33 58 84 97 42 45 73 8 71 54 39 43 23 10 78 48 99 31 91 7 54 41 9 39 46 28 79 99 1 95 15 84 24 47 59 93 81 57 27 64 97 67 88 81 73 21 63 90 70 78 14 43 32 34 82 22 100 83 33 62 72 42 10 35 2 53 32 41 81 28 3 46 36 27 93 12 56 60 37 39 91 23 68 94 47 14 55 47 95 46 36 50 40 91 68 8 80 71 25 76 71 54 8 85 9 22 77 22 72 80 90 82 10 59 20 6 88 70 56 98 14 24 76 37 82 24 82 1 99 86 81 63 36 14 53 28 12 2 12 47 58 78 6 75 8 66 73 82 87 14 39 49 35 79 44 43 47 73 55 60 19 70 53 7 47 83 19 35 18 4 100 12 22 91 43 45 81 49 29 95 84 52 19 77 4 98 32 51 59 55 30 83 14 13 44 49 47 2 84 46 36 95 40 100 64 76 22 31 32 38 16 62 32 39 39 61 31 86 68 63 12 67 70 9 35 10 78 27 78 42 1 76 58 39 99 89 23 66 44 67 29 33 55 82 56 65 83 99 83 14 64 73 77 65 83 78 55 61 94 14 15 1 89 11 38 93 74 33 97 37 4 43 37 60 65 8 79 25 9 23 87 40 81 60 53 89 64 50 86 98 54 42 57 25 54 64 3 9 62 36 63 60 4 67 71 47 9 16 19 87 94 11 91 15 87 59 14 26 93 5 63 29 76 57 34 79 22 43 84 22 55 77 1 87 20 90 78 71 77 43 100 99 93 48 82 37 5 52 97 47 55 81 30 83 57 42 12 55 35 54 46 83 60 76 56 87 46 10 56 16 18 58 84 67 50 99 69 10 13 18 96 84 96 79 85 59 81 96 88 54 60 34 25 37 25 5 23 57 64 87 40 2 40 52 4 14 3 7 50 56 56 89 3 44 94 12 94 35 51 73 14 75 55 51 89 13 96 95 81 44 69 68 48 34 9 78 93 80 50 12 6 25 90 8 80 37 8 14 11 70 42 48 8 41 24 68 86 82 81 57 42 86 88 63 21 6 22 61 39 6 98 68 82 3 1 22 83 99 14 96 76 20 66 87 33 14 78 84 79 86 37 93 51 92 90 1 82 37 53 32 44 25 1 51 89 92 21 34 61 38 43 54 98 40 59 28 70 30 74 67 27 78 56 16 51 33 7 41 47 24 79 16 71 70 14 20 60 11 100 82 12 55 45 20 48 50 4 19 53 67 51 82 34 26 78 71 7 12 31 37 16 7 19 50 23 9 40 49 74 36 39 58 49 32 80 55 58 94 10 2 99 40 19 41 53 32 42 92 70 11 91 56 97 27 8 92 24 72 96 88 18 6 47 41 26 43 16 47 12 36 75 4 26 90 27 72 96 66 63 86 34 64 73 10
1 719 6
1 482 7
1 4 4
2 903 10
2 335 10
2 317 3
2 274 1
2 213 9
2 713 6
2 656 3
2 158 10
2 142 7
2 439 4
2 79 4
2 53 5
2 23 1
3 385 3
3 900 5
3 301 1
3 921 2
3 427 4
3 905 4
3 139 5
3 79 4
4 401 2
4 482 10
4 625 1
4 723 3
4 310 3
4 308 6
4 302 4
4 275 6
4 781 2
4 267 4
4 685 7
4 902 8
4 232 4
4 859 2
4 439 8
4 507 9
4 569 1
4 430 6
4 487 6
4 939 7
4 145 9
4 136 8
4 118 10
4 117 10
4 761 10
4 98 9
4 96 7
4 75 1
4 72 5
4 63 1
4 756 5
4 56 8
4 55 6
4 998 9
4 25 3
4 23 7
4 19 4
4 13 8
4 5 7
5 356 3
5 347 3
5 970 3
5 702 9
5 522 5
5 537 3
5 126 4
5 94 10
5 670 5
5 418 7
5 25 2
5 19 9
5 6 1
6 940 9
6 853 6
6 490 5
6 423 7
6 272 10
6 465 6
6 198 6
6 777 4
6 135 10
6 803 2
6 95 1
6 90 4
6 72 1
6 48 6
6 44 7
6 27 10
6 22 10
6 11 10
6 639 2
6 9 9
6 7 7
6 621 8
7 366 4
7 345 4
7 343 4
7 316 8
7 777 8
7 545 6
7 158 9
7 519 6
7 109 6
7 106 10
7 104 5
7 80 2
7 529 7
7 60 2
7 49 1
7 18 3
7 494 3
7 12 2
7 10 3
8 365 4
8 691 3
8 787 1
8 846 2
8 288 7
8 281 7
8 258 1
8 236 1
8 470 9
8 226 9
8 205 5
8 163 1
8 706 10
8 70 10
8 66 1
8 60 8
8 54 4
8 690 10
8 41 5
8 34 7
8 30 1
8 654 3
8 15 1
8 10 6
9 334 2
9 316 9
9 609 1
9 857 2
9 247 1
9 210 7
9 717 3
9 195 4
9 558 10
9 140 5
9 122 3
9 105 10
9 88 10
9 77 2
9 457 9
9 69 9
9 64 2
9 29 8
9 18 6
9 16 8
9 948 6
9 475 10
10 366 10
10 497 4
10 609 9
10 201 3
10 177 3
10 164 7
10 160 2
10 91 4
10 84 9
10 699 9
10 78 8
10 77 1
10 799 1
10 50 1
10 726 2
10 40 1
10 38 1
10 31 2
10 28 5
10 15 4
11 461 10
11 202 7
11 797 9
11 136 1
11 738 8
11 435 9
11 62 9
11 44 10
11 43 9
11 30 5
12 810 2
12 75 9
13 324 3
13 300 6
13 901 6
13 258 1
13 250 10
13 230 7
13 96 4
13 63 1
13 460 9
13 46 6
13 43 5
14 290 2
14 282 2
14 234 2
14 907 10
14 208 9
14 798 9
14 746 4
14 655 2
14 94 4
14 76 9
15 366 7
15 345 10
15 956 1
15 626 3
15 147 9
15 80 8
15 57 5
15 21 9
16 390 8
16 348 9
16 325 8
16 319 2
16 311 3
16 904 1
16 277 8
16 218 6
16 692 2
16 190 9
16 154 9
16 133 4
16 115 9
16 59 3
16 42 9
16 37 7
16 31 8
16 476 3
16 18 1
17 272 10
17 226 9
17 207 6
17 195 7
17 135 7
17 651 3
17 99 4
17 73 10
17 824 6
17 20 4
18 720 9
19 673 2
19 216 6
19 419 1
19 170 1
19 536 1
19 670 9
19 74 5
19 52 10
19 47 2
19 35 1
20 749 10
20 61 9
20 41 6
21 635 10
21 180 9
21 177 5
21 163 1
21 951 7
21 50 8
21 33 4
21 645 1
22 651 5
22 548 9
22 187 1
22 423 10
22 157 9
22 123 7
22 99 1
22 502 5
23 75 7
23 53 9
24 229 5
24 839 8
24 225 10
24 959 4
24 167 10
24 148 8
24 850 7
24 115 9
24 113 3
24 542 8
24 104 7
24 103 5
24 868 7
24 574 1
25 600 3
25 227 10
25 131 3
26 204 8
26 186 8
26 132 1
26 851 8
26 100 8
26 77 7
26 572 3
27 464 4
27 797 7
27 445 1
27 188 4
27 515 10
27 674 5
27 508 3
27 687 3
27 85 5
27 985 8
27 517 2
27 436 9
28 866 3
28 332 10
28 304 7
28 957 7
28 248 5
28 936 8
28 637 6
28 222 2
28 203 2
28 529 1
28 194 2
28 171 4
28 149 4
28 120 3
28 104 10
28 499 4
28 852 4
28 58 7
28 45 7
28 409 1
29 927 10
29 980 8
29 110 1
29 100 7
29 851 8
30 995 3
30 300 1
30 822 6
30 787 2
30 36 1
30 34 8
31 926 2
31 362 10
31 451 5
31 513 6
31 643 8
31 101 7
31 84 7
31 40 6
31 37 6
32 629 2
33 318 9
33 209 1
33 199 3
33 860 7
33 57 3
34 338 4
34 822 4
34 492 9
34 212 5
34 500 9
34 571 6
34 111 7
34 70 7
34 36 8
35 536 6
35 165 2
35 428 7
35 98 3
36 448 6
36 374 2
36 818 10
36 196 6
36 108 2
36 937 1
36 722 2
36 54 3
37 397 7
37 303 7
37 904 7
37 130 10
37 516 1
37 699 10
37 84 10
37 42 2
37 693 6
38 332 5
38 248 1
38 682 5
38 58 6
38 984 5
39 993 3
39 385 10
39 966 1
39 427 5
39 657 5
40 299 4
40 173 9
40 684 9
40 977 9
42 303 2
42 292 6
42 662 5
42 426 4
42 218 5
42 78 2
43 675 6
43 377 8
43 429 10
43 768 5
43 734 2
43 872 1
43 867 1
44 765 1
44 327 9
44 581 7
45 497 7
45 225 10
45 162 5
45 637 2
45 425 7
46 389 10
46 539 7
46 564 6
46 258 5
46 588 10
46 633 3
46 979 3
47 861 7
47 837 5
47 314 8
47 282 4
47 855 7
47 496 1
47 119 1
47 907 7
48 569 2
48 698 6
48 81 5
48 445 9
49 326 8
49 839 10
49 880 10
49 530 5
49 87 5
50 444 6
50 180 10
51 451 9
51 977 6
51 173 9
51 735 10
54 414 3
56 408 4
56 273 7
56 698 3
56 232 8
56 975 1
56 188 7
56 774 7
56 89 2
57 897 10
57 916 5
57 704 4
57 147 2
57 745 9
57 888 6
58 409 2
58 169 9
58 120 2
58 91 8
59 277 4
59 190 10
59 643 4
60 671 5
60 189 6
60 676 2
61 983 6
61 333 3
61 246 7
61 123 3
61 667 6
61 628 7
61 972 8
62 515 2
62 674 2
62 882 2
64 330 4
64 279 2
64 259 2
64 247 8
64 631 2
64 134 5
64 122 9
64 88 3
64 820 2
65 391 10
65 220 5
65 169 5
65 120 8
66 690 9
67 919 1
67 375 5
67 949 5
67 567 2
67 608 4
68 775 9
68 747 8
68 566 6
68 434 2
68 802 7
68 916 1
68 147 4
69 731 8
69 107 2
69 557 4
70 833 6
70 340 6
70 336 1
70 584 6
70 111 7
71 380 6
71 360 4
71 451 8
72 449 5
73 395 4
73 373 6
73 686 3
73 520 5
73 717 6
74 76 10
79 337 6
79 237 9
79 184 4
79 175 7
79 153 8
79 843 6
79 905 8
80 345 4
80 231 5
80 757 8
80 598 6
80 854 8
81 646 3
82 393 2
82 583 3
82 367 10
82 339 9
82 323 5
82 911 6
82 270 8
82 229 3
82 194 7
82 151 3
82 149 5
82 758 5
82 759 10
86 492 1
87 143 2
87 597 10
88 440 3
88 914 5
88 193 1
88 413 6
88 134 3
88 466 7
88 792 5
89 307 10
89 408 9
89 555 6
89 646 3
90 483 5
90 751 5
90 195 8
90 121 5
90 576 6
90 105 7
90 95 1
91 551 2
91 454 5
92 318 2
92 549 3
92 146 4
92 845 1
92 860 10
93 954 3
93 163 6
94 287 9
96 622 10
96 166 1
96 468 7
96 112 3
96 872 10
97 431 7
97 679 9
97 931 1
97 430 9
97 286 9
98 294 2
98 208 9
98 509 2
98 723 4
99 565 2
99 453 6
99 123 6
100 842 6
100 543 1
100 144 3
100 110 2
102 699 2
102 130 3
102 999 4
103 689 8
103 168 1
103 513 6
103 113 6
104 858 7
104 642 8
105 490 7
105 732 6
105 239 6
106 743 8
106 182 10
107 440 4
108 320 10
108 265 7
108 111 8
108 606 10
108 571 9
109 388 3
109 326 3
109 579 5
109 416 2
109 143 2
109 568 1
110 331 5
110 982 4
110 221 10
110 965 3
110 811 8
110 871 9
112 280 2
112 214 10
112 421 8
113 362 10
113 574 6
113 925 1
113 174 6
113 456 5
114 798 7
114 359 4
114 746 1
114 773 10
114 294 8
114 859 5
114 129 10
115 329 6
115 277 5
115 750 5
115 479 8
116 155 5
116 513 7
118 351 2
118 507 4
118 275 2
118 587 8
119 855 5
120 372 8
121 312 10
121 518 6
122 330 10
122 289 10
122 472 9
123 506 1
123 371 6
123 548 9
123 562 10
124 312 5
124 961 5
125 401 3
125 256 7
125 205 6
126 624 10
127 504 9
127 282 10
128 233 3
128 739 2
129 723 9
129 359 1
129 357 6
129 328 10
131 150 9
132 917 10
132 204 1
132 842 5
132 140 6
132 695 10
133 479 5
133 370 9
133 311 8
133 215 9
134 958 6
134 964 8
134 259 6
134 255 5
134 243 8
134 923 9
134 557 4
134 731 8
135 172 9
136 738 3
136 487 6
136 580 3
137 560 4
138 868 9
138 240 3
138 664 7
139 253 8
141 174 1
141 168 6
142 471 9
142 919 3
142 976 6
142 794 7
142 153 7
143 880 7
143 396 4
143 422 9
146 364 1
148 868 5
148 938 1
148 665 5
148 235 9
148 229 5
149 270 6
149 613 1
149 716 3
151 381 10
151 640 8
151 152 3
151 771 9
152 381 3
152 346 2
152 323 5
152 967 10
152 759 3
152 716 3
153 605 4
153 973 10
153 341 2
153 563 5
153 175 1
154 505 1
154 553 10
154 283 7
154 266 4
154 161 5
154 511 9
155 926 8
155 989 3
156 433 8
157 378 9
157 423 5
158 335 8
158 473 8
159 480 7
159 239 10
159 638 10
160 412 3
161 696 5
161 311 8
161 772 9
161 283 10
161 215 5
162 339 6
162 881 3
162 194 9
164 244 6
165 321 10
166 219 7
167 425 6
171 863 5
171 304 5
171 222 3
172 378 1
173 299 9
174 362 10
174 285 1
175 297 10
175 432 5
176 330 5
176 792 4
177 726 2
179 373 5
180 762 4
180 352 9
180 865 9
181 722 7
181 245 1
184 297 5
184 237 3
184 432 9
185 886 6
185 949 1
186 721 10
187 371 8
188 666 3
188 436 9
189 757 5
189 231 1
189 211 6
189 404 9
189 437 4
190 643 10
191 384 1
191 361 5
191 801 10
191 349 7
191 488 9
191 823 6
192 608 6
194 997 8
194 869 2
194 339 10
194 681 5
194 583 2
194 819 6
198 748 10
198 576 8
199 888 3
200 304 1
202 882 9
202 406 5
202 986 3
203 736 6
203 870 1
203 248 3
205 256 5
206 827 3
207 565 2
208 509 10
208 291 9
208 224 8
208 655 3
211 404 2
211 231 1
212 492 7
212 547 2
213 305 9
214 308 7
214 485 2
215 266 1
216 673 6
218 348 2
219 941 3
220 978 9
221 331 2
222 779 8
223 610 10
224 655 6
225 959 3
231 694 1
232 555 9
232 975 8
233 739 10
234 848 10
234 424 2
235 260 8
235 938 4
235 407 9
239 915 7
241 252 8
241 884 3
242 817 3
243 914 1
243 255 4
243 557 6
245 818 10
246 453 8
247 948 3
248 870 2
248 669 2
250 383 5
250 468 10
251 590 3
252 361 8
252 349 5
253 382 5
253 301 1
254 658 4
258 691 3
258 633 3
258 588 5
259 964 1
262 314 7
262 306 1
263 530 3
264 696 7
264 755 6
264 772 3
265 606 1
265 336 1
265 446 3
266 553 1
267 278 9
267 864 5
270 323 4
270 593 9
270 780 9
271 825 2
271 568 5
271 326 1
273 400 1
273 586 1
273 415 7
274 804 9
274 990 1
274 910 1
275 389 4
275 835 8
275 458 5
279 778 2
280 867 6
280 429 10
285 295 5
286 351 10
286 431 3
287 950 10
288 527 6
289 594 9
290 363 7
290 294 4
292 303 6
292 495 5
297 596 5
297 697 6
297 991 8
299 615 5
299 786 9
299 828 4
299 684 6
300 787 3
301 405 6
302 893 2
302 657 10
304 387 4
304 701 7
304 866 4
305 418 5
305 533 8
306 935 6
308 753 4
308 421 6
308 510 3
309 417 8
309 864 3
309 561 3
310 864 4
312 961 9
312 621 7
314 837 5
317 343 9
318 845 2
319 390 8
319 619 3
320 340 1
320 606 8
324 607 10
324 630 5
325 390 8
326 952 5
326 825 2
328 357 7
330 841 10
330 821 6
330 631 10
331 982 10
332 724 4
332 852 4
335 589 3
335 713 5
336 340 10
336 668 9
336 627 3
336 617 2
336 876 2
336 659 6
339 896 3
339 681 2
341 563 6
341 656 5
346 759 10
347 382 3
347 356 1
349 514 4
351 507 6
351 826 7
353 540 4
353 584 10
356 441 10
356 702 5
361 481 6
363 746 6
363 994 1
365 620 6
366 519 2
367 623 2
368 443 2
368 678 6
369 460 6
370 546 9
373 394 4
373 831 2
375 794 8
375 919 2
375 450 7
379 584 3
385 718 7
385 663 1
386 581 9
387 467 7
388 636 3
389 844 1
390 619 1
391 454 10
392 624 10
393 399 7
394 831 5
395 457 3
396 416 3
399 623 1
400 415 5
400 436 6
403 776 1
406 832 1
408 532 9
412 599 10
413 523 7
416 933 2
417 561 7
418 486 10
420 630 2
426 662 2
427 993 10
427 812 7
427 477 6
432 885 7
432 991 10
432 596 10
434 895 4
437 757 1
446 876 8
447 658 6
450 974 9
450 608 2
452 804 8
454 551 8
455 708 7
457 770 3
458 544 5
462 632 9
462 747 1
462 796 2
465 857 6
465 490 1
465 552 5
470 595 10
470 649 3
472 729 10
472 821 8
473 830 4
473 652 2
478 597 2
480 638 9
480 688 6
480 582 10
480 650 9
483 714 10
483 742 7
484 639 8
487 541 7
488 769 10
488 644 7
498 700 10
501 946 2
502 813 2
502 628 9
502 983 1
502 749 4
503 946 8
505 511 7
512 613 3
512 928 7
516 693 2
516 683 3
517 674 7
523 560 8
524 788 1
524 562 9
527 649 4
527 785 10
533 710 10
536 673 8
539 733 10
539 931 5
541 814 5
542 642 5
542 858 3
546 755 6
550 601 3
554 582 8
555 711 5
558 703 10
560 730 2
563 829 1
565 981 6
566 591 1
570 575 1
571 661 3
572 927 4
573 900 3
576 748 2
577 597 2
581 908 2
583 896 7
583 815 8
586 836 1
588 901 9
589 652 8
589 830 5
590 862 2
591 754 2
596 885 4
600 614 8
608 974 9
609 703 4
610 784 8
618 883 10
618 947 5
625 807 2
628 813 1
632 645 2
632 796 2
633 691 6
639 763 2
645 796 7
646 960 4
648 733 5
649 785 6
649 764 6
657 924 10
660 771 5
669 984 6
671 676 10
680 996 9
686 770 5
687 945 3
695 917 2
701 866 9
704 916 8
709 973 7
710 903 7
726 799 1
729 953 10
731 964 5
733 931 9
736 870 6
738 783 7
746 874 7
746 994 1
751 769 10
761 789 3
766 972 7
782 828 6
819 911 6
842 878 4
847 865 4
851 927 8
855 861 4
863 887 6
882 898 6
883 947 5
893 924 10
910 990 8
952 988 7
962 980 7
963 981 1
