1000 1197
5 24 91 1 85 76 99 82 34 52 28 91 63 76 3 45 3 16 88 16 80 96 80 31 88 99 76 70 51 65 36 12 54 82 66 15 67 64 100 45 19 39 30 55 75 24 47 11 67 30 11 5 63 45 11 90 57 80 60 60 28 18 45 37 48 59 86 40 44 68 34 77 19 58 1 54 8 35 11 13 1 60 36 2 75 66 32 59 11 54 48 28 10 99 30 51 53 6 47 38 43 85 89 63 36 30 5 65 6 93 53 53 78 12 25 35 62 40 56 71 79 66 43 50 55 49 9 70 58 74 54 17 38 41 85 85 78 89 84 36 27 84 15 13 11 78 11 96 95 36 72 66 55 13 41 84 88 3 81 64 73 53 51 45 57 60 85 23 90 9 63 61 8 67 91 86 9 62 10 92 97 68 69 65 76 15 48 4 6 23 55 82 40 89 52 34 20 11 73 56 69 34 61 63 9 81 40 6 7 82 75 10 90 34 22 70 19 3 96 93 60 4 11 91 98 52 81 32 74 41 6 87 100 3 85 28 20 11 59 80 5 97 69 95 13 93 16 40 52 91 58 96 52 31 24 19 74 1 10 59 31 97 30 71 70 18 60 13 43 89 75 58 86 21 78 74 12 19 77 17 29 63 5 17 56 68 47 87 71 29 39 71 49 53 15 73 65 70 100 15 21 47 41 89 30 85 69 50 38 79 56 43 97 44 47 42 53 23 56 85 80 61 66 86 93 95 24 16 44 70 80 68 72 77 80 84 29 27 67 44 91 51 98 14 55 6 64 15 23 68 16 85 1 66 5 89 55 1 62 15 46 82 66 74 91 33 59 42 44 38 92 7 26 62 82 19 87 23 54 53 81 70 56 1 7 33 2 32 16 95 39 16 61 50 67 28 70 91 42 28 9 76 68 76 79 34 61 15 73 75 52 57 45 64 87 13 28 7 25 32 12 4 23 64 99 29 15 35 80 6 33 77 46 69 55 29 46 46 39 21 55 5 66 69 85 100 7 59 58 45 65 46 13 51 10 93 5 26 36 26 33 79 5 87 78 94 10 17 5 85 10 98 80 1 45 37 12 93 100 78 36 52 11 98 21 1 72 47 75 8 68 98 90 57 85 88 100 81 91 68 30 51 11 16 28 29 53 19 94 83 83 94 1 60 63 20 3 69 65 12 98 73 37 18 94 82 79 80 61 16 89 58 14 85 80 50 10 13 54 43 19 69 56 91 68 2 9 22 62 1 69 7 88 52 20 89 35 61 47 54 13 64 56 68 84 90 96 15 79 68 53 20 30 36 4 56 9 74 15 88 12 5 37 18 9 68 40 35 41 84 40 69 73 43 79 81 20 20 80 10 53 19 10 40 28 95 83 75 91 43 35 41 40 53 46 96 36 6 70 81 50 6 9 51 85 40 1 77 87 46 67 9 47 90 30 64 8 46 94 72 32 69 34 34 15 10 33 7 9 16 64 28 80 44 60 60 9 13 98 16 45 27 20 43 50 98 79 92 8 87 54 82 36 40 48 89 21 55 96 8 3 81 35 38 20 9 64 42 83 21 34 86 88 77 39 70 7 41 30 21 7 56 48 98 33 46 75 89 53 42 13 87 14 47 70 25 64 82 47 9 90 62 5 74 23 78 23 90 11 77 87 95 27 3 14 69 28 22 77 81 60 62 47 57 74 32 91 89 9 65 10 80 51 38 48 31 9 15 37 78 19 65 94 4 45 74 100 25 73 10 20 48 49 20 29 30 99 84 82 57 12 69 2 9 63 11 33 6 30 80 55 54 12 27 5 73 31 50 38 19 31 86 20 42 18 92 50 66 57 81 87 88 22 10 22 71 83 83 19 48 77 54 73 69 91 39 33 54 36 64 68 75 63 33 77 60 56 3 56 96 52 39 76 81 66 64 86 35 48 88 82 52 82 17 39 88 40 51 29 83 15 68 99 96 12 98 43 11 23 33 84 67 58 45 59 19 18 20 16 87 90 33 81 28 65 63 58 13 42 95 6 19 78 47 44 90 33 50 13 71 81 71 4 43 94 22 45 25 3 8 80 68 10 53 65 85 71 49 93 54 93 37 45 17 95 90 42 36 5 85 92 40 46 6 41 35 34 66 80 32 66 16 56 99 16 31 35 47 26 93 64 92 14 62 12 96 63 56 87 34 59 6 94 14 43 41 69 60 51 67 49 23 96 50 80 83 35 80 3 18 3 11 28 71 65 50 32 100 94 48 80 71 63 7 94 77 44 18 74 11
1 400 3
1 398 6
1 805 9
1 762 4
1 314 9
1 301 1
1 283 6
1 280 5
1 275 5
1 272 3
1 921 7
1 236 2
1 207 3
1 621 10
1 171 7
1 851 8
1 135 4
1 541 3
1 111 9
1 81 9
1 54 3
1 47 4
1 558 3
1 37 8
1 34 1
1 15 3
1 12 7
1 8 9
1 6 7
1 5 3
2 255 5
2 653 8
2 200 8
2 428 7
2 169 9
2 131 1
2 678 5
2 850 5
2 48 8
2 972 5
2 460 9
2 15 7
2 9 8
2 4 8
3 453 3
3 382 9
3 462 4
3 374 10
3 364 4
3 354 4
3 521 9
3 784 3
3 664 1
3 252 5
3 869 1
3 793 4
3 429 9
3 226 3
3 200 4
3 197 8
3 180 3
3 171 9
3 165 10
3 151 3
3 150 7
3 450 2
3 809 2
3 601 9
3 483 3
3 414 6
3 876 10
3 82 8
3 58 3
3 47 3
3 875 4
3 475 2
3 30 2
3 25 7
3 860 4
3 23 8
3 16 6
3 11 7
3 10 9
3 8 10
4 740 9
4 746 8
4 179 6
4 441 3
4 418 7
4 73 6
4 71 1
4 61 3
4 57 8
4 44 2
4 37 9
4 21 7
4 15 1
4 9 7
5 331 6
5 319 2
5 227 1
5 512 5
5 581 5
5 712 2
5 175 6
5 119 9
5 80 9
5 855 6
5 71 3
5 643 5
5 406 4
5 17 5
5 13 10
6 970 1
6 378 1
6 411 9
6 803 2
6 306 10
6 849 9
6 268 3
6 248 2
6 178 9
6 172 7
6 149 2
6 997 4
6 103 4
6 94 8
6 91 4
6 518 8
6 18 9
7 468 3
7 431 7
7 636 10
7 256 7
7 434 1
7 112 3
7 93 2
7 88 4
7 77 8
7 72 3
7 29 6
8 858 1
8 634 3
8 353 5
8 318 1
8 470 2
8 204 1
8 851 10
8 127 1
8 912 7
8 708 1
8 106 8
8 102 4
8 440 6
9 394 8
9 389 6
9 338 6
9 579 6
9 209 8
9 143 4
9 85 4
9 991 6
9 65 3
9 57 7
9 56 7
9 578 8
9 23 7
9 824 2
9 21 1
9 11 2
10 476 6
10 759 1
10 637 3
10 343 3
10 873 6
10 460 2
10 264 6
10 539 7
10 246 4
10 519 1
10 706 6
10 233 10
10 691 8
10 213 1
10 806 10
10 533 7
10 458 3
10 105 8
10 538 7
10 53 7
10 48 7
10 958 7
10 547 1
10 30 10
11 631 4
11 239 2
11 151 6
11 140 7
11 128 6
11 105 9
11 97 2
11 56 1
11 32 9
11 23 2
12 436 7
12 370 9
12 742 7
12 970 6
12 188 8
12 187 7
12 126 3
12 103 3
12 101 9
12 81 5
12 77 5
12 29 6
12 19 2
12 14 7
12 447 8
13 400 10
13 206 9
13 659 3
13 106 2
13 104 6
14 983 5
14 370 9
14 761 6
14 881 5
14 297 3
14 296 4
14 280 6
14 242 6
14 986 10
14 145 6
14 918 4
14 807 2
14 695 9
14 94 3
14 89 3
14 64 9
14 54 4
14 52 1
14 923 1
14 27 8
14 20 10
15 168 5
15 92 1
16 850 4
16 354 6
16 343 6
16 968 4
16 1000 9
16 48 9
16 604 3
17 582 7
17 390 1
17 454 6
17 441 9
17 320 8
17 641 5
17 229 2
17 201 4
17 137 9
17 528 2
17 61 2
17 31 1
17 726 6
18 903 10
18 413 6
18 327 3
18 807 5
18 247 6
18 673 5
18 149 9
18 144 2
18 103 3
18 94 1
18 70 8
18 35 3
18 27 2
18 26 2
18 19 2
19 372 3
19 981 7
19 715 3
19 535 5
19 142 2
19 98 3
19 447 3
19 52 9
19 26 10
20 960 1
20 907 3
20 739 10
20 948 7
20 262 8
20 695 4
20 981 5
20 159 7
20 142 5
20 139 3
20 98 3
21 235 4
21 170 2
21 73 6
21 57 5
21 42 1
21 36 5
22 291 2
22 209 10
22 473 5
23 361 6
23 153 2
23 25 4
24 581 3
24 292 7
24 751 9
24 119 2
25 244 3
25 223 7
25 186 8
25 157 5
25 156 2
25 150 4
25 967 1
25 122 7
25 120 1
25 508 3
25 885 9
26 269 5
26 241 8
26 133 10
26 66 6
26 45 5
26 35 10
27 375 9
27 523 9
27 870 5
27 536 1
27 640 9
27 234 10
27 491 1
27 183 9
27 133 3
27 62 8
27 40 4
27 923 7
28 718 1
28 914 10
28 329 7
28 622 4
28 236 5
28 450 10
28 440 6
28 82 6
28 63 2
28 47 3
29 396 9
29 493 3
29 741 4
29 301 2
29 463 9
29 584 5
29 99 3
29 897 6
30 226 2
30 859 3
30 875 1
30 469 2
31 407 5
31 847 5
31 746 3
31 71 1
32 962 9
32 706 3
32 96 10
32 86 6
33 672 10
33 358 10
33 318 2
33 249 1
33 776 4
33 737 10
33 134 3
33 87 3
33 781 2
34 168 1
34 92 8
35 368 5
35 269 1
35 598 7
35 232 2
35 829 4
35 403 6
35 922 10
35 70 7
35 45 9
36 479 5
36 374 3
36 736 1
36 784 10
36 977 9
36 42 8
37 207 10
37 49 7
38 400 4
38 227 3
38 80 8
38 39 3
39 80 5
40 935 8
40 183 7
40 62 9
41 959 8
41 449 1
41 527 6
41 266 10
41 147 6
41 445 8
41 752 2
41 511 3
41 87 5
41 63 1
42 455 6
42 310 3
42 915 7
42 787 4
42 198 9
42 68 1
42 429 9
43 398 1
43 618 3
44 210 4
44 740 10
45 67 3
46 154 5
46 137 1
47 541 6
47 252 2
47 171 4
47 148 8
48 213 5
48 691 8
48 972 2
49 287 5
49 189 1
49 757 9
49 594 6
49 121 1
49 115 10
50 326 10
50 285 7
51 732 5
51 373 4
51 786 9
51 445 3
51 135 4
51 116 1
52 245 8
52 145 1
53 854 8
53 264 3
53 972 5
53 213 8
54 436 5
55 377 5
55 926 9
55 258 2
55 614 5
55 244 7
55 219 4
55 211 9
55 205 6
55 128 1
55 552 6
55 724 1
56 651 9
56 350 10
56 338 1
56 880 8
57 901 6
57 495 6
57 991 1
57 85 7
57 65 7
57 486 1
58 644 2
58 82 4
58 693 1
59 757 4
60 179 7
60 124 6
60 61 2
61 600 5
61 124 9
61 528 4
62 388 3
63 167 6
65 595 9
66 690 10
66 549 5
66 607 9
66 955 5
66 132 10
66 130 9
66 117 8
66 660 1
66 628 9
67 395 3
67 782 4
67 747 6
67 484 8
67 630 5
67 132 6
67 465 1
68 199 3
68 932 1
69 794 4
69 342 6
69 258 3
69 490 1
69 78 3
69 510 4
70 375 6
70 868 7
70 162 9
70 642 10
70 107 10
70 812 2
70 883 3
72 253 5
72 212 7
72 123 10
73 952 6
73 158 6
73 562 7
76 250 5
76 948 3
78 377 1
78 211 4
79 316 1
79 274 10
79 857 1
79 174 1
79 848 5
79 965 7
79 118 9
80 347 10
80 227 1
80 712 5
81 742 6
81 161 2
81 791 10
82 718 10
82 450 4
82 576 4
82 693 9
82 646 9
83 684 3
83 305 1
83 249 2
83 834 6
83 87 5
83 514 2
84 922 3
84 109 8
85 328 10
85 251 8
85 901 4
86 612 9
86 140 10
87 592 4
87 898 10
87 266 3
88 439 9
88 299 2
89 381 5
89 624 8
89 221 5
89 190 10
89 948 1
90 382 7
90 199 8
91 363 7
91 324 5
91 808 6
91 311 3
91 260 10
91 230 10
91 228 7
91 534 7
93 606 8
93 123 1
93 439 1
93 927 2
93 461 8
95 378 5
95 307 4
95 498 5
95 496 10
95 534 7
97 308 7
97 490 10
98 941 6
98 907 7
99 821 5
99 330 5
99 293 2
99 187 8
99 182 4
100 339 1
100 934 5
101 336 8
101 303 7
101 911 4
101 466 7
101 125 4
101 111 6
102 685 1
102 270 2
102 175 4
102 127 2
102 659 2
103 247 7
103 619 1
103 647 10
104 257 1
104 206 3
105 956 9
105 202 10
105 141 6
105 140 7
105 612 3
105 796 1
106 996 4
106 321 5
106 661 10
106 568 5
107 627 6
107 195 4
107 162 1
107 883 10
107 816 2
108 922 2
109 522 3
109 294 7
109 660 5
110 329 6
110 914 7
112 220 1
112 185 4
113 390 6
113 418 5
113 582 8
114 824 7
114 579 9
114 165 6
115 594 5
115 225 7
115 164 10
117 313 2
117 294 8
117 628 2
118 287 2
118 274 8
118 602 2
118 225 7
118 174 3
118 164 7
118 540 10
119 487 1
119 785 5
119 751 7
119 537 4
119 414 8
120 800 8
121 155 1
122 281 4
122 638 7
122 244 10
122 437 10
123 238 9
123 927 1
124 224 6
124 600 4
125 704 8
125 303 1
126 203 7
126 159 5
127 871 10
127 177 7
128 295 4
129 711 9
129 228 5
131 430 7
131 291 8
131 143 8
131 402 8
132 442 3
132 368 7
132 557 2
133 273 7
133 232 1
134 672 2
134 737 9
134 163 1
135 373 1
135 945 2
135 147 5
135 839 9
135 668 7
136 798 5
137 867 5
137 312 5
137 509 6
137 154 8
137 780 3
137 573 9
139 176 9
140 947 10
141 872 5
141 599 10
142 447 9
144 327 6
144 561 7
144 162 6
145 332 5
145 548 1
146 925 3
146 411 10
147 401 8
147 570 9
147 405 8
147 921 9
148 387 5
148 686 5
148 467 6
148 451 8
149 237 5
150 507 3
150 151 6
150 826 4
150 916 2
153 639 7
153 578 6
154 928 8
154 415 3
155 384 2
155 571 4
156 223 6
156 184 9
156 157 7
156 957 10
158 422 9
160 672 9
161 609 3
161 842 7
162 627 7
163 593 4
163 192 6
164 290 4
164 978 4
166 383 10
166 381 2
166 905 3
166 296 8
166 242 4
166 217 7
166 879 3
166 917 1
169 430 10
170 422 10
171 462 7
171 608 7
172 566 5
174 768 5
174 844 8
175 871 4
175 177 7
177 392 10
178 518 1
179 583 6
179 279 1
181 785 1
181 998 10
181 537 3
181 414 3
182 596 9
187 396 9
187 795 4
189 757 10
192 593 2
194 585 2
196 912 4
198 977 9
198 966 4
200 261 1
200 255 1
200 569 6
201 312 1
201 779 3
201 416 6
202 777 8
204 325 6
205 295 6
205 614 10
205 724 1
206 470 1
207 345 9
207 489 4
209 291 5
209 433 10
210 938 1
210 589 2
211 286 4
211 494 3
211 219 5
212 655 2
212 238 5
213 942 3
213 539 2
214 708 10
214 912 2
214 634 6
215 670 5
216 283 8
216 260 9
217 662 3
218 562 5
218 235 10
218 486 1
218 615 6
219 362 10
219 501 7
219 309 1
219 278 10
219 853 1
220 517 5
220 468 6
222 692 5
224 600 6
228 591 8
229 277 8
229 878 6
231 666 1
231 386 7
231 806 7
231 343 10
231 457 5
231 939 3
231 971 10
232 452 3
232 234 1
233 519 6
235 562 5
235 952 1
238 543 5
241 332 9
241 986 10
242 738 10
242 296 4
242 944 5
244 638 4
244 843 6
244 508 8
244 437 6
244 554 10
244 822 4
246 637 2
246 533 4
246 625 4
246 539 1
249 358 8
249 616 5
249 410 3
249 951 9
250 341 1
251 567 1
252 774 5
253 676 9
254 282 1
255 261 7
255 793 7
255 767 9
256 340 7
257 470 10
258 669 10
258 309 1
258 588 7
259 335 6
260 302 5
264 854 7
265 705 1
265 420 8
265 635 9
265 686 7
266 305 5
266 943 10
266 898 3
268 674 6
268 306 9
268 803 8
269 886 3
271 621 5
274 316 6
275 399 3
275 603 7
275 629 7
277 878 2
277 746 10
278 552 5
278 501 8
278 588 1
280 558 6
282 520 4
282 979 5
282 954 5
282 895 9
282 502 7
288 432 10
289 730 4
290 315 9
290 978 2
291 402 6
291 433 7
292 500 10
293 908 6
294 660 1
296 587 6
298 906 8
299 717 7
299 701 3
299 933 3
301 360 6
302 324 9
303 503 4
303 704 10
305 665 10
306 674 5
309 669 1
310 429 2
311 334 4
311 862 4
316 768 3
321 325 5
321 568 10
321 661 7
321 858 6
322 563 9
322 509 3
326 335 4
327 868 7
327 642 6
328 772 6
329 914 1
330 795 10
330 821 7
330 953 4
331 610 1
332 488 8
332 899 8
337 710 6
337 902 3
339 701 7
342 984 7
342 967 7
343 866 8
343 476 3
344 879 10
344 383 6
346 526 9
348 802 4
348 827 8
348 468 5
350 974 2
351 567 9
354 569 3
354 734 6
354 1000 6
355 864 10
356 932 2
356 687 10
357 434 5
357 697 7
357 835 6
357 493 2
359 404 5
360 398 6
361 760 2
365 449 9
365 464 6
365 656 3
366 648 6
367 729 6
367 609 4
367 964 2
368 395 6
368 743 10
368 465 8
368 700 5
369 427 9
369 677 9
369 580 4
369 532 5
372 667 2
373 445 3
373 945 3
374 412 1
377 614 7
378 997 1
381 471 1
382 513 8
382 720 10
383 506 1
383 505 7
385 644 8
385 693 5
387 774 10
388 722 6
388 523 1
388 536 7
390 726 5
391 602 4
392 685 9
395 743 10
395 442 7
395 504 3
405 464 5
405 752 2
409 557 10
409 442 3
411 925 4
412 590 10
413 903 9
413 849 10
415 516 8
423 542 5
424 969 9
425 754 2
426 773 9
427 580 2
427 532 4
427 890 10
429 915 7
430 884 3
430 623 1
431 970 8
434 697 3
438 592 10
439 461 9
440 781 9
442 557 8
443 551 3
444 768 7
448 612 2
448 956 3
453 860 8
456 949 3
457 958 6
457 859 10
457 469 3
458 482 3
459 575 6
459 675 8
459 545 4
462 475 4
463 741 2
463 493 8
463 694 5
463 810 6
465 630 4
468 517 4
468 524 5
468 636 4
472 689 2
473 748 9
474 949 8
478 531 2
478 645 4
479 749 5
479 590 2
480 657 10
482 721 8
486 615 3
489 889 1
489 713 9
490 984 6
493 831 10
502 895 6
502 930 6
509 832 7
510 794 1
511 665 7
511 620 10
511 841 3
512 675 10
512 626 4
512 671 1
512 830 8
513 720 1
513 924 2
515 559 8
516 779 4
520 979 4
521 688 5
527 620 8
532 789 4
533 637 6
536 640 1
537 751 1
539 799 10
541 994 5
545 575 2
547 873 8
555 994 10
560 969 9
560 848 6
562 952 3
562 792 6
563 573 1
563 780 6
563 815 5
565 685 8
566 707 3
566 852 10
570 921 9
573 867 8
573 832 7
573 815 5
573 976 2
577 775 5
578 880 6
578 733 5
580 677 10
581 626 4
585 884 2
598 607 2
599 777 9
604 691 9
606 801 3
608 658 8
613 742 2
613 791 3
614 728 4
614 909 9
617 934 8
620 841 9
620 913 3
630 747 5
630 700 6
631 916 5
634 708 9
638 788 10
642 868 1
650 954 6
652 996 5
654 770 8
658 919 1
659 813 9
661 996 6
662 896 8
663 824 10
671 675 2
682 998 6
686 837 5
687 932 8
694 758 6
694 744 6
694 831 1
695 739 7
695 865 7
695 960 9
695 929 9
698 814 8
710 902 9
713 889 5
724 909 7
727 860 10
728 936 6
731 822 6
736 784 9
739 929 4
767 793 4
777 796 10
780 815 9
799 942 3
802 961 3
805 887 6
806 971 7
840 929 1
842 964 8
847 855 5
877 893 6
879 905 4
895 999 3
946 991 6
968 1000 3
