1000 1197
5 100 59 94 6 39 83 11 7 15 29 29 23 9 17 11 12 89 55 29 44 82 17 88 36 84 98 74 29 11 79 34 81 65 80 38 26 12 18 70 32 60 88 87 33 52 49 85 19 100 81 21 17 88 51 49 14 87 50 17 59 36 56 12 1 86 7 18 18 77 57 94 62 33 25 28 71 18 80 40 69 8 72 78 60 32 71 50 56 82 22 49 31 20 39 66 73 43 76 81 44 32 86 76 63 68 85 82 20 100 94 99 33 12 69 21 15 49 22 93 11 38 92 58 58 68 65 88 37 61 93 100 9 67 63 23 11 99 72 84 31 37 71 69 74 34 79 32 39 59 76 2 98 15 98 85 32 15 19 64 11 68 73 35 1 69 22 9 3 52 55 48 23 62 92 6 86 10 74 70 58 44 7 81 4 55 40 81 32 29 53 22 24 34 19 17 41 75 45 31 96 100 67 88 61 11 72 11 2 33 92 70 49 20 13 44 96 40 22 3 69 5 90 17 58 94 83 52 60 41 39 79 77 52 72 18 13 84 49 20 90 29 17 61 86 6 18 85 33 79 44 70 9 77 1 81 29 83 6 19 10 92 3 55 93 29 34 72 46 10 37 67 92 19 53 82 10 69 25 42 99 64 3 60 47 27 20 51 90 94 82 10 3 14 67 30 70 73 57 97 38 66 22 79 77 48 34 20 67 44 73 29 70 46 68 37 68 77 47 2 53 18 72 70 36 86 93 20 25 42 55 68 69 90 2 13 13 14 92 51 26 89 35 30 55 31 49 62 26 98 81 77 22 71 9 100 77 8 26 98 9 18 64 46 49 83 53 23 92 76 54 17 94 98 62 59 49 95 32 91 97 77 19 98 91 38 39 33 23 7 53 63 84 73 93 6 86 80 76 26 39 20 14 18 12 78 68 39 29 56 14 6 41 55 62 78 2 15 76 1 29 15 28 89 17 2 20 60 12 1 77 91 97 70 84 28 62 2 77 19 76 80 59 39 11 7 80 8 13 34 5 61 34 73 11 55 49 85 97 31 95 26 72 70 4 43 20 63 82 85 37 96 64 6 56 33 35 38 30 22 88 91 35 98 83 38 100 37 50 63 86 88 33 38 71 36 75 90 91 23 100 5 31 8 79 49 15 34 29 70 42 23 56 82 55 99 60 97 96 34 20 3 82 99 90 81 44 37 69 46 44 38 48 29 82 31 66 38 68 49 14 88 74 75 41 59 35 81 32 58 31 22 21 21 43 6 93 91 42 62 39 91 15 65 25 24 100 77 58 72 44 96 77 88 13 17 46 100 9 75 76 40 37 62 18 92 71 63 94 9 48 1 29 46 75 52 57 65 65 80 2 12 44 34 49 80 68 20 46 71 94 80 42 82 73 78 84 4 34 93 86 26 1 53 65 13 23 93 93 41 46 40 75 93 15 90 64 23 23 21 76 24 74 38 48 29 42 93 97 36 9 66 58 38 71 10 4 29 83 29 23 80 38 30 42 33 39 64 45 52 27 77 50 45 21 67 12 64 65 100 69 85 60 25 85 8 32 44 95 86 37 50 80 19 26 31 2 18 51 57 57 3 21 48 55 59 3 3 13 12 55 7 74 64 53 94 26 12 7 99 82 73 98 17 97 47 32 46 17 38 95 52 64 2 91 77 12 34 81 25 44 83 72 84 24 86 68 22 68 34 48 32 20 70 26 25 57 72 17 37 42 57 13 88 65 34 26 13 1 96 37 52 22 82 98 43 79 94 56 83 42 95 46 28 87 71 64 84 99 76 29 39 3 31 99 92 19 75 17 66 50 85 97 27 90 59 48 96 28 18 13 84 10 75 24 29 87 93 10 41 89 44 94 48 15 9 48 8 28 19 67 1 89 23 23 32 68 78 56 11 28 56 36 44 45 7 15 54 4 21 79 20 52 8 14 14 35 6 91 29 41 81 85 18 41 83 90 5 22 3 83 33 56 3 30 30 35 37 100 94 49 85 99 40 18 88 12 43 67 9 81 25 92 5 30 45 16 8 92 11 54 30 2 24 45 42 19 18 11 51 36 12 38 9 12 99 98 85 18 34 29 69 53 12 90 56 96 4 70 21 85 43 71 25 46 66 98 79 72 97 70 59 65 36 16 59 82 98 88 2 22 15 1 40 90 66 1 30 39 47 41 16 88 60 64 52 14 13 100 76 36 79 96 56 87 34 58 12 61 8 84 80 87 85 100 77 55 38 49 1 48 13 42 81 37 12 56 37 56 30
1 351 8
1 792 9
1 331 9
1 329 2
1 501 2
1 311 6
1 905 4
1 828 8
1 206 1
1 184 3
1 183 10
1 171 3
1 509 7
1 120 7
1 117 10
1 873 2
1 908 4
1 68 9
1 64 2
1 628 5
1 22 10
1 12 6
1 4 7
1 3 8
1 2 1
2 331 2
2 269 7
2 936 10
2 174 9
2 459 2
3 891 5
3 373 6
3 911 3
3 709 3
3 269 8
3 133 2
3 129 3
3 101 7
3 73 7
3 70 1
3 58 5
3 16 6
3 7 6
3 5 10
3 947 10
4 904 3
4 359 3
4 721 4
4 671 4
4 756 1
4 620 7
4 274 7
4 560 5
4 672 4
4 240 7
4 599 1
4 515 5
4 203 3
4 555 10
4 650 3
4 431 10
4 466 3
4 983 8
4 151 9
4 147 1
4 142 4
4 127 3
4 483 10
4 108 4
4 429 9
4 93 2
4 80 2
4 51 5
4 38 9
4 36 2
4 29 7
4 496 3
4 27 6
4 20 6
4 16 8
4 15 3
4 14 5
4 13 3
5 774 10
5 787 5
5 330 2
5 255 9
5 707 3
5 798 3
5 511 5
5 120 1
5 720 6
5 592 4
5 103 10
5 102 9
5 74 1
5 70 5
5 67 4
5 53 2
5 50 2
5 732 4
5 947 2
5 20 1
5 8 4
5 6 8
6 474 1
6 794 8
6 622 10
6 918 8
6 541 9
6 286 3
6 481 2
6 217 8
6 184 7
6 163 9
6 803 8
6 110 8
6 109 10
6 613 1
6 104 1
6 103 9
6 452 5
6 54 4
6 53 3
6 49 7
6 35 2
6 32 10
6 28 4
6 24 8
6 22 8
6 629 9
7 350 10
7 911 6
7 839 7
7 10 7
8 720 4
8 294 6
8 190 2
8 180 3
8 170 1
8 102 4
8 90 9
8 876 7
8 701 9
8 57 6
8 651 9
8 19 7
9 743 10
9 635 1
9 468 1
9 678 1
9 308 10
9 296 10
9 278 3
9 496 9
9 883 4
9 239 9
9 226 8
9 220 10
9 219 10
9 182 10
9 155 10
9 150 6
9 148 3
9 117 1
9 115 3
9 615 9
9 72 3
9 618 7
9 64 5
9 535 5
9 56 5
9 43 6
9 807 6
9 31 8
9 30 10
9 15 5
9 561 7
9 13 1
10 334 6
10 949 2
10 526 10
10 539 3
10 923 1
10 675 9
10 58 3
10 689 3
10 44 7
10 39 9
11 282 1
11 204 4
11 201 6
11 174 1
11 133 5
11 73 4
11 16 4
11 964 5
12 173 6
12 124 2
12 60 8
13 775 9
13 469 8
13 553 3
13 328 2
13 321 9
13 309 1
13 291 2
13 673 6
13 715 10
13 831 5
13 866 6
13 465 8
13 429 9
13 132 7
13 527 1
13 122 1
13 99 2
13 98 7
13 748 8
13 75 2
13 940 5
13 55 4
13 42 8
13 34 4
13 32 3
13 30 9
13 996 10
13 14 2
14 519 7
14 281 7
14 229 9
14 414 1
14 452 4
14 208 3
14 198 10
14 179 9
14 534 5
14 741 1
14 700 10
14 591 6
14 104 7
14 99 3
14 89 3
14 973 10
14 83 7
14 423 4
14 647 4
14 723 2
14 34 1
14 26 5
14 21 4
15 381 3
15 559 8
15 722 10
15 461 2
15 447 5
15 250 4
15 405 9
15 232 7
15 817 4
15 205 4
15 200 1
15 191 2
15 648 2
15 153 5
15 149 9
15 789 5
15 795 10
15 87 3
15 82 1
15 69 1
15 62 8
15 441 5
15 31 10
16 951 6
16 485 9
16 445 2
16 417 10
16 650 4
16 73 3
17 685 10
17 933 8
17 367 4
17 364 5
17 348 5
17 342 1
17 591 9
17 771 9
17 298 4
17 288 7
17 259 2
17 832 10
17 228 9
17 894 7
17 408 8
17 454 5
17 83 4
17 79 7
17 980 5
17 49 5
17 45 3
18 334 9
18 330 1
18 969 1
18 727 8
18 70 3
18 39 7
18 865 3
19 544 1
19 290 7
19 898 1
19 502 4
19 271 8
19 222 4
19 651 6
19 464 6
19 113 3
19 95 2
19 74 9
19 768 3
20 390 10
20 295 7
20 127 4
20 889 3
21 393 10
21 548 4
21 685 2
21 158 1
21 144 6
22 345 2
22 226 9
22 225 3
22 186 8
22 161 1
22 925 10
22 24 2
23 873 3
23 813 6
23 329 4
23 311 2
23 275 8
23 612 9
23 702 5
23 210 6
23 81 7
23 706 3
23 57 1
23 50 7
24 225 4
24 481 6
24 186 6
24 114 9
25 240 4
25 478 3
25 187 1
25 93 10
25 87 1
25 82 4
25 51 2
26 364 7
26 213 6
26 175 9
26 158 10
26 427 2
27 400 2
27 687 9
27 800 3
27 950 9
27 657 9
27 684 10
27 107 10
27 992 1
27 465 4
27 610 1
28 642 8
28 956 4
28 587 4
28 815 3
28 61 3
28 45 2
29 428 7
29 34 8
30 663 8
30 842 10
30 212 4
30 537 3
30 56 10
31 396 7
31 366 8
31 558 6
31 308 2
31 993 9
31 875 6
31 156 7
31 150 8
31 631 7
31 135 10
31 88 4
31 41 8
32 861 4
32 403 7
32 304 3
32 803 4
32 708 1
32 157 2
32 126 4
32 61 2
32 55 1
33 340 9
33 305 5
33 284 2
33 200 10
33 88 2
34 89 3
34 47 1
34 565 3
35 388 1
35 383 8
35 885 5
35 1000 2
35 196 8
35 163 10
35 162 7
35 660 2
35 105 5
35 59 7
36 713 2
36 142 4
36 124 5
36 643 3
36 60 6
37 365 2
37 357 3
37 653 7
37 210 7
37 77 10
37 542 1
38 230 8
38 187 7
38 442 6
38 152 8
38 575 5
38 118 4
39 957 2
40 371 10
40 907 8
40 243 8
40 176 10
40 148 9
40 147 10
40 460 3
40 409 10
40 108 6
40 489 10
40 100 8
40 78 7
40 602 2
41 655 9
41 369 9
41 449 3
41 450 1
41 309 10
41 242 8
41 149 9
41 96 4
41 62 6
42 377 2
42 916 7
42 199 7
42 696 5
42 119 10
42 667 7
43 457 9
43 139 9
45 815 3
46 430 1
46 435 9
46 844 9
46 122 5
46 112 9
47 903 10
47 716 6
47 414 3
47 578 10
47 266 4
47 116 1
47 99 4
47 89 1
48 974 2
48 912 7
48 676 9
48 255 6
48 706 5
48 188 5
48 102 5
48 57 8
49 337 8
49 333 7
50 726 1
50 873 7
50 247 1
50 774 4
50 197 1
50 154 5
50 510 5
51 234 4
51 93 7
52 750 5
53 399 1
53 805 1
53 344 7
53 238 2
53 136 6
53 111 6
53 103 9
53 68 7
54 353 9
54 265 9
54 262 10
54 780 1
54 889 8
54 669 6
55 372 2
55 285 2
55 929 6
55 569 5
55 629 8
56 212 3
58 350 4
58 949 10
58 843 2
58 475 2
58 675 10
58 785 6
59 693 1
59 711 1
59 781 2
59 163 4
59 146 3
59 140 3
59 110 2
59 660 8
60 426 8
60 633 2
60 896 9
61 605 5
63 189 6
63 776 6
63 789 8
64 355 10
64 601 2
64 926 2
64 944 8
64 280 7
64 260 1
64 224 3
64 497 6
64 117 9
64 72 8
65 948 10
66 634 3
66 131 2
66 85 6
66 935 5
68 946 6
68 910 1
68 828 8
68 172 8
68 120 9
68 734 1
69 284 5
69 250 8
69 418 8
69 88 6
69 419 5
71 948 5
71 631 10
72 665 3
72 763 5
72 704 7
72 601 9
74 538 1
74 299 6
74 720 6
74 267 10
74 701 6
74 222 10
74 90 5
75 904 6
75 199 5
75 429 5
75 546 9
75 552 6
76 595 9
76 671 3
76 274 10
76 618 10
77 598 5
78 939 7
79 367 2
79 741 7
79 228 8
79 922 6
80 130 8
81 412 2
81 876 5
83 342 1
83 973 3
83 177 6
83 771 5
83 700 7
83 930 7
84 110 10
84 104 4
86 584 10
87 436 2
88 346 7
88 549 9
90 816 6
90 294 7
90 432 4
90 779 3
90 505 4
90 145 5
90 94 6
90 967 7
90 736 2
91 658 9
91 320 9
91 519 6
91 590 10
91 196 4
91 723 2
91 498 5
92 386 7
92 351 10
92 303 10
92 914 5
92 109 9
92 908 2
94 252 6
94 222 6
94 761 10
95 544 8
95 137 6
95 735 6
95 411 5
97 167 5
99 360 4
99 266 7
99 248 5
99 229 10
99 179 8
99 553 8
99 578 4
100 359 7
101 563 2
102 798 9
102 507 1
103 136 9
104 452 4
105 383 1
106 581 9
106 442 8
106 938 8
107 291 1
108 371 7
108 524 5
108 473 2
109 541 4
110 319 4
110 261 6
110 693 10
111 728 3
112 954 9
113 406 2
113 967 7
113 632 1
113 779 5
116 266 3
116 248 6
116 229 2
116 585 3
116 647 4
117 375 2
117 825 1
117 220 5
117 182 7
117 171 8
118 240 5
119 657 9
119 317 4
119 431 3
119 215 7
119 950 7
120 828 10
121 568 10
121 593 4
122 571 9
122 242 3
123 896 5
123 620 2
124 173 9
125 271 4
125 710 2
125 847 9
126 304 5
126 613 6
127 227 5
128 735 10
128 207 10
129 373 4
129 181 8
132 929 1
132 748 3
132 589 5
132 680 4
137 709 10
137 731 10
138 484 7
138 428 3
138 321 9
140 319 5
140 781 2
140 928 6
141 203 5
141 562 4
141 983 3
142 705 6
143 827 7
143 292 3
145 294 4
145 847 3
146 320 2
146 487 9
146 660 5
146 927 4
146 966 10
146 695 5
147 490 8
147 603 6
147 607 8
148 602 9
148 264 2
148 209 7
148 460 9
150 396 1
150 639 1
150 503 9
152 500 8
153 327 3
153 191 8
153 169 6
153 959 3
153 740 10
155 550 2
156 981 7
157 680 4
157 403 3
157 806 10
157 420 9
158 213 2
160 530 8
160 332 5
160 305 4
160 434 6
161 925 9
162 504 5
166 445 7
166 417 3
169 341 10
169 415 1
170 245 8
170 676 4
172 734 7
172 395 2
172 946 1
172 976 1
172 882 5
175 393 7
175 674 7
176 473 8
176 773 8
177 389 9
177 384 9
177 281 5
178 599 8
178 273 1
180 710 2
181 373 9
181 563 3
182 520 10
182 183 1
183 582 1
184 386 6
184 914 4
184 251 1
189 314 5
189 301 9
190 731 10
191 341 7
191 637 5
191 577 6
192 989 8
193 701 9
193 267 7
193 432 4
195 560 8
196 695 7
196 498 9
197 686 7
198 384 3
198 281 9
199 377 1
200 789 3
200 817 3
201 402 10
202 210 3
203 652 1
204 352 3
204 677 6
204 404 3
204 625 2
204 486 8
205 405 8
206 833 5
208 414 7
209 409 5
210 357 8
210 257 1
210 702 8
211 817 7
212 368 8
212 537 10
212 751 7
214 909 2
215 920 8
216 978 6
218 756 4
219 965 5
221 445 1
221 951 8
222 276 5
222 421 9
222 724 6
222 502 9
223 265 6
223 739 4
223 470 4
223 579 6
223 573 3
227 554 2
227 262 5
228 394 7
228 385 5
228 342 3
228 540 4
228 611 6
229 360 1
229 647 6
231 388 9
233 332 1
236 348 6
236 279 5
237 778 3
237 274 1
241 885 5
242 254 2
243 645 4
243 649 3
243 982 3
247 686 6
249 597 6
250 392 1
250 462 10
250 416 8
250 972 9
250 488 3
251 339 6
252 464 3
254 430 6
255 991 4
256 867 6
256 311 2
256 813 8
256 833 6
258 895 2
259 832 7
259 879 3
260 424 1
260 467 4
262 265 10
262 470 5
264 982 5
265 470 8
266 578 6
267 683 4
269 934 2
269 335 5
270 480 8
273 370 10
273 343 8
273 692 9
273 801 4
275 594 10
276 617 4
277 362 10
277 749 5
278 864 2
278 754 3
279 322 6
280 915 10
284 324 8
284 418 5
284 870 7
285 413 9
286 379 2
286 328 8
286 482 8
286 622 4
287 326 3
288 872 4
288 638 5
291 851 7
293 595 10
294 736 9
295 670 6
296 596 9
296 561 5
296 845 10
296 857 3
296 479 1
296 902 6
297 302 1
297 433 5
298 980 10
298 623 6
299 538 2
301 512 7
302 653 3
304 803 6
306 762 1
306 497 3
306 533 9
307 806 4
307 861 9
308 985 9
308 639 9
310 457 1
311 509 7
311 813 5
312 853 2
313 485 10
314 574 10
314 347 6
314 441 5
314 738 7
315 494 1
317 610 9
318 952 5
320 966 9
320 892 5
321 358 4
323 423 4
324 767 1
324 994 2
324 961 5
328 663 3
328 482 8
328 616 4
329 501 10
330 727 5
330 750 5
332 699 10
334 868 2
338 485 1
338 417 1
342 771 6
343 529 3
343 801 4
344 395 2
346 514 9
346 434 6
348 378 4
351 628 4
352 401 4
355 926 10
357 365 7
357 536 3
357 702 3
361 992 10
363 532 2
363 455 8
364 427 9
365 536 8
365 995 8
365 931 4
365 542 8
368 374 2
369 564 8
369 655 2
370 490 2
370 607 8
371 513 7
372 458 8
372 413 2
376 843 3
379 794 10
379 622 3
380 658 2
381 440 2
383 955 2
383 1000 7
384 389 3
385 980 1
385 540 5
387 963 5
390 474 9
392 972 6
394 491 9
396 639 6
398 404 4
400 657 8
400 696 5
403 698 6
403 987 6
403 420 10
404 884 5
404 921 8
405 958 2
409 649 8
411 952 1
411 604 6
415 523 5
418 977 2
418 962 4
418 870 3
418 443 5
418 961 3
420 806 5
420 668 9
421 724 6
424 786 9
424 468 1
425 608 1
425 664 3
426 633 8
427 454 9
427 894 1
429 904 10
431 920 2
432 816 9
434 814 4
434 782 6
435 808 1
437 455 3
439 478 4
439 730 6
441 788 8
441 508 8
443 977 2
446 760 3
448 566 1
448 843 1
448 990 5
451 987 7
452 924 6
456 849 6
456 880 1
460 621 6
460 849 3
460 880 8
461 772 7
463 654 9
467 522 5
467 468 4
468 522 3
471 605 7
472 870 8
473 773 8
475 863 9
477 735 3
478 766 10
478 572 9
479 902 1
481 535 9
483 746 8
483 666 3
487 531 6
490 692 6
494 978 7
497 937 10
497 793 3
498 917 4
508 738 1
508 788 8
510 726 3
510 568 8
511 679 3
516 725 9
516 740 9
516 959 4
517 729 3
518 956 9
519 723 4
522 883 3
523 760 6
524 543 4
525 849 7
525 621 2
527 794 6
529 614 7
531 753 5
535 823 7
537 624 5
539 863 5
542 945 5
542 931 6
542 995 2
543 778 7
547 776 9
548 933 9
549 875 8
551 567 3
552 667 3
558 681 3
559 722 7
567 812 3
567 733 7
577 764 8
579 739 4
580 694 1
580 687 8
581 684 10
589 680 8
589 874 8
591 832 10
592 597 10
592 798 4
602 644 6
604 952 9
606 711 6
615 807 8
617 724 9
620 896 9
624 913 8
637 764 9
642 775 9
642 715 2
652 964 1
656 857 2
657 950 5
665 703 1
665 758 6
666 746 9
672 780 3
677 777 1
683 829 2
689 863 3
691 900 10
691 697 4
696 916 1
697 900 4
698 987 3
700 930 5
700 741 5
702 783 3
704 758 8
727 750 5
727 865 5
733 850 6
736 975 8
738 784 6
752 979 9
754 786 3
755 893 7
762 793 6
779 967 4
781 852 9
781 791 7
782 814 4
784 826 2
786 811 5
795 837 3
812 850 10
815 846 6
827 928 1
843 990 3
849 880 6
856 993 10
859 942 3
871 936 8
882 946 3
884 921 9
917 927 10
955 1000 8
974 997 1
