1000 1197
5 24 18 92 35 68 19 52 70 46 49 24 99 81 85 50 23 93 1 59 77 98 8 100 25 19 50 2 13 46 37 61 3 2 24 27 6 22 85 85 84 70 48 26 90 57 84 12 18 98 5 58 62 67 85 66 20 16 32 24 40 88 28 11 90 18 91 60 21 43 4 74 41 26 41 68 21 67 8 91 7 16 70 94 100 27 18 21 21 53 3 16 24 76 61 22 16 57 93 11 31 96 6 22 77 30 90 20 84 81 87 99 47 98 66 77 62 21 3 95 74 82 62 82 4 26 58 10 13 74 47 20 6 34 36 10 54 78 67 69 16 28 33 10 89 68 37 28 76 5 55 23 84 31 40 17 32 11 66 90 85 18 60 14 8 84 69 63 46 36 58 53 69 80 31 37 35 13 78 85 22 64 24 20 78 97 9 37 41 14 70 68 63 3 12 36 64 72 10 66 20 43 82 9 92 86 72 78 37 86 31 57 81 61 25 34 39 45 23 48 43 87 40 52 66 62 91 2 23 64 48 51 75 49 55 96 41 44 25 96 19 99 84 67 18 77 98 23 2 17 50 97 73 70 79 85 86 32 90 97 41 68 29 40 34 100 86 85 85 46 75 12 33 91 33 37 17 43 65 17 74 64 36 86 54 9 54 62 28 48 5 74 75 1 62 31 47 99 30 90 22 61 27 11 16 91 47 50 46 1 32 20 6 29 79 55 9 32 18 62 27 75 82 62 84 81 100 16 8 87 84 79 30 60 40 99 67 24 29 57 23 69 85 52 94 20 65 42 49 56 35 41 72 97 78 20 93 67 98 94 63 46 10 57 18 13 58 48 86 11 49 5 46 39 7 52 23 59 23 14 73 97 16 36 56 75 60 3 54 37 90 9 48 51 84 47 3 37 42 98 65 41 87 31 64 69 81 46 75 93 41 85 56 92 59 52 76 30 96 38 5 14 38 48 62 36 49 79 75 80 31 30 47 7 24 6 94 97 42 25 44 13 19 83 59 45 97 38 2 2 88 73 35 95 86 29 15 12 34 84 58 40 77 1 59 94 22 77 9 20 72 67 41 92 42 82 73 95 13 95 78 88 8 39 58 73 21 89 45 43 58 31 37 22 38 41 63 65 19 43 71 27 8 75 35 54 50 39 20 56 59 15 56 48 10 22 40 48 89 73 75 14 64 66 57 25 87 89 22 80 92 46 69 29 39 80 98 7 25 100 93 13 50 67 76 55 15 72 39 17 48 25 30 74 31 30 37 35 36 64 19 51 68 28 56 90 9 58 51 18 14 55 51 42 67 40 97 56 54 87 17 74 32 37 87 32 9 54 89 11 9 10 11 92 7 65 30 51 5 33 30 47 44 67 85 6 51 24 32 84 9 70 68 100 54 47 50 81 86 52 64 66 31 1 11 89 63 48 19 51 66 43 26 48 80 89 63 23 2 35 16 95 61 2 53 92 26 81 81 4 13 1 73 36 80 64 33 94 87 2 7 32 41 41 59 10 24 33 3 88 12 74 30 98 77 97 65 93 22 58 48 38 68 93 75 35 30 99 90 74 53 98 94 41 19 35 24 63 19 12 99 79 97 63 91 42 11 56 89 47 63 94 56 27 67 21 96 65 49 18 51 91 3 47 39 58 3 72 86 99 80 96 1 20 47 66 28 46 40 61 20 44 22 17 51 11 59 90 87 89 2 4 80 6 95 58 21 24 17 31 15 60 96 96 100 21 29 24 66 14 27 2 98 87 64 53 39 60 26 30 19 93 83 48 34 79 17 93 78 100 26 69 37 65 51 46 55 33 70 12 23 28 4 55 96 99 56 77 11 44 70 16 8 22 99 4 25 100 6 99 82 12 58 10 6 73 74 37 24 75 53 14 79 46 61 83 55 89 67 56 34 34 78 29 50 59 100 19 11 38 21 98 39 41 56 100 50 25 95 66 30 88 87 66 77 89 24 36 99 9 19 67 66 62 47 60 32 27 73 11 10 4 34 1 15 96 71 70 2 48 15 24 47 94 16 1 92 45 20 99 62 11 38 36 62 96 15 53 62 76 77 33 69 91 26 22 94 63 85 69 23 85 34 83 46 4 96 8 36 44 18 51 8 81 6 12 83 84 57 60 19 95 87 28 2 42 85 34 21 76 55 54 24 99 70 55 88 75 48 7 51 18 75 22 59 68 25 10 50 56 31 65 39 93 88 35 70 66 4 22 71 78 44 1 59 21 87 14 56 46 85 18 67 51 98 58 11 73 68 51
1 378 6
1 641 8
1 295 2
1 283 8
1 242 10
1 232 8
1 596 10
1 512 6
1 438 1
1 115 2
1 108 1
1 107 4
1 88 5
1 63 1
1 60 4
1 52 2
1 17 3
1 8 9
1 6 3
2 492 5
2 410 8
2 961 6
2 717 4
2 858 4
2 278 8
2 883 4
2 846 6
2 173 7
2 877 7
2 69 3
2 580 9
2 31 5
2 23 7
2 4 1
3 378 5
3 369 10
3 341 5
3 671 2
3 624 9
3 781 8
3 254 9
3 251 3
3 500 10
3 221 9
3 963 2
3 174 8
3 172 10
3 149 2
3 489 1
3 920 3
3 984 8
3 91 4
3 73 3
3 67 4
3 52 9
3 699 1
3 38 5
3 37 8
3 29 8
3 12 3
3 10 6
4 442 4
4 540 7
4 373 2
4 348 3
4 345 4
4 715 4
4 259 8
4 718 9
4 635 1
4 157 5
4 813 6
4 133 7
4 128 5
4 123 1
4 118 5
4 746 10
4 608 6
4 99 3
4 97 6
4 96 4
4 73 3
4 58 1
4 54 8
4 45 3
4 675 7
4 28 10
4 20 8
4 18 8
4 17 6
5 883 9
5 372 6
5 693 1
5 570 4
5 336 6
5 321 8
5 313 1
5 735 7
5 831 3
5 967 2
5 225 5
5 704 9
5 186 10
5 176 3
5 169 9
5 452 4
5 156 7
5 741 8
5 136 9
5 123 9
5 109 8
5 105 6
5 678 7
5 94 8
5 92 2
5 853 7
5 964 6
5 74 6
5 591 7
5 516 1
5 68 6
5 66 8
5 33 8
5 32 2
5 30 4
5 27 1
5 26 1
5 23 10
5 22 2
5 576 6
5 8 2
5 748 6
6 369 2
6 348 9
6 991 2
6 504 8
6 150 2
6 629 9
6 78 10
6 10 8
7 763 7
7 357 10
7 346 4
7 299 1
7 723 7
7 774 7
7 745 1
7 173 6
7 74 8
7 56 3
7 9 6
8 924 6
8 354 4
8 650 4
8 672 2
8 312 5
8 289 3
8 277 3
8 451 5
8 231 5
8 411 2
8 205 1
8 188 7
8 187 4
8 179 3
8 971 10
8 142 10
8 132 10
8 126 7
8 124 2
8 116 10
8 111 8
8 591 6
8 98 9
8 95 7
8 85 7
8 79 5
8 1000 2
8 429 2
8 66 2
8 57 5
8 46 6
8 34 2
8 33 8
8 25 10
8 22 2
8 20 5
8 14 2
8 11 7
8 640 9
9 363 7
9 582 6
9 945 2
9 609 1
9 463 6
9 872 9
9 464 1
9 815 9
9 769 5
9 148 10
9 140 4
9 868 5
9 113 1
9 477 1
9 966 7
9 31 4
9 728 9
10 370 5
10 365 7
10 349 1
10 245 10
10 716 1
10 648 3
10 404 4
10 999 2
10 47 5
10 521 8
10 21 10
10 12 3
11 812 2
11 946 4
11 585 8
11 849 10
11 847 10
11 406 7
11 289 2
11 238 10
11 229 5
11 720 8
11 191 2
11 186 4
11 171 3
11 486 5
11 46 9
11 20 7
12 388 7
12 367 9
12 524 8
12 319 6
12 275 3
12 221 5
12 131 7
12 808 6
12 626 10
12 96 5
12 566 1
12 86 9
12 73 6
12 61 6
12 55 7
13 817 7
13 648 10
13 55 10
14 397 4
14 792 2
14 838 3
14 336 6
14 325 4
14 234 4
14 1000 9
14 663 8
14 474 3
14 744 1
14 35 6
14 568 8
14 25 9
14 22 5
15 725 6
15 339 3
15 300 5
15 694 6
15 844 5
15 119 4
15 921 10
15 45 2
15 27 3
15 24 7
16 542 3
16 206 3
16 157 7
16 580 2
16 433 5
16 48 9
16 24 6
16 646 8
17 354 2
17 270 7
17 208 3
17 840 5
17 84 8
18 631 6
18 503 1
18 542 1
18 562 8
19 431 4
19 286 4
19 150 7
19 143 6
19 53 1
19 953 2
20 377 2
20 373 6
20 586 6
21 926 9
21 566 1
21 139 4
21 832 5
21 54 1
21 36 5
22 390 3
22 334 5
22 331 3
22 313 3
22 479 10
22 301 10
22 412 7
22 268 8
22 264 9
22 986 10
22 247 10
22 533 1
22 747 9
22 185 8
22 490 4
22 142 10
22 762 2
22 101 1
22 79 8
22 66 5
22 902 7
22 64 3
22 593 8
23 364 6
23 654 3
23 273 10
23 256 9
23 722 1
23 219 7
23 569 2
23 859 6
23 62 2
23 582 9
23 30 2
24 316 7
24 209 9
24 554 2
24 192 2
25 713 5
25 331 6
25 734 7
25 900 9
25 502 4
25 595 5
25 249 4
25 888 9
25 233 10
25 553 8
25 803 1
25 819 8
25 43 2
25 40 3
25 39 3
26 886 3
26 339 1
26 338 9
26 660 7
26 136 2
26 119 9
27 386 10
27 314 5
27 294 10
27 92 5
27 45 3
28 210 8
28 132 6
28 775 2
28 58 2
28 970 6
29 857 2
29 536 1
29 112 9
30 380 6
30 441 10
30 184 8
30 465 8
30 68 10
31 394 2
31 347 1
31 323 10
31 168 7
31 444 1
31 114 5
31 41 7
31 666 5
31 868 3
32 357 6
32 573 10
32 329 9
32 299 1
33 303 6
33 242 9
33 187 10
33 63 2
34 396 2
34 375 1
34 359 10
34 353 1
34 865 5
34 257 10
34 231 4
34 203 5
34 734 6
34 888 4
34 721 2
34 110 9
34 102 7
34 98 9
34 51 6
35 565 4
35 229 7
35 959 8
35 177 2
35 837 7
35 130 2
35 70 2
35 511 3
36 370 4
36 366 3
37 362 5
37 117 8
37 100 4
37 520 1
38 802 5
38 265 6
38 100 4
38 431 3
38 770 6
39 981 5
39 499 4
39 155 4
39 644 1
39 102 10
39 40 8
40 644 1
40 628 8
40 499 10
40 448 6
40 588 8
40 190 1
40 494 8
40 595 9
41 453 9
41 464 8
41 782 9
42 442 9
42 141 2
42 828 8
43 231 6
44 389 9
44 518 5
44 910 3
44 93 1
45 314 3
46 243 5
46 402 10
46 93 3
47 968 2
48 848 8
48 796 8
48 433 10
48 542 10
48 192 10
48 161 5
48 125 4
48 80 8
48 49 2
48 733 2
49 562 1
49 296 6
49 790 8
49 189 1
49 183 7
50 531 4
51 531 7
52 413 8
52 244 9
52 154 1
52 687 6
53 470 3
53 919 3
53 770 3
53 834 5
53 100 5
54 926 8
55 939 6
55 275 9
55 213 10
55 993 3
55 636 6
56 182 3
56 497 6
57 134 10
57 530 7
57 416 6
58 422 2
58 970 2
58 337 5
58 931 8
58 179 4
58 466 1
59 553 5
59 163 5
59 918 6
59 72 4
60 756 6
60 208 2
60 669 1
62 463 4
62 137 7
63 108 1
64 197 9
64 103 6
64 98 4
64 89 4
64 785 5
65 631 7
66 703 10
66 384 6
66 546 7
66 451 6
66 779 3
66 237 1
66 222 6
66 560 9
66 175 6
66 493 2
66 513 9
66 122 6
66 94 8
66 79 10
67 395 9
67 382 10
67 846 7
67 944 8
67 278 3
67 258 7
67 241 3
67 822 3
67 91 6
67 659 10
67 961 1
68 761 1
68 81 9
69 258 2
69 717 2
69 709 2
69 128 9
70 358 8
70 557 10
70 511 8
70 527 4
70 430 7
71 774 3
71 223 6
71 609 1
71 109 7
71 74 5
71 763 9
73 387 3
73 738 8
73 261 6
73 133 3
74 317 1
74 697 7
75 708 9
75 224 10
75 409 3
75 155 5
75 574 2
76 392 3
76 444 10
76 618 10
76 498 5
77 661 5
77 439 9
77 134 9
77 130 6
78 716 7
78 245 1
79 277 9
79 698 1
79 175 6
79 116 10
79 700 9
79 495 7
80 125 9
81 262 4
81 230 1
81 170 3
81 795 10
81 590 2
82 541 10
82 850 3
82 538 1
82 736 10
82 996 3
82 104 7
84 306 9
84 239 2
84 950 7
84 232 10
84 193 7
84 622 9
84 425 6
84 480 2
84 805 7
84 597 8
85 903 9
85 835 8
85 197 8
85 181 8
85 166 10
85 101 7
85 89 10
86 195 2
86 133 7
87 553 5
89 197 2
89 101 9
90 229 7
90 616 3
90 849 1
91 901 1
92 307 4
92 691 3
94 779 1
94 328 10
94 831 5
94 162 5
95 391 6
95 758 8
95 924 3
95 138 9
97 833 2
97 225 8
97 145 4
97 123 3
99 393 4
99 259 7
99 600 10
102 706 9
104 430 8
104 674 7
104 895 3
105 488 6
105 147 3
107 378 3
107 304 9
107 251 1
107 882 7
107 154 3
107 146 1
109 928 2
110 978 10
110 572 10
110 224 5
110 203 6
110 491 2
110 428 8
110 727 4
110 443 3
110 680 7
112 984 6
112 374 8
112 252 5
112 159 4
114 394 8
114 941 1
115 634 6
116 326 4
116 122 5
117 342 6
117 324 2
117 248 4
117 218 1
117 151 5
117 143 8
117 729 3
117 528 8
118 279 4
118 909 2
118 201 6
118 172 9
118 144 7
119 152 5
119 136 10
120 699 4
121 968 1
123 522 4
123 321 3
124 337 3
124 292 7
124 814 5
124 771 7
124 204 1
124 179 10
124 558 1
124 665 6
125 433 5
126 193 7
127 502 2
129 980 7
129 590 5
129 539 8
129 477 2
129 230 7
132 811 8
132 711 3
133 998 8
133 302 10
133 750 8
135 843 1
135 297 9
136 704 10
137 654 9
138 924 8
138 793 7
138 411 7
138 435 1
140 169 3
141 176 9
141 156 9
141 828 7
142 456 8
143 820 3
143 371 2
143 342 9
143 235 7
143 507 4
143 605 7
144 343 4
144 472 10
144 174 1
144 149 9
145 576 8
146 253 6
146 154 4
146 413 7
148 610 6
148 582 4
148 256 1
149 963 10
149 343 6
149 174 1
150 286 6
150 285 8
150 284 3
150 455 7
150 783 10
152 584 4
152 311 6
152 178 6
152 549 9
153 461 5
153 258 2
153 241 9
153 862 1
153 639 10
154 244 7
155 804 9
155 212 9
155 574 7
156 426 8
156 532 5
157 458 1
157 724 9
157 473 9
159 767 2
159 211 1
159 180 6
160 347 10
160 825 6
161 296 5
161 655 6
161 478 1
162 810 3
162 220 8
162 215 10
162 853 6
163 448 10
164 549 9
164 311 8
164 906 8
164 510 2
164 662 7
166 519 10
167 637 4
167 813 2
167 238 10
167 812 8
170 539 3
170 262 8
171 598 10
171 200 4
171 997 7
173 392 2
173 505 1
175 786 6
175 892 3
175 495 5
175 753 10
175 698 6
175 560 1
176 570 4
177 674 2
177 358 2
177 511 8
178 421 1
179 205 9
180 857 3
181 287 5
181 281 10
182 723 10
182 573 9
183 447 9
183 288 10
184 403 3
185 269 8
185 268 5
185 529 4
185 417 3
186 744 5
188 193 3
188 780 8
190 514 10
191 474 10
191 309 5
191 568 3
191 874 9
192 686 8
192 670 9
193 597 4
193 330 6
194 524 1
195 387 9
195 261 1
195 702 5
198 737 3
198 544 1
199 622 10
201 500 3
202 515 9
203 807 1
203 491 6
203 836 7
205 290 3
205 240 8
205 607 2
205 650 5
207 534 1
207 875 10
207 767 3
209 686 8
209 316 2
210 885 5
210 940 5
211 266 5
212 574 6
212 656 10
212 409 7
212 768 2
214 541 6
216 304 2
217 707 8
218 342 6
218 913 6
218 293 2
218 729 3
219 515 2
219 364 5
223 317 3
224 428 4
224 765 5
228 345 6
229 837 5
231 550 4
231 375 3
232 400 3
232 425 9
232 239 1
233 390 4
233 260 9
234 336 3
235 783 6
235 285 9
235 652 2
235 995 9
235 876 9
236 335 10
236 237 2
236 827 3
237 700 1
238 635 6
238 599 3
239 400 6
239 340 8
239 333 4
240 274 10
241 942 8
242 303 8
244 413 3
245 629 9
246 690 10
248 459 8
248 504 5
249 803 5
249 819 9
249 575 2
253 882 10
253 304 6
254 419 6
255 760 6
255 603 2
255 615 8
255 495 9
257 359 3
257 865 8
258 395 7
258 461 3
258 787 6
261 387 6
264 902 10
264 985 7
264 903 8
265 919 1
265 740 2
267 328 3
268 676 6
269 529 4
270 756 4
271 659 7
271 395 5
272 620 7
272 890 5
272 427 10
272 714 3
273 883 9
274 290 6
274 943 7
277 508 2
278 709 7
278 979 6
280 399 5
280 683 7
280 948 7
280 471 10
282 566 7
283 526 2
283 975 5
284 820 2
284 938 2
284 652 10
286 953 3
286 988 2
286 432 8
288 447 7
291 884 5
291 546 5
292 664 2
294 617 10
294 693 9
295 975 6
295 526 10
296 577 6
296 478 6
298 324 4
299 964 3
302 998 2
302 930 6
303 344 2
303 488 5
305 632 5
307 854 9
308 679 5
310 475 5
311 662 3
314 446 8
317 452 7
317 697 1
320 377 6
320 746 9
320 947 8
320 586 3
323 363 8
325 397 3
326 797 9
327 386 7
328 831 4
329 573 1
330 805 2
330 597 7
331 824 2
335 615 7
335 912 4
338 877 3
340 480 6
340 425 2
340 535 5
340 701 4
340 625 9
342 398 7
342 371 4
343 360 4
347 592 4
347 898 2
351 740 4
352 441 2
353 506 5
355 719 2
356 974 7
356 420 7
359 572 4
359 778 3
362 977 7
365 817 7
365 999 6
366 772 8
367 614 4
371 830 10
373 637 2
373 450 3
373 675 1
375 705 4
375 537 9
381 398 4
381 830 2
381 798 7
381 469 2
383 410 9
385 818 7
392 800 7
392 418 7
392 829 1
394 852 10
395 581 3
398 469 2
399 951 6
399 443 10
401 911 4
405 954 5
406 776 7
406 757 6
406 997 9
420 974 6
421 788 10
421 555 8
423 749 9
425 480 8
427 994 5
427 620 7
432 988 5
434 564 1
438 596 1
440 848 4
440 554 7
444 492 5
444 801 7
446 449 3
450 677 4
450 726 8
453 728 1
455 783 4
457 784 5
459 916 7
459 688 3
461 525 10
466 548 4
466 619 6
467 469 3
467 798 8
468 536 4
469 806 10
470 869 8
473 612 5
474 568 10
475 976 10
480 701 5
480 950 1
481 863 1
489 920 1
492 643 8
492 858 2
494 588 9
495 864 3
495 698 4
498 941 9
498 618 1
499 628 6
504 991 5
508 879 8
520 977 7
524 587 4
524 626 7
526 975 6
532 867 8
533 937 7
538 557 9
542 733 7
544 863 8
546 560 5
548 775 2
549 989 2
549 584 7
551 996 5
552 644 3
552 936 3
552 981 9
558 814 4
567 969 2
567 818 6
568 663 9
572 778 6
574 743 6
575 611 4
577 655 6
578 625 3
581 787 2
581 851 9
583 940 8
594 749 1
598 757 8
598 997 1
603 760 9
604 683 4
605 707 5
607 893 8
608 773 2
609 923 1
618 941 5
619 952 3
620 994 1
621 661 8
625 701 1
627 962 2
634 925 5
636 993 10
637 789 6
637 677 9
645 987 3
645 646 9
646 905 1
657 768 7
657 743 8
660 886 3
660 689 3
664 665 9
675 956 7
675 813 1
692 871 4
694 921 1
699 866 2
701 821 1
704 741 3
708 915 1
710 823 8
711 811 3
714 928 2
715 794 2
715 873 1
717 839 5
717 897 8
718 942 3
725 818 8
726 789 3
727 765 1
732 904 9
734 888 9
775 952 1
785 835 6
787 851 7
792 955 6
799 944 7
803 900 1
806 816 6
812 908 4
820 995 9
820 860 5
828 949 6
834 919 6
837 958 10
860 876 9
862 982 6
868 934 3
887 891 7
902 903 6
912 954 7
953 988 5
