1000 1197
5 45 55 19 2 70 38 17 18 85 61 48 77 81 42 76 82 4 76 29 53 4 19 29 32 99 4 100 9 29 71 90 56 21 94 69 58 79 41 89 4 63 89 52 56 34 34 9 48 59 29 77 67 50 33 6 98 51 23 40 28 44 61 8 33 58 21 94 93 65 45 92 25 11 44 28 73 48 8 43 94 36 31 66 93 14 29 87 4 17 25 70 41 5 45 54 84 55 32 83 68 79 20 30 41 41 35 77 66 3 72 32 14 98 24 7 4 55 90 99 87 17 94 4 78 94 74 28 59 4 8 2 68 24 7 45 54 62 21 1 15 9 12 39 90 47 74 52 97 47 41 72 18 67 7 92 65 69 77 53 59 100 65 30 92 18 80 56 79 33 99 34 76 57 56 42 81 20 54 18 36 10 97 76 18 94 37 33 93 11 8 40 19 99 62 80 19 98 96 12 10 43 17 25 97 63 73 1 51 41 87 59 21 92 54 44 72 56 26 19 14 12 22 67 19 21 78 20 3 51 36 55 72 43 47 12 6 16 4 6 87 62 41 79 90 9 85 43 97 71 30 95 89 53 63 62 53 14 55 12 11 45 89 71 63 34 8 51 9 63 64 83 93 92 55 35 68 49 60 57 47 63 11 44 69 99 2 88 84 73 27 21 42 3 17 35 96 60 34 71 54 17 71 52 73 93 10 86 98 2 39 1 91 91 71 33 3 62 84 68 100 41 5 43 31 34 49 39 3 60 19 4 6 55 94 1 61 78 82 5 47 55 33 72 19 60 71 62 35 57 60 56 89 58 39 66 97 40 99 50 90 45 86 18 46 81 35 5 5 59 38 76 33 100 76 37 62 7 69 100 17 44 42 24 75 60 9 65 26 8 10 17 65 68 61 43 9 4 29 99 91 25 57 28 52 15 78 62 17 13 6 5 57 45 18 90 48 64 77 25 48 9 61 51 68 84 85 57 88 32 89 87 66 94 50 57 100 51 28 38 37 22 59 19 36 67 70 7 44 93 48 67 2 11 60 68 36 39 86 7 73 72 90 8 86 13 94 10 5 70 87 69 22 28 75 96 26 28 39 66 21 49 11 1 35 21 35 42 67 98 26 97 46 16 93 85 35 74 20 22 70 44 88 66 66 35 64 83 32 23 100 29 23 3 38 42 94 100 40 65 4 41 22 23 46 63 88 42 43 94 72 66 19 62 38 62 40 35 57 85 45 6 93 48 23 46 67 50 88 20 87 32 18 98 34 86 40 36 87 36 71 91 58 41 28 77 94 47 34 91 42 26 59 35 26 91 83 22 94 17 81 86 19 46 46 61 97 30 44 14 19 98 3 66 84 64 66 84 98 57 62 62 44 44 2 99 44 32 99 49 12 80 30 77 44 41 69 94 75 22 13 58 34 13 18 99 54 42 79 40 11 81 78 9 98 55 91 57 54 66 74 63 96 50 66 73 23 86 11 97 21 49 6 63 1 58 35 13 30 72 2 87 46 34 99 21 89 93 40 39 9 1 49 21 75 68 56 27 21 61 98 61 22 85 50 98 92 61 10 12 89 12 60 25 37 12 76 34 11 73 30 24 7 32 8 38 63 13 67 96 47 99 46 8 98 82 60 53 14 97 79 99 80 19 36 82 38 1 46 76 77 100 87 95 43 76 34 42 76 44 63 86 38 95 83 3 5 15 65 51 63 72 54 56 91 35 3 77 49 84 19 1 89 15 80 23 69 16 18 57 71 50 8 63 51 11 47 82 23 8 33 20 4 28 75 31 43 13 27 89 86 37 15 76 41 39 72 36 28 20 29 28 88 85 44 23 6 66 72 5 35 93 38 98 73 44 49 84 97 2 65 3 76 56 84 22 69 4 15 4 53 80 57 100 81 68 26 48 92 63 80 15 43 93 95 80 64 37 28 75 84 48 76 20 53 65 52 5 72 87 70 70 92 45 29 70 69 76 12 58 69 80 54 65 21 31 26 71 41 83 50 47 14 9 7 49 76 34 18 5 62 22 42 35 84 30 36 98 53 72 47 2 89 31 68 88 37 68 46 35 6 17 8 83 58 41 84 12 76 52 10 24 56 47 10 17 64 82 25 31 96 37 61 11 79 88 46 29 22 73 68 79 71 76 2 69 93 53 98 47 34 45 80 70 91 29 24 48 4 15 8 89 77 67 13 39 83 2 31 78 86 31 39 78 22 3 99 91 69 89 40 40 9 70 96 24 29 25 73 51 72 65 25 49 7 33 7 91 62 31
1 337 6
1 688 3
1 596 9
1 650 4
1 598 3
1 249 6
1 633 8
1 844 6
1 176 9
1 838 4
1 93 1
1 92 10
1 544 8
1 837 3
1 61 5
1 41 10
1 37 3
1 478 9
1 457 9
1 625 6
1 17 5
1 617 8
1 14 4
1 8 7
1 2 9
2 551 3
2 381 9
2 657 9
2 293 7
2 287 2
2 279 6
2 592 7
2 500 6
2 774 1
2 477 9
2 418 3
2 155 6
2 108 6
2 107 1
2 98 9
2 85 2
2 79 6
2 75 7
2 69 2
2 55 8
2 807 6
2 41 6
2 34 2
2 503 2
2 30 3
2 19 8
2 13 1
2 513 6
2 4 6
3 443 7
3 93 7
4 375 3
4 367 3
4 255 8
4 245 3
4 222 5
4 488 10
4 109 3
4 108 6
4 98 10
5 367 6
5 353 10
5 337 6
5 334 5
5 833 10
5 559 10
5 285 5
5 279 4
5 250 2
5 934 10
5 243 10
5 189 7
5 636 8
5 184 10
5 167 8
5 695 9
5 143 7
5 104 5
5 908 1
5 61 2
5 37 7
5 16 2
5 12 4
5 11 3
5 8 4
6 445 9
6 376 1
6 980 7
6 349 4
6 422 1
6 332 9
6 442 4
6 734 8
6 231 5
6 188 6
6 446 2
6 160 5
6 157 8
6 938 2
6 128 3
6 126 3
6 123 5
6 110 7
6 94 1
6 560 1
6 44 6
6 35 4
6 26 8
6 12 9
6 11 1
6 10 5
6 550 2
6 738 10
7 633 3
7 404 10
7 845 10
7 716 4
7 867 10
7 310 8
7 242 9
7 236 5
7 230 8
7 459 6
7 212 6
7 204 3
7 581 9
7 174 5
7 721 1
7 748 7
7 434 10
7 71 8
7 584 4
7 24 10
7 14 1
7 9 9
8 918 9
8 455 4
8 552 2
8 739 1
8 402 5
8 303 7
8 299 7
8 972 6
8 249 2
8 241 6
8 925 8
8 979 9
8 163 7
8 435 8
8 27 10
8 21 3
8 486 6
9 291 2
9 242 7
9 141 10
9 54 2
9 18 6
10 245 9
10 222 2
10 794 7
10 441 8
10 65 1
10 890 4
11 382 7
12 215 3
12 72 8
12 31 2
13 936 2
13 322 7
13 290 9
13 569 4
13 933 8
13 102 10
13 85 2
13 82 5
13 69 2
13 54 2
13 19 9
14 582 3
14 706 5
14 897 9
14 716 1
14 454 10
14 448 3
14 650 9
14 59 4
14 16 3
15 225 3
15 204 7
15 551 8
15 76 9
15 42 7
15 584 7
16 389 2
16 447 5
16 230 5
16 788 1
16 43 5
17 709 3
17 519 2
17 993 7
17 219 8
17 888 2
17 165 7
17 161 1
17 46 3
17 38 2
17 29 5
17 20 10
18 137 5
18 54 10
18 19 6
19 761 5
19 717 10
19 472 8
19 705 1
19 969 10
19 704 5
19 433 10
19 613 9
19 39 9
20 899 10
20 347 1
20 295 1
20 266 1
20 260 4
20 455 6
20 234 7
20 407 9
20 967 6
20 199 7
20 182 4
20 178 5
20 161 9
20 153 8
20 809 8
20 90 3
20 922 10
20 981 10
20 926 6
20 49 2
20 40 8
20 27 6
20 26 5
20 823 8
21 350 3
21 227 10
21 116 5
21 27 7
22 362 9
22 412 3
22 659 4
22 215 4
22 683 10
22 194 4
22 577 7
22 971 3
22 86 5
22 72 8
22 733 10
23 372 9
23 366 9
23 348 4
23 792 2
23 653 3
23 894 6
23 974 8
23 119 3
23 674 1
23 100 7
23 812 1
23 68 1
23 60 4
23 735 3
23 36 5
23 834 3
24 66 5
25 668 2
25 110 4
26 346 9
26 809 5
26 426 4
26 300 4
26 295 5
26 421 7
26 271 4
26 259 6
26 224 6
26 970 2
26 193 7
26 718 9
26 142 10
26 70 8
27 227 10
27 425 9
27 116 8
27 89 2
27 427 8
28 762 3
28 533 5
28 277 4
28 268 10
28 212 6
28 483 1
28 944 10
28 538 3
28 71 4
28 404 5
28 55 8
28 36 4
28 33 7
29 896 8
29 550 8
29 718 10
29 157 10
30 717 2
30 388 3
30 666 9
30 770 8
30 335 3
30 287 7
30 39 9
30 592 1
30 513 2
31 151 1
31 907 7
32 675 5
32 870 1
32 728 6
32 84 2
33 593 3
33 374 8
33 292 5
33 277 9
33 917 2
33 172 10
33 887 6
33 620 3
33 129 5
33 101 1
33 99 4
33 815 10
33 36 3
33 608 8
33 424 1
34 210 2
34 144 5
34 478 9
35 369 7
35 258 5
35 476 7
35 482 2
35 197 8
35 131 4
35 935 1
35 40 6
35 989 8
36 365 4
36 345 8
36 298 6
36 524 7
36 904 10
36 732 9
36 100 5
36 512 9
37 454 7
37 92 4
37 67 5
37 672 7
39 704 6
39 152 6
39 839 8
40 369 2
40 676 3
40 307 2
40 288 9
40 850 1
41 293 10
41 263 5
41 572 7
41 210 1
41 955 3
41 79 8
41 48 8
42 394 2
42 428 7
42 344 3
42 296 4
42 280 10
42 546 7
42 201 10
42 812 1
42 135 6
42 91 4
42 77 1
42 76 4
43 236 5
43 174 9
44 895 9
44 436 9
44 338 1
44 859 2
44 306 5
44 595 5
44 186 5
44 820 3
44 553 4
45 223 9
45 96 9
45 94 5
46 804 6
46 383 2
46 323 10
46 321 6
46 317 1
46 304 6
46 773 8
46 521 10
46 260 1
46 861 9
46 139 4
46 97 3
46 90 8
46 64 3
47 448 2
47 243 4
49 435 5
49 289 3
49 182 1
49 150 5
50 770 9
50 158 8
50 75 4
51 401 5
51 391 9
51 390 5
51 361 5
51 692 5
51 930 7
51 453 4
51 148 3
51 147 2
51 97 3
51 766 3
51 811 9
51 53 7
51 883 7
52 231 5
52 760 7
53 479 2
53 159 3
53 122 6
53 112 6
53 105 2
53 64 2
55 490 3
56 305 9
56 994 4
56 719 7
56 95 5
56 86 7
56 907 4
56 58 10
57 409 7
57 932 3
57 548 10
57 264 10
57 528 6
57 403 7
57 437 4
57 101 5
57 99 10
57 671 8
57 835 8
58 901 10
58 63 8
59 960 4
59 176 8
60 892 6
60 280 7
60 828 4
60 91 10
60 81 7
61 355 1
61 481 5
61 720 9
61 189 8
63 393 3
63 313 1
63 901 4
63 789 6
63 577 2
64 390 9
64 856 3
64 804 10
64 640 6
64 309 3
64 294 6
64 849 2
64 261 5
64 251 10
64 239 6
64 238 8
64 987 1
64 106 7
64 97 8
65 198 7
65 662 7
68 100 1
68 586 1
68 712 1
69 308 7
69 301 7
69 900 6
69 510 10
69 1000 4
69 82 5
69 619 5
70 880 3
70 347 6
70 295 10
70 113 6
71 538 2
71 642 3
72 362 6
72 215 10
72 730 8
72 938 5
72 491 6
72 451 6
73 285 10
73 243 8
73 419 2
73 167 2
73 143 1
74 248 1
74 543 6
74 125 2
74 88 6
74 841 4
74 744 8
75 831 6
75 103 5
75 661 8
76 546 4
76 77 6
78 331 2
79 381 2
79 872 2
82 322 4
82 220 2
82 763 7
83 162 8
84 675 4
84 507 9
85 647 7
86 363 6
86 502 6
86 177 7
86 114 7
86 535 2
87 168 10
88 618 9
88 266 5
89 644 7
89 124 1
90 991 1
90 321 7
90 260 1
90 470 1
92 617 9
93 697 8
93 615 10
93 168 7
94 859 5
94 339 5
95 794 9
96 128 9
97 439 5
97 325 4
97 408 9
97 309 1
97 205 3
97 164 9
97 130 5
97 120 6
98 279 7
98 684 5
99 315 3
99 286 1
99 437 5
99 101 9
99 494 6
100 345 8
100 904 4
100 154 8
101 354 4
101 698 7
101 917 2
101 264 8
101 409 3
101 465 1
103 643 6
105 699 6
106 391 4
106 766 3
106 605 4
106 213 5
106 136 7
106 905 6
107 211 3
108 997 1
108 145 7
109 488 9
110 312 6
110 190 1
111 330 5
111 968 9
112 391 4
112 664 10
112 605 5
113 342 3
113 240 10
113 463 5
113 218 2
113 629 2
113 736 5
114 305 7
114 502 1
114 652 10
114 535 2
114 149 2
115 547 6
115 191 4
115 750 3
117 661 6
117 269 8
117 196 7
117 158 10
118 834 2
119 372 6
119 532 1
119 747 10
119 586 8
120 294 5
120 274 9
120 262 8
120 261 5
120 673 8
120 238 8
120 130 2
120 515 4
120 583 7
120 677 4
121 235 2
122 796 1
122 787 4
122 804 4
123 611 7
125 185 8
125 841 6
125 618 2
126 370 6
127 382 4
127 729 10
127 284 8
127 962 9
128 420 2
128 283 6
128 889 1
128 469 8
128 223 7
128 722 1
129 634 5
129 374 9
129 336 1
129 742 2
129 824 3
129 941 7
130 439 3
132 670 6
132 153 3
134 333 8
134 440 7
135 797 6
135 687 3
135 216 10
135 674 4
135 828 7
136 663 6
136 214 1
136 485 6
136 147 2
136 948 6
136 444 4
137 774 9
138 947 7
141 958 10
142 346 10
142 699 5
143 357 2
143 356 6
143 167 9
144 503 10
144 183 5
145 684 3
145 226 8
146 782 3
146 578 5
147 361 8
147 251 8
148 597 7
148 506 4
149 252 7
149 194 1
150 360 3
150 517 1
151 907 5
152 472 4
152 179 7
154 372 9
154 532 6
156 332 2
156 984 6
156 231 1
156 769 8
158 554 8
159 521 10
160 730 4
160 822 1
161 899 2
163 547 1
164 677 3
164 262 5
164 205 2
164 583 8
164 645 9
165 529 1
165 993 6
167 384 4
167 356 2
167 893 10
171 792 9
171 843 2
171 687 8
172 281 4
175 859 1
176 960 1
176 434 9
176 459 9
177 228 10
177 202 10
177 601 10
178 517 9
178 552 8
178 691 10
178 972 9
179 472 3
179 665 10
179 737 9
180 401 3
181 197 8
181 786 2
182 741 3
183 503 9
183 192 5
183 975 7
185 618 6
186 607 3
186 877 5
189 334 8
189 415 5
189 598 5
190 422 2
191 557 9
193 580 8
193 319 3
193 304 4
193 565 6
193 253 7
193 986 1
196 966 5
196 269 9
196 708 8
197 288 4
197 850 10
198 794 2
198 802 10
198 641 10
199 902 2
199 552 1
199 267 9
201 398 5
201 257 5
202 821 4
202 228 5
202 731 1
202 755 1
203 373 9
203 320 2
203 300 2
203 271 7
203 723 1
204 784 3
206 575 6
206 836 2
209 734 2
209 701 5
211 278 6
211 826 3
211 467 8
212 404 2
212 533 6
212 867 9
215 626 6
215 545 1
215 868 5
216 812 10
218 397 9
218 431 9
218 736 4
218 869 3
220 510 5
221 813 4
222 245 7
223 722 4
223 471 1
223 864 9
223 950 8
226 418 8
228 731 9
229 983 6
231 840 5
231 332 10
231 791 9
231 498 9
233 697 2
234 407 5
237 463 6
237 508 2
237 751 3
238 302 1
238 270 9
239 309 9
241 247 2
242 291 3
242 866 2
243 392 8
243 353 9
243 549 5
243 458 5
243 461 7
246 765 5
246 700 2
247 925 8
247 303 6
247 848 8
247 651 5
249 351 9
249 423 3
250 522 4
250 492 3
251 758 3
251 453 3
254 371 8
254 299 10
254 272 2
254 612 10
254 646 1
256 312 7
256 511 6
257 398 6
257 681 7
257 344 10
257 653 9
257 429 7
261 352 2
263 457 8
263 527 10
263 844 5
264 854 1
264 465 3
266 543 6
266 967 6
267 691 1
270 711 7
270 677 5
271 970 1
272 427 6
273 991 7
274 673 4
275 386 4
275 569 1
276 734 9
277 292 4
278 830 5
280 797 8
281 514 6
281 591 9
281 635 6
282 648 2
283 420 6
283 996 5
283 864 3
283 411 4
284 910 7
285 886 2
285 353 1
286 315 6
288 850 3
289 888 10
290 771 5
290 873 5
290 406 1
291 748 4
291 866 7
291 977 5
292 887 8
292 608 7
298 836 7
298 904 2
299 612 2
303 519 9
304 627 5
305 539 2
305 556 5
305 341 4
305 623 5
306 464 2
307 713 4
307 436 6
307 820 4
308 647 2
310 858 5
314 388 8
314 613 2
314 340 7
315 343 1
317 323 7
317 319 3
318 679 4
319 842 10
320 723 7
321 847 4
322 622 10
325 380 6
325 640 8
325 328 3
325 589 6
326 628 8
326 446 2
327 898 3
328 495 8
330 606 4
331 538 2
332 984 7
332 484 7
332 509 6
334 355 6
337 351 8
337 438 7
337 531 4
337 423 10
338 989 9
341 851 2
341 686 6
343 403 3
344 394 1
344 429 6
345 712 9
348 685 5
352 561 7
354 638 2
354 846 7
354 409 2
356 384 6
357 882 7
359 458 4
360 562 5
363 686 4
363 587 10
363 567 10
363 576 6
366 606 5
366 746 5
368 884 7
368 520 4
368 457 6
369 489 6
369 995 6
377 932 10
377 604 6
379 715 3
379 680 1
380 640 6
383 911 7
383 479 4
384 430 6
384 474 10
385 522 7
385 492 4
387 807 6
388 914 10
388 571 6
388 405 10
389 788 4
390 930 7
391 811 7
391 664 10
391 766 10
396 660 9
397 749 5
399 570 8
400 416 3
404 432 3
404 614 2
404 867 9
405 571 5
405 914 6
407 508 8
407 926 7
408 597 2
408 772 5
409 449 4
411 469 3
411 783 3
411 420 4
412 733 1
413 423 9
413 493 9
415 752 5
415 838 2
420 783 5
420 542 1
423 531 7
424 815 1
425 745 7
425 756 4
426 475 6
432 614 7
434 633 7
435 678 7
436 442 1
437 604 10
437 795 1
438 493 5
439 456 9
439 487 1
439 654 10
441 499 4
442 602 5
445 724 1
449 800 4
449 669 9
451 701 4
458 806 2
460 581 9
460 878 3
460 866 9
465 835 9
465 854 5
471 864 7
472 781 1
472 665 9
474 893 9
477 643 8
478 860 4
480 939 7
481 720 6
484 498 4
484 509 6
486 714 3
486 547 10
487 654 1
489 658 1
489 995 2
489 985 1
490 742 10
500 818 2
503 975 1
505 579 8
509 840 8
510 619 8
511 621 2
512 836 10
513 592 9
514 635 7
515 814 10
516 775 10
520 694 2
521 852 2
522 827 2
524 767 6
526 743 8
528 776 10
530 669 4
535 652 1
535 851 9
535 855 3
537 582 5
538 642 9
539 768 10
539 891 5
540 630 5
540 882 4
545 626 2
547 714 2
548 835 8
549 886 10
552 574 1
552 780 1
555 860 5
556 587 10
556 863 2
556 576 1
558 590 4
560 624 2
562 678 6
563 598 6
567 768 2
568 697 5
572 779 1
574 780 8
578 782 7
580 927 7
580 986 8
585 655 5
586 894 4
587 863 1
589 637 2
591 682 10
600 768 7
601 821 10
601 731 2
604 795 2
604 932 3
605 808 2
606 700 6
610 689 7
616 756 10
616 632 6
624 670 4
624 823 2
625 694 8
630 952 4
640 817 2
649 857 8
651 942 8
653 681 8
658 995 10
660 695 1
661 966 7
661 831 10
662 727 10
662 890 5
674 687 5
686 964 2
686 906 4
692 754 2
708 966 2
714 963 3
719 903 5
719 898 10
721 858 10
722 757 4
723 865 4
726 979 8
730 938 10
742 824 8
744 967 2
745 915 4
748 977 9
752 838 1
771 873 1
778 849 4
781 874 3
785 846 10
792 843 4
794 802 9
804 987 3
810 929 9
815 887 2
820 895 4
824 941 1
824 957 8
841 876 6
853 990 7
853 861 1
864 951 8
920 921 8
936 969 8
978 990 9
