1000 1197
5 30 83 1 19 51 73 85 16 23 71 42 95 95 16 93 79 76 16 39 46 32 46 51 70 80 43 91 78 5 7 54 14 56 48 71 86 81 17 22 78 27 7 68 62 39 42 3 23 7 8 11 82 52 47 97 99 99 4 96 17 78 42 16 31 92 55 89 11 78 19 56 25 53 77 8 19 70 96 86 57 83 79 29 40 49 29 37 64 71 79 50 52 54 73 96 43 2 26 88 81 41 26 38 23 83 70 67 28 57 13 100 89 55 80 53 74 34 81 87 23 7 79 87 20 96 86 21 7 22 30 37 16 66 43 63 83 63 88 29 75 62 84 47 30 32 3 44 26 20 37 39 41 68 69 89 32 26 76 83 88 20 10 1 79 25 79 47 76 100 47 30 86 6 75 14 41 1 62 28 68 84 55 66 81 30 32 15 7 75 4 87 10 25 41 61 71 85 50 29 23 72 22 25 68 84 72 9 98 76 77 10 55 95 77 75 67 26 19 68 48 60 41 12 33 89 57 100 72 72 13 60 82 59 25 83 29 5 18 93 1 20 15 45 93 92 78 73 26 67 27 88 17 99 65 68 57 35 52 85 20 65 26 1 71 15 77 30 29 2 22 31 72 4 10 14 87 46 3 19 76 65 6 85 26 82 15 18 77 32 11 20 88 55 81 25 36 94 38 21 83 81 7 84 61 17 96 30 30 72 93 54 61 95 35 80 47 10 34 23 30 47 43 95 90 4 73 33 74 5 69 36 86 82 90 53 49 86 81 33 38 50 87 63 37 64 99 22 58 25 19 86 71 93 1 41 28 29 11 12 46 34 23 10 42 95 40 50 10 71 67 54 40 77 30 78 27 5 60 24 70 16 28 83 96 29 77 25 30 17 41 25 91 37 22 82 35 9 79 11 63 55 95 79 56 4 29 19 90 44 31 67 96 43 71 58 80 70 15 89 1 21 98 14 80 97 31 3 23 63 16 75 44 58 64 91 68 19 81 2 72 82 78 6 69 92 29 19 45 31 56 26 34 9 87 33 51 7 88 73 5 84 56 76 40 90 15 20 2 77 32 80 31 46 100 87 23 67 82 1 18 99 16 75 56 32 39 82 65 21 69 59 22 88 71 21 12 63 5 64 87 40 99 5 11 31 11 19 57 11 90 48 56 84 90 29 20 44 16 17 53 69 35 97 90 46 15 82 13 42 100 12 85 29 12 82 71 30 99 97 76 11 47 100 37 70 96 10 13 82 80 13 95 61 81 34 61 61 62 56 100 11 55 76 32 25 76 34 80 34 37 18 53 25 51 51 92 30 72 36 51 39 54 37 14 69 58 93 8 6 64 74 83 8 76 11 39 8 45 21 19 7 45 34 42 3 20 10 88 31 47 9 62 26 28 72 88 73 77 17 51 7 12 10 27 86 6 30 16 12 88 34 22 28 20 91 70 23 85 81 58 9 15 47 31 40 90 29 45 31 99 61 16 46 45 46 16 33 71 10 71 23 31 97 90 3 84 57 70 44 73 86 10 87 52 76 53 78 94 24 33 26 34 20 16 26 38 79 12 23 91 3 39 53 47 17 35 84 46 92 32 74 94 2 48 7 79 44 85 6 33 43 30 74 13 16 15 55 80 41 75 19 84 25 73 16 16 65 12 53 42 19 53 48 25 7 61 97 7 18 17 100 24 84 40 11 94 18 11 68 84 15 38 63 17 26 66 18 18 55 24 49 66 65 63 73 16 81 6 41 67 4 95 70 1 11 98 95 45 40 10 2 33 67 49 46 2 58 65 5 37 52 2 32 40 30 11 99 56 28 28 56 75 46 71 42 26 53 78 40 44 85 15 35 100 6 71 71 22 66 12 41 100 61 43 18 70 21 40 53 9 60 18 54 12 79 5 44 24 73 11 24 9 91 29 51 61 60 84 73 55 84 92 7 90 59 90 46 78 18 75 60 78 73 31 65 89 11 91 83 76 30 29 28 79 38 43 67 84 44 69 30 95 59 27 62 34 60 61 93 77 28 27 38 71 79 89 97 7 47 31 85 93 88 95 80 34 13 60 76 12 47 44 62 70 32 11 50 15 28 47 20 11 1 21 11 95 94 71 53 85 18 59 57 67 25 46 64 16 8 22 51 100 59 59 10 73 88 89 82 21 97 30 63 50 100 41 95 10 66 11 10 28 73 80 3 82 22 53 33 52 22 67 47 85 33 21 51 34 66 23 87 17 39 25 46 60 10 27 66 35 95 68 71 54 74 91 28 20 70
1 663 5
1 995 6
1 333 3
1 822 2
1 827 5
1 703 7
1 260 7
1 454 1
1 242 10
1 409 10
1 183 6
1 182 3
1 165 9
1 652 8
1 477 2
1 123 4
1 110 4
1 887 1
1 101 2
1 727 6
1 80 3
1 680 2
1 21 1
1 835 5
1 9 9
1 3 8
1 2 8
2 398 4
2 981 4
2 486 9
2 968 7
2 904 2
2 295 3
2 287 2
2 915 7
2 256 8
2 255 6
2 223 1
2 731 1
2 796 10
2 174 10
2 171 2
2 940 1
2 168 5
2 584 7
2 107 8
2 811 5
2 77 4
2 53 9
2 571 9
2 609 9
2 22 7
2 19 2
2 8 2
3 393 7
3 857 5
3 925 4
3 981 9
3 840 3
3 140 10
3 136 10
3 100 3
3 70 2
3 60 1
3 35 1
3 17 9
3 16 10
3 12 2
3 10 4
3 8 2
3 6 4
3 4 6
4 741 5
4 365 2
4 646 10
4 349 2
4 342 6
4 911 10
4 337 5
4 303 9
4 503 1
4 285 3
4 742 8
4 196 6
4 193 8
4 169 5
4 167 8
4 148 8
4 143 8
4 118 6
4 114 2
4 760 8
4 105 3
4 768 1
4 100 1
4 95 9
4 73 5
4 67 9
4 63 5
4 23 10
4 22 5
4 12 10
4 9 9
4 7 9
4 834 6
5 390 4
5 386 5
5 627 9
5 368 2
5 363 6
5 362 9
5 454 8
5 501 1
5 563 5
5 469 6
5 443 1
5 753 5
5 235 9
5 223 7
5 217 2
5 208 6
5 533 6
5 183 4
5 599 4
5 149 3
5 602 6
5 835 8
5 884 7
5 119 3
5 118 9
5 653 6
5 104 3
5 545 4
5 893 10
5 88 5
5 81 7
5 45 9
5 793 7
5 11 3
6 700 8
6 864 7
6 670 4
6 199 5
6 478 8
6 161 2
6 135 3
6 72 9
6 664 1
6 889 8
6 19 9
7 364 7
7 354 7
7 313 10
7 462 2
7 888 5
7 240 4
7 236 5
7 211 4
7 619 5
7 74 5
7 54 3
7 49 2
7 457 2
7 476 1
7 9 1
8 19 3
9 488 2
9 462 5
9 252 3
9 165 1
9 828 1
10 679 2
10 388 6
10 575 8
10 546 5
10 241 9
10 192 7
10 729 8
10 146 8
10 121 4
10 419 4
10 26 3
10 715 8
10 17 7
10 12 1
11 550 5
11 926 2
11 703 5
11 797 4
11 584 7
11 254 5
11 944 5
11 142 1
11 124 4
11 509 1
12 808 2
12 298 4
12 698 8
12 177 8
12 108 8
12 411 8
12 30 7
12 24 5
12 15 8
12 14 1
13 967 4
13 318 10
13 317 5
13 704 9
13 556 2
13 270 2
13 725 10
13 497 5
13 18 7
13 17 3
13 857 5
14 411 5
14 480 10
14 356 6
14 642 8
14 505 6
14 62 4
14 60 5
14 613 3
14 707 4
14 16 10
15 978 1
15 405 5
15 766 4
15 230 10
15 133 6
15 68 10
15 50 2
15 31 5
15 30 2
15 24 1
16 349 4
16 776 7
16 872 1
17 391 10
17 529 9
17 137 4
17 39 9
17 414 2
17 18 8
18 425 9
18 391 1
18 192 1
18 137 8
18 75 10
19 486 2
19 590 2
20 466 5
20 514 4
20 715 4
20 510 8
20 115 7
20 75 2
20 39 3
20 425 2
21 775 10
21 309 10
21 481 7
21 601 10
21 28 5
22 864 7
22 939 5
22 351 3
22 324 10
22 934 5
22 307 5
22 576 1
22 224 7
22 924 2
22 107 4
22 53 2
22 41 8
22 685 10
22 23 1
23 392 10
23 224 4
23 442 9
23 163 9
23 114 3
23 87 3
23 77 5
23 73 6
23 56 7
23 36 4
23 34 4
23 412 3
24 826 4
24 387 1
24 600 4
24 355 2
24 348 1
24 637 9
24 936 5
24 323 3
24 845 3
24 470 5
24 855 6
24 693 1
24 253 3
24 209 7
24 204 3
24 147 5
24 984 2
24 120 8
24 61 10
24 59 3
24 27 6
25 462 2
26 354 7
26 294 9
26 236 9
26 991 5
26 739 6
26 841 9
26 112 9
26 440 6
27 359 5
27 356 10
27 708 4
27 262 3
27 258 4
27 441 1
27 98 4
27 500 2
27 64 6
27 59 1
27 639 1
28 309 7
28 288 1
28 222 9
28 481 3
28 699 10
29 491 4
29 598 9
29 751 3
30 204 6
30 151 1
30 97 5
31 306 1
31 201 4
31 197 5
31 191 6
31 134 1
31 131 4
31 125 8
31 122 6
31 92 9
31 86 3
31 68 7
31 64 2
31 899 6
32 367 2
32 854 1
32 298 10
32 682 10
33 648 8
33 966 4
34 366 3
34 977 9
34 289 10
34 859 4
34 720 3
34 93 2
34 69 9
34 36 7
35 917 7
35 372 9
35 987 1
35 650 3
35 772 4
35 136 1
35 700 1
36 319 5
36 816 2
36 261 10
36 814 3
36 163 9
36 69 4
37 303 8
37 119 9
37 118 9
38 383 10
38 697 9
38 796 4
38 308 3
38 873 9
38 455 8
38 527 9
38 172 7
38 993 1
38 144 7
38 135 6
38 128 5
38 99 9
38 84 9
38 82 7
38 53 2
39 358 8
39 572 6
39 48 10
40 233 3
40 603 2
40 223 5
40 44 8
41 375 1
41 144 2
41 90 9
41 612 8
41 521 5
42 632 5
42 280 1
42 221 4
42 209 1
42 544 3
42 59 8
43 531 6
43 825 9
43 233 3
43 534 4
43 142 9
44 761 3
44 825 4
44 534 9
45 769 9
45 768 4
45 111 6
45 955 7
46 334 10
46 518 10
46 152 5
46 124 4
47 397 4
47 428 6
47 238 4
47 482 6
47 154 1
47 551 6
47 102 3
47 88 6
47 57 1
48 658 2
48 683 4
49 498 4
49 722 4
49 423 9
49 446 1
49 184 5
49 132 5
49 112 4
49 109 6
49 728 5
49 78 10
49 52 1
50 298 3
51 204 8
52 830 8
52 339 5
52 244 5
52 218 2
52 186 7
52 184 3
52 778 5
52 920 7
52 65 3
53 360 6
53 862 3
53 691 6
53 292 2
53 519 3
53 91 5
53 553 2
53 82 1
53 535 4
53 578 4
55 228 1
55 664 1
55 190 8
55 185 2
55 161 3
55 144 4
56 341 6
56 649 1
56 412 7
56 474 3
56 87 8
56 79 3
58 725 2
58 244 3
58 117 8
58 905 10
58 471 5
58 65 9
58 448 4
59 708 4
59 326 7
59 821 10
60 400 9
60 460 1
60 613 10
60 452 9
60 907 2
60 629 4
60 89 8
60 85 6
60 71 4
60 66 8
61 792 8
61 323 4
61 512 6
61 899 10
61 845 8
61 843 3
61 444 9
61 145 5
61 139 5
62 891 8
63 445 8
63 468 3
63 227 3
63 196 3
63 178 6
63 971 4
63 146 5
63 732 9
64 304 10
64 131 10
64 538 8
65 347 9
65 471 1
65 866 6
65 754 3
66 452 6
66 284 8
66 251 7
66 158 9
66 460 1
66 71 5
66 850 6
66 450 3
67 904 4
68 978 6
69 726 3
69 976 9
69 83 4
69 79 4
70 875 8
70 502 10
70 199 1
70 975 5
70 517 9
71 460 9
71 418 1
72 670 2
73 346 4
73 311 4
73 954 6
73 523 1
73 214 8
73 690 4
73 143 6
73 114 2
73 77 2
73 929 10
73 896 2
74 364 9
74 577 3
74 110 6
75 715 2
76 113 7
78 293 8
78 457 10
79 319 4
79 726 10
79 737 9
80 449 10
80 104 7
80 101 8
80 824 7
80 908 4
82 919 5
82 484 2
82 820 9
82 972 1
82 536 9
84 99 7
84 915 5
85 788 5
86 594 5
86 191 10
86 125 4
86 120 6
87 261 8
87 412 9
87 116 8
88 615 9
88 397 5
88 283 4
88 636 5
88 141 4
88 551 3
89 963 9
89 479 8
90 864 6
90 539 5
90 229 8
90 870 2
90 157 8
90 126 4
91 919 7
91 274 1
91 820 4
91 536 8
92 733 8
92 470 4
92 765 9
92 248 7
92 237 9
92 444 3
93 370 8
94 355 7
94 708 3
95 483 6
95 285 6
96 119 10
97 734 10
98 642 1
98 262 6
98 494 9
99 276 10
99 723 8
99 960 2
100 381 9
100 349 6
100 692 2
101 374 1
102 543 4
102 203 9
102 469 9
102 148 6
102 506 4
102 461 2
105 696 8
106 257 3
106 725 3
106 176 1
108 411 1
108 505 7
109 184 8
110 740 7
110 219 8
111 615 7
111 927 10
111 636 8
111 202 1
111 127 1
112 498 2
112 423 6
112 813 7
114 588 6
115 490 1
115 755 10
117 313 9
117 448 2
119 782 9
120 221 3
121 192 8
122 969 2
122 281 1
122 279 3
122 198 5
122 134 2
123 477 8
123 173 9
123 449 1
124 761 4
124 327 6
124 780 4
124 511 6
124 786 3
126 229 6
126 205 1
126 157 8
127 774 10
127 217 8
127 554 1
127 651 10
128 255 1
128 168 9
129 402 7
131 396 7
131 304 5
131 766 8
132 991 10
132 325 3
133 369 6
133 854 2
134 763 3
135 383 6
135 185 4
135 170 8
135 717 3
136 502 9
136 987 8
136 931 5
136 622 9
136 772 9
136 985 8
137 757 3
137 704 6
138 383 7
138 697 3
138 200 4
138 717 7
139 470 7
140 648 3
141 945 8
143 935 10
143 791 3
143 214 8
143 690 3
143 558 7
145 936 8
145 405 3
146 365 2
146 971 4
146 445 7
147 356 1
148 220 2
148 154 7
149 407 1
149 982 1
149 226 6
149 217 9
149 403 3
149 992 8
150 446 3
150 423 1
150 813 8
150 189 9
153 410 1
153 191 8
156 455 8
156 784 2
157 268 1
157 249 10
157 229 3
157 205 7
158 808 2
158 850 2
158 555 6
159 352 8
159 601 6
159 797 5
160 465 2
162 689 4
162 579 7
163 871 6
163 427 9
163 685 7
163 861 9
164 756 6
164 203 3
165 345 10
166 624 9
171 433 1
172 697 9
173 752 4
173 545 10
173 282 2
173 547 5
173 643 6
173 918 9
173 435 8
174 667 10
174 295 9
176 754 4
177 400 8
177 520 4
179 373 10
179 310 7
179 291 7
179 208 4
179 487 5
180 978 2
181 240 4
181 764 9
182 309 5
182 851 10
183 260 5
183 242 5
183 727 1
184 186 6
185 881 6
186 778 7
188 883 1
188 567 2
188 651 6
188 777 7
189 440 3
189 294 4
189 446 1
189 739 10
190 892 1
191 338 8
191 215 9
191 201 6
191 570 8
191 616 6
192 679 8
193 882 3
193 678 2
195 360 10
195 519 9
195 553 4
196 445 3
197 616 4
198 568 1
198 314 3
198 248 1
198 564 10
198 702 2
199 384 5
199 684 5
199 901 7
201 215 7
201 874 5
202 310 8
203 756 1
203 238 7
205 269 4
206 682 2
208 390 2
208 903 2
208 794 8
208 291 7
208 489 10
208 487 7
208 659 1
208 635 4
210 685 10
210 585 6
210 852 8
211 573 7
214 654 10
216 415 6
217 753 10
217 277 6
217 403 4
217 443 9
219 740 2
220 447 10
220 461 6
221 380 4
224 392 4
225 226 1
227 608 5
227 546 3
228 593 3
228 666 1
228 521 8
230 538 8
230 304 3
231 447 9
231 543 3
232 945 2
233 638 6
234 270 2
236 476 4
236 991 10
237 305 10
237 496 1
237 279 3
238 675 9
238 300 10
240 779 8
240 655 4
241 546 2
241 956 1
242 727 9
242 333 10
242 793 7
244 583 10
245 448 7
247 293 8
250 661 5
251 284 8
252 828 4
254 382 4
254 645 3
254 334 7
255 276 1
255 265 5
255 256 10
255 472 7
255 914 7
258 263 2
258 485 9
258 639 5
260 436 3
260 389 9
260 435 2
262 359 3
262 480 9
264 744 8
264 508 7
264 332 9
264 516 5
264 623 10
265 276 10
265 723 5
266 311 9
268 983 7
268 269 4
269 611 9
271 451 10
271 628 3
272 328 2
276 439 6
277 566 2
277 587 5
277 554 10
278 968 3
280 330 8
280 706 8
281 568 7
282 389 2
285 863 6
285 849 10
285 711 4
288 680 7
290 687 4
292 535 1
294 841 2
295 667 3
296 415 2
299 369 8
299 491 7
300 838 6
300 675 10
301 355 6
302 559 10
302 536 5
303 760 6
305 647 9
308 360 5
308 618 9
308 873 5
310 362 6
310 893 3
313 420 1
314 724 2
316 611 6
316 565 3
319 726 10
321 482 9
326 821 2
326 706 8
329 804 5
330 668 7
331 847 10
331 924 2
332 451 10
332 628 7
332 508 8
333 793 7
339 830 8
339 583 9
342 876 5
342 606 3
342 475 1
342 863 9
342 483 3
342 646 3
343 442 7
344 576 1
348 662 2
349 385 1
349 692 4
350 911 9
354 476 1
358 378 4
358 425 3
358 431 2
358 572 8
359 480 3
359 938 7
360 519 8
360 947 8
361 869 10
362 401 2
362 806 4
362 429 2
363 884 8
368 469 4
369 751 10
369 973 8
370 976 9
373 586 5
373 848 1
375 892 8
375 686 8
378 959 4
379 729 3
381 815 3
382 560 10
387 549 10
389 540 7
389 435 1
390 417 3
391 529 6
392 427 2
393 663 5
394 458 4
394 703 1
396 714 5
397 803 4
400 629 7
400 562 7
401 806 7
402 660 3
404 553 7
404 691 10
405 936 7
407 844 8
407 777 2
407 567 2
410 570 2
411 604 9
412 474 2
414 658 1
417 903 8
421 749 3
424 566 8
424 819 2
424 676 9
425 431 4
425 434 2
426 542 5
428 551 4
429 880 5
430 508 9
431 434 9
432 532 10
432 853 9
432 522 8
432 665 5
433 463 1
433 811 10
434 879 3
435 436 1
438 459 3
439 617 4
440 728 9
441 941 6
441 878 8
443 753 10
447 461 10
449 999 7
451 958 3
452 473 3
453 814 10
454 827 7
454 994 6
454 835 9
454 464 7
456 811 8
461 937 9
461 906 2
461 928 3
464 522 10
464 626 10
467 783 9
468 732 10
471 905 8
472 721 4
474 649 4
477 999 5
477 758 4
477 610 9
478 700 9
478 614 3
479 788 5
481 492 1
482 769 6
483 863 1
486 590 1
487 839 6
487 750 5
489 979 10
490 755 5
490 823 5
490 932 3
495 510 7
495 823 4
498 499 10
502 799 4
502 931 2
507 544 2
508 773 1
509 807 4
510 932 4
511 518 6
512 792 10
515 832 2
515 965 3
515 618 8
516 744 6
517 799 7
521 666 3
522 532 9
523 641 4
523 558 8
528 879 5
529 757 6
536 820 4
540 877 5
542 704 6
545 547 10
545 681 4
547 681 6
549 693 6
552 580 7
553 862 9
555 898 3
558 654 2
558 801 6
566 676 9
566 980 10
573 846 9
579 662 6
579 689 7
582 631 1
585 589 4
588 865 10
593 892 5
595 928 3
596 721 3
597 630 6
599 918 8
601 818 4
602 974 2
608 624 7
618 832 4
621 759 2
621 711 1
622 650 3
622 840 2
624 736 1
634 803 9
635 794 3
641 805 4
641 654 2
645 780 5
645 786 10
647 771 5
650 772 2
670 962 10
672 808 3
672 898 6
674 741 8
675 838 3
678 776 3
680 699 10
713 908 7
724 969 1
735 868 1
737 746 8
741 943 10
743 783 6
755 950 5
755 860 4
758 999 3
770 787 7
770 831 6
770 993 9
772 987 1
780 798 8
810 966 10
812 913 8
820 930 1
831 993 7
847 924 6
847 951 7
849 896 6
850 923 6
860 950 4
864 870 8
864 964 7
870 964 9
878 941 2
906 910 9
982 992 4
