1000 1197
5 18 53 82 50 85 65 20 24 70 26 7 3 66 54 8 67 11 87 79 7 65 69 49 79 57 57 13 48 88 66 68 93 48 1 84 25 63 52 48 90 14 90 84 17 74 26 22 13 88 3 5 42 82 24 35 40 33 60 52 62 98 13 5 50 43 27 32 30 9 89 91 56 99 4 28 24 64 21 95 56 49 61 60 60 5 8 6 77 35 27 81 96 98 48 48 89 11 60 34 81 52 86 7 31 77 10 74 39 5 61 98 5 40 52 100 49 8 24 2 25 57 45 76 88 56 29 99 20 25 65 3 97 3 29 57 25 93 46 9 57 94 83 74 48 4 72 12 26 90 74 7 28 94 11 45 32 96 57 98 82 15 11 27 37 42 60 79 16 73 70 77 52 55 87 60 28 25 94 41 75 43 92 73 75 64 86 58 74 52 35 49 16 81 83 11 58 59 71 3 17 15 42 93 16 89 73 46 76 95 84 4 7 28 74 94 11 64 28 27 37 15 39 92 99 35 26 4 75 57 84 43 69 39 84 10 53 82 32 99 36 79 53 88 42 61 18 72 78 67 73 7 30 40 94 3 15 30 29 8 61 71 32 79 98 86 96 41 40 90 28 92 93 78 57 61 47 39 28 15 71 63 65 86 81 35 93 7 80 63 99 27 61 47 43 38 59 4 22 58 62 42 46 39 72 65 97 69 63 31 72 87 52 64 22 31 70 55 2 1 23 3 21 29 78 58 27 99 42 69 100 21 75 37 90 45 85 61 77 81 7 87 82 42 51 75 32 62 40 86 50 96 73 1 54 99 57 6 85 76 80 58 98 4 95 30 75 45 62 50 31 56 52 1 83 27 19 13 87 4 77 78 4 88 17 21 43 80 78 58 38 93 5 65 45 11 71 66 6 85 67 27 79 83 71 34 34 74 61 41 51 4 16 41 47 45 71 89 77 87 8 6 78 82 44 76 67 56 26 98 45 85 50 57 84 22 19 75 4 47 17 43 59 59 49 97 64 56 60 73 19 20 35 80 85 25 79 16 80 95 12 95 99 27 77 98 30 33 17 63 12 55 52 39 84 78 22 24 43 88 37 78 100 3 61 13 2 95 26 65 47 2 52 55 4 60 14 67 34 21 55 14 17 45 60 77 88 58 83 100 29 82 57 13 29 14 61 52 62 30 97 60 92 36 24 5 60 95 30 18 85 81 54 29 66 78 26 84 51 3 11 16 52 34 14 40 34 34 65 51 15 36 66 87 80 26 14 8 10 73 37 91 80 80 80 54 41 82 22 1 90 92 50 58 82 28 2 83 37 39 83 8 10 38 59 96 60 14 69 16 54 47 39 76 39 20 20 93 65 45 41 87 43 99 28 8 82 37 75 38 72 30 74 75 80 23 12 89 95 87 77 24 51 93 95 92 20 66 22 90 44 51 29 67 40 87 55 23 20 89 73 82 6 56 75 44 63 33 18 77 27 41 29 25 16 82 51 55 4 93 42 41 50 85 28 16 64 8 37 32 51 63 49 9 2 19 78 9 49 92 63 50 3 66 33 43 22 19 68 25 15 93 49 28 92 53 13 42 91 32 67 85 100 24 34 77 43 68 93 88 93 46 82 81 20 26 78 74 18 96 28 62 21 70 5 99 91 79 60 46 18 74 49 92 68 26 96 96 73 4 23 87 20 50 62 12 24 62 63 9 21 92 22 49 74 91 76 30 15 7 7 72 26 28 37 68 41 67 27 88 87 99 1 4 27 95 80 26 7 21 29 83 34 28 18 12 33 28 90 96 14 85 71 98 62 63 99 67 84 97 19 100 34 64 21 56 85 100 44 49 96 48 2 9 98 2 80 29 90 32 53 83 17 60 69 28 79 52 8 97 96 69 41 39 9 86 5 34 9 40 56 44 46 67 71 67 38 78 39 2 87 12 87 76 22 40 11 5 12 15 85 15 96 59 23 13 58 61 7 36 62 3 3 95 16 82 21 88 61 78 50 77 72 43 2 30 8 79 43 3 53 20 67 49 61 22 96 93 34 52 94 38 82 84 29 12 96 93 64 77 41 19 94 20 82 12 76 76 55 10 100 51 58 64 71 97 98 21 2 35 52 85 57 4 45 100 20 4 98 11 16 39 74 97 45 74 98 80 52 70 90 11 19 35 91 10 35 56 87 49 91 26 21 71 38 32 67 97 47 79 11 7 10 39 90 37 20 81 73 79 19 69 70 63 93 97 15 18 85 26 35 41 66 32 42 43 32 18 15 31
1 428 5
1 350 5
1 343 1
1 929 2
1 274 9
1 751 1
1 250 9
1 646 7
1 217 7
1 697 7
1 213 8
1 208 1
1 655 6
1 145 4
1 460 2
1 75 9
1 967 7
1 66 1
1 17 2
1 11 7
1 7 6
2 503 5
2 642 8
2 618 2
2 341 5
2 911 9
2 306 9
2 758 10
2 294 4
2 471 10
2 280 3
2 806 1
2 565 9
2 906 2
2 818 5
2 654 4
2 222 3
2 221 3
2 201 2
2 167 9
2 161 2
2 154 10
2 139 3
2 119 7
2 56 10
2 40 5
2 23 6
2 6 2
2 4 9
2 3 8
3 597 6
3 354 1
3 324 5
3 687 1
3 205 3
3 438 9
3 875 3
3 191 10
3 168 6
3 932 4
3 109 3
3 452 7
3 821 1
3 11 5
3 468 8
3 9 3
3 5 6
4 502 4
4 528 8
4 597 7
4 724 9
4 436 2
4 184 7
4 147 10
4 662 4
4 985 10
4 775 2
4 581 1
4 88 7
4 87 5
4 81 3
4 46 2
4 32 7
4 11 4
5 787 7
5 389 3
5 385 7
5 367 3
5 835 10
5 910 4
5 689 6
5 480 3
5 321 5
5 795 4
5 951 1
5 292 6
5 278 3
5 276 3
5 727 2
5 965 7
5 257 4
5 522 8
5 610 6
5 216 9
5 745 5
5 419 8
5 623 4
5 413 1
5 845 2
5 152 1
5 150 5
5 129 6
5 108 3
5 103 4
5 85 8
5 74 6
5 65 7
5 62 3
5 58 3
5 56 10
5 52 7
5 443 4
5 15 4
5 14 10
6 401 4
6 477 3
6 971 4
6 245 9
6 227 1
6 523 6
6 190 1
6 852 5
6 703 2
6 175 3
6 596 5
6 159 8
6 127 8
6 120 1
6 107 5
6 718 6
6 50 9
6 16 9
7 372 1
7 268 9
7 929 7
7 240 1
7 192 9
7 189 9
7 188 2
7 991 5
7 165 7
7 457 9
7 149 8
7 961 9
7 709 8
7 60 6
7 539 8
7 35 3
7 30 1
7 24 6
7 17 3
7 488 5
7 587 8
8 395 10
8 861 8
8 207 3
8 509 2
8 188 3
8 171 8
8 144 7
8 999 9
8 504 7
8 60 9
8 630 8
8 716 4
8 594 4
8 33 1
8 657 1
9 439 8
9 493 5
9 305 1
9 284 7
9 176 5
9 662 7
9 440 1
9 966 3
9 88 3
9 73 7
9 48 2
9 44 1
9 875 3
9 720 9
9 407 7
10 400 2
10 383 8
10 311 9
10 303 3
10 676 6
10 232 5
10 652 2
10 966 4
10 548 2
10 965 3
10 433 10
10 132 1
10 117 8
10 94 3
10 45 5
10 34 6
10 27 7
10 14 3
10 13 6
11 286 10
11 230 3
11 87 4
11 444 8
11 82 3
11 78 4
11 28 9
12 999 10
12 768 1
12 267 7
12 144 2
12 432 10
12 25 9
13 326 2
13 318 8
13 658 9
13 857 6
13 235 4
13 637 10
13 449 4
13 160 8
13 155 4
13 142 4
13 131 8
13 115 3
13 86 8
13 34 3
13 22 8
13 18 4
13 15 5
13 14 4
14 368 9
14 254 3
14 409 6
14 218 2
14 198 7
14 105 9
14 55 8
14 22 10
15 702 1
15 382 3
15 420 1
15 952 5
15 496 6
15 298 4
15 21 5
15 424 10
16 393 4
16 573 3
16 282 8
16 761 3
16 241 4
16 719 10
16 550 7
16 159 4
16 587 4
16 111 7
16 106 8
16 89 8
16 83 9
16 68 2
16 59 1
16 53 1
16 43 8
16 33 5
16 451 9
17 961 7
17 402 8
17 882 2
17 203 8
17 776 9
17 166 10
17 904 3
17 545 3
17 145 7
17 107 6
17 607 7
17 622 3
17 54 10
17 37 2
17 26 10
17 856 4
17 403 2
18 292 8
18 204 2
18 478 8
18 108 8
19 400 4
19 433 1
19 675 2
19 677 2
19 247 2
19 834 9
19 156 1
19 847 9
20 414 5
20 194 10
20 48 6
20 833 8
21 496 3
21 298 6
21 420 2
21 204 9
21 644 10
21 185 9
21 67 10
22 822 5
22 947 5
22 704 4
22 276 5
22 256 10
22 255 10
22 254 4
22 244 1
22 238 6
22 151 8
22 138 8
22 520 10
22 884 3
22 893 5
22 616 7
22 51 2
22 29 3
23 423 2
23 278 6
23 168 6
23 167 10
23 101 4
24 291 6
24 209 5
24 59 7
24 43 9
24 30 10
25 397 1
25 490 7
25 488 6
25 736 1
25 504 3
25 931 10
25 768 9
25 130 1
25 812 10
26 538 4
26 601 1
26 747 3
26 864 4
26 134 4
26 66 9
26 50 1
26 37 2
26 411 9
27 389 10
27 466 8
27 164 1
27 132 10
27 676 9
27 94 2
27 72 10
28 646 6
28 179 5
28 78 4
29 380 10
29 925 7
29 520 2
29 628 6
29 615 9
29 515 9
29 701 9
29 255 8
29 112 7
29 105 7
30 363 9
30 251 1
30 83 5
30 39 1
31 570 10
31 293 4
31 510 4
31 728 2
31 595 7
32 510 9
32 314 4
32 575 9
32 799 8
32 117 7
32 95 9
32 47 6
32 45 4
32 693 1
33 319 3
33 302 7
33 169 4
33 49 8
33 38 2
34 400 9
34 649 6
35 898 8
35 388 9
35 295 3
35 265 8
35 253 9
35 248 8
35 539 1
35 220 10
35 217 8
35 943 5
35 119 4
35 75 7
35 604 9
36 843 7
36 369 2
36 245 5
37 344 9
37 776 3
37 300 10
37 529 8
37 437 4
37 153 9
37 765 1
37 84 6
37 69 1
37 715 4
37 903 9
38 681 6
38 302 6
38 752 7
38 481 9
38 210 10
38 187 2
38 542 4
38 89 9
38 885 10
38 49 5
39 291 3
39 251 6
39 141 4
39 43 10
40 577 5
40 216 7
40 588 4
42 231 2
42 90 1
42 81 6
42 57 6
43 342 1
43 877 7
43 299 3
43 96 5
43 68 1
43 53 10
44 258 1
44 739 10
44 124 2
45 641 8
45 249 10
45 808 3
45 90 10
46 519 8
46 805 10
46 81 4
46 57 5
47 732 5
47 90 2
48 304 4
48 237 6
48 876 6
49 310 7
49 297 6
50 343 3
51 415 1
51 346 10
51 513 4
51 160 2
51 129 8
51 116 4
51 76 9
51 629 6
53 563 6
53 106 7
53 96 5
53 883 9
53 59 2
55 766 7
55 448 8
55 487 8
56 633 4
56 896 10
56 870 5
56 222 7
56 167 8
56 522 2
56 136 9
56 65 9
57 314 5
57 95 7
58 551 9
58 794 1
58 963 5
59 839 10
60 192 3
60 567 3
61 792 9
62 661 1
62 70 8
63 871 8
63 344 3
63 660 4
63 978 3
63 134 7
63 69 6
63 538 9
63 928 1
64 381 7
64 850 9
64 287 3
64 272 10
64 587 5
64 656 1
65 154 8
65 126 4
67 180 9
67 420 2
68 342 5
68 299 7
68 972 3
68 125 5
68 699 3
68 412 2
68 97 1
69 315 9
69 127 7
69 782 10
69 614 2
69 529 3
70 793 3
70 118 8
71 820 2
71 218 6
71 809 1
71 822 3
71 142 9
71 131 7
71 707 3
72 794 8
72 551 6
73 735 7
74 691 5
75 797 8
76 331 6
76 691 2
76 910 2
77 928 8
78 438 5
78 484 4
79 601 5
80 245 7
80 489 1
81 519 9
81 568 7
82 589 2
82 213 6
82 87 10
82 836 6
83 410 4
84 832 4
84 289 4
84 621 1
84 236 8
84 546 3
84 163 4
84 100 3
85 174 2
85 755 10
85 963 4
86 826 6
88 304 2
88 804 1
88 261 7
88 810 9
88 744 7
88 239 9
88 237 3
88 828 2
88 869 7
88 505 8
88 671 3
89 683 6
89 572 2
89 550 1
89 297 6
89 210 9
89 187 8
89 885 5
89 977 5
89 763 3
89 556 8
89 802 1
89 777 10
90 534 3
91 513 9
91 116 6
91 704 5
92 781 3
93 398 1
93 380 3
93 996 4
93 198 10
93 105 1
93 103 4
94 466 4
94 373 6
94 132 4
94 459 8
96 849 1
96 473 8
96 605 2
96 196 2
96 106 7
97 699 1
98 659 2
98 531 5
99 651 4
99 206 6
99 474 6
99 814 2
100 338 9
100 621 4
100 927 4
100 832 10
100 114 9
101 205 7
102 252 3
102 230 1
102 714 10
103 380 2
104 284 6
104 422 10
105 981 5
105 499 3
105 320 3
105 198 9
105 421 10
105 636 2
106 530 3
106 328 10
106 264 8
106 182 3
106 849 7
106 123 3
106 113 9
106 674 2
107 447 6
107 402 5
109 905 7
109 423 10
109 234 7
109 199 7
109 168 9
109 934 10
110 393 1
110 352 8
110 730 2
110 969 4
111 364 10
112 256 7
112 616 5
112 635 1
113 347 2
113 264 8
113 536 8
113 183 5
113 182 7
114 349 3
116 244 3
116 908 5
117 232 6
119 378 4
119 700 5
119 431 10
119 217 8
119 609 7
119 731 5
119 997 2
120 776 1
120 858 5
120 596 7
121 338 8
121 964 5
122 457 6
122 279 10
122 214 4
122 190 7
122 165 4
122 958 1
124 612 8
125 384 4
125 972 5
125 316 7
125 987 6
125 181 8
126 854 9
126 222 10
126 749 6
126 906 1
127 289 1
131 330 10
133 237 9
133 648 3
133 810 8
135 653 7
135 426 4
136 968 9
136 454 6
136 158 2
136 829 7
137 529 10
137 986 5
139 341 5
139 327 2
139 269 10
139 731 3
139 161 8
139 700 3
139 907 4
140 368 3
140 650 7
140 318 2
140 202 3
140 404 7
141 384 1
141 345 6
142 707 3
143 770 10
144 960 2
144 171 4
145 547 9
146 329 4
146 411 7
146 437 5
148 260 9
148 537 8
149 567 10
149 585 7
150 429 8
151 615 1
151 884 2
151 255 8
151 625 3
152 470 6
152 339 9
152 257 6
154 692 9
155 330 7
155 664 5
156 472 1
156 649 2
156 417 6
157 339 1
158 829 5
159 939 2
160 419 10
160 177 9
161 642 10
161 280 6
161 253 1
161 888 9
162 246 9
162 427 4
162 495 4
164 303 5
165 340 9
165 703 4
166 399 9
166 921 4
166 856 6
166 956 4
166 882 3
168 865 5
168 932 6
169 290 2
169 270 10
169 430 4
170 914 7
171 980 10
171 717 1
171 471 1
172 205 4
173 729 1
174 233 7
176 846 4
176 989 9
176 744 3
177 419 9
178 912 1
178 229 10
178 227 10
178 214 7
178 632 9
178 617 3
179 646 10
180 382 6
181 901 9
181 987 9
182 328 2
182 536 6
184 588 7
185 644 7
186 673 8
186 765 1
187 361 6
187 542 8
187 406 10
187 210 7
187 591 10
187 556 8
188 268 8
188 709 7
189 340 3
189 323 4
189 756 7
189 890 8
190 401 2
193 333 1
194 301 4
194 219 2
195 581 5
197 945 7
197 224 1
197 942 6
199 353 7
200 323 8
201 306 2
203 348 5
203 574 3
205 354 9
205 416 10
207 861 5
208 428 4
209 509 5
210 361 3
210 998 1
210 880 6
213 560 1
213 803 5
214 223 10
215 366 8
215 307 2
216 426 9
216 653 2
217 506 5
218 351 8
218 485 7
218 668 9
219 301 10
220 295 5
220 248 2
222 584 9
224 374 4
225 415 2
228 889 1
228 651 10
229 632 2
230 286 6
230 589 7
231 501 9
232 383 7
233 355 9
233 825 6
234 791 1
234 423 6
234 611 6
237 304 3
237 243 6
238 309 3
238 953 7
238 826 10
239 828 2
239 975 7
240 761 2
240 242 3
242 410 6
243 648 6
245 852 4
246 976 9
247 827 8
247 649 7
249 891 2
250 714 9
253 907 6
259 988 8
260 872 3
262 941 10
262 883 10
264 347 1
264 455 1
266 619 5
266 468 8
267 726 2
267 517 9
269 341 9
269 888 1
269 280 5
270 364 1
272 631 10
273 725 10
274 359 2
274 759 8
274 855 6
276 814 8
276 474 2
276 516 9
277 348 5
277 405 6
277 921 10
279 287 6
279 958 4
280 902 5
280 508 5
281 679 3
281 590 7
281 368 9
282 573 10
282 696 1
282 774 10
287 381 9
289 606 8
290 451 10
292 698 10
293 595 7
294 991 4
295 943 10
297 334 9
297 310 10
298 952 4
298 970 1
299 923 9
299 342 1
299 434 4
299 769 5
300 913 7
302 481 7
302 708 4
303 512 10
305 505 4
306 378 2
306 425 8
307 313 4
307 819 2
307 730 8
307 683 9
309 863 4
310 777 7
310 992 7
310 935 2
311 652 9
311 627 4
315 782 8
316 467 7
316 569 3
318 895 6
320 421 4
320 461 9
320 499 5
320 571 2
321 566 9
321 800 7
322 353 10
324 932 1
324 865 7
326 579 6
326 661 7
327 388 7
328 674 2
330 664 3
332 753 10
332 791 10
332 480 6
332 951 8
333 524 7
333 939 10
336 566 3
337 416 3
337 507 10
342 586 9
345 879 3
345 813 1
347 748 4
350 391 8
354 613 7
355 413 6
357 839 8
358 762 3
358 706 7
358 984 9
359 460 3
360 913 2
361 880 8
362 823 9
365 611 4
366 580 1
367 565 7
368 590 4
368 962 2
370 676 10
373 494 6
373 459 6
375 396 9
375 476 7
376 553 2
376 622 10
376 447 4
377 968 1
382 549 8
383 693 4
385 565 10
386 995 9
386 441 8
389 745 5
389 727 3
390 453 4
390 800 7
390 623 2
392 896 1
393 647 2
397 490 2
397 592 1
398 996 9
400 682 9
400 675 4
403 547 7
405 669 7
415 629 9
418 681 9
418 435 1
421 636 10
421 461 1
421 571 9
426 577 8
426 653 5
427 976 9
429 448 8
432 490 10
435 789 10
439 886 2
439 690 4
439 505 7
439 688 9
440 690 10
442 595 8
443 689 10
447 955 5
454 973 7
457 958 5
459 842 6
462 591 6
462 556 4
467 569 8
467 987 5
468 619 9
470 887 1
471 717 5
471 630 3
474 790 5
476 855 5
479 554 2
480 753 5
484 552 7
489 909 4
490 931 3
491 726 10
491 592 5
492 839 8
499 511 2
501 641 4
502 862 8
503 618 10
504 768 3
504 983 7
505 688 6
506 840 2
510 603 7
510 728 6
511 981 10
518 573 4
519 830 2
519 805 7
519 568 3
523 852 7
527 552 6
534 608 3
534 583 10
536 838 1
537 555 7
538 747 8
541 803 5
541 759 7
541 922 5
542 785 4
548 706 9
550 802 7
551 794 10
553 815 3
554 758 10
556 591 6
556 742 8
565 593 9
568 805 1
572 819 9
572 683 8
572 916 10
573 938 2
584 754 1
586 769 4
586 923 6
590 962 2
592 919 9
596 971 10
597 687 8
598 715 5
599 974 2
600 635 4
605 957 7
616 884 4
625 628 6
626 950 6
633 634 5
637 713 9
638 934 3
641 873 3
644 788 5
646 655 7
646 784 5
654 874 9
657 861 7
658 953 3
660 841 6
663 858 2
669 778 2
671 810 10
678 989 5
681 789 2
692 945 8
692 900 5
706 762 4
707 809 9
707 860 8
712 853 10
720 786 10
722 846 7
727 835 9
727 745 1
730 801 4
749 906 9
751 784 6
757 835 10
758 960 2
759 803 3
763 801 8
764 908 10
765 903 9
766 848 3
770 833 1
771 927 6
792 859 2
805 830 3
809 860 5
811 876 3
812 990 3
812 919 5
813 901 1
813 879 10
815 955 8
819 866 10
819 916 7
822 893 5
832 927 10
840 967 6
856 959 4
866 916 8
870 973 9
872 877 1
879 901 3
928 978 7
929 961 8
935 992 7
