1000 1197
5 4 2 34 29 94 18 66 38 100 44 74 21 52 38 39 16 77 98 49 57 4 76 55 100 92 94 33 6 17 26 30 21 1 29 34 80 18 40 94 95 97 27 14 14 7 21 46 56 73 82 56 97 78 25 3 68 76 31 98 44 29 33 16 94 69 16 36 79 66 67 16 52 51 49 88 69 53 38 37 70 86 45 68 53 47 45 61 19 94 40 73 83 73 14 15 24 73 31 99 44 95 99 54 61 71 5 46 83 17 11 33 27 84 45 72 23 24 8 88 10 55 70 62 2 48 17 95 99 27 81 78 82 21 68 26 97 89 53 91 4 59 38 94 1 43 22 76 72 69 63 46 3 73 50 100 65 91 92 92 13 3 39 60 48 30 95 32 23 28 81 99 1 45 21 57 91 2 30 33 56 91 94 46 73 44 22 100 44 3 10 69 89 82 5 67 78 17 5 7 65 86 27 99 12 9 72 98 43 26 56 39 32 42 81 5 14 28 19 50 73 20 24 57 70 12 26 17 26 13 82 18 82 58 53 42 39 58 44 52 11 43 37 47 3 83 5 19 82 46 96 30 5 97 91 36 9 18 46 44 30 90 35 62 18 5 94 68 76 47 34 13 52 61 70 99 23 4 17 11 1 65 17 94 29 9 94 22 56 50 86 41 12 84 46 25 29 2 96 18 45 46 42 61 40 32 34 7 23 58 80 51 73 89 5 20 61 28 58 9 55 100 46 92 40 68 9 65 2 87 45 40 40 39 69 82 34 23 60 68 70 77 37 37 83 27 71 82 99 11 37 74 88 2 25 48 100 82 68 77 64 77 5 48 31 5 8 58 41 49 66 50 24 57 11 76 18 26 23 65 61 23 60 96 85 41 84 48 41 27 87 40 79 96 19 96 8 61 34 68 38 96 19 50 40 68 100 21 39 90 41 26 67 22 37 49 5 75 55 2 93 20 2 100 95 75 8 43 11 56 68 55 61 71 10 84 12 83 36 4 28 27 99 54 51 38 68 29 8 87 50 96 1 83 12 25 39 82 66 90 93 89 58 20 58 7 82 25 44 56 77 37 57 8 61 3 2 86 43 26 82 65 73 56 81 11 13 33 96 15 93 40 23 16 93 56 8 22 48 4 44 14 25 61 30 100 56 54 87 7 96 79 23 6 9 4 13 95 80 30 72 72 29 19 46 94 29 33 30 87 82 15 92 62 97 65 48 20 18 80 69 53 39 97 15 69 89 7 48 68 86 14 64 79 11 42 75 76 26 23 93 31 40 63 43 81 45 61 77 16 26 71 11 10 3 58 76 82 20 41 32 84 52 95 37 16 71 90 73 6 51 44 10 90 87 82 30 70 59 39 95 52 45 45 87 45 47 11 84 68 19 39 71 66 56 28 76 32 62 70 44 20 55 26 42 45 19 14 24 82 94 68 72 80 8 58 3 56 78 85 38 33 77 68 33 95 18 59 6 87 100 39 21 79 48 31 59 21 5 34 99 74 32 67 96 62 79 80 89 23 1 18 70 5 38 86 37 54 80 10 26 43 70 76 13 35 4 30 43 86 96 20 77 93 78 85 42 65 2 43 79 66 53 40 93 35 15 95 10 85 2 72 57 29 18 24 39 40 61 81 65 92 52 35 86 20 7 41 35 7 70 34 66 87 10 37 33 68 26 29 9 21 40 95 16 53 58 7 50 20 36 39 92 41 74 37 20 69 52 20 81 83 93 67 74 2 51 52 27 47 30 54 54 38 56 48 85 83 2 22 69 35 79 7 98 83 20 60 58 46 3 62 13 76 24 15 56 85 7 43 86 71 44 21 6 88 62 80 72 48 96 96 47 17 25 97 17 40 21 52 9 97 88 82 40 39 12 31 39 71 38 98 14 62 57 63 1 81 27 88 46 49 90 86 64 68 56 48 86 79 35 77 54 18 4 54 62 86 46 63 38 29 79 55 10 33 67 88 50 18 54 75 99 14 18 49 42 30 8 83 89 36 7 46 26 98 20 70 6 72 55 28 12 1 66 98 81 76 83 43 100 12 72 59 68 65 65 58 43 84 59 88 21 90 75 6 10 43 71 40 45 26 71 25 73 27 62 62 27 94 96 87 38 76 20 7 40 99 11 96 72 63 40 23 88 71 74 34 100 7 32 10 38 16 10 96 3 76 47 52 48 77 57 94 45 42 19 21 36 94 17 17 82 59 19 100 25 69 15 4 19 53 69 77 44 61 37 69 30 81 48 30 76 27 41 56 76 73 91 10
1 627 6
1 554 7
1 351 3
1 768 10
1 325 7
1 319 2
1 313 9
1 305 4
1 747 8
1 269 3
1 265 7
1 256 5
1 239 1
1 753 10
1 655 9
1 580 4
1 183 5
1 80 5
1 71 7
1 36 1
1 11 3
1 8 10
1 5 5
2 377 5
2 405 2
2 312 8
2 303 6
2 629 5
2 274 7
2 264 10
2 211 9
2 933 6
2 706 7
2 147 6
2 138 2
2 128 7
2 611 7
2 898 4
2 75 9
2 67 7
2 62 10
2 24 3
2 20 3
2 18 4
2 9 5
2 4 2
2 3 7
3 362 4
3 292 6
3 658 5
3 284 1
3 621 10
3 454 6
3 243 6
3 519 3
3 705 6
3 221 8
3 639 6
3 977 1
3 457 5
3 788 2
3 687 8
3 942 4
3 140 10
3 525 10
3 116 5
3 90 5
3 62 4
3 52 5
3 44 4
3 959 5
3 14 8
3 9 1
4 383 9
4 792 8
4 910 8
4 343 7
4 858 10
4 333 6
4 609 1
4 294 10
4 293 6
4 288 8
4 280 1
4 560 9
4 474 10
4 238 9
4 235 9
4 200 4
4 184 1
4 181 1
4 169 6
4 160 4
4 691 6
4 134 8
4 520 6
4 133 5
4 530 7
4 124 4
4 428 6
4 110 2
4 105 4
4 539 10
4 52 2
4 506 9
4 15 9
4 14 8
4 11 7
4 7 2
4 667 10
4 5 7
5 358 7
5 340 2
5 319 2
5 635 3
5 580 6
5 262 3
5 724 1
5 223 9
5 964 2
5 480 5
5 203 9
5 196 10
5 188 9
5 97 4
5 831 5
5 555 2
5 69 1
5 37 7
5 779 6
5 19 7
5 15 9
5 13 1
6 402 4
6 336 8
6 332 2
6 520 3
6 628 10
6 277 3
6 274 7
6 651 6
6 461 4
6 532 2
6 191 7
6 449 9
6 130 5
6 105 3
6 87 5
6 72 1
6 27 9
6 24 7
6 17 9
6 12 3
6 7 1
7 357 10
7 323 9
7 315 10
7 720 3
7 299 2
7 276 9
7 700 2
7 178 9
7 651 9
7 558 1
7 41 8
7 38 9
7 10 6
7 504 4
8 388 5
8 611 1
8 446 8
8 142 7
9 373 4
9 705 4
9 493 7
9 211 8
9 633 7
9 109 3
9 565 5
9 442 2
9 53 3
9 29 7
9 853 7
10 133 3
10 70 7
10 41 6
11 500 4
11 427 8
11 1000 3
11 307 9
11 272 10
11 254 7
11 250 8
11 926 3
11 212 7
11 205 5
11 969 6
11 163 6
11 121 6
11 86 8
11 85 3
11 79 8
11 774 3
11 30 1
11 25 1
12 721 4
12 327 3
12 526 3
12 308 10
12 560 2
12 156 6
12 124 4
12 49 10
12 796 10
12 32 1
13 866 5
13 683 3
13 262 9
13 254 9
13 231 9
13 226 4
13 205 5
13 203 4
13 912 5
13 876 4
13 63 3
13 57 10
13 51 5
13 30 4
13 26 3
13 15 7
14 403 5
14 243 3
14 185 9
14 668 5
14 71 6
14 52 10
15 57 2
15 51 9
16 330 10
16 430 9
16 298 10
16 289 7
16 605 10
16 755 4
16 241 2
16 208 9
16 204 1
16 195 6
16 186 6
16 177 8
16 172 8
16 162 9
16 992 3
16 148 2
16 962 3
16 112 9
16 458 7
16 107 8
16 106 8
16 101 8
16 94 6
16 91 5
16 82 6
16 79 6
16 69 3
16 893 10
16 36 4
16 33 4
16 19 7
17 386 9
17 700 8
17 296 6
17 260 2
17 253 4
17 468 3
17 155 2
17 717 5
17 478 4
17 739 3
17 115 1
17 677 1
17 102 3
17 72 10
17 68 6
17 48 10
17 44 6
17 702 5
17 737 2
18 581 4
18 633 2
18 350 7
18 334 3
18 322 9
18 128 7
18 61 2
19 458 2
19 398 3
19 952 6
19 580 2
19 419 2
19 857 10
19 833 2
19 153 2
19 37 1
19 36 8
19 33 3
20 815 5
20 385 8
20 219 8
20 796 8
20 872 7
20 404 8
20 54 2
20 32 3
21 757 4
21 327 8
21 192 9
21 927 4
21 77 8
21 49 9
21 759 5
22 346 3
22 804 3
22 312 9
22 240 8
22 756 8
22 656 5
22 845 4
22 46 3
22 965 10
23 399 9
23 361 7
23 352 9
23 328 3
23 487 10
23 648 5
23 292 1
23 966 7
23 246 3
23 717 6
23 126 1
23 650 9
23 50 5
23 34 3
23 28 9
24 75 9
25 307 3
25 909 6
25 475 8
25 195 4
25 82 7
25 411 10
25 840 10
26 607 2
26 428 2
26 30 7
27 323 4
27 73 9
28 624 2
28 284 5
28 457 1
28 861 2
28 739 2
28 559 5
29 940 6
29 382 7
29 967 6
29 924 10
29 484 4
29 741 7
29 88 9
29 55 4
29 53 8
29 46 7
30 776 4
30 372 2
30 450 7
30 613 9
30 836 1
30 311 2
30 509 7
30 587 2
30 254 10
30 248 4
30 179 3
30 837 1
30 844 3
30 40 7
31 34 10
32 385 9
32 164 5
32 517 10
32 93 4
32 54 8
33 392 10
33 729 8
33 340 10
33 930 4
33 162 6
33 727 2
34 942 5
35 403 8
35 681 3
36 136 9
36 644 2
37 943 6
37 168 7
37 165 10
37 729 6
37 97 7
38 343 3
38 104 1
38 98 4
38 919 2
39 306 1
39 265 10
39 166 4
39 749 6
40 876 5
40 300 2
40 953 8
40 248 2
40 987 8
40 736 6
40 587 5
40 42 4
40 844 2
42 179 10
42 117 1
42 806 2
43 241 4
43 485 9
43 186 7
43 417 4
43 91 5
43 685 2
44 586 6
44 140 9
44 116 7
44 84 5
45 760 6
45 323 7
45 304 5
45 564 7
45 934 10
46 382 6
46 412 3
46 565 1
46 877 5
46 497 10
46 803 6
46 492 1
46 141 7
46 139 8
46 770 10
46 113 8
46 88 4
46 418 9
46 53 9
46 791 5
47 326 10
47 286 5
47 684 6
48 478 9
48 739 6
49 981 7
49 757 1
49 881 4
49 810 8
49 66 8
49 64 6
49 60 2
49 489 2
50 368 9
50 490 3
51 637 10
51 194 6
52 389 7
52 266 3
52 858 6
53 565 5
53 561 5
53 171 9
53 141 8
53 100 7
53 96 1
53 895 5
54 308 8
55 382 2
55 447 7
56 388 1
56 316 9
56 724 3
56 807 7
56 448 3
57 783 4
57 637 7
57 929 9
57 63 1
58 149 1
58 67 5
58 416 2
58 713 5
59 386 10
59 888 6
59 364 10
59 253 1
59 423 7
59 679 4
59 659 8
59 731 5
59 722 9
59 84 8
59 879 1
60 690 2
60 93 1
60 881 2
61 375 9
62 334 3
62 322 1
64 318 9
64 775 5
64 818 5
64 164 10
64 873 2
65 510 2
66 199 7
67 771 4
67 149 3
67 145 5
67 138 9
69 347 1
69 719 3
69 320 1
69 188 2
69 148 4
69 430 10
69 472 7
70 720 2
72 368 8
72 569 2
73 367 6
73 304 5
74 286 4
76 401 7
76 500 5
76 809 10
76 693 9
76 205 10
77 288 5
77 222 8
78 426 5
78 479 6
78 159 6
79 348 9
79 307 2
79 983 3
79 546 2
79 413 3
80 762 2
80 278 6
80 245 3
80 225 1
80 772 3
80 166 2
80 137 5
80 122 1
80 106 10
80 94 5
80 616 7
81 980 7
81 735 10
81 671 8
81 118 7
82 348 7
82 330 3
82 971 2
82 546 6
82 195 3
83 695 4
83 670 10
83 735 2
84 224 6
85 269 5
85 176 5
85 160 9
85 641 5
85 89 10
86 393 7
86 664 1
86 719 7
86 536 9
86 931 7
86 108 6
87 217 5
87 648 3
87 512 2
88 877 5
88 484 5
88 143 5
89 554 4
89 811 8
89 269 6
89 239 8
89 210 3
89 163 7
90 754 1
90 292 2
90 687 2
90 743 3
90 126 6
91 485 10
92 659 6
92 790 2
93 453 3
94 899 7
94 406 3
94 125 6
94 122 6
95 828 5
95 185 7
95 403 4
96 171 5
96 100 3
97 395 2
98 620 5
101 847 7
101 848 1
101 496 3
101 591 10
101 605 3
101 107 5
102 270 3
102 174 7
102 155 5
102 698 4
102 115 5
103 799 2
103 148 8
104 936 10
104 285 1
105 271 4
105 402 8
105 825 6
105 124 7
106 111 6
106 762 4
106 958 3
107 782 4
107 591 1
107 767 2
107 962 6
108 625 5
108 518 6
109 933 1
109 264 8
109 128 2
110 829 7
110 294 3
110 250 10
110 579 7
110 589 7
110 601 2
111 906 5
111 137 5
112 773 9
112 244 7
113 804 8
113 513 1
113 170 7
113 151 9
113 139 5
115 702 8
115 132 8
116 820 7
117 135 2
118 764 3
118 802 8
119 356 3
119 270 4
119 234 10
119 132 2
120 282 4
121 725 2
121 329 1
121 472 3
121 1000 9
121 905 6
122 956 7
123 260 8
126 590 2
127 230 7
128 275 10
128 264 5
128 213 7
128 424 9
128 161 7
128 147 7
129 384 9
129 315 6
129 498 2
129 508 8
129 482 9
130 864 7
130 825 4
130 150 6
131 979 8
131 435 10
132 175 10
133 144 9
135 866 5
136 744 8
136 823 9
136 644 6
136 768 6
137 278 9
137 762 1
137 701 5
140 364 4
140 708 8
140 722 6
141 259 5
142 388 8
142 316 8
142 734 4
143 346 5
143 321 3
143 877 10
143 551 8
146 228 6
146 740 9
147 397 8
147 552 9
147 963 7
147 213 5
147 437 4
148 298 3
149 338 8
149 951 5
149 416 9
150 238 7
151 492 8
153 523 10
154 978 8
154 328 4
154 217 1
154 206 1
155 359 2
155 944 4
155 696 3
155 468 3
156 721 9
157 863 1
157 357 10
157 502 4
157 193 4
157 180 8
157 889 5
158 164 8
159 181 7
159 860 8
160 946 5
161 424 8
161 209 1
163 313 7
163 970 2
164 167 7
165 395 8
165 342 5
165 309 2
165 168 3
166 604 3
166 627 3
167 775 8
167 236 4
169 968 8
169 194 10
169 539 4
169 792 7
172 516 5
172 652 6
173 575 8
173 618 7
175 445 4
175 356 4
176 337 3
180 193 6
180 918 6
181 426 5
183 355 7
183 773 5
183 599 1
185 789 10
187 847 3
187 748 7
187 848 7
187 605 3
188 204 7
192 777 3
192 219 7
193 863 6
194 897 3
195 827 2
197 923 10
197 434 8
197 521 6
198 295 4
198 437 5
198 640 3
199 810 5
199 690 1
199 489 2
200 738 3
200 238 9
200 556 8
201 244 1
201 697 7
202 494 1
202 681 3
203 528 9
203 995 6
204 521 2
205 500 6
207 567 8
209 354 3
209 218 2
213 437 9
213 763 10
214 945 7
216 239 7
217 648 6
219 927 8
220 394 4
220 932 8
223 947 8
223 575 4
224 879 6
225 899 1
225 956 7
227 384 5
227 535 5
228 482 2
230 843 10
231 261 10
233 674 3
233 875 1
233 496 2
236 775 8
237 516 10
238 268 2
240 551 3
240 321 2
240 791 10
240 841 8
241 381 1
243 856 3
243 668 1
244 773 10
247 506 8
248 712 1
248 542 1
248 574 5
249 527 6
250 294 8
250 608 9
250 459 5
250 579 7
250 997 4
253 481 3
253 832 5
253 423 8
254 550 3
256 351 4
257 801 6
257 469 5
257 456 10
259 673 6
259 597 4
259 422 9
259 283 4
259 602 5
259 561 10
259 758 4
259 803 1
262 834 10
264 933 3
267 604 8
268 801 5
268 718 7
270 356 2
270 445 10
271 660 2
273 928 2
274 336 9
274 501 1
276 598 4
278 616 5
279 297 9
280 363 2
280 491 1
281 542 3
286 349 1
287 454 10
287 703 8
289 503 6
289 972 10
289 958 5
291 918 5
292 666 6
292 366 4
292 754 9
293 938 10
293 919 10
294 530 7
296 677 5
299 838 5
299 651 10
299 794 9
301 714 5
301 465 10
302 944 8
302 468 2
303 898 9
304 760 1
304 766 7
306 615 2
307 411 9
308 526 1
308 404 5
309 395 4
315 498 6
316 638 6
317 365 3
319 414 3
320 329 5
320 880 2
321 346 1
322 581 5
323 534 8
325 351 7
326 349 6
328 563 3
329 347 8
329 998 7
330 464 9
330 715 6
331 558 7
332 864 5
332 577 8
332 600 1
333 537 1
333 539 9
333 968 7
334 350 5
334 732 2
335 979 7
336 914 8
336 501 5
338 416 10
339 738 2
339 718 8
341 584 10
344 512 2
344 553 4
344 920 6
345 962 6
345 767 6
347 986 1
347 998 2
348 971 3
348 941 4
349 583 8
353 992 10
353 931 1
354 907 4
354 961 5
355 599 1
356 445 6
357 645 10
358 401 7
358 774 2
359 421 4
362 743 7
363 916 5
365 730 1
365 596 6
367 760 2
368 573 1
368 569 2
369 624 2
369 984 7
370 819 10
370 402 10
370 974 2
370 716 5
370 449 5
370 826 2
371 828 6
372 730 7
373 682 2
374 508 1
376 385 10
376 517 5
376 409 1
378 476 10
380 647 4
382 940 3
383 431 2
383 903 8
384 498 5
384 557 8
386 663 9
388 632 2
390 768 2
391 816 4
391 761 2
394 653 6
394 932 7
396 989 1
396 464 2
397 634 10
397 855 3
397 552 9
398 523 6
400 678 4
408 898 8
410 911 1
413 822 8
413 546 2
415 930 6
418 420 7
419 458 6
420 602 8
422 597 6
422 728 8
423 679 10
424 993 4
427 811 9
429 473 7
429 469 5
430 925 5
431 692 6
431 667 2
433 512 9
433 920 9
433 839 7
434 821 6
435 598 3
436 626 4
437 723 8
439 771 5
440 515 4
441 714 2
442 682 8
442 493 4
446 448 9
447 451 7
449 716 9
449 826 3
449 937 4
450 836 3
450 455 8
451 467 7
452 615 8
454 525 4
455 477 9
457 861 7
457 959 2
461 609 4
461 797 9
462 868 3
462 548 6
463 507 9
463 976 6
463 950 1
464 483 7
465 714 5
467 813 10
469 473 7
469 576 3
469 850 4
469 801 5
471 481 7
472 514 5
476 805 10
476 547 4
478 787 4
480 807 9
480 955 2
480 724 8
481 832 1
482 603 9
483 715 7
487 650 4
488 534 8
489 810 9
492 770 9
494 681 4
498 557 4
499 544 3
503 972 6
509 736 2
511 533 1
512 921 4
520 600 8
522 548 5
526 622 4
528 745 6
529 892 4
529 846 10
530 957 10
530 829 1
534 896 9
538 582 10
540 905 1
544 892 1
551 791 8
552 855 2
552 634 6
555 675 1
558 913 4
558 999 10
560 781 6
561 592 5
564 740 2
566 941 5
567 946 1
574 887 9
574 712 9
575 831 1
577 864 9
587 613 7
589 829 5
591 767 5
591 623 8
591 782 5
597 728 1
602 824 4
602 669 4
603 902 3
605 847 9
606 730 6
606 776 3
607 987 4
610 742 6
613 844 6
619 697 7
619 643 8
623 780 8
625 709 9
626 630 6
628 842 9
628 656 8
637 783 3
638 949 7
639 650 9
642 733 1
644 744 6
646 870 1
655 688 6
659 790 8
659 888 6
660 910 3
664 969 1
667 692 6
669 852 6
672 778 6
679 865 3
702 737 10
710 990 3
716 826 2
717 966 9
719 880 6
721 981 6
724 851 6
725 998 8
745 809 5
758 885 2
760 934 5
760 766 6
761 906 2
764 802 6
770 785 4
776 830 3
777 948 6
777 908 7
794 883 2
821 923 2
823 904 3
845 900 3
867 915 6
868 975 5
907 961 9
913 999 7
933 954 8
958 972 10
