1000 1197
5 68 40 7 80 90 95 29 17 10 1 77 89 57 91 20 13 85 36 2 82 23 37 10 57 53 30 61 55 46 28 66 28 77 96 70 77 47 92 44 20 5 67 63 27 71 6 39 98 24 48 66 10 51 42 100 66 17 77 11 21 67 15 80 65 47 10 57 72 7 61 68 25 72 99 81 37 30 33 72 36 1 63 75 58 71 62 21 77 86 61 24 49 38 97 82 90 20 95 87 44 53 57 35 96 3 25 70 7 72 99 77 98 69 61 5 51 8 17 25 44 77 84 59 73 28 16 90 91 16 56 26 33 85 31 57 73 29 99 20 89 44 93 77 83 70 60 80 16 63 5 50 33 1 49 57 10 74 10 6 45 13 62 77 50 56 13 50 77 44 97 31 83 90 35 23 54 74 26 25 24 26 69 69 93 18 67 21 36 87 39 71 79 83 15 100 87 56 99 56 85 95 54 92 11 44 5 40 16 98 80 93 44 60 69 98 35 3 54 19 70 77 1 64 95 100 97 40 16 98 87 92 45 87 99 59 55 9 47 98 30 34 23 56 25 65 47 63 16 35 28 24 74 84 97 33 22 95 19 27 50 92 14 24 68 88 87 37 89 56 3 82 79 33 92 54 81 47 89 32 67 65 75 38 74 21 44 75 79 46 16 87 39 38 60 95 56 16 37 38 40 26 62 7 98 42 1 15 86 82 75 70 37 60 14 64 99 27 17 4 20 12 30 11 70 14 32 35 51 23 52 25 26 6 91 2 53 84 81 23 74 52 69 32 98 63 89 69 84 2 33 76 11 15 81 16 51 66 7 24 61 38 77 13 43 90 38 35 42 67 91 62 4 18 45 64 72 6 29 82 85 92 100 97 89 39 88 5 96 81 98 55 16 47 68 3 60 7 96 40 72 12 49 95 88 41 12 100 66 67 23 13 83 10 87 2 69 2 69 68 17 17 86 93 76 26 49 21 45 86 41 79 18 70 59 13 79 96 96 48 94 62 72 77 58 50 76 15 78 18 53 6 23 77 12 78 12 51 20 17 61 47 67 53 22 65 8 83 36 42 83 9 61 6 58 90 24 87 34 56 52 82 81 84 49 29 4 36 32 13 88 72 97 64 12 43 86 34 76 16 81 41 62 92 30 66 96 7 48 82 93 42 79 57 40 67 11 30 57 66 37 93 31 39 76 52 39 2 56 93 24 64 96 7 54 42 60 98 85 93 99 76 63 16 66 96 53 90 71 95 82 52 69 74 32 51 87 53 70 49 57 38 23 64 31 43 15 72 98 86 72 21 55 95 43 98 22 61 79 30 28 88 9 40 91 66 4 39 87 42 49 49 23 60 45 62 48 100 63 33 66 25 78 4 95 35 94 84 25 3 2 99 85 43 34 61 48 46 43 52 5 57 86 11 90 24 55 67 37 55 29 16 7 22 13 79 44 34 41 43 97 60 9 81 9 18 1 48 67 53 73 57 12 52 30 17 89 59 24 31 48 44 69 42 26 9 19 3 93 76 52 91 23 32 60 7 54 94 3 70 21 71 63 8 94 50 56 73 11 53 24 73 79 10 10 82 15 100 68 19 65 24 32 12 1 18 7 34 79 36 4 95 68 52 8 4 64 88 58 26 10 46 83 23 94 71 90 11 90 61 54 46 98 30 31 64 52 79 96 60 99 29 62 87 88 8 64 83 62 29 10 68 44 61 8 96 78 38 29 31 89 99 73 15 68 57 1 26 77 80 68 53 33 34 51 45 48 24 38 29 18 42 23 88 91 8 82 9 52 33 54 80 73 46 41 66 31 78 13 59 95 14 80 25 29 69 20 57 9 95 74 54 22 56 24 52 30 8 80 11 63 28 25 59 90 19 36 16 99 70 24 33 64 36 1 42 12 45 13 70 67 87 87 25 84 27 62 85 98 40 65 72 20 78 11 61 78 99 43 7 73 97 83 64 31 66 82 32 64 41 40 13 71 40 26 3 37 68 70 24 29 36 2 42 54 91 48 18 13 97 6 26 65 70 42 96 71 31 89 88 36 24 59 36 53 16 1 31 55 29 44 4 99 2 33 2 2 4 35 3 34 88 26 83 18 80 18 57 22 12 55 58 60 42 4 13 79 52 85 63 71 93 24 98 73 63 46 76 25 4 59 46 13 65 30 76 35 12 75 49 10 3 44 38 24 82 49 49 79 48 63 58 24 57 31 56 47 31 12 7 96 5 81 16 48 39 16 15 42 95 14 19 53 63 72 60 29 82 68 90
1 399 8
1 478 7
1 418 9
1 50 8
1 29 1
1 15 9
1 6 3
1 4 1
1 2 9
2 509 10
2 802 10
2 359 5
2 428 2
2 344 6
2 435 10
2 555 10
2 316 8
2 994 3
2 589 9
2 773 8
2 256 8
2 691 9
2 250 4
2 486 8
2 583 7
2 479 8
2 471 1
2 982 5
2 167 9
2 429 2
2 489 9
2 124 7
2 117 3
2 817 4
2 973 7
2 516 7
2 505 8
2 855 4
2 59 5
2 55 7
2 50 10
2 457 3
2 409 7
2 31 6
2 30 10
2 18 9
2 878 5
2 17 8
2 10 3
2 9 8
2 8 8
3 880 6
3 332 7
3 845 8
3 588 3
3 176 2
3 524 7
3 983 9
3 102 2
3 51 9
3 595 10
4 822 4
4 336 4
4 824 3
4 333 7
4 328 1
4 790 9
4 627 5
4 623 5
4 265 6
4 237 2
4 236 8
4 836 8
4 188 7
4 432 4
4 176 4
4 173 10
4 465 9
4 825 8
4 735 5
4 66 9
4 721 1
4 41 7
4 35 3
4 27 8
4 21 8
4 20 8
4 19 7
4 520 4
4 629 8
4 601 7
4 9 8
5 713 2
5 552 5
5 895 9
5 356 9
5 347 4
5 342 1
5 314 5
5 450 5
5 433 10
5 286 6
5 283 9
5 277 1
5 217 8
5 214 9
5 180 7
5 961 7
5 523 3
5 619 5
5 131 9
5 116 10
5 499 2
5 61 1
5 54 2
5 915 7
5 45 7
5 42 8
5 39 5
5 590 10
5 28 5
5 902 1
5 14 7
5 13 7
5 930 5
5 6 6
6 404 6
6 241 7
6 180 5
6 771 4
6 157 4
6 508 6
6 143 5
6 107 7
6 551 4
6 517 8
6 29 6
6 21 2
6 548 6
6 11 4
7 414 6
7 247 5
7 236 9
7 891 6
7 465 7
7 194 9
7 562 7
7 500 7
7 102 2
7 655 5
7 56 3
7 43 2
7 32 3
8 575 1
8 947 9
8 514 5
8 13 5
9 341 2
9 247 2
9 187 2
9 766 6
9 101 4
9 88 6
9 87 5
9 43 3
10 743 1
11 152 6
11 698 7
11 29 10
12 396 9
12 390 2
12 815 6
13 395 2
13 372 6
13 821 6
13 273 9
13 258 6
13 649 5
13 193 9
13 750 1
13 645 4
13 132 3
13 99 10
13 91 5
13 662 10
13 67 2
13 63 4
13 49 6
13 36 1
13 550 9
14 704 3
15 448 4
15 353 10
15 344 4
15 423 4
15 277 2
15 50 7
16 368 10
16 276 3
16 133 7
16 77 6
16 49 1
16 28 9
16 852 3
17 353 1
17 786 2
17 581 8
17 442 1
17 221 3
17 879 3
17 989 1
17 128 8
17 555 5
18 836 6
18 359 6
18 235 1
18 934 1
18 62 1
18 37 9
19 366 5
19 494 9
19 263 5
19 665 5
19 157 8
19 78 1
19 420 10
19 40 9
19 760 6
19 21 2
20 265 10
20 194 2
21 231 9
21 425 4
21 205 6
21 825 8
21 803 9
21 26 5
21 757 1
22 720 10
22 822 2
22 117 8
22 545 4
23 683 4
23 445 7
23 966 3
23 324 2
23 679 3
23 174 1
23 130 7
23 127 1
23 442 8
23 44 5
23 724 3
23 812 5
23 30 6
23 24 6
23 448 10
24 830 2
24 222 2
24 646 6
24 130 7
24 448 8
24 114 6
24 90 9
24 33 3
24 966 1
25 366 3
25 362 3
25 578 7
25 330 10
25 327 2
25 741 10
25 274 6
25 272 4
25 919 5
25 901 1
25 205 4
25 186 1
25 85 8
26 292 7
26 771 8
27 613 6
27 628 8
27 303 6
27 591 8
27 227 4
27 577 6
27 627 4
27 81 1
27 72 10
27 71 7
27 537 10
27 61 5
28 662 5
28 382 7
28 370 1
28 987 1
28 145 10
28 111 1
29 585 7
30 442 2
31 626 3
31 995 9
31 283 5
31 261 1
31 248 2
31 674 7
31 110 7
31 48 1
32 979 9
32 232 4
32 168 1
32 414 4
32 122 7
32 101 3
32 573 6
32 55 7
33 607 6
33 323 4
33 290 8
33 268 2
33 209 5
33 108 7
33 105 5
33 84 1
33 76 9
33 402 1
33 68 3
33 813 9
34 234 2
34 229 5
34 562 9
34 483 9
34 200 10
34 429 1
34 195 7
34 191 7
34 179 4
34 983 1
34 661 8
34 98 3
34 498 7
34 703 3
34 56 1
34 51 1
35 510 8
35 425 2
35 687 2
35 517 5
35 871 7
36 199 4
36 166 9
36 118 2
37 457 2
37 360 7
37 908 4
37 476 1
37 912 9
38 571 5
38 920 2
38 652 8
38 537 5
38 97 4
38 714 1
39 941 10
39 826 8
40 327 2
40 205 9
40 186 8
41 980 8
41 870 7
41 196 4
41 190 9
41 188 9
41 521 6
42 831 3
42 564 7
43 414 8
43 106 1
43 94 7
44 392 3
44 677 1
44 492 1
44 278 10
44 203 7
44 780 8
44 189 6
44 428 3
44 165 5
44 897 7
44 127 4
44 928 3
44 68 4
44 59 6
45 701 6
45 557 1
45 216 2
45 149 8
45 146 9
45 138 7
45 596 1
45 669 3
45 80 1
45 73 3
45 427 1
46 345 1
46 467 9
46 182 3
46 970 6
46 147 8
46 910 2
46 971 5
46 70 4
46 734 5
47 163 2
47 149 5
47 138 9
47 79 6
47 52 1
47 463 1
48 248 6
48 112 6
49 111 3
49 63 5
50 423 8
51 703 10
51 343 10
51 332 3
51 935 7
51 281 4
51 663 1
51 422 10
51 655 5
51 56 10
51 900 1
52 671 5
52 356 6
52 701 1
52 427 9
52 785 4
52 710 8
52 294 3
52 254 3
52 631 7
52 164 7
52 104 9
52 96 3
52 470 1
52 73 6
52 54 8
53 812 5
53 76 3
53 549 6
54 800 9
54 426 6
54 931 9
54 211 9
54 446 2
54 746 2
54 80 10
54 590 6
55 817 3
55 775 4
55 708 2
55 232 9
55 169 4
55 459 1
55 87 9
56 843 1
56 301 6
56 296 9
56 279 2
56 185 9
56 634 9
57 663 5
57 279 8
57 115 1
58 622 9
58 909 2
58 174 1
58 108 3
58 84 8
58 64 10
59 387 10
59 203 4
60 319 5
60 292 8
60 858 3
60 181 8
60 143 9
61 396 5
61 654 6
61 763 3
61 227 7
61 89 5
61 613 4
62 432 7
62 762 6
63 381 7
63 338 3
63 848 5
63 821 8
63 275 7
63 682 10
63 745 2
63 148 7
63 134 10
63 77 4
63 464 3
65 323 5
65 268 4
65 90 2
66 554 9
66 351 5
66 269 6
66 265 1
67 705 4
67 419 5
67 329 8
67 828 5
67 172 5
67 604 6
67 872 9
67 132 3
69 405 3
69 70 6
70 405 5
70 487 7
71 240 5
71 213 9
72 81 2
73 454 3
73 473 7
73 701 10
73 805 6
73 162 6
73 981 2
73 123 8
73 104 3
74 364 4
74 337 10
74 495 8
74 284 5
74 183 5
74 128 8
74 753 4
76 380 9
76 794 9
77 368 2
77 682 9
77 134 4
78 263 4
78 231 9
78 494 7
79 440 6
79 242 10
79 163 7
79 138 6
80 658 10
80 746 1
80 455 7
82 709 1
83 634 6
83 296 6
84 793 2
84 174 6
85 944 8
86 400 4
86 516 9
86 480 7
86 165 10
86 159 1
86 733 1
86 869 5
86 137 9
86 100 2
87 256 8
87 766 1
87 715 8
87 479 6
88 139 10
89 339 2
89 577 9
90 323 10
90 511 1
90 197 8
90 105 7
92 685 8
93 423 2
94 361 7
94 210 5
94 208 6
94 650 7
94 168 10
94 101 2
94 759 4
95 755 5
95 600 2
95 230 5
95 212 4
95 886 9
95 140 7
95 123 4
95 931 6
96 590 7
96 184 5
97 742 8
97 318 2
97 300 2
97 860 2
97 571 10
97 469 6
98 417 8
98 249 5
98 773 10
98 195 1
99 467 9
99 147 7
99 132 5
100 137 6
100 129 9
100 120 4
101 650 5
101 168 3
101 103 1
101 558 4
103 361 9
103 723 2
103 155 1
103 759 8
104 473 7
104 752 6
104 576 4
104 140 3
104 123 9
105 209 2
106 247 9
107 585 4
110 280 2
110 416 5
110 861 3
111 245 8
111 171 10
111 608 7
112 280 8
112 206 3
112 636 10
113 269 5
114 375 5
114 887 5
115 525 1
115 567 8
115 307 5
115 279 10
115 722 4
115 185 1
116 347 8
116 258 4
116 644 6
116 433 6
117 502 1
117 776 1
118 384 5
118 690 3
118 863 5
118 199 4
118 193 3
118 166 4
119 689 9
119 539 10
119 304 8
119 284 10
119 772 9
119 201 3
119 501 7
119 730 8
120 129 1
121 892 6
121 288 9
123 697 5
123 756 4
123 207 4
124 344 3
124 541 2
124 850 3
124 739 6
125 646 6
125 868 8
125 130 8
126 681 5
127 392 4
127 340 3
127 683 7
127 492 9
127 939 2
127 189 10
127 538 9
128 711 3
129 867 10
129 973 2
131 407 4
131 164 8
131 160 5
131 580 7
132 550 1
132 419 4
133 276 10
134 464 10
134 484 6
135 383 2
135 257 1
135 225 5
135 896 4
135 699 3
136 459 4
137 695 9
137 480 9
137 165 4
138 403 7
138 242 6
138 955 8
138 584 7
139 365 2
140 243 3
140 212 6
141 428 1
141 806 5
143 241 2
143 412 3
145 750 1
145 158 5
147 747 9
147 651 6
148 598 2
148 781 7
148 464 4
148 965 7
150 1000 1
150 593 3
151 389 3
151 379 3
151 172 2
151 696 7
151 535 8
151 606 5
152 680 7
154 767 3
155 503 5
155 210 5
155 566 8
155 558 6
156 489 6
157 718 9
159 452 5
160 294 4
160 894 3
160 552 9
162 752 6
162 697 7
163 491 9
163 264 8
163 260 1
163 481 8
163 584 9
164 407 4
165 693 5
165 780 2
166 193 9
166 456 1
167 409 9
167 218 10
169 694 7
169 903 9
169 309 7
170 917 9
171 245 2
172 313 4
172 273 8
172 823 7
173 554 7
174 679 8
175 331 5
175 318 6
176 518 1
178 747 8
178 651 4
179 453 2
179 310 6
179 215 1
180 349 2
180 551 8
182 405 10
183 363 3
183 357 4
183 424 10
184 829 1
185 301 4
186 272 1
188 587 6
188 287 5
188 196 4
188 629 3
188 980 7
188 579 10
189 340 2
189 203 1
190 687 7
191 732 3
193 456 4
193 645 10
194 233 6
195 787 9
195 249 10
196 287 4
196 520 5
196 223 6
196 204 7
196 587 10
197 209 4
198 343 1
198 916 7
198 460 7
198 561 3
199 384 9
199 570 2
199 684 7
199 312 5
199 504 9
199 734 4
199 437 7
200 310 4
200 234 9
201 689 3
202 580 7
203 387 6
203 466 3
203 789 3
205 262 1
205 901 2
206 930 2
210 566 1
211 441 1
211 565 5
214 370 6
215 267 4
215 787 4
215 453 2
217 852 10
218 239 8
218 975 2
221 995 3
222 511 1
222 799 2
223 346 3
225 378 9
225 266 4
225 801 4
227 339 9
227 763 10
228 460 6
228 988 1
228 783 4
228 797 8
228 935 7
230 886 2
230 565 10
231 451 2
231 413 6
231 757 9
233 308 5
235 762 9
236 246 4
236 601 7
237 952 7
237 720 9
237 354 4
237 776 8
238 580 2
238 894 5
239 632 1
242 569 4
242 796 6
242 955 9
243 576 7
244 707 5
244 543 9
244 874 5
246 588 4
248 670 3
248 261 5
248 668 3
248 568 1
250 834 9
251 285 3
252 560 8
255 977 6
255 941 5
256 271 8
257 772 3
257 699 4
258 347 1
260 311 5
262 330 9
262 656 10
263 610 2
263 451 8
264 311 9
266 383 8
266 378 1
266 299 4
266 862 3
266 592 8
266 881 5
269 507 2
269 351 1
269 737 3
269 664 1
269 770 10
269 885 3
269 618 6
270 291 5
270 582 8
273 949 2
273 875 9
274 665 2
274 536 6
275 372 2
275 512 7
275 985 1
275 515 4
276 348 1
277 838 3
280 636 1
281 634 6
281 754 10
282 676 4
282 290 10
283 982 6
284 495 10
284 963 9
284 943 1
284 539 3
284 501 8
286 637 6
286 961 2
288 321 7
291 355 1
291 336 5
291 582 10
292 391 9
295 300 5
296 843 5
298 864 1
299 397 10
299 592 4
301 586 2
301 447 7
301 567 3
307 859 10
309 817 9
313 875 7
314 738 2
315 433 6
318 571 7
319 858 7
319 729 3
322 755 5
323 938 8
324 688 2
326 525 5
327 919 9
327 578 3
328 940 4
328 743 10
329 395 2
329 705 1
330 925 6
331 463 2
332 422 9
333 354 10
333 720 7
333 721 5
334 547 1
335 699 2
335 837 2
336 628 6
336 623 3
337 542 5
338 649 6
338 515 5
339 654 7
339 814 4
340 492 5
341 762 4
344 926 9
344 541 6
346 956 2
347 630 9
347 644 8
347 408 8
351 717 2
353 445 1
355 761 3
356 942 9
357 373 9
362 675 9
364 853 8
365 507 2
366 488 9
368 484 10
368 913 2
375 774 9
376 420 3
378 383 6
378 992 8
378 932 5
379 604 10
379 535 5
380 490 9
380 794 4
380 804 2
382 902 10
383 950 9
384 832 5
384 437 4
386 412 9
387 897 3
387 789 10
387 466 1
388 818 5
388 618 8
389 998 8
393 503 10
393 566 5
394 519 1
396 468 9
396 672 1
397 581 5
398 677 2
398 434 1
398 969 3
398 778 10
399 518 7
401 979 4
402 676 7
403 569 6
403 796 2
405 811 7
406 586 8
409 605 7
410 426 4
411 923 5
413 642 4
413 610 5
415 477 8
415 480 2
416 449 1
416 462 8
420 488 1
420 760 7
423 700 2
425 517 8
427 671 6
429 773 10
429 878 10
430 830 10
431 696 1
434 778 1
436 547 7
436 764 10
437 599 3
439 616 9
442 724 7
444 907 1
445 986 3
449 462 6
454 473 4
454 752 4
457 659 9
459 775 1
460 916 1
463 652 6
464 598 9
464 965 1
466 678 8
469 860 1
472 563 7
472 842 8
474 598 1
474 603 1
476 855 9
477 612 1
478 977 8
479 602 9
483 661 3
483 722 2
485 932 9
485 556 7
486 854 2
493 962 9
493 509 8
493 659 1
495 943 1
495 835 7
504 570 3
507 666 1
517 617 6
521 687 6
526 573 3
528 916 6
532 937 9
532 867 9
536 918 4
537 591 7
537 920 10
541 739 9
542 711 5
543 954 3
544 797 3
545 638 5
550 606 10
558 723 9
559 632 10
559 975 7
564 911 9
565 886 2
568 933 7
568 953 10
590 713 5
593 1000 2
597 849 8
598 603 7
599 976 1
601 884 3
609 623 4
609 921 3
610 642 3
612 693 3
614 620 8
614 922 4
618 818 2
618 664 4
619 768 8
622 820 4
622 909 1
630 644 1
636 833 10
637 788 1
638 809 2
641 838 2
643 921 3
653 675 8
655 888 7
655 891 10
658 669 7
659 912 9
664 666 9
669 673 1
669 899 8
671 890 7
675 846 10
678 789 9
679 793 7
684 970 3
689 772 4
690 863 4
690 832 9
699 837 2
699 960 2
710 829 8
712 716 8
716 923 9
721 822 8
721 957 4
725 778 7
726 757 6
728 818 6
730 819 9
733 869 3
738 744 8
739 926 3
746 800 9
753 784 10
755 931 7
769 966 2
774 887 8
776 952 10
787 991 1
806 813 1
807 812 6
831 997 9
834 994 1
853 936 6
885 904 1
911 967 10
916 964 5
956 993 6
