1000 1197
5 66 18 37 19 63 77 51 1 18 94 5 90 85 81 6 61 91 64 42 25 11 57 26 76 99 33 31 66 93 5 68 58 60 22 22 50 94 81 32 89 87 48 49 36 43 20 8 30 88 47 48 70 56 55 23 39 22 86 20 28 70 77 78 18 56 55 48 42 62 56 7 30 63 87 1 38 62 4 73 86 12 27 30 11 63 25 15 96 80 3 12 73 12 60 57 15 5 17 28 94 72 51 97 47 51 65 88 26 14 91 10 50 83 23 79 47 70 25 27 95 69 45 57 1 38 39 86 60 33 62 87 97 8 29 6 30 34 59 66 2 33 10 65 70 15 38 8 100 58 11 78 81 22 72 100 43 35 73 42 44 46 78 15 27 76 76 89 67 56 35 6 44 48 20 97 52 78 98 43 75 53 25 87 59 73 26 61 81 100 60 98 97 9 72 25 18 85 19 69 51 53 74 86 86 44 6 96 95 1 98 9 52 49 85 18 26 9 56 45 68 19 34 44 39 91 75 7 33 62 65 22 43 84 9 97 92 22 49 32 69 27 13 64 67 26 54 46 41 51 3 93 26 74 2 5 32 27 99 64 90 93 48 70 56 50 57 89 74 37 54 9 99 62 33 95 24 79 43 98 66 64 18 72 83 30 57 90 96 18 14 72 35 53 20 97 26 51 67 27 86 86 2 16 17 100 51 22 58 25 21 58 86 38 95 23 53 1 12 51 19 21 43 100 68 73 74 63 62 51 57 40 41 32 8 18 92 29 97 65 2 58 68 29 83 15 78 9 47 46 5 28 77 49 73 42 39 79 36 85 33 8 7 62 2 30 11 68 67 80 85 45 39 38 71 56 38 90 84 46 53 19 29 48 43 88 15 97 37 21 80 17 68 85 56 57 49 17 17 69 73 74 46 79 24 96 96 9 61 50 59 52 69 27 49 67 68 21 29 17 85 15 99 37 37 39 55 80 95 58 46 98 86 20 46 85 54 55 17 55 18 39 52 69 88 35 32 54 31 42 31 89 90 72 11 44 67 53 36 88 12 65 74 28 95 33 77 2 6 56 63 39 65 55 6 55 41 63 78 54 6 46 12 5 50 42 98 38 59 87 84 96 2 75 1 82 70 68 48 76 9 37 65 15 4 40 75 47 70 63 17 64 45 45 13 64 85 31 15 18 11 8 7 29 98 45 97 5 26 72 55 75 24 40 96 75 70 57 60 27 71 44 30 5 79 91 26 77 13 40 5 56 48 45 49 83 46 11 28 19 30 18 61 15 72 64 93 80 88 14 31 33 87 34 48 27 57 69 73 47 50 66 2 73 82 54 55 26 47 43 97 28 32 88 89 47 11 47 16 3 70 5 78 48 76 3 5 89 6 54 89 20 20 1 42 87 2 83 79 64 76 10 59 74 52 58 7 6 71 34 55 53 8 28 66 45 75 68 14 60 16 56 57 66 17 35 13 66 12 77 77 70 31 82 42 56 61 13 63 28 60 47 73 24 49 45 99 94 71 90 65 20 63 2 1 47 91 99 46 14 93 42 8 33 80 86 20 80 37 3 44 38 31 73 34 55 45 27 92 25 54 92 66 65 82 29 51 38 80 50 81 12 77 70 26 39 57 24 81 85 69 36 55 64 49 85 52 13 81 76 66 5 47 88 71 83 41 62 74 7 67 10 28 32 91 75 19 41 21 36 17 64 58 75 35 40 96 40 62 90 19 37 84 25 14 72 38 7 63 4 21 52 67 7 72 92 95 79 65 59 54 72 7 48 86 52 54 21 23 98 16 19 18 24 78 5 13 23 18 20 27 71 56 28 70 55 63 65 87 30 83 98 53 85 24 18 15 85 75 55 53 52 78 42 77 4 4 54 93 44 38 85 51 67 84 77 96 94 27 31 8 91 10 4 25 97 42 38 8 62 87 43 69 23 66 41 64 59 15 90 25 73 86 95 46 41 94 41 100 83 55 92 49 85 82 43 34 22 66 79 9 60 48 90 50 36 94 55 94 15 18 25 5 22 24 70 39 47 93 72 13 33 73 19 42 55 28 11 89 62 32 66 7 12 51 98 96 75 59 50 27 10 67 77 26 44 85 28 44 76 100 35 76 17 17 42 58 92 65 14 70 41 86 54 88 7 50 58 69 2 3 99 45 77 70 61 84 39 21 96 57 72 60 21 84 37 97 45 11 89 23 39 82 6 65 24 63 3 36 59 78 68 90 70 26 97 25 50 52 55 64 60 86 90 20 88 70 64 50 51
1 633 1
1 822 1
1 536 4
1 364 2
1 349 6
1 858 7
1 604 2
1 780 1
1 236 5
1 715 3
1 209 6
1 197 8
1 175 9
1 411 3
1 500 3
1 779 2
1 136 2
1 516 7
1 695 2
1 86 2
1 557 10
1 976 4
1 40 6
1 38 2
1 37 5
1 458 8
1 551 6
1 763 8
1 31 8
1 418 10
1 12 1
1 8 3
1 7 7
1 4 5
1 2 4
2 371 9
2 365 4
2 765 3
2 677 9
2 216 9
2 210 1
2 174 6
2 132 4
2 104 10
2 515 6
2 68 8
2 62 6
2 47 10
2 40 4
2 13 7
3 606 10
3 861 5
3 215 1
3 95 10
3 78 3
3 10 4
3 5 9
4 373 5
4 346 8
4 303 6
4 407 10
4 231 9
4 631 9
4 170 9
4 137 2
4 135 6
4 757 7
4 770 2
4 67 4
4 462 5
4 33 6
4 703 4
4 474 7
4 22 6
4 17 3
4 12 9
4 9 7
4 5 2
5 767 2
5 697 8
5 444 3
5 742 8
5 497 5
5 305 1
5 952 6
5 292 4
5 287 3
5 267 5
5 245 2
5 244 1
5 218 2
5 855 6
5 193 10
5 187 7
5 168 5
5 167 9
5 678 9
5 936 7
5 109 10
5 580 2
5 105 6
5 991 5
5 85 9
5 72 8
5 49 4
5 36 9
5 23 4
5 19 8
5 487 3
5 15 5
5 10 8
5 9 3
5 6 4
6 782 9
6 830 5
6 725 6
6 625 8
6 563 2
6 231 1
6 194 7
6 131 3
6 123 9
6 849 6
6 867 3
6 414 7
6 942 2
6 46 7
6 43 4
6 33 6
6 523 5
6 8 9
7 392 6
7 411 5
7 340 9
7 315 5
7 299 5
7 286 2
7 282 8
7 983 10
7 278 5
7 742 10
7 911 8
7 262 7
7 251 6
7 844 2
7 244 7
7 845 7
7 745 10
7 561 9
7 145 5
7 993 8
7 120 4
7 907 1
7 99 7
7 91 9
7 750 2
7 89 8
7 73 4
7 449 2
7 57 9
7 51 7
7 453 6
7 687 10
7 34 2
7 15 6
7 11 10
7 8 2
8 364 5
8 290 7
8 963 8
8 27 7
9 272 3
9 223 10
9 123 7
9 50 5
10 391 8
10 305 7
10 545 5
10 293 1
10 513 10
10 249 6
10 925 6
10 171 3
10 147 4
10 923 2
10 602 5
10 55 1
10 45 9
10 44 10
10 38 9
11 701 2
11 380 10
11 778 3
11 377 6
11 667 8
11 938 4
11 642 1
11 724 3
11 888 1
11 277 4
11 578 1
11 140 2
11 877 3
11 100 6
11 97 5
11 722 10
11 526 10
11 806 1
11 892 2
11 20 5
11 18 4
11 16 7
12 664 8
12 46 7
12 31 2
13 418 1
13 758 6
13 752 5
13 320 6
13 283 7
13 255 6
13 250 7
13 935 5
13 211 4
13 553 7
13 743 7
13 186 3
13 801 9
13 141 6
13 137 1
13 919 1
13 68 4
13 17 10
14 496 1
14 189 4
14 734 8
15 875 1
15 361 1
15 347 2
15 304 5
15 455 1
15 733 5
15 583 8
15 247 8
15 931 3
15 243 4
15 240 1
15 717 2
15 234 2
15 552 1
15 480 9
15 202 2
15 182 2
15 159 5
15 149 8
15 99 4
15 624 4
15 89 9
15 76 7
15 73 7
15 70 6
15 59 3
15 35 3
15 30 6
15 28 3
15 555 5
15 443 10
15 708 3
16 401 5
16 596 7
16 498 10
16 824 2
16 654 5
16 119 8
16 117 2
16 97 6
16 710 9
16 72 8
16 69 2
16 32 4
17 482 5
17 67 3
17 56 3
18 375 1
18 343 1
18 84 7
18 709 9
19 398 3
19 396 5
19 438 6
19 728 7
19 735 6
19 895 9
19 128 3
19 48 9
19 850 9
20 504 4
21 239 8
21 116 6
21 87 1
22 170 9
22 131 6
23 388 1
23 959 2
23 150 1
23 69 1
23 646 7
23 439 4
24 847 9
24 338 3
24 537 6
24 224 8
24 776 5
25 369 7
25 823 2
25 301 4
25 594 1
25 189 8
26 208 7
26 140 3
27 591 2
28 361 1
28 644 1
28 299 3
28 457 6
28 226 4
28 176 10
29 383 9
29 568 9
29 698 10
29 469 10
29 90 4
30 773 6
30 621 3
30 655 8
31 562 8
32 596 2
32 277 2
32 546 8
32 142 10
32 888 6
32 83 7
32 81 10
32 74 3
33 194 2
33 112 6
33 39 3
34 428 5
34 528 2
34 292 5
34 263 3
34 199 6
34 73 4
34 608 1
34 36 5
34 956 4
35 413 3
35 340 10
35 240 7
35 644 8
35 152 10
35 620 10
36 417 4
36 608 10
36 203 10
36 144 1
36 85 2
36 82 3
37 691 5
37 391 10
37 241 4
37 191 5
37 184 10
37 157 3
37 95 7
37 612 7
38 156 5
38 136 6
38 516 5
38 93 4
38 58 4
38 42 2
38 707 6
39 185 2
39 881 3
39 112 4
40 838 1
40 283 1
40 250 1
40 730 8
40 935 7
40 66 2
41 567 10
41 275 8
41 599 6
41 253 9
41 221 2
41 207 4
41 188 2
41 761 9
41 479 2
41 109 9
41 923 8
41 659 9
41 94 2
41 522 7
42 889 3
42 58 5
43 393 8
43 845 5
43 306 4
43 214 4
43 993 1
44 588 9
44 61 10
45 937 9
45 832 1
45 602 9
45 841 5
45 60 8
47 370 4
47 363 5
47 538 10
47 276 2
47 158 3
47 969 3
47 68 8
48 151 4
49 637 4
49 86 5
50 908 4
51 193 8
51 153 2
51 146 9
52 337 1
52 226 8
52 700 8
52 968 9
52 70 9
52 59 7
53 719 1
53 379 6
53 369 2
53 406 10
53 402 6
53 781 2
53 618 6
53 189 3
53 586 8
53 798 2
53 858 2
53 503 8
54 161 6
54 57 4
55 305 7
55 80 5
56 570 2
56 913 9
56 483 9
56 973 4
56 104 6
56 795 6
56 88 7
56 67 5
56 464 4
56 468 4
57 783 10
57 807 10
57 164 1
58 308 6
58 172 7
58 93 6
58 558 9
59 324 3
59 159 8
60 669 5
60 237 9
60 832 7
60 207 1
60 602 6
60 94 8
61 697 8
61 543 1
63 350 9
63 564 2
63 195 6
64 394 7
64 152 2
65 120 2
68 632 1
68 597 5
68 232 2
68 211 7
68 210 5
68 158 3
68 148 1
68 652 5
69 304 4
69 879 5
69 213 5
69 212 5
69 201 6
69 856 8
69 542 7
69 79 9
70 361 4
70 456 9
70 294 1
70 527 3
70 176 9
71 387 9
71 786 4
71 737 1
72 168 6
73 980 1
73 318 6
73 733 7
73 900 5
73 75 3
74 419 9
74 504 2
75 415 7
75 318 4
75 960 2
75 220 8
75 749 9
75 182 6
75 134 2
75 133 2
75 106 7
75 630 8
75 89 6
75 900 2
76 918 7
76 324 7
76 452 7
76 510 7
76 190 4
76 118 2
76 114 9
77 439 10
77 222 1
77 119 1
77 601 4
79 388 3
79 662 2
79 222 5
79 601 10
79 98 7
79 898 6
79 813 6
79 646 1
80 295 7
80 927 1
80 475 9
80 171 10
82 506 2
82 880 3
82 235 10
82 660 1
83 724 2
84 177 6
84 87 8
85 330 7
85 287 10
85 819 9
85 265 8
85 144 6
86 336 1
87 467 10
87 769 10
88 519 6
88 704 3
89 572 8
89 344 6
89 328 5
89 315 8
89 491 5
89 627 7
89 679 6
89 987 5
89 206 4
89 204 6
89 183 7
89 182 1
89 173 2
89 139 2
89 106 5
89 99 10
89 92 1
89 520 7
91 657 4
91 347 4
91 260 2
91 138 7
91 525 10
93 205 3
93 172 6
95 376 4
95 358 8
95 215 10
95 925 10
97 269 4
97 248 3
97 229 9
97 403 5
97 667 4
98 910 10
98 222 5
98 744 9
99 493 3
99 491 3
99 282 3
99 219 3
100 737 1
101 264 10
101 247 3
101 113 6
102 325 4
102 256 3
102 593 8
103 356 2
103 257 4
103 659 1
103 166 8
103 147 10
103 143 6
105 224 9
106 572 8
106 297 10
106 173 8
106 129 6
106 593 5
107 465 9
107 670 6
107 378 8
107 326 9
107 289 6
107 232 1
107 158 1
107 132 4
107 518 3
107 111 4
107 446 6
109 399 10
109 674 5
109 230 3
109 188 9
110 291 3
110 728 9
111 148 1
112 868 5
113 620 9
113 825 7
113 754 6
114 864 1
115 526 9
119 213 7
120 342 9
120 807 5
121 202 9
121 198 2
122 953 6
123 766 8
123 437 10
123 313 8
123 853 2
125 436 9
126 816 1
127 339 10
127 592 4
127 302 8
127 872 8
127 696 3
128 748 8
129 256 1
129 447 8
130 290 3
132 370 5
132 366 1
132 334 5
132 276 8
132 174 10
133 332 3
133 980 7
133 316 3
133 774 3
133 220 6
133 955 10
134 392 6
134 372 10
134 286 5
134 645 3
134 533 2
135 794 7
137 252 4
138 857 9
138 972 10
138 145 4
139 344 6
139 789 5
140 242 2
141 482 7
143 356 6
143 569 6
143 257 7
143 651 8
143 852 6
144 279 2
144 263 6
144 203 4
144 435 8
144 833 10
145 345 1
145 984 9
145 611 2
145 755 9
145 902 5
147 689 4
147 727 3
147 569 4
147 293 7
147 249 3
147 965 2
147 651 6
151 382 3
152 394 2
152 384 7
152 687 5
153 990 5
154 638 6
155 388 5
155 615 3
155 549 6
155 1000 3
157 391 4
157 184 9
157 887 3
158 289 7
158 632 6
159 452 2
159 190 2
160 378 3
160 854 6
162 383 5
163 745 6
163 846 7
163 883 10
164 342 5
164 492 10
165 180 5
166 736 2
166 727 7
167 831 4
167 417 6
167 899 4
168 487 9
171 927 8
172 205 9
172 848 2
173 739 8
176 700 8
176 319 7
176 259 10
178 181 10
181 562 2
183 739 4
183 297 3
184 713 10
184 484 5
186 821 2
186 597 10
186 721 3
187 557 10
187 352 10
187 197 7
187 938 10
188 275 8
188 930 9
188 221 6
189 369 7
189 714 10
189 496 9
190 324 5
190 584 2
191 241 2
193 306 5
193 214 7
193 445 10
194 942 9
194 563 9
194 629 4
196 321 1
196 478 3
197 352 9
197 589 8
199 956 1
199 251 5
201 723 4
201 836 8
202 427 6
203 639 4
204 397 2
204 206 9
204 640 5
205 707 1
206 440 7
207 237 1
208 242 2
209 625 3
210 821 9
210 812 5
211 363 7
211 966 3
213 836 6
214 445 4
214 842 3
214 964 3
215 606 8
215 861 3
216 281 10
218 952 9
219 627 3
219 271 8
220 461 1
220 873 3
221 748 6
223 346 4
223 489 4
224 991 4
224 537 5
226 796 1
226 968 6
231 815 9
231 471 10
232 326 2
232 310 9
232 459 7
232 289 6
232 494 10
232 632 8
232 465 10
232 896 1
234 387 5
234 410 5
235 417 8
235 508 4
235 683 10
237 253 5
237 634 10
237 424 5
239 354 10
240 814 5
240 243 5
241 514 1
241 484 10
244 556 3
244 800 1
245 976 5
246 881 6
246 784 2
247 754 1
248 269 10
248 953 3
250 283 5
250 470 4
250 801 7
252 517 6
253 360 5
253 590 10
254 488 1
254 895 10
254 280 9
254 431 10
255 320 4
255 517 2
255 553 1
256 447 8
257 356 6
258 906 2
260 857 1
260 611 1
262 454 10
263 608 1
263 609 2
264 620 1
264 772 10
264 825 6
265 610 4
265 890 9
266 284 8
266 539 9
266 988 3
268 270 5
268 887 3
269 953 2
269 403 8
273 516 4
273 598 8
274 286 7
274 579 4
274 576 1
276 765 6
276 334 8
276 515 1
276 538 6
277 986 3
278 600 4
278 449 1
279 330 5
279 435 10
279 663 9
281 408 4
283 573 2
283 470 3
283 460 9
284 690 5
284 511 10
285 834 6
286 348 5
286 309 3
286 791 6
286 576 8
287 357 7
287 819 5
289 605 2
292 353 3
292 945 8
293 689 10
294 905 8
296 774 6
297 298 2
298 430 5
302 339 7
302 872 5
302 696 7
303 312 4
303 619 5
304 673 6
304 654 4
305 513 6
305 686 4
307 464 8
308 486 1
308 558 7
309 576 8
310 327 10
310 605 9
311 614 7
315 876 3
315 826 1
316 461 2
316 372 6
318 374 9
319 905 3
320 628 4
322 408 4
322 532 5
323 711 8
327 605 5
330 839 6
332 630 4
333 542 6
333 741 9
338 811 4
338 840 7
339 399 7
344 789 4
345 857 3
346 985 1
346 770 8
346 489 5
347 422 9
349 500 1
350 940 10
350 477 5
350 564 7
350 932 8
351 521 5
352 780 9
352 557 8
354 385 2
355 929 9
358 909 5
358 545 1
360 522 8
361 457 7
361 480 3
363 969 10
364 367 3
364 907 2
365 368 1
365 903 7
366 370 4
366 670 3
368 416 6
369 688 10
369 402 8
369 823 1
371 483 9
372 645 3
373 703 6
373 758 10
374 749 10
379 442 2
380 722 2
380 701 2
385 920 7
385 731 1
387 426 5
387 410 2
388 978 9
388 1000 4
389 433 1
390 954 6
390 405 4
391 691 9
392 561 1
393 635 10
397 650 1
397 640 3
398 862 1
402 603 9
405 758 7
406 805 6
407 804 5
407 770 8
407 985 6
407 531 2
409 854 10
410 426 9
410 693 10
412 818 9
412 432 7
414 625 3
414 466 4
415 530 10
419 490 8
420 479 10
421 861 3
425 626 6
428 434 4
428 989 8
428 528 4
436 685 9
437 867 10
437 668 10
438 998 8
441 534 6
441 530 3
442 604 6
442 616 10
445 964 9
452 785 3
454 544 9
459 694 1
459 585 4
459 843 8
465 694 4
466 782 8
467 535 3
467 499 2
467 472 8
468 570 8
468 913 10
469 677 9
471 768 7
471 523 6
471 999 5
474 628 3
475 927 2
477 940 8
477 564 9
478 502 1
478 676 9
479 865 9
479 761 10
485 595 7
486 692 1
491 493 1
491 661 1
491 511 1
495 573 7
496 714 5
496 837 10
499 975 1
502 676 8
505 876 2
509 954 6
510 785 2
511 775 3
514 612 9
515 765 5
516 633 4
518 694 1
522 926 10
524 842 3
525 984 10
525 611 1
527 552 6
527 803 2
528 989 2
529 866 9
529 540 10
531 893 6
532 878 9
532 743 10
533 928 9
533 982 6
536 777 4
537 936 8
543 746 6
543 697 3
545 971 9
547 917 2
550 641 6
550 603 10
551 994 3
554 597 10
556 800 10
559 983 3
561 914 2
561 738 10
564 747 2
566 870 7
572 732 7
572 593 8
572 712 7
576 791 8
577 750 6
581 706 1
581 943 1
582 751 8
582 878 4
586 618 4
586 603 7
590 599 6
610 890 6
613 956 5
615 662 6
617 648 3
622 839 6
625 830 7
638 797 9
639 663 7
647 789 6
654 856 5
654 673 2
654 879 5
655 891 4
656 910 1
656 756 3
662 813 2
667 877 4
671 720 5
673 934 6
674 996 10
677 869 1
678 936 4
682 808 1
682 834 6
690 992 5
690 988 10
691 759 10
693 786 1
701 778 2
704 913 5
707 995 6
708 803 3
710 856 4
722 764 6
723 912 3
726 979 3
726 798 9
727 736 4
731 806 5
734 788 8
742 886 1
744 924 10
747 932 5
749 900 3
751 957 7
751 802 7
756 910 6
759 835 4
759 962 4
763 794 8
786 827 5
798 979 4
802 947 5
830 863 2
853 981 6
882 897 7
898 944 7
933 998 1
961 977 8
988 992 9
