1000 1197
5 41 38 70 28 6 22 32 23 95 67 36 16 43 3 53 98 92 47 52 36 84 87 31 5 11 83 74 94 5 24 44 65 5 3 85 43 31 3 4 6 57 68 95 88 11 98 51 62 54 22 94 85 82 33 29 7 99 14 22 55 21 67 78 81 33 17 95 9 51 4 67 57 61 59 81 88 45 47 24 98 14 93 69 24 62 41 39 51 4 63 34 4 30 100 76 96 76 22 38 56 27 24 12 85 39 100 67 81 74 89 43 88 12 89 98 96 61 51 28 82 17 36 32 83 91 70 60 52 38 13 27 62 64 53 69 45 61 24 28 30 30 64 12 41 27 58 40 46 6 38 85 43 27 53 10 76 1 89 51 69 29 8 74 96 80 92 73 14 84 69 74 59 87 67 41 2 79 66 48 63 59 64 67 50 87 16 46 17 28 66 80 76 66 36 32 26 17 74 47 93 67 79 60 29 70 6 85 40 52 78 38 30 97 89 48 74 11 56 27 93 80 17 89 76 14 45 24 87 3 35 80 43 83 36 57 2 75 75 90 79 50 36 65 77 16 80 92 98 31 71 36 14 71 29 73 84 10 94 24 1 18 57 32 3 40 75 27 21 82 66 90 79 20 93 81 60 37 56 89 91 64 28 80 85 57 36 93 75 36 89 93 59 82 85 98 19 60 25 25 48 51 37 93 96 15 88 99 51 11 8 56 98 33 65 62 67 20 36 37 44 73 46 97 18 37 10 95 90 33 34 43 95 89 87 47 77 66 76 100 34 85 18 3 30 78 51 69 88 32 23 16 94 58 96 49 11 32 93 50 51 51 89 99 92 39 79 76 98 58 83 41 23 19 52 54 29 11 48 87 45 26 61 61 31 100 22 21 47 31 26 32 56 45 52 71 22 69 72 26 48 14 71 50 8 60 67 11 10 96 69 12 41 6 15 58 92 26 69 30 77 14 3 24 52 18 32 20 83 52 97 77 3 32 93 78 98 20 72 57 74 83 72 18 70 81 71 64 94 98 25 59 57 46 36 35 56 28 15 5 100 70 76 72 13 50 44 7 48 35 8 96 91 18 67 71 20 82 39 79 69 11 69 86 75 20 72 88 91 81 9 77 3 3 23 17 66 26 91 16 66 11 91 71 23 9 20 82 100 59 22 95 12 67 31 39 78 81 79 31 29 12 1 51 53 93 11 55 43 17 37 78 31 73 82 58 47 47 79 11 64 86 22 2 57 89 19 74 49 26 11 57 17 62 78 92 61 25 93 86 23 38 45 3 83 20 62 7 86 96 20 86 46 19 99 35 41 22 22 51 30 11 100 32 5 1 67 22 12 44 84 97 59 70 100 18 2 9 30 21 46 50 78 59 22 45 32 90 1 92 61 50 29 41 69 43 91 42 64 17 69 23 2 90 67 17 21 91 80 4 61 87 59 80 54 12 7 1 7 65 96 79 19 88 19 89 41 95 73 33 79 48 36 14 45 41 5 2 98 52 88 98 73 94 55 4 94 17 90 69 93 53 23 19 87 57 76 76 31 1 86 59 44 89 77 95 86 31 69 65 50 54 69 13 65 23 52 8 48 77 1 84 25 4 27 57 87 89 6 28 50 42 4 24 30 48 81 9 62 25 58 9 24 74 63 89 43 89 4 30 94 20 59 27 56 13 14 33 93 19 59 30 44 43 67 17 83 30 60 88 68 88 11 54 91 51 51 90 95 55 77 71 11 28 25 1 72 77 85 10 85 2 26 75 27 29 81 68 22 42 13 4 53 88 34 88 72 24 16 39 82 29 29 68 62 90 58 9 69 35 85 85 25 4 6 1 99 92 81 39 35 9 86 67 49 10 61 54 74 42 50 8 66 63 74 25 46 64 92 62 67 22 48 74 30 60 91 31 31 46 43 17 91 99 60 14 37 27 10 67 67 36 31 34 80 36 36 99 83 36 88 42 87 77 25 10 72 18 59 19 33 37 19 71 21 54 33 85 90 18 30 66 59 76 49 72 80 64 39 95 96 24 90 85 19 88 31 26 70 69 83 60 52 89 14 40 60 56 73 71 79 6 84 39 56 73 95 68 14 62 25 15 27 100 78 60 52 96 99 17 11 5 55 35 70 24 53 27 60 1 20 53 26 18 16 68 51 4 80 26 15 12 53 30 30 57 46 21 57 83 93 40 89 41 49 75 33 44 94 49 88 34 96 18 99 90 68 21 16 97 74 34 42 9 46 12 3 8 55 70 77 95 95 47 7 70 55 9 21 91
1 376 7
1 348 9
1 607 3
1 760 6
1 289 5
1 287 4
1 771 4
1 624 4
1 232 7
1 414 3
1 427 5
1 709 8
1 404 10
1 484 7
1 173 7
1 705 9
1 136 2
1 671 3
1 602 2
1 99 1
1 80 9
1 402 6
1 51 8
1 48 3
1 45 3
1 948 4
1 35 1
1 717 6
1 26 6
1 15 10
1 4 6
2 387 1
2 970 4
2 428 3
2 345 3
2 691 8
2 678 3
2 332 3
2 322 8
2 756 5
2 452 10
2 273 7
2 611 5
2 270 3
2 261 2
2 234 10
2 950 5
2 214 10
2 189 2
2 168 3
2 167 6
2 166 6
2 165 6
2 149 3
2 566 7
2 975 4
2 654 7
2 704 6
2 106 10
2 100 10
2 662 8
2 86 9
2 79 10
2 65 2
2 52 3
2 49 10
2 47 5
2 44 1
2 38 8
2 37 3
2 30 1
2 886 5
2 28 1
2 27 5
2 22 8
2 13 4
2 11 3
2 9 2
2 7 5
2 6 4
2 5 3
3 453 6
3 295 7
3 489 6
3 266 5
3 526 4
3 198 3
3 676 4
3 126 1
3 82 6
3 593 4
3 950 10
3 713 8
3 44 3
3 41 9
3 23 6
3 752 1
3 5 8
4 665 2
4 878 6
4 366 2
4 484 7
4 340 7
4 491 8
4 298 2
4 273 6
4 272 8
4 868 1
4 995 4
4 441 5
4 231 6
4 473 10
4 215 7
4 722 6
4 206 1
4 127 8
4 125 4
4 119 1
4 116 5
4 525 8
4 91 2
4 580 1
4 43 9
4 26 9
4 625 10
4 19 4
4 15 2
4 14 8
4 13 2
4 12 7
4 5 6
5 756 4
5 708 6
5 482 1
5 598 7
5 169 6
5 100 10
5 712 3
5 83 10
5 410 1
5 490 6
5 50 10
5 38 8
5 31 4
5 25 7
5 23 3
6 266 1
6 716 8
6 476 2
6 164 6
6 92 4
6 72 2
6 53 4
6 23 2
7 379 7
7 511 10
7 349 5
7 761 3
7 239 6
7 230 6
7 57 7
7 21 5
8 283 7
8 278 3
8 540 4
8 237 8
8 770 9
8 564 8
8 658 1
8 639 3
8 591 3
8 45 3
8 20 9
8 17 7
8 16 3
8 614 9
8 859 7
9 425 6
9 462 5
9 368 9
9 354 3
9 744 8
9 327 8
9 974 9
9 843 6
9 302 6
9 246 6
9 748 5
9 402 2
9 459 9
9 689 2
9 143 10
9 136 6
9 133 7
9 117 4
9 631 10
9 85 3
9 81 7
9 73 6
9 951 2
10 386 3
10 581 4
10 626 5
10 797 2
10 450 2
10 208 5
10 121 1
10 116 2
10 111 2
10 56 9
10 43 9
10 24 10
10 19 10
11 796 9
11 929 5
11 519 9
11 344 8
11 284 2
11 274 8
11 129 7
11 128 9
11 125 2
11 124 10
11 727 6
11 38 1
12 365 1
12 624 7
12 330 2
12 717 7
12 225 3
12 219 6
12 173 7
12 160 5
12 432 1
12 963 6
12 126 10
12 41 6
12 39 4
12 15 4
13 922 10
13 641 4
13 563 6
13 190 8
13 153 8
13 128 8
13 977 6
13 796 7
13 54 4
13 46 1
13 37 1
14 331 7
14 958 6
14 729 9
14 206 9
14 159 2
14 135 1
14 438 10
14 109 3
14 579 4
14 615 4
15 397 3
15 571 3
15 363 4
15 300 5
15 298 3
15 294 9
15 868 8
15 281 3
15 231 2
15 113 5
15 667 4
15 885 1
15 34 5
15 620 4
16 484 7
16 722 8
16 672 8
17 573 6
17 89 2
17 59 8
17 40 7
17 543 7
18 377 5
18 528 10
18 614 4
18 769 2
18 897 9
18 132 8
18 103 5
18 73 6
18 62 3
18 48 6
18 36 9
18 33 7
19 306 10
19 257 10
19 111 3
19 894 10
19 66 9
19 49 2
19 24 5
20 684 5
20 317 5
20 314 2
20 283 5
20 966 9
20 692 6
20 690 8
20 36 10
21 399 5
21 353 9
21 291 8
21 596 7
21 114 1
21 27 8
22 194 9
22 596 6
22 826 8
22 156 9
22 647 3
22 87 4
22 27 7
23 369 8
23 855 7
23 241 2
23 502 3
24 505 8
24 96 10
24 90 5
24 79 1
25 255 3
25 584 7
25 522 3
25 107 6
26 389 2
26 760 6
26 251 5
26 211 5
26 777 10
26 838 10
26 94 9
27 399 8
27 242 5
27 87 5
28 350 10
28 273 5
28 144 9
28 49 5
28 887 8
29 812 9
29 158 4
29 152 3
29 664 4
29 962 5
29 46 4
29 30 10
30 54 2
30 37 7
31 828 5
31 720 10
31 149 1
32 317 9
32 305 9
32 433 3
32 642 2
32 954 2
32 33 2
33 430 9
33 305 5
33 188 7
33 174 6
33 143 5
34 280 8
35 294 2
35 251 7
35 55 9
35 644 5
36 283 3
37 696 7
37 813 4
37 549 2
37 909 7
37 795 8
37 95 6
37 65 1
38 805 2
38 296 4
38 719 5
38 185 3
38 180 1
38 498 9
38 598 5
39 225 9
39 212 10
39 210 10
39 178 1
39 948 10
39 449 9
39 603 1
39 41 10
40 400 8
40 394 1
40 892 9
40 320 6
40 308 10
40 200 2
40 517 4
40 148 4
40 594 1
40 109 2
40 903 4
41 824 9
41 827 2
41 721 2
41 668 8
42 477 9
42 380 7
42 948 1
42 219 9
42 801 7
42 682 9
42 768 5
43 386 3
43 213 9
43 957 6
43 176 7
43 172 5
43 56 1
44 791 8
45 468 1
45 845 10
45 814 1
45 51 5
45 48 3
46 352 7
46 962 4
46 153 4
46 152 4
46 88 1
46 54 5
47 613 3
47 102 10
47 790 7
48 528 10
48 337 8
48 715 9
48 103 7
48 544 4
49 553 3
49 358 4
49 240 7
49 463 2
49 204 3
49 106 3
49 942 10
49 68 2
50 855 4
50 584 5
51 778 5
51 427 3
52 357 4
52 537 6
52 284 1
52 423 7
52 69 8
52 520 3
53 401 7
53 888 2
53 315 4
53 681 1
53 169 9
53 163 6
53 140 6
53 648 5
53 454 5
53 98 7
54 352 7
54 547 9
55 667 1
56 670 7
56 183 8
56 121 5
57 245 2
58 279 8
58 276 9
58 92 9
59 331 2
59 320 3
59 533 3
59 216 10
59 209 3
59 200 1
59 148 9
59 465 8
59 1000 8
60 353 4
60 245 3
60 916 1
60 521 6
61 325 8
61 417 4
61 210 3
61 964 3
62 455 7
62 132 6
62 651 4
63 80 1
64 336 5
64 269 3
64 218 3
64 527 8
65 373 10
65 938 7
65 808 3
65 909 8
65 130 8
65 696 7
65 922 1
66 392 6
66 340 8
66 213 8
66 176 7
66 112 5
66 91 9
66 75 4
67 286 5
67 996 2
68 475 7
68 413 7
69 284 4
69 224 10
70 314 7
71 229 1
71 905 6
71 778 5
72 476 3
72 900 7
72 186 1
72 605 4
73 404 5
73 908 10
73 181 1
73 402 10
74 263 9
74 248 6
74 97 9
74 422 8
75 301 4
75 127 6
75 91 3
76 904 9
76 381 5
76 728 6
76 750 10
76 243 5
76 161 4
76 84 6
76 654 5
77 976 1
77 341 10
77 555 6
77 894 9
77 669 2
77 170 7
77 446 10
77 447 10
77 123 3
77 86 2
77 534 3
78 396 9
78 357 6
79 382 10
80 287 10
80 683 6
81 381 6
81 685 7
81 247 6
81 235 5
81 660 2
81 750 9
81 84 6
81 699 7
81 734 5
82 502 7
82 137 7
83 255 3
83 735 4
83 572 7
83 107 4
83 680 9
83 882 8
84 823 4
85 411 9
85 346 10
85 993 3
85 247 6
85 133 2
85 738 1
87 915 3
87 293 2
87 499 2
87 194 9
87 912 8
87 582 4
88 352 4
88 568 7
88 547 8
90 391 4
90 538 9
90 865 8
90 253 10
90 976 3
90 123 7
90 562 3
91 673 7
91 597 9
91 127 1
93 575 4
94 211 6
94 177 1
94 822 2
95 955 3
95 795 2
95 937 3
96 446 1
96 351 10
96 253 6
96 179 6
96 101 8
96 765 3
97 263 8
97 248 3
97 806 2
97 178 6
97 633 5
98 888 4
99 980 7
99 195 9
99 539 2
99 700 8
99 602 7
100 410 9
101 534 10
101 578 8
101 446 7
101 851 9
102 217 9
102 166 1
102 149 7
102 120 5
102 110 5
103 528 3
104 485 9
104 981 2
104 269 8
104 731 4
104 409 4
104 837 7
104 118 5
104 754 3
104 541 3
106 678 4
106 463 5
106 566 2
107 324 2
108 567 5
108 482 3
108 858 7
108 708 2
111 516 9
112 698 10
113 300 2
113 160 5
114 291 7
115 355 10
115 529 10
115 235 3
115 732 10
115 117 5
115 440 8
115 428 9
116 366 2
116 450 5
116 590 2
116 570 3
116 487 3
116 803 10
117 638 8
117 310 5
117 748 6
117 168 9
117 500 1
117 730 10
119 747 9
119 420 8
120 275 10
120 265 8
120 217 8
120 890 2
121 552 3
121 183 1
122 367 1
122 497 9
124 746 4
124 274 10
124 224 5
124 189 10
124 619 5
125 311 1
126 949 4
127 491 2
127 967 3
128 343 10
128 783 10
128 184 2
128 924 10
129 836 3
129 426 10
129 988 7
129 599 8
130 504 3
133 421 5
133 744 9
134 371 8
134 336 5
134 277 4
134 587 6
135 958 2
136 333 2
136 154 5
136 138 1
137 875 1
137 146 9
138 333 8
138 408 9
139 504 8
140 347 7
140 939 5
140 197 10
140 163 4
141 477 2
141 380 4
141 456 4
141 195 5
142 245 1
143 604 7
143 318 7
143 305 5
143 833 5
144 358 7
144 204 7
145 703 4
145 588 6
145 515 4
145 839 10
148 742 3
148 518 2
148 209 8
148 199 8
151 953 2
152 563 4
152 577 1
152 810 1
152 956 10
153 445 10
153 872 5
153 641 5
153 707 9
155 718 4
155 438 1
160 262 8
162 254 2
163 197 3
163 169 1
163 503 4
164 996 10
164 171 10
164 480 2
166 550 4
170 538 10
171 554 4
171 227 7
172 395 1
172 207 1
177 822 10
178 212 7
178 603 3
180 419 3
180 316 6
180 296 3
180 703 6
180 860 8
180 559 5
181 354 10
182 873 3
182 541 10
182 944 6
182 656 7
182 277 3
182 587 2
182 879 6
182 485 6
183 203 3
183 737 4
183 670 9
183 987 10
184 664 2
184 451 10
185 296 6
185 934 3
185 805 7
185 661 7
187 274 1
190 542 7
192 559 1
194 867 8
194 912 1
194 736 1
194 677 10
195 700 3
195 539 7
196 297 8
196 198 3
196 862 10
196 417 8
197 972 3
197 490 8
198 297 2
198 721 7
198 713 3
198 827 4
199 393 5
199 384 4
199 901 3
199 372 1
199 818 8
199 282 1
199 233 9
199 200 9
199 1000 6
199 834 8
200 517 6
200 288 10
200 818 10
202 733 5
204 942 4
204 553 10
205 312 1
205 807 2
206 874 4
206 429 3
207 395 2
207 437 5
207 753 10
207 574 7
207 492 4
207 870 9
208 407 2
210 964 10
212 994 7
213 979 5
215 365 1
215 439 1
216 615 3
216 221 10
216 847 8
216 507 2
217 530 5
218 356 7
219 256 1
219 857 9
219 990 3
220 387 7
220 328 8
220 762 6
221 742 5
222 321 1
223 679 4
224 921 4
225 449 6
225 330 8
225 666 2
226 997 7
229 348 10
230 349 8
230 531 1
230 443 1
231 571 8
232 339 9
232 289 1
233 288 8
235 355 7
235 529 2
236 805 3
237 591 5
238 335 1
238 899 9
240 930 4
244 764 6
246 317 9
247 364 2
247 307 5
247 951 6
248 576 1
248 585 6
249 259 7
249 456 4
252 806 8
254 304 6
255 650 4
255 932 5
257 261 7
257 403 3
257 894 9
258 558 9
258 436 3
261 825 6
265 890 5
265 530 10
266 941 6
266 716 8
267 515 5
268 374 5
268 347 7
268 724 1
268 454 4
268 918 6
269 731 2
269 981 9
270 390 5
272 525 9
272 936 6
272 663 5
272 464 4
272 989 7
274 619 8
277 362 5
281 397 4
281 300 5
282 394 9
282 889 6
282 902 2
282 789 9
283 658 8
284 537 9
284 929 7
286 319 2
286 309 7
287 683 7
294 757 3
295 824 4
295 561 2
297 713 5
302 604 8
302 327 6
302 840 4
303 587 8
304 439 1
307 364 10
307 431 1
308 384 8
308 594 4
308 903 4
308 523 8
308 657 6
310 730 8
311 464 8
311 702 2
313 569 1
313 876 10
313 832 6
315 809 6
315 508 5
316 661 3
318 430 8
318 604 6
325 964 8
328 387 7
328 762 4
331 466 9
332 782 8
332 911 4
332 452 2
332 609 6
333 385 10
333 462 9
333 998 3
333 459 9
334 884 7
334 838 6
335 899 7
336 362 10
337 468 2
337 481 3
338 639 3
339 414 7
340 392 1
340 441 7
342 848 1
345 660 10
346 689 2
346 786 5
347 374 5
348 427 2
349 361 9
349 531 4
350 356 5
353 586 6
357 396 1
359 638 9
360 376 2
361 792 3
363 483 1
364 411 10
364 460 10
365 432 4
367 497 1
371 754 3
371 758 7
372 493 8
372 415 2
372 442 1
375 941 6
376 913 8
378 408 4
379 511 6
380 477 1
382 505 4
382 589 3
383 564 9
384 523 8
384 474 10
384 657 6
385 462 8
386 957 1
387 762 4
388 426 1
389 711 9
390 921 10
392 434 3
395 725 4
396 763 10
396 423 2
396 723 7
398 837 9
401 595 10
401 486 7
406 547 7
406 568 7
407 935 6
407 832 2
411 621 7
412 882 3
412 735 5
413 608 4
414 509 1
416 775 2
416 448 1
418 526 9
420 429 3
421 744 8
422 601 9
424 814 8
429 610 10
431 685 6
434 861 3
436 725 8
437 725 6
437 753 8
442 710 6
443 687 4
446 534 4
446 952 5
446 471 8
447 943 4
450 590 5
450 646 5
450 581 7
452 704 5
453 881 2
453 862 2
453 676 5
455 551 4
455 831 7
460 621 7
464 702 7
464 991 7
464 663 2
465 533 2
470 770 10
470 540 6
473 695 6
474 657 3
480 996 5
486 595 1
487 626 6
492 513 9
496 931 8
506 843 5
507 847 8
508 918 10
509 927 3
509 671 2
513 574 7
522 712 7
524 680 10
524 982 1
527 592 8
528 769 3
533 741 6
534 578 4
534 952 4
534 851 8
535 776 2
540 784 9
545 716 4
548 793 8
548 617 2
551 831 2
555 669 5
561 721 2
563 577 5
564 975 6
566 678 2
572 635 1
577 697 3
579 591 6
582 826 1
582 647 8
588 751 3
588 719 5
598 756 4
601 633 1
602 726 7
605 900 6
605 959 7
607 714 2
612 788 8
612 784 5
622 816 3
629 790 2
631 786 7
633 811 9
635 888 2
640 745 10
642 833 2
642 907 9
648 780 5
650 655 6
654 985 10
655 932 9
666 857 5
672 722 9
673 967 10
675 874 2
676 881 4
677 867 1
677 912 1
677 736 8
679 971 2
687 772 10
687 693 4
693 829 4
696 909 7
701 960 1
701 835 5
701 926 4
704 886 4
706 850 5
707 810 2
723 763 4
737 987 2
737 935 9
741 766 7
746 836 1
759 828 4
760 884 2
761 816 1
767 798 5
771 898 7
771 910 3
791 950 2
801 980 8
807 924 4
809 896 9
810 872 8
816 917 5
828 877 7
832 935 6
833 907 10
839 858 1
851 906 3
862 881 6
877 970 6
898 910 1
898 963 5
921 969 2
