1000 1197
5 39 16 100 67 78 4 54 7 3 59 64 17 71 93 39 46 98 75 93 80 72 8 47 23 57 85 44 6 52 1 47 95 87 29 38 16 78 92 92 74 38 49 81 97 84 12 21 94 17 21 76 45 87 46 52 81 4 23 32 63 24 29 76 35 41 62 86 79 6 99 6 62 52 47 1 89 77 18 25 48 25 56 24 77 54 4 34 70 98 4 22 28 4 63 52 20 61 45 79 6 45 17 74 36 88 40 85 99 15 80 76 41 26 51 72 91 23 59 30 32 8 96 30 11 1 94 57 21 55 19 88 26 87 51 17 2 66 83 75 44 19 81 100 28 72 36 68 29 1 44 13 91 48 77 53 10 63 52 87 68 61 24 12 72 100 56 12 4 96 6 49 20 46 52 15 99 83 38 67 14 86 21 85 16 43 75 87 61 41 88 7 94 92 93 57 57 46 94 59 58 24 99 55 4 70 6 41 20 55 95 53 38 85 6 68 64 17 58 53 91 23 50 69 20 5 23 91 4 68 14 10 40 80 46 94 39 88 77 25 18 43 25 73 19 78 87 75 23 47 46 6 67 62 34 46 94 43 73 61 41 19 91 78 91 2 44 79 6 64 17 17 99 49 34 22 3 70 10 55 90 64 72 13 94 66 49 8 93 7 87 77 54 97 45 100 89 95 56 14 94 12 77 2 15 73 39 5 23 54 55 44 47 11 46 21 20 94 30 84 42 83 59 86 16 96 52 22 1 60 39 57 9 14 4 62 17 12 92 42 63 91 17 100 15 29 39 9 52 75 95 67 61 93 88 75 100 44 22 11 23 22 18 48 51 79 52 8 24 72 77 25 58 39 78 45 94 96 2 50 13 53 91 11 84 49 50 13 88 71 9 94 8 83 40 26 11 79 93 55 49 76 68 34 44 15 51 20 5 78 5 52 28 22 78 22 91 46 30 79 44 12 16 68 12 31 38 78 33 24 2 96 70 82 79 50 73 80 93 64 98 60 52 10 100 65 27 4 46 22 2 42 24 41 36 100 11 30 30 76 51 88 83 47 86 18 13 26 17 49 88 25 94 66 15 37 36 59 82 76 22 74 100 7 76 34 66 90 17 55 5 100 8 14 12 57 50 60 62 76 94 6 94 94 98 83 99 22 21 40 45 17 79 55 4 36 51 82 37 84 3 27 77 41 76 86 68 57 13 96 68 89 60 7 24 91 56 6 54 45 37 53 89 91 70 84 92 61 91 71 33 61 96 33 94 24 20 83 51 56 96 18 82 53 24 41 40 15 76 24 79 98 78 58 4 64 76 30 16 68 52 89 93 65 96 89 18 9 72 45 33 76 69 99 44 3 66 57 83 92 50 30 77 4 3 12 43 94 83 43 49 70 64 99 78 68 45 78 100 28 40 76 75 54 29 51 73 31 14 84 87 23 60 86 7 78 38 34 79 83 15 75 68 72 26 7 53 12 19 58 83 62 55 44 57 80 77 55 36 49 100 1 77 76 78 39 74 9 68 83 6 82 63 90 28 98 13 81 74 45 57 30 89 13 63 31 50 38 95 16 70 19 20 76 90 96 82 35 72 84 90 53 59 58 9 69 31 93 7 42 27 59 13 42 48 83 75 45 85 84 17 100 97 15 18 2 5 91 96 46 7 79 9 84 97 33 3 16 71 67 26 12 10 87 71 84 38 87 19 94 74 84 25 68 17 95 69 92 28 14 8 8 21 38 71 17 10 58 72 35 38 1 60 47 48 76 28 23 49 72 50 34 36 48 29 33 44 36 87 4 45 68 74 46 99 29 39 54 74 97 16 42 2 7 48 87 42 100 59 73 44 53 17 96 48 76 46 30 68 86 41 31 19 46 62 10 15 2 86 36 81 74 35 5 13 95 75 79 45 7 84 20 13 78 100 83 16 80 19 89 89 8 80 79 35 16 23 58 56 19 39 18 90 9 40 84 83 26 95 61 48 16 98 15 77 94 29 39 86 74 10 91 5 24 44 17 26 100 19 13 9 23 30 37 1 62 99 42 74 53 60 69 67 72 3 78 87 36 7 4 67 68 93 49 75 69 89 39 38 9 17 37 68 94 86 24 19 67 21 81 55 83 71 10 84 53 32 67 41 52 19 1 89 75 30 12 55 86 24 24 59 64 84 42 71 43 95 48 4 30 40 9 4 25 9 30 81 39 27 90 48 15 53 67 33 58 84 92 40 49 56 98 51 63 24 70 12 43 64 30 27 36 28 74 54 98 95 91 3 51
1 953 2
1 431 6
1 368 6
1 589 4
1 328 3
1 967 3
1 657 8
1 228 5
1 901 4
1 550 4
1 164 6
1 499 6
1 828 2
1 134 3
1 64 1
1 56 3
1 54 5
1 51 5
1 40 7
1 36 4
1 18 10
1 15 7
1 13 2
1 4 3
2 400 9
2 389 9
2 344 9
2 685 5
2 279 4
2 448 10
2 197 9
2 558 3
2 968 6
2 155 1
2 92 2
2 470 7
2 43 3
2 42 4
2 3 6
3 399 9
3 398 2
3 387 7
3 676 6
3 898 6
3 914 10
3 365 2
3 667 9
3 334 3
3 321 2
3 538 2
3 764 4
3 519 8
3 739 6
3 901 5
3 239 4
3 234 9
3 224 1
3 217 8
3 213 8
3 204 9
3 175 7
3 172 9
3 457 4
3 911 4
3 144 9
3 677 8
3 101 2
3 92 2
3 816 7
3 938 2
3 493 8
3 63 5
3 62 4
3 42 7
3 503 10
3 28 3
3 16 6
3 13 6
3 11 5
3 8 2
4 982 4
4 541 9
4 372 7
4 941 5
4 357 7
4 510 8
4 889 2
4 307 1
4 293 4
4 251 7
4 244 3
4 684 9
4 890 7
4 220 10
4 200 6
4 198 9
4 821 10
4 611 1
4 161 5
4 912 8
4 126 10
4 765 7
4 118 9
4 110 6
4 579 4
4 553 9
4 29 7
4 20 10
4 7 4
5 383 4
5 348 10
5 402 3
5 269 1
5 262 8
5 224 7
5 215 9
5 208 5
5 182 3
5 950 4
5 135 3
5 124 9
5 543 8
5 96 10
5 89 9
5 79 8
5 60 6
5 57 5
5 37 2
5 29 8
5 21 7
5 11 10
6 389 10
6 327 7
6 445 1
6 257 10
6 195 7
6 849 8
6 481 1
6 157 3
6 141 9
6 133 3
6 120 2
6 653 9
6 51 5
6 808 10
6 38 5
6 829 1
6 20 7
6 17 5
6 10 3
7 715 9
7 482 3
7 609 8
7 210 2
7 486 2
7 958 7
7 555 8
7 409 3
7 75 3
7 58 8
7 32 10
7 10 5
8 515 3
8 755 7
8 291 10
8 270 2
8 809 5
8 101 7
8 595 1
8 67 8
8 24 9
8 15 4
8 14 1
8 13 6
9 1000 9
9 695 5
9 285 10
9 221 8
9 148 7
9 113 6
9 79 7
9 49 9
9 31 6
9 30 8
10 364 5
10 352 9
10 332 9
10 290 5
10 283 5
10 212 9
10 477 9
10 597 3
10 165 6
10 928 10
10 162 9
10 146 10
10 145 1
10 99 7
10 50 5
10 40 3
10 17 9
10 687 3
11 363 1
11 535 3
11 890 8
11 681 5
11 462 5
11 104 9
11 667 3
11 29 2
12 327 10
12 313 3
12 481 7
12 202 2
12 188 9
12 106 4
12 558 4
13 325 4
13 446 9
13 515 2
13 291 8
13 270 6
13 254 4
13 787 9
13 229 2
13 216 7
13 207 4
13 172 2
13 828 6
13 693 1
13 427 5
13 129 9
13 745 6
13 676 10
13 112 6
13 580 5
13 83 3
13 63 8
13 861 9
13 47 10
13 411 4
13 28 5
13 27 9
13 26 7
13 19 3
13 14 8
14 427 4
14 784 1
14 902 5
14 181 3
14 724 1
14 428 10
14 82 1
14 54 9
14 23 1
14 15 2
15 54 3
15 25 6
16 502 1
16 287 1
16 264 7
16 254 9
16 598 10
16 898 4
16 536 4
16 166 5
16 123 7
16 91 7
16 65 5
16 64 10
16 62 10
16 569 6
16 27 4
17 871 5
17 706 2
17 253 1
17 870 10
17 154 9
17 970 9
18 698 5
18 802 9
18 479 5
18 193 10
18 435 1
18 173 6
18 31 1
18 779 9
19 839 8
19 598 8
19 645 7
19 65 8
19 27 5
19 22 2
19 722 6
20 637 2
20 170 10
20 578 6
20 466 7
20 43 1
21 402 6
21 432 7
21 30 4
22 554 9
22 335 6
22 937 7
22 255 8
23 288 3
24 648 4
24 387 4
24 354 3
24 682 9
24 199 7
24 911 3
24 457 8
24 67 6
24 28 7
25 626 5
25 755 2
25 607 9
26 172 5
27 65 10
28 983 1
28 507 5
28 787 8
28 904 2
28 580 9
28 63 1
29 585 8
29 267 7
29 564 10
29 247 10
29 241 10
29 875 3
29 982 10
29 117 2
29 104 5
29 86 9
29 750 8
29 48 7
29 41 1
30 402 9
30 57 5
31 392 2
31 867 10
31 302 7
31 186 3
31 173 4
31 153 10
31 142 1
31 128 1
31 119 3
31 36 3
31 729 2
32 486 1
32 409 2
32 928 1
33 214 7
33 804 10
33 93 2
33 72 5
33 66 7
33 946 1
33 599 5
34 322 4
34 654 3
34 231 5
34 210 7
34 984 7
34 103 9
34 924 6
34 505 2
35 540 3
35 316 4
35 104 10
35 77 6
35 601 2
36 479 4
36 698 1
36 174 5
36 173 5
36 417 8
36 56 10
36 710 3
37 893 1
37 991 7
37 237 4
37 135 4
37 462 4
37 81 8
38 692 1
38 343 8
38 869 2
38 300 7
38 284 2
38 283 10
38 238 8
38 566 2
38 145 8
38 998 10
38 105 8
38 84 4
38 40 3
38 913 6
39 77 2
40 742 3
40 265 7
40 238 8
40 105 3
40 565 4
40 94 5
40 550 7
41 810 10
41 758 1
41 345 2
41 274 8
41 837 8
41 196 2
41 714 4
41 117 10
41 893 2
42 694 2
42 329 3
42 610 9
42 773 10
42 934 8
42 204 10
42 161 3
42 92 10
43 491 9
43 770 7
43 445 6
43 523 10
43 470 8
43 968 6
43 78 5
43 578 6
44 689 8
44 619 1
44 197 8
44 685 7
44 188 8
44 52 9
44 732 8
45 331 7
45 319 1
45 217 6
45 59 1
45 595 1
46 657 10
46 235 4
46 510 4
47 674 1
47 842 3
47 899 1
47 255 5
47 167 8
47 554 1
47 937 9
48 533 4
48 272 10
48 990 10
48 81 10
48 69 5
49 522 9
49 225 5
49 127 4
50 854 5
50 444 2
50 160 9
50 146 1
50 864 10
50 94 7
50 84 1
50 516 7
51 932 3
51 139 2
51 936 6
52 350 8
52 689 4
52 410 7
52 106 1
52 448 6
54 589 7
55 552 2
55 200 6
55 141 7
56 437 7
56 615 4
57 243 1
57 208 2
57 183 4
57 591 10
58 951 4
58 865 6
58 921 10
58 108 4
58 103 2
58 75 6
59 177 4
59 771 7
59 125 3
59 72 6
60 535 2
60 988 8
60 363 5
60 269 8
60 234 2
60 571 1
61 314 4
61 512 2
61 873 1
61 130 4
61 125 7
61 929 8
61 72 3
62 992 5
62 97 6
62 90 6
63 207 6
63 98 5
64 249 6
64 708 3
64 203 2
64 819 5
65 722 2
65 763 4
66 856 8
66 599 3
67 682 8
67 282 7
67 277 10
67 630 1
67 751 8
67 756 2
67 101 6
68 495 8
68 116 3
68 716 7
69 546 8
70 442 4
71 446 3
71 87 10
71 82 2
72 397 1
72 620 7
72 458 3
72 804 9
72 315 3
72 306 10
72 297 3
72 260 4
72 433 8
72 818 6
72 452 7
72 456 10
72 788 6
72 782 4
72 187 6
72 806 9
72 159 3
72 573 5
72 143 9
72 130 5
72 125 2
72 424 10
73 538 3
73 194 3
73 175 10
73 832 1
74 474 4
74 153 5
74 128 5
74 509 7
74 777 8
75 210 9
76 502 5
76 569 1
77 540 8
78 318 6
78 278 8
79 441 3
79 430 5
79 256 10
79 182 1
79 696 2
79 113 2
79 96 7
80 493 1
80 97 1
81 489 9
81 301 2
81 795 6
82 813 6
82 518 8
82 181 1
82 129 2
83 341 8
83 603 9
83 203 5
84 548 10
84 212 1
84 632 3
85 377 8
85 267 3
85 241 10
85 758 9
86 875 1
88 860 1
88 840 6
88 313 6
89 111 3
89 845 4
89 857 7
90 701 7
90 156 8
90 567 10
92 909 7
93 306 4
93 512 5
93 260 5
93 977 3
94 910 6
94 913 9
94 294 6
94 284 3
94 504 6
94 721 3
94 160 10
95 845 4
95 583 4
95 111 6
95 639 4
96 447 10
96 430 3
96 208 2
96 190 1
96 441 10
97 487 3
98 727 6
99 617 6
100 659 1
100 127 2
101 630 8
102 257 4
102 245 9
102 195 8
103 180 10
103 157 6
103 138 2
103 922 8
103 776 1
104 574 6
104 286 5
104 247 4
105 265 8
105 107 6
106 188 9
107 343 4
107 425 7
108 925 6
108 201 9
109 527 8
109 342 9
109 415 10
109 915 5
109 984 7
109 138 3
109 137 6
110 749 5
110 954 3
111 583 2
111 877 4
111 488 7
112 754 1
113 725 8
113 256 9
114 312 6
114 150 9
117 767 7
118 830 5
118 510 1
119 872 5
120 669 7
120 205 3
121 263 9
121 760 4
122 757 1
122 266 7
123 621 2
123 794 7
123 310 10
123 249 2
123 218 1
124 295 4
124 171 9
126 378 4
126 552 8
126 226 3
126 220 8
126 633 3
126 192 9
126 741 1
126 404 8
128 302 9
128 744 4
128 186 7
128 414 4
128 850 10
129 647 6
129 216 3
129 181 4
129 428 2
130 631 2
130 140 6
131 494 6
131 319 6
131 964 9
131 177 8
133 278 5
133 635 7
133 185 2
133 517 7
133 445 3
133 805 10
134 783 8
135 462 3
135 465 3
136 419 8
136 355 1
137 917 4
138 342 9
140 330 10
140 651 10
141 394 3
142 328 3
142 148 8
143 512 6
143 785 10
143 561 9
144 382 4
144 356 8
144 321 2
144 622 6
144 169 7
144 799 6
145 549 5
145 572 2
146 854 4
146 162 6
146 152 8
147 931 10
148 289 10
148 945 1
150 981 3
151 304 9
151 985 7
152 304 10
152 985 5
153 534 1
153 230 4
153 414 10
155 334 6
155 279 5
155 581 6
156 213 5
156 793 8
156 451 2
156 567 6
158 668 10
158 326 3
158 691 9
158 624 2
159 525 10
160 473 10
160 910 9
161 941 3
162 380 10
162 673 9
162 597 3
163 258 10
164 209 8
165 281 10
165 245 10
165 863 7
165 616 4
166 261 8
167 411 1
168 543 3
168 262 1
168 430 10
169 816 7
169 204 10
169 501 3
169 622 4
171 369 8
171 995 6
173 193 7
174 351 4
174 700 9
175 484 8
175 938 8
176 609 5
177 711 6
179 865 9
179 259 4
179 951 4
180 361 9
180 808 3
180 892 9
182 419 10
183 252 8
184 965 6
184 201 1
185 635 4
187 297 2
187 483 5
189 586 8
189 709 4
189 865 7
189 812 3
190 348 6
191 748 3
192 633 9
192 244 9
192 404 3
193 779 6
194 429 7
196 347 10
196 345 3
196 895 8
196 489 4
196 837 5
196 717 1
196 795 9
198 950 1
198 933 4
199 728 5
199 556 4
200 357 6
200 307 4
200 248 3
201 734 1
201 649 5
201 882 8
201 920 4
203 708 2
205 364 9
205 897 3
206 521 9
207 371 4
209 499 6
211 751 1
212 956 8
212 283 2
212 548 10
213 459 6
214 396 7
214 506 3
214 576 8
214 323 3
214 236 6
216 746 5
216 647 2
216 229 1
216 705 6
218 310 9
218 287 7
219 307 2
219 774 5
219 741 4
220 741 2
220 514 9
222 386 4
222 966 3
222 987 1
223 734 7
223 303 7
225 560 8
226 514 7
227 615 6
227 449 9
228 783 3
229 813 9
229 801 1
230 292 4
230 534 5
231 505 2
231 870 10
236 511 3
236 962 1
239 408 4
242 393 7
242 423 3
242 561 7
243 847 2
244 627 6
244 404 3
244 765 2
244 541 1
244 600 5
244 537 2
245 843 3
245 863 7
245 616 6
251 405 6
251 912 3
251 684 10
252 440 3
252 979 3
252 831 8
252 786 2
253 646 2
254 726 7
255 421 9
256 443 1
256 273 9
257 401 2
257 359 8
258 764 1
259 817 6
260 423 9
260 665 4
263 390 8
263 464 10
263 422 9
263 935 7
263 712 7
264 362 4
264 791 7
265 276 2
268 487 2
269 796 4
270 642 8
270 707 3
270 412 10
270 480 7
271 586 10
272 585 7
275 711 9
279 344 7
280 940 4
280 491 4
281 426 7
281 843 9
282 751 1
283 478 4
284 473 2
285 539 8
289 945 9
291 412 3
292 414 1
292 534 7
293 375 4
293 372 8
297 376 8
297 458 8
297 545 6
299 567 6
299 678 7
300 913 1
301 895 2
302 468 3
303 338 1
303 974 8
304 500 2
305 664 7
305 482 4
306 397 5
306 573 9
306 575 9
307 774 4
307 520 6
308 727 7
309 623 10
312 752 4
312 476 7
313 903 9
314 494 2
315 629 6
315 424 3
317 613 6
321 356 2
321 643 10
323 511 6
324 721 2
324 516 6
326 691 3
326 629 6
328 431 5
329 382 7
329 790 7
329 855 1
329 694 1
332 800 2
332 531 8
334 581 2
334 562 7
335 674 10
336 730 4
336 556 9
340 699 4
341 403 5
341 563 8
343 636 4
344 803 8
344 914 6
347 895 1
347 590 9
348 623 8
348 738 10
348 838 4
349 620 5
350 400 5
350 789 2
351 390 9
351 769 10
354 395 5
354 612 8
356 799 8
358 663 1
359 822 8
363 672 6
364 572 4
368 416 3
368 509 9
368 978 8
372 375 1
372 579 4
374 960 4
376 439 6
377 758 5
377 824 4
378 552 1
378 846 7
380 597 5
380 673 2
381 967 10
382 610 4
386 987 1
387 395 3
389 470 7
389 640 4
390 769 9
392 733 10
393 780 5
394 829 9
396 490 5
396 576 4
397 806 5
397 866 5
399 638 7
400 884 6
400 719 3
404 627 1
405 912 5
405 497 7
405 634 5
406 806 9
406 458 9
407 969 4
408 896 4
409 486 5
410 789 9
411 814 2
411 745 1
412 996 3
412 707 9
412 480 1
413 730 1
413 556 9
415 527 5
415 915 8
415 917 8
416 777 4
417 615 6
418 817 10
420 628 8
420 998 4
420 939 3
420 460 8
420 602 9
421 434 8
421 554 6
422 935 3
425 876 1
428 784 7
432 551 9
440 848 7
440 650 10
441 463 10
443 725 5
443 927 5
443 718 2
443 766 1
449 454 4
450 619 6
452 788 9
454 697 5
456 818 4
457 911 4
458 545 5
464 935 3
467 826 2
468 850 2
469 480 6
472 500 3
474 777 1
475 874 4
476 748 2
479 605 8
484 938 4
489 590 9
489 795 8
492 557 9
495 633 4
497 634 4
502 569 3
504 759 7
504 989 10
504 721 10
505 654 2
508 742 8
510 830 2
512 652 2
520 888 5
523 640 3
524 737 1
524 564 2
527 926 8
531 943 3
531 886 4
532 639 8
546 775 8
546 916 8
548 823 4
548 632 5
551 827 2
553 765 9
562 896 1
568 989 9
573 575 1
578 713 3
578 940 1
578 637 10
580 844 2
580 787 10
583 845 10
583 877 8
588 907 3
588 626 3
593 659 6
595 905 5
604 654 5
604 723 4
605 772 4
607 626 5
607 907 2
612 648 6
613 658 2
636 692 4
641 914 3
642 707 1
650 848 1
663 847 7
674 839 10
682 797 2
687 943 10
687 886 9
689 980 1
693 825 9
698 772 7
706 970 10
709 812 6
717 810 8
724 784 6
738 838 9
744 891 2
749 855 6
751 756 9
755 902 9
758 824 10
762 985 5
801 972 9
810 837 1
828 868 1
830 858 1
831 848 4
833 907 6
852 973 7
853 890 1
855 954 10
862 932 8
862 936 7
894 944 6
945 999 8
963 979 4
979 994 10
