1000 1197
5 15 31 12 88 57 47 42 8 77 19 35 5 95 43 94 15 17 15 19 51 53 90 66 98 3 60 84 60 35 43 71 23 31 26 36 98 9 41 36 58 96 70 70 26 47 40 91 44 52 2 87 2 87 37 58 13 39 69 61 70 1 75 4 3 52 73 23 100 64 84 30 62 90 92 48 24 96 92 97 6 60 25 15 13 98 71 100 96 29 68 69 20 72 10 24 14 96 82 75 31 70 80 68 82 26 50 92 58 46 52 31 57 54 14 75 45 71 31 4 75 48 6 75 16 66 53 95 89 42 71 64 60 26 26 5 82 98 6 56 70 83 99 62 35 49 51 40 10 85 80 35 75 15 35 88 65 58 20 34 82 48 28 65 14 61 23 18 6 85 8 51 13 13 73 34 26 29 66 60 27 70 49 91 40 19 45 99 18 65 57 76 33 7 40 36 89 88 91 15 83 72 62 87 90 90 73 3 55 99 2 19 16 17 90 14 2 70 30 54 35 57 72 72 43 26 4 71 92 21 62 73 67 36 94 47 90 95 35 33 75 72 43 95 83 23 25 55 4 84 48 77 82 31 99 75 25 62 9 45 1 72 67 25 85 48 65 93 25 71 79 18 13 7 98 2 91 72 82 81 70 63 8 19 90 44 6 22 97 35 98 12 57 62 3 40 29 40 52 48 8 2 86 48 90 23 48 76 35 74 19 75 1 42 4 89 24 29 97 47 22 12 34 18 76 17 69 26 53 97 5 36 89 62 6 61 24 6 93 23 35 94 81 39 37 26 21 1 4 30 22 48 40 35 46 25 46 18 14 36 52 29 27 53 54 69 48 78 88 64 24 39 87 22 9 18 84 97 42 67 45 5 33 39 70 70 71 73 19 98 21 55 57 3 32 66 60 75 27 14 68 89 76 66 7 89 18 83 56 24 88 44 2 57 9 10 70 9 38 36 76 4 91 26 4 89 74 15 76 71 50 4 18 6 70 94 94 35 24 55 41 20 39 52 79 82 20 96 12 97 97 3 2 76 85 90 34 18 96 65 63 14 6 2 50 66 99 52 86 78 92 84 55 88 32 43 38 100 87 86 90 41 31 24 62 27 96 97 52 39 43 25 57 66 93 100 98 100 5 81 83 9 20 68 34 52 68 98 4 82 52 4 23 1 2 11 34 53 20 83 71 75 69 25 46 98 17 97 100 98 16 92 83 62 8 11 35 43 27 37 83 83 20 23 27 35 7 21 7 96 38 40 45 58 96 58 73 66 68 43 10 71 18 30 21 76 19 90 12 29 49 4 82 97 87 58 37 91 31 56 5 87 3 71 50 84 10 1 29 17 3 25 49 4 83 5 84 40 18 16 45 67 43 43 9 76 92 42 56 89 59 51 9 33 89 48 66 25 31 99 48 77 24 56 57 26 72 5 57 69 70 87 31 74 93 53 86 57 92 6 92 77 55 41 82 61 76 50 63 1 31 54 48 55 28 21 24 9 43 90 54 44 54 67 51 51 44 100 15 46 64 93 89 79 43 59 15 14 92 36 34 20 48 90 19 79 86 26 94 75 36 59 1 91 16 26 43 69 16 38 56 53 34 77 15 89 87 72 95 2 69 63 90 98 38 61 71 10 41 55 86 53 94 10 60 12 53 82 52 61 30 33 98 50 9 45 85 79 50 51 91 68 86 94 66 79 79 19 22 16 27 88 36 64 100 35 94 32 48 66 38 10 37 39 82 84 79 48 14 12 41 98 35 76 48 42 27 81 34 51 65 13 17 89 13 56 5 40 61 61 77 24 16 75 99 2 80 12 88 58 50 57 10 67 63 41 28 8 22 84 4 92 33 38 97 68 65 6 85 76 43 6 69 43 56 13 47 90 3 70 11 21 28 69 92 21 88 82 24 1 97 48 69 46 11 36 18 31 49 23 9 83 36 21 77 20 97 64 85 98 36 91 99 90 38 88 69 70 43 78 76 82 82 40 72 23 17 41 57 34 30 2 18 90 98 75 54 16 24 21 66 19 6 1 43 96 63 9 38 36 71 47 97 67 18 50 23 73 98 11 29 81 2 29 100 9 71 47 78 58 92 72 99 58 79 62 65 92 23 99 96 63 73 79 59 29 99 44 78 61 15 87 36 53 59 18 2 62 96 68 35 63 50 47 32 95 84 83 33 96 38 95 37 54 98 87 14 93 79 20 71 88 67 88 24 5 37 52 97 31 1 33 79 17 71 55 25 53 95 87 84 82 99 59 89 71 72 100 98 91
1 719 5
1 351 7
1 315 4
1 300 4
1 262 10
1 423 5
1 173 9
1 138 5
1 125 10
1 105 10
1 557 4
1 69 8
1 61 10
1 60 9
1 47 9
1 30 9
1 402 6
1 22 7
1 15 2
1 8 2
2 742 6
2 303 6
2 266 4
2 246 4
2 216 5
2 210 1
2 169 3
2 789 2
2 133 4
2 109 9
2 908 6
2 96 3
2 23 2
2 15 6
2 8 9
3 612 10
3 316 9
3 256 2
3 185 9
3 55 1
3 11 4
3 5 1
3 4 2
4 579 8
4 784 1
4 384 7
4 378 5
4 553 5
4 962 5
4 327 4
4 323 6
4 312 5
4 278 5
4 277 6
4 581 6
4 213 7
4 206 1
4 202 4
4 523 10
4 939 4
4 116 7
4 111 3
4 100 9
4 94 5
4 684 8
4 82 9
4 56 8
4 845 6
4 46 4
4 44 7
4 926 8
4 39 2
4 36 10
4 403 8
4 29 6
4 477 4
4 20 10
4 11 8
4 6 5
5 930 7
5 517 7
5 285 9
5 755 3
5 850 5
5 264 7
5 466 7
5 218 7
5 214 4
5 483 3
5 480 6
5 127 1
5 122 5
5 114 4
5 465 3
5 103 10
5 89 3
5 58 6
5 43 3
5 39 7
5 25 3
5 18 7
5 11 5
6 372 10
6 323 7
6 299 3
6 240 3
6 512 8
6 595 8
6 149 1
6 939 8
6 822 6
6 13 6
7 809 5
7 707 4
7 945 6
7 282 4
7 257 2
7 245 7
7 467 2
7 230 9
7 187 3
7 155 1
7 518 10
7 139 3
7 901 1
7 72 3
7 53 7
7 38 1
7 13 3
8 399 5
8 917 5
8 359 8
8 573 1
8 164 7
8 104 2
8 101 4
8 26 10
8 17 7
8 16 7
8 757 4
9 390 10
9 462 1
9 382 4
9 366 8
9 734 5
9 687 6
9 309 7
9 249 10
9 894 5
9 693 4
9 201 4
9 196 8
9 657 4
9 965 10
9 440 8
9 660 1
9 140 8
9 126 7
9 124 6
9 121 4
9 415 8
9 596 5
9 108 9
9 898 4
9 80 2
9 74 10
9 627 4
9 63 5
9 49 6
9 31 9
9 27 2
9 885 10
9 12 2
10 519 6
10 698 6
10 307 2
10 269 1
10 510 7
10 247 5
10 84 5
10 71 1
10 12 2
11 550 6
11 256 10
11 224 5
11 198 10
11 197 10
11 100 8
11 75 7
11 603 5
11 14 3
12 401 9
12 442 7
12 343 8
12 508 1
12 297 1
12 287 6
12 269 7
12 260 4
12 876 2
12 228 1
12 706 4
12 841 9
12 120 7
12 110 3
12 99 4
12 84 6
12 927 4
12 925 1
12 569 4
12 41 9
12 37 4
12 35 9
12 28 6
12 19 10
12 405 2
13 874 9
13 237 10
13 53 4
14 370 1
14 465 4
14 348 4
14 947 4
14 967 9
14 682 10
14 725 8
14 772 1
14 855 6
15 942 3
15 253 7
15 851 8
15 54 7
15 51 7
16 259 8
16 836 8
16 585 4
16 161 4
16 768 4
16 705 7
16 515 3
17 395 1
17 598 4
17 824 5
17 30 10
18 490 7
18 783 1
18 207 2
18 172 8
18 115 8
18 82 5
18 70 10
18 563 5
18 746 2
19 302 8
19 654 5
19 236 3
19 231 1
19 821 8
19 31 6
19 24 8
20 277 9
21 623 3
21 229 4
21 832 3
21 175 10
21 168 5
21 158 2
21 156 6
21 87 9
21 996 1
22 340 8
22 426 10
22 676 1
22 647 5
22 751 4
22 564 1
22 244 8
22 752 8
22 221 9
22 208 8
22 189 2
22 174 2
22 957 5
22 134 5
22 997 3
22 52 2
22 48 6
22 47 4
22 33 1
22 447 10
23 377 9
23 328 2
23 642 9
23 432 10
23 152 5
23 142 9
23 124 9
23 113 7
23 96 8
23 924 2
23 29 5
23 27 7
24 329 1
24 305 3
24 584 5
24 769 8
24 870 2
24 191 9
25 557 5
25 600 7
25 609 2
26 296 4
26 186 8
27 377 9
27 325 4
27 493 1
27 46 4
29 377 6
29 655 7
29 73 1
29 553 6
29 46 9
30 296 3
30 670 4
30 212 5
30 444 4
30 138 8
30 824 6
32 733 1
32 745 6
32 294 5
32 235 7
32 441 1
32 873 6
32 143 3
32 139 2
32 795 6
32 103 4
32 714 4
33 374 8
33 357 2
33 241 2
33 174 2
33 137 5
33 47 6
33 34 10
34 399 4
34 950 5
34 928 10
34 599 2
34 613 9
34 180 3
34 102 7
34 52 7
34 48 7
35 594 10
35 453 8
35 596 2
35 832 6
35 777 1
35 171 5
35 869 10
35 565 10
36 739 6
36 516 9
36 115 3
36 514 1
37 793 5
37 273 3
37 98 10
37 40 7
38 385 3
38 304 9
38 288 4
38 271 1
38 263 5
38 245 9
38 187 10
38 632 6
38 143 4
38 95 10
38 89 8
38 83 6
38 833 5
38 50 2
38 452 8
39 64 10
40 421 10
40 287 4
40 140 1
40 566 8
40 737 5
40 649 7
41 355 1
41 332 1
41 903 9
41 255 2
41 252 3
41 534 4
42 344 7
42 671 6
42 929 3
42 82 4
42 76 3
42 70 2
43 839 1
43 114 4
44 362 8
44 316 3
44 167 6
44 132 6
44 123 10
45 405 3
45 987 1
45 574 3
46 281 10
46 912 6
46 73 4
47 400 6
47 468 2
47 481 1
47 221 8
47 520 10
47 713 10
47 117 5
47 65 10
47 59 2
47 750 8
47 426 1
48 429 7
49 390 8
49 320 10
49 188 5
49 666 10
50 463 5
50 521 7
50 257 10
50 234 4
50 555 7
50 151 2
50 139 5
50 669 7
50 93 4
50 591 9
50 454 9
51 303 5
51 253 7
51 635 9
51 741 9
52 330 5
54 940 9
54 741 2
54 810 3
55 483 9
55 370 4
55 289 2
55 214 4
55 781 3
55 88 7
56 94 6
56 532 8
56 993 3
58 372 4
59 715 1
59 549 2
59 223 4
59 652 5
59 961 4
59 539 3
60 173 4
60 535 7
61 262 9
61 729 3
62 371 7
62 658 9
62 292 9
62 438 9
62 792 4
62 203 2
62 184 3
62 79 10
62 67 2
62 66 7
62 65 7
63 376 4
63 497 2
63 247 3
63 71 1
64 926 5
65 861 3
66 397 4
66 527 8
66 586 9
66 507 10
66 435 1
66 711 6
66 997 8
66 184 8
66 479 6
66 91 3
66 67 8
66 641 2
66 420 5
67 391 3
67 347 2
67 342 9
67 436 2
67 270 9
67 492 2
67 641 1
67 178 8
67 507 9
67 107 2
67 92 2
67 91 2
67 81 3
67 984 5
68 343 3
69 661 2
69 173 10
70 279 8
70 700 7
70 172 2
70 130 7
70 964 6
70 929 6
72 973 3
72 271 7
72 833 2
72 480 1
72 473 1
72 157 5
72 798 8
73 398 4
73 910 3
73 78 6
74 249 2
74 503 4
74 196 3
74 979 4
74 622 7
74 666 2
75 550 8
76 344 1
76 560 5
76 217 9
77 580 1
77 364 7
77 434 7
77 261 9
77 899 6
77 997 2
77 129 9
77 119 1
79 842 7
79 290 7
80 923 9
80 338 6
80 328 4
80 309 8
80 246 6
80 166 4
80 133 4
80 118 8
80 808 10
81 291 8
81 92 5
82 383 9
83 385 2
83 911 10
83 95 3
83 555 7
83 774 9
84 685 1
84 280 9
84 519 5
84 98 8
84 85 6
84 793 5
86 323 2
87 903 4
87 534 8
87 194 8
87 156 3
88 947 4
89 509 9
89 200 6
89 799 5
89 103 10
90 392 1
90 293 3
91 391 2
91 145 1
91 420 3
92 434 1
92 261 7
92 233 3
92 129 10
93 387 10
93 632 4
93 506 8
94 736 7
94 624 1
94 318 5
94 581 2
94 568 7
95 591 8
96 365 8
96 546 10
96 118 7
96 411 8
96 432 2
97 364 2
97 291 8
97 580 4
97 759 1
97 865 2
97 119 5
98 685 2
98 690 6
98 915 1
98 860 2
99 404 1
100 356 3
100 413 1
100 848 8
100 482 10
100 206 4
100 601 8
102 501 8
102 817 3
102 199 2
102 491 2
102 179 1
104 723 8
104 995 6
107 290 3
108 462 7
108 366 5
108 358 4
108 813 1
108 657 10
108 983 7
108 718 5
109 802 6
109 136 4
109 132 7
109 403 8
110 882 8
110 841 4
110 159 8
110 712 6
112 883 4
114 218 2
116 667 1
118 322 7
118 321 5
118 317 5
118 681 5
118 133 5
119 865 9
120 355 4
120 228 3
120 449 4
120 913 2
122 240 2
123 337 8
124 353 8
124 856 1
124 642 7
124 126 7
126 840 8
126 849 5
126 909 7
127 222 5
127 843 3
128 199 4
128 180 7
128 501 7
128 621 8
129 847 6
129 308 8
130 279 9
131 990 6
131 327 9
131 277 5
131 684 4
131 532 5
131 773 6
131 541 7
131 523 5
131 938 5
131 422 8
131 796 6
131 620 5
132 543 5
132 301 1
132 802 4
132 576 2
132 701 9
132 170 9
132 498 5
132 975 5
133 908 4
134 363 3
134 221 1
135 518 4
135 738 1
136 239 10
136 597 9
137 626 7
137 896 6
137 443 6
137 549 2
138 351 7
138 220 4
138 186 10
140 287 9
140 566 8
141 895 3
141 847 7
143 778 8
143 854 2
144 314 5
144 603 4
145 178 6
145 420 5
146 357 8
146 443 1
147 788 1
147 756 5
148 985 2
148 808 7
148 923 10
150 518 9
150 738 10
151 588 2
152 379 8
153 473 7
153 707 4
153 245 3
154 304 5
154 288 7
154 799 8
155 901 4
156 194 9
156 747 7
158 260 5
158 232 2
158 182 2
159 502 4
159 712 8
159 882 7
159 182 3
159 571 9
160 294 1
160 441 9
162 849 8
162 840 8
163 371 5
163 545 7
163 637 2
165 651 8
165 951 4
167 316 1
168 537 10
168 171 9
169 284 7
170 543 2
170 897 7
171 880 6
172 389 9
172 563 6
172 360 9
172 710 9
174 647 8
174 475 6
174 485 9
174 189 10
174 429 1
176 318 2
176 559 4
177 386 7
177 318 4
177 504 10
177 859 1
177 989 5
177 736 4
178 347 5
178 740 7
179 629 6
180 621 6
180 933 9
180 491 1
181 429 9
181 485 2
182 692 2
184 326 8
185 781 3
185 612 10
187 387 3
187 437 2
188 394 4
188 630 4
188 231 5
188 478 10
189 485 10
190 769 8
191 414 2
191 998 3
193 216 6
193 210 4
193 837 4
195 214 1
195 209 5
195 653 5
196 249 8
196 627 7
196 489 6
197 476 2
199 862 2
200 407 8
200 288 6
200 799 5
201 594 5
202 554 10
202 938 3
202 477 8
202 620 4
202 583 5
203 313 3
203 410 10
204 953 5
205 301 5
205 239 5
206 587 6
208 243 3
208 464 5
208 934 2
210 310 7
210 266 10
210 513 10
210 419 10
210 814 5
210 717 3
211 258 5
211 616 1
212 670 2
214 289 1
217 560 5
217 700 5
218 517 9
221 363 6
221 426 5
223 863 4
223 673 7
225 785 5
227 688 6
229 565 7
230 283 5
230 263 10
230 945 1
231 267 1
232 319 2
234 590 2
235 466 4
237 285 3
237 874 1
238 349 3
240 511 2
241 549 6
242 370 6
242 855 1
243 572 3
243 336 8
243 276 4
243 861 3
245 905 9
245 452 5
246 338 6
246 638 7
248 494 2
249 627 9
250 445 7
251 337 9
252 643 1
252 255 10
253 610 8
254 864 2
254 704 6
254 592 5
254 307 8
255 355 7
255 552 9
256 967 10
257 430 1
258 388 1
258 609 5
259 639 7
259 526 5
259 585 5
260 508 4
260 418 6
262 937 10
266 393 4
269 683 2
269 569 8
272 327 8
272 477 7
273 307 3
273 853 1
273 704 6
276 527 2
277 422 10
278 293 10
279 662 6
279 689 9
281 953 2
282 579 8
283 708 8
284 365 10
284 536 6
284 487 7
284 533 9
285 298 1
286 643 8
287 354 7
287 737 10
290 492 2
290 668 2
290 608 10
290 675 7
291 679 7
293 392 2
294 428 4
302 998 1
302 329 8
302 305 7
302 870 2
303 610 4
304 525 5
304 450 5
305 870 9
305 998 2
308 955 5
311 864 2
311 704 1
311 853 9
314 324 7
314 716 10
314 731 5
315 400 7
315 719 4
315 763 8
317 322 5
317 922 3
318 386 8
318 696 10
318 504 1
318 559 5
322 375 5
322 524 3
324 725 4
324 772 4
324 716 7
325 335 4
325 505 10
326 479 1
326 435 10
329 584 4
330 496 8
330 424 9
335 345 3
335 816 9
337 701 7
338 352 5
340 342 10
340 753 10
345 561 1
345 505 1
346 590 7
346 968 5
347 740 10
348 731 8
349 368 6
352 790 6
353 672 3
353 556 2
353 486 7
353 844 5
353 983 9
353 977 10
353 462 4
356 920 9
356 413 3
358 542 4
360 490 5
360 516 2
360 710 7
361 985 2
365 460 2
366 813 7
367 446 5
369 840 9
369 909 2
370 855 10
373 978 7
375 681 6
375 411 9
375 524 3
375 724 9
381 561 1
381 972 10
383 838 8
384 447 3
384 786 7
385 733 2
386 559 4
386 859 10
386 696 10
388 674 1
389 606 8
389 516 4
391 815 4
392 416 1
392 962 3
394 630 5
397 527 7
399 488 9
399 928 6
405 574 9
409 522 7
409 697 8
409 570 1
410 819 3
411 724 6
415 885 1
415 976 2
418 508 3
418 623 9
424 957 10
426 888 9
429 771 5
429 986 6
430 463 3
430 669 4
432 881 10
433 573 10
435 479 2
435 966 8
438 665 7
439 661 9
441 873 1
444 659 5
449 913 4
451 969 10
454 555 7
459 744 4
460 922 5
461 891 3
462 486 1
463 669 10
464 934 1
468 545 8
468 539 5
470 729 5
471 776 5
471 718 9
473 973 3
475 721 4
475 986 9
477 811 5
477 554 6
477 867 6
478 994 6
479 711 5
479 728 10
479 803 3
480 884 9
481 750 3
482 920 1
483 760 10
485 529 3
487 644 8
487 533 8
488 868 6
488 599 4
489 976 2
490 691 7
495 803 5
498 852 5
501 817 10
502 712 6
507 984 8
507 641 9
507 826 8
510 834 9
511 625 5
514 739 5
515 693 5
516 606 6
518 992 1
518 738 9
519 698 1
521 714 1
522 570 8
527 946 9
530 664 5
533 770 2
534 720 5
541 551 1
543 576 4
550 601 1
551 773 3
551 990 4
552 949 8
552 754 8
552 797 7
552 779 5
554 583 2
556 718 7
559 696 3
560 812 10
560 800 7
562 720 9
564 673 8
565 765 2
566 743 2
570 697 8
573 678 10
583 867 1
585 941 7
585 639 2
591 614 8
601 748 10
601 916 2
605 835 4
605 759 3
608 675 8
608 842 4
609 982 3
611 875 5
611 756 4
617 894 2
620 796 9
620 634 3
621 804 10
625 822 5
631 885 6
633 815 10
638 699 2
643 694 5
649 767 9
652 715 5
657 703 4
663 713 7
666 979 9
668 675 6
672 983 8
673 871 8
673 676 4
673 863 3
692 787 2
694 794 1
704 864 6
706 932 2
706 925 3
707 905 5
710 944 7
712 882 1
725 772 6
726 953 2
728 749 3
751 957 5
754 797 1
755 850 1
756 788 6
764 851 10
769 825 2
772 818 8
784 898 3
789 900 2
794 949 4
812 918 2
813 963 5
819 883 5
820 980 2
830 868 10
835 981 10
846 895 8
848 916 2
859 989 5
862 877 5
875 952 4
886 935 1
889 958 7
897 969 3
