1000 1197
5 19 1 42 61 4 3 68 75 56 55 13 38 43 46 27 39 82 72 82 60 78 76 2 98 30 29 75 99 23 90 15 13 86 34 44 91 74 47 1 86 65 27 69 22 34 49 54 32 92 99 75 80 99 86 89 29 64 22 6 67 65 34 81 39 93 87 62 37 29 63 49 73 77 55 21 36 63 47 71 11 95 31 97 31 74 31 73 68 39 41 80 87 1 16 44 28 77 83 66 19 44 11 5 20 28 55 11 98 51 4 11 21 12 30 67 53 26 64 23 69 81 4 10 9 23 54 42 6 8 53 45 1 74 82 33 45 77 69 96 32 50 85 83 40 48 21 16 25 65 52 36 9 91 87 36 43 43 78 89 95 47 3 58 12 46 81 81 82 88 29 94 52 10 42 36 56 72 90 15 48 13 91 10 11 90 88 50 64 30 28 8 21 70 86 88 71 92 88 100 3 67 44 45 24 93 5 62 26 96 21 35 89 66 61 38 40 100 54 55 21 56 35 74 23 54 58 6 7 16 48 76 46 89 44 40 36 2 96 80 11 87 79 53 5 84 94 72 3 76 91 39 98 88 45 97 17 28 29 9 30 41 97 1 74 7 53 61 96 65 77 19 19 19 71 83 9 31 62 49 17 65 53 21 70 67 88 67 20 10 67 45 91 80 30 94 71 98 22 43 17 96 92 52 39 13 25 62 100 10 2 75 13 71 73 85 72 90 70 31 71 7 24 16 71 84 61 71 95 59 99 18 19 94 33 45 84 11 23 53 10 99 69 84 5 37 45 49 2 31 97 100 77 97 35 3 7 59 92 94 25 52 13 38 64 71 2 19 79 10 94 70 36 57 83 69 90 63 2 1 1 79 35 72 12 15 74 59 75 60 6 25 40 28 75 75 15 3 85 26 22 31 100 54 20 14 70 95 68 76 5 93 40 52 55 20 20 92 88 43 33 18 79 20 46 70 96 42 70 100 38 20 84 45 66 27 91 66 86 44 82 74 32 81 93 58 98 95 52 6 65 65 90 29 62 96 35 100 63 82 86 37 64 66 86 31 73 74 52 84 93 95 10 82 34 57 66 49 12 7 26 51 66 23 98 72 58 34 69 26 40 10 94 9 67 73 94 17 91 37 67 94 10 80 92 29 6 38 88 91 82 81 45 13 3 18 25 29 28 40 100 85 43 94 65 55 10 1 22 3 58 58 82 40 83 76 6 19 47 25 13 93 79 21 9 98 66 96 100 22 71 50 30 38 74 35 58 24 41 14 70 98 54 89 10 32 77 18 2 23 92 15 38 26 40 83 55 56 82 21 67 99 13 23 46 72 79 46 57 41 74 10 68 96 23 19 66 76 36 97 14 35 78 82 5 52 39 82 35 28 58 39 67 64 79 49 71 28 75 46 20 31 99 79 60 7 29 97 20 15 16 48 6 19 36 46 78 67 55 34 37 12 84 39 6 9 44 90 44 41 71 100 3 87 24 47 3 82 55 82 92 43 68 1 15 92 29 57 54 18 95 26 3 96 89 86 85 42 32 97 36 36 91 96 1 32 24 69 48 28 13 40 3 29 48 46 100 37 56 15 70 40 15 35 11 62 35 32 28 80 66 37 14 44 99 87 17 20 96 47 31 1 46 3 66 65 9 59 44 53 97 16 73 52 60 4 8 37 57 36 15 88 29 65 36 25 37 5 83 26 7 19 37 3 95 73 69 37 62 2 73 31 18 9 45 99 32 86 33 67 41 53 16 98 40 71 74 46 24 64 99 77 32 7 94 36 46 4 67 50 22 61 51 57 72 97 41 6 11 28 79 85 41 74 58 76 48 3 20 77 70 32 57 91 75 69 38 70 83 39 68 16 49 18 96 76 52 96 1 33 67 57 71 21 10 75 21 71 6 39 97 36 26 35 14 93 72 9 94 30 4 86 95 55 83 71 34 19 7 16 47 59 81 98 73 29 27 78 46 70 83 24 31 68 48 82 39 42 22 46 89 23 79 69 56 19 75 100 23 38 49 27 95 44 51 59 87 73 37 96 98 69 1 95 8 47 38 41 88 12 50 23 45 47 23 53 5 19 24 79 38 77 5 36 14 47 84 21 11 30 33 19 2 5 97 48 89 82 95 88 71 69 42 70 16 41 44 85 4 55 36 20 97 59 10 84 11 49 2 75 37 68 87 96 95 4 75 51 13 28 33 68 96 33 64 22 39 95 51 31 4 73 77 39 9 9 61 97 38 65 89 48 37 50 98 96 59 91 26 10
1 172 3
1 11 8
1 8 10
1 4 6
1 3 3
2 367 3
2 802 6
2 998 1
2 898 4
2 258 3
2 249 3
2 228 9
2 204 9
2 190 3
2 148 6
2 620 9
2 428 2
2 106 9
2 759 1
2 72 2
2 810 4
2 11 5
2 5 4
2 3 6
3 383 3
3 339 2
3 613 7
3 308 3
3 491 8
3 523 5
3 482 6
3 858 9
3 86 8
3 81 1
3 70 5
3 18 2
3 6 4
4 387 6
4 899 2
4 833 2
4 360 4
4 358 10
4 350 9
4 888 4
4 339 3
4 507 6
4 841 10
4 291 6
4 236 6
4 218 8
4 972 10
4 765 9
4 200 3
4 718 5
4 172 9
4 758 10
4 163 4
4 905 2
4 158 9
4 425 2
4 149 10
4 129 2
4 125 5
4 122 4
4 121 4
4 604 4
4 548 8
4 81 8
4 907 5
4 29 5
4 26 1
4 25 1
4 16 2
5 398 1
5 385 7
5 364 4
5 350 7
5 807 1
5 757 2
5 663 4
5 226 5
5 222 9
5 184 6
5 595 10
5 626 4
5 627 5
5 137 7
5 500 9
5 123 10
5 117 8
5 788 10
5 107 2
5 407 9
5 795 2
5 97 7
5 93 10
5 502 6
5 43 9
5 33 4
5 16 9
5 786 9
6 887 2
6 522 3
6 388 8
6 582 6
6 366 9
6 569 6
6 289 7
6 437 2
6 596 8
6 431 3
6 241 3
6 176 6
6 163 4
6 136 1
6 131 8
6 796 6
6 93 8
6 632 9
6 44 4
6 38 5
6 18 10
6 457 6
6 12 6
7 682 10
7 369 8
7 495 5
7 183 10
7 77 10
7 43 1
7 37 10
8 401 5
8 813 10
8 998 10
8 897 6
8 683 10
8 921 7
8 661 6
8 181 2
8 778 3
8 145 5
8 143 6
8 76 6
8 39 9
8 688 10
8 30 7
8 15 3
8 13 8
9 340 6
9 222 2
9 929 7
9 27 1
9 19 2
10 121 7
10 102 5
10 89 3
10 37 2
11 759 1
11 863 7
11 324 6
11 778 3
11 186 1
11 148 9
11 477 2
11 734 3
11 73 3
11 971 8
11 42 2
11 39 10
11 13 4
12 393 6
12 360 9
12 346 5
12 768 4
12 284 1
12 765 9
12 196 4
12 175 1
12 155 4
12 122 2
12 559 3
12 799 4
12 94 4
12 66 8
12 38 10
12 18 1
13 919 2
13 367 6
13 354 6
13 637 9
13 302 4
13 300 5
13 435 5
13 641 6
13 948 1
13 259 6
13 683 4
13 656 4
13 193 4
13 160 7
13 452 7
13 118 6
13 109 1
13 106 7
13 921 4
13 79 2
13 50 7
13 41 1
13 36 2
13 32 8
13 24 4
14 354 3
14 855 5
14 763 6
14 233 5
14 169 1
14 119 2
14 517 5
14 17 1
15 957 1
15 357 7
15 712 2
15 333 9
15 271 5
15 267 10
15 247 3
15 233 6
15 112 6
15 69 10
15 45 9
15 34 10
15 698 1
15 24 1
15 22 2
15 17 10
16 824 3
16 770 3
16 459 6
16 245 1
16 236 9
16 215 9
16 462 10
16 1000 6
16 48 3
16 33 7
17 652 7
17 427 2
17 355 4
17 338 5
17 436 4
17 221 4
17 177 10
17 169 5
17 130 1
17 126 8
17 119 2
17 118 9
18 394 3
18 818 3
18 361 1
18 325 10
18 298 7
18 292 8
18 558 2
18 223 3
18 199 1
18 716 1
18 409 2
18 152 3
18 96 8
18 491 2
18 67 10
18 528 2
18 55 6
18 20 6
19 375 6
19 343 1
19 481 1
19 900 1
19 946 8
19 129 8
19 798 3
19 606 3
19 461 7
21 553 7
21 293 7
21 523 7
21 198 5
21 192 5
21 144 3
21 487 2
22 689 4
22 269 9
22 207 4
22 165 10
22 142 8
22 826 9
22 132 8
22 120 4
22 112 10
22 109 10
22 105 9
22 53 5
22 983 1
22 24 4
23 441 2
23 80 4
23 68 4
23 58 3
23 38 4
24 439 3
24 942 7
24 489 8
24 531 8
24 754 10
24 171 10
24 993 6
24 162 8
24 157 10
24 111 10
24 103 2
24 672 7
24 41 8
25 825 6
25 252 6
25 195 4
25 188 10
25 605 3
25 108 1
25 44 9
25 26 2
26 395 2
26 200 7
26 410 7
26 577 10
27 396 8
27 900 7
27 488 5
27 256 2
27 416 5
28 701 4
28 239 2
28 83 8
28 81 10
28 482 8
29 350 9
29 467 1
30 279 10
30 237 3
30 143 5
30 748 1
30 101 8
31 983 3
31 95 8
32 324 3
32 661 8
32 688 3
32 76 3
32 64 9
32 622 1
34 267 5
34 84 7
34 451 4
35 345 1
35 484 4
35 596 4
35 589 8
35 183 4
35 651 4
35 40 4
36 390 2
36 322 10
36 876 10
36 271 4
36 247 6
36 794 10
36 242 4
36 224 5
36 211 8
36 162 3
36 847 5
36 419 3
36 480 3
36 103 4
36 71 6
36 69 8
37 872 3
37 336 3
37 422 7
37 486 5
37 722 7
37 935 9
37 402 2
37 88 2
37 74 1
37 723 9
38 202 8
38 979 8
38 678 1
40 369 9
40 554 7
40 179 2
40 107 6
40 43 7
41 880 1
41 766 5
41 162 6
41 113 8
41 51 2
41 439 5
42 377 8
42 359 3
42 675 1
42 266 4
42 261 10
42 99 7
42 573 4
43 349 1
43 708 5
44 437 6
44 176 5
44 746 9
44 466 8
44 446 10
45 764 1
45 52 8
46 320 5
46 447 7
46 497 5
46 304 7
46 947 3
46 203 6
46 91 5
47 344 7
47 530 9
47 191 9
48 544 1
48 951 4
48 236 10
48 610 8
48 215 3
48 204 6
48 679 9
48 892 1
50 527 10
50 305 2
50 633 10
50 709 4
50 234 2
50 214 1
50 536 10
50 901 8
51 654 6
51 211 2
51 563 1
51 113 8
52 571 7
52 334 10
52 752 8
52 664 2
52 91 7
54 717 2
54 167 9
54 74 9
55 379 4
55 378 8
55 374 5
55 352 5
55 592 6
55 827 6
55 987 10
55 127 7
55 493 9
55 96 1
55 80 8
55 68 9
55 57 1
56 333 8
56 271 7
56 116 10
56 930 6
57 534 5
57 650 8
57 139 8
57 124 7
57 750 3
57 575 8
58 346 4
58 284 2
58 202 1
58 82 9
59 572 7
59 842 9
60 158 3
61 357 5
61 687 2
61 242 2
61 159 2
61 157 3
61 676 10
61 69 7
61 408 8
62 347 2
62 696 1
62 210 9
62 607 3
62 137 1
62 75 7
62 651 4
63 362 8
63 250 10
63 109 2
63 432 5
64 477 10
64 897 2
65 819 4
65 491 10
65 471 9
65 645 2
65 150 2
66 960 5
66 196 8
66 150 7
66 719 1
66 70 4
66 471 3
67 199 3
67 485 2
67 68 1
67 483 8
68 187 8
69 480 10
69 317 9
69 789 2
69 98 7
69 71 4
70 858 4
71 255 9
71 224 1
71 519 4
71 98 3
71 460 1
72 309 6
72 598 1
72 895 2
72 433 6
73 622 9
74 422 6
74 336 3
74 680 6
74 296 5
74 212 10
74 935 7
74 769 10
74 167 6
74 723 10
74 583 10
75 241 9
77 391 9
77 869 10
78 976 8
78 270 3
78 490 4
79 397 1
79 637 6
79 314 4
79 536 7
79 110 4
79 421 10
80 327 8
80 791 2
81 916 5
81 278 8
81 239 8
81 758 6
81 585 1
81 135 4
81 100 4
81 715 5
82 934 8
82 194 7
82 498 2
82 551 1
82 707 10
84 630 4
84 747 9
84 280 2
84 550 2
84 754 1
87 347 7
87 616 6
88 335 2
88 316 9
88 443 5
88 780 1
88 104 6
88 932 10
89 402 5
90 393 5
90 361 3
90 274 3
90 223 4
90 151 5
90 405 5
91 304 5
91 203 1
91 599 1
91 977 7
92 224 9
92 408 2
93 978 8
93 502 1
93 97 2
93 823 8
94 393 5
94 928 2
94 515 10
94 846 10
94 958 9
95 608 4
96 394 6
96 850 1
96 208 8
96 952 2
96 124 7
96 534 2
97 666 7
97 936 10
97 584 2
99 359 3
99 259 8
99 691 9
99 186 2
100 278 3
101 258 1
101 442 10
102 411 8
102 722 2
103 811 4
103 412 5
103 751 2
103 111 3
103 955 1
103 870 1
104 296 7
104 212 5
105 923 5
105 505 7
106 220 10
106 190 9
107 342 9
107 290 7
107 272 7
108 283 2
108 252 4
108 125 6
108 801 1
108 430 1
109 432 8
109 875 10
110 910 1
110 214 2
110 561 8
110 902 5
111 412 4
112 254 4
113 660 6
113 767 5
115 963 7
116 456 10
117 368 6
117 342 10
117 286 7
117 179 9
117 959 5
118 300 7
118 126 1
119 354 7
120 254 5
120 634 7
121 507 2
121 163 2
122 454 9
122 927 6
122 149 9
122 128 8
122 547 10
123 182 3
123 168 9
125 246 5
125 535 4
125 944 6
125 188 10
125 178 6
125 425 7
126 537 9
126 180 4
126 826 1
127 371 10
127 253 10
127 642 9
128 765 2
128 454 6
129 218 1
129 972 1
130 221 4
131 173 2
131 530 5
132 983 5
134 936 1
135 239 8
139 862 8
139 988 5
140 650 7
140 647 7
141 410 9
141 200 9
142 432 8
142 250 7
142 989 9
144 288 6
145 852 2
147 741 10
147 473 9
147 378 2
147 602 4
147 970 5
147 775 7
148 448 4
148 206 10
148 161 4
149 903 2
149 454 1
151 382 9
151 325 3
152 918 10
152 590 3
153 479 4
154 418 2
154 698 1
155 980 4
156 827 9
157 955 7
157 159 6
158 181 7
159 687 5
160 494 6
160 225 7
160 871 9
161 771 1
161 206 6
161 675 9
162 413 4
162 531 4
162 847 2
164 356 10
164 280 5
164 209 7
164 739 3
165 301 1
165 294 10
166 802 6
166 611 3
167 212 7
167 717 5
168 184 2
168 182 5
169 331 2
170 288 7
171 630 7
171 262 5
172 297 10
173 285 5
173 191 4
173 588 3
175 373 3
175 803 4
176 466 3
177 835 1
177 427 1
177 785 10
178 246 8
178 587 4
178 801 10
178 465 6
178 570 9
179 368 4
179 782 10
180 269 9
181 464 7
184 861 3
184 318 5
184 277 2
184 264 9
184 896 5
184 229 8
184 227 2
184 496 4
185 332 7
185 302 4
185 543 7
188 570 6
188 476 9
188 440 10
190 895 5
191 542 8
191 706 2
194 934 3
194 713 5
194 326 4
194 321 7
194 890 2
195 384 1
195 825 7
195 525 8
196 503 9
197 310 1
197 483 2
197 999 7
197 441 5
198 968 8
199 310 4
199 238 10
201 991 4
202 429 5
203 961 8
203 307 9
203 913 3
203 982 2
203 497 2
203 912 2
204 215 6
205 230 10
205 962 2
207 634 8
208 647 7
209 356 3
210 380 5
210 275 1
210 226 4
210 521 6
210 628 10
211 392 8
211 322 6
214 536 6
216 472 5
221 845 2
223 918 8
223 405 3
224 760 6
224 516 2
224 475 3
224 729 1
224 674 10
225 956 2
226 275 9
226 404 2
227 229 8
228 513 4
228 234 2
228 538 4
228 424 10
229 398 8
230 594 3
231 232 4
232 263 5
233 313 3
233 517 2
233 855 2
234 816 7
234 633 4
235 317 3
238 539 7
239 864 8
240 306 7
243 719 10
244 376 2
244 715 6
245 954 1
245 467 10
246 535 3
246 662 5
246 465 5
246 728 7
248 572 5
248 365 2
248 957 2
250 362 6
251 347 3
252 621 5
256 396 9
256 416 1
258 442 7
260 711 9
261 822 1
265 341 4
266 600 1
267 844 2
271 333 7
272 349 9
272 290 9
272 708 2
272 601 1
273 590 6
273 603 6
273 298 3
274 382 9
274 846 4
275 380 8
275 520 9
276 681 3
277 574 5
277 896 10
277 546 2
278 585 9
278 593 3
279 763 9
280 631 3
281 610 2
282 379 1
282 366 8
282 887 5
285 344 10
286 342 6
286 914 7
287 754 9
287 821 8
289 431 8
290 618 1
290 601 10
292 528 3
293 303 6
293 968 3
293 735 2
294 301 10
295 687 5
296 329 6
297 508 9
297 426 1
298 819 9
304 764 3
304 749 7
305 424 4
306 547 8
307 334 8
307 458 7
307 981 1
307 599 10
308 949 6
308 482 5
309 417 4
309 777 10
310 483 8
310 725 8
311 317 8
314 397 1
314 403 4
314 742 7
315 374 9
315 352 7
316 335 10
316 504 5
317 882 7
318 757 5
319 391 8
321 996 4
321 856 1
323 415 4
325 776 8
326 678 1
328 779 9
329 389 6
329 769 2
331 372 7
331 667 9
332 859 2
334 599 5
336 457 8
336 422 10
338 372 7
338 436 7
340 911 3
340 697 6
343 468 8
343 962 4
346 498 5
347 607 8
348 770 2
350 615 2
352 374 8
352 423 9
352 881 3
353 591 2
353 463 8
359 691 1
361 405 9
361 545 3
363 980 8
364 385 10
364 867 1
364 807 5
364 576 9
365 572 7
368 783 3
368 959 4
368 782 3
372 667 6
374 984 8
381 874 9
385 626 8
385 407 10
386 616 2
387 560 8
387 710 3
387 544 7
387 579 4
387 705 8
389 583 2
390 413 9
391 828 5
394 526 3
395 577 5
396 488 7
400 648 8
400 474 1
400 747 1
401 808 2
403 421 4
403 702 2
403 724 2
405 545 3
406 751 9
407 584 8
407 788 1
409 781 2
413 419 3
413 851 10
415 590 7
417 777 1
417 849 5
419 851 6
422 552 6
424 877 7
424 646 4
424 538 7
424 433 6
425 933 4
427 834 9
427 835 3
427 652 8
428 470 1
428 773 8
428 609 2
433 646 6
433 731 5
433 598 2
437 446 9
438 569 4
440 570 2
443 740 10
443 780 3
443 680 2
444 555 6
445 720 10
446 469 6
446 466 3
451 648 3
453 843 1
453 501 2
455 535 4
455 728 10
456 930 2
460 568 6
460 674 2
460 787 9
473 791 6
475 760 7
475 516 5
480 519 7
480 876 2
481 682 1
481 495 4
483 485 10
484 589 3
486 994 1
487 614 3
489 641 3
489 942 8
489 880 3
492 582 8
494 683 8
495 798 6
496 546 2
497 961 2
502 737 5
502 784 7
503 640 5
506 758 6
513 901 7
513 816 4
516 760 9
517 581 8
525 920 9
525 825 10
526 818 8
527 902 7
529 685 1
531 655 1
532 650 3
535 662 7
536 638 3
538 793 6
538 997 3
539 879 2
540 744 9
542 772 8
544 560 4
547 800 5
552 994 1
559 719 9
567 915 7
569 866 5
571 961 8
572 985 2
574 896 6
578 840 5
579 604 1
579 755 2
579 705 1
581 855 3
588 706 8
590 692 10
592 677 2
593 916 7
595 929 10
596 632 4
596 809 2
598 877 1
599 981 2
599 854 6
600 790 9
602 775 10
604 710 10
604 941 8
606 966 5
614 968 9
619 659 4
621 733 9
631 925 7
632 839 4
632 809 10
632 931 3
633 816 2
635 748 5
635 940 6
640 860 6
668 671 7
674 729 10
677 850 5
685 861 3
688 693 2
689 762 7
692 838 2
695 703 9
698 844 9
714 977 5
717 848 10
732 756 8
734 778 2
736 895 8
737 950 5
737 995 2
737 784 8
740 780 7
741 775 2
744 923 2
748 940 5
751 878 10
753 761 7
753 868 4
762 806 2
763 815 8
768 799 4
777 849 4
793 817 6
811 955 3
817 997 10
833 894 3
833 841 9
841 894 9
846 958 7
846 928 4
847 993 1
856 979 10
879 999 2
904 947 1
954 1000 8
