# TTSP Euclidean complete-graph matrix instance
# seed: 1004
# depot: 1
# L_max is not stored in this file; pass it with --budget when running algorithms.
# coordinate rows: node x y
# scenario: ring
# coordinate_max: 1000
# geometry: ring
# depot_position: center
# reward_pattern: uniform
# ring_radius_ratio: 0.35
# ring_noise_ratio: 0.05
# coord 1 500.000000 500.000000
# coord 2 132.160318 698.848972
# coord 3 381.010884 181.829768
# coord 4 114.740551 478.523916
# coord 5 745.485959 138.407889
# coord 6 576.434490 794.831698
# coord 7 437.440995 219.846360
# coord 8 636.831350 148.658199
# coord 9 189.884212 489.054566
# coord 10 434.415569 148.838631
# coord 11 704.795574 794.988575
# coord 12 670.789617 216.695098
# coord 13 786.310080 761.698485
# coord 14 765.145429 751.972595
# coord 15 844.977439 464.566755
# coord 16 168.570405 387.059752
# coord 17 764.205532 257.001862
# coord 18 218.078579 734.119351
# coord 19 601.274538 170.755086
# coord 20 302.997128 185.628000
# coord 21 441.629260 210.003457
# coord 22 172.187857 629.548633
# coord 23 129.198331 565.062413
# coord 24 467.886944 122.715570
# coord 25 808.463760 326.902076
# coord 26 220.391264 441.683300
# coord 27 695.539996 762.206412
# coord 28 231.373491 605.509382
# coord 29 99.688434 525.438967
# coord 30 276.886776 167.526761
# coord 31 594.110202 192.233766
# coord 32 127.058657 341.604309
# coord 33 502.555787 836.196416
# coord 34 830.907260 390.220508
# coord 35 296.517544 749.837896
# coord 36 117.243817 515.922777
# coord 37 778.123146 731.170388
# coord 38 834.913195 777.762044
# coord 39 709.527962 160.378124
# coord 40 204.828396 505.704470
# coord 41 562.326465 66.124055
# coord 42 291.846196 585.667346
# coord 43 992.998375 535.396054
# coord 44 373.177409 212.480888
# coord 45 173.127202 447.938915
# coord 46 607.913577 805.455992
# coord 47 391.902473 241.895451
# coord 48 218.486721 282.086656
# coord 49 498.862938 148.531949
# coord 50 791.810995 492.485111
# reference_nearest_neighbor_tour_cost: 4140
TTSP_MATRIX
50
0 45 56 75 75 8 96 5 4 28 21 81 65 14 39 71 46 78 93 99 50 31 33 50 96 35 32 44 67 23 33 69 30 81 5 2 44 25 12 41 60 10 18 67 22 30 3 66 69 39
0 418 340 386 437 305 287 377 310 357 359 331 388 366 347 350 359 366 344 371 296 352 376 379 354 286 327 289 401 400 322 405 336 349 322 383 362 435 399 295 438 225 494 314 331 324 280 356 351 292
418 0 574 221 831 455 568 747 218 628 581 723 657 635 750 314 771 93 706 541 579 80 134 667 772 272 567 136 176 551 686 357 395 764 172 184 647 707 789 206 765 196 876 543 254 488 526 426 661 691
340 574 0 399 367 643 68 258 362 63 693 292 707 687 543 295 390 576 221 78 67 494 459 105 451 305 660 449 444 105 213 300 666 496 574 426 678 749 329 369 215 414 707 32 338 664 61 191 122 515
386 221 399 0 717 560 414 618 76 459 670 615 729 706 730 106 686 276 576 348 423 162 88 501 710 112 646 172 49 351 558 137 528 722 327 37 710 780 675 94 609 207 880 371 66 592 364 222 506 677
437 831 367 717 0 678 319 109 657 311 658 108 625 614 341 628 120 796 148 445 312 755 750 278 199 606 626 695 753 470 161 651 739 266 759 733 594 646 42 654 197 637 468 380 651 681 368 546 247 357
305 455 643 560 678 0 592 649 493 661 128 586 212 194 426 577 570 363 625 668 600 437 503 681 522 501 123 394 548 695 603 638 85 478 284 537 211 259 648 471 729 353 491 617 532 33 583 625 651 371
287 568 68 414 319 592 0 212 366 71 634 233 644 625 475 317 329 559 171 139 11 488 463 102 386 310 601 437 455 169 159 333 620 429 548 436 614 685 279 369 198 394 639 65 349 610 51 228 94 447
377 747 258 618 109 649 212 0 562 202 650 76 631 617 378 525 167 720 42 336 205 669 657 171 247 509 616 611 656 360 61 545 701 310 691 636 599 660 74 560 111 557 526 271 552 657 262 439 138 377
310 218 362 76 657 493 366 562 0 419 599 553 656 632 656 104 619 247 520 324 376 142 97 460 639 56 575 124 97 333 501 160 467 649 282 77 636 707 615 22 564 140 804 332 44 524 319 209 460 602
357 628 63 459 311 661 71 202 419 0 700 246 707 688 518 357 347 624 168 136 62 548 516 42 414 363 667 500 504 159 165 363 691 464 617 485 676 746 275 424 152 460 679 88 397 679 102 254 64 496
359 581 693 670 658 128 634 650 599 700 0 579 88 74 359 674 541 491 633 730 641 558 620 713 479 600 34 510 662 759 613 734 206 424 411 650 97 131 635 578 743 463 388 670 635 97 635 707 678 315
331 723 292 615 108 586 233 76 553 246 579 0 557 544 303 530 102 688 83 369 229 647 644 224 176 503 546 587 649 397 80 558 642 236 651 629 526 585 68 548 186 529 453 298 549 592 280 457 185 301
388 657 707 729 625 212 644 631 656 707 88 557 0 23 303 722 505 569 619 752 651 628 686 714 435 650 91 576 726 783 601 782 293 374 490 713 32 51 606 635 731 525 306 687 689 184 652 743 677 269
366 635 687 706 614 194 625 617 632 688 74 544 23 0 298 699 495 547 604 731 631 605 663 696 427 627 70 554 703 762 585 759 276 368 469 690 25 74 594 612 715 502 314 667 666 166 632 721 660 261
347 750 543 730 341 426 475 378 656 518 359 303 303 298 0 681 223 682 382 610 477 693 723 509 142 625 333 630 748 641 370 728 505 76 618 730 275 313 333 641 489 566 164 535 672 415 505 653 469 60
350 314 295 106 628 577 317 525 104 357 674 530 722 699 681 0 610 351 484 242 325 243 182 399 643 75 647 227 155 245 468 62 560 662 385 139 700 772 587 124 508 234 838 269 61 607 266 116 407 632
359 771 390 686 120 570 329 167 619 347 541 102 505 495 223 610 0 725 184 467 326 699 706 325 83 574 510 637 717 495 182 643 636 149 679 697 474 526 111 612 278 575 360 394 621 570 373 546 287 237
366 93 576 276 796 363 559 720 247 624 491 688 569 547 682 351 725 0 681 555 570 114 191 660 717 292 478 129 240 570 660 403 302 703 80 240 560 618 755 229 751 166 800 544 290 396 522 452 649 623
344 706 221 576 148 625 171 42 520 168 633 83 619 604 382 484 184 681 0 299 164 628 615 142 259 467 599 571 614 324 23 504 673 318 654 594 588 650 109 519 112 518 535 232 510 635 221 399 105 374
371 541 78 348 445 668 139 336 324 136 730 369 752 731 610 242 467 555 299 0 141 463 417 176 525 269 698 426 396 32 291 235 680 566 564 379 723 796 407 335 286 400 774 75 293 691 105 128 199 577
296 579 67 423 312 600 11 205 376 62 641 229 651 631 477 325 326 570 164 141 0 499 473 91 385 320 608 448 465 170 154 341 629 429 559 446 620 691 272 379 188 404 640 68 359 618 59 234 84 450
352 80 494 162 755 437 488 669 142 548 558 647 628 605 693 243 699 114 628 463 499 0 78 587 705 194 540 64 127 474 608 291 390 701 173 126 614 679 713 128 685 127 826 463 182 470 446 351 581 635
376 134 459 88 750 503 463 657 97 516 620 644 686 663 723 182 706 191 615 417 473 78 0 557 720 153 600 110 49 424 596 223 461 723 249 51 670 737 707 96 661 164 864 429 125 536 416 297 557 667
379 667 105 501 278 681 102 171 460 42 713 224 714 696 509 399 325 660 142 176 91 587 557 0 397 404 679 538 546 196 144 405 714 451 650 527 683 751 245 465 110 495 668 130 439 697 141 296 40 492
354 772 451 710 199 522 386 247 639 414 479 176 435 427 142 643 83 717 259 525 385 705 720 397 0 599 450 641 736 555 253 682 594 67 664 717 405 452 194 630 359 578 278 450 647 519 425 592 357 166
286 272 305 112 606 501 310 509 56 363 600 503 650 627 625 75 574 292 467 269 320 194 153 404 599 0 573 164 147 280 449 137 485 613 317 127 628 700 564 66 508 161 778 275 48 532 263 160 404 574
327 567 660 646 626 123 601 616 575 667 34 546 91 70 333 647 510 478 599 698 608 540 600 679 450 573 0 490 641 727 579 707 207 396 399 629 88 140 602 554 709 441 374 637 610 98 602 677 644 286
289 136 449 172 695 394 437 611 124 500 510 587 576 554 630 227 637 129 571 426 448 64 110 538 641 164 490 0 154 440 550 284 356 637 158 145 561 628 653 103 633 64 765 418 168 426 397 324 530 572
401 176 444 49 753 548 455 656 97 504 662 649 726 703 748 155 717 240 614 396 465 127 49 546 736 147 641 154 0 399 596 186 509 744 298 20 709 777 711 107 652 201 893 416 107 580 407 271 549 693
400 551 105 351 470 695 169 360 333 159 759 397 783 762 641 245 495 570 324 32 170 474 424 196 555 280 727 440 399 0 318 230 706 597 583 383 754 827 433 346 303 418 805 106 299 719 137 129 223 609
322 686 213 558 161 603 159 61 501 165 613 80 601 585 370 468 182 660 23 291 154 608 596 144 253 449 579 550 596 318 0 490 650 309 632 576 569 633 120 500 130 496 526 222 493 613 208 386 105 359
405 357 300 137 651 638 333 545 160 363 734 558 782 759 728 62 643 403 504 235 341 291 223 405 682 137 707 284 186 230 490 0 621 706 442 175 759 831 610 182 515 294 887 278 116 668 283 109 419 682
336 395 666 528 739 85 620 701 467 691 206 642 293 276 505 560 636 302 673 680 629 390 461 714 594 485 207 356 509 706 650 621 0 554 223 501 295 337 707 445 772 327 575 637 509 110 605 623 688 449
349 764 496 722 266 478 429 310 649 464 424 236 374 368 76 662 149 703 318 566 429 701 723 451 67 613 396 637 744 597 309 706 554 0 644 725 345 388 260 637 421 573 218 491 660 471 463 622 411 109
322 172 574 327 759 284 548 691 282 617 411 651 490 469 618 385 679 80 654 564 559 173 249 650 664 317 399 158 298 583 632 442 223 644 0 295 482 539 720 261 734 164 729 543 326 316 517 474 634 558
383 184 426 37 733 537 436 636 77 485 650 629 713 690 730 139 697 240 594 379 446 126 51 527 717 127 629 145 20 383 576 175 501 725 295 0 695 764 691 88 633 188 876 397 88 570 388 255 530 675
362 647 678 710 594 211 614 599 636 676 97 526 32 25 275 700 474 560 588 723 620 614 670 683 405 628 88 561 709 754 569 759 295 345 482 695 0 73 575 616 699 508 291 658 668 186 623 718 646 239
435 707 749 780 646 259 685 660 707 746 131 585 51 74 313 772 526 618 650 796 691 679 737 751 452 700 140 628 777 827 633 831 337 388 539 764 73 0 630 686 762 576 289 730 739 229 695 791 713 289
399 789 329 675 42 648 279 74 615 275 635 68 606 594 333 587 111 755 109 407 272 713 707 245 194 564 602 653 711 433 120 610 707 260 720 691 575 630 0 612 175 596 470 340 609 653 328 506 211 342
295 206 369 94 654 471 369 560 22 424 578 548 635 612 641 124 612 229 519 335 379 128 96 465 630 66 554 103 107 346 500 182 445 637 261 88 616 686 612 0 567 118 789 338 66 502 323 224 463 587
438 765 215 609 197 729 198 111 564 152 743 186 731 715 489 508 278 751 112 286 188 685 661 110 359 508 709 633 652 303 130 515 772 421 734 633 699 762 175 567 0 586 637 239 545 741 245 406 104 484
225 196 414 207 637 353 394 557 140 460 463 529 525 502 566 234 575 166 518 400 404 127 164 495 578 161 441 64 201 418 496 294 327 573 164 188 508 576 596 118 586 0 703 382 182 385 358 312 484 509
494 876 707 880 468 491 639 526 804 679 388 453 306 314 164 838 360 800 535 774 640 826 864 668 278 778 374 765 893 805 526 887 575 218 729 876 291 289 470 789 637 703 0 699 825 470 669 815 628 206
314 543 32 371 380 617 65 271 332 88 670 298 687 667 535 269 394 544 232 75 68 463 429 130 450 275 637 418 416 106 222 278 637 491 543 397 658 730 340 338 239 382 699 0 309 638 35 170 141 504
331 254 338 66 651 532 349 552 44 397 635 549 689 666 672 61 621 290 510 293 359 182 125 439 647 48 610 168 107 299 493 116 509 660 326 88 668 739 609 66 545 182 825 309 0 563 301 172 442 620
324 488 664 592 681 33 610 657 524 679 97 592 184 166 415 607 570 396 635 691 618 470 536 697 519 532 98 426 580 719 613 668 110 471 316 570 186 229 653 502 741 385 470 638 563 0 604 652 666 363
280 526 61 364 368 583 51 262 319 102 635 280 652 632 505 266 373 522 221 105 59 446 416 141 425 263 602 397 407 137 208 283 605 463 517 388 623 695 328 323 245 358 669 35 301 604 0 178 142 472
356 426 191 222 546 625 228 439 209 254 707 457 743 721 653 116 546 452 399 128 234 351 297 296 592 160 677 324 271 129 386 109 623 622 474 255 718 791 506 224 406 312 815 170 172 652 178 0 311 611
351 661 122 506 247 651 94 138 460 64 678 185 677 660 469 407 287 649 105 199 84 581 557 40 357 404 644 530 549 223 105 419 688 411 634 530 646 713 211 463 104 484 628 141 442 666 142 311 0 452
292 691 515 677 357 371 447 377 602 496 315 301 269 261 60 632 237 623 374 577 450 635 667 492 166 574 286 572 693 609 359 682 449 109 558 675 239 289 342 587 484 509 206 504 620 363 472 611 452 0
