# TTSP Euclidean complete-graph matrix instance
# seed: 1000
# depot: 1
# L_max is not stored in this file; pass it with --budget when running algorithms.
# coordinate rows: node x y
# scenario: ring
# coordinate_max: 1000
# geometry: ring
# depot_position: center
# reward_pattern: uniform
# ring_radius_ratio: 0.35
# ring_noise_ratio: 0.05
# coord 1 500.000000 500.000000
# coord 2 557.978180 166.024129
# coord 3 301.087857 763.301318
# coord 4 289.479243 543.034582
# coord 5 718.645470 733.760233
# coord 6 351.879011 225.510601
# coord 7 614.533199 876.604370
# coord 8 320.218189 190.713977
# coord 9 891.622009 602.448404
# coord 10 790.696732 452.627481
# coord 11 420.843648 154.579811
# coord 12 190.784482 680.965204
# coord 13 671.810839 203.160240
# coord 14 112.267866 577.771388
# coord 15 736.897508 474.732372
# coord 16 653.171470 806.217311
# coord 17 674.882269 776.582358
# coord 18 789.111517 690.849008
# coord 19 717.971098 215.499733
# coord 20 407.781776 849.878100
# coord 21 598.729660 770.655381
# coord 22 416.713092 807.953051
# coord 23 548.242283 913.630585
# coord 24 185.599825 206.869192
# coord 25 421.635833 777.478378
# coord 26 200.995611 580.376836
# coord 27 331.580482 811.167272
# coord 28 875.839229 462.666930
# coord 29 296.605972 212.610853
# coord 30 791.182138 648.348993
# coord 31 870.206433 270.225315
# coord 32 240.182846 775.315890
# coord 33 197.995735 167.823136
# coord 34 172.548585 492.768317
# coord 35 397.203105 876.583973
# coord 36 530.597262 184.720004
# coord 37 745.218188 243.954330
# coord 38 513.927857 72.099263
# coord 39 513.750040 763.844444
# coord 40 777.123895 277.840303
# coord 41 366.685311 767.087370
# coord 42 199.107375 378.004357
# coord 43 167.507909 528.908356
# coord 44 785.444036 405.309878
# coord 45 814.142238 324.218614
# coord 46 863.030945 467.357297
# coord 47 720.012059 235.326425
# coord 48 588.583601 778.854108
# coord 49 855.340425 752.801075
# coord 50 731.767240 757.172641
# reference_nearest_neighbor_tour_cost: 5202
TTSP_MATRIX
50
0 44 14 94 27 81 7 21 20 99 96 47 76 22 11 63 36 92 29 28 35 79 3 80 3 31 97 19 98 99 79 68 67 57 30 62 22 34 67 53 91 100 1 84 5 59 96 78 8 87
0 339 330 215 320 312 394 358 405 295 354 358 343 395 238 342 327 346 358 362 288 319 416 430 288 310 354 378 352 327 436 379 449 328 390 317 355 428 264 355 299 325 334 301 360 364 344 293 436 346
339 0 650 463 590 215 713 239 549 369 138 632 120 607 357 647 622 573 167 700 606 657 748 375 626 547 684 435 265 536 329 687 360 505 729 33 203 104 599 246 631 417 533 330 301 429 176 614 658 616
330 650 0 221 419 540 333 573 612 580 620 138 672 265 523 355 374 493 688 137 298 124 289 568 121 209 57 649 551 503 753 62 604 300 149 622 683 723 213 680 66 399 270 602 675 635 674 288 554 431
215 463 221 0 470 324 466 354 605 509 410 170 512 181 453 449 451 521 539 329 384 294 452 352 269 96 271 592 331 513 642 237 386 127 351 432 545 522 315 555 237 188 123 515 568 579 529 381 603 491
320 590 419 470 0 627 177 674 217 290 651 530 533 626 260 98 61 83 518 332 125 311 248 750 300 540 395 313 671 112 488 480 769 597 352 580 491 693 207 460 354 630 588 335 421 303 498 138 138 27
312 215 540 324 627 0 702 47 658 494 99 483 321 426 459 654 639 639 366 627 598 586 716 167 556 386 586 575 57 610 520 561 164 322 653 183 394 223 562 428 542 216 355 469 473 565 368 602 729 653
394 713 333 466 177 702 0 746 390 459 748 467 676 584 420 80 117 255 669 208 107 209 76 795 217 509 290 490 736 289 658 388 822 585 217 697 646 811 151 620 271 649 566 501 587 479 650 101 271 167
358 239 573 354 674 47 746 0 704 538 107 507 352 439 504 700 685 686 399 665 643 625 758 136 595 407 621 619 32 657 556 590 124 336 690 210 428 227 605 465 578 223 371 512 512 609 402 646 776 700
405 549 612 605 217 658 390 704 0 181 650 705 456 780 201 314 278 135 424 543 338 517 463 809 502 691 598 141 711 110 333 674 819 727 565 552 387 651 411 344 550 728 728 224 289 138 405 351 155 222
295 369 580 509 290 494 459 538 181 0 475 642 276 690 58 379 344 238 248 552 371 516 521 653 492 603 583 86 549 196 199 638 658 619 578 373 214 471 417 175 528 596 628 48 131 74 229 384 307 310
354 138 620 410 651 99 748 107 650 475 0 574 256 524 450 692 672 651 303 695 641 653 770 241 623 479 663 549 137 617 464 646 223 420 722 114 336 124 616 377 615 315 452 442 428 542 310 646 739 678
358 632 138 170 530 483 467 507 705 642 574 0 678 130 584 479 493 598 703 275 418 259 427 474 250 101 192 719 480 601 794 107 513 189 284 601 706 689 333 712 196 303 154 655 718 705 692 410 668 546
343 120 672 512 533 321 676 352 456 276 256 678 0 673 279 603 573 502 48 699 572 656 721 486 626 603 697 330 375 461 209 717 475 577 727 142 84 205 583 129 641 504 600 232 187 326 58 582 579 557
395 607 265 181 626 426 584 439 780 690 524 130 673 0 633 587 597 686 706 402 523 382 550 378 368 89 320 772 409 683 818 235 419 104 413 574 716 646 443 729 317 218 74 695 746 759 698 517 763 645
238 357 523 453 260 459 420 504 201 58 450 584 279 633 0 342 308 222 260 499 327 462 478 613 437 546 527 139 512 182 244 581 620 565 526 356 231 460 365 201 472 546 572 85 169 126 240 338 302 282
342 647 355 449 98 654 80 700 314 379 692 479 603 587 342 0 37 178 594 249 65 236 150 760 233 505 322 409 692 210 578 414 784 574 265 633 570 747 146 543 289 624 559 422 508 399 575 70 209 93
327 622 374 451 61 639 117 685 278 344 672 493 573 597 308 37 0 143 563 277 76 260 187 751 253 513 345 373 679 173 543 435 773 577 295 609 537 723 162 509 308 621 565 387 473 362 543 86 182 60
346 573 493 521 83 639 255 686 135 238 651 598 502 686 222 178 143 0 481 413 206 390 328 774 378 598 473 244 686 43 428 555 789 648 434 568 449 677 285 413 429 668 642 286 367 235 461 219 91 88
358 167 688 539 518 366 669 399 424 248 303 703 48 706 260 594 563 481 0 706 568 665 718 532 635 633 710 293 421 439 162 736 522 612 735 190 39 249 585 86 654 544 633 201 145 291 20 578 555 542
362 700 137 329 332 627 208 665 543 552 695 275 699 402 499 249 277 413 706 0 207 43 154 680 74 340 85 607 647 433 742 183 714 428 29 676 694 785 136 681 92 516 401 583 664 595 689 194 458 337
288 606 298 384 125 598 107 643 338 371 641 418 572 523 327 65 76 206 568 207 0 186 152 699 177 441 270 414 635 228 569 359 724 509 228 590 547 704 85 524 232 560 494 410 496 402 549 13 257 134
319 657 124 294 311 586 209 625 517 516 653 259 656 382 462 236 260 390 665 43 186 0 169 644 31 314 85 574 607 407 703 180 676 399 71 634 653 742 107 641 65 482 374 546 626 561 648 174 442 319
416 748 289 452 248 716 76 758 463 521 770 427 721 550 478 150 187 328 718 154 152 169 0 794 186 481 240 557 745 360 719 338 824 564 156 729 698 842 154 676 233 639 541 561 647 546 700 141 347 241
430 375 568 352 750 167 795 136 809 653 241 474 486 378 613 760 751 774 532 680 699 644 794 0 618 374 622 736 111 749 688 571 41 286 702 346 561 355 646 596 589 172 323 632 639 726 535 700 864 775
288 626 121 269 300 556 217 595 502 492 623 250 626 368 437 233 253 378 635 74 177 31 186 618 0 296 96 553 579 391 677 181 649 378 102 603 624 711 93 613 56 457 355 520 600 539 619 167 434 311
310 547 209 96 540 386 509 407 691 603 479 101 603 89 546 505 513 598 633 340 441 314 481 374 296 0 265 685 380 594 738 199 413 92 355 515 640 597 363 651 250 202 61 610 665 672 623 435 677 559
354 684 57 271 395 586 290 621 598 583 663 192 697 320 527 322 345 473 710 85 270 85 240 622 96 265 0 646 600 488 763 98 657 356 93 657 702 761 188 695 56 453 326 609 686 633 695 259 527 404
378 435 649 592 313 575 490 619 141 86 549 719 330 772 139 409 373 244 293 607 414 574 557 736 553 685 646 0 631 204 193 708 739 704 633 443 255 532 471 210 593 682 711 107 152 14 276 427 291 328
352 265 551 331 671 57 736 32 711 549 137 480 375 409 512 692 679 686 421 647 635 607 745 111 579 380 600 631 0 659 576 566 108 306 672 236 450 259 592 485 559 192 342 525 529 621 424 637 777 697
327 536 503 513 112 610 289 657 110 196 617 601 461 683 182 210 173 43 439 433 228 407 360 749 391 594 488 204 659 0 386 565 763 638 455 532 407 639 301 371 441 651 635 243 325 195 419 241 123 124
436 329 753 642 488 520 658 556 333 199 464 794 209 818 244 578 543 428 162 742 569 703 719 688 677 738 763 193 576 386 0 807 680 732 769 350 128 408 609 93 707 680 749 159 78 197 154 581 483 506
379 687 62 237 480 561 388 590 674 638 646 107 717 235 581 414 435 555 736 183 359 180 338 571 181 199 98 708 566 565 807 0 609 291 187 658 733 755 274 732 127 399 257 659 730 695 722 348 616 492
449 360 604 386 769 164 822 124 819 658 223 513 475 419 620 784 773 789 522 714 724 676 824 41 649 413 657 739 108 763 680 609 0 326 736 333 552 330 674 589 623 210 362 634 636 729 526 725 880 795
328 505 300 127 597 322 585 336 727 619 420 189 577 104 565 574 577 648 612 428 509 399 564 286 378 92 356 704 306 638 732 291 326 0 445 472 624 542 436 642 336 118 36 619 663 691 605 505 731 619
390 729 149 351 352 653 217 690 565 578 722 284 727 413 526 265 295 434 735 29 228 71 156 702 102 355 93 633 672 455 769 187 736 445 0 705 722 813 162 709 114 536 417 611 692 620 718 215 475 355
317 33 622 432 580 183 697 210 552 373 114 601 142 574 356 633 609 568 190 676 590 634 729 346 603 515 657 443 236 532 350 658 333 472 705 0 223 114 579 264 605 384 500 337 316 436 196 597 654 607
355 203 683 545 491 394 646 428 387 214 336 706 84 716 231 570 537 449 39 694 547 653 698 561 624 640 702 255 450 407 128 733 552 624 722 223 0 288 569 47 646 562 644 166 106 253 27 557 521 513
428 104 723 522 693 223 811 227 651 471 124 689 205 646 460 747 723 677 249 785 704 742 842 355 711 597 761 532 259 639 408 755 330 542 813 114 288 0 692 334 710 439 573 430 392 527 263 711 762 719
264 599 213 315 207 562 151 605 411 417 616 333 583 443 365 146 162 285 585 136 85 107 154 646 93 363 188 471 592 301 609 274 674 436 162 579 569 692 0 553 147 498 418 450 532 458 567 76 342 218
355 246 680 555 460 428 620 465 344 175 377 712 129 729 201 543 509 413 86 681 524 641 676 596 613 651 695 210 485 371 93 732 589 642 709 264 47 334 553 0 639 587 659 128 59 208 71 535 481 481
299 631 66 237 354 542 271 578 550 528 615 196 641 317 472 289 308 429 654 92 232 65 233 589 56 250 56 593 559 441 707 127 623 336 114 605 646 710 147 639 0 424 310 553 630 580 638 222 489 365
325 417 399 188 630 216 649 223 728 596 315 303 504 218 546 624 621 668 544 516 560 482 639 172 457 202 453 682 192 651 680 399 210 118 536 384 562 439 498 587 424 0 154 587 617 670 540 559 756 654
334 533 270 123 588 355 566 371 728 628 452 154 600 74 572 559 565 642 633 401 494 374 541 323 355 61 326 711 342 635 749 257 362 36 417 500 644 573 418 659 310 154 0 630 678 698 626 490 723 609
301 330 602 515 335 469 501 512 224 48 442 655 232 695 85 422 387 286 201 583 410 546 561 632 520 610 609 107 525 243 159 659 634 619 611 337 166 430 450 128 553 587 630 0 86 99 182 422 354 356
360 301 675 568 421 473 587 512 289 131 428 718 187 746 169 508 473 367 145 664 496 626 647 639 600 665 686 152 529 325 78 730 636 663 692 316 106 392 532 59 630 617 678 86 0 151 129 508 431 441
364 429 635 579 303 565 479 609 138 74 542 705 326 759 126 399 362 235 291 595 402 561 546 726 539 672 633 14 621 195 197 695 729 691 620 436 253 527 458 208 580 670 698 99 151 0 273 415 286 318
344 176 674 529 498 368 650 402 405 229 310 692 58 698 240 575 543 461 20 689 549 648 700 535 619 623 695 276 424 419 154 722 526 605 718 196 27 263 567 71 638 540 626 182 129 273 0 559 535 522
293 614 288 381 138 602 101 646 351 384 646 410 582 517 338 70 86 219 578 194 13 174 141 700 167 435 259 427 637 241 581 348 725 505 215 597 557 711 76 535 222 559 490 422 508 415 559 0 268 145
436 658 554 603 138 729 271 776 155 307 739 668 579 763 302 209 182 91 555 458 257 442 347 864 434 677 527 291 777 123 483 616 880 731 475 654 521 762 342 481 489 756 723 354 431 286 535 268 0 124
346 616 431 491 27 653 167 700 222 310 678 546 557 645 282 93 60 88 542 337 134 319 241 775 311 559 404 328 697 124 506 492 795 619 355 607 513 719 218 481 365 654 609 356 441 318 522 145 124 0
