# TTSP Euclidean complete-graph matrix instance
# seed: 1002
# depot: 1
# L_max is not stored in this file; pass it with --budget when running algorithms.
# coordinate rows: node x y
# scenario: ring
# coordinate_max: 1000
# geometry: ring
# depot_position: center
# reward_pattern: uniform
# ring_radius_ratio: 0.35
# ring_noise_ratio: 0.05
# coord 1 500.000000 500.000000
# coord 2 183.853113 458.145905
# coord 3 750.509782 767.900618
# coord 4 200.448004 530.296409
# coord 5 420.326089 210.352108
# coord 6 147.090452 651.676458
# coord 7 586.496703 149.888170
# coord 8 252.743435 633.735715
# coord 9 513.737059 180.212009
# coord 10 645.717466 737.826266
# coord 11 835.115001 354.563503
# coord 12 417.168084 920.727829
# coord 13 210.356055 455.085630
# coord 14 148.286763 310.521274
# coord 15 419.506804 818.787741
# coord 16 621.449921 104.157101
# coord 17 256.394299 186.123240
# coord 18 179.211601 761.103785
# coord 19 682.649031 768.198870
# coord 20 179.216965 684.837665
# coord 21 627.060996 180.303194
# coord 22 134.948736 383.796249
# coord 23 709.266719 622.016488
# coord 24 238.003566 629.148075
# coord 25 687.359977 196.919131
# coord 26 856.901154 645.692992
# coord 27 681.716284 115.286752
# coord 28 906.068193 363.040658
# coord 29 900.343148 525.752387
# coord 30 593.725579 148.898430
# coord 31 192.458589 156.680262
# coord 32 98.138562 570.782843
# coord 33 156.816036 771.638859
# coord 34 877.413000 360.757728
# coord 35 847.774501 588.968057
# coord 36 439.039088 888.816883
# coord 37 823.801772 596.179442
# coord 38 265.799209 732.767090
# coord 39 614.415797 252.387187
# coord 40 721.348378 699.127618
# coord 41 193.468972 660.779194
# coord 42 147.550988 251.970702
# coord 43 688.594840 136.919280
# coord 44 206.092874 317.584042
# coord 45 178.341618 334.084203
# coord 46 925.653421 374.978227
# coord 47 821.701881 430.820635
# coord 48 407.767509 190.794396
# coord 49 464.470327 72.025943
# coord 50 313.082889 168.368369
# reference_nearest_neighbor_tour_cost: 5133
TTSP_MATRIX
50
0 3 52 90 34 11 86 93 82 41 69 40 49 88 99 58 80 4 85 44 42 29 61 11 41 69 12 30 22 78 14 23 45 51 35 34 22 4 77 99 90 56 16 86 38 28 12 68 5 13
0 319 367 301 300 384 361 281 320 279 365 429 293 400 329 414 397 414 324 370 344 383 242 292 356 385 425 429 401 363 461 408 438 402 359 394 338 330 273 298 346 431 409 346 362 444 329 323 429 381
319 0 646 74 343 197 507 189 431 540 659 518 27 152 431 563 282 303 587 227 523 89 550 179 567 699 604 728 720 513 302 142 315 700 677 501 655 287 477 589 203 209 598 142 124 746 638 349 477 317
367 646 0 599 648 615 639 516 634 109 422 367 624 756 335 676 763 571 68 577 600 726 152 531 574 162 656 434 285 639 828 682 594 426 204 334 187 486 533 75 567 794 634 707 718 430 345 671 752 742
301 74 599 0 388 133 542 116 470 491 659 447 76 226 362 599 349 232 538 156 552 160 517 106 590 667 635 725 700 548 374 110 245 698 650 431 627 213 499 548 131 283 627 213 197 742 629 398 529 379
300 343 648 388 0 519 177 455 98 574 439 710 322 290 608 227 166 601 616 532 209 334 503 457 267 617 278 509 574 184 234 483 620 481 571 679 558 545 199 574 504 276 278 240 272 531 458 23 145 115
384 197 615 133 519 0 667 107 597 506 749 381 207 341 320 724 478 114 548 46 673 268 563 94 706 710 757 812 764 673 497 95 120 786 703 376 679 144 615 576 47 400 747 339 319 826 710 529 661 511
361 507 639 542 177 667 0 588 79 591 322 789 484 467 689 58 332 734 626 672 51 509 488 593 111 565 101 384 490 7 394 645 756 359 511 753 505 665 106 566 645 451 103 416 448 407 366 183 145 274
281 189 516 116 455 107 588 0 523 407 646 331 184 340 249 645 448 147 450 90 588 276 457 15 616 604 673 707 657 593 481 167 168 682 597 316 572 100 526 473 65 396 661 320 309 721 604 469 600 469
320 431 634 470 98 597 79 523 0 573 366 747 409 388 645 132 257 670 612 605 113 430 483 527 174 578 180 433 519 86 322 570 691 406 528 713 519 606 124 559 578 373 180 337 369 456 397 106 119 201
279 540 109 491 574 506 591 407 573 0 428 293 519 656 240 634 675 467 48 470 558 621 132 422 543 230 624 456 331 591 737 572 490 443 251 256 228 380 486 85 459 696 602 608 618 458 354 597 690 659
365 659 422 659 439 749 322 646 366 428 0 704 633 688 623 329 603 772 441 734 271 701 296 657 216 292 284 71 183 317 672 768 796 43 235 665 242 683 243 363 711 695 262 630 657 93 77 458 466 554
429 518 367 447 710 381 789 331 747 293 704 0 510 667 102 842 752 287 306 335 770 607 418 342 773 519 848 742 624 792 796 474 300 725 544 39 520 241 697 376 343 721 829 639 633 746 635 730 850 760
293 27 624 76 322 207 484 184 409 519 633 510 0 157 420 541 273 308 567 232 499 104 526 176 542 674 581 702 694 491 299 161 321 674 651 490 629 283 452 566 206 213 574 138 125 720 612 330 460 305
400 152 756 226 290 341 467 340 388 656 688 667 157 0 576 516 165 452 704 376 496 74 642 331 551 784 568 760 782 474 160 265 461 731 753 647 733 438 470 692 353 59 568 58 38 780 684 286 396 218
329 431 335 362 608 320 689 249 645 240 623 102 420 576 0 743 653 247 268 275 671 520 350 263 677 470 751 667 563 692 700 406 267 648 486 73 462 176 599 325 276 629 733 545 541 673 559 628 748 659
414 563 676 599 227 724 58 645 132 634 329 842 541 516 743 0 374 792 667 730 76 561 525 650 114 591 61 385 505 53 432 701 813 362 535 806 532 722 148 603 702 496 75 467 499 407 383 231 160 315
397 282 763 349 166 478 332 448 257 675 603 752 273 165 653 374 0 580 721 505 371 232 629 443 431 756 431 673 728 339 70 416 594 645 716 726 700 547 364 692 479 127 435 141 167 695 616 151 237 59
414 303 571 232 601 114 734 147 670 467 772 287 308 452 247 792 580 0 503 76 733 380 548 144 759 687 818 829 759 739 605 207 25 805 690 290 665 91 669 546 101 510 806 444 427 840 722 614 746 608
324 587 68 538 616 548 626 450 612 48 441 306 567 704 268 667 721 503 0 510 591 669 149 466 571 213 653 463 326 626 784 617 526 452 244 272 223 418 520 79 501 744 631 656 665 462 365 639 730 705
370 227 577 156 532 46 672 90 605 470 734 335 232 376 275 730 505 76 510 0 675 304 534 81 704 679 760 795 738 678 528 140 90 770 675 330 651 99 614 542 28 434 748 368 351 808 691 544 676 534
344 523 600 552 209 673 51 588 113 558 271 770 499 496 671 76 371 733 591 675 0 533 449 594 63 519 85 334 440 46 435 657 756 309 464 733 460 660 73 527 647 485 75 443 474 356 317 220 195 314
383 89 726 160 334 268 509 276 430 621 701 607 104 74 520 561 232 380 669 304 533 0 622 266 583 768 609 771 778 515 234 191 388 743 742 590 721 373 497 666 283 132 606 97 66 791 688 334 454 280
242 550 152 517 503 563 488 457 483 132 296 418 526 642 350 525 629 548 149 534 449 622 0 471 426 150 507 325 214 487 695 613 572 311 142 380 117 457 382 78 517 673 486 588 604 328 222 526 602 602
292 179 531 106 457 94 593 15 527 422 657 342 176 331 263 650 443 144 466 81 594 266 471 0 623 619 679 719 670 598 475 152 164 693 611 328 587 107 533 488 55 388 667 313 301 733 616 470 601 467
356 567 574 590 267 706 111 616 174 543 216 773 542 551 677 114 431 759 571 704 63 583 426 623 0 480 82 275 392 105 497 698 782 251 424 735 422 682 92 503 678 543 60 496 527 297 270 280 255 375
385 699 162 667 617 710 565 604 578 230 292 519 674 784 470 591 756 687 213 679 519 768 150 619 480 0 559 287 128 562 825 762 711 286 57 483 60 597 462 146 664 811 536 729 747 279 218 639 695 724
425 604 656 635 278 757 101 673 180 624 284 848 581 568 751 61 431 818 653 760 85 609 507 679 82 559 0 334 465 94 491 740 840 314 502 811 501 744 153 585 732 551 23 517 549 356 345 284 222 372
429 728 434 725 509 812 384 707 433 456 71 742 702 760 667 385 673 829 463 795 334 771 325 719 275 287 334 0 163 379 743 834 853 29 233 703 247 739 312 384 772 767 314 701 728 23 108 527 529 624
401 720 285 700 574 764 490 657 519 331 183 624 694 782 563 505 728 759 326 738 440 778 214 670 392 128 465 163 0 486 798 803 783 167 82 587 104 667 396 249 720 801 443 725 747 153 123 596 629 687
363 513 639 548 184 673 7 593 86 591 317 792 491 474 692 53 339 739 626 678 46 515 487 598 105 562 94 379 486 0 401 651 761 354 508 756 503 670 106 565 650 458 96 423 455 402 363 191 150 281
461 302 828 374 234 497 394 481 322 737 672 796 299 160 700 432 70 605 784 528 435 234 695 475 497 825 491 743 798 401 0 425 616 715 785 773 769 581 433 758 504 105 497 161 178 765 686 218 285 121
408 142 682 110 483 95 645 167 570 572 768 474 161 265 406 701 416 207 617 140 657 191 613 152 698 762 740 834 803 651 425 0 209 807 750 466 726 233 607 636 131 323 733 275 250 850 737 490 619 456
438 315 594 245 620 120 756 168 691 490 796 300 321 461 267 813 594 25 526 90 756 388 572 164 782 711 840 853 783 761 616 209 0 830 715 306 690 116 692 569 117 520 828 457 438 865 747 633 764 623
402 700 426 698 481 786 359 682 406 443 43 725 674 731 648 362 645 805 452 770 309 743 311 693 251 286 314 29 167 354 715 807 830 0 230 686 241 716 284 373 747 738 293 673 700 50 90 499 504 596
359 677 204 650 571 703 511 597 528 251 235 544 651 753 486 535 716 690 244 675 464 742 142 611 424 57 502 233 82 508 785 750 715 230 0 507 25 599 410 168 658 777 479 697 716 228 160 593 644 680
394 501 334 431 679 376 753 316 713 256 665 39 490 647 73 806 726 290 272 330 733 590 380 328 735 483 811 703 587 756 773 466 306 686 507 0 483 233 660 340 335 700 792 617 613 708 597 699 817 731
338 655 187 627 558 679 505 572 519 228 242 520 629 733 462 532 700 665 223 651 460 721 117 587 422 60 501 247 104 503 769 726 690 241 25 483 0 574 403 145 634 759 479 678 697 244 165 581 635 666
330 287 486 213 545 144 665 100 606 380 683 241 283 438 176 722 547 91 418 99 660 373 457 107 682 597 744 739 667 670 581 233 116 716 599 233 574 0 594 457 102 495 731 419 408 751 633 560 690 566
273 477 533 499 199 615 106 526 124 486 243 697 452 470 599 148 364 669 520 614 73 497 382 533 92 462 153 312 396 106 433 607 692 284 410 660 403 594 0 459 586 467 137 413 444 335 274 216 235 313
298 589 75 548 574 576 566 473 559 85 363 376 566 692 325 603 692 546 79 542 527 666 78 488 503 146 585 384 249 565 758 636 569 373 168 340 145 457 459 0 529 727 563 641 654 383 286 597 678 670
346 203 567 131 504 47 645 65 578 459 711 343 206 353 276 702 479 101 501 28 647 283 517 55 678 664 732 772 720 650 504 131 117 747 658 335 634 102 586 529 0 411 721 343 327 786 669 517 648 507
431 209 794 283 276 400 451 396 373 696 695 721 213 59 629 496 127 510 744 434 485 132 673 388 543 811 551 767 801 458 105 323 520 738 777 700 759 495 467 727 411 0 553 88 88 788 697 267 364 185
409 598 634 627 278 747 103 661 180 602 262 829 574 568 733 75 435 806 631 748 75 606 486 667 60 536 23 314 443 96 497 733 828 293 479 792 479 731 137 563 721 553 0 515 547 336 323 286 233 377
346 142 707 213 240 339 416 320 337 608 630 639 138 58 545 467 141 444 656 368 443 97 588 313 496 729 517 701 725 423 161 275 457 673 697 617 678 419 413 641 343 88 515 0 32 722 626 238 356 184
362 124 718 197 272 319 448 309 369 618 657 633 125 38 541 499 167 427 665 351 474 66 604 301 527 747 549 728 747 455 178 250 438 700 716 613 697 408 444 654 327 88 547 32 0 748 651 270 388 214
444 746 430 742 531 826 407 721 456 458 93 746 720 780 673 407 695 840 462 808 356 791 328 733 297 279 356 23 153 402 765 850 865 50 228 708 244 751 335 383 786 788 336 722 748 0 118 550 552 646
329 638 345 629 458 710 366 604 397 354 77 635 612 684 559 383 616 722 365 691 317 688 222 616 270 218 345 108 123 363 686 737 747 90 160 597 165 633 274 286 669 697 323 626 651 118 0 478 506 572
323 349 671 398 23 529 183 469 106 597 458 730 330 286 628 231 151 614 639 544 220 334 526 470 280 639 284 527 596 191 218 490 633 499 593 699 581 560 216 597 517 267 286 238 270 550 478 0 132 97
429 477 752 529 145 661 145 600 119 690 466 850 460 396 748 160 237 746 730 676 195 454 602 601 255 695 222 529 629 150 285 619 764 504 644 817 635 690 235 678 648 364 233 356 388 552 506 132 0 179
381 317 742 379 115 511 274 469 201 659 554 760 305 218 659 315 59 608 705 534 314 280 602 467 375 724 372 624 687 281 121 456 623 596 680 731 666 566 313 670 507 185 377 184 214 646 572 97 179 0
