# TTSP Euclidean complete-graph matrix instance
# seed: 1003
# depot: 1
# L_max is not stored in this file; pass it with --budget when running algorithms.
# coordinate rows: node x y
# scenario: ring
# coordinate_max: 1000
# geometry: ring
# depot_position: center
# reward_pattern: uniform
# ring_radius_ratio: 0.35
# ring_noise_ratio: 0.05
# coord 1 500.000000 500.000000
# coord 2 201.039035 504.994412
# coord 3 111.198499 635.245466
# coord 4 122.262543 613.977508
# coord 5 146.886941 554.690987
# coord 6 132.295009 616.102885
# coord 7 303.412962 815.736394
# coord 8 768.041507 310.598732
# coord 9 740.013520 550.486824
# coord 10 544.876888 829.687010
# coord 11 544.726070 842.874015
# coord 12 128.030255 353.223358
# coord 13 843.498618 568.517390
# coord 14 523.046159 888.452997
# coord 15 464.196063 817.781261
# coord 16 817.258226 302.464366
# coord 17 213.033810 641.302686
# coord 18 615.634448 835.638957
# coord 19 537.264289 207.157522
# coord 20 510.397743 132.000641
# coord 21 481.869789 130.391618
# coord 22 769.785827 216.420301
# coord 23 628.649557 920.483395
# coord 24 320.560019 778.751796
# coord 25 172.341675 477.503930
# coord 26 165.385273 644.069542
# coord 27 173.711070 652.276127
# coord 28 168.213271 494.799546
# coord 29 182.570325 645.263285
# coord 30 835.159794 452.092771
# coord 31 395.609643 210.989939
# coord 32 240.875615 698.467528
# coord 33 838.823786 504.709669
# coord 34 413.188929 176.788044
# coord 35 853.828062 499.142186
# coord 36 252.327602 244.800321
# coord 37 635.964407 114.310984
# coord 38 154.544454 545.139663
# coord 39 607.789869 173.265021
# coord 40 213.179481 361.794616
# coord 41 774.653419 222.302601
# coord 42 798.459116 386.194106
# coord 43 287.505111 883.869485
# coord 44 114.856153 415.055138
# coord 45 133.391071 518.688711
# coord 46 897.819376 636.866940
# coord 47 750.686748 328.030038
# coord 48 131.444263 486.456425
# coord 49 857.873392 667.150874
# coord 50 189.104791 486.911862
# reference_nearest_neighbor_tour_cost: 4429
TTSP_MATRIX
50
0 100 5 87 12 52 37 78 43 19 50 28 92 51 40 11 67 23 61 13 50 8 78 42 33 30 43 8 5 32 61 87 44 29 90 21 82 94 24 39 12 32 31 31 10 47 71 98 62 4
0 299 412 395 357 386 372 328 245 333 346 400 350 389 320 374 320 355 295 368 370 391 440 332 328 364 360 332 349 339 307 326 339 335 354 356 409 348 344 318 391 319 439 394 367 421 304 369 395 311
299 0 158 134 73 131 327 599 541 473 482 168 646 501 409 649 137 530 449 485 468 638 596 299 40 144 150 34 141 636 353 198 638 391 653 265 585 61 525 144 639 609 389 125 69 709 577 72 677 22
412 158 0 24 88 28 264 733 635 475 481 283 735 483 397 781 102 543 604 642 626 780 591 254 169 55 65 152 72 747 511 144 739 549 755 415 739 100 678 292 781 731 305 220 119 787 709 150 747 168
395 134 24 0 64 10 271 713 621 474 480 261 723 486 398 762 95 541 581 619 603 760 592 258 145 53 64 128 68 731 487 146 725 525 741 391 717 76 656 268 761 714 316 199 96 776 690 128 738 144
357 73 88 64 0 63 304 667 593 484 491 202 697 503 412 716 109 546 523 558 541 709 605 283 81 91 101 64 97 696 424 172 694 462 709 327 658 12 598 204 710 673 358 143 38 755 645 70 720 80
386 131 28 10 63 0 263 705 611 465 471 263 713 476 388 753 85 531 576 614 598 752 582 249 144 43 55 127 58 722 483 136 715 521 731 390 711 74 650 267 753 705 309 202 97 766 682 130 727 141
372 327 264 271 304 263 0 686 511 242 243 495 594 231 161 726 196 313 652 714 708 759 342 41 363 220 209 348 209 644 612 133 619 648 635 573 776 309 711 463 758 655 70 443 342 621 662 371 574 348
328 599 733 713 667 705 686 0 242 565 577 641 269 628 591 50 646 547 253 313 338 94 626 648 619 689 686 627 674 157 386 654 207 379 207 520 237 657 211 557 89 81 748 661 668 351 25 660 368 605
245 541 635 621 593 611 511 242 0 341 352 643 105 402 384 260 535 311 399 477 493 335 386 478 572 582 575 575 565 137 484 521 109 496 125 576 448 585 400 560 330 174 562 640 607 180 223 612 166 555
333 473 475 474 484 465 242 565 341 0 13 633 397 63 82 593 382 71 623 699 702 653 124 230 513 422 411 504 407 476 636 331 438 666 452 654 721 483 659 574 649 511 263 597 516 402 542 537 353 494
346 482 481 480 491 471 243 577 352 13 0 643 406 50 84 605 388 71 636 712 715 666 114 233 522 428 417 513 413 487 649 336 448 679 462 666 734 491 673 584 662 522 260 606 524 409 555 546 359 503
400 168 283 261 202 263 495 641 643 633 643 0 747 665 573 691 300 686 435 442 418 656 757 467 132 293 303 147 297 714 303 363 727 335 740 165 561 194 512 86 660 671 554 63 166 820 623 133 794 147
350 646 735 723 697 713 594 269 105 397 406 747 0 453 454 267 635 351 474 549 568 360 412 564 677 682 675 679 665 117 573 616 64 582 70 674 499 689 460 663 353 188 639 745 712 87 258 717 100 659
389 501 483 486 503 476 231 628 402 63 50 665 453 0 92 656 396 107 681 757 759 716 110 230 540 433 422 530 418 536 689 340 497 720 511 698 782 504 720 611 712 573 236 625 537 451 605 561 401 522
320 409 397 398 412 388 161 591 384 82 84 573 454 92 0 625 307 152 615 687 688 675 194 149 448 346 334 438 330 521 611 253 488 643 503 611 724 413 660 521 672 546 189 533 446 470 567 470 422 430
374 649 781 762 716 753 726 50 260 593 605 691 267 656 625 0 693 570 296 351 377 98 646 688 668 736 732 677 721 151 431 699 203 423 200 568 261 706 246 607 91 86 787 711 717 344 71 710 367 655
320 137 102 95 109 85 196 646 535 382 388 300 635 396 307 693 0 447 542 590 577 700 501 175 169 48 41 153 31 650 467 64 641 506 656 398 676 113 612 280 701 639 254 247 146 685 622 175 645 156
355 530 543 541 546 531 313 547 311 71 71 686 351 107 152 570 447 0 633 711 718 638 86 301 570 489 478 562 473 442 662 399 399 689 412 694 722 545 662 622 634 485 332 654 577 345 525 597 295 551
295 449 604 581 523 576 652 253 399 623 636 435 474 681 615 296 542 633 0 80 95 233 719 611 454 574 575 468 564 386 142 574 424 128 431 287 136 511 78 359 238 317 721 471 510 561 245 493 561 447
368 485 642 619 558 614 714 313 477 699 712 442 549 757 687 351 590 711 80 0 29 273 797 674 483 617 620 499 609 456 139 627 497 107 503 282 127 545 106 376 279 384 784 486 540 636 310 519 638 479
370 468 626 603 541 598 708 338 493 702 715 418 568 759 688 377 577 718 95 29 0 300 804 668 465 603 606 481 596 478 118 617 517 83 524 256 155 528 133 355 307 407 778 464 522 655 334 500 655 461
391 638 780 760 709 752 759 94 335 653 666 656 360 716 675 98 700 638 233 273 300 0 718 720 652 740 738 663 727 245 374 716 296 359 295 518 168 698 168 575 8 172 823 684 705 440 113 693 459 641
440 596 591 592 605 582 342 626 386 124 114 757 412 110 194 646 501 86 719 797 804 718 0 339 636 539 528 627 524 512 747 447 466 774 478 773 806 605 748 696 713 561 343 721 638 391 605 660 342 617
332 299 254 258 283 249 41 648 478 230 233 467 564 230 149 688 175 301 611 674 668 720 339 0 336 205 194 322 192 610 573 113 586 609 602 538 736 287 670 431 718 618 110 418 320 594 623 348 549 320
328 40 169 145 81 144 363 619 572 513 522 132 677 540 448 668 169 570 454 483 465 652 636 336 0 167 175 18 168 663 348 231 667 385 682 246 589 70 531 123 654 633 422 85 57 743 597 42 711 19
364 144 55 53 91 43 220 689 582 422 428 293 682 433 346 736 48 489 574 617 603 740 539 205 167 0 12 149 17 697 490 93 688 529 704 409 709 100 646 286 741 684 269 235 129 732 665 161 693 159
360 150 65 64 101 55 209 686 575 411 417 303 675 422 334 732 41 478 575 620 606 738 528 194 175 12 0 158 11 691 494 82 681 532 697 415 709 109 646 293 739 679 258 244 140 724 662 171 684 166
332 34 152 128 64 127 348 627 575 504 513 147 679 530 438 677 153 562 468 499 481 663 627 322 18 149 158 0 151 668 364 216 671 401 686 264 603 52 545 140 665 640 407 96 42 743 606 38 711 22
349 141 72 68 97 58 209 674 565 407 413 297 665 418 330 721 31 473 564 609 596 727 524 192 168 17 11 151 0 681 484 79 671 522 687 406 698 104 635 285 728 668 261 240 136 715 651 167 676 158
339 636 747 731 696 722 644 157 137 476 487 714 117 536 521 151 650 442 386 456 478 245 512 610 663 697 691 668 681 0 501 643 53 504 51 619 392 687 360 629 238 75 697 721 705 195 150 705 216 647
307 353 511 487 424 483 612 386 484 636 649 303 573 689 611 431 467 662 142 139 118 374 747 573 348 490 494 364 484 501 0 511 532 38 541 147 259 412 216 237 379 439 682 347 404 658 374 382 649 345
326 198 144 146 172 136 133 654 521 331 336 363 616 340 253 699 64 399 574 627 617 716 447 113 231 93 82 216 79 643 511 0 629 549 645 454 705 176 641 338 715 639 191 310 209 660 630 239 618 218
339 638 739 725 694 715 619 207 109 438 448 727 64 497 488 203 641 399 424 497 517 296 466 586 667 688 681 671 671 53 532 629 0 537 16 642 440 685 404 642 290 125 669 729 706 145 197 708 164 650
335 391 549 525 462 521 648 379 496 666 679 335 582 720 643 423 506 689 128 107 83 359 774 609 385 529 532 401 522 504 38 549 537 0 546 175 231 450 195 272 364 439 718 382 442 668 370 419 662 383
354 653 755 741 709 731 635 207 125 452 462 740 70 511 503 200 656 412 431 503 524 295 478 602 682 704 697 686 687 51 541 645 16 546 0 653 442 701 408 655 288 126 685 744 721 145 200 722 168 665
356 265 415 391 327 390 573 520 576 654 666 165 674 698 611 568 398 694 287 282 256 518 773 538 246 409 415 264 406 619 147 454 642 175 653 0 405 316 363 123 523 564 640 219 299 755 505 270 738 250
409 585 739 717 658 711 776 237 448 721 734 561 499 782 724 261 676 722 136 127 155 168 806 736 589 709 709 603 698 392 259 705 440 231 442 405 0 646 65 490 176 317 845 602 645 584 243 627 596 582
348 61 100 76 12 74 309 657 585 483 491 194 689 504 413 706 113 545 511 545 528 698 605 287 70 100 109 52 104 687 412 176 685 450 701 316 646 0 586 192 699 663 364 136 34 749 634 63 714 68
344 525 678 656 598 650 711 211 400 659 673 512 460 720 660 246 612 662 78 106 133 168 748 670 531 646 646 545 635 360 216 641 404 195 408 363 65 586 0 437 174 286 779 549 587 547 211 570 554 523
318 144 292 268 204 267 463 557 560 574 584 86 663 611 521 607 280 622 359 376 355 575 696 431 123 286 293 140 285 629 237 338 642 272 655 123 490 192 437 0 579 586 527 112 176 738 539 149 713 127
391 639 781 761 710 753 758 89 330 649 662 660 353 712 672 91 701 634 238 279 307 8 713 718 654 741 739 665 728 238 379 715 290 364 288 523 176 699 174 579 0 166 822 687 706 432 108 695 453 643
319 609 731 714 673 705 655 81 174 511 522 671 188 573 546 86 639 485 317 384 407 172 561 618 633 684 679 640 668 75 439 639 125 439 126 564 317 663 286 586 166 0 713 684 678 270 75 675 287 618
439 389 305 316 358 309 70 748 562 263 260 554 639 236 189 787 254 332 721 784 778 823 343 110 422 269 258 407 261 697 682 191 669 718 685 640 845 364 779 527 822 713 0 500 396 658 724 427 610 409
394 125 220 199 143 202 443 661 640 597 606 63 745 625 533 711 247 654 471 486 464 684 721 418 85 235 244 96 240 721 347 310 729 382 744 219 602 136 549 112 687 684 500 0 105 814 642 73 785 103
367 69 119 96 38 97 342 668 607 516 524 166 712 537 446 717 146 577 510 540 522 705 638 320 57 129 140 42 136 705 404 209 706 442 721 299 645 34 587 176 706 678 396 105 0 774 646 32 740 64
421 709 787 776 755 766 621 351 180 402 409 820 87 451 470 344 685 345 561 636 655 440 391 594 743 732 724 743 715 195 658 660 145 668 145 755 584 749 547 738 432 270 658 814 774 0 342 781 50 724
304 577 709 690 645 682 662 25 223 542 555 623 258 605 567 71 622 525 245 310 334 113 605 623 597 665 662 606 651 150 374 630 197 370 200 505 243 634 211 539 108 75 724 642 646 342 0 639 356 584
369 72 150 128 70 130 371 660 612 537 546 133 717 561 470 710 175 597 493 519 500 693 660 348 42 161 171 38 167 705 382 239 708 419 722 270 627 63 570 149 695 675 427 73 32 781 639 0 749 58
395 677 747 738 720 727 574 368 166 353 359 794 100 401 422 367 645 295 561 638 655 459 342 549 711 693 684 711 676 216 649 618 164 662 168 738 596 714 554 713 453 287 610 785 740 50 356 749 0 693
311 22 168 144 80 141 348 605 555 494 503 147 659 522 430 655 156 551 447 479 461 641 617 320 19 159 166 22 158 647 345 218 650 383 665 250 582 68 523 127 643 618 409 103 64 724 584 58 693 0
