# TTSP Euclidean complete-graph matrix instance
# seed: 1001
# depot: 1
# L_max is not stored in this file; pass it with --budget when running algorithms.
# coordinate rows: node x y
# scenario: ring
# coordinate_max: 1000
# geometry: ring
# depot_position: center
# reward_pattern: uniform
# ring_radius_ratio: 0.35
# ring_noise_ratio: 0.05
# coord 1 500.000000 500.000000
# coord 2 623.906023 89.457103
# coord 3 747.438287 211.036856
# coord 4 854.333785 728.866253
# coord 5 250.510816 665.730848
# coord 6 274.477179 727.022322
# coord 7 221.966958 364.634828
# coord 8 166.770287 232.023740
# coord 9 403.134171 137.096225
# coord 10 794.893737 343.083913
# coord 11 477.444305 222.171717
# coord 12 593.256084 725.309144
# coord 13 812.016486 344.359469
# coord 14 898.287328 547.753527
# coord 15 249.668967 666.392124
# coord 16 757.346970 772.596643
# coord 17 232.156921 323.193846
# coord 18 769.934204 638.141627
# coord 19 384.148879 811.842114
# coord 20 725.846348 888.227106
# coord 21 209.738262 266.576659
# coord 22 774.932925 509.785551
# coord 23 594.471906 794.423947
# coord 24 846.818492 334.992951
# coord 25 797.164471 478.188310
# coord 26 579.157153 888.713208
# coord 27 649.334809 829.233273
# coord 28 863.219053 372.410673
# coord 29 748.619234 211.465663
# coord 30 887.841111 602.779144
# coord 31 257.563257 795.409448
# coord 32 801.325289 540.720749
# coord 33 750.047904 589.961510
# coord 34 770.410543 782.481325
# coord 35 271.519419 184.924263
# coord 36 466.799903 859.110573
# coord 37 767.296110 306.180740
# coord 38 560.514054 870.096772
# coord 39 151.429995 369.110548
# coord 40 819.522034 253.535926
# coord 41 113.244474 429.806158
# coord 42 146.133755 555.764489
# coord 43 754.390175 317.983654
# coord 44 353.137347 766.529250
# coord 45 125.581212 400.344632
# coord 46 392.721233 120.319056
# coord 47 675.524117 678.160373
# coord 48 644.999752 829.694156
# coord 49 494.126136 762.982226
# coord 50 768.584679 257.003846
# reference_nearest_neighbor_tour_cost: 4871
TTSP_MATRIX
50
0 15 13 11 93 32 86 9 26 66 60 52 68 74 16 59 8 27 43 68 65 5 85 9 9 58 31 26 92 96 83 85 57 20 18 77 9 43 36 95 79 39 58 82 10 62 16 33 37 53
0 429 380 422 300 320 309 428 376 334 279 244 349 401 301 375 321 303 333 449 372 275 309 384 298 397 362 385 381 401 382 304 266 391 389 361 330 375 372 404 393 358 313 304 387 395 250 360 263 362
429 0 173 680 687 727 487 479 226 306 198 637 317 534 688 696 456 568 761 805 450 447 706 332 426 801 740 371 174 577 795 485 516 708 365 786 260 783 549 255 614 668 263 729 587 233 591 741 686 221
380 173 0 529 674 700 547 581 352 140 270 537 148 369 675 562 527 428 702 678 541 300 603 159 272 698 626 199 1 416 763 334 379 572 477 706 97 685 617 84 671 693 107 681 650 366 473 627 607 51
422 680 529 0 607 580 730 848 744 390 631 261 387 186 608 106 743 124 477 205 793 233 268 394 257 318 228 357 528 130 600 195 174 100 797 409 432 326 790 477 799 729 423 503 799 764 186 232 362 480
300 687 674 607 0 66 302 442 550 633 498 348 647 658 1 518 343 520 198 525 401 547 367 682 578 397 431 679 674 640 130 565 505 533 481 290 630 371 313 703 273 152 612 144 293 564 425 427 262 660
320 727 700 580 66 0 366 507 604 647 544 319 660 649 66 485 406 503 139 479 465 546 327 694 579 345 389 687 700 626 70 559 495 499 542 233 648 320 378 722 338 214 631 88 359 618 404 384 223 682
309 487 547 730 302 366 0 144 291 573 293 518 590 701 303 673 43 612 476 727 99 572 569 626 586 634 631 641 548 707 432 606 574 689 186 552 548 608 71 608 127 206 534 423 103 298 551 629 482 557
428 479 581 848 442 507 144 0 255 638 311 652 655 797 442 801 112 727 619 862 55 669 707 688 677 775 768 710 582 811 571 706 684 817 115 695 605 750 138 653 205 324 594 566 173 252 677 765 624 602
376 226 352 744 550 604 291 255 0 443 113 618 458 643 551 728 253 621 675 818 233 526 685 486 521 772 735 517 353 672 674 567 570 743 140 725 402 750 342 432 412 491 395 631 383 20 606 734 632 385
334 306 140 390 633 647 573 638 443 0 340 432 17 229 634 431 563 296 623 549 590 168 494 53 135 587 507 74 140 276 702 198 251 440 547 611 46 577 644 93 687 683 48 612 672 460 356 509 517 90
279 198 270 631 498 544 293 311 113 340 0 516 356 532 499 618 265 509 597 711 271 414 584 386 410 674 631 414 271 560 614 454 458 632 209 637 302 653 358 344 419 470 293 558 394 132 497 630 541 293
244 637 537 261 348 319 518 652 618 432 516 0 439 353 349 171 540 197 226 210 598 282 69 465 320 164 118 444 537 319 343 278 207 186 629 184 454 148 568 523 564 478 438 244 569 637 95 117 106 500
349 317 148 387 647 660 590 655 458 17 356 439 0 221 648 432 580 297 634 551 607 170 500 36 135 592 511 58 147 269 715 197 253 440 564 620 59 583 661 91 704 699 63 624 689 475 361 513 526 98
401 534 369 186 658 649 701 797 643 229 532 353 221 0 659 265 703 157 578 382 744 129 391 219 123 467 376 179 368 56 687 97 154 267 724 532 275 467 768 305 794 752 271 587 787 662 258 379 458 318
301 688 675 608 1 66 303 442 551 634 499 349 648 659 0 519 344 521 198 525 402 548 368 683 579 397 432 680 675 641 129 566 506 534 482 290 631 372 313 704 273 152 613 144 294 564 426 428 263 661
375 696 562 106 518 485 673 801 728 431 618 171 432 265 519 0 691 135 375 120 746 263 164 447 297 213 122 414 561 214 500 236 183 16 762 303 467 220 728 523 730 649 455 404 733 747 125 126 263 516
321 456 527 743 343 406 43 112 253 563 265 540 580 703 344 691 0 623 512 750 61 574 594 615 586 663 656 633 528 713 473 609 583 708 144 585 535 638 93 591 160 248 522 460 132 259 568 653 512 540
303 568 428 124 520 503 612 727 621 296 509 197 297 157 521 135 623 0 423 254 672 128 235 313 162 315 226 282 427 123 536 102 52 144 674 375 332 313 674 388 689 629 321 436 687 641 103 229 303 381
333 761 702 477 198 139 476 619 675 623 597 226 634 578 198 375 512 423 0 350 572 494 211 664 531 210 266 650 702 545 128 498 428 387 637 95 634 186 500 708 468 350 617 55 486 692 321 261 120 675
449 805 678 205 525 479 727 862 818 549 711 210 551 382 525 120 750 254 350 0 808 382 161 566 416 147 97 534 677 328 477 356 299 115 837 261 584 166 774 642 765 668 571 392 774 837 216 100 263 633
372 450 541 793 401 465 99 55 233 590 271 598 607 744 402 746 61 672 572 808 0 615 653 641 624 724 714 662 542 757 531 652 630 762 102 646 559 698 118 610 190 296 547 520 158 234 622 712 572 559
275 447 300 233 547 546 572 669 526 168 414 282 170 129 548 263 574 128 494 382 615 0 337 189 39 427 343 163 299 146 591 41 84 273 599 466 204 419 639 260 667 630 193 494 659 546 196 345 378 253
309 706 603 268 367 327 569 707 685 494 584 69 500 391 368 164 594 235 211 161 653 337 0 524 376 96 65 500 603 350 337 327 257 176 690 143 518 83 614 586 604 508 503 243 613 704 142 62 105 565
384 332 159 394 682 694 626 688 486 53 386 465 36 219 683 447 615 313 664 566 641 189 524 0 152 615 532 41 158 271 748 211 273 454 595 647 85 607 696 86 740 735 94 656 724 502 384 534 555 110
298 426 272 257 578 579 586 677 521 135 410 320 135 123 579 297 586 162 531 416 624 39 376 152 0 465 381 125 271 154 626 63 121 305 602 504 175 458 655 226 686 656 166 529 676 540 234 383 416 223
397 801 698 318 397 345 634 775 772 587 674 164 592 467 397 213 663 315 210 147 724 427 96 615 465 0 92 589 698 421 335 413 344 219 768 116 612 26 673 679 654 546 597 257 667 791 232 88 152 659
362 740 626 228 431 389 631 768 735 507 631 118 511 376 432 122 656 226 266 97 714 343 65 532 381 92 0 504 626 329 393 326 260 130 747 185 536 98 678 600 669 573 522 303 677 754 153 4 169 585
385 371 199 357 679 687 641 710 517 74 414 444 58 179 680 414 633 282 650 534 662 163 500 41 125 589 504 0 198 232 739 179 245 420 621 628 117 583 712 127 752 740 122 645 738 534 359 507 537 149
381 174 1 528 674 700 548 582 353 140 271 537 147 368 675 561 528 427 702 677 542 299 603 158 271 698 626 198 0 415 763 333 378 571 478 706 97 685 618 82 672 694 107 682 651 367 472 627 607 50
401 577 416 130 640 626 707 811 672 276 560 319 269 56 641 214 713 123 545 328 757 146 350 271 154 421 329 232 415 0 659 106 138 215 745 493 320 423 773 356 794 743 315 559 789 691 225 332 425 366
382 795 763 600 130 70 432 571 674 702 614 343 715 687 129 500 473 536 128 477 531 591 337 748 626 335 393 739 763 659 0 600 534 513 611 219 707 312 439 781 393 264 689 100 417 688 434 389 239 742
304 485 334 195 565 559 606 706 567 198 454 278 197 97 566 236 609 102 498 356 652 41 327 211 63 413 326 179 333 106 600 0 71 244 638 462 237 408 672 288 697 655 228 502 690 586 186 329 379 286
266 516 379 174 505 495 574 684 570 251 458 207 253 154 506 183 583 52 428 299 630 84 257 273 121 344 260 245 378 138 534 71 0 194 627 391 284 338 638 344 657 605 272 434 653 590 115 262 309 333
391 708 572 100 533 499 689 817 743 440 632 186 440 267 534 16 708 144 387 115 762 273 176 454 305 219 130 420 571 215 513 244 194 0 778 313 476 227 744 531 746 664 465 418 750 762 141 134 277 525
389 365 477 797 481 542 186 115 140 547 209 629 564 724 482 762 144 674 637 837 102 599 690 595 602 768 747 621 478 745 611 638 627 778 0 702 510 744 220 552 292 391 501 587 260 137 638 745 619 502
361 786 706 409 290 233 552 695 725 611 637 184 620 532 290 303 585 375 95 261 646 466 143 647 504 116 185 628 706 493 219 462 391 313 702 0 629 94 583 701 556 441 613 147 572 742 276 181 100 674
330 260 97 432 630 648 548 605 402 46 302 454 59 275 631 467 535 332 634 584 559 204 518 85 175 612 536 117 97 320 707 237 284 476 510 629 0 601 619 74 666 669 17 619 649 418 383 538 532 49
375 783 685 326 371 320 608 750 750 577 653 148 583 467 372 220 638 313 186 166 698 419 83 607 458 26 98 583 685 423 312 408 338 227 744 94 601 0 647 669 628 520 585 232 640 768 224 94 126 647
372 549 617 790 313 378 71 138 342 644 358 568 661 768 313 728 93 674 500 774 118 639 614 696 655 673 678 712 618 773 439 672 638 744 220 583 619 647 0 678 72 187 605 446 41 347 608 675 522 627
404 255 84 477 703 722 608 653 432 93 344 523 91 305 704 523 591 388 708 642 610 260 586 86 226 679 600 127 82 356 781 288 344 531 552 701 74 669 678 0 728 738 92 693 709 447 448 602 604 51
393 614 671 799 273 338 127 205 412 687 419 564 704 794 273 730 160 689 468 765 190 667 604 740 686 654 669 752 672 794 393 697 657 746 292 556 666 628 72 728 0 130 651 413 32 417 615 665 506 678
358 668 693 729 152 214 206 324 491 683 470 478 699 752 152 649 248 629 350 668 296 630 508 735 656 546 573 740 694 743 264 655 605 664 391 441 669 520 187 738 130 0 653 295 157 500 543 569 405 690
313 263 107 423 612 631 534 594 395 48 293 438 63 271 613 455 522 321 617 571 547 193 503 94 166 597 522 122 107 315 689 228 272 465 501 613 17 585 605 92 651 653 0 602 634 412 369 523 516 63
304 729 681 503 144 88 423 566 631 612 558 244 624 587 144 404 460 436 55 392 520 494 243 656 529 257 303 645 682 559 100 502 434 418 587 147 619 232 446 693 413 295 602 0 431 647 334 299 141 657
387 587 650 799 293 359 103 173 383 672 394 569 689 787 294 733 132 687 486 774 158 659 613 724 676 667 677 738 651 789 417 690 653 750 260 572 649 640 41 709 32 157 634 431 0 387 616 674 517 659
395 233 366 764 564 618 298 252 20 460 132 637 475 662 564 747 259 641 692 837 234 546 704 502 540 791 754 534 367 691 688 586 590 762 137 742 418 768 347 447 417 500 412 647 387 0 625 753 651 400
250 591 473 186 425 404 551 677 606 356 497 95 361 258 426 125 568 103 321 216 622 196 142 384 234 232 153 359 472 225 434 186 115 141 638 276 383 224 608 448 615 543 369 334 616 625 0 155 200 431
360 741 627 232 427 384 629 765 734 509 630 117 513 379 428 126 653 229 261 100 712 345 62 534 383 88 4 507 627 332 389 329 262 134 745 181 538 94 675 602 665 569 523 299 674 753 155 0 165 586
263 686 607 362 262 223 482 624 632 517 541 106 526 458 263 263 512 303 120 263 572 378 105 555 416 152 169 537 607 425 239 379 309 277 619 100 532 126 522 604 506 405 516 141 517 651 200 165 0 576
362 221 51 480 660 682 557 602 385 90 293 500 98 318 661 516 540 381 675 633 559 253 565 110 223 659 585 149 50 366 742 286 333 525 502 674 49 647 627 51 678 690 63 657 659 400 431 586 576 0
