# TTSP Euclidean complete-graph matrix instance
# seed: 1000
# depot: 1
# L_max is not stored in this file; pass it with --budget when running algorithms.
# coordinate rows: node x y
# scenario: uniform_corner_depot
# coordinate_max: 1000
# geometry: uniform
# depot_position: corner
# reward_pattern: uniform
# coord 1 80.000000 80.000000
# coord 2 777.356643 669.825560
# coord 3 99.139604 352.970511
# coord 4 467.907743 534.683741
# coord 5 978.309061 130.315350
# coord 6 671.243468 364.229416
# coord 7 488.835707 203.012211
# coord 8 666.198376 227.663031
# coord 9 458.064058 40.722398
# coord 10 974.289795 487.476074
# coord 11 461.613864 714.147156
# coord 12 415.728149 888.011688
# coord 13 23.293449 833.506268
# coord 14 468.494741 811.479813
# coord 15 945.591489 983.088378
# coord 16 176.182076 698.655760
# coord 17 108.855711 160.263734
# coord 18 92.860274 314.062080
# coord 19 16.538684 854.049126
# coord 20 291.016039 780.047586
# coord 21 548.096516 194.330677
# coord 22 292.038272 319.452777
# coord 23 658.598224 231.521035
# coord 24 619.430337 895.338610
# coord 25 869.434209 293.806936
# coord 26 458.204809 484.979798
# coord 27 280.388269 328.956946
# coord 28 984.242424 11.944138
# coord 29 142.900768 651.977217
# coord 30 74.993180 292.078702
# coord 31 793.442972 911.593101
# coord 32 370.391780 205.282211
# coord 33 880.081327 632.566450
# coord 34 503.514326 330.843560
# coord 35 347.400184 292.411586
# coord 36 765.397435 478.443300
# coord 37 201.537340 871.562730
# coord 38 755.178549 867.558451
# coord 39 932.323693 241.713265
# coord 40 892.450484 765.956684
# coord 41 414.682692 323.682606
# coord 42 561.305239 590.835979
# coord 43 165.582777 486.197065
# coord 44 949.021694 468.191097
# coord 45 396.629702 918.806598
# coord 46 985.727625 939.200661
# coord 47 47.635146 860.375913
# coord 48 201.045849 343.609051
# coord 49 882.532702 98.414779
# coord 50 133.262288 267.689578
# reference_nearest_neighbor_tour_cost: 7186
TTSP_MATRIX
50
0 27 72 44 14 94 27 81 7 21 20 99 96 47 76 22 11 63 36 92 29 28 35 79 3 80 3 31 97 19 98 99 79 68 67 57 30 62 22 34 67 53 91 100 1 84 5 59 96 78
0 913 274 598 900 656 427 605 380 983 740 875 756 828 1251 626 85 234 777 731 482 320 598 978 818 554 320 907 575 212 1096 316 972 492 341 793 801 1037 868 1063 414 702 415 952 897 1248 781 290 803 195
913 0 749 338 576 323 549 456 705 268 319 422 772 340 356 602 841 771 783 499 528 599 454 275 387 369 603 690 635 798 242 618 109 436 572 192 610 199 455 150 501 230 639 265 455 341 754 662 581 759
274 749 0 411 907 572 418 581 476 885 512 622 486 589 1055 354 193 39 508 468 476 196 572 752 773 383 183 949 302 66 891 309 829 405 256 678 529 834 841 894 317 520 149 858 639 1063 510 102 824 92
598 338 411 0 651 265 332 365 494 509 180 357 536 277 655 335 519 435 553 302 350 278 358 391 468 51 278 735 346 462 498 344 424 207 271 303 429 440 549 483 218 109 306 486 391 657 532 328 602 428
900 576 907 651 0 386 495 327 528 357 780 944 1186 851 853 983 870 904 1204 946 435 712 335 845 196 630 726 119 985 918 803 613 512 515 651 408 1074 770 121 641 596 621 887 339 980 809 1183 806 101 856
656 323 572 265 386 0 243 137 387 327 408 583 800 491 677 597 598 581 818 563 210 382 133 534 210 245 392 471 602 601 561 340 340 171 332 148 691 510 288 459 260 252 520 297 619 655 797 471 340 547
427 549 418 332 495 243 0 179 165 563 512 689 784 609 904 586 382 411 804 610 60 229 172 705 391 284 244 531 567 423 771 118 581 129 167 390 728 716 445 693 142 395 430 531 722 888 792 320 407 361
605 456 581 365 327 137 179 0 280 403 528 706 883 616 805 680 561 580 902 668 123 385 9 669 214 331 399 384 674 595 696 297 458 193 325 270 794 646 266 584 269 378 563 371 742 780 885 479 252 534
380 705 476 494 528 387 165 280 0 683 673 848 904 771 1061 716 369 456 925 758 178 324 277 870 483 444 339 527 688 458 933 186 727 294 275 535 870 879 515 845 286 560 533 651 880 1042 917 397 428 396
983 268 885 509 357 327 563 403 683 0 561 687 1012 601 496 826 925 898 1026 743 517 703 406 541 220 516 712 476 848 920 461 667 173 496 657 209 863 439 249 290 583 426 809 32 721 452 999 787 400 869
740 319 512 180 780 408 512 528 673 561 0 180 454 98 554 286 657 544 467 183 527 430 521 240 586 229 426 875 325 572 386 517 426 386 437 385 304 331 667 434 393 159 374 546 215 570 439 453 746 554
875 422 622 357 944 583 689 706 848 687 180 0 396 93 538 305 790 659 401 165 706 582 700 204 748 405 575 1044 361 686 378 684 530 564 600 539 215 340 827 492 564 331 473 679 36 572 369 585 917 682
756 772 486 536 1186 800 784 883 904 1012 454 396 0 446 934 204 679 524 22 273 827 580 875 599 1004 557 566 1264 217 544 774 718 880 695 631 823 182 733 1085 872 643 590 375 995 383 968 36 521 1131 576
828 340 589 277 851 491 609 616 771 601 98 93 446 0 507 313 744 623 454 180 622 523 610 173 655 327 518 951 363 652 340 614 449 482 533 446 274 292 735 426 491 239 444 591 129 533 424 539 825 639
1251 356 1055 655 853 677 904 805 1061 496 554 538 934 507 0 820 1174 1084 938 685 883 931 804 338 693 697 933 972 868 1112 168 967 357 788 914 536 752 223 741 224 847 549 925 515 553 59 906 981 887 1082
626 602 354 335 983 597 586 680 716 826 286 305 204 313 820 0 543 394 223 141 627 397 672 485 803 354 384 1060 57 419 653 530 707 492 441 629 175 603 883 719 444 400 213 806 312 845 207 356 927 433
85 841 193 519 870 598 382 561 369 925 657 790 679 744 1174 543 0 155 700 646 441 243 554 895 772 477 241 888 493 136 1016 265 904 430 273 730 717 958 827 990 347 625 331 895 811 1173 703 205 776 110
234 771 39 435 904 581 411 580 456 898 544 659 524 623 1084 394 155 0 545 506 471 199 572 784 777 403 188 941 342 28 921 298 849 411 255 692 568 863 843 918 322 544 187 870 677 1090 548 112 819 62
777 783 508 553 1204 818 804 902 925 1026 467 401 22 454 938 223 700 545 0 284 847 601 894 604 1020 576 588 1283 238 565 779 739 891 715 652 838 186 739 1102 880 663 605 397 1009 386 973 32 543 1149 598
731 499 468 302 946 563 610 668 758 743 183 165 273 180 685 141 646 506 284 0 640 461 660 348 756 339 451 1035 196 534 519 580 607 497 491 562 128 472 837 602 473 330 320 728 174 713 256 446 903 536
482 528 476 350 435 210 60 123 178 517 527 706 827 622 883 627 441 471 847 640 0 285 117 705 336 304 300 473 611 483 758 178 550 144 223 358 761 704 387 667 186 397 481 486 740 864 833 378 348 421
320 599 196 278 712 382 229 385 324 703 430 582 580 523 931 397 243 199 601 461 285 0 377 662 578 235 15 757 364 219 776 138 666 212 62 499 559 718 645 748 123 382 209 674 608 930 594 94 631 167
598 454 572 358 335 133 172 9 277 406 521 700 875 610 804 672 554 572 894 660 117 377 0 665 220 323 391 393 665 587 693 289 458 184 317 269 786 643 274 583 261 372 555 375 736 780 877 471 261 527
978 275 752 391 845 534 705 669 870 541 240 204 599 173 338 485 895 784 604 348 705 662 665 0 651 441 660 956 535 813 175 734 370 576 661 442 419 139 725 302 607 310 611 540 224 369 573 692 839 794
818 387 773 468 196 210 391 214 483 220 586 748 1004 655 693 803 772 777 1020 756 336 578 220 651 0 453 590 304 810 794 622 507 339 368 522 212 883 585 82 473 456 428 730 192 784 656 998 670 196 737
554 369 383 51 630 245 284 331 444 516 229 405 557 327 697 354 477 403 576 339 304 235 323 441 453 0 237 707 357 429 543 293 447 161 222 307 464 484 533 517 167 148 293 491 438 696 556 293 574 391
320 603 183 278 726 392 244 399 339 712 426 575 566 518 933 384 241 188 588 451 300 15 391 660 590 237 0 772 351 209 776 153 672 223 76 508 548 718 658 752 134 384 195 683 601 933 580 81 645 159
907 690 949 735 119 471 531 384 527 476 875 1044 1264 951 972 1060 888 941 1283 1035 473 757 393 956 304 707 772 0 1057 951 920 644 629 577 696 515 1163 886 236 760 649 717 946 458 1081 927 1264 851 133 889
575 635 302 346 985 602 567 674 688 848 325 361 217 363 868 57 493 342 238 196 611 364 665 535 810 357 351 1057 0 366 700 501 737 483 414 646 227 649 890 758 426 423 167 827 368 890 229 314 924 384
212 798 66 462 918 601 423 595 458 920 572 686 544 652 1112 419 136 28 565 534 483 219 587 813 794 429 209 951 366 0 949 308 874 430 272 715 593 891 859 945 341 571 214 892 704 1117 569 136 830 63
1096 242 891 498 803 561 771 696 933 461 386 378 774 340 168 653 1016 921 779 519 758 776 693 175 622 543 776 920 700 949 0 823 292 649 763 434 593 58 684 176 699 396 758 470 397 194 748 821 818 922
316 618 309 344 613 340 118 297 186 667 517 684 718 614 967 530 265 298 739 580 178 138 289 734 507 293 153 644 501 308 823 0 665 183 90 480 687 766 563 766 126 430 348 636 714 958 730 219 523 245
972 109 829 424 512 340 581 458 727 173 426 530 880 449 357 707 904 849 891 607 550 666 458 370 339 447 672 629 737 874 292 665 0 483 632 192 719 266 394 134 559 321 729 178 562 324 863 738 534 831
492 436 405 207 515 171 129 193 294 496 386 564 695 482 788 492 430 411 715 497 144 212 184 576 368 161 223 577 483 430 649 183 483 0 161 301 619 593 438 584 89 266 372 466 598 776 699 303 445 376
341 572 256 271 651 332 167 325 275 657 437 600 631 533 914 441 273 255 652 491 223 62 317 661 522 222 76 696 414 272 763 90 632 161 0 458 597 705 587 722 74 367 266 627 628 909 642 155 569 216
793 192 678 303 408 148 390 270 535 209 385 539 823 446 536 629 730 692 838 562 358 499 269 442 212 307 508 515 646 715 434 480 192 301 458 0 687 389 290 314 383 233 600 184 574 511 813 580 398 666
801 610 529 429 1074 691 728 794 870 863 304 215 182 274 752 175 717 568 186 128 761 559 786 419 883 464 548 1163 227 593 593 687 719 619 597 687 0 554 965 699 588 456 387 849 201 787 154 528 1030 608
1037 199 834 440 770 510 716 646 879 439 331 340 733 292 223 603 958 863 739 472 704 718 643 139 585 484 718 886 649 891 58 766 266 593 705 389 554 0 650 171 642 338 702 444 362 241 708 763 780 864
868 455 841 549 121 288 445 266 515 249 667 827 1085 735 741 883 827 843 1102 837 387 645 274 725 82 533 658 236 890 859 684 563 394 438 587 290 965 650 0 526 524 509 805 227 863 700 1080 738 152 799
1063 150 894 483 641 459 693 584 845 290 434 492 872 426 224 719 990 918 880 602 667 748 583 302 473 517 752 760 758 945 176 766 134 584 722 314 699 171 526 0 651 375 779 303 519 197 850 810 668 908
414 501 317 218 596 260 142 269 286 583 393 564 643 491 847 444 347 322 663 473 186 123 261 607 456 167 134 649 426 341 699 126 559 89 74 383 588 642 524 651 0 305 297 554 595 840 650 215 519 287
702 230 520 109 621 252 395 378 560 426 159 331 590 239 549 400 625 544 605 330 397 382 372 310 428 148 384 717 423 571 396 430 321 266 367 233 456 338 509 375 305 0 409 407 367 549 580 437 588 536
415 639 149 306 887 520 430 563 533 809 374 473 375 444 925 213 331 187 397 320 481 209 555 611 730 293 195 946 167 214 758 348 729 372 266 600 387 702 805 779 297 409 0 784 490 937 392 147 815 221
952 265 858 486 339 297 531 371 651 32 546 679 995 591 515 806 895 870 1009 728 486 674 375 540 192 491 683 458 827 892 470 636 178 466 627 184 849 444 227 303 554 407 784 0 713 472 983 758 376 840
897 455 639 391 980 619 722 742 880 721 215 36 383 129 553 312 811 677 386 174 740 608 736 224 784 438 601 1081 368 704 397 714 562 598 628 574 201 362 863 519 595 367 490 713 0 589 354 608 953 702
1248 341 1063 657 809 655 888 780 1042 452 570 572 968 533 59 845 1173 1090 973 713 864 930 780 369 656 696 933 927 890 1117 194 958 324 776 909 511 787 241 700 197 840 549 937 472 589 0 941 985 847 1085
781 754 510 532 1183 797 792 885 917 999 439 369 36 424 906 207 703 548 32 256 833 594 877 573 998 556 580 1264 229 569 748 730 863 699 642 813 154 708 1080 850 650 580 392 983 354 941 0 539 1130 599
290 662 102 328 806 471 320 479 397 787 453 585 521 539 981 356 205 112 543 446 378 94 471 692 670 293 81 851 314 136 821 219 738 303 155 580 528 763 738 810 215 437 147 758 608 985 539 0 724 102
803 581 824 602 101 340 407 252 428 400 746 917 1131 825 887 927 776 819 1149 903 348 631 261 839 196 574 645 133 924 830 818 523 534 445 569 398 1030 780 152 668 519 588 815 376 953 847 1130 724 0 768
195 759 92 428 856 547 361 534 396 869 554 682 576 639 1082 433 110 62 598 536 421 167 527 794 737 391 159 889 384 63 922 245 831 376 216 666 608 864 799 908 287 536 221 840 702 1085 599 102 768 0
