# TTSP Euclidean complete-graph matrix instance
# seed: 1004
# depot: 1
# L_max is not stored in this file; pass it with --budget when running algorithms.
# coordinate rows: node x y
# scenario: uniform_corner_depot
# coordinate_max: 1000
# geometry: uniform
# depot_position: corner
# reward_pattern: uniform
# coord 1 80.000000 80.000000
# coord 2 421.124906 976.107334
# coord 3 613.280025 693.042328
# coord 4 508.862835 187.811567
# coord 5 830.121874 844.924165
# coord 6 209.628212 650.516987
# coord 7 700.331619 715.033955
# coord 8 809.107245 845.197883
# coord 9 369.584978 505.614990
# coord 10 720.614076 143.190158
# coord 11 26.697115 153.415882
# coord 12 836.343233 324.633698
# coord 13 302.917503 117.856997
# coord 14 120.946634 968.075810
# coord 15 50.515412 983.710038
# coord 16 552.270591 247.436053
# coord 17 15.934056 881.650773
# coord 18 389.700944 948.399003
# coord 19 58.511218 797.493631
# coord 20 660.906855 808.839406
# coord 21 491.067892 718.387562
# coord 22 440.101334 235.117372
# coord 23 131.794543 472.355419
# coord 24 736.485892 20.512093
# coord 25 153.720781 918.612627
# coord 26 532.725084 554.415703
# coord 27 606.937910 148.017573
# coord 28 440.434483 389.496385
# coord 29 720.992960 489.899616
# coord 30 655.932152 918.887807
# coord 31 486.572981 797.230083
# coord 32 563.921966 961.016524
# coord 33 476.447995 248.790117
# coord 34 949.018275 742.225999
# coord 35 143.364641 358.781574
# coord 36 493.382920 53.889886
# coord 37 218.161652 110.368556
# coord 38 110.196655 83.218607
# coord 39 854.843196 837.978601
# coord 40 496.924563 338.341853
# coord 41 884.726709 772.707334
# coord 42 437.861101 363.572374
# coord 43 999.312855 11.407354
# coord 44 683.883535 577.767702
# coord 45 279.572136 525.137499
# coord 46 195.950991 693.443055
# coord 47 673.881445 686.876204
# coord 48 604.840776 38.237392
# coord 49 7.602903 749.485107
# coord 50 995.902254 675.258902
# reference_nearest_neighbor_tour_cost: 6915
TTSP_MATRIX
50
0 98 45 56 75 75 8 96 5 4 28 21 81 65 14 39 71 46 78 93 99 50 31 33 50 96 35 32 44 67 23 33 69 30 81 5 2 44 25 12 41 60 10 18 67 22 30 3 66 69
0 959 813 442 1071 585 888 1057 515 644 91 795 226 889 904 501 804 922 718 932 759 392 396 659 842 656 531 475 761 1018 824 1005 431 1093 286 414 141 30 1084 490 1062 457 922 783 488 624 849 526 673 1092
959 0 342 793 430 388 382 409 473 885 912 773 866 300 371 740 416 42 404 292 267 741 581 1006 274 436 849 587 571 242 190 144 729 577 677 925 889 945 455 642 506 613 1125 477 473 361 384 956 472 649
813 342 0 516 265 406 90 248 307 560 797 431 654 564 633 450 626 339 565 125 125 490 530 684 512 160 545 349 230 230 164 272 465 339 577 650 704 791 282 373 283 373 783 135 374 417 61 655 608 383
442 793 516 0 731 551 561 723 347 216 483 355 218 871 918 74 851 770 758 639 531 83 472 282 813 367 106 213 369 746 610 775 69 708 404 135 301 412 736 151 695 190 521 427 408 595 526 178 753 689
1071 430 265 731 0 650 184 21 572 710 1060 520 898 720 792 659 815 452 773 173 362 724 791 830 680 416 732 599 371 189 347 290 693 157 841 860 956 1048 26 606 91 621 851 305 637 652 222 838 828 237
585 388 406 551 650 0 495 630 216 720 530 706 541 330 369 529 302 348 211 478 290 475 194 821 274 337 641 348 536 521 313 471 482 745 299 661 540 576 672 424 686 367 1016 480 144 45 466 729 225 787
888 382 90 561 184 495 0 170 391 572 877 413 717 632 703 490 704 389 647 102 209 546 618 695 583 232 575 417 226 209 229 281 517 250 661 693 773 865 197 428 193 439 765 138 462 505 39 683 694 298
1057 409 248 723 21 630 170 0 555 708 1044 521 886 699 771 651 794 432 752 153 342 713 773 828 659 401 726 586 366 170 326 271 683 174 825 852 943 1034 46 595 105 608 855 295 619 632 208 832 807 253
515 473 307 347 572 216 391 555 0 505 492 501 393 525 575 316 516 443 427 420 245 280 240 608 466 170 429 136 352 503 314 495 278 626 270 468 423 496 588 210 580 158 800 322 92 256 354 523 436 649
644 885 560 216 710 720 572 708 505 0 694 215 418 1020 1075 198 1021 871 931 668 619 295 675 124 961 452 114 373 347 778 695 833 266 641 616 244 504 613 708 297 651 358 308 436 583 760 546 156 936 599
91 912 797 483 1060 530 877 1044 492 694 0 828 278 820 831 534 728 874 645 912 731 421 336 722 776 646 580 476 772 991 791 970 460 1094 236 477 196 109 1074 505 1058 462 983 782 450 566 839 590 596 1101
795 773 431 355 520 706 413 521 501 215 828 0 572 962 1026 294 992 767 910 515 524 406 720 320 905 381 290 401 202 621 588 692 368 433 694 437 654 765 514 340 451 400 353 296 592 739 397 368 931 385
226 866 654 218 898 541 717 886 393 418 278 572 0 869 902 281 816 835 722 778 629 180 394 444 815 493 306 304 560 875 704 883 217 898 289 201 85 196 907 294 876 280 704 597 408 585 679 312 697 889
889 300 564 871 720 330 632 699 525 1020 820 962 869 0 72 840 136 269 182 563 446 799 496 1130 59 584 953 661 767 537 404 443 802 858 610 987 863 885 745 733 788 683 1299 685 470 285 620 1048 246 923
904 371 633 918 792 369 703 771 575 1075 831 1026 902 72 0 891 108 341 186 635 514 844 518 1182 122 646 1004 711 833 609 474 514 849 930 632 1030 889 902 817 785 860 731 1359 752 513 325 690 1096 238 994
501 740 450 74 659 529 490 651 316 198 534 294 281 840 891 0 831 720 739 572 475 113 477 292 781 308 113 181 295 679 554 714 76 634 424 202 361 472 664 106 622 163 506 356 389 571 456 216 741 616
804 416 626 851 815 302 704 794 516 1021 728 992 816 136 108 831 0 380 94 649 502 773 425 1123 143 612 942 650 807 641 478 554 783 943 538 956 797 804 840 726 876 668 1313 734 443 260 686 1029 132 1001
922 42 339 770 452 348 389 432 443 871 874 767 835 269 341 720 380 0 364 305 251 715 541 991 238 419 829 561 566 268 180 175 705 596 639 900 855 909 478 619 525 587 1118 473 437 320 386 935 431 665
718 404 565 758 773 211 647 752 427 931 645 910 722 182 186 739 94 364 0 603 440 680 333 1031 154 533 850 559 730 610 428 531 690 892 447 861 705 716 797 635 827 576 1226 663 351 172 625 935 70 945
932 292 125 639 173 478 102 153 420 668 912 515 778 563 635 572 649 305 603 0 192 615 627 792 519 285 663 474 325 110 175 180 590 296 686 773 827 911 196 498 227 498 866 232 475 479 123 773 656 361
759 267 125 531 362 290 209 342 245 619 731 524 629 446 514 475 502 251 440 192 0 486 435 740 392 169 582 333 324 260 79 253 470 459 500 665 666 741 383 380 397 359 871 239 286 296 186 690 484 507
392 741 490 83 724 475 546 713 280 295 421 406 180 799 844 113 773 715 680 615 486 0 389 366 741 332 188 154 379 717 564 736 39 718 321 189 255 363 732 118 698 128 602 421 331 519 509 257 672 709
396 581 530 472 791 194 618 773 240 675 336 720 394 496 518 477 425 541 333 627 435 389 0 755 447 409 575 320 589 689 481 652 411 861 114 553 372 390 810 389 811 325 982 562 157 230 583 642 304 888
659 1006 684 282 830 821 695 828 608 124 722 320 444 1130 1182 292 1123 991 1031 792 740 366 755 0 1071 571 182 473 470 902 816 956 346 752 683 245 526 629 826 398 767 455 263 560 681 863 669 133 1031 704
842 274 512 813 680 274 583 659 466 961 776 905 815 59 122 781 143 238 154 519 392 741 447 1071 0 526 894 602 711 502 354 412 744 815 560 929 811 837 706 674 745 624 1240 630 413 229 569 989 224 877
656 436 160 367 416 337 232 401 170 452 646 381 493 584 646 308 612 419 533 285 169 332 409 571 526 0 413 189 199 385 247 408 311 457 436 502 544 633 429 219 414 213 716 153 255 364 194 521 560 479
531 849 545 106 732 641 575 726 429 114 580 290 306 953 1004 113 942 829 850 663 582 188 575 182 894 413 0 293 360 772 660 814 165 686 509 147 391 501 733 220 684 274 415 437 499 683 543 110 849 655
475 587 349 213 599 348 417 586 136 373 476 401 304 661 711 181 650 561 559 474 333 154 320 473 602 189 293 0 298 572 410 585 145 619 299 340 357 450 611 76 587 26 675 308 210 390 378 388 563 625
761 571 230 369 371 536 226 366 352 347 772 202 560 767 833 295 807 566 730 325 324 379 589 470 711 199 360 298 0 434 387 497 343 340 592 492 630 734 373 271 327 310 554 95 443 563 203 466 759 332
1018 242 230 746 189 521 209 170 503 778 991 621 875 537 609 679 641 268 610 110 260 717 689 902 502 385 772 572 434 0 209 101 694 342 759 880 919 998 215 602 272 597 970 342 545 512 233 882 670 418
824 190 164 610 347 313 229 326 314 695 791 588 704 404 474 554 478 180 428 175 79 564 481 816 354 247 660 410 387 209 0 181 549 466 557 743 737 807 371 459 399 436 938 295 342 309 217 768 481 524
1005 144 272 775 290 471 281 271 495 833 970 692 883 443 514 714 554 175 531 180 253 736 652 956 412 408 814 585 497 101 181 0 718 443 735 910 918 988 316 626 372 611 1045 402 520 455 295 924 595 518
431 729 465 69 693 482 517 683 278 266 460 368 217 802 849 76 783 705 690 590 470 39 411 346 744 311 165 145 343 694 549 718 0 683 351 196 293 402 700 92 664 121 574 389 339 526 481 247 686 672
1093 577 339 708 157 745 250 174 626 641 1094 433 898 858 930 634 943 596 892 296 459 718 861 752 815 457 686 619 340 342 466 443 683 0 892 825 966 1067 134 606 71 636 733 312 704 755 281 784 941 82
286 677 577 404 841 299 661 825 270 616 236 694 289 610 632 424 538 639 447 686 500 321 114 683 560 436 509 299 592 759 557 735 351 892 0 464 259 278 858 354 849 295 924 583 215 339 624 562 414 909
414 925 650 135 860 661 693 852 468 244 477 437 201 987 1030 202 956 900 861 773 665 189 553 245 929 502 147 340 492 880 743 910 196 825 464 0 281 384 863 284 818 315 508 557 517 705 658 113 848 799
141 889 704 301 956 540 773 943 423 504 196 654 85 863 889 361 797 855 705 827 666 255 372 526 811 544 391 357 630 919 737 918 293 966 259 281 0 111 967 360 940 335 787 660 419 583 735 393 673 961
30 945 791 412 1048 576 865 1034 496 613 109 765 196 885 902 472 804 909 716 911 741 363 390 629 837 633 501 450 734 998 807 988 402 1067 278 384 111 0 1060 463 1037 431 892 757 473 616 826 497 674 1065
1084 455 282 736 26 672 197 46 588 708 1074 514 907 745 817 664 840 478 797 196 383 732 810 826 706 429 733 611 373 215 371 316 700 134 858 863 967 1060 0 615 72 632 839 311 655 675 236 838 852 215
490 642 373 151 606 424 428 595 210 297 505 340 294 733 785 106 726 619 635 498 380 118 389 398 674 219 220 76 271 602 459 626 92 606 354 284 360 463 615 0 582 64 599 304 287 465 391 319 639 602
1062 506 283 695 91 686 193 105 580 651 1058 451 876 788 860 622 876 525 827 227 397 698 811 767 745 414 684 587 327 272 399 372 664 71 849 818 940 1037 72 582 0 606 770 280 654 693 228 786 877 148
457 613 373 190 621 367 439 608 158 358 462 400 280 683 731 163 668 587 576 498 359 128 325 455 624 213 274 26 310 597 436 611 121 636 295 315 335 431 632 64 606 0 663 326 226 409 400 366 578 639
922 1125 783 521 851 1016 765 855 800 308 983 353 704 1299 1359 506 1313 1118 1226 866 871 602 982 263 1240 716 415 675 554 970 938 1045 574 733 924 508 787 892 839 599 770 663 0 648 884 1054 750 395 1236 664
783 477 135 427 305 480 138 295 322 436 782 296 597 685 752 356 734 473 663 232 239 421 562 560 630 153 437 308 95 342 295 402 389 312 583 557 660 757 311 304 280 326 648 0 408 501 110 545 698 327
488 473 374 408 637 144 462 619 92 583 450 592 408 470 513 389 443 437 351 475 286 331 157 681 413 255 499 210 443 545 342 520 339 704 215 517 419 473 655 287 654 226 884 408 0 188 426 586 353 732
624 361 417 595 652 45 505 632 256 760 566 739 585 285 325 571 260 320 172 479 296 519 230 863 229 364 683 390 563 512 309 455 526 755 339 705 583 616 675 465 693 409 1054 501 188 0 478 772 197 800
849 384 61 526 222 466 39 208 354 546 839 397 679 620 690 456 686 386 625 123 186 509 583 669 569 194 543 378 203 233 217 295 481 281 624 658 735 826 236 391 228 400 750 110 426 478 0 652 669 322
526 956 655 178 838 729 683 832 523 156 590 368 312 1048 1096 216 1029 935 935 773 690 257 642 133 989 521 110 388 466 882 768 924 247 784 562 113 393 497 838 319 786 366 395 545 586 772 652 0 929 747
673 472 608 753 828 225 694 807 436 936 596 931 697 246 238 741 132 431 70 656 484 672 304 1031 224 560 849 563 759 670 481 595 686 941 414 848 673 674 852 639 877 578 1236 698 353 197 669 929 0 991
1092 649 383 689 237 787 298 253 649 599 1101 385 889 923 994 616 1001 665 945 361 507 709 888 704 877 479 655 625 332 418 524 518 672 82 909 799 961 1065 215 602 148 639 664 327 732 800 322 747 991 0
