# TTSP Euclidean complete-graph matrix instance
# seed: 2054
# depot: 1
# L_max is not stored in this file; pass it with --budget when running algorithms.
# coordinate rows: node x y
# coord 1 216.082376 113.180633
# coord 2 703.777226 561.625002
# coord 3 233.509505 372.618860
# coord 4 160.217267 236.986707
# coord 5 21.243874 163.613223
# coord 6 735.215639 644.805513
# coord 7 720.085788 310.613280
# coord 8 681.431404 528.614470
# coord 9 135.752997 936.857801
# coord 10 721.775165 49.170352
# coord 11 432.010681 539.107607
# coord 12 474.065022 57.427794
# coord 13 750.050657 549.817585
# coord 14 405.034081 738.506242
# coord 15 410.581036 284.735322
# coord 16 573.856162 770.239646
# coord 17 949.719074 179.741136
# coord 18 930.813391 331.701486
# coord 19 768.603318 598.287567
# coord 20 963.579199 686.179364
# coord 21 929.816740 811.694566
# coord 22 958.303765 923.226933
# coord 23 528.186896 717.475951
# coord 24 162.822414 716.322249
# coord 25 498.824619 234.140951
# coord 26 103.131391 345.813602
# coord 27 765.711885 458.292800
# coord 28 245.834705 219.799892
# coord 29 421.150168 23.577743
# coord 30 229.922798 339.962620
# coord 31 769.665316 80.678726
# coord 32 28.125548 611.326905
# coord 33 210.863572 498.464594
# coord 34 514.732780 131.195790
# coord 35 461.942507 756.039186
# coord 36 233.004584 947.946595
# coord 37 105.166788 207.741942
# coord 38 26.249258 260.177084
# coord 39 447.794176 342.391661
# coord 40 255.461231 252.278380
# coord 41 831.411082 150.062979
# coord 42 916.813860 415.052100
# coord 43 513.060157 377.017554
# coord 44 255.378719 907.026184
# coord 45 838.748291 849.698211
# coord 46 778.794213 582.277889
# coord 47 169.037093 247.941523
# coord 48 566.498859 831.984014
# coord 49 739.144364 254.273622
# coord 50 541.982122 707.404028
# coord 51 978.497730 120.819820
# coord 52 656.329518 338.442613
# coord 53 756.540447 571.053306
# coord 54 980.496255 423.348564
# coord 55 20.120377 220.771143
# coord 56 580.055064 669.750351
# coord 57 389.015648 255.399850
# coord 58 499.979364 938.218589
# coord 59 144.231424 88.870827
# coord 60 631.369617 331.120210
# coord 61 893.128333 251.891212
# coord 62 204.185925 162.103398
# coord 63 176.380132 899.749731
# coord 64 533.987710 278.455073
# coord 65 573.932878 183.975376
# coord 66 950.216369 384.276145
# coord 67 975.645451 498.839313
# coord 68 544.664769 565.887701
# coord 69 681.909173 544.709212
# coord 70 566.669801 237.159082
# coord 71 165.734313 280.281031
# coord 72 214.881326 698.825084
# coord 73 174.357890 374.253431
# coord 74 624.938241 652.609421
# coord 75 177.571694 122.280148
# coord 76 607.524721 112.379362
# coord 77 911.558827 362.068270
# coord 78 405.224745 661.884075
# coord 79 813.809003 552.610827
# coord 80 255.678463 399.315583
# coord 81 592.298236 50.375332
# coord 82 626.633132 223.104955
# coord 83 290.095738 982.312409
# coord 84 576.201358 947.390007
# coord 85 811.469007 764.379522
# coord 86 406.233087 832.349940
# coord 87 92.357113 116.697537
# coord 88 464.743156 737.704613
# coord 89 794.528942 530.463527
# coord 90 469.317156 407.303082
# coord 91 599.919810 981.253892
# coord 92 60.688024 311.467433
# coord 93 94.906335 186.446533
# coord 94 124.310261 817.322767
# coord 95 935.901000 164.178309
# coord 96 114.028019 491.118968
# coord 97 119.228404 680.060228
# coord 98 165.369788 212.714596
# coord 99 716.564968 462.934544
# coord 100 746.948749 715.838795
# reference_nearest_neighbor_tour_cost: 9140
TTSP_MATRIX
100
0 74 87 92 73 28 75 23 30 85 48 53 39 63 60 91 79 9 94 53 98 79 42 45 9 25 23 16 59 68 81 35 88 88 92 71 16 91 97 57 2 48 73 25 73 36 61 100 57 19 65 57 23 95 16 97 94 66 59 58 32 6 15 32 5 57 2 67 82 82 38 34 34 15 77 67 45 96 39 70 61 99 76 83 77 100 35 43 24 97 8 78 21 75 47 59 2 83 51 81
0 663 260 136 201 743 541 624 828 510 478 264 690 653 259 748 737 747 735 942 999 1099 680 605 308 259 649 111 224 227 555 532 385 299 688 835 146 240 326 145 616 763 397 795 964 733 143 800 542 678 762 495 708 825 224 665 224 873 76 469 691 50 788 358 365 783 852 559 635 372 175 586 264 677 40 391 739 580 742 289 381 425 872 909 882 744 124 672 713 388 949 252 142 710 722 391 575 112 611 803
663 0 507 633 790 89 252 40 681 513 273 554 48 347 403 246 454 323 74 288 337 442 235 563 386 638 120 571 608 523 485 677 497 470 310 609 695 742 337 545 431 259 265 566 318 78 620 303 309 218 519 228 54 309 764 164 439 428 733 242 363 640 626 330 399 304 279 159 28 352 607 508 562 120 686 459 288 315 110 477 523 347 590 406 230 402 756 297 96 281 432 690 715 633 460 594 596 642 100 160
260 507 0 154 298 571 491 474 573 586 259 397 546 404 198 523 742 699 581 795 823 910 454 351 299 133 539 153 396 33 610 315 128 371 446 575 209 236 216 122 638 685 280 535 771 584 140 567 519 455 786 424 559 749 262 456 195 625 297 400 671 213 530 315 389 717 753 366 480 360 115 327 59 481 257 456 678 336 608 35 482 421 612 669 698 491 292 432 583 238 710 183 232 458 733 168 328 174 491 618
136 633 154 0 157 705 565 597 700 592 406 362 668 558 255 675 792 776 708 920 961 1053 605 479 339 123 645 87 337 124 629 397 266 370 600 715 62 136 306 96 677 777 380 677 914 708 14 720 579 606 826 506 684 841 141 603 230 779 149 480 733 87 663 376 417 804 856 506 606 406 44 465 138 623 116 464 762 490 726 188 471 467 757 823 838 644 138 586 699 353 864 124 83 581 779 258 445 25 600 757
201 790 298 157 0 861 714 754 782 710 557 465 825 691 408 821 929 925 865 1078 1116 1206 751 571 483 200 801 232 424 273 753 448 385 495 738 812 95 97 463 250 810 930 536 779 1067 866 170 863 724 753 958 659 841 994 57 754 379 911 144 633 876 183 752 525 553 955 1012 660 763 550 186 569 260 777 162 589 912 629 883 332 582 608 862 960 993 772 85 725 856 510 1002 153 77 662 915 340 526 152 757 912
743 89 571 705 861 0 335 128 667 596 321 643 96 343 485 204 512 369 57 232 256 357 219 577 474 699 189 648 696 590 565 708 544 559 295 587 767 807 417 620 504 293 348 547 230 76 691 252 391 203 578 316 77 330 831 157 521 376 811 330 423 718 614 418 488 338 281 206 113 441 676 523 623 111 764 548 333 330 121 539 611 435 559 342 142 379 832 286 129 357 363 752 787 635 521 640 617 715 183 72
541 252 491 565 714 335 0 221 857 261 368 353 241 531 311 482 264 212 292 448 543 657 450 689 234 618 155 483 414 491 235 754 543 273 515 802 623 696 274 468 195 223 217 756 552 278 555 544 59 435 321 70 263 284 706 385 336 665 617 91 183 537 802 189 193 242 317 310 237 170 555 637 549 355 574 228 198 472 260 473 290 128 798 653 463 609 657 498 232 269 681 659 637 782 261 632 705 563 152 406
624 40 474 597 754 128 221 0 681 481 250 515 72 347 364 264 440 318 112 323 377 482 243 552 346 607 110 534 568 489 457 659 472 431 316 614 660 708 299 508 407 261 227 570 358 111 584 324 280 227 505 192 86 317 729 174 400 448 694 204 348 602 627 290 361 305 296 142 16 313 572 497 530 136 647 423 284 307 135 445 486 310 599 432 269 410 719 301 113 244 460 658 679 627 444 569 582 605 74 198
828 681 573 700 782 667 857 681 0 1064 496 942 726 334 708 469 1112 999 718 865 804 823 450 222 791 592 791 725 957 604 1065 343 445 890 373 98 730 685 671 695 1050 939 675 123 708 734 690 443 911 467 1173 793 721 989 725 518 727 364 848 783 1021 778 55 769 871 984 947 552 672 822 657 251 564 566 816 950 966 385 779 551 997 866 161 441 697 290 821 385 774 626 466 630 752 120 1112 446 257 725 750 650
510 513 586 592 710 596 261 481 1064 0 569 248 501 759 390 736 263 351 551 681 790 905 696 870 290 686 411 506 302 571 57 893 680 223 753 1023 637 727 401 509 149 415 389 976 809 536 587 798 206 682 267 297 523 455 722 637 391 916 579 296 265 530 1010 296 200 406 516 546 497 244 602 824 637 611 549 131 366 690 512 583 129 198 1028 910 721 844 633 735 487 438 940 711 642 973 243 751 872 580 414 667
478 273 259 406 557 321 368 250 496 569 0 484 318 201 255 271 630 540 342 552 568 652 203 322 312 381 343 370 516 284 569 410 225 416 219 455 465 492 197 337 558 500 181 408 512 349 392 322 419 201 688 301 326 561 521 197 287 405 534 288 543 440 442 280 382 541 545 116 250 331 371 270 306 224 488 461 511 126 382 225 514 371 465 433 441 294 542 201 363 137 473 436 488 415 628 322 343 421 295 361
264 554 397 362 465 643 353 515 942 248 484 0 564 685 236 720 491 533 616 797 881 992 662 729 178 470 496 280 63 373 297 711 514 84 699 923 398 492 286 293 369 569 322 877 872 607 360 780 330 654 508 335 586 625 482 621 215 881 331 316 462 289 893 229 161 578 668 513 530 202 380 692 436 614 304 144 533 608 601 406 118 225 943 896 783 778 386 680 571 350 932 485 401 837 474 564 717 346 472 713
690 48 546 668 825 96 241 72 726 501 318 564 0 393 431 282 421 283 52 253 318 428 278 610 403 678 93 603 621 561 470 725 542 480 354 653 730 780 367 577 408 214 293 610 313 43 655 337 296 261 486 231 22 263 801 208 466 462 761 249 331 670 672 347 406 260 231 206 68 362 643 556 602 162 715 460 248 363 64 517 524 349 631 434 223 445 787 342 49 315 457 729 749 681 428 639 644 675 93 166
653 347 404 558 691 343 531 347 334 759 201 685 393 0 454 172 780 665 390 561 530 583 125 243 513 495 457 543 715 435 752 398 309 617 60 271 610 610 398 509 727 605 377 225 448 405 544 187 588 140 843 472 389 656 645 188 483 221 700 466 689 610 280 478 580 650 619 222 338 527 517 194 431 236 657 658 631 77 449 371 713 561 270 270 407 94 696 60 442 337 311 549 633 292 782 382 292 578 416 343
259 403 198 255 408 485 311 364 708 390 255 236 431 454 0 512 549 522 476 683 740 841 448 498 102 313 395 177 261 189 413 503 293 186 474 687 315 385 69 158 442 523 138 641 709 473 244 569 330 443 591 252 449 587 396 421 36 660 331 226 484 240 658 124 192 549 604 311 376 163 245 458 253 426 284 262 507 377 484 193 297 225 708 683 625 548 360 456 456 136 722 351 331 605 539 361 491 256 354 547
748 246 523 675 821 204 482 264 469 736 271 720 282 172 512 0 700 565 260 399 358 414 70 415 541 634 366 641 762 551 717 568 453 642 113 384 732 748 446 608 672 494 398 347 277 278 661 62 542 70 765 440 270 534 780 101 547 184 806 443 609 712 418 493 586 539 485 206 250 533 638 366 562 128 760 659 530 200 324 489 720 550 354 177 238 179 812 114 326 378 213 688 755 452 706 538 463 691 339 181
737 454 742 792 929 512 264 440 1112 263 630 491 421 780 549 700 0 153 456 507 632 744 683 952 454 863 334 705 551 737 206 1018 805 438 755 1051 845 927 528 698 122 238 479 1006 679 437 784 756 223 667 66 334 436 246 931 614 566 882 811 353 92 746 1057 427 376 205 320 560 453 387 790 900 799 574 774 349 186 727 397 728 380 326 1039 854 601 849 860 739 384 532 875 899 855 1043 21 892 970 785 367 573
747 323 699 776 925 369 212 318 999 351 540 533 283 665 522 565 153 0 312 356 480 592 558 859 443 828 208 694 596 701 298 945 739 462 632 931 835 907 483 680 207 85 420 887 526 293 766 619 207 541 216 275 296 104 917 487 547 744 823 299 88 746 944 400 386 56 173 452 328 376 767 805 758 443 782 391 36 621 250 679 440 323 913 711 449 725 866 618 241 468 729 870 848 941 168 832 883 775 251 426
735 74 581 708 865 57 292 112 718 551 342 616 52 390 476 260 456 312 0 214 267 376 268 617 453 712 140 645 672 597 518 741 567 532 345 640 770 816 410 619 453 236 338 599 261 19 694 309 345 252 522 283 30 275 838 202 512 433 806 300 368 713 665 397 458 281 230 226 102 414 682 563 635 154 759 512 276 369 64 550 576 401 614 399 172 431 830 334 73 355 418 764 790 681 465 663 655 716 145 120
942 288 795 920 1078 232 448 323 865 681 552 797 253 561 683 399 507 356 214 0 130 237 437 801 648 925 302 856 856 811 636 938 776 714 506 776 983 1030 620 830 552 275 546 742 206 212 907 423 487 422 566 464 237 263 1052 384 718 528 1014 486 440 923 816 592 636 302 188 436 315 599 895 749 849 340 967 675 328 559 201 764 736 573 736 467 171 576 1041 501 230 568 468 978 1002 849 523 872 844 928 333 219
999 337 823 961 1116 256 543 377 804 790 568 881 318 530 740 358 632 480 267 130 0 115 413 773 721 949 390 905 938 844 748 924 784 797 471 710 1022 1059 673 876 669 397 602 681 99 275 947 364 589 402 693 547 297 392 1085 377 776 448 1068 566 561 974 759 664 722 428 316 457 364 680 931 724 873 344 1020 770 450 546 284 790 833 662 662 379 127 524 1088 471 312 613 371 1003 1043 806 648 877 821 971 409 206
1099 442 910 1053 1206 357 657 482 823 905 652 992 428 583 841 414 744 592 376 237 115 0 477 822 828 1032 503 1001 1048 933 863 981 860 908 524 726 1113 1144 773 972 784 510 705 703 140 385 1039 402 704 469 803 658 406 500 1172 455 878 459 1166 676 674 1071 782 772 833 539 425 547 469 790 1021 777 957 429 1119 883 563 612 398 876 946 775 671 383 216 560 1183 527 426 711 363 1086 1135 841 759 948 874 1065 520 296
680 235 454 605 751 219 450 243 450 696 203 662 278 125 448 70 683 558 268 437 413 477 0 365 484 565 352 572 702 481 681 511 386 586 77 374 662 679 384 539 643 492 341 332 338 285 591 121 509 17 748 400 271 540 711 70 483 223 737 400 592 643 396 439 535 538 498 152 231 482 568 314 493 116 691 610 523 135 330 419 670 504 356 235 287 168 742 67 325 316 273 619 685 416 687 472 411 622 317 219
605 563 351 479 571 577 689 552 222 870 322 729 610 243 498 415 952 859 617 801 773 822 365 0 588 375 656 503 739 382 879 171 223 683 302 242 512 476 470 473 876 812 488 212 689 630 468 420 739 379 1010 622 611 869 516 420 513 404 628 607 865 556 184 574 673 855 841 410 547 627 436 55 342 466 594 750 828 248 671 330 792 677 295 474 650 270 604 303 658 435 511 418 534 108 950 230 57 504 609 584
308 386 299 339 483 474 234 346 791 290 312 178 403 513 102 541 454 443 453 648 721 828 484 588 0 411 349 253 224 289 311 603 391 104 523 762 395 473 120 244 343 455 144 716 703 447 330 602 241 475 493 189 424 518 479 443 112 704 383 164 395 303 740 57 90 476 545 335 361 68 336 545 353 437 340 163 432 438 448 294 206 128 777 717 616 605 423 505 419 176 754 445 407 693 443 463 586 334 316 542
259 638 133 123 200 699 618 607 592 686 381 470 678 495 313 634 863 828 712 925 949 1032 565 375 411 0 672 190 453 127 717 276 187 464 545 616 138 115 345 179 754 817 411 581 892 716 118 672 643 569 904 553 691 881 150 577 300 713 260 528 796 210 559 436 498 848 886 493 612 476 91 370 77 605 236 556 809 437 740 162 571 538 663 765 823 573 229 533 716 371 807 55 160 472 852 146 335 147 625 743
649 120 539 645 801 189 155 110 791 411 343 496 93 457 395 366 334 208 140 302 390 503 352 656 349 672 0 572 555 549 378 753 556 412 425 724 706 766 338 550 315 157 265 680 398 125 633 423 206 335 399 162 113 218 783 281 428 549 723 185 243 635 736 293 335 199 214 246 120 298 626 601 597 240 677 380 175 414 106 513 443 273 708 525 309 519 755 411 78 301 549 720 724 735 340 653 683 649 49 258
111 571 153 87 232 648 483 534 725 506 370 280 603 543 177 641 705 694 645 856 905 1001 572 503 253 190 572 0 263 121 542 448 281 283 578 728 141 223 236 34 590 699 310 687 865 645 82 691 495 570 739 427 620 762 226 560 148 762 166 401 648 71 683 294 330 723 781 457 544 321 100 480 170 575 119 377 681 470 658 180 386 381 764 799 785 633 185 562 631 292 840 207 155 610 692 302 477 81 530 705
224 608 396 337 424 696 414 568 957 302 516 63 621 715 261 762 551 596 672 856 938 1048 702 739 224 453 555 263 0 370 353 707 519 143 734 943 366 460 320 282 429 632 365 899 926 663 337 821 393 694 566 393 642 688 447 665 234 918 285 373 524 257 910 279 222 640 730 556 583 258 362 706 429 661 263 206 596 639 659 411 173 286 968 937 837 809 342 715 630 387 974 461 365 847 534 559 723 318 529 765
227 523 33 124 273 590 491 489 604 571 284 373 561 435 189 551 737 701 597 811 844 933 481 382 289 127 549 121 370 0 599 338 160 353 476 608 182 219 218 91 631 691 286 568 794 600 110 596 516 482 780 426 575 755 241 481 180 656 265 402 669 180 562 310 378 722 762 387 496 352 88 359 65 504 224 441 682 367 621 65 464 414 645 699 720 523 262 462 596 249 740 172 204 489 728 190 358 143 502 639
555 485 610 629 753 565 235 457 1065 57 569 297 470 752 413 717 206 298 518 636 748 863 681 879 311 717 378 542 353 599 0 912 698 260 742 1020 677 765 415 542 93 365 392 973 772 502 623 778 176 667 213 282 491 402 763 619 419 899 625 286 211 571 1011 308 221 353 466 535 472 256 636 831 664 590 594 165 315 686 474 605 180 202 1021 888 685 835 678 724 450 444 916 746 683 979 186 774 884 619 386 636
532 677 315 397 448 708 754 659 343 893 410 711 725 398 503 568 1018 945 741 938 924 981 511 171 603 276 753 448 707 338 912 0 215 684 457 394 411 351 498 425 926 910 539 373 845 751 390 582 796 523 1069 685 730 971 391 555 507 574 535 665 937 482 324 606 693 950 954 519 657 656 359 206 279 598 511 765 918 380 788 311 796 713 454 643 798 438 499 455 771 486 681 302 430 227 1012 148 114 422 704 726
385 497 128 266 385 544 543 472 445 680 225 514 542 309 293 453 805 739 567 776 784 860 386 223 391 187 556 281 519 160 698 215 0 477 360 450 309 301 284 250 712 711 326 411 719 574 254 488 582 392 855 473 550 773 337 407 301 526 415 453 725 336 403 391 480 748 765 341 473 441 223 200 129 442 378 554 714 254 605 109 588 499 490 579 657 387 400 349 585 274 620 240 333 330 798 97 203 289 507 578
299 470 371 370 495 559 273 431 890 223 416 84 480 617 186 642 438 462 532 714 797 908 586 683 104 464 412 283 143 353 260 684 477 0 627 864 417 505 222 286 317 492 246 818 788 523 365 703 256 577 464 251 502 550 503 543 177 807 373 231 397 312 840 149 79 504 590 436 446 118 380 642 418 533 337 95 459 542 517 373 112 145 880 819 699 709 423 609 488 280 854 489 423 789 422 539 677 359 388 629
688 310 446 600 738 295 515 316 373 753 219 699 354 60 474 113 755 632 345 506 471 524 77 302 523 545 425 578 734 476 742 457 360 627 0 299 654 660 414 544 710 568 382 256 388 361 586 129 573 94 819 461 348 616 694 146 506 186 739 457 663 647 320 483 583 614 574 207 305 529 560 254 478 193 695 660 598 110 406 412 718 558 284 223 350 94 738 19 402 349 264 599 678 343 758 437 351 619 388 288
835 609 575 715 812 587 802 614 98 1023 455 923 653 271 687 384 1051 931 640 776 710 726 374 242 762 616 724 728 943 608 1020 394 450 864 299 0 751 718 643 696 997 867 636 47 614 657 703 353 859 392 1114 742 645 913 758 445 710 267 864 734 959 786 74 734 837 912 868 493 603 785 671 250 577 491 828 916 896 334 703 549 967 825 67 343 607 208 843 313 700 590 368 659 774 170 1053 472 291 738 685 564
146 695 209 62 95 767 623 660 730 637 465 398 730 610 315 732 845 835 770 983 1022 1113 662 512 395 138 706 141 366 182 677 411 309 417 654 751 0 95 368 157 729 838 442 715 975 771 75 776 636 664 878 566 746 901 86 663 288 830 125 540 789 109 696 435 469 863 918 567 668 462 95 503 180 684 112 511 821 544 788 244 512 522 796 877 899 693 92 640 761 415 918 113 24 610 832 284 473 60 663 819
240 742 236 136 97 807 696 708 685 727 492 492 780 610 385 748 927 907 816 1030 1059 1144 679 476 473 115 766 223 460 219 765 351 301 505 660 718 95 0 429 229 813 904 501 686 1004 819 143 787 713 683 962 635 794 968 40 689 363 827 208 609 867 203 657 508 553 932 979 602 715 541 141 477 187 716 205 600 891 552 840 268 604 602 769 880 933 687 158 648 814 467 921 62 101 566 915 247 430 147 719 853
326 337 216 306 463 417 274 299 671 401 197 286 367 398 69 446 528 483 410 620 673 773 384 470 120 345 338 236 320 218 415 498 284 222 414 643 368 429 0 212 429 475 74 597 640 409 294 504 304 377 575 209 384 539 445 353 105 598 396 184 454 303 620 107 203 504 551 244 309 159 289 426 275 357 349 280 464 322 422 200 326 215 659 618 557 492 421 396 394 68 657 388 386 575 520 365 471 311 295 478
145 545 122 96 250 620 468 508 695 509 337 293 577 509 158 608 698 680 619 830 876 972 539 473 244 179 550 34 282 91 542 425 250 286 544 696 157 229 212 0 585 681 286 655 835 619 87 658 484 538 735 410 594 745 237 529 134 728 198 384 638 104 652 280 326 707 761 427 517 312 94 448 146 545 152 379 665 436 634 147 393 372 731 766 756 599 212 529 607 264 806 204 174 580 686 278 449 98 507 676
616 431 638 677 810 504 195 407 1050 149 558 369 408 727 442 672 122 207 453 552 669 784 643 876 343 754 315 590 429 631 93 926 712 317 710 997 729 813 429 585 0 278 391 951 700 435 670 732 139 628 150 257 428 311 814 577 455 855 690 270 119 627 996 324 260 263 377 505 422 279 678 825 694 543 654 227 227 666 403 627 259 217 993 837 615 804 740 693 382 444 863 787 737 972 105 794 888 669 333 572
763 259 685 777 930 293 223 261 939 415 500 569 214 605 523 494 238 85 236 275 397 510 492 812 455 817 157 699 632 691 365 910 711 492 568 867 838 904 475 681 278 0 406 824 442 217 766 545 240 475 301 272 224 64 917 422 551 669 839 298 165 756 885 406 413 45 102 402 268 393 763 757 744 376 795 433 53 568 172 661 488 348 845 632 365 659 877 555 168 448 649 862 853 889 252 806 840 778 206 345
397 265 280 380 536 348 217 227 675 389 181 322 293 377 138 398 479 420 338 546 602 705 341 488 144 411 265 310 365 286 392 539 326 246 382 636 442 501 74 286 391 406 0 589 574 336 367 458 257 332 531 148 311 470 517 300 174 561 468 127 400 376 622 101 202 437 478 191 238 150 361 439 339 297 421 281 399 305 348 258 336 191 645 574 489 468 495 364 321 53 610 457 460 587 473 415 497 385 221 412
795 566 535 677 779 547 756 570 123 976 408 877 610 225 641 347 1006 887 599 742 681 703 332 212 716 581 680 687 899 568 973 373 411 818 256 47 715 686 597 655 951 824 589 0 586 616 665 320 812 349 1068 696 603 872 725 402 665 247 826 688 914 747 79 688 790 870 828 447 560 739 633 212 539 449 789 869 853 287 661 508 921 778 83 323 574 168 807 269 658 544 352 627 738 159 1007 439 265 700 640 527
964 318 771 914 1067 230 552 358 708 809 512 872 313 448 709 277 679 526 261 206 99 140 338 689 703 892 398 865 926 794 772 845 719 788 388 614 975 1004 640 835 700 442 574 586 0 274 900 273 604 329 742 543 291 449 1032 315 745 350 1030 559 600 936 664 647 716 479 377 409 343 670 882 642 817 291 983 773 493 472 298 737 836 662 564 280 90 433 1046 390 322 576 273 946 997 715 692 809 739 927 406 162
733 78 584 708 866 76 278 111 734 536 349 607 43 405 473 278 437 293 19 212 275 385 285 630 447 716 125 645 663 600 502 751 574 523 361 657 771 819 409 619 435 217 336 616 274 0 695 328 330 268 503 273 25 257 840 217 509 452 804 291 350 712 681 390 448 262 214 235 104 405 683 576 639 169 757 500 257 382 46 554 564 390 632 418 185 449 829 350 54 356 437 767 790 695 447 671 667 716 135 137
143 620 140 14 170 691 555 584 690 587 392 360 655 544 244 661 784 766 694 907 947 1039 591 468 330 118 633 82 337 110 623 390 254 365 586 703 75 143 294 87 670 766 367 665 900 695 0 706 570 592 819 496 670 830 151 589 220 766 161 470 724 93 652 366 410 793 845 492 593 398 33 453 126 610 126 459 751 477 713 174 467 458 744 809 824 631 152 572 686 340 851 126 96 571 771 249 435 35 588 744
800 303 567 720 863 252 544 324 443 798 322 780 337 187 569 62 756 619 309 423 364 402 121 420 602 672 423 691 821 596 778 582 488 703 129 353 776 787 504 658 732 545 458 320 273 328 706 0 603 127 822 502 323 582 820 163 603 125 855 505 666 762 396 554 648 590 528 267 310 595 682 376 603 189 809 721 583 234 373 533 782 612 315 116 254 160 858 139 378 436 153 726 799 442 763 566 472 738 398 215
542 309 519 579 724 391 59 280 911 206 419 330 296 588 330 542 223 207 345 487 589 704 509 739 241 643 206 495 393 516 176 796 582 256 573 859 636 713 304 484 139 240 257 812 604 330 570 603 0 494 274 118 317 295 720 445 350 725 617 132 154 543 856 207 180 248 340 367 296 173 574 687 577 414 577 194 203 527 308 505 251 117 855 712 515 667 661 556 282 310 740 681 648 834 216 668 752 575 210 462
678 218 455 606 753 203 435 227 467 682 201 654 261 140 443 70 667 541 252 422 402 469 17 379 475 569 335 570 694 482 667 523 392 577 94 392 664 683 377 538 628 475 332 349 329 268 592 127 494 0 731 386 254 522 714 54 477 235 735 387 575 641 413 429 524 521 481 142 215 471 569 327 496 99 689 599 506 144 313 421 659 492 373 242 275 184 742 83 308 309 280 623 686 432 671 480 424 622 300 205
762 519 786 826 958 578 321 505 1173 267 688 508 486 843 591 765 66 216 522 566 693 803 748 1010 493 904 399 739 566 780 213 1069 855 464 819 1114 878 962 575 735 150 301 531 1068 742 503 819 822 274 731 0 389 502 303 964 678 605 947 835 406 156 775 1118 472 409 265 378 622 517 428 828 958 843 639 801 371 250 788 462 775 393 366 1103 919 665 913 886 803 449 584 940 937 886 1102 61 940 1025 818 431 638
495 228 424 506 659 316 70 192 793 297 301 335 231 472 252 440 334 275 283 464 547 658 400 622 189 553 162 427 393 426 282 685 473 251 461 742 566 635 209 410 257 272 148 696 543 273 496 502 118 386 389 0 253 335 647 340 280 620 570 26 252 485 739 136 175 297 357 253 208 135 494 570 483 316 525 231 256 409 266 405 295 119 741 614 453 554 606 443 237 199 645 596 582 716 329 563 637 507 138 388
708 54 559 684 841 77 263 86 721 523 326 586 22 389 449 270 436 296 30 237 297 406 271 611 424 691 113 620 642 575 491 730 550 502 348 645 746 794 384 594 428 224 311 603 291 25 670 323 317 254 502 253 0 268 815 202 484 448 779 271 347 687 667 368 428 269 231 212 79 384 658 557 615 155 733 482 260 363 60 529 546 371 622 417 201 437 805 336 56 331 439 743 765 679 445 647 647 691 115 145
825 309 749 841 994 330 284 317 989 455 561 625 263 656 587 534 246 104 275 263 392 500 540 869 518 881 218 762 688 755 402 971 773 550 616 913 901 968 539 745 311 64 470 872 449 257 830 582 295 522 303 335 268 0 982 470 615 704 901 361 192 819 935 469 472 49 76 459 322 454 827 814 808 423 858 486 92 623 211 725 538 407 888 662 381 705 940 604 215 511 675 927 917 942 263 869 899 842 267 374
224 764 262 141 57 831 706 729 725 722 521 482 801 645 396 780 931 917 838 1052 1085 1172 711 516 479 150 783 226 447 241 763 391 337 503 694 758 86 40 445 237 814 917 517 725 1032 840 151 820 720 714 964 647 815 982 0 718 371 863 181 621 874 193 697 517 555 944 995 628 737 547 157 516 218 743 186 597 903 586 860 296 597 607 808 915 960 723 127 682 834 486 956 99 82 606 918 286 470 145 737 879
665 164 456 603 754 157 385 174 518 637 197 621 208 188 421 101 614 487 202 384 377 455 70 420 443 577 281 560 665 481 619 555 407 543 146 445 663 689 353 529 577 422 300 402 315 217 589 163 445 54 678 340 202 470 718 0 456 280 726 342 522 632 465 394 486 467 431 110 161 433 569 366 502 48 679 558 452 175 261 422 619 449 426 278 250 238 737 134 256 285 312 631 685 479 618 499 461 617 248 173
224 439 195 230 379 521 336 400 727 391 287 215 466 483 36 547 566 547 512 718 776 878 483 513 112 300 428 148 234 180 419 507 301 177 506 710 288 363 105 134 455 551 174 665 745 509 220 603 350 477 605 280 484 615 371 456 0 692 296 254 504 207 679 147 198 576 635 347 412 179 225 476 245 462 250 261 533 407 518 196 289 240 734 717 661 577 327 488 490 172 756 333 302 621 554 362 503 228 388 583
873 428 625 779 911 376 665 448 364 916 405 881 462 221 660 184 882 744 433 528 448 459 223 404 704 713 549 762 918 656 899 574 526 807 186 267 830 827 598 728 855 669 561 247 350 452 766 125 725 235 947 620 448 704 863 280 692 0 921 621 791 831 326 661 758 714 648 375 434 704 738 372 651 312 877 833 708 292 497 592 893 726 214 77 357 141 917 204 503 532 109 765 854 395 888 591 460 799 522 332
76 733 297 149 144 811 617 694 848 579 534 331 761 700 331 806 811 823 806 1014 1068 1166 737 628 383 260 723 166 285 265 625 535 415 373 739 864 125 208 396 198 690 839 468 826 1030 804 161 855 617 735 835 570 779 901 181 726 296 921 0 544 766 95 812 433 440 858 927 623 705 448 193 614 287 741 47 464 815 630 814 330 450 501 905 961 949 788 59 724 786 455 1002 238 109 729 795 403 592 126 684 870
469 242 400 480 633 330 91 204 783 296 288 316 249 466 226 443 353 299 300 486 566 676 400 607 164 528 185 401 373 402 286 665 453 231 457 734 540 609 184 384 270 298 127 688 559 291 470 505 132 387 406 26 271 361 621 342 254 621 544 0 273 459 728 111 158 323 383 250 219 114 468 556 459 322 500 220 282 401 287 382 283 108 735 619 469 549 580 439 258 179 651 571 556 702 347 542 620 481 157 402
691 363 671 733 876 423 183 348 1021 265 543 462 331 689 484 609 92 88 368 440 561 674 592 865 395 796 243 648 524 669 211 937 725 397 663 959 789 867 454 638 119 165 400 914 600 350 724 666 154 575 156 252 347 192 874 522 504 791 766 273 0 695 966 360 326 144 260 469 361 327 728 812 729 482 727 318 112 637 311 654 362 268 947 764 519 758 812 648 296 451 786 835 801 954 98 815 884 729 275 486
50 640 213 87 183 718 537 602 778 530 440 289 670 610 240 712 746 746 713 923 974 1071 643 556 303 210 635 71 257 180 571 482 336 312 647 786 109 203 303 104 627 756 376 747 936 712 93 762 543 641 775 485 687 819 193 632 207 831 95 459 695 0 738 350 370 778 842 528 612 370 124 537 214 646 48 406 735 539 724 243 404 427 825 869 855 700 121 632 696 361 910 207 112 660 732 341 525 64 594 775
788 626 530 663 752 614 802 627 55 1010 442 893 672 280 658 418 1057 944 665 816 759 782 396 184 740 559 736 683 910 562 1011 324 403 840 320 74 696 657 620 652 996 885 622 79 664 681 652 396 856 413 1118 739 667 935 697 465 679 326 812 728 966 738 0 717 819 930 894 497 618 769 620 205 526 512 777 898 911 330 726 507 946 813 141 403 649 240 788 331 720 573 431 600 718 97 1057 413 227 687 695 599
358 330 315 376 525 418 189 290 769 296 280 229 347 478 124 493 427 400 397 592 664 772 439 574 57 436 293 294 279 310 308 606 391 149 483 734 435 508 107 280 324 406 101 688 647 390 366 554 207 429 472 136 368 469 517 394 147 661 433 111 360 350 717 0 103 429 494 288 305 53 368 528 372 385 389 182 387 404 392 303 235 108 745 670 560 568 470 464 362 144 706 474 449 677 418 471 577 374 260 486
365 399 389 417 553 488 193 361 871 200 382 161 406 580 192 586 376 386 458 636 722 833 535 673 90 498 335 330 222 378 221 693 480 79 583 837 469 553 203 326 260 413 202 790 716 448 410 648 180 524 409 175 428 472 555 486 198 758 440 158 326 370 819 103 0 426 510 383 377 54 419 628 443 471 401 79 382 507 440 384 135 66 847 763 627 670 486 564 411 247 798 529 479 777 363 553 673 410 313 559
783 304 717 804 955 338 242 305 984 406 541 578 260 650 549 539 205 56 281 302 428 539 538 855 476 848 199 723 640 722 353 950 748 504 614 912 863 932 504 707 263 45 437 870 479 262 793 590 248 521 265 297 269 49 944 467 576 714 858 323 144 778 930 429 426 0 117 444 313 411 791 800 776 422 816 437 45 612 217 695 489 362 891 676 405 705 899 600 214 481 692 893 878 933 221 843 882 803 247 389
852 279 753 856 1012 281 317 296 947 516 545 668 231 619 604 485 320 173 230 188 316 425 498 841 545 886 214 781 730 762 466 954 765 590 574 868 918 979 551 761 377 102 478 828 377 214 845 528 340 481 378 357 231 76 995 431 635 648 927 383 260 842 894 494 510 117 0 436 297 486 839 787 811 383 882 534 151 593 171 727 590 445 839 601 312 660 962 564 184 515 611 934 935 909 337 862 875 859 262 315
559 159 366 506 660 206 310 142 552 546 116 513 206 222 311 206 560 452 226 436 457 547 152 410 335 493 246 457 556 387 535 519 341 436 207 493 567 602 244 427 505 402 191 447 409 235 492 267 367 142 622 253 212 459 628 110 347 375 623 250 469 528 497 288 383 444 436 0 139 329 475 356 417 118 576 458 420 169 269 334 518 352 488 383 333 300 637 189 252 176 419 547 588 490 561 437 440 518 200 252
635 28 480 606 763 113 237 16 672 497 250 530 68 338 376 250 453 328 102 315 364 469 231 547 361 612 120 544 583 496 472 657 473 446 305 603 668 715 309 517 422 268 238 560 343 104 593 310 296 215 517 208 79 322 737 161 412 434 705 219 361 612 618 305 377 313 297 139 0 328 580 492 535 122 658 439 293 300 132 450 502 326 587 416 255 398 729 291 114 253 444 664 688 621 458 570 579 614 89 183
372 352 360 406 550 441 170 313 822 244 331 202 362 527 163 533 387 376 414 599 680 790 482 627 68 476 298 321 258 352 256 656 441 118 529 785 462 541 159 312 279 393 150 739 670 405 398 595 173 471 428 135 384 454 547 433 179 704 448 114 327 370 769 53 54 411 486 329 328 0 403 580 416 420 406 131 367 454 401 351 189 62 795 710 581 616 489 511 371 196 745 511 474 730 376 519 630 402 271 512
175 607 115 44 186 676 555 572 657 602 371 380 643 517 245 638 790 767 682 895 931 1021 568 436 336 91 626 100 362 88 636 359 223 380 560 671 95 141 289 94 678 763 361 633 882 683 33 682 574 569 828 494 658 827 157 569 225 738 193 468 728 124 620 368 419 791 839 475 580 403 0 421 94 591 158 473 750 451 703 149 485 464 713 783 807 602 179 546 677 329 825 110 118 539 779 217 402 68 580 726
586 508 327 465 569 523 637 497 251 824 270 692 556 194 458 366 900 805 563 749 724 777 314 55 545 370 601 480 706 359 831 206 200 642 254 250 503 477 426 448 825 757 439 212 642 576 453 376 687 327 958 570 557 814 516 366 476 372 614 556 812 537 205 528 628 800 787 356 492 580 421 0 327 413 578 706 774 194 617 302 750 629 293 439 600 233 595 253 604 387 478 417 526 149 898 231 97 489 554 532
264 562 59 138 260 623 549 530 564 637 306 436 602 431 253 562 799 758 635 849 873 957 493 342 353 77 597 170 429 65 664 279 129 418 478 577 180 187 275 146 694 744 339 539 817 639 126 603 577 496 843 483 615 808 218 502 245 651 287 459 729 214 526 372 443 776 811 417 535 416 94 327 0 530 252 506 737 369 664 85 529 477 619 700 747 513 270 465 640 297 741 130 204 446 790 132 311 162 549 667
677 120 481 623 777 111 355 136 566 611 224 614 162 236 426 128 574 443 154 340 344 429 116 466 437 605 240 575 661 504 590 598 442 533 193 491 684 716 357 545 543 376 297 449 291 169 610 189 414 99 639 316 155 423 743 48 462 312 741 322 482 646 512 385 471 422 383 118 122 420 591 413 530 0 694 541 408 220 214 448 603 430 470 299 217 283 756 181 209 291 330 659 706 527 579 536 506 636 211 137
40 686 257 116 162 764 574 647 816 549 488 304 715 657 284 760 774 782 759 967 1020 1119 691 594 340 236 677 119 263 224 594 511 378 337 695 828 112 205 349 152 654 795 421 789 983 757 126 809 577 689 801 525 733 858 186 679 250 877 47 500 727 48 777 389 401 816 882 576 658 406 158 578 252 694 0 430 772 586 768 288 421 460 867 916 902 746 85 679 740 408 957 222 105 697 759 374 561 91 638 822
391 459 456 464 589 548 228 423 950 131 461 144 460 658 262 659 349 391 512 675 770 883 610 750 163 556 380 377 206 441 165 765 554 95 660 916 511 600 280 379 227 433 281 869 773 500 459 721 194 599 371 231 482 486 597 558 261 833 464 220 318 406 898 182 79 437 534 458 439 131 473 706 506 541 430 0 393 586 486 454 64 112 926 836 683 748 515 641 458 326 869 582 518 855 332 622 749 453 367 619
739 288 678 762 912 333 198 284 966 366 511 533 248 631 507 530 186 36 276 328 450 563 523 828 432 809 175 681 596 682 315 918 714 459 598 896 821 891 464 665 227 53 399 853 493 257 751 583 203 506 250 256 260 92 903 452 533 708 815 282 112 735 911 387 382 45 151 420 293 367 750 774 737 408 772 393 0 588 214 657 446 317 878 675 415 690 855 584 205 445 693 852 835 909 199 808 854 761 220 390
580 315 336 490 629 330 472 307 385 690 126 608 363 77 377 200 727 621 369 559 546 612 135 248 438 437 414 470 639 367 686 380 254 542 110 334 544 552 322 436 666 568 305 287 472 382 477 234 527 144 788 409 363 623 586 175 407 292 630 401 637 539 330 404 507 612 593 169 300 454 451 194 369 220 586 586 588 0 423 302 639 491 340 333 419 170 629 96 411 263 374 491 568 321 728 338 287 509 369 346
742 110 608 726 883 121 260 135 779 512 382 601 64 449 484 324 397 250 64 201 284 398 330 671 448 740 106 658 659 621 474 788 605 517 406 703 788 840 422 634 403 172 348 661 298 46 713 373 308 313 462 266 60 211 860 261 518 497 814 287 311 724 726 392 440 217 171 269 132 401 703 617 664 214 768 486 214 423 0 579 549 379 677 461 212 494 843 395 29 374 479 791 807 739 407 702 706 732 132 176
289 477 35 188 332 539 473 445 551 583 225 406 517 371 193 489 728 679 550 764 790 876 419 330 294 162 513 180 411 65 605 311 109 373 412 549 244 268 200 147 627 661 258 508 737 554 174 533 505 421 775 405 529 725 296 422 196 592 330 382 654 243 507 303 384 695 727 334 450 351 149 302 85 448 288 454 657 302 579 0 485 411 584 635 665 458 326 398 555 214 676 214 267 438 720 169 312 207 465 584
381 523 482 471 582 611 290 486 997 129 514 118 524 713 297 720 380 440 576 736 833 946 670 792 206 571 443 386 173 464 180 796 588 112 718 967 512 604 326 393 259 488 336 921 836 564 467 782 251 659 393 295 546 538 597 619 289 893 450 283 362 404 946 235 135 489 590 518 502 189 485 750 529 603 421 64 446 639 549 485 0 176 980 897 747 804 504 699 521 378 931 592 516 898 362 650 788 457 431 683
425 347 421 467 608 435 128 310 866 198 371 225 349 561 225 550 326 323 401 573 662 775 504 677 128 538 273 381 286 414 202 713 499 145 558 825 522 602 215 372 217 348 191 778 662 390 458 612 117 492 366 119 371 407 607 449 240 726 501 108 268 427 813 108 66 362 445 352 326 62 464 629 477 430 460 112 317 491 379 411 176 0 830 726 572 648 545 539 350 242 759 573 533 778 315 578 683 461 256 507
872 590 612 757 862 559 798 599 161 1028 465 943 631 270 708 354 1039 913 614 736 662 671 356 295 777 663 708 764 968 645 1021 454 490 880 284 67 796 769 659 731 993 845 645 83 564 632 744 315 855 373 1103 741 622 888 808 426 734 214 905 735 947 825 141 745 847 891 839 488 587 795 713 293 619 470 867 926 878 340 677 584 980 830 0 288 565 190 888 301 677 602 310 709 819 234 1042 522 347 780 672 529
909 406 669 823 960 342 653 432 441 910 433 896 434 270 683 177 854 711 399 467 379 383 235 474 717 765 525 799 937 699 888 643 579 819 223 343 877 880 618 766 837 632 574 323 280 418 809 116 712 242 919 614 417 662 915 278 717 77 961 619 764 869 403 670 763 676 601 383 416 710 783 439 700 299 916 836 675 333 461 635 897 726 288 0 298 205 961 237 471 551 41 819 900 470 862 649 529 842 504 288
882 230 698 838 993 142 463 269 697 721 441 783 223 407 625 238 601 449 172 171 127 216 287 650 616 823 309 785 837 720 685 798 657 699 350 607 899 933 557 756 615 365 489 574 90 185 824 254 515 275 665 453 201 381 960 250 661 357 949 469 519 855 649 560 627 405 312 333 255 581 807 600 747 217 902 683 415 419 212 665 747 572 565 298 0 411 968 348 235 495 303 877 921 689 613 749 697 850 316 81
744 402 491 644 772 379 609 410 290 844 294 778 445 94 548 179 849 725 431 576 524 560 168 270 605 573 519 633 809 523 835 438 387 709 94 208 693 687 492 599 804 659 468 168 433 449 631 160 667 184 913 554 437 705 723 238 577 141 788 549 758 700 240 568 670 705 660 300 398 616 602 233 513 283 746 748 690 170 494 458 804 648 190 205 411 0 781 111 492 430 244 625 717 282 853 449 325 665 482 360
124 756 292 138 85 832 657 719 821 633 542 386 787 696 360 812 860 866 830 1041 1088 1183 742 604 423 229 755 185 342 262 678 499 400 423 738 843 92 158 421 212 740 877 495 807 1046 829 152 858 661 742 886 606 805 940 127 737 327 917 59 580 812 121 788 470 486 899 962 637 729 489 179 595 270 756 85 515 855 629 843 326 504 545 888 961 968 781 0 724 815 476 1003 197 70 701 845 375 564 121 714 887
672 297 432 586 725 286 498 301 385 735 201 680 342 60 456 114 739 618 334 501 471 527 67 303 505 533 411 562 715 462 724 455 349 609 19 313 640 648 396 529 693 555 364 269 390 350 572 139 556 83 803 443 336 604 682 134 488 204 724 439 648 632 331 464 564 600 564 189 291 511 546 253 465 181 679 641 584 96 395 398 699 539 301 237 348 111 724 0 389 330 279 587 664 350 742 429 350 604 373 283
713 96 583 699 856 129 232 113 774 487 363 571 49 442 456 326 384 241 73 230 312 426 325 658 419 716 78 631 630 596 450 771 585 488 402 700 761 814 394 607 382 168 321 658 322 54 686 378 282 308 449 237 56 215 834 256 490 503 786 258 296 696 720 362 411 214 184 252 114 371 677 604 640 209 740 458 205 411 29 555 521 350 677 471 235 492 815 389 0 348 491 766 780 729 393 682 692 705 103 191
388 281 238 353 510 357 269 244 626 438 137 350 315 337 136 378 532 468 355 568 613 711 316 435 176 371 301 292 387 249 444 486 274 280 349 590 415 467 68 264 444 448 53 544 576 356 340 436 310 309 584 199 331 511 486 285 172 532 455 179 451 361 573 144 247 481 515 176 253 196 329 387 297 291 408 326 445 263 374 214 378 242 602 551 495 430 476 330 348 0 589 420 435 536 526 365 444 361 253 415
949 432 710 864 1002 363 681 460 466 940 473 932 457 311 722 213 875 729 418 468 371 363 273 511 754 807 549 840 974 740 916 681 620 854 264 368 918 921 657 806 863 649 610 352 273 437 851 153 740 280 940 645 439 675 956 312 756 109 1002 651 786 910 431 706 798 692 611 419 444 745 825 478 741 330 957 869 693 374 479 676 931 759 310 41 303 244 1003 279 491 589 0 860 942 503 883 690 567 883 531 303
252 690 183 124 153 752 659 658 630 711 436 485 729 549 351 688 899 870 764 978 1003 1086 619 418 445 55 720 207 461 172 746 302 240 489 599 659 113 62 388 204 787 862 457 627 946 767 126 726 681 623 937 596 743 927 99 631 333 765 238 571 835 207 600 474 529 893 934 547 664 511 110 417 130 659 222 582 852 491 791 214 592 573 709 819 877 625 197 587 766 420 860 0 130 510 888 187 373 144 673 797
142 715 232 83 77 787 637 679 752 642 488 401 749 633 331 755 855 848 790 1002 1043 1135 685 534 407 160 724 155 365 204 683 430 333 423 678 774 24 101 386 174 737 853 460 738 997 790 96 799 648 686 886 582 765 917 82 685 302 854 109 556 801 112 718 449 479 878 935 588 688 474 118 526 204 706 105 518 835 568 807 267 516 533 819 900 921 717 70 664 780 435 942 130 0 632 841 305 494 75 680 840
710 633 458 581 662 635 782 627 120 973 415 837 681 292 605 452 1043 941 681 849 806 841 416 108 693 472 735 610 847 489 979 227 330 789 343 170 610 566 575 580 972 889 587 159 715 695 571 442 834 432 1102 716 679 942 606 479 621 395 729 702 954 660 97 677 777 933 909 490 621 730 539 149 446 527 697 855 909 321 739 438 898 778 234 470 689 282 701 350 729 536 503 510 632 0 1042 326 137 606 690 631
722 460 733 779 915 521 261 444 1112 243 628 474 428 782 539 706 21 168 465 523 648 759 687 950 443 852 340 692 534 728 186 1012 798 422 758 1053 832 915 520 686 105 252 473 1007 692 447 771 763 216 671 61 329 445 263 918 618 554 888 795 347 98 732 1057 418 363 221 337 561 458 376 779 898 790 579 759 332 199 728 407 720 362 315 1042 862 613 853 845 742 393 526 883 888 841 1042 0 885 966 772 371 583
391 594 168 258 340 640 632 569 446 751 322 564 639 382 361 538 892 832 663 872 877 948 472 230 463 146 653 302 559 190 774 148 97 539 437 472 284 247 365 278 794 806 415 439 809 671 249 566 668 480 940 563 647 869 286 499 362 591 403 542 815 341 413 471 553 843 862 437 570 519 217 231 132 536 374 622 808 338 702 169 650 578 522 649 749 449 375 429 682 365 690 187 305 326 885 0 189 283 603 672
575 596 328 445 526 617 705 582 257 872 343 717 644 292 491 463 970 883 655 844 821 874 411 57 586 335 683 477 723 358 884 114 203 677 351 291 473 430 471 449 888 840 497 265 739 667 435 472 752 424 1025 637 647 899 470 461 503 460 592 620 884 525 227 577 673 882 875 440 579 630 402 97 311 506 561 749 854 287 706 312 788 683 347 529 697 325 564 350 692 444 567 373 494 137 966 189 0 470 636 629
112 642 174 25 152 715 563 605 725 580 421 346 675 578 256 691 785 775 716 928 971 1065 622 504 334 147 649 81 318 143 619 422 289 359 619 738 60 147 311 98 669 778 385 700 927 716 35 738 575 622 818 507 691 842 145 617 228 799 126 481 729 64 687 374 410 803 859 518 614 402 68 489 162 636 91 453 761 509 732 207 457 461 780 842 850 665 121 604 705 361 883 144 75 606 772 283 470 0 605 769
611 100 491 600 757 183 152 74 750 414 295 472 93 416 354 339 367 251 145 333 409 520 317 609 316 625 49 530 529 502 386 704 507 388 388 685 663 719 295 507 333 206 221 640 406 135 588 398 210 300 431 138 115 267 737 248 388 522 684 157 275 594 695 260 313 247 262 200 89 271 580 554 549 211 638 367 220 369 132 465 431 256 672 504 316 482 714 373 103 253 531 673 680 690 371 603 636 605 0 255
803 160 618 757 912 72 406 198 650 667 361 713 166 343 547 181 573 426 120 219 206 296 219 584 542 743 258 705 765 639 636 726 578 629 288 564 819 853 478 676 572 345 412 527 162 137 744 215 462 205 638 388 145 374 879 173 583 332 870 402 486 775 599 486 559 389 315 252 183 512 726 532 667 137 822 619 390 346 176 584 683 507 529 288 81 360 887 283 191 415 303 797 840 631 583 672 629 769 255 0
