# TTSP Euclidean complete-graph matrix instance
# seed: 2003
# depot: 1
# L_max is not stored in this file; pass it with --budget when running algorithms.
# coordinate rows: node x y
# coord 1 112.763723 964.931798
# coord 2 693.309756 283.805969
# coord 3 667.882922 790.271630
# coord 4 803.438096 849.369063
# coord 5 707.105471 99.215572
# coord 6 166.724126 292.237551
# coord 7 776.611852 385.854316
# coord 8 160.449613 401.828535
# coord 9 578.997757 349.411697
# coord 10 28.210792 653.802741
# coord 11 572.444814 277.412533
# coord 12 423.878845 70.738699
# coord 13 825.435082 429.563656
# coord 14 545.580414 637.428977
# coord 15 83.498633 320.385793
# coord 16 486.251243 102.793723
# coord 17 154.251045 120.997614
# coord 18 300.731951 498.698052
# coord 19 14.851656 550.297046
# coord 20 634.703219 654.448995
# coord 21 450.542723 752.063886
# coord 22 38.897193 775.312592
# coord 23 498.301453 408.240072
# coord 24 632.825372 890.663251
# coord 25 801.786106 909.945101
# coord 26 120.862557 475.996685
# coord 27 872.835060 354.899538
# coord 28 406.472257 89.132364
# coord 29 629.679218 24.666509
# coord 30 802.388943 88.042692
# coord 31 658.331077 281.613141
# coord 32 147.867816 222.453698
# coord 33 581.160656 366.572191
# coord 34 821.282571 15.847995
# coord 35 748.153112 646.584415
# coord 36 982.976125 645.061137
# coord 37 650.458229 150.863120
# coord 38 977.559761 27.297047
# coord 39 732.080640 759.450657
# coord 40 515.124763 425.025786
# coord 41 353.770519 961.137178
# coord 42 539.102388 199.613605
# coord 43 51.248465 110.928203
# coord 44 685.997135 777.741813
# coord 45 889.266538 555.123288
# coord 46 563.839460 926.527367
# coord 47 835.672187 443.002848
# coord 48 246.644357 903.624418
# coord 49 395.194820 938.805912
# coord 50 304.886002 22.062695
# coord 51 840.756497 268.508306
# coord 52 908.671115 834.087252
# coord 53 887.654958 1.163820
# coord 54 511.419469 469.099921
# coord 55 775.743471 37.098710
# coord 56 126.305977 514.512947
# coord 57 879.242200 289.592471
# coord 58 652.738483 184.999790
# coord 59 849.255290 711.701433
# coord 60 295.884541 305.476976
# coord 61 646.013336 871.379521
# coord 62 446.487092 597.101563
# coord 63 942.470751 320.538052
# coord 64 517.790274 162.802253
# coord 65 237.417794 335.159682
# coord 66 350.681974 381.465926
# coord 67 19.771835 882.393565
# coord 68 36.299072 367.744812
# coord 69 321.052488 740.190097
# coord 70 934.973987 696.763528
# coord 71 653.547501 452.460186
# coord 72 727.036847 424.082317
# coord 73 927.234388 224.592746
# coord 74 254.475159 34.762522
# coord 75 746.417984 225.044573
# coord 76 878.708975 548.503626
# coord 77 572.836943 296.920387
# coord 78 508.617846 355.119979
# coord 79 157.798155 560.357170
# coord 80 690.555391 476.302042
# coord 81 910.691074 584.477436
# coord 82 7.585549 204.858221
# coord 83 267.932623 712.595418
# coord 84 624.705200 254.428288
# coord 85 304.354011 776.906742
# coord 86 781.479851 631.721410
# coord 87 437.017004 675.989570
# coord 88 885.911865 671.314966
# coord 89 735.000549 575.432289
# coord 90 414.859984 987.085486
# coord 91 547.446267 760.058981
# coord 92 379.918080 607.847961
# coord 93 610.601552 420.523134
# coord 94 790.742659 460.035326
# coord 95 951.304679 517.085884
# coord 96 388.843619 805.059681
# coord 97 286.283474 514.793262
# coord 98 271.707554 156.967081
# coord 99 46.868284 175.587854
# coord 100 670.583220 487.382747
# reference_nearest_neighbor_tour_cost: 9987
TTSP_MATRIX
100
0 66 63 5 26 71 2 83 84 79 56 87 1 64 5 31 66 96 56 24 61 47 29 58 30 63 92 29 75 84 84 5 65 18 100 47 77 30 67 66 20 27 12 93 21 94 5 37 14 47 31 65 18 3 15 67 51 83 35 71 19 66 83 39 85 39 89 31 49 44 20 23 99 14 82 1 66 22 28 24 68 34 67 28 30 9 98 98 38 29 84 75 65 64 84 69 1 81 10 5
0 895 582 700 1050 675 881 565 772 322 827 947 891 543 645 940 845 503 426 607 399 203 677 525 691 489 975 924 1073 1116 874 743 760 1184 711 927 976 1276 653 673 241 876 856 603 878 453 892 147 284 962 1007 807 1237 636 1140 451 1022 949 779 684 541 497 1051 899 642 630 124 602 306 865 745 818 1101 941 974 872 811 727 407 757 884 767 296 876 268 747 434 827 734 303 481 446 738 845 951 319 482 823 792 734
895 0 507 576 185 527 132 546 132 761 121 343 197 383 611 275 563 448 729 375 527 818 231 610 635 604 193 347 267 224 35 549 139 297 367 463 140 383 477 227 758 176 665 494 335 656 214 764 720 468 148 591 343 260 260 612 186 107 455 398 589 399 252 213 459 356 901 662 589 478 173 144 241 505 79 323 121 198 603 193 371 690 604 75 628 359 469 433 295 756 498 451 160 201 348 604 468 440 655 205
582 507 0 148 692 707 419 639 450 654 522 760 394 196 750 711 844 469 696 140 221 629 418 106 180 631 481 748 767 715 509 770 432 789 165 347 640 823 71 396 358 605 917 22 323 171 386 436 311 850 550 245 819 357 761 608 543 605 198 611 84 294 544 645 626 517 655 760 350 283 338 371 622 861 571 321 502 463 560 315 318 882 407 538 364 195 258 248 225 321 124 341 374 352 394 279 471 747 874 303
700 576 148 0 756 846 464 783 548 800 617 866 420 334 893 811 976 613 843 258 366 768 536 176 61 778 499 858 843 761 586 907 532 834 210 272 715 840 115 513 463 701 1054 138 307 252 408 559 418 966 582 106 852 479 813 755 565 681 145 744 159 437 547 744 765 651 784 906 495 201 424 432 637 982 627 310 599 576 707 390 286 1024 553 621 504 219 405 196 282 412 271 488 470 390 364 417 616 873 1013 386
1050 185 692 756 0 574 295 625 281 877 223 285 351 562 662 221 553 570 826 560 701 951 373 795 816 697 305 301 107 96 189 573 296 141 549 612 77 280 661 378 932 196 656 679 491 840 367 927 896 410 216 762 205 418 93 714 257 102 629 460 775 562 323 200 526 455 1042 723 748 640 357 325 253 457 132 481 239 324 717 377 526 707 754 176 788 538 637 599 477 935 680 605 335 370 484 774 591 439 665 390
675 527 707 846 574 0 617 110 416 387 406 339 673 513 88 371 172 246 299 592 540 500 351 759 886 189 709 314 535 668 492 72 421 711 681 889 504 853 733 373 695 384 215 711 769 748 686 617 686 303 674 919 777 387 660 226 713 498 801 130 752 414 776 374 83 204 608 151 474 868 513 576 764 272 584 757 406 348 268 555 799 182 432 460 504 702 469 813 635 738 603 381 462 646 816 559 253 171 167 540
881 132 419 464 295 617 0 616 201 795 231 473 66 342 696 406 676 489 779 304 490 834 279 525 525 662 101 474 390 299 158 650 196 373 262 331 267 411 376 264 714 302 776 402 203 581 82 741 672 596 134 467 400 278 349 663 141 236 334 487 503 392 178 342 542 426 905 741 577 349 140 63 221 629 164 192 222 270 643 125 240 790 605 201 613 246 447 306 194 702 439 455 170 76 218 571 507 554 759 147
565 546 639 783 625 110 616 0 422 285 430 423 666 451 112 442 281 170 208 537 455 393 338 680 818 84 714 398 602 715 512 180 422 765 637 858 551 899 674 355 592 429 311 646 745 662 676 509 586 406 693 864 830 357 715 118 728 538 755 166 675 346 786 430 102 191 501 129 375 829 496 567 787 379 612 733 426 351 159 535 772 249 329 487 402 662 389 774 600 638 527 301 451 633 799 463 169 269 253 517
772 132 450 548 281 416 201 422 0 629 72 319 259 290 496 263 482 316 599 310 423 688 100 544 603 475 294 312 329 344 104 449 17 412 342 501 211 512 438 99 652 155 579 441 372 577 273 646 617 427 274 586 465 137 369 482 306 180 452 287 526 281 365 196 342 231 773 543 468 497 127 166 370 452 209 360 53 71 471 169 407 589 478 105 508 347 356 445 275 658 412 326 78 239 408 494 336 363 560 166
322 761 654 800 877 387 795 285 629 0 662 705 828 518 338 717 548 314 104 606 434 122 530 649 815 200 896 680 870 959 732 448 623 1018 720 955 800 1137 712 538 448 684 543 669 867 601 835 332 465 690 899 899 1079 517 969 170 926 781 823 439 655 422 973 693 381 422 229 286 305 908 657 736 996 659 836 857 651 566 160 686 885 449 247 718 302 754 409 858 711 510 530 355 627 787 933 391 293 553 479 664
827 121 522 617 223 406 231 430 72 662 0 255 295 361 491 195 446 350 621 382 490 730 150 616 673 493 310 251 259 298 86 428 90 361 409 551 149 476 508 158 718 85 547 513 421 649 311 706 685 370 268 650 419 201 315 505 307 122 515 278 599 344 373 127 340 245 819 544 527 554 193 213 359 400 182 409 20 101 502 231 457 569 531 57 567 411 421 503 339 727 483 382 148 285 448 559 372 324 535 232
947 343 760 866 285 339 473 423 319 705 255 0 539 580 422 70 274 445 630 621 682 803 346 846 920 506 531 25 211 379 315 315 335 401 661 802 240 555 755 366 893 173 375 754 672 867 555 852 869 129 461 904 469 408 353 534 505 256 769 267 831 527 576 132 324 319 907 488 677 808 445 466 526 173 358 660 271 297 557 485 708 437 661 272 716 665 605 758 593 916 700 539 397 535 691 735 465 175 391 484
891 197 394 420 351 673 66 666 259 828 295 539 0 349 750 471 739 529 820 295 495 859 328 500 481 706 88 540 450 342 223 709 252 414 230 267 329 430 343 310 711 367 837 375 141 562 17 748 667 661 162 413 433 316 396 704 150 299 283 544 477 414 160 407 596 477 924 792 592 289 173 99 229 694 219 130 285 325 680 143 177 848 625 266 626 207 460 249 172 692 432 480 215 46 153 576 546 617 819 165
543 383 196 334 562 513 342 451 290 518 361 580 349 0 560 538 648 281 538 91 149 525 234 268 374 454 432 566 619 606 373 575 273 680 203 437 498 748 223 215 376 438 722 199 353 290 349 400 337 661 472 413 722 172 643 437 482 465 313 415 255 107 508 475 432 322 580 576 247 394 214 280 562 669 459 345 342 285 395 217 369 690 288 391 279 236 115 342 199 373 123 168 226 303 423 229 287 553 680 195
645 611 750 893 662 88 696 112 496 338 491 422 750 560 0 458 212 281 240 645 567 457 424 792 929 160 790 397 621 756 576 117 500 798 740 956 592 941 783 444 695 471 212 756 839 773 762 606 693 371 759 972 865 453 748 199 796 585 860 213 787 456 859 462 155 274 566 67 482 931 585 652 849 333 670 827 490 427 251 627 868 138 433 545 507 764 501 876 700 745 639 413 537 721 890 573 281 249 149 610
940 275 711 811 221 371 406 442 263 717 195 70 471 538 458 0 332 437 650 571 650 808 306 801 867 522 462 81 163 316 248 359 280 346 604 735 171 497 701 324 869 110 435 704 606 827 488 836 841 199 391 845 414 367 297 547 435 186 709 278 785 496 506 68 340 310 909 522 658 744 388 402 457 242 287 594 213 253 563 426 642 489 648 205 698 606 575 695 534 887 660 516 341 469 623 709 458 221 445 426
845 563 844 976 553 172 676 281 482 548 446 274 739 648 212 332 0 405 451 718 697 664 448 906 1021 357 756 254 485 649 529 102 493 675 793 981 497 829 861 472 864 393 103 845 854 904 754 788 853 180 702 1038 743 499 627 395 744 503 912 233 897 559 813 366 230 326 773 273 641 970 599 648 780 132 601 841 454 425 439 643 887 169 602 489 673 809 623 916 737 904 750 537 546 721 890 723 415 123 120 633
503 448 469 613 570 246 489 170 316 314 350 445 529 281 281 437 405 0 290 369 294 381 217 514 648 181 590 423 577 648 418 316 310 710 471 698 493 825 504 227 465 382 461 476 591 502 538 409 450 477 587 694 769 213 662 175 615 472 588 193 508 176 666 400 175 127 476 295 242 664 356 433 684 466 523 580 339 253 156 390 616 415 216 406 278 499 224 610 441 502 359 135 320 492 651 319 22 343 411 370
426 729 696 843 826 299 779 208 599 104 621 630 820 538 240 650 451 290 0 629 480 226 504 706 865 129 880 605 809 913 697 354 595 967 740 973 751 1096 747 516 533 631 441 709 874 666 828 423 544 603 873 938 1031 503 918 117 903 735 850 373 708 434 956 635 310 376 332 184 360 932 646 723 969 569 801 864 613 531 143 680 896 346 301 678 368 771 440 879 721 592 572 370 610 781 937 453 274 470 376 659
607 375 140 258 560 592 304 537 310 606 382 621 295 91 645 571 718 369 629 0 208 608 281 236 305 544 383 610 630 591 374 651 293 665 114 348 504 715 143 259 416 465 797 134 273 281 292 461 372 713 438 328 701 223 633 527 439 470 222 486 217 197 454 505 510 394 656 664 325 303 203 248 520 727 444 266 363 325 486 187 285 772 371 400 352 149 199 252 128 399 137 259 235 249 345 288 375 616 758 171
399 527 221 366 701 540 490 455 423 434 490 682 495 149 567 650 697 294 480 208 0 412 347 229 385 430 580 664 749 751 514 610 407 824 316 543 634 896 282 333 230 560 755 237 481 208 494 254 195 744 621 465 869 289 785 402 631 602 401 473 229 155 654 593 468 384 450 565 130 488 362 429 711 744 604 474 471 401 350 366 490 704 187 527 148 352 77 443 335 238 97 161 368 448 553 81 289 621 704 344
203 818 629 768 951 500 834 393 688 122 730 803 859 525 457 808 664 381 226 608 412 0 588 605 775 310 934 778 955 1027 792 563 679 1090 721 953 874 1200 693 591 366 763 664 647 878 546 863 244 392 799 949 872 1149 563 1043 275 971 852 813 536 615 445 1012 778 483 502 109 408 284 900 694 773 1045 771 896 870 717 630 246 717 892 571 237 784 265 756 410 853 724 432 509 380 673 815 948 351 359 661 600 694
677 231 418 536 373 351 279 338 100 530 150 346 328 234 424 306 448 217 504 281 347 588 0 501 586 383 378 332 405 442 204 397 93 508 345 539 299 612 422 24 571 213 537 414 418 522 339 556 540 432 370 591 563 62 463 387 399 271 464 227 486 196 453 246 271 150 674 464 376 523 161 229 467 446 308 405 134 54 373 204 448 531 382 199 417 361 275 468 290 585 355 232 113 297 466 412 237 338 508 190
525 610 106 176 795 759 525 680 544 649 616 846 500 268 792 801 906 514 706 236 229 605 501 0 170 659 587 833 866 820 610 826 527 895 270 428 740 930 165 480 288 697 973 125 422 78 491 386 242 928 656 282 925 439 865 631 650 706 281 675 23 348 649 737 682 582 613 793 346 359 439 476 728 936 675 421 597 550 579 418 413 928 406 636 348 299 291 335 331 238 156 379 471 459 491 259 511 818 924 405
691 635 180 61 816 886 525 818 603 815 673 920 481 374 929 867 1021 648 865 305 385 775 586 170 0 807 560 911 902 822 645 949 586 894 269 321 774 900 166 563 451 757 1096 176 365 239 468 555 408 1017 643 131 913 528 873 783 625 740 204 788 160 473 606 799 806 695 782 938 510 251 481 492 697 1032 687 370 654 628 733 448 343 1062 569 679 515 279 433 253 341 395 295 519 525 450 420 426 650 921 1053 442
489 604 631 778 697 189 662 84 475 200 493 506 706 454 160 522 357 181 129 544 430 310 383 659 807 0 762 481 680 784 572 255 473 838 650 879 621 967 674 398 538 501 372 641 772 632 716 446 538 490 749 865 902 391 788 39 781 606 766 244 657 347 836 506 183 249 419 137 331 844 533 608 845 461 674 761 486 406 92 570 797 294 279 550 352 679 374 790 622 590 513 291 493 670 831 424 170 353 309 550
975 193 481 499 305 709 101 714 294 896 310 531 88 432 790 462 756 590 880 383 580 934 378 587 560 762 0 537 410 276 227 737 292 343 317 310 302 344 428 365 798 368 857 462 201 650 96 833 754 658 92 481 354 379 332 763 66 278 358 579 564 490 78 404 636 523 1003 837 673 347 240 161 141 696 181 194 306 364 744 219 233 878 703 268 708 292 541 317 260 781 520 554 270 133 180 661 608 633 845 242
924 347 748 858 301 314 474 398 312 680 251 25 540 566 397 81 254 423 605 610 664 778 332 833 911 481 537 0 232 396 317 291 328 421 654 801 252 574 745 353 874 173 356 743 671 852 556 830 850 122 470 898 489 394 373 509 514 264 764 243 818 510 584 133 299 298 882 463 657 805 439 464 538 161 366 659 266 285 533 480 707 415 639 274 695 660 588 754 587 898 686 519 389 534 693 716 442 151 370 478
1073 267 767 843 107 535 390 602 329 870 259 211 450 619 621 163 485 577 809 630 749 955 405 866 902 680 410 232 0 184 259 521 345 192 633 714 128 348 742 416 976 197 585 755 591 904 466 959 944 325 323 856 259 460 147 702 364 162 721 436 847 601 431 178 500 453 1052 685 779 738 428 411 358 375 232 580 278 352 714 456 626 648 777 230 820 626 679 696 561 986 740 634 396 464 588 817 598 382 602 465
1116 224 715 761 96 668 299 715 344 959 298 379 342 606 756 316 649 648 913 591 751 1027 442 820 822 784 276 396 184 0 241 668 356 75 561 586 164 185 675 443 982 286 751 699 475 872 357 987 943 502 184 754 122 479 57 799 216 178 625 551 799 621 271 294 617 539 1115 816 811 623 394 344 185 550 148 467 310 397 799 404 508 803 822 243 850 544 692 589 492 979 719 670 384 372 454 828 670 535 761 421
874 35 509 586 189 492 158 512 104 732 86 315 223 373 576 248 529 418 697 374 514 792 204 610 645 572 227 317 259 241 0 514 115 312 376 487 131 408 483 203 745 145 631 497 358 652 240 746 708 439 183 607 362 238 271 581 221 97 471 363 590 380 287 184 424 323 877 628 569 499 171 158 275 473 105 346 87 167 573 197 394 655 582 43 609 371 452 451 304 746 491 429 147 222 376 589 439 406 621 206
743 549 770 907 573 72 650 180 449 448 428 315 709 575 117 359 102 316 354 651 610 563 397 826 949 255 737 291 521 668 514 0 457 704 735 936 508 852 794 419 767 392 148 773 813 818 722 688 758 255 694 976 772 439 655 293 734 506 855 170 818 479 801 375 144 258 672 183 546 919 556 613 779 216 599 800 431 384 338 599 844 141 505 478 576 754 538 864 685 810 670 450 503 685 856 630 323 140 111 586
760 139 432 532 296 421 196 422 17 623 90 335 252 273 500 280 493 310 595 293 407 679 93 527 586 473 292 328 345 356 115 457 0 425 326 489 227 522 421 88 637 172 588 424 361 560 266 633 602 442 278 571 477 124 383 478 308 195 437 292 509 267 364 213 345 231 762 545 455 484 112 157 374 466 218 349 70 73 466 155 395 596 467 120 495 332 341 431 259 642 395 314 61 229 400 479 330 374 567 150
1184 297 789 834 141 711 373 765 412 1018 361 401 414 680 798 346 675 710 967 665 824 1090 508 895 894 838 343 421 192 75 312 704 425 0 635 650 218 157 749 511 1055 337 776 774 544 946 427 1058 1017 516 253 823 68 549 50 855 280 239 696 600 873 692 328 337 665 596 1180 860 880 690 468 419 234 567 222 536 375 461 858 479 576 835 890 309 920 617 764 659 566 1053 793 738 456 445 518 900 732 567 791 495
711 367 165 210 549 681 262 637 342 720 409 661 230 203 740 604 793 471 740 114 316 721 345 270 269 650 317 654 633 561 376 735 326 635 0 235 505 660 114 322 504 493 879 145 168 335 222 564 458 766 389 247 660 296 610 636 380 471 120 566 247 306 380 536 598 478 766 765 437 193 216 224 458 786 422 163 391 377 597 180 174 862 485 411 463 36 313 140 72 476 231 370 265 191 241 393 480 683 845 177
927 463 347 272 612 889 331 858 501 955 551 802 267 437 956 735 981 698 973 348 543 953 539 428 321 879 310 801 714 586 487 936 489 650 235 0 596 618 276 517 704 629 1074 325 130 505 250 780 657 921 403 203 651 503 642 867 370 566 149 766 406 539 327 670 807 685 992 986 669 71 382 338 424 950 482 142 538 556 830 338 94 1070 718 530 691 202 547 101 258 663 450 604 435 267 132 615 709 863 1047 350
976 140 640 715 77 504 267 551 211 800 149 240 329 498 592 171 497 493 751 504 634 874 299 740 774 621 302 252 128 164 131 508 227 218 505 596 0 350 614 306 863 122 601 628 470 780 346 854 828 369 224 730 280 347 169 638 268 34 595 387 721 491 338 133 452 378 966 651 675 616 302 284 286 413 121 458 165 249 641 328 506 645 680 107 715 498 567 571 433 869 618 531 273 340 474 705 515 379 604 337
1276 383 823 840 280 853 411 899 512 1137 476 555 430 748 941 497 829 825 1096 715 896 1200 612 930 900 967 344 574 348 185 408 852 522 157 660 618 350 0 772 610 1123 471 930 805 535 990 439 1141 1082 673 277 810 94 642 202 981 280 361 696 736 907 779 295 479 802 720 1284 1001 969 671 535 469 204 723 304 530 486 572 978 533 561 986 987 420 1008 635 844 651 599 1113 850 833 538 471 490 975 846 718 942 553
653 477 71 115 661 733 376 674 438 712 508 755 343 223 783 701 861 504 747 143 282 693 422 165 166 674 428 745 742 675 483 794 421 749 114 276 614 772 0 399 429 592 940 50 258 237 333 506 382 852 503 192 774 365 724 653 492 580 127 630 141 329 487 634 652 537 723 798 411 212 317 335 569 868 535 257 489 462 608 286 250 912 467 516 428 137 307 177 184 390 185 383 360 305 327 346 509 758 900 279
673 227 396 513 378 373 264 355 99 538 158 366 310 215 444 324 472 227 516 259 333 591 24 480 563 398 365 353 416 443 203 419 88 511 322 517 306 610 399 0 560 227 560 392 396 504 321 549 528 455 361 568 564 44 467 399 388 277 440 250 465 185 440 262 292 170 674 482 370 500 141 212 458 469 306 384 141 70 382 183 426 553 379 203 410 337 263 445 266 571 337 227 96 278 446 400 246 362 531 167
241 758 358 463 932 695 714 592 652 448 718 893 711 376 695 869 864 465 533 416 230 366 571 288 451 538 798 874 976 982 745 767 637 1055 504 704 863 1123 429 560 0 784 902 379 672 213 708 122 47 940 847 569 1098 517 1016 501 853 832 555 658 306 376 870 815 637 580 343 673 223 639 590 654 933 932 834 668 699 625 446 590 672 832 263 757 191 540 297 606 542 66 279 354 599 665 744 160 451 808 843 570
876 176 605 701 196 384 302 429 155 684 85 173 367 438 471 110 393 382 631 465 560 763 213 697 757 501 368 173 197 286 145 392 172 337 493 629 122 471 592 227 784 0 496 596 499 727 384 762 753 294 309 734 401 271 287 519 352 115 599 265 680 408 421 43 331 262 858 530 583 636 278 293 389 329 209 487 103 158 525 315 535 532 580 102 623 495 487 585 424 797 561 438 232 362 520 624 404 271 493 316
856 665 917 1054 656 215 776 311 579 543 547 375 837 722 212 435 103 461 441 797 755 664 537 973 1096 372 857 356 585 751 631 148 588 776 879 1074 601 930 940 560 902 496 0 921 948 963 852 816 896 269 805 1122 844 583 728 411 847 606 999 313 965 627 916 469 291 404 772 257 685 1060 692 745 883 217 704 936 554 518 462 736 981 104 639 591 712 897 684 1005 827 949 817 596 639 818 987 772 467 225 65 725
603 494 22 138 679 711 402 646 441 669 513 754 375 199 756 704 845 476 709 134 237 647 414 125 176 641 462 743 755 699 497 773 424 774 145 325 628 805 50 392 379 596 921 0 301 193 367 457 332 846 532 230 802 355 746 619 525 594 176 613 102 300 524 638 630 519 674 768 367 262 327 356 603 859 556 299 494 458 571 301 296 888 423 527 382 174 269 226 208 343 140 350 365 335 372 298 478 746 878 291
878 335 323 307 491 769 203 745 372 867 421 672 141 353 839 606 854 591 874 273 481 878 418 422 365 772 201 671 591 475 358 813 361 544 168 130 470 535 258 396 672 499 948 301 0 494 124 731 626 791 291 280 554 388 530 764 266 439 162 644 399 445 241 540 688 566 929 873 598 149 257 209 333 821 360 12 408 430 731 214 36 949 641 401 626 132 468 116 156 642 399 512 309 137 73 559 604 735 924 229
453 656 171 252 840 748 581 662 577 601 649 867 562 290 773 827 904 502 666 281 208 546 522 78 239 632 650 852 904 872 652 818 560 946 335 505 780 990 237 504 213 727 963 193 494 0 555 318 169 941 714 357 980 460 914 601 711 747 357 676 99 350 715 765 675 585 546 768 306 437 482 528 790 944 725 492 630 574 547 468 487 911 365 675 300 366 281 411 391 161 167 368 508 519 564 213 497 823 912 452
892 214 386 408 367 686 82 676 273 835 311 555 17 349 762 488 754 538 828 292 494 863 339 491 468 716 96 556 466 357 240 722 266 427 222 250 346 439 333 321 708 384 852 367 124 555 0 748 663 677 175 398 445 325 410 713 159 316 269 557 468 419 162 424 608 489 927 803 594 272 182 110 237 710 236 114 301 339 688 149 160 862 628 283 628 196 462 234 166 688 428 485 226 48 137 575 554 632 833 171
147 764 436 559 927 617 741 509 646 332 706 852 748 400 606 836 788 409 423 461 254 244 556 386 555 446 833 830 959 987 746 688 633 1058 564 780 854 1141 506 549 122 762 816 457 731 318 748 0 153 883 870 666 1107 509 1015 407 882 825 632 600 401 366 908 789 569 532 228 576 180 719 608 679 961 869 843 725 689 608 355 616 737 739 192 751 139 600 297 680 588 188 333 324 605 702 804 173 391 747 755 594
284 720 311 418 896 686 672 586 617 465 685 869 667 337 693 841 853 450 544 372 195 392 540 242 408 538 754 850 944 943 708 758 602 1017 458 657 828 1082 382 528 47 753 896 332 626 169 663 153 0 921 805 524 1059 484 979 502 810 797 508 641 260 346 826 786 624 559 380 674 212 592 551 612 891 915 795 621 666 595 447 549 626 830 260 722 186 493 266 559 498 52 235 331 561 621 698 134 438 792 839 529
962 468 850 966 410 303 596 406 427 690 370 129 661 661 371 199 180 477 603 713 744 799 432 928 1017 490 658 122 325 502 439 255 442 516 766 921 369 673 852 455 940 294 269 846 791 941 677 883 921 0 590 1012 583 492 471 524 634 384 879 284 915 592 704 255 320 362 906 438 718 923 554 583 654 52 486 779 384 390 558 596 827 349 692 395 755 774 667 871 701 971 777 591 502 654 814 787 493 139 300 592
1007 148 550 582 216 674 134 693 274 899 268 461 162 472 759 391 702 587 873 438 621 949 370 656 643 749 92 470 323 184 183 694 278 253 389 403 224 277 503 361 847 309 805 532 291 714 175 870 805 590 0 570 271 386 240 756 44 206 443 546 634 513 114 340 607 503 1025 811 702 438 262 193 97 631 104 283 269 343 743 256 324 836 725 217 739 368 574 405 325 835 572 572 276 198 272 702 607 580 799 277
807 591 245 106 762 919 467 864 586 899 650 904 413 413 972 845 1038 694 938 328 465 872 591 282 131 865 481 898 856 754 607 976 571 823 247 203 730 810 192 568 569 734 1122 230 280 357 398 666 524 1012 570 0 833 539 808 845 545 698 136 809 265 519 515 777 836 718 890 989 595 140 459 448 610 1033 630 287 634 624 799 419 250 1099 652 645 607 239 497 164 312 517 369 575 510 392 320 521 700 930 1085 421
1237 343 819 852 205 777 400 830 465 1079 419 469 433 722 865 414 743 769 1031 701 869 1149 563 925 913 902 354 489 259 122 362 772 477 68 660 651 280 94 774 564 1098 401 844 802 554 980 445 1107 1059 583 271 833 0 600 118 918 289 298 712 665 903 741 324 404 731 658 1237 927 931 697 508 452 227 634 265 547 432 519 919 514 584 903 943 365 971 639 811 670 594 1093 832 791 503 469 520 946 791 635 859 532
636 260 357 479 418 387 278 357 137 517 201 408 316 172 453 367 499 213 503 223 289 563 62 439 528 391 379 394 460 479 238 439 124 549 296 503 347 642 365 44 517 271 583 355 388 460 325 509 484 492 386 539 600 0 506 388 409 317 416 271 424 144 456 306 305 183 642 486 331 481 143 220 482 505 339 376 183 114 365 179 416 569 344 243 371 315 220 426 248 527 293 191 110 279 442 358 230 394 550 160
1140 260 761 813 93 660 349 715 369 969 315 353 396 643 748 297 627 662 918 633 785 1043 463 865 873 788 332 373 147 57 271 655 383 50 610 642 169 202 724 467 1016 287 728 746 530 914 410 1015 979 471 240 808 118 506 0 806 273 192 679 550 844 650 329 287 615 547 1134 810 837 679 433 390 241 521 190 522 330 415 810 447 564 786 845 265 877 595 723 644 540 1016 758 695 417 423 511 860 684 518 742 462
451 612 608 755 714 226 663 118 482 170 505 534 704 437 199 547 395 175 117 527 402 275 387 631 783 39 763 509 702 799 581 293 478 855 636 867 638 981 653 399 501 519 411 619 764 601 713 407 502 524 756 845 918 388 806 0 786 621 749 269 630 331 839 526 211 261 383 172 298 829 531 607 852 497 684 753 497 414 56 566 787 332 244 562 317 666 350 776 612 554 487 270 493 667 825 392 160 386 348 545
1022 186 543 565 257 713 141 728 306 926 307 505 150 482 796 435 744 615 903 439 631 971 399 650 625 781 66 514 364 216 221 734 308 280 380 370 268 280 492 388 853 352 847 525 266 711 159 882 810 634 44 545 289 409 273 786 0 249 423 584 627 531 70 383 643 536 1044 847 717 411 278 203 81 675 148 259 306 376 771 265 297 876 743 257 754 356 587 382 320 838 576 592 299 192 239 711 634 622 840 288
949 107 605 681 102 498 236 538 180 781 122 256 299 465 585 186 503 472 735 470 602 852 271 706 740 606 278 264 162 178 97 506 195 239 471 566 34 361 580 277 832 115 606 594 439 747 316 825 797 384 206 698 298 317 192 621 249 0 562 377 686 461 320 137 442 360 942 643 647 584 267 250 277 426 102 428 138 223 621 294 476 645 653 75 687 465 536 539 399 837 585 503 239 308 447 674 493 382 606 303
779 455 198 145 629 801 334 755 452 823 515 769 283 313 860 709 912 588 850 222 401 813 464 281 204 766 358 764 721 625 471 855 437 696 120 149 595 696 127 440 555 599 999 176 162 357 269 632 508 879 443 136 712 416 679 749 423 562 0 686 258 419 402 641 718 598 847 883 529 87 325 313 493 901 497 166 498 493 708 284 141 982 581 509 549 105 414 55 178 514 306 481 376 258 220 470 596 801 965 287
684 398 611 744 460 130 487 166 287 439 278 267 544 415 213 278 233 193 373 486 473 536 227 675 788 244 579 243 436 551 363 170 292 600 566 766 387 736 630 250 658 265 313 613 644 676 557 600 641 284 546 809 665 271 550 269 584 377 686 0 665 328 647 264 66 94 640 267 435 749 387 447 637 274 458 631 277 218 290 430 675 305 408 333 472 585 396 694 515 692 520 314 335 518 689 508 210 150 281 417
541 589 84 159 775 752 503 675 526 655 599 831 477 255 787 785 897 508 708 217 229 615 486 23 160 657 564 818 847 799 590 818 509 873 247 406 721 907 141 465 306 680 965 102 399 99 468 401 260 915 634 265 903 424 844 630 627 686 258 665 0 339 626 720 674 572 626 791 350 338 419 455 705 924 654 398 579 534 579 398 390 923 410 617 354 275 286 312 309 258 149 375 452 436 468 266 507 807 918 385
497 399 294 437 562 414 392 346 281 422 344 527 414 107 456 496 559 176 434 197 155 445 196 348 473 347 490 510 601 621 380 479 267 692 306 539 491 779 329 185 376 408 627 300 445 350 419 366 346 592 513 519 741 144 650 331 531 461 419 328 339 0 568 440 335 236 513 470 190 499 253 330 608 594 478 435 326 250 291 272 464 589 213 386 229 337 79 446 289 391 192 67 241 371 511 216 180 474 581 250
1051 252 544 547 323 776 178 786 365 973 373 576 160 508 859 506 813 666 956 454 654 1012 453 649 606 836 78 584 431 271 287 801 364 328 380 327 338 295 487 440 870 421 916 524 241 715 162 908 826 704 114 515 324 456 329 839 70 320 402 647 626 568 0 453 705 595 1080 907 750 376 318 239 97 745 218 237 370 435 821 296 266 942 780 325 785 350 618 355 329 850 591 632 347 206 197 736 684 690 907 319
899 213 645 744 200 374 342 430 196 693 127 132 407 475 462 68 366 400 635 505 593 778 246 737 799 506 404 133 178 294 184 375 213 337 536 670 133 479 634 262 815 43 469 638 540 765 424 789 786 255 340 777 404 306 287 526 383 137 641 264 720 440 453 0 329 275 875 523 610 678 320 335 414 293 237 528 145 193 536 358 576 512 604 141 650 538 520 628 466 831 598 466 274 404 560 655 421 246 471 359
642 459 626 765 526 83 542 102 342 381 340 324 596 432 155 340 230 175 310 510 468 483 271 682 806 183 636 299 500 617 424 144 345 665 598 807 452 802 652 292 637 331 291 630 688 675 608 569 624 320 607 836 731 305 615 211 643 442 718 66 674 335 705 329 0 122 589 204 414 786 432 498 699 301 521 676 338 272 239 475 718 264 379 396 447 620 395 730 553 676 526 308 383 567 737 494 186 181 249 459
630 356 517 651 455 204 426 191 231 422 245 319 477 322 274 310 326 127 376 394 384 502 150 582 695 249 523 298 453 539 323 258 231 596 478 685 378 720 537 170 580 262 404 519 566 585 489 532 559 362 503 718 658 183 547 261 536 360 598 94 572 236 595 275 122 0 600 315 360 664 311 379 598 360 426 554 238 160 263 353 596 386 341 302 398 498 307 609 430 609 427 228 263 447 616 425 148 238 367 337
124 901 655 784 1042 608 905 501 773 229 819 907 924 580 566 909 773 476 332 656 450 109 674 613 782 419 1003 882 1052 1115 877 672 762 1180 766 992 966 1284 723 674 343 858 772 674 929 546 927 228 380 906 1025 890 1237 642 1134 383 1044 942 847 640 626 513 1080 875 589 600 0 515 333 934 766 843 1121 880 980 922 805 719 350 784 939 678 301 872 304 802 466 891 778 409 542 453 750 879 1001 377 454 768 707 761
602 662 760 906 723 151 741 129 543 286 544 488 792 576 67 522 273 295 184 664 565 408 464 793 938 137 837 463 685 816 628 183 545 860 765 986 651 1001 798 482 673 530 257 768 873 768 803 576 674 438 811 989 927 486 810 172 847 643 883 267 791 470 907 523 204 315 515 0 469 957 623 693 902 398 724 862 541 472 228 663 901 165 415 599 489 791 506 902 729 726 644 419 577 760 927 562 290 316 192 645
306 589 350 495 748 474 577 375 468 305 527 677 592 247 482 658 641 242 360 325 130 284 376 346 510 331 673 657 779 811 569 546 455 880 437 669 675 969 411 370 223 583 685 367 598 306 594 180 212 718 702 595 931 331 837 298 717 647 529 435 350 190 750 610 414 360 333 469 0 615 440 515 796 709 668 590 510 428 243 454 610 620 60 573 40 473 133 569 446 264 227 145 431 547 669 94 228 585 628 431
865 478 283 201 640 868 349 829 497 908 554 808 289 394 931 744 970 664 932 303 488 900 523 359 251 844 347 805 738 623 499 919 484 690 193 71 616 671 212 500 639 636 1060 262 149 437 272 719 592 923 438 140 697 481 679 829 411 584 87 749 338 499 376 678 786 664 934 957 615 0 373 343 472 949 508 159 539 546 789 329 115 1050 667 540 636 167 498 55 234 596 393 562 426 277 180 557 674 855 1030 337
745 173 338 424 357 513 140 496 127 657 193 445 173 214 585 388 599 356 646 203 362 694 161 439 481 533 240 439 428 394 171 556 112 468 216 382 302 535 317 141 590 278 692 327 257 482 182 608 551 554 262 459 508 143 433 531 278 267 325 387 419 253 318 320 432 311 766 623 440 373 0 79 356 578 246 245 175 175 507 44 289 692 465 200 477 220 311 319 148 585 325 315 54 137 305 441 373 483 667 39
818 144 371 432 325 576 63 567 166 736 213 466 99 280 652 402 648 433 723 248 429 773 229 476 492 608 161 464 411 344 158 613 157 419 224 338 284 469 335 212 654 293 745 356 209 528 110 679 612 583 193 448 452 220 390 607 203 250 313 447 455 330 239 335 498 379 843 693 515 343 79 0 283 612 200 196 200 229 585 64 244 752 542 198 551 215 384 294 152 644 381 393 116 73 243 509 450 528 724 85
1101 241 622 637 253 764 221 787 370 996 359 526 229 562 849 457 780 684 969 520 711 1045 467 728 697 845 141 538 358 185 275 779 374 234 458 424 286 204 569 458 933 389 883 603 333 790 237 961 891 654 97 610 227 482 241 852 81 277 493 637 705 608 97 414 699 598 1121 902 796 472 356 283 0 699 181 328 362 438 840 346 360 920 820 304 832 432 666 449 400 919 656 668 372 272 293 792 704 659 882 367
941 505 861 982 457 272 629 379 452 659 400 173 694 669 333 242 132 466 569 727 744 771 446 936 1032 461 696 161 375 550 473 216 466 567 786 950 413 723 868 469 932 329 217 859 821 944 710 869 915 52 631 1033 634 505 521 497 675 426 901 274 924 594 745 293 301 360 880 398 709 949 578 612 699 0 527 808 412 409 534 621 856 300 678 430 744 796 667 897 723 966 782 587 525 684 847 782 481 123 251 615
974 79 571 627 132 584 164 612 209 836 182 358 219 459 670 287 601 523 801 444 604 896 308 675 687 674 181 366 232 148 105 599 218 222 422 482 121 304 535 306 834 209 704 556 360 725 236 843 795 486 104 630 265 339 190 684 148 102 497 458 654 478 218 237 521 426 980 724 668 508 246 200 181 527 0 349 188 271 677 257 395 739 683 125 707 408 547 468 351 831 571 530 238 239 357 681 544 480 701 273
872 323 321 310 481 757 192 733 360 857 409 660 130 345 827 594 841 580 864 266 474 870 405 421 370 761 194 659 580 467 346 800 349 536 163 142 458 530 257 384 668 487 936 299 12 492 114 725 621 779 283 287 547 376 522 753 259 428 166 631 398 435 237 528 676 554 922 862 590 159 245 196 328 808 349 0 396 418 721 202 48 936 632 389 618 128 460 123 146 638 393 502 297 125 79 553 593 722 912 217
811 121 502 599 239 406 222 426 53 651 20 271 285 342 490 213 454 339 613 363 471 717 134 597 654 486 306 266 278 310 87 431 70 375 391 538 165 486 489 141 699 103 554 494 408 630 301 689 666 384 269 634 432 183 330 497 306 138 498 277 579 326 370 145 338 238 805 541 510 539 175 200 362 412 188 396 0 87 492 215 444 573 516 67 550 394 403 488 322 708 464 366 129 272 438 540 360 332 540 214
727 198 463 576 324 348 270 351 71 566 101 297 325 285 427 253 425 253 531 325 401 630 54 550 628 406 364 285 352 397 167 384 73 461 377 556 249 572 462 70 625 158 518 458 430 574 339 608 595 390 343 624 519 114 415 414 376 223 493 218 534 250 435 193 272 160 719 472 428 546 175 229 438 409 271 418 87 0 406 219 463 523 431 154 469 389 329 492 316 639 407 284 121 301 471 466 274 309 495 209
407 603 560 707 717 268 643 159 471 160 502 557 680 395 251 563 439 156 143 486 350 246 373 579 733 92 744 533 714 799 573 338 466 858 597 830 641 978 608 382 446 525 462 571 731 547 688 355 447 558 743 799 919 365 810 56 771 621 708 290 579 291 821 536 239 263 350 228 243 789 507 585 840 534 677 721 492 406 0 539 753 386 188 558 261 628 302 737 577 498 438 227 474 641 795 337 136 419 400 518
757 193 315 390 377 555 125 535 169 686 231 485 143 217 627 426 643 390 680 187 366 717 204 418 448 570 219 480 456 404 197 599 155 479 180 338 328 533 286 183 590 315 736 301 214 468 149 616 549 596 256 419 514 179 447 566 265 294 284 430 398 272 296 358 475 353 784 663 454 329 44 64 346 621 257 202 215 219 539 0 245 735 484 231 489 180 323 276 109 580 318 337 97 101 264 446 406 527 710 23
884 371 318 286 526 799 240 772 407 885 457 708 177 369 868 642 887 616 896 285 490 892 448 413 343 797 233 707 626 508 394 844 395 576 174 94 506 561 250 426 672 535 981 296 36 487 160 737 626 827 324 250 584 416 564 787 297 476 141 675 390 464 266 576 718 596 939 901 610 115 289 244 360 856 395 48 444 463 753 245 0 980 655 437 636 138 482 90 176 639 403 531 342 173 79 567 628 769 956 259
767 690 882 1024 707 182 790 249 589 449 569 437 848 690 138 489 169 415 346 772 704 571 531 928 1062 294 878 415 648 803 655 141 596 835 862 1070 645 986 912 553 832 532 104 888 949 911 862 739 830 349 836 1099 903 569 786 332 876 645 982 305 923 589 942 512 264 386 678 165 620 1050 692 752 920 300 739 936 573 523 386 735 980 0 571 619 644 884 637 995 816 882 774 549 640 824 994 711 417 268 49 721
296 604 407 553 754 432 605 329 478 247 531 661 625 288 433 648 602 216 301 371 187 237 382 406 569 279 703 639 777 822 582 505 467 890 485 718 680 987 467 379 263 580 639 423 641 365 628 192 260 692 725 652 943 344 845 244 743 653 581 408 410 213 780 604 379 341 301 415 60 667 465 542 820 678 683 632 516 431 188 484 655 571 0 581 74 520 173 619 487 311 284 153 450 581 711 152 199 556 581 461
876 75 538 621 176 460 201 487 105 718 57 272 266 391 545 205 489 406 678 400 527 784 199 636 679 550 268 274 230 243 43 478 120 309 411 530 107 420 516 203 757 102 591 527 401 675 283 751 722 395 217 645 365 243 265 562 257 75 509 333 617 386 325 141 396 302 872 599 573 540 200 198 304 430 125 389 67 154 558 231 437 619 581 0 613 409 461 492 339 762 511 430 167 264 419 599 427 366 583 237
268 628 364 504 788 504 613 402 508 302 567 716 626 279 507 698 673 278 368 352 148 265 417 348 515 352 708 695 820 850 609 576 495 920 463 691 715 1008 428 410 191 623 712 382 626 300 628 139 186 755 739 607 971 371 877 317 754 687 549 472 354 229 785 650 447 398 304 489 40 636 477 551 832 744 707 618 550 469 261 489 636 644 74 613 0 499 167 591 475 237 244 185 470 581 697 89 263 621 654 467
747 359 195 219 538 702 246 662 347 754 411 665 207 236 764 606 809 499 771 149 352 756 361 299 279 679 292 660 626 544 371 754 332 617 36 202 498 635 137 337 540 495 897 174 132 366 196 600 493 774 368 239 639 315 595 666 356 465 105 585 275 337 350 538 620 498 802 791 473 167 220 215 432 796 408 128 394 389 628 180 138 884 520 409 499 0 347 112 73 511 267 402 272 172 205 429 509 697 865 182
434 469 258 405 637 469 447 389 356 409 421 605 460 115 501 575 623 224 440 199 77 410 275 291 433 374 541 588 679 692 452 538 341 764 313 547 567 844 307 263 297 487 684 269 468 281 462 297 266 667 574 497 811 220 723 350 587 536 414 396 286 79 618 520 395 307 466 506 133 498 311 384 666 667 547 460 403 329 302 323 482 637 173 461 167 347 0 449 314 312 139 89 309 414 538 138 221 545 635 300
827 433 248 196 599 813 306 774 445 858 503 758 249 342 876 695 916 610 879 252 443 853 468 335 253 790 317 754 696 589 451 864 431 659 140 101 571 651 177 445 606 585 1005 226 116 411 234 680 559 871 405 164 670 426 644 776 382 539 55 694 312 446 355 628 730 609 891 902 569 55 319 294 449 897 468 123 488 492 737 276 90 995 619 492 591 112 449 0 179 567 350 510 372 232 168 515 620 801 975 283
734 295 225 282 477 635 194 600 275 711 339 593 172 199 700 534 737 441 721 128 335 724 290 331 341 622 260 587 561 492 304 685 259 566 72 258 433 599 184 266 542 424 827 208 156 391 166 588 498 701 325 312 594 248 540 612 320 399 178 515 309 289 329 466 553 430 778 729 446 234 148 152 400 723 351 146 322 316 577 109 176 816 487 339 475 73 314 179 0 521 263 357 199 128 224 415 453 624 796 109
303 756 321 412 935 738 702 638 658 510 727 916 692 373 745 887 904 502 592 399 238 432 585 238 395 590 781 898 986 979 746 810 642 1053 476 663 869 1113 390 571 66 797 949 343 642 161 688 188 52 971 835 517 1093 527 1016 554 838 837 514 692 258 391 850 831 676 609 409 726 264 596 585 644 919 966 831 638 708 639 498 580 639 882 311 762 237 511 312 567 521 0 263 381 599 647 713 184 489 842 891 561
481 498 124 271 680 603 439 527 412 530 483 700 432 123 639 660 750 359 572 137 97 509 355 156 295 513 520 686 740 719 491 670 395 793 231 450 618 850 185 337 279 561 817 140 399 167 428 333 235 777 572 369 832 293 758 487 576 585 306 520 149 192 591 598 526 427 542 644 227 393 325 381 656 782 571 393 464 407 438 318 403 774 284 511 244 267 139 350 263 263 0 226 345 386 471 165 358 663 770 299
446 451 341 488 605 381 455 301 326 355 382 539 480 168 413 516 537 135 370 259 161 380 232 379 519 291 554 519 634 670 429 450 314 738 370 604 531 833 383 227 354 438 596 350 512 368 485 324 331 591 572 575 791 191 695 270 592 503 481 314 375 67 632 466 308 228 453 419 145 562 315 393 668 587 530 502 366 284 227 337 531 549 153 430 185 402 89 510 357 381 226 0 297 437 579 197 132 464 546 315
738 160 374 470 335 462 170 451 78 627 148 397 215 226 537 341 546 320 610 235 368 673 113 471 525 493 270 389 396 384 147 503 61 456 265 435 273 538 360 96 599 232 639 365 309 508 226 605 561 502 276 510 503 110 417 493 299 239 376 335 452 241 347 274 383 263 750 577 431 426 54 116 372 525 238 297 129 121 474 97 342 640 450 167 470 272 309 372 199 599 345 297 0 184 354 444 338 429 615 90
845 201 352 390 370 646 76 633 239 787 285 535 46 303 721 469 721 492 781 249 448 815 297 459 450 670 133 534 464 372 222 685 229 445 191 267 340 471 305 278 665 362 818 335 137 519 48 702 621 654 198 392 469 279 423 667 192 308 258 518 436 371 206 404 567 447 879 760 547 277 137 73 272 684 239 125 272 301 641 101 173 824 581 264 581 172 414 232 128 647 386 437 184 0 170 530 507 601 796 123
951 348 394 364 484 816 218 799 408 933 448 691 153 423 890 623 890 651 937 345 553 948 466 491 420 831 180 693 588 454 376 856 400 518 241 132 474 490 327 446 744 520 987 372 73 564 137 804 698 814 272 320 520 442 511 825 239 447 220 689 468 511 197 560 737 616 1001 927 669 180 305 243 293 847 357 79 438 471 795 264 79 994 711 419 697 205 538 168 224 713 471 579 354 170 0 632 665 769 967 282
319 604 279 417 774 559 571 463 494 391 559 735 576 229 573 709 723 319 453 288 81 351 412 259 426 424 661 716 817 828 589 630 479 900 393 615 705 975 346 400 160 624 772 298 559 213 575 173 134 787 702 521 946 358 860 392 711 674 470 508 266 216 736 655 494 425 377 562 94 557 441 509 792 782 681 553 540 466 337 446 567 711 152 599 89 429 138 515 415 184 165 197 444 530 632 0 308 659 716 425
482 468 471 616 591 253 507 169 336 293 372 465 546 287 281 458 415 22 274 375 289 359 237 511 650 170 608 442 598 670 439 323 330 732 480 709 515 846 509 246 451 404 467 478 604 497 554 391 438 493 607 700 791 230 684 160 634 493 596 210 507 180 684 421 186 148 454 290 228 674 373 450 704 481 544 593 360 274 136 406 628 417 199 427 263 509 221 620 453 489 358 132 338 507 665 308 0 358 415 385
823 440 747 873 439 171 554 269 363 553 324 175 617 553 249 221 123 343 470 616 621 661 338 818 921 353 633 151 382 535 406 140 374 567 683 863 379 718 758 362 808 271 225 746 735 823 632 747 792 139 580 930 635 394 518 386 622 382 801 150 807 474 690 246 181 238 768 316 585 855 483 528 659 123 480 722 332 309 419 527 769 268 556 366 621 697 545 801 624 842 663 464 429 601 769 659 358 0 226 518
792 655 874 1013 665 167 759 253 560 479 535 391 819 680 149 445 120 411 376 758 704 600 508 924 1053 309 845 370 602 761 621 111 567 791 845 1047 604 942 900 531 843 493 65 878 924 912 833 755 839 300 799 1085 859 550 742 348 840 606 965 281 918 581 907 471 249 367 707 192 628 1030 667 724 882 251 701 912 540 495 400 710 956 49 581 583 654 865 635 975 796 891 770 546 615 796 967 716 415 226 0 697
734 205 303 386 390 540 147 517 166 664 232 484 165 195 610 426 633 370 659 171 344 694 190 405 442 550 242 478 465 421 206 586 150 495 177 350 337 553 279 167 570 316 725 291 229 452 171 594 529 592 277 421 532 160 462 545 288 303 287 417 385 250 319 359 459 337 761 645 431 337 39 85 367 615 273 217 214 209 518 23 259 721 461 237 467 182 300 283 109 561 299 315 90 123 282 425 385 518 697 0
