# TTSP Euclidean complete-graph matrix instance
# seed: 2091
# depot: 1
# L_max is not stored in this file; pass it with --budget when running algorithms.
# coordinate rows: node x y
# coord 1 294.120680 86.826109
# coord 2 87.577863 369.799185
# coord 3 156.582744 254.608080
# coord 4 716.005549 979.814146
# coord 5 300.950100 172.691668
# coord 6 126.455322 27.975651
# coord 7 496.316316 827.126778
# coord 8 820.384816 336.208801
# coord 9 792.527646 94.271637
# coord 10 345.567200 393.296399
# coord 11 368.235407 0.271220
# coord 12 922.417710 409.852010
# coord 13 666.684777 115.609230
# coord 14 906.565100 212.161586
# coord 15 806.150015 4.673737
# coord 16 215.415721 81.162579
# coord 17 579.291328 811.571615
# coord 18 719.293783 336.644329
# coord 19 815.641443 537.567680
# coord 20 597.468044 950.620587
# coord 21 812.477994 490.881136
# coord 22 642.276202 542.879495
# coord 23 142.106147 597.755873
# coord 24 805.699830 836.118804
# coord 25 246.922976 34.984260
# coord 26 358.211467 341.250660
# coord 27 667.553028 756.483426
# coord 28 71.111135 755.295913
# coord 29 553.256336 227.617037
# coord 30 35.338141 533.474023
# coord 31 114.917681 196.432953
# coord 32 285.943484 893.519070
# coord 33 666.026154 884.544222
# coord 34 946.205441 251.896319
# coord 35 441.012571 464.447822
# coord 36 418.339543 532.741897
# coord 37 384.239519 462.483891
# coord 38 282.377818 942.749801
# coord 39 483.697860 565.974229
# coord 40 739.469180 952.673894
# coord 41 600.214968 937.280674
# coord 42 620.999268 452.122111
# coord 43 410.249926 572.682168
# coord 44 925.639055 21.132446
# coord 45 912.110932 692.432083
# coord 46 497.636240 11.256531
# coord 47 676.973561 218.760051
# coord 48 439.360674 818.252573
# coord 49 944.244070 998.502397
# coord 50 784.488044 889.991319
# coord 51 971.798738 671.207700
# coord 52 972.272152 887.568394
# coord 53 552.288362 954.094600
# coord 54 871.697208 389.018424
# coord 55 790.249514 402.845418
# coord 56 436.228186 263.552301
# coord 57 251.886148 437.879475
# coord 58 79.337747 778.217886
# coord 59 125.240432 711.688972
# coord 60 204.595802 771.941828
# coord 61 592.239133 172.861725
# coord 62 804.571873 740.006611
# coord 63 290.489570 829.590739
# coord 64 378.561952 142.044849
# coord 65 480.820343 293.593680
# coord 66 172.556783 827.984594
# coord 67 173.799520 898.730332
# coord 68 416.722449 919.360446
# coord 69 300.714855 431.803035
# coord 70 9.499083 908.511186
# coord 71 889.309122 532.745912
# coord 72 69.042423 34.132944
# coord 73 886.197130 53.604410
# coord 74 203.144911 790.556185
# coord 75 98.236790 504.567195
# coord 76 935.774281 841.675560
# coord 77 501.269783 677.628005
# coord 78 372.842361 318.775295
# coord 79 935.697526 281.021545
# coord 80 964.719394 505.172709
# coord 81 142.549947 457.293765
# coord 82 240.238035 319.018688
# coord 83 163.742795 485.906970
# coord 84 964.637011 593.055740
# coord 85 667.671734 970.299257
# coord 86 381.180072 251.018397
# coord 87 238.337044 426.840460
# coord 88 290.937768 57.147008
# coord 89 721.195986 517.994287
# coord 90 580.106932 188.448883
# coord 91 727.931760 998.660765
# coord 92 257.311625 909.269506
# coord 93 405.280053 589.493424
# coord 94 545.692254 348.349639
# coord 95 259.283565 307.725888
# coord 96 960.839226 121.236690
# coord 97 750.149470 52.887928
# coord 98 435.479506 269.917378
# coord 99 194.243010 985.280740
# coord 100 762.327326 897.192416
# reference_nearest_neighbor_tour_cost: 9965
TTSP_MATRIX
100
0 98 4 44 80 92 23 86 23 68 81 64 8 63 48 45 35 17 59 1 88 95 100 3 56 46 10 5 59 10 96 20 76 54 4 97 85 27 42 18 12 94 14 16 4 69 85 20 75 26 38 6 19 71 60 86 58 48 82 25 92 59 37 41 9 61 22 51 19 33 50 12 87 67 32 89 9 11 6 80 53 23 39 49 88 35 26 96 59 11 88 11 66 32 59 11 35 95 55 19
0 350 217 988 86 178 767 582 498 311 114 706 374 625 519 79 779 493 689 916 657 574 533 907 70 262 767 705 295 516 210 807 880 673 405 463 386 856 515 974 904 490 500 635 865 217 405 746 1120 941 895 1049 905 652 588 227 354 724 647 691 310 829 743 101 279 751 821 842 345 870 744 231 593 710 461 991 626 245 670 790 400 238 420 840 959 186 345 30 607 304 1010 823 515 363 224 668 457 231 904 936
350 0 134 876 290 344 613 734 757 259 464 836 632 834 806 316 661 633 747 773 735 581 234 856 371 272 697 386 487 172 176 560 774 867 366 369 311 605 442 874 765 540 381 908 885 545 608 570 1063 870 934 1025 747 784 703 364 178 409 344 419 542 807 503 370 401 466 536 641 222 544 818 336 859 436 135 971 516 290 853 888 103 161 139 905 835 317 161 373 651 525 898 566 386 459 183 908 734 362 625 856
217 134 0 916 166 229 666 669 656 234 331 781 529 751 696 183 699 569 717 824 697 565 343 871 237 219 716 508 398 304 72 652 810 790 353 382 308 700 452 909 814 505 407 804 873 419 522 631 1083 893 915 1032 804 728 651 280 207 529 458 520 443 810 590 249 327 574 644 714 228 670 784 237 757 538 257 976 546 226 780 846 203 106 231 876 879 225 191 239 623 429 938 662 417 400 116 815 627 279 732 883
988 876 916 0 908 1120 268 652 889 694 1039 606 866 791 979 1029 217 643 453 122 498 443 689 169 1055 732 229 683 770 814 987 439 108 763 584 537 615 435 475 36 123 536 509 981 348 993 762 320 229 113 401 272 166 611 582 769 714 668 649 552 816 256 451 903 725 564 548 305 688 710 479 1146 942 547 779 260 371 745 733 536 776 814 741 460 49 802 731 1016 462 803 22 464 499 654 813 893 928 763 522 95
86 290 166 908 0 227 683 545 498 225 185 665 370 607 532 125 697 449 631 833 602 504 454 834 148 178 689 626 258 448 188 721 800 650 324 379 302 770 434 895 821 425 415 643 802 254 379 660 1047 865 836 981 821 610 541 163 270 645 567 607 291 759 657 83 217 668 737 756 259 791 690 270 597 626 389 922 543 163 644 742 326 158 342 786 878 112 262 116 544 280 930 738 430 301 141 662 465 166 820 859
178 344 229 1120 227 0 881 759 669 426 243 883 547 802 680 104 905 668 857 1036 828 729 570 1056 121 390 907 729 471 514 169 880 1012 850 538 583 505 928 646 1109 1025 652 614 799 1029 372 583 850 1269 1084 1062 1206 1019 828 762 389 429 752 684 748 488 983 818 277 443 801 872 937 440 888 915 58 760 766 477 1148 750 381 848 965 430 312 459 1011 1087 339 414 167 771 481 1142 891 627 528 310 840 624 392 960 1077
767 613 666 268 683 881 0 588 790 459 837 596 732 739 879 797 84 539 431 160 462 320 422 310 830 505 185 431 602 547 737 221 179 730 367 305 381 243 261 274 151 395 269 913 437 816 635 58 480 295 500 480 139 577 516 567 460 420 389 297 661 320 206 695 534 324 330 122 441 494 491 901 866 295 512 440 150 523 701 568 512 569 476 524 223 588 476 797 382 644 288 253 254 481 571 845 815 561 341 275
582 734 669 652 545 759 588 0 244 478 563 126 269 151 332 657 533 101 201 654 155 273 727 500 648 462 447 859 288 809 719 772 570 151 400 448 454 811 408 622 640 231 473 332 368 458 185 614 674 555 368 572 674 74 73 391 578 863 790 754 281 404 724 483 342 813 857 709 528 993 208 810 290 766 742 518 467 448 128 222 689 580 673 295 652 447 589 598 207 282 669 803 486 275 562 257 292 391 902 564
498 757 656 889 498 669 790 244 0 538 435 341 128 164 91 577 748 253 444 878 397 473 823 742 549 500 674 978 274 875 685 946 800 220 510 576 550 990 564 860 865 397 612 152 610 306 170 806 917 796 604 813 893 305 309 394 641 988 909 897 215 646 890 417 370 961 1015 907 596 1130 449 726 102 912 806 761 652 476 235 446 744 596 741 528 885 440 646 503 430 232 907 975 629 354 574 170 59 398 1073 803
311 259 234 694 225 426 459 478 538 0 394 577 425 590 603 338 479 378 492 612 477 332 288 639 372 54 485 454 266 340 303 504 587 617 119 157 79 553 221 684 601 282 191 689 641 411 375 435 851 663 685 798 598 526 445 158 104 468 387 404 331 575 440 253 168 468 534 531 59 615 561 453 638 422 271 741 324 79 601 629 213 129 204 651 661 147 112 341 396 311 716 523 205 205 122 673 529 153 611 654
114 464 331 1039 185 243 837 563 435 394 0 689 320 579 438 173 838 486 699 978 662 608 639 943 126 341 813 811 293 629 320 897 933 630 470 535 462 946 577 1022 965 518 574 558 880 130 378 821 1152 982 902 1073 971 636 583 272 453 830 752 789 283 859 833 142 314 851 919 920 437 977 745 301 521 807 572 1015 690 319 633 781 510 343 527 841 1015 251 446 96 627 283 1061 916 590 391 326 605 386 278 1000 980
706 836 781 606 665 883 596 126 341 577 689 0 390 198 422 780 528 216 166 631 137 310 803 442 773 568 430 919 412 896 835 799 540 160 484 519 541 833 466 573 618 304 537 389 283 583 311 633 589 500 266 480 658 55 132 508 671 920 852 804 406 351 759 606 457 859 894 718 622 1040 127 932 358 814 830 432 499 557 130 104 781 688 762 188 616 564 684 723 228 408 620 832 547 382 671 291 396 507 928 513
374 632 529 866 370 547 732 269 128 425 320 390 0 259 178 453 701 227 447 838 403 428 712 734 427 382 641 874 159 757 558 866 769 311 415 485 447 912 486 840 824 340 524 276 627 199 104 739 925 783 634 830 846 342 313 274 525 885 805 803 94 639 807 289 257 867 925 842 484 1030 473 603 228 819 689 774 586 357 316 490 626 472 625 563 855 316 529 380 406 113 885 893 541 262 450 294 104 278 990 787
625 834 751 791 607 802 739 151 164 590 579 198 259 0 231 703 683 225 338 801 294 423 856 632 683 563 594 996 354 929 792 922 714 56 530 584 579 961 551 759 787 373 613 192 480 456 230 765 787 689 464 679 822 180 223 473 692 1002 927 898 317 538 872 533 433 958 1004 860 644 1136 321 856 160 911 860 630 617 544 75 299 802 675 792 385 795 527 702 635 358 327 807 953 627 386 654 106 223 475 1051 700
519 806 696 979 532 680 879 332 91 603 438 422 178 231 0 596 838 343 533 969 486 563 890 831 560 560 764 1051 337 935 717 1030 891 284 587 655 623 1074 647 950 955 484 692 121 696 309 250 892 1003 886 687 898 983 390 398 452 703 1061 982 975 272 735 973 449 435 1039 1095 994 662 1205 535 738 94 991 867 847 739 535 305 525 803 647 803 609 976 491 708 518 520 291 997 1058 709 431 625 194 74 456 1156 894
79 316 183 1029 125 104 797 657 577 338 173 780 453 703 596 0 816 565 754 950 724 629 522 958 56 297 813 689 368 487 153 815 921 750 445 495 417 864 554 1017 939 550 529 713 927 291 482 770 1172 989 959 1106 936 725 659 286 359 710 637 691 388 884 752 174 340 748 819 862 361 853 811 154 671 709 439 1048 661 285 747 861 383 239 408 907 998 237 346 79 668 380 1051 829 543 425 231 746 535 290 904 982
779 661 699 217 697 905 84 533 748 479 838 528 701 683 838 816 0 495 362 140 397 276 487 228 845 520 104 511 585 611 771 305 113 669 374 322 400 325 264 213 127 362 293 863 354 804 601 140 410 220 417 400 145 514 460 566 497 501 465 377 639 236 289 699 527 407 415 195 471 578 417 930 818 377 571 358 155 534 639 492 562 598 528 443 182 595 514 808 326 623 239 336 282 464 597 789 778 560 422 202
493 633 569 643 449 668 539 101 253 378 486 216 227 225 343 565 495 0 223 626 180 220 634 507 560 361 423 772 199 712 620 706 550 242 306 359 358 747 329 616 612 152 389 377 405 394 125 557 699 557 419 606 640 161 97 292 478 778 703 674 207 412 653 392 242 735 783 657 429 912 260 717 329 687 643 549 405 347 223 298 589 479 575 355 636 349 489 511 181 203 662 736 403 174 461 324 285 292 835 562
689 747 717 453 631 857 431 201 444 492 699 166 447 338 533 754 362 223 0 467 47 173 676 299 759 498 264 776 406 780 779 638 378 314 382 397 438 670 333 422 454 213 407 528 182 615 348 469 479 354 206 383 493 159 137 468 573 775 712 654 428 203 601 589 414 706 736 552 526 887 74 900 489 663 718 327 344 494 283 153 678 616 654 159 457 520 588 711 96 421 469 671 414 330 602 441 489 465 766 364
916 773 824 122 833 1036 160 654 878 612 978 631 838 801 969 950 140 626 467 0 508 410 576 238 980 655 206 561 724 700 895 317 95 781 511 455 533 315 401 142 14 499 422 986 407 945 736 206 350 197 467 380 45 625 581 706 618 546 529 432 778 295 330 838 667 442 427 183 598 589 510 1058 942 426 669 355 289 671 750 577 671 726 636 513 73 732 635 945 450 762 139 343 409 604 726 905 911 700 405 173
657 735 697 498 602 828 462 155 397 477 662 137 403 294 486 724 397 180 47 508 0 178 679 345 726 478 303 787 369 778 757 663 420 274 372 396 429 697 337 468 494 195 410 483 225 574 304 496 524 400 241 428 531 118 91 440 563 787 722 670 387 249 622 557 386 723 758 583 515 905 87 873 443 679 714 372 363 472 243 153 671 597 649 183 501 494 578 678 95 381 515 695 419 302 583 398 442 437 792 409
574 581 565 443 504 729 320 273 473 332 608 310 428 423 563 629 276 220 173 410 178 0 503 336 644 348 215 609 328 607 631 500 342 421 216 224 270 538 160 421 397 93 234 594 309 551 326 342 547 375 354 477 421 276 204 347 404 610 544 494 373 255 454 480 297 549 588 439 359 731 247 766 547 504 545 419 195 350 393 325 507 460 482 326 428 392 420 599 83 360 464 531 242 217 449 528 502 342 630 374
533 234 343 689 454 570 422 727 823 288 639 803 712 856 890 522 487 634 676 576 679 503 0 705 572 335 549 173 553 125 402 329 597 875 327 284 277 372 343 695 570 501 269 973 776 686 656 370 897 706 833 879 543 759 677 445 194 191 115 185 619 678 275 513 455 232 303 423 230 338 750 568 922 202 103 830 368 362 854 828 140 296 114 823 644 421 196 561 585 599 710 332 263 474 313 947 816 440 391 689
907 856 871 169 834 1056 310 500 742 639 943 442 734 632 831 958 228 507 299 238 345 336 705 0 977 667 159 739 659 828 941 523 148 601 521 492 563 534 420 134 229 426 475 824 179 881 631 367 213 58 234 174 280 452 434 681 682 729 692 605 697 96 515 815 632 633 635 398 647 799 315 1089 787 604 781 130 343 675 570 367 764 766 731 290 192 723 700 934 329 686 180 553 470 553 760 732 785 676 629 75
70 371 237 1055 148 121 830 648 549 372 126 773 427 683 560 56 845 560 759 980 726 644 572 977 0 326 835 741 362 542 209 859 947 732 471 526 449 908 581 1042 969 560 562 679 935 252 468 807 1189 1010 964 1119 969 718 656 297 403 762 688 738 372 899 796 170 349 796 867 901 400 905 813 178 640 757 493 1061 691 310 731 858 435 284 459 909 1026 254 392 49 677 367 1077 874 577 433 273 719 504 301 952 1005
262 272 219 732 178 390 505 462 500 54 341 568 382 563 560 297 520 361 498 655 478 348 335 667 326 0 518 504 226 376 283 557 624 595 148 201 124 606 257 721 643 285 237 651 656 358 341 484 881 695 697 822 643 516 436 110 144 518 438 457 288 599 493 200 132 521 587 581 107 666 565 422 601 475 307 764 366 27 581 628 245 120 242 657 701 93 147 292 404 269 754 577 253 188 104 642 487 105 665 687
767 697 716 229 689 907 185 447 674 485 813 430 641 594 764 813 104 423 264 206 303 215 549 159 835 518 0 596 541 670 787 405 128 576 370 335 408 428 265 209 193 308 316 779 253 764 538 236 368 177 316 332 229 420 374 545 524 589 544 463 588 138 384 679 499 500 514 299 490 675 315 938 736 466 623 281 184 528 546 389 604 612 572 339 214 581 541 794 244 575 250 438 311 426 607 700 708 539 526 170
705 386 508 683 626 729 431 859 978 454 811 919 874 996 1051 689 511 772 776 561 787 609 173 739 741 504 596 0 715 225 561 255 609 1010 471 412 429 282 454 697 560 628 385 1127 843 858 809 374 906 726 905 911 521 880 801 612 365 24 70 135 782 734 232 686 617 125 176 383 397 165 848 721 1076 137 252 869 437 531 986 928 306 468 285 908 634 592 369 732 692 762 700 242 373 625 486 1093 977 607 261 706
295 487 398 770 258 471 602 288 274 266 293 412 159 354 337 368 585 199 406 724 369 328 553 659 362 226 541 715 0 601 439 718 667 394 262 334 289 765 345 749 711 235 374 426 587 223 124 602 864 702 610 782 726 357 295 122 367 726 646 646 67 571 657 195 98 711 771 705 325 871 454 521 376 663 533 723 453 202 386 496 471 326 467 550 751 174 373 313 335 47 791 743 391 121 305 421 263 125 838 701
516 172 304 814 448 514 547 809 875 340 629 896 757 929 935 487 611 712 780 700 778 607 125 828 542 376 670 225 601 0 346 439 722 953 412 383 356 478 450 819 694 591 377 1027 891 697 715 494 1021 830 947 1002 666 849 766 483 237 249 200 292 663 796 391 521 506 325 391 543 284 376 854 500 977 307 69 952 488 400 935 930 132 297 137 931 769 447 229 541 686 645 834 436 374 543 318 1013 861 479 479 813
210 176 72 987 188 169 737 719 685 303 320 835 558 792 717 153 771 620 779 895 757 631 402 941 209 283 787 561 439 346 0 718 882 833 422 453 379 765 522 981 886 567 478 829 939 425 562 701 1154 964 980 1101 875 781 706 328 278 583 515 582 478 878 657 269 379 634 705 783 300 720 844 169 784 601 309 1044 617 285 825 904 262 175 294 938 951 272 261 224 686 465 1010 727 489 457 182 849 651 329 793 954
807 560 652 439 721 880 221 772 946 504 897 799 866 922 1030 815 305 706 638 317 663 500 329 523 859 557 405 255 718 439 718 0 380 921 456 384 442 49 383 457 317 554 344 1082 658 907 780 171 667 499 721 686 273 773 704 648 457 237 243 146 783 541 64 757 631 131 112 133 462 277 703 886 1032 132 432 652 305 581 893 782 459 576 426 742 389 650 469 836 575 764 454 33 327 604 586 1026 960 641 130 476
880 774 810 108 800 1012 179 570 800 587 933 540 769 714 891 921 113 550 378 95 420 342 597 148 947 624 128 609 667 722 882 380 0 692 477 430 507 388 367 100 84 435 403 902 312 889 666 236 301 119 373 306 133 537 497 662 609 596 568 475 715 200 380 796 619 497 492 252 582 657 417 1039 860 472 683 273 264 637 661 483 676 708 641 417 86 695 626 908 371 701 130 409 394 550 706 818 836 656 482 97
673 867 790 763 650 850 730 151 220 617 630 160 311 56 284 750 669 242 314 781 274 421 875 601 732 595 576 1010 394 953 833 921 692 0 548 598 600 958 559 731 768 382 625 232 442 509 271 760 747 658 420 636 805 156 217 510 719 1014 941 906 363 508 874 578 467 965 1007 852 670 1144 287 904 207 918 885 590 616 577 31 254 829 709 817 342 771 565 729 684 348 372 778 952 638 412 689 131 279 511 1050 671
405 366 353 584 324 538 367 400 510 119 470 484 415 530 587 445 374 306 382 511 372 216 327 521 471 148 370 471 262 412 422 456 477 548 0 72 57 504 110 572 499 180 113 657 523 457 341 354 734 547 570 679 502 437 355 201 191 479 401 388 328 456 395 328 175 452 510 456 144 619 453 569 606 404 345 622 222 161 528 525 299 248 278 539 554 222 206 434 285 309 606 481 130 156 240 623 515 195 576 539
463 369 382 537 379 583 305 448 576 157 535 519 485 584 655 495 322 359 397 455 396 224 284 492 526 201 335 412 334 383 453 384 430 598 72 0 78 432 73 529 444 218 41 720 519 527 407 286 703 512 571 658 442 476 394 270 192 419 343 321 400 438 323 393 247 384 440 387 155 555 471 609 670 336 321 603 167 219 575 547 286 278 259 550 504 284 209 492 303 380 559 410 58 224 276 681 583 263 505 501
386 311 308 615 302 505 381 454 550 79 462 541 447 579 623 417 400 358 438 533 429 270 277 563 449 124 408 429 289 356 379 442 507 600 57 78 0 491 144 605 522 237 113 699 576 465 381 360 775 586 624 726 520 493 410 206 135 439 359 358 357 504 379 320 195 422 484 458 89 583 510 532 647 375 289 669 245 144 581 582 242 203 222 595 582 211 150 416 341 337 637 464 129 198 199 670 549 199 556 576
856 605 700 435 770 928 243 811 990 553 946 833 912 961 1074 864 325 747 670 315 697 538 372 534 908 606 428 282 765 478 765 49 388 958 504 432 491 0 427 457 318 596 392 1124 678 956 825 200 664 505 741 692 270 809 741 696 506 261 279 188 830 560 113 806 679 159 117 136 511 275 732 933 1075 172 475 661 344 630 930 811 505 625 472 767 386 699 518 886 611 811 449 42 374 650 635 1065 1005 690 98 482
515 442 452 475 434 646 261 408 564 221 577 466 486 551 647 554 264 329 333 401 337 160 343 420 581 257 265 454 345 450 522 383 367 559 110 73 144 427 0 464 389 178 74 702 447 555 397 256 632 442 499 585 394 426 347 306 265 457 387 347 408 365 327 437 272 407 455 360 227 585 407 674 652 359 390 530 113 271 534 485 358 347 330 482 444 331 282 544 242 390 497 411 82 226 342 652 578 300 510 433
974 874 909 36 895 1109 274 622 860 684 1022 573 840 759 950 1017 213 616 422 142 468 421 695 134 1042 721 209 697 749 819 981 457 100 731 572 529 605 457 464 0 140 514 503 950 312 972 737 329 210 77 365 242 187 579 552 753 709 683 660 565 794 222 466 887 708 580 568 324 681 731 446 1137 911 560 782 226 364 732 700 501 776 807 741 424 74 788 726 1002 435 781 47 484 494 635 804 860 900 747 546 60
904 765 814 123 821 1025 151 640 865 601 965 618 824 787 955 939 127 612 454 14 494 397 570 229 969 643 193 560 711 694 886 317 84 768 499 444 522 318 389 140 0 486 411 972 397 932 723 200 349 190 457 375 51 612 567 693 609 545 526 429 764 284 328 826 655 441 428 184 588 591 497 1048 929 423 663 349 278 659 737 565 663 715 628 501 75 720 626 933 436 749 142 344 399 591 716 892 897 687 409 167
490 540 505 536 425 652 395 231 397 282 518 304 340 373 484 550 362 152 213 499 195 93 501 426 560 285 308 628 235 591 567 554 435 382 180 218 237 596 178 514 486 0 243 528 377 458 240 409 635 467 414 559 507 259 176 264 369 632 560 525 281 341 502 394 212 585 632 510 321 763 280 692 479 538 525 501 255 282 358 348 478 403 459 371 520 313 383 515 120 267 557 584 256 128 389 474 420 260 683 467
500 381 407 509 415 614 269 473 612 191 574 537 524 613 692 529 293 389 407 422 410 234 269 475 562 237 316 385 374 377 478 344 403 625 113 41 113 392 74 503 411 243 0 755 516 568 443 247 683 491 570 644 407 497 416 310 208 390 317 286 439 428 283 432 288 349 403 347 178 523 481 638 704 301 319 590 139 257 601 559 292 305 261 555 474 323 225 529 316 420 531 370 18 262 305 712 621 304 466 479
635 908 804 981 643 799 913 332 152 689 558 389 276 192 121 713 863 377 528 986 483 594 973 824 679 651 779 1127 426 1027 829 1082 902 232 657 720 699 1124 702 950 972 528 755 0 671 428 318 934 978 880 652 868 1005 372 405 546 792 1136 1057 1041 366 729 1028 560 522 1104 1156 1032 748 1275 513 857 51 1055 958 821 782 628 260 486 896 747 892 573 984 591 798 636 537 384 997 1112 771 501 725 106 178 550 1210 891
865 885 873 348 802 1029 437 368 610 641 880 283 627 480 696 927 354 405 182 407 225 309 776 179 935 656 253 843 587 891 939 658 312 442 523 519 576 678 447 312 397 377 516 671 0 797 529 489 308 235 63 204 445 306 314 641 708 837 787 712 610 118 637 767 587 752 767 545 665 928 161 1070 639 716 835 151 411 656 412 195 805 769 776 112 370 690 724 889 259 604 357 690 517 503 758 573 660 637 775 254
217 545 419 993 254 372 816 458 306 411 130 583 199 456 309 291 804 394 615 945 574 551 686 881 252 358 764 858 223 697 425 907 889 509 457 527 465 956 555 972 932 458 568 428 797 0 274 809 1084 924 813 997 944 532 489 260 492 874 793 815 187 791 844 177 283 879 945 912 464 1021 652 429 391 833 635 939 666 332 514 680 570 401 580 746 974 267 490 212 554 195 1014 930 586 341 380 476 256 266 1020 925
405 608 522 762 379 583 635 185 170 375 378 311 104 230 250 482 601 125 348 736 304 326 656 631 468 341 538 809 124 715 562 780 666 271 341 407 381 825 397 737 723 240 443 318 529 274 0 645 824 680 540 731 746 259 216 245 478 819 740 727 96 537 723 308 210 791 846 747 432 960 379 635 267 743 645 675 491 320 266 406 585 448 579 472 752 298 485 419 302 101 782 808 460 184 427 300 181 247 906 684
746 570 631 320 660 850 58 614 806 435 821 633 739 765 892 770 140 557 469 206 496 342 370 367 807 484 236 374 602 494 701 171 236 760 354 286 360 200 256 329 200 409 247 934 489 809 645 0 536 353 552 537 177 609 544 555 424 362 332 239 663 373 149 679 526 267 277 104 411 439 533 867 886 238 463 497 154 504 731 612 467 537 432 572 274 570 440 775 412 645 340 204 231 482 541 871 826 548 297 332
1120 1063 1083 229 1047 1269 480 674 917 851 1152 589 925 787 1003 1172 410 699 479 350 524 547 897 213 1189 881 368 906 864 1021 1154 667 301 747 734 703 775 664 632 210 349 635 683 978 308 1084 824 536 0 193 328 114 394 614 615 893 891 893 868 774 898 294 675 1026 844 790 777 533 857 939 469 1302 947 770 980 157 547 888 718 494 967 978 934 406 278 936 908 1146 530 888 216 693 677 763 973 877 965 889 750 208
941 870 893 113 865 1084 295 555 796 663 982 500 783 689 886 989 220 557 354 197 400 375 706 58 1010 695 177 726 702 830 964 499 119 658 547 512 586 505 442 77 190 467 491 880 235 924 680 353 193 0 288 188 241 509 487 717 699 714 683 592 742 151 498 851 669 615 611 369 666 775 372 1116 843 590 787 159 354 704 627 425 774 789 741 347 142 756 716 968 377 731 123 528 484 592 784 789 838 712 598 23
895 934 915 401 836 1062 500 368 604 685 902 266 634 464 687 959 417 419 206 467 241 354 833 234 964 697 316 905 610 947 980 721 373 420 570 571 624 741 499 365 457 414 570 652 63 813 540 552 328 288 0 216 506 299 324 673 757 899 848 774 626 181 699 795 619 814 830 608 713 991 161 1105 624 778 889 174 471 695 392 166 856 812 829 78 427 725 773 917 294 622 408 753 572 535 800 550 657 670 839 308
1049 1025 1032 272 981 1206 480 572 813 798 1073 480 830 679 898 1106 400 606 383 380 428 477 879 174 1119 822 332 911 782 1002 1101 686 306 636 679 658 726 692 585 242 375 559 644 868 204 997 731 537 114 188 216 0 425 509 518 823 849 900 865 776 809 223 684 953 771 802 799 556 812 963 364 1243 838 775 954 59 516 826 608 382 935 927 903 295 316 869 867 1074 447 802 268 715 641 688 919 766 864 818 784 210
905 747 804 166 821 1019 139 674 893 598 971 658 846 822 983 936 145 640 493 45 531 421 543 280 969 643 229 521 726 666 875 273 133 805 502 442 520 270 394 187 51 507 407 1005 445 944 746 177 394 241 506 425 0 649 600 700 597 505 491 393 782 331 290 830 664 400 383 140 580 545 540 1039 960 386 639 400 281 660 775 610 644 708 608 548 117 724 614 934 468 766 181 298 393 606 710 928 923 694 359 218
652 784 728 611 610 828 577 74 305 526 636 55 342 180 390 725 514 161 159 625 118 276 759 452 718 516 420 880 357 849 781 773 537 156 437 476 493 809 426 579 612 259 497 372 306 532 259 609 614 509 299 509 649 0 83 453 622 883 813 769 353 357 729 552 402 826 864 699 573 1007 145 878 336 780 782 457 470 504 126 149 732 635 715 224 616 510 634 669 198 354 626 805 508 329 618 282 357 452 902 520
588 703 651 582 541 762 516 73 309 445 583 132 313 223 398 659 460 97 137 581 91 204 677 434 656 436 374 801 295 766 706 704 497 217 355 394 410 741 347 552 567 176 416 405 314 489 216 544 615 487 324 518 600 83 0 380 540 804 733 692 303 337 657 487 328 750 791 637 490 930 163 810 362 704 699 462 399 426 190 202 650 556 632 258 581 436 552 607 134 300 599 735 428 251 539 329 352 379 833 495
227 364 280 769 163 389 567 391 394 158 272 508 274 473 452 286 566 292 468 706 440 347 445 681 297 110 545 612 122 483 328 648 662 510 201 270 206 696 306 753 693 264 310 546 641 260 245 555 893 717 673 823 700 453 380 0 254 626 545 559 180 602 584 134 54 623 687 656 216 773 527 433 497 576 415 764 419 84 500 581 352 204 352 623 744 56 257 252 382 162 791 670 327 138 182 544 378 6 761 713
354 178 207 714 270 429 460 578 641 104 453 671 525 692 703 359 497 478 573 618 563 404 194 682 403 144 524 365 367 237 278 457 609 719 191 192 135 506 265 709 609 369 208 792 708 492 478 424 891 699 757 849 597 622 540 254 0 382 302 337 431 630 394 322 271 398 467 509 49 529 644 443 742 356 167 794 346 170 702 716 111 119 100 729 676 227 17 383 476 412 736 471 216 307 130 776 630 249 550 687
724 409 529 668 645 752 420 863 988 468 830 920 885 1002 1061 710 501 778 775 546 787 610 191 729 762 518 589 24 726 249 583 237 596 1014 479 419 439 261 457 683 545 632 390 1136 837 874 819 362 893 714 899 900 505 883 804 626 382 0 81 125 793 726 217 703 629 106 153 366 411 148 846 744 1084 124 274 859 434 545 990 927 327 487 304 904 619 607 386 751 693 774 685 221 377 634 504 1099 988 621 237 693
647 344 458 649 567 684 389 790 909 387 752 852 805 927 982 637 465 703 712 529 722 544 115 692 688 438 544 70 646 200 515 243 568 941 401 343 359 279 387 660 526 560 317 1057 787 793 740 332 868 683 848 865 491 813 733 545 302 81 0 100 713 680 203 623 549 126 193 358 330 228 785 680 1006 111 209 821 378 464 918 865 255 409 229 848 601 527 306 675 627 693 668 238 306 556 426 1023 908 540 282 664
691 419 520 552 607 748 297 754 897 404 789 804 803 898 975 691 377 674 654 432 670 494 185 605 738 457 463 135 646 292 582 146 475 906 388 321 358 188 347 565 429 525 286 1041 712 815 727 239 774 592 774 776 393 769 692 559 337 125 100 0 714 601 103 653 552 65 130 258 353 238 725 750 990 19 288 734 311 483 881 806 321 454 289 781 504 550 347 720 576 694 570 147 271 544 467 998 903 553 214 572
310 542 443 816 291 488 661 281 215 331 283 406 94 317 272 388 639 207 428 778 387 373 619 697 372 288 588 782 67 663 478 783 715 363 328 400 357 830 408 794 764 281 439 366 610 187 96 663 898 742 626 809 782 353 303 180 431 793 713 714 0 606 723 216 164 778 838 767 390 938 467 541 317 730 595 752 513 263 360 499 532 381 531 561 801 225 436 323 368 20 837 809 457 182 359 372 198 184 905 744
829 807 810 256 759 983 320 404 646 575 859 351 639 538 735 884 236 412 203 295 249 255 678 96 899 599 138 734 571 796 878 541 200 508 456 438 504 560 365 222 284 341 428 729 118 791 537 373 294 151 181 223 331 357 337 602 630 726 680 601 606 0 522 734 551 638 650 427 591 813 224 1019 691 604 745 166 310 603 477 284 720 704 689 217 268 647 647 854 237 595 270 573 427 469 696 638 689 598 658 163
743 503 590 451 657 818 206 724 890 440 833 759 807 872 973 752 289 653 601 330 622 454 275 515 796 493 384 232 657 391 657 64 380 874 395 323 379 113 327 466 328 502 283 1028 637 844 723 149 675 498 699 684 290 729 657 584 394 217 203 103 723 522 0 693 569 118 136 155 398 292 668 826 978 96 378 645 260 517 847 748 401 513 366 714 403 586 406 772 532 704 469 86 266 545 523 975 903 578 183 477
101 370 249 903 83 277 695 483 417 253 142 606 289 533 449 174 699 392 589 838 557 480 513 815 170 200 679 686 195 521 269 757 796 578 328 393 320 806 437 887 826 394 432 560 767 177 308 679 1026 851 795 953 830 552 487 134 322 703 623 653 216 734 693 0 183 716 784 778 300 851 643 328 515 672 458 894 549 177 574 690 394 225 405 740 877 109 317 122 509 207 925 777 448 266 204 583 382 140 863 847
279 401 327 725 217 443 534 342 370 168 314 457 257 433 435 340 527 242 414 667 386 297 455 632 349 132 499 617 98 506 379 631 619 467 175 247 195 679 272 708 655 212 288 522 587 283 210 526 844 669 619 771 664 402 328 54 271 629 549 552 164 551 569 183 0 617 679 629 227 775 473 487 471 569 437 712 385 111 455 528 376 242 371 569 702 108 277 303 329 145 747 655 305 85 222 510 361 51 749 666
751 466 574 564 668 801 324 813 961 468 851 859 867 958 1039 748 407 735 706 442 723 549 232 633 796 521 500 125 711 325 634 131 497 965 452 384 422 159 407 580 441 585 349 1104 752 879 791 267 790 615 814 802 400 826 750 623 398 106 126 65 778 638 118 716 617 0 71 261 416 182 775 801 1053 48 332 763 361 547 939 855 372 513 342 826 515 614 407 780 630 758 581 117 333 608 527 1059 967 617 159 594
821 536 644 548 737 872 330 857 1015 534 919 894 925 1004 1095 819 415 783 736 427 758 588 303 635 867 587 514 176 771 391 705 112 492 1007 510 440 484 117 455 568 428 632 403 1156 767 945 846 277 777 611 830 799 383 864 791 687 467 153 193 130 838 650 136 784 679 71 0 244 484 165 804 871 1105 112 401 764 395 613 981 883 443 584 413 848 499 680 476 850 667 818 563 84 386 664 597 1106 1024 681 89 589
842 641 714 305 756 937 122 709 907 531 920 718 842 860 994 862 195 657 552 183 583 439 423 398 901 581 299 383 705 543 783 133 252 852 456 387 458 136 360 324 184 510 347 1032 545 912 747 104 533 369 608 556 140 699 637 656 509 366 358 258 767 427 155 778 629 261 244 0 501 407 611 951 985 249 523 525 256 602 823 687 537 626 502 638 256 669 524 871 504 749 321 160 330 585 632 966 928 650 232 346
345 222 228 688 259 440 441 528 596 59 437 622 484 644 662 361 471 429 526 598 515 359 230 647 400 107 490 397 325 284 300 462 582 670 144 155 89 511 227 681 588 321 178 748 665 464 432 411 857 666 713 812 580 573 490 216 49 411 330 353 390 591 398 300 227 416 484 501 0 559 597 460 697 372 215 756 317 134 653 668 160 128 147 683 652 198 63 375 429 371 710 479 189 259 131 730 588 211 564 655
870 544 670 710 791 888 494 993 1130 615 977 1040 1030 1136 1205 853 578 912 887 589 905 731 338 799 905 666 675 165 871 376 720 277 657 1144 619 555 583 275 585 731 591 763 523 1275 928 1021 960 439 939 775 991 963 545 1007 930 773 529 148 228 238 938 813 292 851 775 182 165 407 559 0 957 876 1225 227 414 929 543 693 1119 1037 470 633 450 1006 661 755 533 897 812 919 724 248 508 775 651 1235 1132 768 200 753
744 818 784 479 690 915 491 208 449 561 745 127 473 321 535 811 417 260 74 510 87 247 750 315 813 565 315 848 454 854 844 703 417 287 453 471 510 732 407 446 497 280 481 513 161 652 379 533 469 372 161 364 540 145 163 527 644 846 785 725 467 224 668 643 473 775 804 611 597 957 0 960 479 733 792 312 414 559 256 80 751 683 727 96 490 581 660 764 169 463 493 736 487 390 669 418 500 524 829 386
231 336 237 1146 270 58 901 810 726 453 301 932 603 856 738 154 930 717 900 1058 873 766 568 1089 178 422 938 721 521 500 169 886 1039 904 569 609 532 933 674 1137 1048 692 638 857 1070 429 635 867 1302 1116 1105 1243 1039 878 810 433 443 744 680 750 541 1019 826 328 487 801 871 951 460 876 960 0 817 768 471 1185 775 416 901 1012 429 332 462 1056 1111 380 428 223 812 534 1168 895 649 571 333 896 681 436 959 1107
593 859 757 942 597 760 866 290 102 638 521 358 228 160 94 671 818 329 489 942 443 547 922 787 640 601 736 1076 376 977 784 1032 860 207 606 670 647 1075 652 911 929 479 704 51 639 391 267 886 947 843 624 838 960 336 362 497 742 1084 1006 990 317 691 978 515 471 1053 1105 985 697 1225 479 817 0 1005 908 790 733 578 233 458 846 698 842 545 942 542 748 595 493 334 958 1062 720 450 676 101 136 500 1161 853
710 436 538 547 626 766 295 766 912 422 807 814 819 911 991 709 377 687 663 426 679 504 202 604 757 475 466 137 663 307 601 132 472 918 404 336 375 172 359 560 423 538 301 1055 716 833 743 238 770 590 778 775 386 780 704 576 356 124 111 19 730 604 96 672 569 48 112 249 372 227 733 768 1005 0 305 734 319 501 892 813 339 473 307 787 498 568 365 739 585 710 565 130 285 559 486 1011 918 570 195 569
461 135 257 779 389 477 512 742 806 271 572 830 689 860 867 439 571 643 718 669 714 545 103 781 493 307 623 252 533 69 309 432 683 885 345 321 289 475 390 782 663 525 319 958 835 635 645 463 980 787 889 954 639 782 699 415 167 274 209 288 595 745 378 458 437 332 401 523 215 414 792 471 908 305 0 903 439 332 867 866 65 234 68 871 736 380 160 487 623 576 800 435 319 474 254 944 793 411 490 771
991 971 976 260 922 1148 440 518 761 741 1015 432 774 630 847 1048 358 549 327 355 372 419 830 130 1061 764 281 869 723 952 1044 652 273 590 622 603 669 661 530 226 349 501 590 821 151 939 675 497 157 159 174 59 400 457 462 764 794 859 821 734 752 166 645 894 712 763 764 525 756 929 312 1185 790 734 903 0 464 768 561 338 881 870 850 250 297 810 811 1016 388 744 260 682 587 629 862 721 810 760 755 182
626 516 546 371 543 750 150 467 652 324 690 499 586 617 739 661 155 405 344 289 363 195 368 343 691 366 184 437 453 488 617 305 264 616 222 167 245 344 113 364 278 255 139 782 411 666 491 154 547 354 471 516 281 470 399 419 346 434 378 311 513 310 260 549 385 361 395 256 317 543 414 775 733 319 439 464 0 381 588 494 421 444 388 471 337 443 363 655 272 495 393 336 130 332 442 722 672 413 435 341
245 290 226 745 163 381 523 448 476 79 319 557 357 544 535 285 534 347 494 671 472 350 362 675 310 27 528 531 202 400 285 581 637 577 161 219 144 630 271 732 659 282 257 628 656 332 320 504 888 704 695 826 660 504 426 84 170 545 464 483 263 603 517 177 111 547 613 602 134 693 559 416 578 501 332 768 381 0 564 621 269 133 268 652 715 68 173 274 401 245 767 602 273 175 114 620 462 79 690 697
670 853 780 733 644 848 701 128 235 601 633 130 316 75 305 747 639 223 283 750 243 393 854 570 731 581 546 986 386 935 825 893 661 31 528 575 581 930 534 700 737 358 601 260 412 514 266 731 718 627 392 608 775 126 190 500 702 990 918 881 360 477 847 574 455 939 981 823 653 1119 256 901 233 892 867 561 588 564 0 226 812 696 799 313 740 555 712 683 320 367 747 925 614 396 677 162 294 500 1023 640
790 888 846 536 742 965 568 222 446 629 781 104 490 299 525 861 492 298 153 577 153 325 828 367 858 628 389 928 496 930 904 782 483 254 525 547 582 811 485 501 565 348 559 486 195 680 406 612 494 425 166 382 610 149 202 581 716 927 865 806 499 284 748 690 528 855 883 687 668 1037 80 1012 458 813 866 338 494 621 226 0 824 748 801 88 552 636 731 809 244 498 547 815 566 447 733 384 501 579 908 441
400 103 203 776 326 430 512 689 744 213 510 781 626 802 803 383 562 589 678 671 671 507 140 764 435 245 604 306 471 132 262 459 676 829 299 286 242 505 358 776 663 478 292 896 805 570 585 467 967 774 856 935 644 732 650 352 111 327 255 321 532 720 401 394 376 372 443 537 160 470 751 429 846 339 65 881 421 269 812 824 0 169 36 833 734 315 101 427 582 514 797 466 294 418 190 885 730 348 531 760
238 161 106 814 158 312 569 580 596 129 343 688 472 675 647 239 598 479 616 726 597 460 296 766 284 120 612 468 326 297 175 576 708 709 248 278 203 625 347 807 715 403 305 747 769 401 448 537 978 789 812 927 708 635 556 204 119 487 409 454 381 704 513 225 242 513 584 626 128 633 683 332 698 473 234 870 444 133 696 748 169 0 184 774 779 156 108 267 520 364 837 590 317 307 22 747 575 201 668 779
420 139 231 741 342 459 476 673 741 204 527 762 625 792 803 408 528 575 654 636 649 482 114 731 459 242 572 285 467 137 294 426 641 817 278 259 222 472 330 741 628 459 261 892 776 580 579 432 934 741 829 903 608 715 632 352 100 304 229 289 531 689 366 405 371 342 413 502 147 450 727 462 842 307 68 850 388 268 799 801 36 184 0 808 699 320 95 447 558 512 762 434 263 406 202 877 729 347 500 726
840 905 876 460 786 1011 524 295 528 651 841 188 563 385 609 907 443 355 159 513 183 326 823 290 909 657 339 908 550 931 938 742 417 342 539 550 595 767 482 424 501 371 555 573 112 746 472 572 406 347 78 295 548 224 258 623 729 904 848 781 561 217 714 740 569 826 848 638 683 1006 96 1056 545 787 871 250 471 652 313 88 833 774 808 0 480 676 745 861 255 558 470 775 559 485 761 472 581 620 864 365
959 835 879 49 878 1087 223 652 885 661 1015 616 855 795 976 998 182 636 457 73 501 428 644 192 1026 701 214 634 751 769 951 389 86 771 554 504 582 386 444 74 75 520 474 984 370 974 752 274 278 142 427 316 117 616 581 744 676 619 601 504 801 268 403 877 702 515 499 256 652 661 490 1111 942 498 736 297 337 715 740 552 734 779 699 480 0 774 693 988 455 787 67 415 462 634 778 898 921 738 474 120
186 317 225 802 112 339 588 447 440 147 251 564 316 527 491 237 595 349 520 732 494 392 421 723 254 93 581 592 174 447 272 650 695 565 222 284 211 699 331 788 720 313 323 591 690 267 298 570 936 756 725 869 724 510 436 56 227 607 527 550 225 647 586 109 108 614 680 669 198 755 581 380 542 568 380 810 443 68 555 636 315 156 320 676 774 0 227 214 432 209 824 670 339 191 134 594 419 57 758 750
345 161 191 731 262 414 476 589 646 112 446 684 529 702 708 346 514 489 588 635 578 420 196 700 392 147 541 369 373 229 261 469 626 729 206 209 150 518 282 726 626 383 225 798 724 490 485 440 908 716 773 867 614 634 552 257 17 386 306 347 436 647 406 317 277 407 476 524 63 533 660 428 748 365 160 811 363 173 712 731 101 108 95 745 693 227 0 373 491 417 753 483 233 317 121 784 634 252 560 704
30 373 239 1016 116 167 797 598 503 341 96 723 380 635 518 79 808 511 711 945 678 599 561 934 49 292 794 732 313 541 224 836 908 684 434 492 416 886 544 1002 933 515 529 636 889 212 419 775 1146 968 917 1074 934 669 607 252 383 751 675 720 323 854 772 122 303 780 850 871 375 897 764 223 595 739 487 1016 655 274 683 809 427 267 447 861 988 214 373 0 630 318 1038 853 544 387 253 673 459 257 933 963
607 651 623 462 544 771 382 207 430 396 627 228 406 358 520 668 326 181 96 450 95 83 585 329 677 404 244 692 335 686 686 575 371 348 285 303 341 611 242 435 436 120 316 537 259 554 302 412 530 377 294 447 468 198 134 382 476 693 627 576 368 237 532 509 329 630 667 504 429 812 169 812 493 585 623 388 272 401 320 244 582 520 558 255 455 432 491 630 0 358 481 607 324 244 508 464 466 378 704 381
304 525 429 803 280 481 644 282 232 311 283 408 113 327 291 380 623 203 421 762 381 360 599 686 367 269 575 762 47 645 465 764 701 372 309 380 337 811 390 781 749 267 420 384 604 195 101 645 888 731 622 802 766 354 300 162 412 774 693 694 20 595 704 207 145 758 818 749 371 919 463 534 334 710 576 744 495 245 367 498 514 364 512 558 787 209 417 318 358 0 824 790 437 164 342 387 217 166 885 732
1010 898 938 22 930 1142 288 669 907 716 1061 620 885 807 997 1051 239 662 469 139 515 464 710 180 1077 754 250 700 791 834 1010 454 130 778 606 559 637 449 497 47 142 557 531 997 357 1014 782 340 216 123 408 268 181 626 599 791 736 685 668 570 837 270 469 925 747 581 563 321 710 724 493 1168 958 565 800 260 393 767 747 547 797 837 762 470 67 824 753 1038 481 824 0 479 521 675 835 908 946 785 534 107
823 566 662 464 738 891 253 803 975 523 916 832 893 953 1058 829 336 736 671 343 695 531 332 553 874 577 438 242 743 436 727 33 409 952 481 410 464 42 411 484 344 584 370 1112 690 930 808 204 693 528 753 715 298 805 735 670 471 221 238 147 809 573 86 777 655 117 84 160 479 248 736 895 1062 130 435 682 336 602 925 815 466 590 434 775 415 670 483 853 607 790 479 0 352 631 602 1056 988 664 99 505
515 386 417 499 430 627 254 486 629 205 590 547 541 627 709 543 282 403 414 409 419 242 263 470 577 253 311 373 391 374 489 327 394 638 130 58 129 374 82 494 399 256 18 771 517 586 460 231 677 484 572 641 393 508 428 327 216 377 306 271 457 427 266 448 305 333 386 330 189 508 487 649 720 285 319 587 130 273 614 566 294 317 263 559 462 339 233 544 324 437 521 352 0 279 317 727 638 321 449 471
363 459 400 654 301 528 481 275 354 205 391 382 262 386 431 425 464 174 330 604 302 217 474 553 433 188 426 625 121 543 457 604 550 412 156 224 198 650 226 635 591 128 262 501 503 341 184 482 763 592 535 688 606 329 251 138 307 634 556 544 182 469 545 266 85 608 664 585 259 775 390 571 450 559 474 629 332 175 396 447 418 307 406 485 634 191 317 387 244 164 675 631 279 0 289 473 359 135 727 590
224 183 116 813 141 310 571 562 574 122 326 671 450 654 625 231 597 461 602 726 583 449 313 760 273 104 607 486 305 318 182 586 706 689 240 276 199 635 342 804 716 389 305 725 758 380 427 541 973 784 800 919 710 618 539 182 130 504 426 467 359 696 523 204 222 527 597 632 131 651 669 333 676 486 254 862 442 114 677 733 190 22 202 761 778 134 121 253 508 342 835 602 317 289 0 726 553 180 681 775
668 908 815 893 662 840 845 257 170 673 605 291 294 106 194 746 789 324 441 905 398 528 947 732 719 642 700 1093 421 1013 849 1026 818 131 623 681 670 1065 652 860 892 474 712 106 573 476 300 871 877 789 550 766 928 282 329 544 776 1099 1023 998 372 638 975 583 510 1059 1106 966 730 1235 418 896 101 1011 944 721 722 620 162 384 885 747 877 472 898 594 784 673 464 387 908 1056 727 473 726 0 221 546 1155 801
457 734 627 928 465 624 815 292 59 529 386 396 104 223 74 535 778 285 489 911 442 502 816 785 504 487 708 977 263 861 651 960 836 279 515 583 549 1005 578 900 897 420 621 178 660 256 181 826 965 838 657 864 923 357 352 378 630 988 908 903 198 689 903 382 361 967 1024 928 588 1132 500 681 136 918 793 810 672 462 294 501 730 575 729 581 921 419 634 459 466 217 946 988 638 359 553 221 0 382 1086 844
231 362 279 763 166 392 561 391 398 153 278 507 278 475 456 290 560 292 465 700 437 342 440 676 301 105 539 607 125 479 329 641 656 511 195 263 199 690 300 747 687 260 304 550 637 266 247 548 889 712 670 818 694 452 379 6 249 621 540 553 184 598 578 140 51 617 681 650 211 768 524 436 500 570 411 760 413 79 500 579 348 201 347 620 738 57 252 257 378 166 785 664 321 135 180 546 382 0 755 707
904 625 732 522 820 960 341 902 1073 611 1000 928 990 1051 1156 904 422 835 766 405 792 630 391 629 952 665 526 261 838 479 793 130 482 1050 576 505 556 98 510 546 409 683 466 1210 775 1020 906 297 750 598 839 784 359 902 833 761 550 237 282 214 905 658 183 863 749 159 89 232 564 200 829 959 1161 195 490 755 435 690 1023 908 531 668 500 864 474 758 560 933 704 885 534 99 449 727 681 1155 1086 755 0 575
936 856 883 95 859 1077 275 564 803 654 980 513 787 700 894 982 202 562 364 173 409 374 689 75 1005 687 170 706 701 813 954 476 97 671 539 501 576 482 433 60 167 467 479 891 254 925 684 332 208 23 308 210 218 520 495 713 687 693 664 572 744 163 477 847 666 594 589 346 655 753 386 1107 853 569 771 182 341 697 640 441 760 779 726 365 120 750 704 963 381 732 107 505 471 590 775 801 844 707 575 0
