# TTSP Euclidean complete-graph matrix instance
# seed: 2033
# depot: 1
# L_max is not stored in this file; pass it with --budget when running algorithms.
# coordinate rows: node x y
# coord 1 410.556139 953.007185
# coord 2 392.216553 560.313796
# coord 3 187.899641 413.146688
# coord 4 364.989429 807.863628
# coord 5 787.937689 236.433189
# coord 6 555.008840 123.794530
# coord 7 125.114333 990.042107
# coord 8 904.096420 883.265614
# coord 9 314.342088 108.459545
# coord 10 637.462554 60.080441
# coord 11 931.706732 492.371574
# coord 12 376.658323 362.883709
# coord 13 154.033721 963.270652
# coord 14 109.982727 951.246799
# coord 15 181.020441 37.782869
# coord 16 557.472089 890.257868
# coord 17 363.022691 894.194430
# coord 18 219.356879 385.865531
# coord 19 819.280574 511.889299
# coord 20 691.940093 920.745796
# coord 21 899.197018 100.855504
# coord 22 944.025215 719.104412
# coord 23 296.154275 396.710585
# coord 24 486.356640 595.143528
# coord 25 650.468776 306.066252
# coord 26 470.790399 60.955901
# coord 27 840.146905 42.921280
# coord 28 667.383969 455.320521
# coord 29 629.277041 50.739481
# coord 30 114.869060 561.886785
# coord 31 286.083533 462.069394
# coord 32 247.783519 373.908936
# coord 33 18.976767 186.107177
# coord 34 435.530190 379.619310
# coord 35 436.158712 402.436631
# coord 36 389.869386 415.620919
# coord 37 821.720549 311.630378
# coord 38 326.746641 247.157218
# coord 39 969.889521 518.177166
# coord 40 940.418114 995.371454
# coord 41 908.931987 967.057200
# coord 42 951.941080 566.719760
# coord 43 212.273605 9.161695
# coord 44 403.072425 430.487401
# coord 45 40.567964 945.603564
# coord 46 978.824676 543.647361
# coord 47 899.295985 504.535540
# coord 48 188.654192 238.229004
# coord 49 134.119977 402.517995
# coord 50 467.645361 526.917538
# coord 51 200.211603 738.482646
# coord 52 874.742341 518.811995
# coord 53 83.202860 917.983637
# coord 54 746.603680 491.016929
# coord 55 241.338125 224.362849
# coord 56 395.912254 151.571994
# coord 57 88.397215 152.098432
# coord 58 199.082230 326.462250
# coord 59 401.911498 339.412482
# coord 60 135.666524 38.520694
# coord 61 818.707799 901.684466
# coord 62 925.954211 367.122338
# coord 63 885.982911 194.286550
# coord 64 17.961172 284.814363
# coord 65 199.993468 65.796712
# coord 66 624.282998 410.473748
# coord 67 893.252810 161.466259
# coord 68 879.190409 830.077883
# coord 69 852.936542 685.309799
# coord 70 730.011810 15.633187
# coord 71 291.904611 42.127456
# coord 72 343.834557 990.120468
# coord 73 288.982934 259.906787
# coord 74 748.258179 924.776466
# coord 75 481.108661 821.021612
# coord 76 847.294919 252.134273
# coord 77 620.125735 769.037719
# coord 78 838.120860 564.092488
# coord 79 672.969563 351.834751
# coord 80 352.627778 892.114563
# coord 81 287.368217 686.301464
# coord 82 59.968265 929.748615
# coord 83 131.371140 940.706571
# coord 84 361.559886 496.040155
# coord 85 509.314331 0.524857
# coord 86 92.599958 946.030927
# coord 87 616.086122 939.612870
# coord 88 175.659161 398.691240
# coord 89 570.323892 952.867672
# coord 90 694.335319 254.453550
# coord 91 185.587697 789.937232
# coord 92 647.553578 130.389734
# coord 93 730.311830 382.340045
# coord 94 307.387297 737.956861
# coord 95 994.293918 614.736624
# coord 96 549.052455 252.698479
# coord 97 421.100383 569.916322
# coord 98 87.352877 891.920578
# coord 99 942.559115 772.567873
# coord 100 46.642385 985.601009
# reference_nearest_neighbor_tour_cost: 9726
TTSP_MATRIX
100
0 60 22 55 27 58 38 85 43 43 4 63 97 96 91 10 20 83 66 71 4 28 65 46 19 38 16 45 61 73 65 34 7 88 55 8 68 86 13 88 82 32 76 12 83 96 7 75 39 82 77 71 72 4 59 1 28 26 77 21 1 92 22 91 66 76 80 67 94 88 28 30 95 82 41 67 16 29 73 45 90 50 79 71 12 21 93 31 36 11 7 15 30 86 31 14 13 25 26 58
0 393 584 152 810 842 288 498 850 921 696 591 257 301 944 160 76 599 601 283 982 582 568 366 690 894 1006 560 928 490 506 602 861 574 551 538 762 711 708 532 499 665 964 523 370 700 663 748 616 430 300 636 329 571 748 802 863 661 614 955 411 780 895 775 912 583 927 484 517 990 919 76 704 339 150 826 279 578 656 84 294 351 279 460 958 318 206 602 160 754 278 856 654 239 675 714 383 329 562 365
393 0 252 249 511 466 506 605 459 557 544 198 468 482 564 369 335 246 430 469 684 574 190 100 362 506 684 295 562 277 145 236 529 186 164 145 496 320 579 700 658 560 580 130 522 587 510 381 303 82 262 484 473 361 368 409 509 303 221 581 546 568 615 465 531 276 640 557 477 641 528 433 318 510 275 550 309 446 350 334 164 497 461 71 572 488 440 270 431 430 309 500 382 197 605 345 30 450 590 548
584 252 0 433 626 467 580 857 330 572 748 195 551 544 375 604 512 42 639 715 777 816 109 350 475 452 750 481 571 166 110 72 283 250 248 202 642 216 789 951 909 779 405 216 552 802 717 175 55 302 326 695 516 564 196 334 279 87 226 378 798 739 732 213 348 436 749 807 719 672 385 598 184 759 502 679 560 668 489 507 291 532 531 192 523 541 679 19 661 531 377 540 543 346 831 395 281 489 836 590
152 249 433 0 711 710 301 544 701 796 649 445 262 293 792 209 86 446 542 346 886 586 417 245 577 754 901 464 802 351 355 450 712 434 412 393 674 562 671 605 567 635 813 379 352 668 614 596 466 299 179 586 303 496 596 657 712 509 470 803 463 713 805 628 760 475 835 515 503 872 769 183 553 401 117 736 258 532 550 85 144 328 269 312 820 305 284 451 251 644 180 734 561 91 658 585 244 290 579 365
810 511 626 711 0 259 1004 657 491 232 294 430 964 985 639 693 783 588 277 691 175 507 517 469 154 362 200 250 244 748 550 557 771 380 389 437 82 461 335 774 741 369 619 431 1030 362 290 599 675 432 773 295 980 258 547 401 705 596 400 682 666 190 107 771 612 239 129 601 454 228 533 875 500 689 660 61 558 331 163 787 673 1005 963 499 365 993 724 633 749 95 818 176 157 695 431 239 496 959 558 1054
842 466 467 710 259 0 967 836 241 104 527 298 930 940 384 766 794 426 470 809 345 711 376 476 206 105 296 350 104 621 432 396 540 282 303 335 326 259 572 953 915 595 361 342 970 597 513 384 505 412 710 508 924 414 329 162 467 410 264 428 821 444 338 561 360 295 340 777 636 206 275 892 299 824 701 319 649 523 257 795 623 946 920 420 131 943 818 468 829 191 762 93 312 662 659 129 466 899 756 1001
288 506 580 301 1004 967 0 786 902 1062 948 676 39 42 954 444 256 611 843 571 1179 863 617 535 862 991 1187 762 1066 428 552 628 811 685 665 632 972 770 968 815 784 929 985 625 96 963 914 754 588 576 263 885 83 797 774 881 839 668 707 952 699 1015 1101 713 927 765 1130 771 789 1147 962 219 748 627 394 1032 542 831 841 248 344 89 50 548 1061 55 494 594 447 930 209 1006 858 311 947 851 514 105 846 79
498 605 857 544 657 836 786 0 974 865 392 741 754 797 1113 347 541 846 381 215 782 169 779 507 630 929 843 489 877 852 748 831 1127 688 671 695 578 859 371 118 84 320 1115 675 866 348 379 963 908 563 719 366 822 423 935 891 1095 898 740 1142 87 517 689 1069 1079 549 722 59 204 885 1040 570 876 161 428 634 306 326 580 552 647 845 775 667 967 814 293 875 341 663 725 795 530 614 283 724 576 817 117 864
850 459 330 701 491 241 902 974 0 327 727 262 870 867 151 819 787 293 646 896 585 877 289 516 390 164 530 495 320 495 355 274 305 297 318 316 547 139 773 1086 1044 785 142 334 881 794 706 181 345 446 640 695 842 577 137 92 230 247 247 192 940 664 578 345 122 433 581 916 789 426 70 882 154 924 732 552 728 694 433 785 578 860 852 390 223 866 884 322 882 407 694 334 498 630 848 275 474 816 914 917
921 557 572 796 232 104 1062 865 327 0 523 400 1024 1036 457 834 878 530 487 862 265 727 479 556 246 167 203 396 12 725 534 500 631 378 397 433 312 363 566 983 947 596 428 438 1068 592 516 483 609 497 807 516 1021 445 429 258 557 513 365 502 861 421 282 659 438 351 275 807 661 103 346 975 402 872 777 284 709 542 294 879 717 1044 1016 516 141 1040 880 573 895 203 858 71 335 754 660 212 554 997 775 1098
696 544 748 649 294 527 948 392 727 523 0 570 909 941 878 546 696 720 114 491 393 227 643 457 337 631 459 267 535 820 646 694 963 509 504 547 212 653 46 503 475 77 867 532 1000 70 35 785 803 465 772 63 949 185 741 635 909 751 551 916 425 125 302 937 847 318 333 342 208 518 782 770 683 470 558 255 417 118 294 704 673 975 917 570 648 954 547 762 585 336 803 460 229 671 137 452 516 934 280 1013
591 198 195 445 430 298 676 741 262 400 570 0 640 646 379 558 531 159 467 641 585 670 87 257 280 316 563 305 402 329 134 129 399 61 71 54 448 126 613 847 805 610 390 73 673 629 541 226 246 188 415 522 628 392 194 212 357 181 34 404 697 549 537 367 346 252 554 686 575 495 332 628 135 674 470 483 474 503 297 530 336 649 628 134 386 649 624 204 621 336 468 357 354 381 667 205 212 603 699 705
257 468 551 262 964 930 39 754 870 1024 909 640 0 46 926 410 220 581 804 540 1140 827 584 496 824 956 1148 722 1029 403 518 597 789 648 628 596 933 737 929 787 755 891 956 588 115 925 875 726 561 537 229 847 84 758 744 847 814 638 671 925 668 975 1062 692 899 726 1091 737 752 1109 931 192 716 595 357 993 505 792 802 211 307 100 32 511 1026 64 463 565 416 891 176 968 818 273 910 813 475 98 811 110
301 482 544 293 985 940 42 797 867 1036 941 646 46 0 916 452 259 576 834 583 1160 866 585 518 842 961 1165 746 1040 389 520 594 771 658 638 604 957 737 963 832 799 926 948 598 70 960 907 717 549 555 231 879 43 786 739 849 799 631 678 913 710 1003 1084 673 890 746 1112 779 789 1122 927 237 714 639 393 1016 542 825 822 250 319 54 24 520 1031 18 506 556 460 909 178 981 842 291 946 825 492 63 852 72
944 564 375 792 639 384 954 1113 151 457 878 379 926 916 0 932 876 350 795 1020 721 1023 377 636 541 291 659 641 448 528 437 343 220 426 445 432 697 255 924 1222 1180 935 42 451 919 945 857 201 368 567 701 844 886 725 196 243 147 289 374 45 1074 814 722 296 34 579 723 1056 933 549 111 966 247 1053 839 700 853 842 584 871 657 900 904 493 330 913 1001 361 994 557 752 476 648 711 997 426 584 859 1058 957
160 369 604 209 693 766 444 347 819 834 546 558 410 452 932 0 194 607 460 138 860 423 558 304 592 834 893 449 843 551 507 602 886 525 503 503 636 683 555 397 360 510 946 485 520 546 515 749 646 374 388 489 475 442 737 756 875 668 572 950 261 640 770 811 899 484 802 327 360 891 889 236 685 194 103 701 136 430 551 205 338 499 429 440 891 468 77 622 64 650 385 765 537 293 516 638 348 470 403 520
76 335 512 86 783 794 256 541 787 878 696 531 220 259 876 194 0 528 595 330 958 607 502 323 655 840 976 534 884 415 439 533 787 520 497 479 741 648 714 586 551 674 898 465 327 709 663 679 542 382 225 635 281 556 681 743 791 591 556 885 456 771 874 700 844 550 904 520 533 952 855 98 639 386 139 804 286 579 625 11 221 305 236 398 906 275 257 530 215 720 206 815 630 166 690 668 329 276 592 329
599 246 42 446 588 426 611 846 293 530 720 159 581 576 350 607 528 0 613 714 737 798 78 339 438 411 709 453 529 205 101 31 283 216 217 173 607 175 762 944 902 755 377 189 588 776 690 151 87 286 353 669 549 538 163 293 268 63 188 357 791 707 694 225 321 406 710 795 701 631 351 617 144 755 508 642 554 644 455 523 308 567 562 180 482 574 681 46 667 493 405 499 511 363 808 356 273 523 820 624
601 430 639 542 277 470 843 381 646 487 114 467 804 834 795 460 595 613 0 428 419 242 536 343 266 570 469 162 499 706 536 588 864 406 398 440 200 559 151 498 464 144 788 424 891 163 80 687 694 352 659 56 841 76 646 556 815 647 452 832 390 180 325 833 763 220 358 324 177 504 706 674 587 419 458 261 325 55 217 602 560 867 811 458 598 846 474 654 506 286 692 418 157 560 203 374 402 825 288 906
283 469 715 346 691 809 571 215 896 862 491 641 540 583 1020 138 330 714 428 0 846 323 657 385 616 888 890 466 872 680 612 704 996 599 578 589 623 766 489 259 222 439 1030 569 652 474 465 848 761 453 524 442 609 433 829 824 977 772 650 1043 128 601 752 927 986 515 786 208 285 906 965 355 774 56 233 686 168 385 569 341 468 632 561 538 938 600 78 734 126 666 523 792 540 426 430 683 443 605 291 649
982 684 777 886 175 345 1179 782 585 265 393 585 1140 1160 721 860 958 737 419 846 0 620 672 644 322 430 83 424 275 910 712 706 884 541 553 599 225 591 423 895 866 469 693 596 1205 450 404 724 822 606 946 419 1155 419 669 506 812 736 552 766 805 268 94 900 700 414 61 729 586 189 610 1048 631 838 833 160 724 467 338 962 847 1180 1138 667 403 1168 885 782 913 256 992 253 328 870 523 382 670 1134 673 1229
582 574 816 586 507 711 863 169 877 727 227 670 827 866 1023 423 607 798 242 323 620 0 724 474 507 811 684 382 739 844 706 777 1068 611 599 632 425 777 203 276 250 153 1020 613 931 179 219 895 870 514 744 212 883 302 859 789 1026 842 662 1057 221 352 528 1023 990 444 560 129 97 735 940 659 800 284 474 477 328 188 456 616 657 909 842 624 840 881 395 832 441 527 762 659 399 637 116 611 544 874 53 936
568 190 109 417 517 376 617 779 289 479 643 87 584 585 377 558 502 78 536 657 672 724 0 275 366 378 649 376 480 245 66 53 348 140 140 96 532 153 685 879 837 677 397 112 605 698 613 192 162 215 355 591 563 460 181 265 321 120 120 393 727 630 624 300 345 328 642 726 627 577 355 595 137 695 463 570 494 567 379 499 290 583 568 119 450 586 630 121 620 423 408 441 434 341 731 291 214 537 748 640
366 100 350 245 469 476 535 507 516 556 457 257 496 518 636 304 323 339 343 385 644 474 275 0 332 534 656 229 563 373 240 325 621 221 199 204 439 383 490 605 563 466 647 185 567 495 423 465 401 71 320 396 516 280 444 453 596 393 269 658 452 495 566 562 602 230 595 458 378 629 586 420 389 421 226 498 219 353 307 326 219 542 495 159 595 527 368 368 367 399 358 492 324 229 508 348 70 497 489 588
690 362 475 577 154 206 862 630 390 246 337 280 824 842 541 592 655 438 266 616 322 507 366 332 0 304 324 150 256 594 396 408 643 227 235 283 171 329 383 748 710 399 529 277 884 405 318 467 525 287 624 309 834 208 417 298 583 452 251 580 619 282 261 633 511 108 283 572 430 301 445 750 364 626 542 204 464 319 51 657 526 859 820 346 337 849 634 484 652 68 671 176 110 552 462 115 350 813 550 909
894 506 452 754 362 105 991 929 164 167 631 316 956 961 291 834 840 411 570 888 430 811 378 534 304 0 370 441 159 615 442 384 469 321 343 364 431 235 677 1046 1006 698 264 376 984 701 617 333 480 466 730 611 941 511 282 118 393 380 287 336 910 549 436 505 271 382 434 871 732 263 180 938 270 907 760 422 724 623 354 840 652 961 943 449 72 962 891 449 897 296 783 190 413 696 762 207 511 915 854 1017
1006 684 750 901 200 296 1187 843 530 203 459 563 1148 1165 659 893 976 709 469 890 83 684 649 656 324 370 0 447 211 892 695 679 834 526 541 585 269 553 493 958 927 536 629 584 1206 520 465 680 792 611 945 477 1157 458 626 457 760 701 529 704 859 335 158 857 641 426 130 788 643 113 548 1069 592 887 857 209 759 521 351 979 848 1181 1144 659 334 1172 924 754 949 257 993 212 357 876 592 359 673 1135 737 1232
560 295 481 464 250 350 762 489 495 396 267 305 722 746 641 449 534 453 162 466 424 382 376 229 150 441 447 0 406 563 381 427 702 244 237 280 211 399 309 605 566 306 637 265 796 324 237 526 536 212 546 217 745 87 485 407 654 486 290 676 471 273 340 671 608 62 371 430 296 444 558 625 426 476 410 271 317 202 104 538 445 771 723 309 481 756 487 495 507 203 587 326 96 458 364 235 272 726 420 816
928 562 571 802 244 104 1066 877 320 12 535 402 1029 1040 448 843 884 529 499 872 275 739 480 563 256 159 211 406 0 725 536 500 625 382 401 436 324 361 578 995 958 609 419 442 1071 604 528 479 607 503 811 529 1025 456 425 254 550 511 367 494 872 434 294 655 430 360 286 818 673 107 337 982 399 882 784 297 718 554 304 886 722 1047 1020 520 130 1044 889 572 904 214 862 82 347 759 672 217 559 1001 787 1102
490 277 166 351 748 621 428 852 495 725 820 329 403 389 528 551 415 205 706 680 910 844 245 373 594 615 892 563 725 0 198 230 388 369 359 311 750 379 856 932 891 837 561 317 391 864 787 332 161 355 196 761 358 636 360 497 411 250 363 524 782 834 854 294 503 531 875 810 748 823 549 486 349 730 449 795 546 723 596 407 213 372 379 255 686 385 628 174 600 656 239 686 641 261 881 533 306 331 854 429
506 145 110 355 550 432 552 748 355 534 646 134 518 520 437 507 439 101 536 612 712 706 66 240 396 442 695 381 536 198 0 96 384 171 161 114 556 219 686 844 802 674 459 121 542 698 615 244 163 193 289 591 499 461 242 329 368 161 169 449 691 647 657 321 406 342 678 698 609 630 420 531 202 654 409 599 454 561 402 435 224 519 503 83 513 521 580 127 567 458 343 491 451 277 724 336 173 474 726 576
602 236 72 450 557 396 628 831 274 500 694 129 597 594 343 602 533 31 588 704 706 777 53 325 408 384 679 427 500 230 96 0 296 188 191 148 577 149 736 931 888 730 366 165 608 750 664 148 117 268 368 643 568 512 150 267 273 68 158 354 777 678 663 246 312 378 680 779 681 601 335 624 121 744 504 612 543 620 426 529 315 587 579 167 456 593 675 76 663 462 421 468 483 369 784 325 262 542 801 644
861 529 283 712 771 540 811 1127 305 631 963 399 789 771 220 886 787 283 864 996 884 1068 348 621 643 469 834 702 625 388 384 296 0 459 470 436 812 314 1007 1226 1184 1008 262 455 760 1024 936 178 245 563 581 918 735 789 226 379 77 228 412 188 1073 925 867 99 217 646 875 1075 972 731 309 867 280 1038 785 831 837 902 675 781 568 745 763 462 524 763 961 264 944 679 626 631 738 623 1065 534 556 709 1094 800
574 186 250 434 380 282 685 688 297 378 509 61 648 658 426 525 520 216 406 599 541 611 140 221 227 321 526 244 382 369 171 188 459 0 23 58 392 171 552 796 754 549 433 60 690 568 480 284 302 151 429 461 643 330 249 231 415 242 52 454 648 491 487 428 392 191 507 632 517 468 367 617 189 628 444 431 431 443 239 519 341 666 638 138 386 662 588 261 589 287 480 327 295 381 606 170 191 619 641 720
551 164 248 412 389 303 665 671 318 397 504 71 628 638 445 503 497 217 398 578 553 599 140 199 235 343 541 237 401 359 161 191 470 23 0 48 396 190 546 778 736 541 453 43 672 561 474 297 302 128 411 454 625 323 264 254 428 249 72 472 629 491 496 434 411 188 517 616 504 486 388 595 205 608 421 438 410 433 242 497 320 648 619 120 409 643 567 261 567 298 461 345 295 359 597 188 168 601 627 701
538 145 202 393 437 335 632 695 316 433 547 54 596 604 432 503 479 173 440 589 599 632 96 204 283 364 585 280 436 311 114 148 436 58 48 0 444 180 589 800 757 582 444 20 635 603 517 268 256 136 374 496 589 365 242 264 400 211 77 455 648 538 543 394 398 234 564 641 536 525 386 576 186 623 416 486 422 472 290 478 289 611 585 85 432 608 571 215 567 344 426 384 342 333 636 228 157 564 658 665
762 496 642 674 82 326 972 578 547 312 212 448 933 957 697 636 741 607 200 623 225 425 532 439 171 431 269 211 324 750 556 577 812 392 396 444 0 499 254 694 661 286 680 435 1006 280 208 637 694 414 754 214 956 194 587 455 750 623 421 738 590 118 134 804 669 221 166 522 375 310 594 830 535 618 613 65 500 253 154 746 653 981 934 496 441 966 661 652 689 140 796 251 116 668 349 279 477 936 477 1027
711 320 216 562 461 259 770 859 139 363 653 126 737 737 255 683 648 175 559 766 591 777 153 383 329 235 553 399 361 379 219 149 314 171 190 180 499 0 698 968 926 702 264 199 755 716 628 138 247 313 507 612 714 486 88 118 257 150 119 283 819 611 562 311 221 339 573 803 685 465 208 743 40 798 594 521 599 602 362 645 441 733 721 251 307 737 750 214 747 368 561 341 426 491 762 222 336 688 809 790
708 579 789 671 335 572 968 371 773 566 46 613 929 963 924 555 714 762 151 489 423 203 685 490 383 677 493 309 578 856 686 736 1007 552 546 589 254 698 0 478 453 52 913 574 1023 27 72 830 844 502 801 95 973 225 786 681 954 794 595 962 412 157 335 980 893 362 365 325 204 557 828 784 728 463 575 293 430 140 340 722 703 999 939 609 693 976 550 803 590 381 830 504 275 698 100 498 551 958 256 1035
532 700 951 605 774 953 815 118 1086 983 503 847 787 832 1222 397 586 944 498 259 895 276 879 605 748 1046 958 605 995 932 844 931 1226 796 778 800 694 968 478 0 42 429 1226 780 901 453 493 1067 1001 666 784 481 861 540 1041 1004 1199 999 849 1250 154 628 803 1164 1188 665 835 176 322 1002 1153 597 982 205 491 749 392 443 697 597 722 883 811 764 1084 849 329 970 373 781 782 913 648 683 384 839 671 859 223 894
499 658 909 567 741 915 784 84 1044 947 475 805 755 799 1180 360 551 902 464 222 866 250 837 563 710 1006 927 566 958 891 802 888 1184 754 736 757 661 926 453 42 0 403 1184 737 869 429 463 1025 959 623 745 450 827 503 999 963 1156 956 807 1208 111 600 773 1122 1147 625 806 140 287 968 1112 566 940 166 452 718 350 409 659 561 682 850 778 722 1046 817 294 928 339 744 745 877 611 644 363 800 629 825 197 862
665 560 779 635 369 595 929 320 785 596 77 610 891 926 935 510 674 755 144 439 469 153 677 466 399 698 536 306 609 837 674 730 1008 549 541 582 286 702 52 429 403 0 926 566 987 35 81 831 834 486 771 91 937 219 789 694 958 790 595 972 360 201 378 976 904 363 409 273 154 594 843 741 731 412 535 332 389 114 352 682 675 963 902 595 719 939 502 794 543 405 798 532 288 667 64 511 531 924 206 998
964 580 405 813 619 361 985 1115 142 428 867 390 956 948 42 946 898 377 788 1030 693 1020 397 647 529 264 629 637 419 561 459 366 262 433 453 444 680 264 913 1226 1184 926 0 463 952 934 847 230 401 577 729 836 918 720 217 232 189 318 381 82 1079 798 699 337 58 575 698 1058 931 518 86 990 262 1061 855 680 862 836 574 894 681 933 935 509 297 944 1014 391 1009 541 781 452 638 735 989 416 598 892 1056 990
523 130 216 379 431 342 625 675 334 438 532 73 588 598 451 485 465 189 424 569 596 613 112 185 277 376 584 265 442 317 121 165 455 60 43 20 435 199 574 780 737 566 463 0 630 587 502 288 270 116 369 480 583 349 262 279 420 229 91 474 628 527 538 412 417 222 559 622 517 528 404 563 205 603 398 479 402 455 281 464 281 606 578 78 443 602 552 230 549 340 420 387 331 322 619 230 141 559 639 660
370 522 552 352 1030 970 96 866 881 1068 1000 673 115 70 919 520 327 588 891 652 1205 931 605 567 884 984 1206 796 1071 391 542 608 760 690 672 635 1006 755 1023 901 869 987 952 630 0 1021 965 723 551 598 262 937 51 840 749 870 795 639 706 912 779 1058 1131 661 894 792 1158 847 853 1158 938 307 729 708 458 1064 606 884 867 317 358 25 91 552 1055 52 576 563 530 951 213 1016 891 338 1009 859 535 71 918 40
700 587 802 668 362 597 963 348 794 592 70 629 925 960 945 546 709 776 163 474 450 179 698 495 405 701 520 324 604 864 698 750 1024 568 561 603 280 716 27 453 429 35 934 587 1021 0 89 847 856 511 803 107 971 238 804 703 973 809 612 983 392 184 361 995 914 379 392 303 190 584 851 776 746 445 570 320 424 142 361 717 706 997 936 619 718 973 537 816 578 406 831 530 296 699 73 519 558 957 232 1032
663 510 717 614 290 513 914 379 706 516 35 541 875 907 857 515 663 690 80 465 404 219 613 423 318 617 465 237 528 787 615 664 936 480 474 517 208 628 72 493 463 81 847 502 965 89 0 759 772 432 737 28 915 153 715 615 884 723 524 895 405 140 311 908 826 291 343 326 187 517 763 738 658 447 524 258 385 85 273 670 638 941 883 538 637 920 519 731 556 323 769 451 209 636 145 431 483 900 272 979
748 381 175 596 599 384 754 963 181 483 785 226 726 717 201 749 679 151 687 848 724 895 192 465 467 333 680 526 479 332 244 148 178 284 297 268 637 138 830 1067 1025 831 230 288 723 847 759 0 173 401 500 741 688 613 54 225 132 89 236 207 915 748 699 177 173 468 709 909 801 585 222 768 103 886 652 659 684 727 497 674 459 703 705 310 399 714 821 161 810 506 552 471 561 514 889 361 405 661 924 761
616 303 55 466 675 505 588 908 345 609 803 246 561 549 368 646 542 87 694 761 822 870 162 401 525 480 792 536 607 161 163 117 245 302 302 256 694 247 844 1001 959 834 401 270 551 856 772 173 0 356 342 750 518 619 208 363 255 100 275 364 847 793 780 165 343 490 796 859 772 710 393 624 211 806 544 729 609 722 541 536 323 532 538 246 550 545 722 42 702 579 391 581 597 378 886 441 332 492 889 590
430 82 302 299 432 412 576 563 446 497 465 188 537 555 567 374 382 286 352 453 606 514 215 71 287 466 611 212 503 355 193 268 563 151 128 136 414 313 502 666 623 486 577 116 598 511 432 401 356 0 341 407 548 281 378 382 533 335 199 591 514 485 534 511 533 195 561 511 417 575 516 479 321 487 294 469 286 372 270 383 241 573 533 110 528 562 439 319 438 354 386 435 300 265 534 286 63 527 535 623
300 262 326 179 773 710 263 719 640 807 772 415 229 231 701 388 225 353 659 524 946 744 355 320 624 730 945 546 811 196 289 368 581 429 411 374 754 507 801 784 745 771 729 369 262 803 737 500 342 341 0 709 214 600 516 619 597 412 447 703 640 815 875 489 673 536 902 685 655 896 702 290 487 579 293 809 421 661 611 216 102 237 214 291 800 234 462 341 428 692 53 755 639 107 804 598 278 190 743 291
636 484 695 586 295 508 885 366 695 516 63 522 847 879 844 489 635 669 56 442 419 212 591 396 309 611 477 217 529 761 591 643 918 461 454 496 214 612 95 481 450 91 836 480 937 107 28 741 750 407 709 0 886 131 698 603 868 703 506 881 387 160 325 888 813 273 358 311 168 524 753 710 640 425 496 268 357 58 262 642 611 913 855 514 634 891 494 709 530 320 741 450 199 608 153 421 457 871 263 951
329 473 516 303 980 924 83 822 842 1021 949 628 84 43 886 475 281 549 841 609 1155 883 563 516 834 941 1157 745 1025 358 499 568 735 643 625 589 956 714 973 861 827 937 918 583 51 971 915 688 518 548 214 886 0 789 711 828 766 603 661 881 736 1007 1081 637 860 742 1108 801 804 1110 900 270 690 665 410 1014 557 834 818 271 309 26 53 505 1012 30 533 527 488 902 164 969 840 288 960 812 485 26 872 77
571 361 564 496 258 414 797 423 577 445 185 392 758 786 725 442 556 538 76 433 419 302 460 280 208 511 458 87 456 636 461 512 789 330 323 365 194 486 225 540 503 219 720 349 840 238 153 613 619 281 600 131 789 0 571 488 740 572 377 760 417 218 328 757 693 146 361 364 221 476 639 641 513 434 424 259 305 117 157 562 499 815 762 385 545 797 467 578 494 242 636 374 110 504 277 310 335 772 343 857
748 368 196 596 547 329 774 935 137 429 741 194 744 739 196 737 681 163 646 829 669 859 181 444 417 282 626 485 425 360 242 150 226 249 264 242 587 88 786 1041 999 789 217 262 749 804 715 54 208 378 516 698 711 571 0 171 169 110 198 214 890 699 645 231 164 426 655 880 766 531 189 773 59 865 643 607 663 687 450 677 464 728 725 297 349 737 807 186 799 454 568 417 514 518 848 309 390 685 890 786
802 409 334 657 401 162 881 891 92 258 635 212 847 849 243 756 743 293 556 824 506 789 265 453 298 118 457 407 254 497 329 267 379 231 254 264 455 118 681 1004 963 694 232 279 870 703 615 225 363 382 619 603 828 488 171 0 308 263 188 284 861 572 492 401 214 345 497 833 703 361 151 840 152 850 675 462 657 605 342 742 546 848 832 346 189 850 818 331 820 316 672 253 406 593 757 184 419 802 827 904
863 509 279 712 705 467 839 1095 230 557 909 357 814 799 147 875 791 268 815 977 812 1026 321 596 583 393 760 654 550 411 368 273 77 415 428 400 750 257 954 1199 1156 958 189 420 795 973 884 132 255 533 597 868 766 740 169 308 0 207 365 123 1047 865 799 150 141 595 805 1042 932 656 231 876 228 1016 776 765 814 855 618 786 570 778 790 439 447 794 948 262 935 615 645 560 682 625 1017 472 534 740 1056 835
661 303 87 509 596 410 668 898 247 513 751 181 638 631 289 668 591 63 647 772 736 842 120 393 452 380 701 486 511 250 161 68 228 242 249 211 623 150 794 999 956 790 318 229 639 809 723 89 100 335 412 703 603 572 110 263 207 0 203 295 845 728 700 186 261 433 714 846 746 615 299 679 112 812 569 652 611 682 475 586 371 619 618 235 450 629 742 76 728 500 464 489 534 426 846 358 329 576 867 677
614 221 226 470 400 264 707 740 247 365 551 34 671 678 374 572 556 188 452 650 552 662 120 269 251 287 529 290 367 363 169 158 412 52 72 77 421 119 595 849 807 595 381 91 706 612 524 236 275 199 447 506 661 377 198 188 365 203 0 402 700 525 505 388 340 233 523 685 568 461 317 653 138 680 488 454 482 491 271 555 365 682 659 162 355 681 637 234 636 305 500 323 331 410 653 171 231 636 693 737
955 581 378 803 682 428 952 1142 192 502 916 404 925 913 45 950 885 357 832 1043 766 1057 393 658 580 336 704 676 494 524 449 354 188 454 472 455 738 283 962 1250 1208 972 82 474 912 983 895 207 364 591 703 881 881 760 214 284 123 295 402 0 1101 856 766 273 70 614 767 1086 966 595 156 974 269 1077 855 743 877 877 622 881 665 894 902 510 376 909 1021 362 1012 599 753 520 687 720 1034 466 603 855 1091 951
411 546 798 463 666 821 699 87 940 861 425 697 668 710 1074 261 456 791 390 128 805 221 727 452 619 910 859 471 872 782 691 777 1073 648 629 648 590 819 412 154 111 360 1079 628 779 392 405 915 847 514 640 387 736 417 890 861 1047 845 700 1101 0 545 711 1011 1040 528 744 94 219 890 1008 483 832 74 347 650 239 338 569 466 573 759 688 611 953 727 206 816 254 659 643 790 527 537 336 703 518 731 179 777
780 568 739 713 190 444 1015 517 664 421 125 549 975 1003 814 640 771 707 180 601 268 352 630 495 282 549 335 273 434 834 647 678 925 491 491 538 118 611 157 628 600 201 798 527 1058 184 140 748 793 485 815 160 1007 218 699 572 865 728 525 856 545 0 177 912 786 305 208 465 326 402 712 853 646 585 636 139 505 216 253 777 714 1033 980 579 555 1015 651 751 685 258 853 365 196 721 257 394 544 989 406 1075
895 615 732 805 107 338 1101 689 578 282 302 537 1062 1084 722 770 874 694 325 752 94 528 624 566 261 436 158 340 294 854 657 663 867 487 496 543 134 562 335 803 773 378 699 538 1131 361 311 699 780 534 875 325 1081 328 645 492 799 700 505 766 711 177 0 873 698 339 34 636 492 237 613 963 601 743 746 70 633 373 265 878 775 1106 1061 605 424 1093 793 739 822 201 919 247 244 794 434 342 598 1060 581 1154
775 465 213 628 771 561 713 1069 345 659 937 367 692 673 296 811 700 225 833 927 900 1023 300 562 633 505 857 671 655 294 321 246 99 428 434 394 804 311 980 1164 1122 976 337 412 661 995 908 177 165 511 489 888 637 757 231 401 150 186 388 273 1011 912 873 0 285 619 884 1019 926 761 366 777 272 971 709 830 773 866 658 693 483 646 666 403 568 665 887 195 867 677 532 648 719 538 1031 532 494 611 1045 701
912 531 348 760 612 360 927 1079 122 438 847 346 899 890 34 899 844 321 763 986 700 990 345 602 511 271 641 608 430 503 406 312 217 392 411 398 669 221 893 1188 1147 904 58 417 894 914 826 173 343 533 673 813 860 693 164 214 141 261 340 70 1040 786 698 285 0 547 700 1022 900 532 95 935 214 1019 806 674 819 810 553 840 627 875 878 460 316 887 968 334 961 529 724 452 618 681 966 396 550 834 1025 933
583 276 436 475 239 295 765 549 433 351 318 252 726 746 579 484 550 406 220 515 414 444 328 230 108 382 426 62 360 531 342 378 646 191 188 234 221 339 362 665 625 363 575 222 792 379 291 468 490 195 536 273 742 146 426 345 595 433 233 614 528 305 339 619 547 0 367 491 358 409 496 644 368 529 435 274 359 263 76 553 435 767 724 276 426 755 529 449 545 171 580 281 110 456 423 175 258 721 482 815
927 640 749 835 129 340 1130 722 581 275 333 554 1091 1112 723 802 904 710 358 786 61 560 642 595 283 434 130 371 286 875 678 680 875 507 517 564 166 573 365 835 806 409 698 559 1158 392 343 709 796 561 902 358 1108 361 655 497 805 714 523 767 744 208 34 884 700 367 0 669 525 219 613 994 612 777 778 102 666 406 291 909 802 1133 1090 628 416 1121 826 756 855 220 946 248 274 822 464 356 624 1088 613 1182
484 557 807 515 601 777 771 59 916 807 342 686 737 779 1056 327 520 795 324 208 729 129 726 458 572 871 788 430 818 810 698 779 1075 632 616 641 522 803 325 176 140 273 1058 622 847 303 326 909 859 511 685 311 801 364 880 833 1042 846 685 1086 94 465 636 1019 1022 491 669 0 147 828 983 559 821 162 398 579 266 269 521 530 609 825 756 616 908 795 285 825 332 605 695 737 472 579 244 665 527 794 86 847
517 477 719 503 454 636 789 204 789 661 208 575 752 789 933 360 533 701 177 285 586 97 627 378 430 732 643 296 673 748 609 681 972 517 504 536 375 685 204 322 287 154 931 517 853 190 187 801 772 417 655 168 804 221 766 703 932 746 568 966 219 326 492 926 900 358 525 147 0 681 853 593 706 261 396 433 247 122 379 541 566 830 765 527 766 804 348 735 389 459 676 592 327 548 158 529 447 793 125 860
990 641 672 872 228 206 1147 885 426 103 518 495 1109 1122 549 891 952 631 504 906 189 735 577 629 301 263 113 444 107 823 630 601 731 468 486 525 310 465 557 1002 968 594 518 528 1158 584 517 585 710 575 896 524 1110 476 531 361 656 615 461 595 890 402 237 761 532 409 219 828 681 0 439 1048 504 909 843 264 761 559 341 954 804 1133 1102 605 221 1128 931 674 951 241 947 141 367 837 655 298 635 1087 786 1187
919 528 385 769 533 275 962 1040 70 346 782 332 931 927 111 889 855 351 706 965 610 940 355 586 445 180 548 558 337 549 420 335 309 367 388 386 594 208 828 1153 1112 843 86 404 938 851 763 222 393 516 702 753 900 639 189 151 231 299 317 156 1008 712 613 366 95 496 613 983 853 439 0 949 218 994 802 594 798 756 491 852 644 917 913 459 221 926 954 375 952 455 755 366 555 696 906 332 543 874 978 975
76 433 598 183 875 892 219 570 882 975 770 628 192 237 966 236 98 617 674 355 1048 659 595 420 750 938 1069 625 982 486 531 624 867 617 595 576 830 743 784 597 566 741 990 563 307 776 738 768 624 479 290 710 270 641 773 840 876 679 653 974 483 853 963 777 935 644 994 559 593 1048 949 0 732 410 218 893 354 653 718 98 309 290 218 494 1003 255 277 615 230 815 255 912 720 255 751 765 427 275 637 297
704 318 184 553 500 299 748 876 154 402 683 135 716 714 247 685 639 144 587 774 631 800 137 389 364 270 592 426 399 349 202 121 280 189 205 186 535 40 728 982 940 731 262 205 729 746 658 103 211 321 487 640 690 513 59 152 228 112 138 269 832 646 601 272 214 368 612 821 706 504 218 732 0 808 593 558 607 628 395 635 426 708 699 247 340 714 754 179 748 405 540 381 458 478 790 260 337 663 831 765
339 510 759 401 689 824 627 161 924 872 470 674 595 639 1053 194 386 755 419 56 838 284 695 421 626 907 887 476 882 730 654 744 1038 628 608 623 618 798 463 205 166 412 1061 603 708 445 447 886 806 487 579 425 665 434 865 850 1016 812 680 1077 74 585 743 971 1019 529 777 162 261 909 994 410 808 0 287 680 202 372 578 397 519 688 617 577 955 656 133 778 180 672 579 801 543 479 396 701 483 662 247 704
150 275 502 117 660 701 394 428 732 777 558 470 357 393 839 103 139 508 458 233 833 474 463 226 542 760 857 410 784 449 409 504 785 444 421 416 613 594 575 491 452 535 855 398 458 570 524 652 544 294 293 496 410 424 643 675 776 569 488 855 347 636 746 709 806 435 778 398 396 843 802 218 593 287 0 677 148 440 507 147 236 435 370 346 821 408 180 521 159 605 297 710 505 193 553 572 258 400 464 465
826 550 679 736 61 319 1032 634 552 284 255 483 993 1016 700 701 804 642 261 686 160 477 570 498 204 422 209 271 297 795 599 612 831 431 438 486 65 521 293 749 718 332 680 479 1064 320 258 659 729 469 809 268 1014 259 607 462 765 652 454 743 650 139 70 830 674 274 102 579 433 264 594 893 558 680 677 0 565 312 201 809 709 1039 993 544 421 1025 725 687 753 153 853 234 175 726 391 298 532 993 529 1086
279 309 560 258 558 649 542 306 728 709 417 474 505 542 853 136 286 554 325 168 724 328 494 219 464 724 759 317 718 546 454 543 837 431 410 422 500 599 430 392 350 389 862 402 606 424 385 684 609 286 421 357 557 305 663 657 814 611 482 877 239 505 633 773 819 359 666 266 247 761 798 354 607 202 148 565 0 299 421 294 343 583 518 376 776 556 171 579 190 520 435 639 402 314 405 521 282 547 322 613
578 446 668 532 331 523 831 326 694 542 118 503 792 825 842 430 579 644 55 385 467 188 567 353 319 623 521 202 554 723 561 620 902 443 433 472 253 602 140 443 409 114 836 455 884 142 85 727 722 372 661 58 834 117 687 605 855 682 491 877 338 216 373 866 810 263 406 269 122 559 756 653 628 372 440 312 299 0 269 586 564 860 801 481 652 838 436 683 472 341 691 474 211 558 164 425 417 819 233 897
656 350 489 550 163 257 841 580 433 294 294 297 802 822 584 551 625 455 217 569 338 456 379 307 51 354 351 104 304 596 402 426 675 239 242 290 154 362 340 697 659 352 574 281 867 361 273 497 541 270 611 262 818 157 450 342 618 475 271 622 569 253 265 658 553 76 291 521 379 341 491 718 395 578 507 201 421 269 0 628 510 842 800 343 388 831 591 500 610 100 655 223 65 532 415 159 333 797 500 891
84 334 507 85 787 795 248 552 785 879 704 530 211 250 871 205 11 523 602 341 962 616 499 326 657 840 979 538 886 407 435 529 781 519 497 478 746 645 722 597 561 682 894 464 317 717 670 674 536 383 216 642 271 562 677 742 786 586 555 881 466 777 878 693 840 553 909 530 541 954 852 98 635 397 147 809 294 586 628 0 216 295 227 396 905 266 268 524 226 723 196 817 634 161 699 669 329 265 602 320
294 164 291 144 673 623 344 647 578 717 673 336 307 319 657 338 221 308 560 468 847 657 290 219 526 652 848 445 722 213 224 315 568 341 320 289 653 441 703 722 682 675 681 281 358 706 638 459 323 241 102 611 309 499 464 546 570 371 365 665 573 714 775 483 627 435 802 609 566 804 644 309 426 519 236 709 343 564 510 216 0 333 298 204 721 325 415 309 389 593 145 662 537 55 711 506 177 287 661 384
351 497 532 328 1005 946 89 845 860 1044 975 649 100 54 900 499 305 567 867 632 1180 909 583 542 859 961 1181 771 1047 372 519 587 745 666 648 611 981 733 999 883 850 963 933 606 25 997 941 703 532 573 237 913 26 815 728 848 778 619 682 894 759 1033 1106 646 875 767 1133 825 830 1133 917 290 708 688 435 1039 583 860 842 295 333 0 72 528 1032 36 556 544 511 927 188 992 865 313 986 835 510 47 896 57
279 461 531 269 963 920 50 775 852 1016 917 628 32 24 904 429 236 562 811 561 1138 842 568 495 820 943 1144 723 1020 379 503 579 763 638 619 585 934 721 939 811 778 902 935 578 91 936 883 705 538 533 214 855 53 762 725 832 790 618 659 902 688 980 1061 666 878 724 1090 756 765 1102 913 218 699 617 370 993 518 801 800 227 298 72 0 501 1013 39 485 544 439 888 160 961 819 268 922 805 471 66 828 96
460 71 192 312 499 420 548 667 390 516 570 134 511 520 493 440 398 180 458 538 667 624 119 159 346 449 659 309 520 255 83 167 462 138 120 85 496 251 609 764 722 595 509 78 552 619 538 310 246 110 291 514 505 385 297 346 439 235 162 510 611 579 605 403 460 276 628 616 527 605 459 494 247 577 346 544 376 481 343 396 204 528 501 0 517 524 511 210 502 411 343 464 386 248 644 307 95 482 643 582
958 572 523 820 365 131 1061 967 223 141 648 386 1026 1031 330 891 906 482 598 938 403 840 450 595 337 72 334 481 130 686 513 456 524 386 409 432 441 307 693 1084 1046 719 297 443 1055 718 637 399 550 528 800 634 1012 545 349 189 447 450 355 376 953 555 424 568 316 426 416 908 766 221 221 1003 340 955 821 421 776 652 388 905 721 1032 1013 517 0 1033 945 519 954 314 853 190 441 765 783 255 576 986 885 1088
318 488 541 305 993 943 55 814 866 1040 954 649 64 18 913 468 275 574 846 600 1168 881 586 527 849 962 1172 756 1044 385 521 593 763 662 643 608 966 737 976 849 817 939 944 602 52 973 920 714 545 562 234 891 30 797 737 850 794 629 681 909 727 1015 1093 665 887 755 1121 795 804 1128 926 255 714 656 408 1025 556 838 831 266 325 36 39 524 1033 0 524 554 478 917 182 987 851 299 961 830 499 54 867 61
206 440 679 284 724 818 494 293 884 880 547 624 463 506 1001 77 257 681 474 78 885 395 630 368 634 891 924 487 889 628 580 675 961 588 567 571 661 750 550 329 294 502 1014 552 576 537 519 821 722 439 462 494 533 467 807 818 948 742 637 1021 206 651 793 887 968 529 826 285 348 931 954 277 754 133 180 725 171 436 591 268 415 556 485 511 945 524 0 698 48 690 456 810 569 369 499 690 418 531 367 571
602 270 19 451 633 468 594 875 322 573 762 204 565 556 361 622 530 46 654 734 782 832 121 368 484 449 754 495 572 174 127 76 264 261 261 215 652 214 803 970 928 794 391 230 563 816 731 161 42 319 341 709 527 578 186 331 262 76 234 362 816 751 739 195 334 449 756 825 735 674 375 615 179 778 521 687 579 683 500 524 309 544 544 210 519 554 698 0 680 538 391 543 555 364 847 401 299 501 853 601
160 431 661 251 749 829 447 341 882 895 585 621 416 460 994 64 215 667 506 126 913 441 620 367 652 897 949 507 904 600 567 663 944 589 567 567 689 747 590 373 339 543 1009 549 530 578 556 810 702 438 428 530 488 494 799 820 935 728 636 1012 254 685 822 867 961 545 855 332 389 951 952 230 748 180 159 753 190 472 610 226 389 511 439 502 954 478 48 680 0 709 418 826 593 340 542 700 411 487 414 525
754 430 531 644 95 191 930 663 407 203 336 336 891 909 557 650 720 493 286 666 256 527 423 399 68 296 257 203 214 656 458 462 679 287 298 344 140 368 381 781 744 405 541 340 951 406 323 506 579 354 692 320 902 242 454 316 615 500 305 599 659 258 201 677 529 171 220 605 459 241 455 815 405 672 605 153 520 341 100 723 593 927 888 411 314 917 690 538 709 0 739 133 133 619 469 145 417 880 575 977
278 309 377 180 818 762 209 725 694 858 803 468 176 178 752 385 206 405 692 523 992 762 408 358 671 783 993 587 862 239 343 421 626 480 461 426 796 561 830 782 745 798 781 420 213 831 769 552 391 386 53 741 164 636 568 672 645 464 500 753 643 853 919 532 724 580 946 695 676 947 755 255 540 579 297 853 435 691 655 196 145 188 160 343 853 182 456 391 418 739 0 805 680 132 827 649 322 142 757 240
856 500 540 734 176 93 1006 795 334 71 460 357 968 981 476 765 815 499 418 792 253 659 441 492 176 190 212 326 82 686 491 468 631 327 345 384 251 341 504 913 877 532 452 387 1016 530 451 471 581 435 755 450 969 374 417 253 560 489 323 520 790 365 247 648 452 281 248 737 592 141 366 912 381 801 710 234 639 474 223 817 662 992 961 464 190 987 810 543 826 133 805 0 265 696 596 157 494 945 707 1045
654 382 543 561 157 312 858 530 498 335 229 354 818 842 648 537 630 511 157 540 328 399 434 324 110 413 357 96 347 641 451 483 738 295 295 342 116 426 275 648 611 288 638 331 891 296 209 561 597 300 639 199 840 110 514 406 682 534 331 687 527 196 244 719 618 110 274 472 327 367 555 720 458 543 505 175 402 211 65 634 537 865 819 386 441 851 569 555 593 133 680 265 0 553 352 223 362 820 444 912
239 197 346 91 695 662 311 614 630 754 671 381 273 291 711 293 166 363 560 426 870 637 341 229 552 696 876 458 759 261 277 369 623 381 359 333 668 491 698 683 644 667 735 322 338 699 636 514 378 265 107 608 288 504 518 593 625 426 410 720 537 721 794 538 681 456 822 579 548 837 696 255 478 479 193 726 314 558 532 161 55 313 268 248 765 299 369 364 340 619 132 696 553 0 698 542 203 269 636 360
675 605 831 658 431 659 947 283 848 660 137 667 910 946 997 516 690 808 203 430 523 116 731 508 462 762 592 364 672 881 724 784 1065 606 597 636 349 762 100 384 363 64 989 619 1009 73 145 889 886 534 804 153 960 277 848 757 1017 846 653 1034 336 257 434 1031 966 423 464 244 158 655 906 751 790 396 553 391 405 164 415 699 711 986 922 644 783 961 499 847 542 469 827 596 352 698 0 574 575 948 166 1018
714 345 395 585 239 129 851 724 275 212 452 205 813 825 426 638 668 356 374 683 382 611 291 348 115 207 359 235 217 533 336 325 534 170 188 228 279 222 498 839 800 511 416 230 859 519 431 361 441 286 598 421 812 310 309 184 472 358 171 466 703 394 342 532 396 175 356 665 529 298 332 765 260 701 572 298 521 425 159 669 506 835 805 307 255 830 690 401 700 145 649 157 223 542 574 0 342 789 652 889
383 30 281 244 496 466 514 576 474 554 516 212 475 492 584 348 329 273 402 443 670 544 214 70 350 511 673 272 559 306 173 262 556 191 168 157 477 336 551 671 629 531 598 141 535 558 483 405 332 63 278 457 485 335 390 419 534 329 231 603 518 544 598 494 550 258 624 527 447 635 543 427 337 483 258 532 282 417 333 329 177 510 471 95 576 499 418 299 411 417 322 494 362 203 575 342 0 464 559 559
329 450 489 290 959 899 105 817 816 997 934 603 98 63 859 470 276 523 825 605 1134 874 537 497 813 915 1135 726 1001 331 474 542 709 619 601 564 936 688 958 859 825 924 892 559 71 957 900 661 492 527 190 871 26 772 685 802 740 576 636 855 731 989 1060 611 834 721 1088 794 793 1087 874 275 663 662 400 993 547 819 797 265 287 47 66 482 986 54 531 501 487 880 142 945 820 269 948 789 464 0 863 102
562 590 836 579 558 756 846 117 914 775 280 699 811 852 1058 403 592 820 288 291 673 53 748 489 550 854 737 420 787 854 726 801 1094 641 627 658 477 809 256 223 197 206 1056 639 918 232 272 924 889 535 743 263 872 343 890 827 1056 867 693 1091 179 406 581 1045 1025 482 613 86 125 786 978 637 831 247 464 529 322 233 500 602 661 896 828 643 885 867 367 853 414 575 757 707 444 636 166 652 559 863 0 921
365 548 590 365 1054 1001 79 864 917 1098 1013 705 110 72 957 520 329 624 906 649 1229 936 640 588 909 1017 1232 816 1102 429 576 644 800 720 701 665 1027 790 1035 894 862 998 990 660 40 1032 979 761 590 623 291 951 77 857 786 904 835 677 737 951 777 1075 1154 701 933 815 1182 847 860 1187 975 297 765 704 465 1086 613 897 891 320 384 57 96 582 1088 61 571 601 525 977 240 1045 912 360 1018 889 559 102 921 0
