# TTSP Euclidean complete-graph matrix instance
# seed: 2038
# depot: 1
# L_max is not stored in this file; pass it with --budget when running algorithms.
# coordinate rows: node x y
# coord 1 89.652292 475.635231
# coord 2 109.135933 948.423315
# coord 3 555.098397 13.834155
# coord 4 220.816397 344.110251
# coord 5 302.824363 97.692142
# coord 6 433.614235 9.068266
# coord 7 498.334434 775.044404
# coord 8 460.501849 330.303460
# coord 9 549.964520 919.801690
# coord 10 371.987467 82.837588
# coord 11 435.049492 705.614715
# coord 12 565.359472 834.233024
# coord 13 691.398646 684.838868
# coord 14 291.608434 547.832413
# coord 15 892.578141 475.980262
# coord 16 109.255126 35.919218
# coord 17 99.705577 461.776150
# coord 18 430.970630 270.024573
# coord 19 371.881391 580.184473
# coord 20 25.993362 582.779075
# coord 21 814.878207 441.138734
# coord 22 610.717197 301.007896
# coord 23 3.438741 459.600840
# coord 24 517.018651 866.789412
# coord 25 896.658572 441.081092
# coord 26 864.298004 14.520617
# coord 27 380.121849 138.701021
# coord 28 68.837144 613.099541
# coord 29 236.336499 502.415579
# coord 30 171.647360 481.055707
# coord 31 90.786112 535.892666
# coord 32 829.023055 637.205713
# coord 33 914.313376 664.111236
# coord 34 734.740770 582.977066
# coord 35 983.207807 288.509203
# coord 36 420.499185 826.424073
# coord 37 638.679415 269.565642
# coord 38 868.740914 639.204821
# coord 39 563.567972 744.744174
# coord 40 845.266319 27.129535
# coord 41 469.232983 668.318972
# coord 42 31.932327 209.153573
# coord 43 281.385695 158.022956
# coord 44 608.369296 829.854297
# coord 45 143.035095 548.455423
# coord 46 28.151078 172.098999
# coord 47 175.369896 123.978793
# coord 48 264.891509 857.850541
# coord 49 568.364755 733.218377
# coord 50 66.568456 905.730191
# coord 51 315.856562 331.667231
# coord 52 32.244760 885.351501
# coord 53 683.621814 272.315662
# coord 54 443.573873 685.961886
# coord 55 795.412427 318.644213
# coord 56 97.487431 819.154686
# coord 57 377.986667 993.499947
# coord 58 961.247963 172.602890
# coord 59 815.143206 177.302084
# coord 60 994.803196 276.461026
# coord 61 303.020945 672.504960
# coord 62 267.735855 740.608996
# coord 63 139.033906 201.114175
# coord 64 505.001488 563.054126
# coord 65 212.279981 236.745559
# coord 66 720.040901 417.824769
# coord 67 814.098659 858.186649
# coord 68 526.788475 83.525272
# coord 69 937.469864 634.756777
# coord 70 335.467184 518.060663
# coord 71 122.314444 859.511771
# coord 72 237.021896 210.041022
# coord 73 178.571135 979.333662
# coord 74 185.817600 95.554145
# coord 75 798.745200 847.179339
# coord 76 779.346502 596.496780
# coord 77 522.661754 18.078764
# coord 78 614.604323 324.051783
# coord 79 510.369745 908.969731
# coord 80 760.465029 898.035339
# coord 81 597.057903 911.700974
# coord 82 165.977737 490.724830
# coord 83 500.773632 143.410252
# coord 84 527.861467 557.846008
# coord 85 256.104568 272.863454
# coord 86 70.231189 586.129424
# coord 87 600.927617 316.129038
# coord 88 236.976505 740.609566
# coord 89 162.897513 966.506651
# coord 90 960.932585 510.421257
# coord 91 66.021578 535.630110
# coord 92 379.460921 654.844220
# coord 93 166.604473 283.319537
# coord 94 99.076843 650.254990
# coord 95 461.679379 331.823867
# coord 96 346.453201 141.934915
# coord 97 923.557372 502.518624
# coord 98 140.723359 862.964856
# coord 99 897.822076 464.718781
# coord 100 66.945913 462.649880
# reference_nearest_neighbor_tour_cost: 8826
TTSP_MATRIX
100
0 96 73 33 82 52 97 61 34 15 27 3 100 83 36 26 1 60 13 100 88 15 65 79 90 67 36 29 89 19 79 14 42 10 6 92 9 46 18 54 35 67 50 20 99 4 32 17 8 54 11 42 92 77 9 99 13 63 84 91 100 31 75 1 19 26 31 38 74 19 12 52 8 21 15 35 53 61 17 11 38 2 9 40 7 20 65 68 5 2 72 58 75 84 31 87 74 13 36 68
0 473 656 186 434 580 507 398 640 484 415 596 637 214 803 440 17 398 301 125 726 550 88 579 808 902 445 139 149 82 60 757 846 654 913 482 586 796 545 879 426 273 371 628 90 310 362 420 544 431 268 414 628 412 723 344 593 923 784 927 290 319 279 424 269 633 819 587 863 249 385 304 511 392 801 700 630 546 604 793 669 78 529 446 262 112 536 303 496 872 64 341 207 175 399 421 834 391 808 26
473 0 1036 615 873 994 426 711 442 905 406 470 639 440 915 913 487 751 452 375 869 819 500 416 937 1201 854 338 464 472 413 784 854 725 1095 334 861 820 498 1179 456 743 809 513 401 781 827 180 507 60 650 99 887 425 931 130 273 1152 1046 1112 337 261 748 552 719 809 711 960 886 486 90 749 76 856 697 757 1018 803 403 653 489 461 895 573 691 364 801 244 57 958 415 399 668 298 710 841 929 91 925 488
656 1036 0 470 266 122 763 330 906 196 702 820 685 595 572 446 639 285 595 777 500 293 709 854 547 309 215 772 583 604 699 681 743 597 509 824 269 700 731 290 660 558 309 818 675 550 395 893 720 1017 398 1016 289 681 388 926 996 436 307 512 705 782 456 552 409 436 883 75 729 550 950 374 1036 378 868 624 33 316 896 908 899 615 141 545 396 750 306 793 1030 641 715 665 473 783 331 245 612 945 566 663
186 615 470 0 260 397 513 240 663 302 420 599 581 216 685 328 169 223 280 308 602 392 246 601 683 723 260 309 159 146 232 675 764 567 764 522 424 712 527 700 408 232 196 621 219 258 225 516 522 582 96 573 468 408 575 491 668 760 617 777 339 399 165 359 108 505 785 402 773 208 525 135 637 251 766 613 444 394 635 773 681 157 344 374 80 285 381 397 625 759 246 349 81 329 241 238 720 525 688 194
434 873 266 260 0 158 705 281 858 71 622 782 704 450 701 203 417 215 487 559 617 369 470 798 686 568 88 566 410 405 487 754 834 650 707 738 377 783 698 547 594 293 64 793 478 285 130 761 689 842 234 833 419 605 540 750 899 663 518 715 575 644 194 507 166 526 916 224 831 422 783 130 890 117 899 690 234 385 837 922 866 416 203 512 181 541 370 646 880 777 498 562 230 589 283 62 741 782 699 435
580 994 122 397 158 0 769 322 918 96 697 836 723 557 655 325 563 261 574 704 576 341 623 862 633 431 140 706 531 540 629 742 812 648 617 817 332 766 747 412 660 449 213 839 613 437 283 865 737 969 343 964 363 677 476 877 986 552 417 622 676 750 352 559 318 499 930 119 803 518 906 281 1003 262 914 682 90 363 903 947 917 551 150 557 318 682 350 758 995 728 642 648 383 723 324 159 695 903 650 583
507 426 763 513 705 769 0 446 154 704 94 89 213 307 495 835 507 509 232 510 460 487 587 94 520 844 647 459 378 439 473 358 431 305 687 93 525 395 72 824 111 733 654 123 421 765 727 248 82 451 479 479 536 105 545 403 249 760 677 704 221 233 677 212 610 420 327 692 461 304 385 623 379 748 309 333 757 466 134 290 169 437 632 219 558 468 470 264 386 533 494 169 593 418 445 651 505 368 506 533
398 711 330 240 281 322 446 0 596 263 376 515 423 275 456 458 384 67 265 503 371 153 475 539 450 513 208 483 283 326 423 480 563 373 524 498 188 512 427 490 338 445 249 521 385 460 352 563 417 697 145 701 231 356 335 609 668 525 386 537 377 453 346 237 265 274 635 256 566 226 628 254 708 361 618 415 318 154 581 642 597 335 191 237 212 467 141 467 702 532 445 335 298 483 2 220 494 621 458 415
640 442 906 663 858 918 154 596 0 856 243 87 274 453 561 988 642 661 383 623 547 622 714 62 591 958 799 571 522 579 599 397 445 384 766 160 656 425 176 940 264 879 808 107 551 912 880 292 187 484 633 519 661 257 649 464 187 853 788 782 349 334 828 360 762 530 271 837 481 455 432 776 376 901 259 396 902 599 41 212 48 576 778 363 711 584 606 361 390 580 618 315 743 525 595 804 560 413 573 665
484 905 196 302 71 96 704 263 856 0 626 776 681 472 652 267 467 196 497 608 570 323 527 797 635 497 56 611 441 446 533 718 795 618 645 745 326 746 689 477 594 363 118 784 519 355 201 782 679 878 255 871 365 607 485 786 911 596 453 652 594 666 261 498 222 483 893 155 790 437 816 185 917 187 875 656 164 342 838 903 859 457 142 500 223 587 327 671 908 728 546 572 287 630 265 64 693 814 650 487
415 406 702 420 622 697 94 376 243 626 0 183 257 213 512 745 415 436 140 427 463 441 497 181 532 814 570 378 284 346 384 400 481 324 689 122 481 439 134 793 51 640 569 213 332 671 637 228 136 419 392 441 500 21 529 356 293 749 651 705 136 171 585 159 519 405 409 629 507 212 349 534 375 659 390 361 693 422 217 378 262 344 566 174 468 384 423 201 377 561 406 75 500 341 375 571 529 334 522 441
596 470 820 599 782 836 89 515 87 776 183 0 195 396 485 919 596 580 319 595 466 535 675 58 514 873 720 544 467 529 561 329 388 303 687 145 569 361 90 854 192 822 733 43 510 853 810 301 101 504 561 536 574 192 565 468 246 771 703 704 308 312 763 278 694 444 250 752 422 391 444 705 413 830 234 320 817 513 93 205 84 527 694 279 641 554 519 341 424 511 582 258 680 501 513 726 488 426 497 622
637 639 685 581 704 723 213 423 274 681 257 195 0 423 290 872 632 490 336 673 273 392 724 252 319 692 629 627 490 558 619 146 224 111 492 306 419 183 141 675 223 813 668 167 565 838 762 460 132 663 516 689 413 248 381 609 440 579 522 509 389 427 734 223 656 269 212 623 251 393 595 657 591 776 195 125 688 369 288 224 246 560 574 207 599 629 380 458 599 321 643 313 661 593 421 643 295 579 302 663
214 440 595 216 450 557 307 275 453 472 213 396 423 0 605 543 210 311 87 268 534 403 301 391 614 783 419 232 72 137 201 545 633 445 739 307 445 584 336 760 215 427 390 424 149 459 440 311 333 423 218 426 479 205 553 334 454 768 641 754 125 194 379 214 321 448 608 520 652 53 355 342 446 464 589 490 578 393 422 585 475 138 455 236 277 225 386 200 438 670 226 138 293 218 275 410 634 349 612 240
803 915 572 685 701 655 495 456 561 652 512 485 290 605 0 898 793 505 531 873 85 332 889 542 35 462 613 835 657 721 804 173 189 191 208 588 327 165 425 451 465 901 689 454 753 916 799 735 414 931 595 953 292 496 185 866 730 311 309 224 621 679 802 397 721 182 390 536 165 559 860 707 874 803 383 165 589 317 578 442 526 727 514 374 668 830 333 707 879 77 829 543 751 812 454 640 41 846 12 826
440 913 446 328 203 325 835 458 988 267 745 919 872 543 898 0 426 398 604 553 814 567 437 926 886 755 290 579 483 449 500 938 1021 831 910 850 579 970 842 736 728 190 211 938 514 159 110 837 835 871 361 853 621 731 742 783 995 863 720 918 665 722 168 659 226 720 1083 420 1022 533 824 216 946 97 1065 874 414 582 961 1080 1002 458 406 669 279 552 566 716 932 975 502 675 254 614 460 260 939 828 898 429
17 487 639 169 417 563 507 384 642 467 415 596 632 210 793 426 0 383 297 142 715 536 96 582 797 886 428 154 143 74 75 750 839 646 900 486 572 789 543 863 423 262 354 628 97 298 346 429 542 445 252 429 614 410 710 357 600 909 770 914 293 326 264 418 252 622 817 571 855 242 398 287 524 376 798 693 613 533 607 792 671 72 512 439 245 128 522 311 509 863 81 340 191 188 385 404 825 403 798 33
398 751 285 223 215 261 509 67 661 196 436 580 490 311 505 398 383 0 316 512 420 182 468 603 496 503 141 499 303 334 432 542 624 436 553 556 208 573 493 480 400 404 187 587 401 415 294 611 483 733 131 733 253 416 368 642 725 539 395 564 422 498 300 302 221 325 702 210 624 266 665 203 753 301 684 477 268 191 644 709 663 345 145 304 175 480 176 509 746 582 451 388 265 505 69 153 545 660 506 412
301 452 595 280 487 574 232 265 383 497 140 319 336 87 531 604 297 316 0 346 464 367 388 321 543 750 442 305 156 223 285 461 549 363 677 251 409 500 253 728 131 503 432 344 231 534 497 298 249 446 255 457 438 128 498 364 413 717 599 693 115 191 445 134 379 384 522 520 568 72 375 394 443 519 503 408 582 353 357 502 401 224 455 158 328 302 350 210 439 593 309 75 361 282 264 439 557 365 538 327
125 375 777 308 559 704 510 503 623 608 427 595 673 268 873 553 142 512 346 0 801 649 125 567 882 1013 568 52 225 178 80 805 892 709 1001 464 688 845 561 990 451 374 496 633 122 411 483 364 563 325 384 303 727 430 813 247 541 1021 887 1016 291 289 398 479 393 713 835 707 913 316 293 428 425 513 817 753 752 643 584 799 659 168 647 502 386 44 634 263 407 938 62 361 331 99 503 545 901 303 880 127
726 869 500 602 617 576 460 371 547 570 463 466 273 534 85 814 715 420 464 801 0 248 812 520 82 429 530 766 582 644 730 197 244 163 227 551 246 205 394 415 414 817 604 440 680 831 714 690 382 881 511 900 214 445 124 811 704 306 264 244 562 624 717 333 636 98 417 459 229 486 809 622 833 718 406 159 514 232 558 460 519 651 433 310 584 759 248 651 837 162 755 485 667 746 370 556 125 795 86 748
550 819 293 392 369 341 487 153 622 323 441 535 392 403 332 567 536 182 367 649 248 0 628 573 318 383 282 625 425 475 571 401 473 308 373 559 42 425 446 361 394 586 359 529 529 597 470 655 434 814 296 822 78 420 186 729 731 373 239 385 482 558 482 283 404 160 593 233 467 351 742 385 804 472 578 340 296 23 616 616 611 484 192 270 356 611 18 577 802 408 593 423 444 619 152 308 372 733 331 567
88 500 709 246 470 623 587 475 714 527 497 675 724 301 889 437 96 468 388 125 812 628 0 655 893 969 495 167 237 170 116 844 934 742 995 555 663 884 629 946 510 252 410 709 165 289 377 476 628 451 338 427 705 495 804 372 652 1000 859 1008 368 386 292 512 305 718 903 644 950 337 417 342 548 407 885 788 682 626 677 875 746 165 589 534 314 143 614 365 531 959 98 424 240 213 476 468 921 426 894 64
579 416 854 601 798 862 94 539 62 797 181 58 252 391 542 926 582 603 321 567 520 573 655 0 570 920 741 515 460 518 540 387 446 358 743 105 609 419 131 902 204 817 747 99 491 849 818 252 143 452 572 485 617 195 615 422 188 824 751 759 289 279 766 304 700 493 297 783 480 393 395 714 357 839 282 377 849 551 43 245 92 514 724 309 649 528 557 307 368 569 560 253 681 471 538 745 546 376 554 605
808 937 547 683 686 633 520 450 591 635 532 514 319 614 35 886 797 496 543 882 82 318 893 570 0 428 599 846 663 726 811 207 224 215 175 613 310 200 451 417 484 895 677 484 761 909 788 757 439 951 591 972 272 515 159 884 758 276 276 192 637 697 795 410 714 178 425 514 198 566 880 699 897 790 418 195 565 305 607 477 558 732 495 387 662 839 321 724 902 95 836 560 747 825 448 626 67 866 24 830
902 1201 309 723 568 431 844 513 958 497 814 873 692 783 462 755 886 503 750 1013 429 383 969 920 428 0 500 996 795 835 933 624 652 583 299 925 341 625 790 23 764 855 600 855 897 851 698 1035 777 1196 634 1204 315 792 312 1112 1093 185 170 293 865 940 749 656 689 428 845 344 625 730 1125 657 1184 683 835 588 342 398 962 890 936 845 386 639 661 978 400 960 1182 505 953 803 748 995 513 533 492 1115 451 915
445 854 215 260 88 140 647 208 799 56 570 720 629 419 613 290 428 141 442 568 530 282 495 741 599 500 0 567 391 401 491 671 749 568 621 689 290 699 633 478 537 355 101 728 473 354 205 728 624 829 203 824 332 551 453 737 855 582 437 630 539 612 249 442 194 440 840 157 746 382 766 160 864 199 823 607 187 299 781 849 803 412 121 444 183 544 283 619 856 690 506 516 258 584 210 34 654 763 612 451
139 338 772 309 566 706 459 483 571 611 378 544 627 232 835 579 154 499 305 52 766 625 167 515 846 996 567 0 201 167 80 761 847 667 970 411 665 800 512 973 404 406 502 581 98 443 501 314 514 293 374 275 703 382 784 208 490 995 864 985 242 236 418 439 403 680 785 700 869 283 252 437 382 531 767 711 748 618 531 748 607 156 638 462 388 27 609 211 366 898 78 313 344 48 483 547 862 260 842 150
149 464 583 159 410 531 378 283 522 441 284 467 490 72 657 483 143 303 156 225 582 425 237 460 663 795 391 201 0 68 149 608 697 505 777 373 465 647 407 772 286 357 347 496 104 390 383 357 404 438 188 434 503 277 589 346 511 796 664 791 183 240 317 275 267 491 679 510 714 100 375 292 480 410 660 551 563 418 490 657 546 71 446 297 230 186 409 238 470 725 174 209 230 202 283 377 687 373 663 174
82 472 604 146 405 540 439 326 579 446 346 529 558 137 721 449 74 334 223 178 644 475 170 518 726 835 401 167 68 0 98 676 765 572 834 426 513 715 472 812 352 306 341 559 73 341 357 388 470 437 208 428 553 340 645 346 552 848 712 848 232 277 282 343 248 552 745 533 781 168 382 279 498 386 726 619 581 470 546 722 605 11 472 364 225 146 460 268 486 790 119 271 198 184 326 382 752 383 726 106
60 413 699 232 487 629 473 423 599 533 384 561 619 201 804 500 75 432 285 80 730 571 116 540 811 933 491 80 149 98 0 745 833 646 926 439 609 785 517 910 401 332 423 595 54 369 421 366 517 371 304 354 649 383 737 283 540 943 808 941 252 271 338 415 323 640 792 628 852 245 325 357 452 450 773 691 674 565 561 761 631 88 568 438 311 54 555 252 437 871 25 312 264 115 423 470 833 331 810 77
757 784 681 675 754 742 358 480 397 718 400 329 146 545 173 938 750 542 461 805 197 401 844 387 207 624 671 761 608 676 745 0 89 109 381 450 414 40 286 610 361 905 728 293 692 926 831 606 278 808 597 835 393 389 320 754 575 483 460 397 527 571 816 332 735 245 221 631 108 508 741 730 735 841 212 64 691 380 419 270 359 679 593 311 679 761 394 601 743 183 770 450 751 730 478 691 165 724 186 782
846 854 743 764 834 812 431 563 445 795 481 388 224 633 189 1021 839 624 549 892 244 473 934 446 224 652 749 847 697 765 833 89 0 197 382 520 481 52 360 641 445 993 810 348 780 1014 915 678 353 882 685 909 455 471 365 831 629 494 497 396 611 651 903 422 822 314 218 698 37 597 816 815 800 924 216 151 755 453 472 280 402 768 665 401 766 848 468 682 810 161 858 535 839 815 562 771 162 799 200 871
654 725 597 567 650 648 305 373 384 618 324 303 111 445 191 831 646 436 363 709 163 308 742 358 215 583 568 667 505 572 646 109 197 0 385 398 328 145 236 567 279 796 621 277 593 817 724 544 224 742 488 765 315 309 271 680 544 469 414 402 441 493 708 231 627 166 286 541 209 405 672 622 683 734 272 47 603 285 396 316 356 576 498 208 570 665 299 522 689 238 670 362 642 639 371 588 205 657 201 679
913 1095 509 764 707 617 687 524 766 645 689 687 492 739 208 910 900 553 677 1001 227 373 995 743 175 299 621 970 777 834 926 381 382 385 0 778 345 369 620 296 639 955 714 658 879 962 824 917 608 1105 669 1123 300 670 190 1033 929 118 202 17 781 846 849 551 773 293 594 500 349 687 1033 750 1061 820 588 369 534 370 780 649 733 842 504 529 727 960 383 872 1064 223 950 706 817 955 523 653 222 1020 196 933
482 334 824 522 738 817 93 498 160 745 122 145 306 307 588 850 486 556 251 464 551 559 555 105 613 925 689 411 373 426 439 450 520 398 778 0 598 486 165 905 165 729 683 188 393 763 744 159 175 363 506 393 613 142 631 323 172 848 760 795 194 175 686 277 625 507 395 750 551 320 300 643 286 768 379 426 815 539 122 347 196 421 688 289 577 425 541 203 293 626 458 176 600 367 496 688 598 282 599 507
586 861 269 424 377 332 525 188 656 326 481 569 419 445 327 579 572 208 409 688 246 42 663 609 310 341 290 665 465 513 609 414 481 328 345 598 0 435 481 319 433 610 374 561 569 618 486 697 469 856 329 864 45 460 164 771 769 337 199 356 524 600 504 322 428 169 614 217 472 392 784 406 846 485 599 356 277 60 652 640 643 522 187 309 383 651 60 619 844 402 631 464 472 660 188 319 368 775 324 603
796 820 700 712 783 766 395 512 425 746 439 361 183 584 165 970 789 573 500 845 205 425 884 419 200 625 699 800 647 715 785 40 52 145 369 486 435 0 323 613 401 941 759 323 731 962 864 642 315 845 633 872 411 428 329 792 605 476 465 384 567 609 851 372 770 267 226 652 69 547 778 764 769 873 219 99 711 405 449 281 385 718 617 350 714 800 420 640 778 158 809 490 787 770 510 721 147 762 177 821
545 498 731 527 698 747 72 427 176 689 134 90 141 336 425 842 543 493 253 561 394 446 629 131 451 790 633 512 407 472 517 286 360 236 620 165 481 323 0 771 121 755 651 96 464 784 732 319 12 522 482 550 487 134 485 472 310 697 621 637 270 296 690 191 618 362 275 662 390 322 456 627 451 751 257 262 728 424 173 250 170 472 605 190 563 518 430 327 458 461 540 205 609 474 425 641 434 439 436 571
879 1179 290 700 547 412 824 490 940 477 793 854 675 760 451 736 863 480 728 990 415 361 946 902 417 23 478 973 772 812 910 610 641 567 296 905 319 613 771 0 743 833 579 837 875 830 677 1013 758 1174 611 1182 294 772 296 1089 1073 186 153 291 843 918 727 635 667 410 832 323 615 708 1103 635 1162 663 821 573 323 376 943 875 919 822 364 618 638 956 378 938 1161 497 930 782 725 972 490 512 482 1093 441 892
426 456 660 408 594 660 111 338 264 594 51 192 223 215 465 728 423 400 131 451 414 394 510 204 484 764 537 404 286 352 401 361 445 279 639 165 433 401 121 743 0 634 544 213 348 664 619 279 118 467 370 488 450 31 478 401 338 698 601 656 166 214 572 111 502 354 394 588 469 201 396 514 426 639 375 318 652 374 244 371 275 351 526 125 449 407 376 243 428 516 424 91 490 371 337 541 484 382 474 452
273 743 558 232 293 449 733 445 879 363 640 822 813 427 901 190 262 404 503 374 817 586 252 817 895 855 355 406 357 306 332 905 993 796 955 729 610 941 755 833 634 0 255 847 357 37 167 689 750 697 309 676 655 630 771 614 857 930 784 965 537 581 107 591 182 719 1016 511 1001 433 657 205 784 191 998 842 527 594 848 1003 902 312 473 606 233 379 579 570 769 977 328 565 154 446 447 322 939 663 903 256
371 809 309 196 64 213 654 249 808 118 569 733 668 390 689 211 354 187 432 496 604 359 410 747 677 600 101 502 347 341 423 728 810 621 714 683 374 759 651 579 544 255 0 747 414 254 111 700 643 778 177 769 418 552 539 686 841 680 534 723 515 583 149 463 105 510 880 256 811 364 719 68 828 114 862 663 279 372 785 882 817 352 220 470 118 477 357 584 817 765 435 506 170 525 250 67 729 719 689 373
628 513 818 621 793 839 123 521 107 784 213 43 167 424 454 938 628 587 344 633 440 529 709 99 484 855 728 581 496 559 595 293 348 277 658 188 561 323 96 837 213 847 747 0 544 877 828 345 105 547 578 579 563 219 544 511 283 746 685 675 344 352 785 286 713 427 208 751 383 414 487 723 455 847 191 289 816 506 126 167 83 557 695 284 659 591 514 382 466 476 617 288 703 540 519 736 454 469 466 654
90 401 675 219 478 613 421 385 551 519 332 510 565 149 753 514 97 401 231 122 680 529 165 491 761 897 473 98 104 73 54 692 780 593 879 393 569 731 464 875 348 357 414 544 0 394 426 333 464 365 277 355 607 331 692 275 503 900 768 894 202 229 347 362 319 592 739 603 799 195 312 351 432 455 721 638 652 522 515 710 581 62 540 385 298 82 513 214 419 819 78 259 266 111 385 455 782 315 759 115
310 781 550 258 285 437 765 460 912 355 671 853 838 459 916 159 298 415 534 411 831 597 289 849 909 851 354 443 390 341 369 926 1014 817 962 763 618 962 784 830 664 37 254 877 394 0 155 725 779 735 329 713 663 661 781 651 893 933 787 972 571 617 115 617 195 734 1043 506 1020 463 694 212 821 175 1024 863 518 606 881 1031 933 347 473 631 249 416 591 606 806 992 365 597 178 483 462 320 954 700 918 293
362 827 395 225 130 283 727 352 880 201 637 810 762 440 799 110 346 294 497 483 714 470 377 818 788 698 205 501 383 357 421 831 915 724 824 744 486 864 732 677 619 167 111 828 426 155 0 739 725 789 251 775 529 623 650 700 893 787 642 833 563 624 85 549 119 619 973 354 917 425 737 106 855 30 955 767 363 483 853 970 893 367 326 559 169 474 467 620 843 875 426 569 160 532 354 172 838 740 799 356
420 180 893 516 761 865 248 563 292 782 228 301 460 311 735 837 429 611 298 364 690 655 476 252 757 1035 728 314 357 388 366 606 678 544 917 159 697 642 319 1013 279 689 700 345 333 725 739 0 328 204 529 234 720 248 756 172 177 977 875 933 189 117 669 380 623 633 549 817 709 347 143 648 149 766 534 577 878 638 251 497 337 380 752 399 585 334 637 121 149 778 379 233 583 266 562 721 748 124 745 442
544 507 720 522 689 737 82 417 187 679 136 101 132 333 414 835 542 483 249 563 382 434 628 143 439 777 624 514 404 470 517 278 353 224 608 175 469 315 12 758 118 750 643 105 464 779 725 328 0 531 474 557 475 133 473 479 322 685 608 625 272 301 684 182 611 350 276 651 382 317 464 619 461 744 257 251 717 412 185 253 181 470 594 180 556 519 418 331 468 451 540 205 603 477 415 632 424 447 425 570
431 60 1017 582 842 969 451 697 484 878 419 504 663 423 931 871 445 733 446 325 881 814 451 452 951 1196 829 293 438 437 371 808 882 742 1105 363 856 845 522 1174 467 697 778 547 365 735 789 204 531 0 626 40 884 436 936 92 324 1157 1044 1121 332 260 708 556 685 816 749 942 912 472 72 716 134 819 735 777 998 799 444 694 531 427 877 578 661 320 796 237 114 978 370 401 630 258 697 813 947 86 941 443
268 650 398 96 234 343 479 145 633 255 392 561 516 218 595 361 252 131 255 384 511 296 338 572 591 634 203 374 188 208 304 597 685 488 669 506 329 633 482 611 370 309 177 578 277 329 251 529 474 626 0 622 373 377 480 534 665 665 523 681 341 412 220 299 140 413 725 326 692 187 562 145 662 270 706 534 376 299 609 720 645 219 264 310 84 354 285 416 653 669 323 329 157 385 146 192 631 559 597 281
414 99 1016 573 833 964 479 701 519 871 441 536 689 426 953 853 429 733 457 303 900 822 427 485 972 1204 824 275 434 428 354 835 909 765 1123 393 864 872 550 1182 488 676 769 579 355 713 775 234 557 40 622 0 894 457 951 93 362 1171 1056 1139 344 276 693 572 673 832 782 942 939 476 94 706 174 805 767 801 996 809 479 728 565 417 877 594 652 302 805 251 154 1002 351 417 617 244 701 807 970 111 962 424
628 887 289 468 419 363 536 231 661 365 500 574 413 479 292 621 614 253 438 727 214 78 705 617 272 315 332 703 503 553 649 393 455 315 300 613 45 411 487 294 450 655 418 563 607 663 529 720 475 884 373 894 0 478 121 802 783 295 162 311 552 626 549 341 473 150 600 245 442 426 812 451 869 528 586 338 301 86 660 630 645 562 224 325 428 689 94 647 868 366 671 489 517 696 230 361 333 802 288 645
412 425 681 408 605 677 105 356 257 607 21 192 248 205 496 731 410 416 128 430 445 420 495 195 515 792 551 382 277 340 383 389 471 309 670 142 460 428 134 772 31 630 552 219 331 661 623 248 133 436 377 457 478 0 509 371 314 729 630 687 141 184 573 137 505 385 409 608 497 200 365 519 395 644 390 347 673 400 233 381 273 339 546 153 454 386 402 214 397 546 406 71 489 346 355 553 514 351 505 438
723 931 388 575 540 476 545 335 649 485 529 565 381 553 185 742 710 368 498 813 124 186 804 615 159 312 453 784 589 645 737 320 365 271 190 631 164 329 485 296 478 771 539 544 692 781 650 756 473 936 480 951 121 509 0 859 794 221 143 204 606 676 667 380 589 125 540 357 347 501 863 569 904 649 529 278 406 181 656 580 625 653 343 359 541 773 195 700 905 253 761 535 630 771 334 482 224 851 178 743
344 130 926 491 750 877 403 609 464 786 356 468 609 334 866 783 357 642 364 247 811 729 372 422 884 1112 737 208 346 346 283 754 831 680 1033 323 771 792 472 1089 401 614 686 511 275 651 700 172 479 92 534 93 802 371 859 0 330 1079 963 1049 252 187 619 481 594 741 718 852 860 384 47 625 180 729 702 717 907 716 423 668 508 335 787 503 569 235 712 160 161 917 285 326 540 169 608 722 885 62 875 358
593 273 996 668 899 986 249 668 187 911 293 246 440 454 730 995 600 725 413 541 704 731 652 188 758 1093 855 490 511 552 540 575 629 544 929 172 769 605 310 1073 338 857 841 283 503 893 893 177 322 324 665 362 783 314 794 330 0 1007 926 946 330 276 828 449 775 670 457 922 665 477 289 796 200 918 445 565 986 710 157 394 234 546 859 461 731 511 713 290 217 757 554 339 741 442 667 852 734 271 742 615
923 1152 436 760 663 552 760 525 853 596 749 771 579 768 311 863 909 539 717 1021 306 373 1000 824 276 185 582 995 796 848 943 483 494 469 118 848 337 476 697 186 698 930 680 746 900 933 787 977 685 1157 665 1171 295 729 221 1079 1007 0 146 109 827 896 823 601 752 344 701 443 463 715 1084 725 1124 779 694 461 465 378 863 753 824 857 461 580 712 982 388 920 1126 338 966 756 802 986 524 616 332 1072 299 940
784 1046 307 617 518 417 677 386 788 453 651 703 522 641 309 720 770 395 599 887 264 239 859 751 276 170 437 864 664 712 808 460 497 414 202 760 199 465 621 153 601 784 534 685 768 787 642 875 608 1044 523 1056 162 630 143 963 926 146 0 205 712 785 677 495 606 259 681 303 474 588 972 579 1024 635 670 421 333 248 793 723 766 721 316 477 567 850 255 807 1024 364 830 646 657 858 386 470 343 962 299 801
927 1112 512 777 715 622 704 537 782 652 705 704 509 754 224 918 914 564 693 1016 244 385 1008 759 192 293 630 985 791 848 941 397 396 402 17 795 356 384 637 291 656 965 723 675 894 972 833 933 625 1121 681 1139 311 687 204 1049 946 109 205 0 797 863 859 567 784 309 609 506 363 702 1049 761 1077 829 603 386 538 383 797 664 749 856 512 545 739 975 396 889 1081 236 964 722 828 971 536 662 237 1036 212 946
290 337 705 339 575 676 221 377 349 594 136 308 389 125 621 665 293 422 115 291 562 482 368 289 637 865 539 242 183 232 252 527 611 441 781 194 524 567 270 843 166 537 515 344 202 571 563 189 272 332 341 344 552 141 606 252 330 827 712 797 0 77 499 230 445 489 544 630 636 158 260 467 331 589 526 482 690 467 314 510 379 228 565 252 402 248 464 95 326 678 274 78 412 205 376 532 643 250 630 316
319 261 782 399 644 750 233 453 334 666 171 312 427 194 679 722 326 498 191 289 624 558 386 279 697 940 612 236 240 277 271 571 651 493 846 175 600 609 296 918 214 581 583 352 229 617 624 117 301 260 412 276 626 184 676 187 276 896 785 863 77 0 555 296 507 556 559 706 678 233 188 531 255 650 542 532 766 542 295 517 371 270 641 318 468 251 540 31 249 730 288 141 468 191 452 604 698 176 688 343
279 748 456 165 194 352 677 346 828 261 585 763 734 379 802 168 264 300 445 398 717 482 292 766 795 749 249 418 317 282 338 816 903 708 849 686 504 851 690 727 572 107 149 785 347 115 85 669 684 708 220 693 549 573 667 619 828 823 677 859 499 555 0 515 81 620 942 405 909 373 659 98 779 115 923 753 425 491 799 934 845 291 366 528 137 391 476 548 766 878 342 513 87 451 348 216 840 662 803 271
424 552 552 359 507 559 212 237 360 498 159 278 223 214 397 659 418 302 134 479 333 283 512 304 410 656 442 439 275 343 415 332 422 231 551 277 322 372 191 635 111 591 463 286 362 617 549 380 182 556 299 572 341 137 380 481 449 601 495 567 230 296 515 0 438 259 427 480 438 175 484 443 529 566 409 276 545 263 346 421 361 347 420 23 382 435 265 322 529 459 440 156 439 415 235 450 423 472 405 449
269 719 409 108 166 318 610 265 762 222 519 694 656 321 721 226 252 221 379 393 636 404 305 700 714 689 194 403 267 248 323 735 822 627 773 625 428 770 618 667 502 182 105 713 319 195 119 623 611 685 140 673 473 505 589 594 775 752 606 784 445 507 81 438 0 539 865 350 827 307 629 36 743 144 847 672 380 412 735 859 777 258 303 450 57 377 397 504 731 797 333 450 65 429 267 164 759 630 722 269
633 809 436 505 526 499 420 274 530 483 405 444 269 448 182 720 622 325 384 713 98 160 718 493 178 428 440 680 491 552 640 245 314 166 293 507 169 267 362 410 354 719 510 427 592 734 619 633 350 816 413 832 150 385 125 741 670 344 259 309 489 556 620 259 539 0 450 386 307 397 743 526 780 624 437 188 446 141 534 482 509 559 351 238 486 671 157 581 782 258 665 415 570 663 272 464 220 731 184 655
819 711 883 785 916 930 327 635 271 893 409 250 212 608 390 1083 817 702 522 835 417 593 903 297 425 845 840 785 679 745 792 221 218 286 594 395 614 226 275 832 394 1016 880 208 739 1043 973 549 276 749 725 782 600 409 540 718 457 701 681 609 544 559 942 427 865 450 0 826 255 587 692 868 647 988 19 264 889 570 308 67 224 745 780 415 809 792 582 589 660 377 815 480 866 745 633 855 372 673 402 845
587 960 75 402 224 119 692 256 837 155 629 752 623 520 536 420 571 210 520 707 459 233 644 783 514 344 157 700 510 533 628 631 698 541 500 750 217 652 662 323 588 511 256 751 603 506 354 817 651 942 326 942 245 608 357 852 922 443 303 506 630 706 405 480 350 386 826 0 687 475 875 316 961 341 811 572 66 256 826 847 831 544 65 474 330 679 244 718 955 609 646 590 412 710 257 190 577 870 532 596
863 886 729 773 831 803 461 566 481 790 507 422 251 652 165 1022 855 624 568 913 229 467 950 480 198 625 746 869 714 781 852 108 37 209 349 551 472 69 390 615 469 1001 811 383 799 1020 917 709 382 912 692 939 442 497 347 860 665 463 474 363 636 678 909 438 827 307 255 687 0 613 846 819 833 925 254 163 743 448 508 317 439 785 657 417 772 869 463 708 843 127 877 558 847 839 564 770 133 829 175 887
249 486 550 208 422 518 304 226 455 437 212 391 393 53 559 533 242 266 72 316 486 351 337 393 566 730 382 283 100 168 245 508 597 405 687 320 392 547 322 708 201 433 364 414 195 463 425 347 317 472 187 476 426 200 501 384 477 715 588 702 158 233 373 175 307 397 587 475 613 0 403 323 487 448 568 451 534 340 428 570 473 172 409 196 258 274 334 243 481 626 270 144 289 271 225 376 588 396 565 274
385 90 950 525 783 906 385 628 432 816 349 444 595 355 860 824 398 665 375 293 809 742 417 395 880 1125 766 252 375 382 325 741 816 672 1033 300 784 778 456 1103 396 657 719 487 312 694 737 143 464 72 562 94 812 365 863 47 289 1084 972 1049 260 188 659 484 629 743 692 875 846 403 0 660 132 767 677 708 932 727 391 639 478 371 810 505 602 278 724 165 114 908 329 329 578 211 627 752 877 19 870 401
304 749 374 135 130 281 623 254 776 185 534 705 657 342 707 216 287 203 394 428 622 385 342 714 699 657 160 437 292 279 357 730 815 622 750 643 406 764 627 635 514 205 68 723 351 212 106 648 619 716 145 706 451 519 569 625 796 725 579 761 467 531 98 443 36 526 868 316 819 323 660 0 772 125 849 666 344 394 750 864 789 290 272 453 66 411 379 531 760 784 368 467 102 461 256 129 746 660 708 305
511 76 1036 637 890 1003 379 708 376 917 375 413 591 446 874 946 524 753 443 425 833 804 548 357 897 1184 864 382 480 498 452 735 800 683 1061 286 846 769 451 1162 426 784 828 455 432 821 855 149 461 134 662 174 869 395 904 180 200 1124 1024 1077 331 255 779 529 743 780 647 961 833 487 132 772 0 884 634 712 1021 787 339 588 424 489 896 547 711 408 786 246 20 912 458 382 696 339 707 854 885 122 884 529
392 856 378 251 117 262 748 361 901 187 659 830 776 464 803 97 376 301 519 513 718 472 407 839 790 683 199 531 410 386 450 841 924 734 820 768 485 873 751 663 639 191 114 847 455 175 30 766 744 819 270 805 528 644 649 729 918 779 635 829 589 650 115 566 144 624 988 341 925 448 767 125 884 0 970 777 346 486 876 987 914 396 319 575 191 504 470 647 871 879 456 592 189 561 363 167 843 769 802 386
801 697 868 766 899 914 309 618 259 875 390 234 195 589 383 1065 798 684 503 817 406 578 885 282 418 835 823 767 660 726 773 212 216 272 588 379 599 219 257 821 375 998 862 191 721 1024 955 534 257 735 706 767 586 390 529 702 445 694 670 603 526 542 923 409 847 437 19 811 254 568 677 849 634 970 0 251 874 555 295 64 212 726 764 396 790 774 567 572 647 374 796 461 847 727 616 838 367 658 395 827
700 757 624 613 690 682 333 415 396 656 361 320 125 490 165 874 693 477 408 753 159 340 788 377 195 588 607 711 551 619 691 64 151 47 369 426 356 99 262 573 318 842 663 289 638 863 767 577 251 777 534 801 338 347 278 717 565 461 421 386 482 532 753 276 672 188 264 572 163 451 708 666 712 777 251 0 633 318 412 302 364 622 532 254 615 709 332 561 719 201 716 404 688 682 413 628 172 692 177 725
630 1018 33 444 234 90 757 318 902 164 693 817 688 578 589 414 613 268 582 752 514 296 682 849 565 342 187 748 563 581 674 691 755 603 534 815 277 711 728 323 652 527 279 816 652 518 363 878 717 998 376 996 301 673 406 907 986 465 333 538 690 766 425 545 380 446 889 66 743 534 932 344 1021 346 874 633 0 319 891 912 897 592 127 540 369 726 308 777 1014 659 690 653 444 761 320 215 629 927 583 637
546 803 316 394 385 363 466 154 599 342 422 513 369 393 317 582 533 191 353 643 232 23 626 551 305 398 299 618 418 470 565 380 453 285 370 539 60 405 424 376 374 594 372 506 522 606 483 638 412 799 299 809 86 400 181 716 710 378 248 383 467 542 491 263 412 141 570 256 448 340 727 394 787 486 555 318 319 0 594 592 588 479 214 249 362 604 16 562 785 393 588 406 450 610 153 324 357 718 316 565
604 403 896 635 837 903 134 581 41 838 217 93 288 422 578 961 607 644 357 584 558 616 677 43 607 962 781 531 490 546 561 419 472 396 780 122 652 449 173 943 244 848 785 126 515 881 853 251 185 444 609 479 660 233 656 423 157 863 793 797 314 295 799 346 735 534 308 826 508 428 391 750 339 876 295 412 891 594 0 250 87 542 766 352 685 546 600 321 352 602 580 286 714 486 579 784 580 372 589 629
793 653 908 773 922 947 290 642 212 903 378 205 224 585 442 1080 792 709 502 799 460 616 875 245 477 890 849 748 657 722 761 270 280 316 649 347 640 281 250 875 371 1003 882 167 710 1031 970 497 253 694 720 728 630 381 580 668 394 753 723 664 510 517 934 421 859 482 67 847 317 570 639 864 588 987 64 302 912 592 250 0 164 721 798 412 803 757 603 547 601 436 783 452 855 706 640 862 428 621 455 819
669 489 899 681 866 917 169 597 48 859 262 84 246 475 526 1002 671 663 401 659 519 611 746 92 558 936 803 607 546 605 631 359 402 356 733 196 643 385 170 919 275 902 817 83 581 933 893 337 181 531 645 565 645 273 625 508 234 824 766 749 379 371 845 361 777 509 224 831 439 473 478 789 424 914 212 364 897 588 87 164 0 603 774 361 724 619 596 399 438 542 651 337 762 562 595 810 523 459 539 695
78 461 615 157 416 551 437 335 576 457 344 527 560 138 727 458 72 345 224 168 651 484 165 514 732 845 412 156 71 11 88 679 768 576 842 421 522 718 472 822 351 312 352 557 62 347 367 380 470 427 219 417 562 339 653 335 546 857 721 856 228 270 291 347 258 559 745 544 785 172 371 290 489 396 726 622 592 479 542 721 603 0 482 368 236 135 469 260 476 795 110 269 207 173 336 393 758 373 732 103
529 895 141 344 203 150 632 191 778 142 566 694 574 455 514 406 512 145 455 647 433 192 589 724 495 386 121 638 446 472 568 593 665 498 504 688 187 617 605 364 526 473 220 695 540 473 326 752 594 877 264 877 224 546 343 787 859 461 316 512 565 641 366 420 303 351 780 65 657 409 810 272 896 319 764 532 127 214 766 798 774 482 0 415 277 618 200 653 890 589 586 526 362 647 192 154 555 805 511 539
446 573 545 374 512 557 219 237 363 500 174 279 207 236 374 669 439 304 158 502 310 270 534 309 387 639 444 462 297 364 438 311 401 208 529 289 309 350 190 618 125 606 470 284 385 631 559 399 180 578 310 594 325 153 359 503 461 580 477 545 252 318 528 23 450 238 415 474 417 196 505 453 547 575 396 254 540 249 352 412 361 368 415 0 394 459 253 344 548 436 462 177 454 439 236 454 400 493 382 471
262 691 396 80 181 318 558 212 711 223 468 641 599 277 668 279 245 175 328 386 584 356 314 649 662 661 183 388 230 225 311 679 766 570 727 577 383 714 563 638 449 233 118 659 298 249 169 585 556 661 84 652 428 454 541 569 731 712 567 739 402 468 137 382 57 486 809 330 772 258 602 66 711 191 790 615 369 362 685 803 724 236 277 394 0 364 348 468 700 744 324 401 90 409 214 159 706 601 670 268
112 364 750 285 541 682 468 467 584 587 384 554 629 225 830 552 128 480 302 44 759 611 143 528 839 978 544 27 186 146 54 761 848 665 960 425 651 800 518 956 407 379 477 591 82 416 474 334 519 320 354 302 689 386 773 235 511 982 850 975 248 251 391 435 377 671 792 679 869 274 278 411 408 504 774 709 726 604 546 757 619 135 618 459 364 0 595 227 392 894 51 317 318 70 467 523 857 286 836 124
536 801 306 381 370 350 470 141 606 327 423 519 380 386 333 566 522 176 350 634 248 18 614 557 321 400 283 609 409 460 555 394 468 299 383 541 60 420 430 378 376 579 357 514 513 591 467 637 418 796 285 805 94 402 195 712 713 388 255 396 464 540 476 265 397 157 582 244 463 334 724 379 786 470 567 332 308 16 600 603 596 469 200 253 348 595 0 559 784 409 578 405 436 603 140 308 373 715 332 554
303 244 793 397 646 758 264 467 361 671 201 341 458 200 707 716 311 509 210 263 651 577 365 307 724 960 619 211 238 268 252 601 682 522 872 203 619 640 327 938 243 570 584 382 214 606 620 121 331 237 416 251 647 214 700 160 290 920 807 889 95 31 548 322 504 581 589 718 708 243 165 531 246 647 572 561 777 562 321 547 399 260 653 344 468 227 559 0 238 760 267 166 463 165 466 609 727 156 716 326
496 57 1030 625 880 995 386 702 390 908 377 424 599 438 879 932 509 746 439 407 837 802 531 368 902 1182 856 366 470 486 437 743 810 689 1064 293 844 778 458 1161 428 769 817 466 419 806 843 149 468 114 653 154 868 397 905 161 217 1126 1024 1081 326 249 766 529 731 782 660 955 843 481 114 760 20 871 647 719 1014 785 352 601 438 476 890 548 700 392 784 238 0 919 442 380 683 323 701 845 891 106 890 513
872 958 641 759 777 728 533 532 580 728 561 511 321 670 77 975 863 582 593 938 162 408 959 569 95 505 690 898 725 790 871 183 161 238 223 626 402 158 461 497 516 977 765 476 819 992 875 778 451 978 669 1002 366 546 253 917 757 338 364 236 678 730 878 459 797 258 377 609 127 626 908 784 912 879 374 201 659 393 602 436 542 795 589 436 744 894 409 760 919 0 895 599 826 873 530 716 38 893 78 895
64 415 715 246 498 642 494 445 618 546 406 582 643 226 829 502 81 451 309 62 755 593 98 560 836 953 506 78 174 119 25 770 858 670 950 458 631 809 540 930 424 328 435 617 78 365 426 379 540 370 323 351 671 406 761 285 554 966 830 964 274 288 342 440 333 665 815 646 877 270 329 368 458 456 796 716 690 588 580 783 651 110 586 462 324 51 578 267 442 895 0 335 272 119 445 483 858 336 835 73
341 399 665 349 562 648 169 335 315 572 75 258 313 138 543 675 340 388 75 361 485 423 424 253 560 803 516 313 209 271 312 450 535 362 706 176 464 490 205 782 91 565 506 288 259 597 569 233 205 401 329 417 489 71 535 326 339 756 646 722 78 141 513 156 450 415 480 590 558 144 329 467 382 592 461 404 653 406 286 452 337 269 526 177 401 317 405 166 380 599 335 0 428 280 333 514 565 317 552 367
207 668 473 81 230 383 593 298 743 287 500 680 661 293 751 254 191 265 361 331 667 444 240 681 747 748 258 344 230 198 264 751 839 642 817 600 472 787 609 725 490 154 170 703 266 178 160 583 603 630 157 617 517 489 630 540 741 802 657 828 412 468 87 439 65 570 866 412 847 289 578 102 696 189 847 688 444 450 714 855 762 207 362 454 90 318 436 463 683 826 272 428 0 373 299 229 788 580 753 205
175 298 783 329 589 723 418 483 525 630 341 501 593 218 812 614 188 505 282 99 746 619 213 471 825 995 584 48 202 184 115 730 815 639 955 367 660 770 474 972 371 446 525 540 111 483 532 266 477 258 385 244 696 346 771 169 442 986 858 971 205 191 451 415 429 663 745 710 839 271 211 461 339 561 727 682 761 610 486 706 562 173 647 439 409 70 603 165 323 873 119 280 373 0 483 565 838 217 820 190
399 710 331 241 283 324 445 2 595 265 375 513 421 275 454 460 385 69 264 503 370 152 476 538 448 513 210 483 283 326 423 478 562 371 523 496 188 510 425 490 337 447 250 519 385 462 354 562 415 697 146 701 230 355 334 608 667 524 386 536 376 452 348 235 267 272 633 257 564 225 627 256 707 363 616 413 320 153 579 640 595 336 192 236 214 467 140 466 701 530 445 333 299 483 0 222 492 621 456 416
421 841 245 238 62 159 651 220 804 64 571 726 643 410 640 260 404 153 439 545 556 308 468 745 626 533 34 547 377 382 470 691 771 588 653 688 319 721 641 512 541 322 67 736 455 320 172 721 632 813 192 807 361 553 482 722 852 616 470 662 532 604 216 450 164 464 855 190 770 376 752 129 854 167 838 628 215 324 784 862 810 393 154 454 159 523 308 609 845 716 483 514 229 565 222 0 680 750 639 425
834 929 612 720 741 695 505 494 560 693 529 488 295 634 41 939 825 545 557 901 125 372 921 546 67 492 654 862 687 752 833 165 162 205 222 598 368 147 434 482 484 939 729 454 782 954 838 748 424 947 631 970 333 514 224 885 734 332 343 237 643 698 840 423 759 220 372 577 133 588 877 746 885 843 367 172 629 357 580 428 523 758 555 400 706 857 373 727 891 38 858 565 788 838 492 680 0 862 46 858
391 91 945 525 782 903 368 621 413 814 334 426 579 349 846 828 403 660 365 303 795 733 426 376 866 1115 763 260 373 383 331 724 799 657 1020 282 775 762 439 1093 382 663 719 469 315 700 740 124 447 86 559 111 802 351 851 62 271 1072 962 1036 250 176 662 472 630 731 673 870 829 396 19 660 122 769 658 692 927 718 372 621 459 373 805 493 601 286 715 156 106 893 336 317 580 217 621 750 862 0 855 407
808 925 566 688 699 650 506 458 573 650 522 497 302 612 12 898 798 506 538 880 86 331 894 554 24 451 612 842 663 726 810 186 200 201 196 599 324 177 436 441 474 903 689 466 759 918 799 745 425 941 597 962 288 505 178 875 742 299 299 212 630 688 803 405 722 184 402 532 175 565 870 708 884 802 395 177 583 316 589 455 539 732 511 382 670 836 332 716 890 78 835 552 753 820 456 639 46 855 0 831
26 488 663 194 435 583 533 415 665 487 441 622 663 240 826 429 33 412 327 127 748 567 64 605 830 915 451 150 174 106 77 782 871 679 933 507 603 821 571 892 452 256 373 654 115 293 356 442 570 443 281 424 645 438 743 358 615 940 801 946 316 343 271 449 269 655 845 596 887 274 401 305 529 386 827 725 637 565 629 819 695 103 539 471 268 124 554 326 513 895 73 367 205 190 416 425 858 407 831 0
