# TTSP Euclidean complete-graph matrix instance
# seed: 2079
# depot: 1
# L_max is not stored in this file; pass it with --budget when running algorithms.
# coordinate rows: node x y
# coord 1 455.614307 946.926126
# coord 2 177.861526 398.887107
# coord 3 727.145512 550.788132
# coord 4 741.106206 819.375508
# coord 5 187.628574 916.893140
# coord 6 838.337746 324.833133
# coord 7 776.023950 796.491967
# coord 8 920.899758 233.733141
# coord 9 572.962699 843.874244
# coord 10 455.711779 290.800507
# coord 11 459.215821 230.302437
# coord 12 180.184433 420.562878
# coord 13 461.350420 440.479961
# coord 14 372.227581 453.458663
# coord 15 986.382995 183.641263
# coord 16 376.970185 760.297715
# coord 17 533.881817 512.463584
# coord 18 968.564308 734.868910
# coord 19 350.397396 595.950319
# coord 20 332.506360 690.650617
# coord 21 75.262889 514.772248
# coord 22 857.377606 812.455997
# coord 23 55.313635 625.154182
# coord 24 650.219484 272.777069
# coord 25 106.621750 82.195444
# coord 26 150.661843 677.807019
# coord 27 340.926241 376.660327
# coord 28 248.440756 600.323484
# coord 29 229.137145 869.931856
# coord 30 903.104757 153.598459
# coord 31 884.745278 461.244502
# coord 32 115.778427 767.286316
# coord 33 415.180171 428.007993
# coord 34 292.100164 584.550157
# coord 35 247.544597 109.806451
# coord 36 796.476558 882.023265
# coord 37 233.874599 798.256391
# coord 38 121.032796 252.237333
# coord 39 255.720547 796.503864
# coord 40 67.045959 267.064222
# coord 41 422.630164 585.696611
# coord 42 478.173957 413.206218
# coord 43 770.067183 101.112319
# coord 44 695.128763 977.056012
# coord 45 752.654158 888.221100
# coord 46 958.973560 575.856457
# coord 47 508.309820 973.502883
# coord 48 222.582113 302.908810
# coord 49 90.962649 823.304175
# coord 50 297.082133 741.269844
# coord 51 231.377326 38.969431
# coord 52 559.628769 955.010974
# coord 53 68.740579 453.254734
# coord 54 285.164758 885.734375
# coord 55 961.477761 236.094109
# coord 56 85.823729 138.168470
# coord 57 168.038784 124.436289
# coord 58 291.779261 451.181884
# coord 59 672.198502 605.128652
# coord 60 984.931599 969.116967
# coord 61 995.668909 944.808944
# coord 62 364.464475 867.466414
# coord 63 324.402772 193.383400
# coord 64 6.886646 225.358255
# coord 65 78.583726 115.877788
# coord 66 636.756223 470.041310
# coord 67 8.829232 106.353822
# coord 68 499.069640 602.644366
# coord 69 568.073010 479.675269
# coord 70 367.884429 627.250940
# coord 71 47.817982 329.260940
# coord 72 260.834449 26.992273
# coord 73 871.043034 127.949038
# coord 74 630.031758 804.525228
# coord 75 591.590556 533.143197
# coord 76 841.996687 599.554710
# coord 77 957.755224 922.972682
# coord 78 164.232646 703.739915
# coord 79 696.717277 601.380340
# coord 80 967.457231 69.090057
# coord 81 171.020271 271.469922
# coord 82 726.797814 457.350315
# coord 83 995.425757 773.779726
# coord 84 549.680788 502.969440
# coord 85 187.322745 738.153042
# coord 86 565.700338 142.951037
# coord 87 137.398514 151.465756
# coord 88 0.439492 246.581622
# coord 89 422.108564 800.318866
# coord 90 326.770124 321.862988
# coord 91 347.511693 570.392111
# coord 92 969.993353 620.497706
# coord 93 627.064770 689.404965
# coord 94 546.940221 660.389894
# coord 95 890.863409 145.441081
# coord 96 128.741261 990.352803
# coord 97 236.985177 791.481125
# coord 98 289.931498 752.208865
# coord 99 989.163305 742.911007
# coord 100 183.452802 699.039470
# reference_nearest_neighbor_tour_cost: 9379
TTSP_MATRIX
100
0 41 89 34 61 30 46 53 44 30 34 20 76 67 60 39 95 94 65 74 25 87 47 38 75 43 98 60 67 28 94 96 40 60 53 38 99 75 62 81 5 79 29 47 56 35 3 50 43 30 20 46 64 80 68 11 29 25 52 9 25 13 91 47 11 73 21 53 90 67 54 93 74 98 30 35 15 70 5 97 44 45 88 83 11 52 49 2 57 68 29 76 93 82 30 8 40 88 46 74
0 614 480 313 270 730 354 852 156 656 717 594 506 500 930 203 441 555 366 284 576 424 514 702 932 407 582 404 239 911 648 384 520 398 863 347 267 771 250 783 363 534 902 241 303 625 59 685 385 260 935 104 627 181 872 889 871 522 405 530 540 121 765 850 913 510 952 347 481 331 740 940 918 225 436 520 503 380 421 1016 733 560 567 454 340 811 857 835 150 638 392 609 309 301 912 330 268 256 571 368
614 0 570 703 518 665 718 761 595 298 328 22 287 202 837 413 374 859 262 330 155 795 257 489 325 280 165 213 474 766 710 374 239 218 297 785 403 157 405 172 308 301 663 776 755 801 663 106 433 363 364 675 122 499 800 276 275 125 536 988 983 504 252 244 300 464 338 380 398 297 148 381 744 607 435 694 940 305 557 856 128 552 899 386 339 465 251 234 470 168 241 823 535 452 757 594 397 371 881 300
480 570 0 269 652 252 251 372 331 376 418 562 288 368 449 408 197 304 379 419 653 292 676 288 778 590 424 481 591 434 181 649 335 436 652 338 552 676 532 718 307 284 452 427 338 233 476 562 692 470 713 438 666 555 392 763 703 447 77 491 477 481 538 790 781 121 845 234 174 367 715 701 447 272 137 125 438 583 59 538 622 93 349 184 571 439 712 788 394 461 380 253 171 211 437 742 546 481 325 564
313 703 269 0 562 504 42 613 170 601 653 688 471 520 681 369 370 243 450 428 732 116 713 554 973 607 597 539 514 685 386 627 509 507 864 84 508 840 486 871 395 484 719 164 70 327 279 732 650 451 932 227 766 461 624 945 901 581 225 286 284 380 752 944 966 365 1022 325 381 420 849 927 704 112 323 242 240 588 222 784 791 362 258 370 560 699 900 936 320 647 466 303 173 251 690 636 505 456 260 570
270 518 652 562 0 880 601 1002 392 681 738 496 549 499 1084 246 532 802 360 269 418 678 320 793 839 242 562 322 63 1046 833 166 539 348 809 610 127 668 138 661 406 581 1002 511 566 843 326 615 135 207 879 374 479 102 1031 785 793 477 576 799 809 184 736 715 808 634 830 442 580 341 604 893 1044 456 557 727 770 214 599 1152 646 708 820 550 179 861 767 696 262 611 382 837 495 441 1044 94 135 194 820 218
730 665 252 504 880 0 476 123 583 384 391 665 394 484 205 634 358 430 558 624 786 488 839 195 771 773 500 651 817 183 144 847 436 605 629 559 768 721 750 773 491 371 234 668 570 279 728 616 898 683 671 689 780 788 152 775 700 561 326 661 640 720 530 837 788 248 858 438 311 559 791 650 200 523 323 275 610 773 311 286 669 173 476 339 771 328 722 842 632 512 549 324 421 444 187 973 761 695 444 754
354 718 251 42 601 476 0 581 209 599 649 705 475 530 648 401 373 202 471 456 755 83 741 539 979 637 605 563 552 655 352 661 516 528 867 88 542 852 520 885 411 485 695 198 95 287 321 742 686 482 933 268 786 499 590 954 906 595 218 271 265 418 753 958 975 355 1032 338 379 442 865 926 675 146 322 208 221 619 211 752 801 343 221 371 592 687 908 951 354 654 485 262 183 266 661 676 539 488 220 601
852 761 372 613 1002 123 581 0 702 469 462 764 504 591 82 757 477 503 676 745 891 582 950 273 828 889 597 766 940 82 230 966 542 720 685 660 889 800 871 855 610 478 201 777 676 344 847 702 1018 804 717 807 880 911 41 841 761 666 447 738 715 843 598 914 851 370 921 560 430 679 878 692 117 641 445 374 690 891 431 171 751 296 545 459 890 367 788 921 755 601 665 390 542 567 93 1095 883 817 514 872
156 595 331 170 392 583 209 702 0 565 624 577 419 439 779 213 334 410 333 285 597 286 562 576 893 454 522 406 345 765 494 464 445 382 803 227 342 744 321 767 299 441 768 181 185 470 145 645 482 294 874 112 638 291 721 858 826 483 259 431 435 210 696 838 880 379 929 252 364 298 735 874 776 69 311 363 393 432 272 869 699 416 428 342 400 701 818 827 157 577 354 456 164 185 767 468 340 298 428 416
656 298 376 601 681 384 599 469 565 0 61 305 150 183 541 476 235 678 323 418 441 658 522 195 407 493 143 373 622 468 462 585 143 336 276 682 554 337 544 389 297 124 367 727 667 578 685 233 645 478 337 672 420 619 509 400 332 229 382 860 848 584 163 454 416 255 483 315 220 348 410 328 446 542 278 495 807 505 393 558 285 318 724 232 522 184 347 457 511 133 300 611 434 381 459 772 546 490 699 491
717 328 418 653 738 391 649 462 624 61 0 338 210 240 529 536 292 717 381 477 478 705 565 196 382 544 188 426 680 450 484 637 203 392 244 734 611 339 602 394 357 184 337 783 720 608 745 248 698 536 298 732 450 678 502 385 310 277 431 907 893 644 140 452 397 298 467 374 272 407 423 284 424 599 331 532 853 558 441 533 291 351 763 287 576 138 331 459 571 161 358 643 489 439 440 829 604 549 737 544
594 22 562 688 496 665 705 764 577 305 338 0 282 195 840 393 365 849 244 310 141 782 240 493 346 259 167 192 452 771 706 353 235 199 318 770 381 178 383 191 293 298 671 758 739 794 643 125 413 341 385 655 116 477 803 298 296 116 525 974 969 483 269 261 321 459 358 367 392 279 161 402 750 591 427 686 926 284 547 862 149 548 888 379 318 475 272 250 450 177 225 815 522 438 762 572 375 349 871 278
506 287 288 471 549 394 475 504 419 150 210 282 0 90 584 331 102 586 191 281 393 543 446 253 504 391 136 266 488 527 424 476 48 222 394 554 424 389 411 431 150 32 459 585 534 516 535 276 533 343 463 524 393 479 540 482 431 170 268 744 735 438 283 503 502 178 563 166 114 209 428 460 515 401 160 413 692 397 285 628 336 266 630 108 405 315 434 500 362 179 173 540 299 236 521 643 417 356 608 380
500 202 368 520 499 484 530 591 439 183 240 195 90 0 671 307 172 659 144 240 303 604 360 332 456 315 83 192 440 610 513 405 50 154 366 603 372 322 362 358 142 113 531 615 578 599 538 212 465 297 438 535 303 441 628 426 387 80 336 801 794 414 264 431 447 265 503 196 198 174 347 441 596 436 233 492 751 325 357 709 271 355 701 184 339 366 383 425 350 139 120 621 347 271 603 590 364 310 681 310
930 837 449 681 1084 205 648 82 779 541 529 840 584 671 0 839 559 552 758 827 969 642 1030 348 886 971 674 847 1022 89 296 1048 621 802 743 724 972 868 954 923 692 558 232 845 742 393 923 773 1100 887 769 882 956 992 58 902 820 744 526 785 761 924 662 980 910 452 981 643 512 761 950 742 128 716 527 440 740 973 508 116 820 377 590 541 973 423 850 988 836 674 747 437 620 648 103 1177 965 899 559 954
203 413 408 369 246 634 401 757 213 476 536 393 331 307 839 0 293 592 166 83 389 483 349 559 730 241 385 205 184 803 589 261 334 195 663 437 148 569 127 583 180 362 767 385 397 611 250 483 293 82 736 267 435 155 785 687 669 321 334 643 646 108 569 650 710 390 750 199 340 133 542 742 802 257 313 492 603 220 357 909 530 463 619 310 191 646 654 637 60 441 192 609 260 197 801 338 143 87 612 203
441 374 197 370 532 358 373 477 334 235 292 365 102 172 559 293 0 488 202 269 459 441 492 266 606 417 236 299 470 515 355 490 146 252 494 453 414 488 398 527 133 114 474 492 435 430 462 375 541 329 562 443 469 449 509 584 533 250 166 642 633 393 382 600 604 111 664 97 47 202 519 557 511 307 61 320 590 416 186 620 436 201 530 18 414 371 536 596 309 281 195 449 200 149 512 627 407 342 510 397
555 859 304 243 802 430 202 503 410 678 717 849 586 659 552 592 488 0 634 638 920 136 920 561 1081 820 723 733 752 585 286 853 633 693 954 226 737 975 716 1016 566 586 664 365 265 159 518 862 882 672 1014 464 943 700 499 1065 1007 734 324 235 212 618 842 1088 1084 425 1147 488 475 610 1006 1001 615 346 428 185 188 805 303 666 922 368 47 479 781 716 1015 1084 550 763 642 114 345 428 595 878 734 679 22 786
366 262 379 450 360 558 471 676 333 323 381 244 191 144 758 166 202 634 0 96 287 551 297 441 569 216 219 102 300 708 551 291 180 59 497 530 233 413 222 434 73 223 649 514 497 609 409 320 345 155 570 416 316 297 709 529 506 156 322 736 734 272 403 505 552 313 597 149 247 36 403 576 700 349 249 492 690 215 346 811 371 401 669 220 216 502 493 494 217 275 26 620 292 207 704 452 226 168 655 196
284 330 419 428 269 624 456 745 285 418 477 310 281 240 827 83 269 638 96 0 312 539 285 525 649 182 314 123 207 784 598 230 275 114 587 502 146 487 131 500 138 313 734 462 464 637 333 403 276 62 659 349 355 201 776 605 590 243 350 709 710 180 497 568 628 376 668 188 316 73 460 668 779 319 303 518 667 169 375 889 449 458 668 287 153 595 573 554 142 369 121 641 295 217 780 362 139 75 659 149
576 155 653 732 418 786 755 891 597 441 478 141 393 303 969 389 459 920 287 312 0 837 112 624 434 180 299 193 387 903 811 256 351 228 440 809 325 266 335 248 355 416 809 773 774 886 631 258 309 317 501 655 62 426 929 377 401 226 604 1017 1016 456 407 297 399 563 414 433 494 313 188 522 885 626 517 771 972 209 627 997 261 654 956 475 250 615 369 278 449 317 278 901 579 494 895 479 321 320 942 214
424 795 292 116 678 488 83 582 286 658 705 782 543 604 642 483 441 136 551 539 837 0 824 578 1047 719 676 645 631 660 352 743 586 609 930 92 624 925 602 960 490 551 717 231 129 257 384 814 766 565 995 330 867 577 586 1025 974 671 278 202 191 496 817 1033 1045 407 1104 415 441 523 943 986 685 227 386 213 149 702 265 751 874 378 143 436 674 730 977 1027 435 723 564 223 261 346 668 750 621 571 149 683
514 257 676 713 320 839 741 950 562 522 565 240 446 360 1030 349 492 920 297 285 112 824 0 691 545 109 379 195 300 970 845 154 410 240 550 784 249 379 264 358 369 473 886 730 745 905 571 363 201 268 612 603 172 347 986 488 513 294 617 991 993 393 509 403 510 602 521 444 533 313 296 632 955 602 544 787 950 134 642 1068 372 692 952 509 174 702 481 383 406 407 297 915 575 493 963 373 246 267 941 148
702 489 288 554 793 195 539 273 576 195 196 493 253 332 348 559 266 561 441 525 624 578 691 0 576 643 326 518 731 280 301 728 282 475 434 627 670 530 656 583 387 222 209 706 624 433 715 429 785 587 480 688 609 713 313 580 504 400 333 773 756 660 335 645 593 198 663 363 223 453 605 460 264 532 267 379 719 650 332 377 479 200 608 251 656 155 527 650 575 327 425 472 417 401 272 887 663 600 580 632
932 325 778 973 839 771 979 828 893 407 382 346 504 456 886 730 606 1081 569 649 434 1047 545 576 0 597 376 537 797 800 866 685 463 536 144 1056 727 171 730 189 594 498 664 1071 1033 985 978 249 741 686 132 983 373 823 869 60 75 413 770 1248 1239 827 245 174 44 657 101 652 609 604 254 164 766 892 662 899 1196 624 786 861 200 725 1126 611 661 463 76 196 784 325 544 1017 800 727 787 908 721 695 1102 622
407 280 590 607 242 773 637 889 454 493 544 259 391 315 971 241 417 820 216 182 180 719 109 643 597 0 356 125 208 917 765 96 364 169 576 677 146 427 159 419 287 421 846 621 638 815 464 382 157 160 644 494 239 248 923 544 554 267 527 884 886 286 515 475 567 529 589 356 462 223 363 660 906 496 464 696 844 29 551 1019 407 617 850 436 71 677 527 457 298 397 224 821 477 397 912 313 143 158 841 39
582 165 424 597 562 500 605 597 522 143 188 167 136 83 674 385 236 723 219 314 299 676 379 326 376 356 0 242 506 605 550 451 90 214 283 680 435 253 428 295 224 142 510 697 657 649 620 139 512 367 355 618 283 512 636 349 306 89 402 875 867 491 184 367 370 310 428 276 249 252 297 359 586 516 295 548 824 372 421 698 200 394 766 244 393 324 304 364 431 57 194 675 424 351 597 649 428 379 745 359
404 213 481 539 322 651 563 766 406 373 426 192 266 192 847 205 299 733 102 123 193 645 195 518 537 125 242 0 270 793 651 213 240 46 491 616 198 371 196 379 175 296 722 584 581 711 455 299 273 149 562 472 232 288 801 490 483 155 424 824 823 291 414 446 513 410 549 251 342 122 337 573 782 433 350 594 779 133 448 894 338 499 767 317 151 557 462 432 265 289 103 722 389 304 787 408 192 157 754 118
239 474 591 514 63 817 552 940 345 622 680 452 488 440 1022 184 470 752 300 207 387 631 300 731 797 208 506 270 0 984 773 153 479 292 760 567 72 627 78 624 344 520 940 478 524 787 298 567 146 146 831 341 446 58 969 746 748 423 516 762 770 135 683 682 769 571 795 380 517 280 570 844 981 406 495 670 731 178 539 1089 601 646 772 487 138 801 724 664 205 557 322 782 437 381 981 157 79 132 771 177
911 766 434 685 1046 183 655 82 765 468 450 771 527 610 89 803 515 585 708 784 903 660 970 280 800 917 605 793 984 0 308 998 560 748 657 736 929 788 912 844 646 498 143 849 750 426 910 697 1053 844 681 872 887 958 101 817 736 680 507 820 797 894 580 899 825 414 896 604 468 715 873 655 41 706 491 450 771 921 493 106 742 351 627 497 924 338 766 907 806 600 695 472 603 619 15 1140 922 857 596 903
648 710 181 386 833 144 352 230 494 462 484 706 424 513 296 589 355 286 551 598 811 352 845 301 866 765 550 651 773 308 0 828 471 605 728 430 733 792 713 840 479 409 378 550 447 137 636 681 872 651 778 591 816 735 238 862 792 593 257 518 496 660 621 909 877 248 945 411 317 543 847 760 334 427 302 145 467 760 235 401 739 158 332 338 750 451 809 910 574 575 548 181 344 392 316 923 727 662 300 741
384 374 649 627 166 847 661 966 464 585 637 353 476 405 1048 261 490 853 291 230 256 743 154 728 685 96 451 213 153 998 828 0 452 254 671 690 122 515 143 503 357 507 934 616 648 865 443 477 61 183 737 482 318 207 999 630 645 362 580 892 898 268 611 553 652 600 670 417 536 288 443 754 990 516 530 745 856 80 604 1101 499 685 880 508 77 770 616 533 308 493 304 867 517 444 994 223 124 175 874 96
520 239 335 509 539 436 516 542 445 143 203 235 48 50 621 334 146 633 180 275 351 586 410 282 463 364 90 240 479 560 471 452 0 199 360 593 412 343 402 384 158 65 482 616 571 564 553 230 511 335 430 546 347 476 579 439 391 126 312 786 777 442 252 456 459 226 518 194 161 205 380 430 546 434 205 460 734 373 331 659 290 313 675 154 385 322 392 453 372 138 158 587 336 267 553 631 405 348 655 357
398 218 436 507 348 605 528 720 382 336 392 199 222 154 802 195 252 693 59 114 228 609 240 475 536 169 214 46 292 748 605 254 199 0 477 586 221 374 215 389 131 253 680 563 552 667 445 290 312 157 549 457 259 301 755 492 477 133 381 792 790 292 392 459 515 363 556 208 295 87 353 558 737 403 304 550 747 175 405 850 336 453 728 270 186 519 460 446 252 265 57 679 351 266 743 437 214 168 715 158
863 297 652 864 809 629 867 685 803 276 244 318 394 366 743 663 494 954 497 587 440 930 550 434 144 576 283 491 760 657 728 671 360 477 0 947 689 191 687 239 507 381 523 976 928 850 902 195 730 633 73 901 387 777 725 164 81 344 652 1132 1121 767 114 267 169 530 239 553 489 531 297 84 624 793 546 770 1080 600 666 721 179 592 1000 496 631 320 118 282 712 226 471 885 693 627 644 889 682 644 975 593
347 785 338 84 610 559 88 660 227 682 734 770 554 603 724 437 453 226 530 502 809 92 784 627 1056 677 680 616 567 736 430 690 593 586 947 0 569 924 547 954 477 567 781 139 44 347 302 815 708 519 1015 248 845 511 667 1029 984 664 304 208 209 432 835 1027 1050 442 1105 408 463 499 931 1009 758 184 405 286 166 657 298 831 874 430 226 452 626 774 984 1019 383 731 547 314 257 334 743 676 567 523 238 640
267 403 552 508 127 768 542 889 342 554 611 381 424 372 972 148 414 737 233 146 325 624 249 670 727 146 435 198 72 929 733 122 412 221 689 569 0 558 22 557 284 456 879 495 527 758 326 495 145 85 759 362 382 101 919 676 677 352 479 770 776 148 612 616 700 520 728 330 462 217 505 772 925 396 445 640 735 117 503 1034 531 599 762 432 76 735 654 599 188 485 255 757 408 342 926 219 7 73 757 111
771 157 676 840 668 721 852 800 744 337 339 178 389 322 868 569 488 975 413 487 266 925 379 530 171 427 253 371 627 788 792 515 343 374 191 924 558 0 561 56 450 392 666 925 896 898 819 113 572 520 240 828 208 654 841 119 136 262 654 1123 1116 662 212 117 143 560 184 515 502 449 106 265 760 751 548 800 1072 454 673 866 54 640 1018 497 490 458 102 121 625 217 391 925 669 590 777 738 552 528 997 451
250 405 532 486 138 750 520 871 321 544 602 383 411 362 954 127 398 716 222 131 335 602 264 656 730 159 428 196 78 912 713 143 402 215 687 547 22 561 0 562 269 443 865 475 505 737 308 495 167 69 758 343 391 94 901 680 678 347 458 749 755 130 607 623 703 502 733 311 445 203 511 770 909 374 427 618 713 130 482 1018 532 580 740 415 90 723 656 606 166 480 244 736 386 321 910 232 19 56 735 121
783 172 718 871 661 773 885 855 767 389 394 191 431 358 923 583 527 1016 434 500 248 960 358 583 189 419 295 379 624 844 840 503 384 389 239 954 557 56 562 0 477 436 722 948 925 944 833 160 557 527 281 846 186 656 895 130 175 291 693 1156 1150 670 268 73 152 605 171 547 544 469 65 309 816 778 588 843 1106 447 713 922 104 687 1058 537 486 514 135 70 641 265 413 970 701 620 833 726 551 534 1038 447
363 308 307 395 406 491 411 610 299 297 357 293 150 142 692 180 133 566 73 138 355 490 369 387 594 287 224 175 344 646 479 357 158 131 507 477 284 450 269 477 0 181 596 477 448 536 397 346 408 200 579 394 378 330 642 560 527 188 250 681 676 288 404 550 582 243 633 78 180 69 454 582 641 301 177 420 633 284 275 751 403 330 603 152 280 465 520 542 215 281 77 548 229 145 643 500 277 213 588 265
534 301 284 484 581 371 485 478 441 124 184 298 32 113 558 362 114 586 223 313 416 551 473 222 498 421 142 296 520 498 409 507 65 253 381 567 456 392 443 436 181 0 427 604 549 508 561 278 564 375 448 548 411 510 515 479 424 190 273 752 742 468 268 507 498 168 561 191 112 241 438 443 486 420 165 409 700 428 288 598 338 253 631 115 436 284 430 506 391 177 204 534 314 257 492 675 449 388 608 411
902 663 452 719 1002 234 695 201 768 367 337 671 459 531 232 767 474 664 649 734 809 717 886 209 664 846 510 722 940 143 378 934 482 680 523 781 879 666 865 722 596 427 0 879 787 511 911 583 991 796 542 879 785 922 234 685 602 593 513 894 873 867 455 773 692 392 761 570 429 662 757 515 104 717 467 504 843 855 506 200 623 359 709 458 863 209 635 783 781 495 631 557 605 602 129 1096 872 809 678 838
241 776 427 164 511 668 198 777 181 727 783 758 585 615 845 385 492 365 514 462 773 231 730 706 1071 621 697 584 478 849 550 616 616 563 976 139 495 925 475 948 477 604 879 0 106 480 187 823 623 463 1046 137 817 420 787 1037 1002 663 373 290 302 348 867 1019 1059 510 1109 423 513 479 916 1045 867 184 456 405 268 597 376 948 879 521 363 496 561 844 996 1008 325 752 535 450 296 350 854 567 494 463 376 582
303 755 338 70 566 570 95 676 185 667 720 739 534 578 742 397 435 265 497 464 774 129 745 624 1033 638 657 581 524 750 447 648 571 552 928 44 527 896 505 925 448 549 787 106 0 374 259 790 665 479 996 204 811 467 685 1004 962 635 294 246 250 389 816 998 1025 434 1079 382 448 465 900 992 769 148 390 302 208 617 292 847 848 432 268 435 585 768 960 989 342 709 515 345 235 307 756 632 525 482 278 600
625 801 233 327 843 279 287 344 470 578 608 794 516 599 393 611 430 159 609 637 886 257 905 433 985 815 649 711 787 426 137 865 564 667 850 347 758 898 737 944 536 508 511 480 374 0 601 785 903 682 904 551 899 742 340 977 911 679 288 394 371 662 741 1015 993 339 1060 461 403 593 944 888 456 401 370 119 347 805 263 507 845 261 201 416 789 585 925 1014 582 681 611 46 351 421 436 928 753 692 170 785
59 663 476 279 326 728 321 847 145 685 745 643 535 538 923 250 462 518 409 333 631 384 571 715 978 464 620 455 298 910 636 443 553 445 902 302 326 819 308 833 397 561 911 187 259 601 0 729 444 314 975 55 681 240 866 936 915 565 403 477 488 179 802 901 959 520 1001 371 497 374 792 978 920 208 448 501 452 437 417 1014 779 560 526 472 398 833 902 887 193 676 434 581 308 315 912 380 327 311 533 425
685 106 562 732 615 616 742 702 645 233 248 125 276 212 773 483 375 862 320 403 258 814 363 429 249 382 139 299 567 697 681 477 230 290 195 815 495 113 495 160 346 278 583 823 790 785 729 0 537 445 264 734 215 586 742 214 187 164 542 1012 1005 582 150 229 236 447 290 408 388 355 177 279 672 646 435 687 962 405 560 781 60 527 905 383 437 379 174 229 536 106 295 812 559 483 687 694 489 454 884 398
385 433 692 650 135 898 686 1018 482 645 698 413 533 465 1100 293 541 882 345 276 309 766 201 785 741 157 512 273 146 1053 872 61 511 312 730 708 145 572 167 557 408 564 991 623 665 903 444 537 0 222 797 487 371 204 1050 685 703 423 621 906 913 277 672 604 708 650 722 464 588 339 496 814 1045 539 579 784 873 140 645 1156 558 734 906 559 129 830 673 584 332 554 360 902 553 484 1048 171 149 211 902 155
260 363 470 451 207 683 482 804 294 478 536 341 343 297 887 82 329 672 155 62 317 565 268 587 686 160 367 149 146 844 651 183 335 157 633 519 85 520 69 527 200 375 796 463 479 682 314 445 222 0 705 339 368 145 835 639 630 290 399 725 728 143 549 592 662 435 697 245 377 134 482 715 840 339 361 563 685 138 423 949 486 515 699 347 110 656 611 577 138 420 178 684 334 263 841 301 78 13 692 121
935 364 713 932 879 671 933 717 874 337 298 385 463 438 769 736 562 1014 570 659 501 995 612 480 132 644 355 562 831 681 778 737 430 549 73 1015 759 240 758 281 579 448 542 1046 996 904 975 264 797 705 0 973 445 848 756 176 106 417 718 1197 1185 839 180 292 171 592 233 624 555 604 343 32 646 863 612 829 1144 668 730 737 240 648 1060 563 701 350 147 311 785 299 544 940 761 697 668 957 753 716 1034 662
104 675 438 227 374 689 268 807 112 672 732 655 524 535 882 267 443 464 416 349 655 330 603 688 983 494 618 472 341 872 591 482 546 457 901 248 362 828 343 846 394 548 879 137 204 551 55 734 487 339 973 0 702 283 824 944 918 571 368 426 436 214 797 915 967 491 1012 358 475 380 808 975 884 166 423 454 399 468 379 975 786 525 472 452 431 812 908 903 207 675 439 529 274 295 875 432 362 337 479 455
627 122 666 766 479 780 786 880 638 420 450 116 393 303 956 435 469 943 316 355 62 867 172 609 373 239 283 232 446 887 816 318 347 259 387 845 382 208 391 186 378 411 785 817 811 899 681 215 371 368 445 702 0 484 919 316 343 223 622 1051 1049 509 365 236 338 568 352 456 500 346 126 468 866 662 529 787 1005 268 645 977 209 658 981 484 309 586 310 218 495 290 302 917 606 521 878 540 378 372 965 271
181 499 555 461 102 788 499 911 291 619 678 477 479 441 992 155 449 700 297 201 426 577 347 713 823 248 512 288 58 958 735 207 476 301 777 511 101 654 94 656 330 510 922 420 467 742 240 586 204 145 848 283 484 0 938 774 770 435 478 705 713 81 693 717 797 544 827 355 495 271 605 859 958 354 467 626 674 219 500 1064 625 615 719 465 177 794 749 700 161 565 321 734 394 345 957 188 106 134 718 213
872 800 392 624 1031 152 590 41 721 509 502 803 540 628 58 785 509 499 709 776 929 586 986 313 869 923 636 801 969 101 238 999 579 755 725 667 919 841 901 895 642 515 234 787 685 340 866 742 1050 835 756 824 919 938 0 881 801 703 469 733 710 869 639 955 891 400 961 590 463 711 918 731 141 658 474 383 687 924 451 167 791 323 539 491 923 407 828 961 781 640 699 384 563 593 115 1124 913 847 508 905
889 276 763 945 785 775 954 841 858 400 385 298 482 426 902 687 584 1065 529 605 377 1025 488 580 60 544 349 490 746 817 862 630 439 492 164 1029 676 119 680 130 560 479 685 1037 1004 977 936 214 685 639 176 944 316 774 881 0 83 375 750 1224 1216 781 245 118 23 643 83 622 591 565 195 207 785 860 642 886 1173 571 767 884 158 716 1110 590 609 480 53 138 743 303 505 1007 773 697 805 853 671 647 1087 569
871 275 703 901 793 700 906 761 826 332 310 296 431 387 820 669 533 1007 506 590 401 974 513 504 75 554 306 483 748 736 792 645 391 477 81 984 677 136 678 175 527 424 602 1002 962 911 915 187 703 630 106 918 343 770 801 83 0 349 697 1175 1165 769 171 190 90 582 160 582 535 541 237 135 703 822 589 825 1123 579 712 801 147 650 1052 538 614 398 41 207 722 253 481 943 728 656 723 867 671 639 1028 575
522 125 447 581 477 561 595 666 483 229 277 116 170 80 744 321 250 734 156 243 226 671 294 400 413 267 89 155 423 680 593 362 126 133 344 664 352 262 347 291 188 190 593 663 635 679 565 164 423 290 417 571 223 435 703 375 349 0 410 865 860 423 260 364 397 345 446 257 278 192 273 425 663 489 311 570 816 283 432 776 217 435 774 263 305 412 337 356 373 134 132 699 411 330 673 563 345 301 756 270
405 536 77 225 576 326 218 447 259 382 431 525 268 336 526 334 166 324 322 350 604 278 617 333 770 527 402 424 516 507 257 580 312 381 652 304 479 654 458 693 250 273 513 373 294 288 403 542 621 399 718 368 622 478 469 750 697 410 0 480 469 404 539 766 769 140 830 173 163 305 683 710 517 204 108 170 427 517 25 612 602 158 365 160 503 474 701 761 317 447 327 298 96 137 509 666 473 410 346 498
530 988 491 286 799 661 271 738 431 860 907 974 744 801 785 643 642 235 736 709 1017 202 991 773 1248 884 875 824 762 820 518 892 786 792 1132 208 770 1123 749 1156 681 752 894 290 246 394 477 1012 906 725 1197 426 1051 705 733 1224 1175 865 480 0 27 629 1019 1229 1245 609 1303 609 643 705 1135 1188 849 391 587 396 54 863 467 900 1072 573 196 638 830 926 1178 1221 588 923 752 349 454 536 829 856 769 728 226 846
540 983 477 284 809 640 265 715 435 848 893 969 735 794 761 646 633 212 734 710 1016 191 993 756 1239 886 867 823 770 797 496 898 777 790 1121 209 776 1116 755 1150 676 742 873 302 250 371 488 1005 913 728 1185 436 1049 713 710 1216 1165 860 469 27 0 636 1008 1223 1236 595 1295 603 632 704 1130 1176 826 392 577 378 44 866 455 876 1065 557 171 628 834 910 1169 1216 591 914 749 325 448 531 806 868 774 732 202 849
121 504 481 380 184 720 418 843 210 584 644 483 438 414 924 108 393 618 272 180 456 496 393 660 827 286 491 291 135 894 660 268 442 292 767 432 148 662 130 670 288 468 867 348 389 662 179 582 277 143 839 214 509 81 869 781 769 423 404 629 636 0 675 735 804 482 840 297 438 240 624 847 896 273 404 548 596 259 426 1001 627 547 638 409 219 752 751 720 88 547 298 654 317 276 894 266 148 137 637 247
765 252 538 752 736 530 753 598 696 163 140 269 283 264 662 569 382 842 403 497 407 817 509 335 245 515 184 414 683 580 621 611 252 392 114 835 612 212 607 268 404 268 455 867 816 741 802 150 672 549 180 797 365 693 639 245 171 260 539 1019 1008 675 0 319 258 417 327 445 376 436 308 178 551 683 432 658 966 535 552 655 172 481 887 383 562 247 192 328 615 129 378 774 581 517 568 821 604 560 862 525
850 244 790 944 715 837 958 914 838 454 452 261 503 431 980 650 600 1088 505 568 297 1033 403 645 174 475 367 446 682 899 909 553 456 459 267 1027 616 117 623 73 550 507 773 1019 998 1015 901 229 604 592 292 915 236 717 955 118 190 364 766 1229 1223 735 319 0 131 676 119 620 616 540 112 322 870 851 661 915 1179 504 786 973 170 756 1130 610 544 565 150 22 709 334 485 1041 775 693 888 775 611 598 1110 506
913 300 781 966 808 788 975 851 880 416 397 321 502 447 910 710 604 1084 552 628 399 1045 510 593 44 567 370 513 769 825 877 652 459 515 169 1050 700 143 703 152 582 498 692 1059 1025 993 959 236 708 662 171 967 338 797 891 23 90 397 769 1245 1236 804 258 131 0 661 70 643 610 588 216 203 793 882 661 904 1193 594 786 890 181 733 1128 610 632 488 69 152 766 323 528 1024 794 718 813 876 694 671 1106 593
510 464 121 365 634 248 355 370 379 255 298 459 178 265 452 390 111 425 313 376 563 407 602 198 657 529 310 410 571 414 248 600 226 363 530 442 520 560 502 605 243 168 392 510 434 339 520 447 650 435 592 491 568 544 400 643 582 345 140 609 595 482 417 676 661 0 726 191 69 311 606 581 415 335 78 243 555 527 144 520 506 91 470 93 523 335 592 674 394 344 306 366 220 210 412 727 513 447 446 508
952 338 845 1022 830 858 1032 921 929 483 467 358 563 503 981 750 664 1147 597 668 414 1104 521 663 101 589 428 549 795 896 945 670 518 556 239 1105 728 184 733 171 633 561 761 1109 1079 1060 1001 290 722 697 233 1012 352 827 961 83 160 446 830 1303 1295 840 327 119 70 726 0 698 672 633 226 264 862 935 722 968 1252 617 847 959 231 799 1191 671 657 558 136 140 808 384 574 1090 850 772 883 892 722 704 1169 618
347 380 234 325 442 438 338 560 252 315 374 367 166 196 643 199 97 488 149 188 433 415 444 363 652 356 276 251 380 604 411 417 194 208 553 408 330 515 311 547 78 191 570 423 382 461 371 408 464 245 624 358 456 355 590 622 582 257 173 609 603 297 445 620 643 191 698 0 141 133 528 623 603 241 116 343 559 350 198 710 466 270 525 112 340 464 578 613 212 329 155 471 155 75 602 536 323 257 510 330
481 398 174 381 580 311 379 430 364 220 272 392 114 198 512 340 47 475 247 316 494 441 533 223 609 462 249 342 517 468 317 536 161 295 489 463 462 502 445 544 180 112 429 513 448 403 497 388 588 377 555 475 500 495 463 591 535 278 163 643 632 438 376 616 610 69 672 141 0 249 542 547 464 331 58 299 590 462 177 573 448 160 519 30 460 337 541 614 352 288 238 426 218 182 465 674 455 389 497 443
331 297 367 420 341 559 442 679 298 348 407 279 209 174 761 133 202 610 36 73 313 523 313 453 604 223 252 122 280 715 543 288 205 87 531 499 217 449 203 469 69 241 662 479 465 593 374 355 339 134 604 380 346 271 711 565 541 192 305 705 704 240 436 540 588 311 633 133 249 0 437 610 709 316 243 475 660 218 330 819 407 397 644 220 212 523 529 529 181 308 60 602 267 182 711 435 210 147 632 198
740 148 715 849 604 791 865 878 735 410 423 161 428 347 950 542 519 1006 403 460 188 943 296 605 254 363 297 337 570 873 847 443 380 353 297 931 505 106 511 65 454 438 757 916 900 944 792 177 496 482 343 808 126 605 918 195 237 273 683 1135 1130 624 308 112 216 606 226 528 542 437 0 370 847 752 581 839 1086 392 704 956 136 691 1047 531 432 550 199 95 602 279 385 967 682 599 863 666 499 487 1028 394
940 381 701 927 893 650 926 692 874 328 284 402 460 441 742 742 557 1001 576 668 522 986 632 460 164 660 359 573 844 655 760 754 430 558 84 1009 772 265 770 309 582 443 515 1045 992 888 978 279 814 715 32 975 468 859 731 207 135 425 710 1188 1176 847 178 322 203 581 264 623 547 610 370 0 619 861 605 816 1135 684 721 708 260 634 1048 557 715 326 175 341 790 302 550 925 757 695 641 972 765 726 1021 676
918 744 447 704 1044 200 675 117 776 446 424 750 515 596 128 802 511 615 700 779 885 685 955 264 766 906 586 782 981 41 334 990 546 737 624 758 925 760 909 816 641 486 104 867 769 456 920 672 1045 840 646 884 866 958 141 785 703 663 517 849 826 896 551 870 793 415 862 603 464 709 847 619 0 718 492 472 800 912 505 113 715 360 658 494 916 306 734 879 808 578 685 502 612 623 26 1138 918 853 626 894
225 607 272 112 456 523 146 641 69 542 599 591 401 436 716 257 307 346 349 319 626 227 602 532 892 496 516 433 406 706 427 516 434 403 793 184 396 751 374 778 301 420 717 184 148 401 208 646 539 339 863 166 662 354 658 860 822 489 204 391 392 273 683 851 882 335 935 241 331 316 752 861 718 0 274 295 348 477 214 809 703 360 367 312 448 665 818 841 208 570 367 387 115 166 709 535 393 344 364 459
436 435 137 323 557 323 322 445 311 278 331 427 160 233 527 313 61 428 249 303 517 386 544 267 662 464 295 350 495 491 302 530 205 304 546 405 445 548 427 588 177 165 467 456 390 370 448 435 579 361 612 423 529 467 474 642 589 311 108 587 577 404 432 661 661 78 722 116 58 243 581 605 492 274 0 259 535 460 125 597 495 155 470 52 453 391 593 657 316 339 247 388 160 135 490 651 439 373 450 441
520 694 125 242 727 275 208 374 363 495 532 686 413 492 440 492 320 185 492 518 771 213 787 379 899 696 548 594 670 450 145 745 460 550 770 286 640 800 618 843 420 409 504 405 302 119 501 687 784 563 829 454 787 626 383 886 825 570 170 396 378 548 658 915 904 243 968 343 299 475 839 816 472 295 259 0 344 686 145 545 747 183 232 308 669 534 835 913 465 585 495 130 233 301 457 813 635 573 205 666
503 940 438 240 770 610 221 690 393 807 853 926 692 751 740 603 590 188 690 667 972 149 950 719 1196 844 824 779 731 771 467 856 734 747 1080 166 735 1072 713 1106 633 700 843 268 208 347 452 962 873 685 1144 399 1005 674 687 1173 1123 816 427 54 44 596 966 1179 1193 555 1252 559 590 660 1086 1135 800 348 535 344 0 823 414 854 1021 520 154 586 792 873 1126 1172 550 871 705 303 405 488 780 832 733 689 183 806
380 305 583 588 214 773 619 891 432 505 558 284 397 325 973 220 416 805 215 169 209 702 134 650 624 29 372 133 178 921 760 80 373 175 600 657 117 454 130 447 284 428 855 597 617 805 437 405 140 138 668 468 268 219 924 571 579 283 517 863 866 259 535 504 594 527 617 350 462 218 392 684 912 477 460 686 823 0 542 1024 432 614 834 435 41 690 553 486 275 415 227 810 463 385 916 289 114 135 826 20
421 557 59 222 599 311 211 431 272 393 441 547 285 357 508 357 186 303 346 375 627 265 642 332 786 551 421 448 539 493 235 604 331 405 666 298 503 673 482 713 275 288 506 376 292 263 417 560 645 423 730 379 645 500 451 767 712 432 25 467 455 426 552 786 786 144 847 198 177 330 704 721 505 214 125 145 414 542 0 597 621 147 345 177 527 477 718 781 339 464 351 274 112 161 496 688 497 434 325 522
1016 856 538 784 1152 286 752 171 869 558 533 862 628 709 116 909 620 666 811 889 997 751 1068 377 861 1019 698 894 1089 106 401 1101 659 850 721 831 1034 866 1018 922 751 598 200 948 847 507 1014 781 1156 949 737 975 977 1064 167 884 801 776 612 900 876 1001 655 973 890 520 959 710 573 819 956 708 113 809 597 545 854 1024 597 0 822 457 705 602 1028 408 834 983 912 689 797 551 708 726 108 1246 1027 962 674 1006
733 128 622 791 646 669 801 751 699 285 291 149 336 271 820 530 436 922 371 449 261 874 372 479 200 407 200 338 601 742 739 499 290 336 179 874 531 54 532 104 403 338 623 879 848 845 779 60 558 486 240 786 209 625 791 158 147 217 602 1072 1065 627 172 170 181 506 231 466 448 407 136 260 715 703 495 747 1021 432 621 822 0 586 965 444 467 415 125 172 585 164 347 872 619 541 731 720 524 495 944 428
560 552 93 362 708 173 343 296 416 318 351 548 266 355 377 463 201 368 401 458 654 378 692 200 725 617 394 499 646 351 158 685 313 453 592 430 599 640 580 687 330 253 359 521 432 261 560 527 734 515 648 525 658 615 323 716 650 435 158 573 557 547 481 756 733 91 799 270 160 397 691 634 360 360 155 183 520 614 147 457 586 0 415 183 608 353 664 756 459 422 396 293 253 271 352 801 593 527 388 595
567 899 349 258 820 476 221 545 428 724 763 888 630 701 590 619 530 47 669 668 956 143 952 608 1126 850 766 767 772 627 332 880 675 728 1000 226 762 1018 740 1058 603 631 709 363 268 201 526 905 906 699 1060 472 981 719 539 1110 1052 774 365 196 171 638 887 1130 1128 470 1191 525 519 644 1047 1048 658 367 470 232 154 834 345 705 965 415 0 522 809 763 1060 1126 574 807 679 155 378 463 637 893 759 706 31 815
454 386 184 370 550 339 371 459 342 232 287 379 108 184 541 310 18 479 220 287 475 436 509 251 611 436 244 317 487 497 338 508 154 270 496 452 432 497 415 537 152 115 458 496 435 416 472 383 559 347 563 452 484 465 491 590 538 263 160 638 628 409 383 610 610 93 671 112 30 220 531 557 494 312 52 308 586 435 177 602 444 183 522 0 432 360 542 606 324 287 213 436 202 157 494 644 425 360 501 415
340 339 571 560 179 771 592 890 400 522 576 318 405 339 973 191 414 781 216 153 250 674 174 656 661 71 393 151 138 924 750 77 385 186 631 626 76 490 90 486 280 436 863 561 585 789 398 437 129 110 701 431 309 177 923 609 614 305 503 830 834 219 562 544 632 523 657 340 460 212 432 715 916 448 453 669 792 41 527 1028 467 608 809 432 0 705 589 526 243 439 232 791 442 368 920 259 73 104 802 39
811 465 439 699 861 328 687 367 701 184 138 475 315 366 423 646 371 716 502 595 615 730 702 155 463 677 324 557 801 338 451 770 322 519 320 774 735 458 723 514 465 284 209 844 768 585 833 379 830 656 350 812 586 794 407 480 398 412 474 926 910 752 247 565 488 335 558 464 337 523 550 326 306 665 391 534 873 690 477 408 415 353 763 360 705 0 428 575 673 298 480 626 550 518 325 953 727 669 734 675
857 251 712 900 767 722 908 788 818 347 331 272 434 383 850 654 536 1015 493 573 369 977 481 527 76 527 304 462 724 766 809 616 392 460 118 984 654 102 656 135 520 430 635 996 960 925 902 174 673 611 147 908 310 749 828 53 41 337 701 1178 1169 751 192 150 69 592 136 578 541 529 199 175 734 818 593 835 1126 553 718 834 125 664 1060 542 589 428 0 167 709 255 469 956 727 653 753 839 648 620 1037 550
835 234 788 936 696 842 951 921 827 457 459 250 500 425 988 637 596 1084 494 554 278 1027 383 650 196 457 364 432 664 907 910 533 453 446 282 1019 599 121 606 70 542 506 783 1008 989 1014 887 229 584 577 311 903 218 700 961 138 207 356 761 1221 1216 720 328 22 152 674 140 613 614 529 95 341 879 841 657 913 1172 486 781 983 172 756 1126 606 526 575 167 0 696 335 475 1039 767 685 896 755 594 583 1106 488
150 470 394 320 262 632 354 755 157 511 571 450 362 350 836 60 309 550 217 142 449 435 406 575 784 298 431 265 205 806 574 308 372 252 712 383 188 625 166 641 215 391 781 325 342 582 193 536 332 138 785 207 495 161 781 743 722 373 317 588 591 88 615 709 766 394 808 212 352 181 602 790 808 208 316 465 550 275 339 912 585 459 574 324 243 673 709 696 0 488 242 577 233 188 805 350 185 141 570 259
638 168 461 647 611 512 654 601 577 133 161 177 179 139 674 441 281 763 275 369 317 723 407 327 325 397 57 289 557 600 575 493 138 265 226 731 485 217 480 265 281 177 495 752 709 681 676 106 554 420 299 675 290 565 640 303 253 134 447 923 914 547 129 334 323 344 384 329 288 308 279 302 578 570 339 585 871 415 464 689 164 422 807 287 439 298 255 335 488 0 249 709 475 404 591 697 478 432 785 403
392 241 380 466 382 549 485 665 354 300 358 225 173 120 747 192 195 642 26 121 278 564 297 425 544 224 194 103 322 695 548 304 158 57 471 547 255 391 244 413 77 204 631 535 515 611 434 295 360 178 544 439 302 321 699 505 481 132 327 752 749 298 378 485 528 306 574 155 238 60 385 550 685 367 247 495 705 227 351 797 347 396 679 213 232 480 469 475 242 249 0 624 304 219 690 474 247 191 664 208
609 823 253 303 837 324 262 390 456 611 643 815 540 621 437 609 449 114 620 641 901 223 915 472 1017 821 675 722 782 472 181 867 587 679 885 314 757 925 736 970 548 534 557 450 345 46 581 812 902 684 940 529 917 734 384 1007 943 699 298 349 325 654 774 1041 1024 366 1090 471 426 602 967 925 502 387 388 130 303 810 274 551 872 293 155 436 791 626 956 1039 577 709 624 0 350 425 482 919 753 693 124 790
309 535 171 173 495 421 183 542 164 434 489 522 299 347 620 260 200 345 292 295 579 261 575 417 800 477 424 389 437 603 344 517 336 351 693 257 408 669 386 701 229 314 605 296 235 351 308 559 553 334 761 274 606 394 563 773 728 411 96 454 448 317 581 775 794 220 850 155 218 267 682 757 612 115 160 233 405 463 112 708 619 253 378 202 442 550 727 767 233 475 304 350 0 85 605 582 403 343 366 444
301 452 211 251 441 444 266 567 185 381 439 438 236 271 648 197 149 428 207 217 494 346 493 401 727 397 351 304 381 619 392 444 267 266 627 334 342 590 321 620 145 257 602 350 307 421 315 483 484 263 697 295 521 345 593 697 656 330 137 536 531 276 517 693 718 210 772 75 182 182 599 695 623 166 135 301 488 385 161 726 541 271 463 157 368 518 653 685 188 404 219 425 85 0 619 533 337 273 450 366
912 757 437 690 1044 187 661 93 767 459 440 762 521 603 103 801 512 595 704 780 895 668 963 272 787 912 597 787 981 15 316 994 553 743 644 743 926 777 910 833 643 492 129 854 756 436 912 687 1048 841 668 875 878 957 115 805 723 673 509 829 806 894 568 888 813 412 883 602 465 711 863 641 26 709 490 457 780 916 496 108 731 352 637 494 920 325 753 896 805 591 690 482 605 619 0 1138 919 854 606 898
330 594 742 636 94 973 676 1095 468 772 829 572 643 590 1177 338 627 878 452 362 479 750 373 887 908 313 649 408 157 1140 923 223 631 437 889 676 219 738 232 726 500 675 1096 567 632 928 380 694 171 301 957 432 540 188 1124 853 867 563 666 856 868 266 821 775 876 727 892 536 674 435 666 972 1138 535 651 813 832 289 688 1246 720 801 893 644 259 953 839 755 350 697 474 919 582 533 1138 0 226 288 895 296
268 397 546 505 135 761 539 883 340 546 604 375 417 364 965 143 407 734 226 139 321 621 246 663 721 143 428 192 79 922 727 124 405 214 682 567 7 552 19 551 277 449 872 494 525 753 327 489 149 78 753 362 378 106 913 671 671 345 473 769 774 148 604 611 694 513 722 323 455 210 499 765 918 393 439 635 733 114 497 1027 524 593 759 425 73 727 648 594 185 478 247 753 403 337 919 226 0 66 754 107
256 371 481 456 194 695 488 817 298 490 549 349 356 310 899 87 342 679 168 75 320 571 267 600 695 158 379 157 132 857 662 175 348 168 644 523 73 528 56 534 213 388 809 463 482 692 311 454 211 13 716 337 372 134 847 647 639 301 410 728 732 137 560 598 671 447 704 257 389 147 487 726 853 344 373 573 689 135 434 962 495 527 706 360 104 669 620 583 141 432 191 693 343 273 854 288 66 0 699 119
571 881 325 260 820 444 220 514 428 699 737 871 608 681 559 612 510 22 655 659 942 149 941 580 1102 841 745 754 771 596 300 874 655 715 975 238 757 997 735 1038 588 608 678 376 278 170 533 884 902 692 1034 479 965 718 508 1087 1028 756 346 226 202 637 862 1110 1106 446 1169 510 497 632 1028 1021 626 364 450 205 183 826 325 674 944 388 31 501 802 734 1037 1106 570 785 664 124 366 450 606 895 754 699 0 807
368 300 564 570 218 754 601 872 416 491 544 278 380 310 954 203 397 786 196 149 214 683 148 632 622 39 359 118 177 903 741 96 357 158 593 640 111 451 121 447 265 411 838 582 600 785 425 398 155 121 662 455 271 213 905 569 575 270 498 846 849 247 525 506 593 508 618 330 443 198 394 676 894 459 441 666 806 20 522 1006 428 595 815 415 39 675 550 488 259 403 208 790 444 366 898 296 107 119 807 0
