# TTSP Euclidean complete-graph matrix instance
# seed: 2085
# depot: 1
# L_max is not stored in this file; pass it with --budget when running algorithms.
# coordinate rows: node x y
# coord 1 91.289961 735.695058
# coord 2 745.792137 41.591175
# coord 3 36.565912 660.219723
# coord 4 868.390234 106.425849
# coord 5 818.821683 261.895511
# coord 6 206.623306 166.591906
# coord 7 287.314370 440.784194
# coord 8 78.163775 618.524142
# coord 9 516.439793 938.552804
# coord 10 980.109838 745.637671
# coord 11 473.650015 592.342775
# coord 12 504.981817 563.525811
# coord 13 894.980459 288.092739
# coord 14 248.528414 561.829129
# coord 15 9.334943 43.609936
# coord 16 744.296676 617.819495
# coord 17 380.963420 978.929865
# coord 18 360.108403 741.909961
# coord 19 116.583184 63.760386
# coord 20 168.477257 403.767815
# coord 21 798.133923 33.191752
# coord 22 557.456147 299.293040
# coord 23 679.372893 374.055168
# coord 24 541.832119 286.492580
# coord 25 680.045728 437.351048
# coord 26 79.798441 437.759711
# coord 27 855.578369 758.930060
# coord 28 54.587196 241.003745
# coord 29 493.807753 116.011324
# coord 30 693.288778 188.540563
# coord 31 887.791184 633.400804
# coord 32 463.274023 325.791445
# coord 33 991.567614 654.621201
# coord 34 877.450250 544.415036
# coord 35 183.514046 86.184969
# coord 36 253.852113 240.009157
# coord 37 932.189786 64.674873
# coord 38 167.196523 55.927709
# coord 39 670.137722 636.327692
# coord 40 54.486679 921.094174
# coord 41 421.368497 483.374162
# coord 42 585.873897 315.756338
# coord 43 60.502393 839.190908
# coord 44 354.125691 122.671885
# coord 45 209.575234 997.858512
# coord 46 64.711437 61.713977
# coord 47 797.217553 894.442421
# coord 48 945.290872 475.426085
# coord 49 395.422509 565.625051
# coord 50 61.609930 969.410659
# coord 51 842.695258 693.183751
# coord 52 898.372478 137.761600
# coord 53 676.899606 888.915321
# coord 54 958.362902 507.504500
# coord 55 684.280772 379.368225
# coord 56 380.990750 840.878362
# coord 57 717.791357 790.525983
# coord 58 577.257888 596.930318
# coord 59 707.000368 477.601425
# coord 60 790.616302 626.968336
# coord 61 694.533089 592.176497
# coord 62 663.685092 560.099637
# coord 63 919.397700 880.131146
# coord 64 9.532602 111.056665
# coord 65 661.758999 528.288484
# coord 66 741.196157 615.666705
# coord 67 948.375652 180.079180
# coord 68 900.520295 63.934257
# coord 69 103.500010 710.680586
# coord 70 482.028356 685.739612
# coord 71 673.253859 28.588779
# coord 72 785.082576 86.862461
# coord 73 529.228394 246.508668
# coord 74 569.363755 552.441063
# coord 75 220.841312 586.273566
# coord 76 131.493272 169.647627
# coord 77 792.067741 429.432902
# coord 78 990.502985 875.785487
# coord 79 926.889838 8.003842
# coord 80 684.918934 32.149401
# coord 81 494.428549 246.479379
# coord 82 457.556162 90.430819
# coord 83 758.884470 560.910368
# coord 84 21.703938 403.603749
# coord 85 466.069316 261.011824
# coord 86 478.165669 51.116243
# coord 87 344.728791 730.811560
# coord 88 663.726385 110.802852
# coord 89 917.304530 942.285505
# coord 90 504.892924 723.521926
# coord 91 111.739754 139.974001
# coord 92 342.665103 214.731133
# coord 93 275.012243 427.915860
# coord 94 710.342369 117.403381
# coord 95 708.387630 803.905357
# coord 96 616.393619 523.065513
# coord 97 416.880396 239.519053
# coord 98 391.689773 613.055544
# coord 99 867.297854 611.998746
# coord 100 912.761106 475.339139
# reference_nearest_neighbor_tour_cost: 9984
TTSP_MATRIX
100
0 45 31 17 10 2 41 72 64 95 67 7 57 95 5 89 60 2 48 99 87 46 81 20 99 63 85 15 40 83 50 45 86 15 51 94 98 16 95 2 21 49 20 65 36 23 9 48 33 53 92 58 25 99 87 98 8 83 68 22 7 82 33 73 41 34 15 84 59 46 34 97 68 86 19 52 100 70 20 6 47 48 77 42 70 50 58 28 3 96 42 94 43 8 78 72 21 99 52 23
0 954 93 1000 868 581 354 118 471 889 408 448 920 234 697 664 378 269 672 341 997 639 690 636 660 298 765 496 739 813 803 554 904 809 656 522 1076 684 587 189 415 649 108 667 288 675 724 893 348 236 753 1004 605 897 692 308 629 505 668 708 620 599 841 630 607 661 1021 1052 28 394 916 950 657 512 198 567 765 910 1108 921 634 742 690 339 605 786 253 847 851 414 596 578 358 875 621 567 593 324 786 862
954 0 941 139 232 553 608 882 926 742 614 575 288 720 736 576 1006 799 630 682 53 319 339 319 401 775 726 719 263 156 609 401 660 520 564 530 188 579 600 1119 548 317 1052 400 1096 681 854 478 630 1153 659 180 850 512 343 879 749 580 438 587 553 525 856 740 494 574 245 156 927 696 74 60 298 540 756 628 391 869 184 62 324 292 519 810 356 268 797 107 917 723 642 439 609 84 763 499 384 672 583 465
93 941 0 999 878 522 333 59 555 947 442 478 936 234 617 709 469 334 602 288 986 634 704 628 681 227 825 420 711 809 852 542 955 849 593 473 1076 618 634 261 423 648 181 624 379 599 796 927 371 310 807 1008 680 934 706 389 694 544 695 755 661 635 910 550 639 706 1031 1050 84 446 897 943 643 544 199 500 790 978 1104 903 617 708 729 257 586 752 316 834 925 473 526 541 333 865 687 596 567 358 832 895
1000 139 999 0 163 664 670 942 903 649 626 584 184 769 861 526 999 814 753 760 101 366 328 373 381 855 653 825 375 193 527 461 562 438 685 629 76 703 566 1152 585 352 1091 515 1108 805 791 377 659 1181 587 43 806 411 329 881 700 570 405 526 516 498 775 859 470 525 109 53 975 696 210 86 367 537 806 740 332 779 114 198 399 411 467 897 431 394 815 205 837 716 757 537 675 158 716 487 471 696 506 372
868 232 878 163 0 620 561 822 741 510 478 435 81 644 838 364 840 664 730 666 230 264 179 278 224 760 498 765 356 145 378 361 429 289 659 565 227 683 403 1009 455 239 953 485 955 780 633 248 521 1036 432 147 643 282 179 726 538 413 243 366 353 336 626 823 309 362 153 214 844 541 275 178 290 383 680 693 170 637 276 266 325 400 305 810 353 401 667 217 687 558 718 478 569 181 553 330 403 553 353 233
581 553 522 664 620 0 286 470 832 966 503 497 699 397 232 702 831 595 137 240 606 375 516 356 545 299 879 169 292 487 826 302 924 770 84 87 733 117 660 770 383 408 688 154 831 176 937 801 441 816 826 692 862 825 523 696 807 568 589 744 647 603 1009 205 581 698 742 701 554 588 487 584 332 530 420 75 642 1057 738 497 299 262 679 301 276 295 581 460 1052 632 99 144 270 506 811 543 223 483 797 771
354 608 333 670 561 286 0 274 548 757 240 250 627 127 485 490 546 310 414 124 654 305 398 298 393 208 651 307 385 478 631 210 736 599 369 204 747 403 430 534 141 324 458 325 562 440 683 659 165 575 610 682 594 674 402 411 555 329 421 537 434 395 770 431 385 486 711 720 327 313 565 611 310 303 160 313 505 827 772 570 284 390 487 268 254 434 296 501 805 357 348 233 18 532 556 339 239 201 605 626
118 882 59 942 822 470 274 0 543 911 396 430 881 180 579 666 471 308 556 233 928 576 649 570 629 181 790 378 652 751 810 484 914 803 543 417 1018 570 592 303 369 591 221 567 401 557 770 879 322 351 768 951 657 887 652 376 662 500 644 713 617 588 881 512 591 663 974 992 96 409 838 885 585 496 146 452 739 948 1046 844 558 650 683 222 528 694 289 775 899 439 480 483 274 807 657 547 508 314 789 847
471 926 555 903 741 832 548 543 0 502 349 375 753 462 1029 393 141 251 962 638 948 641 588 653 527 664 384 837 823 771 481 615 554 534 915 746 968 949 339 462 465 627 467 832 313 986 284 631 392 456 408 887 168 617 584 167 250 347 499 415 389 406 407 970 435 393 873 955 472 255 923 893 692 390 460 860 579 478 1017 922 692 850 449 729 679 888 270 841 401 215 895 744 565 844 234 427 706 349 479 610
889 742 947 649 510 966 757 911 502 0 529 509 465 754 1198 268 643 620 1100 881 735 615 478 635 430 951 125 1054 796 627 145 666 92 226 1034 885 683 1066 329 942 617 583 924 883 811 1143 236 272 612 945 147 613 335 239 471 607 266 429 383 224 324 367 148 1160 385 272 566 686 877 502 780 687 673 454 776 1026 368 131 740 772 696 838 288 1018 706 857 636 709 206 476 1059 830 773 684 278 426 757 603 175 279
408 614 442 626 478 503 240 396 349 529 0 43 520 227 719 272 398 188 638 359 646 305 300 313 258 423 417 547 477 460 416 267 522 407 583 415 699 618 201 533 121 298 481 485 484 670 443 486 83 559 383 622 360 492 300 265 314 104 260 319 221 193 531 669 199 269 629 679 389 94 598 594 350 104 253 544 358 589 740 599 346 502 287 490 331 541 189 518 565 135 579 400 258 531 316 159 357 85 394 454
448 575 478 584 435 497 250 430 375 509 43 0 477 256 718 245 434 230 633 373 606 269 258 279 216 443 401 554 448 420 389 241 495 373 575 410 657 610 180 575 116 261 523 466 525 668 441 449 110 601 362 580 368 457 257 304 311 80 220 293 192 159 522 671 161 242 586 637 428 124 561 553 318 65 285 543 317 577 698 561 317 475 254 509 305 513 232 480 560 160 578 385 267 491 315 119 336 124 366 417
920 288 936 184 81 699 627 881 753 465 520 477 0 702 919 363 861 701 810 736 273 338 232 353 262 829 472 842 437 225 345 433 379 257 740 643 226 764 415 1052 512 310 1000 566 987 861 614 194 571 1076 408 150 639 228 230 755 533 443 267 355 364 357 593 903 335 362 120 224 897 573 341 229 368 419 737 773 175 595 282 331 403 480 305 881 430 479 706 291 655 585 797 557 636 251 549 364 481 599 325 188
234 720 234 769 644 397 127 180 462 754 227 256 702 0 571 499 438 212 515 177 763 405 470 402 449 209 638 375 509 581 643 319 749 629 480 322 845 512 428 408 190 418 335 452 438 533 642 702 147 448 609 776 539 712 472 309 522 331 466 546 447 415 743 510 415 496 797 820 208 264 682 717 422 321 37 409 559 806 876 686 400 516 510 277 371 560 194 613 769 303 443 360 137 641 520 370 364 152 621 670
697 736 617 861 838 232 485 579 1029 1198 719 718 919 571 0 933 1006 781 109 394 789 605 747 585 778 400 1108 203 490 699 1058 534 1157 1002 179 314 923 158 888 879 603 638 797 354 975 58 1160 1031 649 927 1057 894 1077 1056 754 880 1029 793 822 975 878 834 1236 67 813 929 949 891 674 797 664 777 558 757 582 176 873 1287 918 676 526 451 911 360 506 469 765 658 1278 841 141 375 467 705 1033 774 452 686 1029 1001
664 576 709 526 364 702 490 666 393 268 272 245 363 499 933 0 512 404 837 614 587 369 252 388 192 688 180 786 561 432 144 405 250 152 773 619 584 805 76 754 350 341 719 630 656 878 282 246 353 768 124 504 279 241 246 426 175 168 145 47 56 99 315 893 122 4 483 575 647 271 593 533 429 187 524 759 194 357 637 589 448 600 59 754 452 626 415 513 368 262 793 569 506 502 190 159 500 353 123 221
378 1006 469 999 840 831 546 471 141 643 398 434 861 438 1006 512 0 238 953 613 1034 702 674 711 619 619 523 807 870 850 613 658 691 660 914 750 1068 947 448 332 497 694 350 857 172 970 425 756 414 319 543 988 309 745 672 138 386 429 598 540 498 505 547 944 531 512 980 1052 386 310 994 979 747 466 424 847 686 618 1114 994 741 892 564 678 723 933 251 913 538 284 881 765 561 922 371 513 740 366 609 732
269 799 334 814 664 595 310 308 251 620 188 230 701 212 781 404 238 0 721 389 833 485 487 490 442 414 496 587 640 646 539 429 637 554 679 513 887 713 328 354 266 482 315 619 297 742 463 643 180 375 485 809 349 643 486 101 361 261 436 446 366 354 576 722 370 401 813 867 259 134 779 781 523 282 209 616 533 644 927 781 513 659 438 479 492 701 19 700 592 146 651 527 325 716 354 337 506 133 524 614
672 630 602 753 730 137 414 556 962 1100 638 633 810 515 109 837 953 721 0 344 682 500 643 480 676 376 1015 188 381 590 959 435 1056 900 71 223 816 51 796 860 519 533 777 245 939 52 1074 925 574 907 961 785 997 952 650 821 943 705 721 878 783 739 1145 117 716 834 840 784 647 721 558 669 451 666 533 107 768 1193 812 569 420 342 812 353 401 362 705 549 1189 766 76 272 397 596 948 679 348 614 930 896
341 682 288 760 666 240 124 233 638 881 359 373 736 177 394 614 613 389 344 0 731 403 512 391 513 95 773 199 434 567 755 305 860 723 318 185 836 348 553 530 265 427 449 337 596 357 798 780 279 576 734 777 703 797 516 486 672 452 544 661 559 519 889 333 509 611 811 807 314 422 629 693 394 428 190 237 624 948 855 636 362 426 611 147 330 469 372 575 922 464 270 257 109 613 672 464 298 306 729 748
997 53 986 101 230 606 654 928 948 735 646 606 273 763 789 587 1034 833 682 731 0 359 361 360 421 824 728 772 315 187 607 445 651 517 617 582 138 631 617 1158 587 353 1093 453 1130 734 861 466 668 1191 661 145 864 501 364 909 762 605 454 594 569 544 856 792 514 585 210 107 970 725 125 55 343 567 799 680 396 864 131 113 371 345 529 860 403 320 832 155 917 750 695 490 655 122 776 522 434 708 583 457
639 319 634 366 264 375 305 576 641 615 305 269 338 405 605 369 702 485 500 403 359 0 143 20 185 497 548 506 194 175 470 98 561 403 430 309 442 460 355 800 229 33 734 269 780 547 642 426 312 834 486 377 602 452 150 570 517 298 233 402 323 282 684 579 252 366 409 416 613 394 294 311 60 253 442 445 268 721 470 296 82 232 330 546 99 261 481 216 737 427 473 231 310 238 527 231 153 355 440 397
690 339 704 328 179 516 398 649 588 478 300 258 232 470 747 252 674 487 643 512 361 143 0 163 63 603 423 639 318 186 333 221 420 261 573 446 400 603 262 831 280 110 774 411 781 689 534 285 343 858 358 322 515 309 7 554 418 245 107 276 219 187 560 720 155 249 332 381 667 369 346 306 197 210 505 585 126 590 442 342 225 360 203 658 241 380 489 264 616 391 614 373 408 259 431 162 295 374 303 254
636 319 628 373 278 356 298 570 653 635 313 279 353 402 585 388 711 490 480 391 360 20 163 0 205 486 567 489 177 180 490 88 581 423 411 292 449 440 373 800 231 53 733 249 785 527 659 446 315 835 506 386 617 472 170 577 534 312 253 422 342 300 704 560 270 385 420 422 610 404 289 315 42 267 439 427 288 741 475 292 62 213 350 533 80 244 486 214 756 439 454 212 302 239 544 248 133 359 460 416
660 401 681 381 224 545 393 629 527 430 258 216 262 449 778 192 619 442 676 513 421 185 63 205 0 600 366 656 371 249 286 244 380 225 608 470 450 639 199 791 263 154 738 453 732 721 472 268 312 816 303 371 452 287 58 502 355 190 48 220 156 124 503 746 93 189 372 434 638 318 409 366 243 160 483 610 112 537 495 405 266 412 147 659 277 436 446 327 558 336 641 404 405 321 368 107 329 338 256 236
298 775 227 855 760 299 208 181 664 951 423 443 829 209 400 688 619 414 376 95 824 497 603 486 600 0 840 198 524 662 831 399 937 805 367 263 930 392 623 484 345 521 402 418 575 376 850 866 341 532 805 872 748 881 607 503 729 522 628 736 634 597 949 334 589 685 906 902 274 473 721 788 488 503 205 273 712 1011 950 728 457 513 690 67 425 555 395 669 978 512 299 345 195 707 727 543 391 358 807 834
765 726 825 653 498 879 651 790 384 125 417 401 472 638 1108 180 523 496 1015 773 728 548 423 567 366 840 0 954 738 593 130 584 171 216 951 795 698 984 222 817 514 519 799 810 689 1054 148 297 499 821 67 623 221 272 416 482 141 322 318 147 232 276 137 1066 301 183 586 696 754 381 753 676 608 353 658 934 336 178 754 747 627 778 220 906 632 802 512 676 193 352 968 748 668 658 154 336 680 486 147 289
496 719 420 825 765 169 307 378 837 1054 547 554 842 375 203 786 807 587 188 199 772 506 639 489 656 198 954 0 457 641 921 417 1024 877 201 199 895 217 732 680 440 537 598 322 773 180 989 921 471 728 909 850 898 942 645 683 861 632 694 831 730 688 1075 138 672 782 896 864 472 617 654 747 475 602 383 105 761 1131 903 664 440 430 774 166 412 464 569 623 1112 660 116 289 289 667 863 629 362 502 893 890
739 263 711 375 356 292 385 652 823 796 477 448 437 509 490 561 870 640 381 434 315 194 318 177 371 524 738 457 0 212 650 212 733 575 312 270 441 332 549 917 374 220 843 140 927 433 835 577 460 957 674 405 794 608 325 734 711 488 420 591 517 475 875 484 445 558 459 410 711 570 200 293 135 443 544 366 433 908 446 209 130 44 518 553 148 67 633 170 928 608 383 181 381 217 721 425 146 507 621 552
813 156 809 193 145 487 478 751 771 627 460 420 225 581 699 432 850 646 590 567 187 175 186 180 249 662 593 641 212 0 486 268 553 401 520 442 269 543 448 972 401 166 908 346 943 641 714 382 481 1004 526 211 701 415 191 723 602 425 289 449 404 373 728 688 341 430 255 242 788 540 161 137 174 384 618 562 260 749 295 157 207 255 378 705 238 255 645 83 786 567 584 352 482 73 616 343 281 521 458 361
803 609 852 527 378 826 631 810 481 145 416 389 345 643 1058 144 613 539 959 755 607 470 333 490 286 831 130 921 650 486 0 524 106 90 892 746 570 923 218 882 490 438 853 739 770 1002 276 168 497 892 75 496 331 144 325 548 231 313 239 97 198 236 249 1022 249 148 457 570 788 409 642 556 527 329 669 887 225 263 627 635 552 693 148 896 563 712 552 569 310 393 920 687 646 546 248 293 614 497 30 160
554 401 542 461 361 302 210 484 615 666 267 241 433 319 534 405 658 429 435 305 445 98 221 88 244 399 584 417 212 268 524 0 622 468 368 226 537 401 373 722 163 123 653 231 718 478 659 505 249 759 528 474 602 527 227 522 530 294 287 445 353 308 718 502 284 402 507 510 527 360 364 401 103 250 356 367 345 762 562 368 85 235 378 448 65 275 422 294 766 400 398 164 214 323 537 250 98 296 495 474
904 660 955 562 429 924 736 914 554 92 522 495 379 749 1157 250 691 637 1056 860 651 561 420 581 380 937 171 1024 733 553 106 622 0 159 988 846 593 1019 322 974 595 529 949 830 854 1100 309 185 603 982 154 525 392 151 413 638 306 418 335 203 304 341 237 1122 353 253 477 598 890 510 702 604 617 434 774 987 301 221 650 694 643 777 251 1002 657 792 651 635 297 492 1019 784 752 606 320 398 709 601 131 196
809 520 849 438 289 770 599 803 534 226 407 373 257 629 1002 152 660 554 900 723 517 403 261 423 225 805 216 877 575 401 90 468 159 0 832 694 483 862 227 905 460 371 869 672 807 945 359 97 482 920 153 407 399 89 254 578 293 305 183 120 189 214 338 970 216 154 371 481 792 420 555 467 458 308 658 835 143 350 539 547 485 618 120 867 500 635 564 483 400 413 866 628 614 459 310 262 552 491 68 78
656 564 593 685 659 84 369 543 915 1034 583 575 740 480 179 773 914 679 71 318 617 430 573 411 608 367 951 201 312 520 892 368 988 832 0 169 749 34 734 845 463 463 763 174 912 121 1015 855 524 892 896 717 942 882 580 780 884 645 654 813 719 675 1083 176 651 769 771 717 630 670 493 602 381 605 501 98 699 1129 747 504 350 274 746 356 332 297 664 481 1128 714 90 205 354 528 889 615 279 567 863 827
522 530 473 629 565 87 204 417 746 885 415 410 643 322 314 619 750 513 223 185 582 309 446 292 470 263 795 199 270 442 746 226 846 694 169 0 701 203 575 710 295 341 630 154 759 260 851 730 355 754 743 653 775 754 452 614 720 482 512 662 564 520 923 276 499 615 697 670 494 501 470 553 275 444 348 141 571 973 712 479 241 253 598 284 213 293 499 430 966 545 174 92 189 473 724 460 163 398 717 700
1076 188 1076 76 227 733 747 1018 968 683 699 657 226 845 923 584 1068 887 816 836 138 442 400 449 450 930 698 895 441 269 570 537 593 483 749 701 0 765 629 1226 660 428 1166 581 1180 867 841 411 734 1256 635 81 863 444 401 952 757 640 470 580 579 564 816 924 537 583 117 32 1051 767 261 149 442 608 882 808 391 813 57 249 474 475 526 972 506 454 888 272 878 785 824 608 751 228 772 557 544 770 551 411
684 579 618 703 683 117 403 570 949 1066 618 610 764 512 158 805 947 713 51 348 631 460 603 440 639 392 984 217 332 543 923 401 1019 862 34 203 765 0 768 872 497 493 790 198 943 103 1049 884 558 920 929 736 977 911 610 814 918 679 685 845 752 708 1116 167 684 802 791 733 658 704 507 619 409 639 533 119 728 1162 761 518 379 292 778 377 362 311 698 500 1161 748 101 237 387 547 923 648 310 601 894 855
587 600 634 566 403 660 430 592 339 329 201 180 415 428 888 76 448 328 796 553 617 355 262 373 199 623 222 732 549 448 218 373 322 227 734 575 629 768 0 678 292 331 643 603 586 835 288 319 284 694 182 548 253 316 257 354 161 101 163 121 50 77 349 844 108 74 534 617 571 194 608 561 415 131 452 713 240 400 679 604 428 586 116 689 427 616 339 526 393 187 747 534 447 520 172 125 471 279 199 291
189 1119 261 1152 1009 770 534 303 462 942 533 575 1052 408 879 754 332 354 860 530 1158 800 831 800 791 484 817 680 917 972 882 722 974 905 845 710 1226 872 678 0 571 805 82 853 173 859 743 996 493 49 820 1151 623 994 831 336 676 615 789 793 720 708 866 811 723 752 1161 1204 216 488 1086 1109 825 633 374 755 886 937 1263 1090 805 923 791 519 778 968 347 1014 863 492 783 763 540 1037 664 689 772 457 870 967
415 548 423 585 455 383 141 369 465 617 121 116 512 190 603 350 497 266 519 265 587 229 280 231 263 345 514 440 374 401 490 163 595 460 463 295 660 497 292 571 0 235 507 367 556 552 557 524 86 605 471 589 479 538 283 360 427 193 286 396 294 254 637 555 245 346 608 637 391 211 520 538 260 163 225 427 375 691 694 523 248 395 346 408 227 436 259 444 676 254 462 280 157 466 430 199 244 133 464 491
649 317 648 352 239 408 324 591 627 583 298 261 310 418 638 341 694 482 533 427 353 33 110 53 154 521 519 537 220 166 438 123 529 371 463 341 428 493 331 805 235 0 742 302 779 580 616 393 314 838 457 360 580 419 117 564 493 281 202 373 297 256 656 612 226 338 387 403 623 384 300 303 89 237 454 477 235 691 459 300 115 259 300 571 132 286 480 219 709 416 506 263 330 234 503 210 185 355 409 364
108 1052 181 1091 953 688 458 221 467 924 481 523 1000 335 797 719 350 315 777 449 1093 734 774 733 738 402 799 598 843 908 853 653 949 869 763 630 1166 790 643 82 507 742 0 774 218 777 739 957 432 130 796 1093 618 957 775 320 659 571 741 760 680 665 860 730 677 716 1106 1143 136 449 1016 1045 756 584 299 673 839 931 1201 1020 735 848 752 437 706 892 304 946 863 459 701 685 464 971 649 639 698 401 838 927
667 400 624 515 485 154 325 567 832 883 485 466 566 452 354 630 857 619 245 337 453 269 411 249 453 418 810 322 140 346 739 231 830 672 174 154 581 198 603 853 367 302 774 0 887 296 890 688 445 896 751 544 831 716 418 719 760 524 500 667 580 536 945 345 509 627 597 550 639 577 333 432 214 481 482 228 535 986 584 343 187 108 597 435 178 143 608 310 994 619 243 93 315 356 768 479 133 492 709 661
288 1096 379 1108 955 831 562 401 313 811 484 525 987 438 975 656 172 297 939 596 1130 780 781 785 732 575 689 773 927 943 770 718 854 807 912 759 1180 943 586 173 556 779 218 887 0 947 597 902 470 151 703 1102 480 895 780 232 549 544 720 689 632 631 720 909 652 655 1102 1162 306 414 1074 1078 817 573 412 832 814 790 1222 1076 804 941 702 623 780 984 299 997 710 403 863 794 574 1013 535 625 786 426 763 876
675 681 599 805 780 176 440 557 986 1143 670 668 861 533 58 878 970 742 52 357 734 547 689 527 721 376 1054 180 433 641 1002 478 1100 945 121 260 867 103 835 859 552 580 777 296 947 0 1109 973 603 908 1002 837 1029 999 696 841 979 741 765 920 823 779 1183 74 758 874 892 836 650 751 609 721 500 704 547 127 815 1233 864 621 468 394 855 345 448 414 725 601 1226 795 91 317 422 648 982 719 395 641 973 944
724 854 796 791 633 937 683 770 284 236 443 441 614 642 1160 282 425 463 1074 798 861 642 534 659 472 850 148 989 835 714 276 659 309 359 1015 851 841 1049 288 743 557 616 739 890 597 1109 0 444 519 739 206 763 120 419 527 420 131 370 426 268 319 360 123 1111 390 284 730 837 718 378 875 808 701 411 654 984 465 194 896 870 715 873 336 918 715 902 481 795 129 339 1019 818 700 782 127 413 757 494 291 435
893 478 927 377 248 801 659 879 631 272 486 449 194 702 1031 246 756 643 925 780 466 426 285 446 268 866 297 921 577 382 168 505 185 97 855 730 411 884 319 996 524 393 957 688 902 973 444 0 557 1012 241 341 493 35 278 672 389 388 238 217 277 294 406 1004 288 248 295 414 874 509 523 420 475 384 733 869 160 403 468 514 506 621 205 926 525 631 653 461 468 505 899 657 672 428 405 332 579 570 157 33
348 630 371 659 521 441 165 322 392 612 83 110 571 147 649 353 414 180 574 279 668 312 343 315 312 341 499 471 460 481 497 249 603 482 524 355 734 558 284 493 86 314 432 445 470 603 519 557 0 524 465 660 429 566 344 276 393 185 324 400 300 268 611 596 269 349 674 712 326 148 605 617 346 174 176 476 419 671 770 607 334 479 363 407 313 521 173 528 644 192 512 355 183 548 393 225 327 48 474 525
236 1153 310 1181 1036 816 575 351 456 945 559 601 1076 448 927 768 319 375 907 576 1191 834 858 835 816 532 821 728 957 1004 892 759 982 920 892 754 1256 920 694 49 605 838 130 896 151 908 739 1012 524 0 828 1180 621 1009 858 344 680 636 811 805 737 728 862 860 745 766 1187 1234 262 507 1122 1141 861 657 415 803 908 934 1293 1126 843 964 808 567 816 1008 370 1049 856 507 831 805 582 1071 668 712 812 486 881 984
753 659 807 587 432 826 610 768 408 147 383 362 408 609 1057 124 543 485 961 734 661 486 358 506 303 805 67 909 674 526 75 528 154 153 896 743 635 929 182 820 471 457 796 751 703 1002 206 241 465 828 0 558 257 219 352 485 158 282 255 84 179 223 202 1016 245 128 524 632 739 361 686 609 546 307 631 883 269 235 690 680 566 715 157 871 573 738 499 609 260 339 917 692 627 591 174 283 622 458 85 229
1004 180 1008 43 147 692 682 951 887 613 622 580 150 776 894 504 988 809 785 777 145 377 322 386 371 872 623 850 405 211 496 474 525 407 717 653 81 736 548 1151 589 360 1093 544 1102 837 763 341 660 1180 558 0 783 375 323 873 677 560 390 501 498 483 743 889 457 503 66 74 980 688 250 124 385 529 813 768 310 744 133 238 418 443 446 916 450 429 811 236 805 706 787 561 688 189 693 477 492 695 475 338
605 850 680 806 643 862 594 657 168 335 360 368 639 539 1077 279 309 349 997 703 864 602 515 617 452 748 221 898 794 701 331 602 392 399 942 775 863 977 253 623 479 580 618 831 480 1029 120 493 429 621 257 783 0 474 510 300 107 309 412 286 297 329 243 1025 361 281 759 855 600 282 860 809 659 353 547 903 474 314 916 857 668 828 338 815 662 861 368 778 246 239 938 752 612 772 91 371 700 397 336 476
897 512 934 411 282 825 674 887 617 239 492 457 228 712 1056 241 745 643 952 797 501 452 309 472 287 881 272 942 608 415 144 527 151 89 882 754 444 911 316 994 538 419 957 716 895 999 419 35 566 1009 219 375 474 0 303 667 371 391 253 206 277 299 375 1028 297 243 328 447 879 509 557 455 502 392 742 893 184 370 500 548 532 652 207 942 551 662 653 494 437 502 923 682 688 462 388 342 604 576 139 56
692 343 706 329 179 523 402 652 584 471 300 257 230 472 754 246 672 486 650 516 364 150 7 170 58 607 416 645 325 191 325 227 413 254 580 452 401 610 257 831 283 117 775 418 780 696 527 278 344 858 352 323 510 303 0 552 413 242 101 269 213 182 553 726 151 243 331 382 669 367 351 309 204 208 508 591 119 583 444 347 232 367 196 663 248 388 489 269 609 388 621 379 412 263 425 159 302 374 296 248
308 879 389 881 726 696 411 376 167 607 265 304 755 309 880 426 138 101 821 486 909 570 554 577 502 503 482 683 734 723 548 522 638 578 780 614 952 814 354 336 360 564 320 719 232 841 420 672 276 344 485 873 300 667 552 0 341 313 488 462 400 398 540 819 420 425 871 935 307 185 863 855 613 345 301 716 582 611 996 864 605 754 470 566 586 796 116 783 546 171 751 627 426 795 329 395 602 228 537 645
629 749 694 700 538 807 555 662 250 266 314 311 533 522 1029 175 386 361 943 672 762 517 418 534 355 729 141 861 711 602 231 530 306 293 884 720 757 918 161 676 427 493 659 760 549 979 131 389 393 680 158 677 107 371 413 341 0 239 313 179 200 237 221 981 268 176 653 749 619 258 763 707 576 281 537 854 369 286 810 759 588 747 233 796 586 777 378 682 251 223 889 687 572 673 16 286 628 371 233 371
505 580 544 570 413 568 329 500 347 429 104 80 443 331 793 168 429 261 705 452 605 298 245 312 190 522 322 632 488 425 313 294 418 305 645 482 640 679 101 615 193 281 571 524 544 741 370 388 185 636 282 560 309 391 242 313 239 0 176 215 117 94 444 747 109 165 558 623 487 130 576 551 354 45 357 617 272 499 685 575 360 520 185 588 354 555 268 494 485 146 652 448 346 498 245 84 392 186 290 357
668 438 695 405 243 589 421 644 499 383 260 220 267 466 822 145 598 436 721 544 454 233 107 253 48 628 318 694 420 289 239 287 335 183 654 512 470 685 163 789 286 202 741 500 720 765 426 238 324 811 255 390 412 253 101 488 313 176 0 171 115 93 455 788 68 142 383 457 647 306 450 398 292 157 498 653 98 489 519 446 314 461 98 689 324 484 442 369 510 318 684 449 435 360 326 101 375 343 209 206
708 587 755 526 366 744 537 713 415 224 319 293 355 546 975 47 540 446 878 661 594 402 276 422 220 736 147 831 591 449 97 445 203 120 813 662 580 845 121 793 396 373 760 667 689 920 268 217 400 805 84 501 286 206 269 462 179 215 171 0 102 143 284 936 162 51 474 574 692 314 610 540 462 233 571 802 198 319 634 604 482 632 73 801 489 655 458 532 340 302 835 609 553 516 195 203 538 399 78 195
620 553 661 516 353 647 434 617 389 324 221 192 364 447 878 56 498 366 783 559 569 323 219 342 156 634 232 730 517 404 198 353 304 189 719 564 579 752 50 720 294 297 680 580 632 823 319 277 300 737 179 498 297 277 213 400 200 117 115 102 0 45 365 837 72 52 484 567 603 232 564 513 383 131 474 704 190 410 629 560 399 555 72 699 402 583 376 482 415 231 738 516 451 475 212 104 449 304 174 248
599 525 635 498 336 603 395 588 406 367 193 159 357 415 834 99 505 354 739 519 544 282 187 300 124 597 276 688 475 373 236 308 341 214 675 520 564 708 77 708 254 256 665 536 631 779 360 294 268 728 223 483 329 299 182 398 237 94 93 143 45 0 410 793 32 95 475 550 580 221 532 489 341 95 444 660 183 454 612 528 356 513 95 661 358 542 362 449 459 228 694 472 411 445 248 60 405 277 210 263
841 856 910 775 626 1009 770 881 407 148 531 522 593 743 1236 315 547 576 1145 889 856 684 560 704 503 949 137 1075 875 728 249 718 237 338 1083 923 816 1116 349 866 637 656 860 945 720 1183 123 406 611 862 202 743 243 375 553 540 221 444 455 284 365 410 0 1191 436 319 701 816 833 479 886 805 744 479 758 1061 468 71 872 880 763 915 357 1016 767 939 594 811 62 443 1096 881 787 791 224 468 814 591 273 405
630 740 550 859 823 205 431 512 970 1160 669 671 903 510 67 893 944 722 117 333 792 579 720 560 746 334 1066 138 484 688 1022 502 1122 970 176 276 924 167 844 811 555 612 730 345 909 74 1111 1004 596 860 1016 889 1025 1028 726 819 981 747 788 936 837 793 1191 0 774 889 941 892 607 744 669 776 537 713 520 135 845 1244 923 680 503 448 874 293 481 472 705 654 1231 788 106 349 413 701 984 734 427 631 993 974
607 494 639 470 309 581 385 591 435 385 199 161 335 415 813 122 531 370 716 509 514 252 155 270 93 589 301 672 445 341 249 284 353 216 651 499 537 684 108 723 245 226 677 509 652 758 390 288 269 745 245 457 361 297 151 420 268 109 68 162 72 32 436 774 0 118 451 522 587 239 500 458 311 95 445 640 164 478 584 497 328 483 102 652 331 511 376 417 487 250 673 447 400 414 280 46 379 283 222 257
661 574 706 525 362 698 486 663 393 272 269 242 362 496 929 4 512 401 834 611 585 366 249 385 189 685 183 782 558 430 148 402 253 154 769 615 583 802 74 752 346 338 716 627 655 874 284 248 349 766 128 503 281 243 243 425 176 165 142 51 52 95 319 889 118 0 482 574 645 268 591 531 426 183 521 755 193 360 635 586 444 597 58 750 449 623 413 511 371 260 789 565 503 499 191 155 497 350 126 222
1021 245 1031 109 153 742 711 974 873 566 629 586 120 797 949 483 980 813 840 811 210 409 332 420 372 906 586 896 459 255 457 507 477 371 771 697 117 791 534 1161 608 387 1106 597 1102 892 730 295 674 1187 524 66 759 328 331 871 653 558 383 474 484 475 701 941 451 482 0 126 998 688 314 188 424 531 833 817 294 697 173 302 459 499 425 953 489 488 817 293 763 701 838 607 718 246 668 477 535 705 439 297
1052 156 1050 53 214 701 720 992 955 686 679 637 224 820 891 575 1052 867 784 807 107 416 381 422 434 902 696 864 410 242 570 510 598 481 717 670 32 733 617 1204 637 403 1143 550 1162 836 837 414 712 1234 632 74 855 447 382 935 749 623 457 574 567 550 816 892 522 574 126 0 1026 750 230 118 414 590 857 776 381 817 62 218 445 444 517 942 477 423 868 241 879 769 792 578 724 198 765 540 515 749 549 412
28 927 84 975 844 554 327 96 472 877 389 428 897 208 674 647 386 259 647 314 970 613 667 610 638 274 754 472 711 788 788 527 890 792 630 494 1051 658 571 216 391 623 136 639 306 650 718 874 326 262 739 980 600 879 669 307 619 487 647 692 603 580 833 607 587 645 998 1026 0 379 889 924 630 492 171 542 744 902 1082 894 607 714 672 318 578 759 242 821 846 402 571 551 331 849 612 546 566 304 770 843
394 696 446 696 541 588 313 409 255 502 94 124 573 264 797 271 310 134 721 422 725 394 369 404 318 473 381 617 570 540 409 360 510 420 670 501 767 704 194 488 211 384 449 577 414 751 378 509 148 507 361 688 282 509 367 185 258 130 306 314 232 221 479 744 239 268 688 750 379 0 684 671 442 159 279 624 402 543 811 684 439 596 304 540 425 635 145 603 505 44 660 491 331 612 255 211 451 116 392 479
916 74 897 210 275 487 565 838 923 780 598 561 341 682 664 593 994 779 558 629 125 294 346 289 409 721 753 654 200 161 642 364 702 555 493 470 261 507 608 1086 520 300 1016 333 1074 609 875 523 605 1122 686 250 860 557 351 863 763 576 450 610 564 532 886 669 500 591 314 230 889 684 0 126 261 534 718 560 418 905 254 12 282 224 539 752 311 196 775 83 946 715 572 379 564 96 776 498 332 649 615 507
950 60 943 86 178 584 611 885 893 687 594 553 229 717 777 533 979 781 669 693 55 311 306 315 366 788 676 747 293 137 556 401 604 467 602 553 149 619 561 1109 538 303 1045 432 1078 721 808 420 617 1141 609 124 809 455 309 855 707 551 398 540 513 489 805 776 458 531 188 118 924 671 126 0 302 513 754 659 343 815 162 114 332 328 475 826 363 309 780 124 866 696 675 461 614 81 721 468 399 657 532 409
657 298 643 367 290 332 310 585 692 673 350 318 368 422 558 429 747 523 451 394 343 60 197 42 243 488 608 475 135 174 527 103 617 458 381 275 442 409 415 825 260 89 756 214 817 500 701 475 346 861 546 385 659 502 204 613 576 354 292 462 383 341 744 537 311 426 424 414 630 442 261 302 0 309 459 405 320 780 464 265 35 172 389 531 65 202 518 191 797 478 431 189 312 222 585 290 113 392 498 447
512 540 544 537 383 530 303 496 390 454 104 65 419 321 757 187 466 282 666 428 567 253 210 267 160 503 353 602 443 384 329 250 434 308 605 444 608 639 131 633 163 237 584 481 573 704 411 384 174 657 307 529 353 392 208 345 281 45 157 233 131 95 479 713 95 183 531 590 492 159 534 513 309 0 350 582 254 531 651 533 315 475 190 568 309 510 287 452 523 183 616 407 320 457 287 55 348 188 304 352
198 756 199 806 680 420 160 146 460 776 253 285 737 37 582 524 424 209 533 190 799 442 505 439 483 205 658 383 544 618 669 356 774 658 501 348 882 533 452 374 225 454 299 482 412 547 654 733 176 415 631 813 547 742 508 301 537 357 498 571 474 444 758 520 445 521 833 857 171 279 718 754 459 350 0 426 592 822 913 723 436 549 539 270 407 594 190 650 782 315 459 391 167 678 534 401 398 173 647 701
567 628 500 740 693 75 313 452 860 1026 544 543 773 409 176 759 847 616 107 237 680 445 585 427 610 273 934 105 366 562 887 367 987 835 98 141 808 119 713 755 427 477 673 228 832 127 984 869 476 803 883 768 903 893 591 716 854 617 653 802 704 660 1061 135 640 755 817 776 542 624 560 659 405 582 426 0 710 1112 812 570 371 336 739 258 347 366 600 535 1102 668 36 216 295 581 857 600 294 514 859 839
765 391 790 332 170 642 505 739 579 368 358 317 175 559 873 194 686 533 768 624 396 268 126 288 112 712 336 761 433 260 225 345 301 143 699 571 391 728 240 886 375 235 839 535 814 815 465 160 419 908 269 310 474 184 119 582 369 272 98 198 190 183 468 845 164 193 294 381 744 402 418 343 320 254 592 710 0 488 442 411 349 476 136 771 367 492 539 344 528 411 739 498 517 323 384 199 421 440 197 129
910 869 978 779 637 1057 827 948 478 131 589 577 595 806 1287 357 618 644 1193 948 864 721 590 741 537 1011 178 1131 908 749 263 762 221 350 1129 973 813 1162 400 937 691 691 931 986 790 1233 194 403 671 934 235 744 314 370 583 611 286 499 489 319 410 454 71 1244 478 360 697 817 902 543 905 815 780 531 822 1112 488 0 870 897 801 949 391 1078 808 971 662 832 99 509 1146 926 844 808 291 514 857 654 291 408
1108 184 1104 114 276 738 772 1046 1017 740 740 698 282 876 918 637 1114 927 812 855 131 470 442 475 495 950 754 903 446 295 627 562 650 539 747 712 57 761 679 1263 694 459 1201 584 1222 864 896 468 770 1293 690 133 916 500 444 996 810 685 519 634 629 612 872 923 584 635 173 62 1082 811 254 162 464 651 913 812 442 870 0 243 494 477 578 988 526 451 928 283 934 831 826 620 775 243 825 601 560 808 607 468
921 62 903 198 266 497 570 844 922 772 599 561 331 686 676 589 994 781 569 636 113 296 342 292 405 728 747 664 209 157 635 368 694 547 504 479 249 518 604 1090 523 300 1020 343 1076 621 870 514 607 1126 680 238 857 548 347 864 759 575 446 604 560 528 880 680 497 586 302 218 894 684 12 114 265 533 723 570 411 897 243 0 287 235 534 760 317 208 777 81 939 714 583 388 570 89 772 496 339 651 608 498
634 324 617 399 325 299 284 558 692 696 346 317 403 400 526 448 741 513 420 362 371 82 225 62 266 457 627 440 130 207 552 85 643 485 350 241 474 379 428 805 248 115 735 187 804 468 715 506 334 843 566 418 668 532 232 605 588 360 314 482 399 356 763 503 328 444 459 445 607 439 282 332 35 315 436 371 349 801 494 287 0 160 411 498 32 196 507 217 814 477 397 155 285 252 597 302 78 381 522 477
742 292 708 411 400 262 390 650 850 838 502 475 480 516 451 600 892 659 342 426 345 232 360 213 412 513 778 430 44 255 693 235 777 618 274 253 475 292 586 923 395 259 848 108 941 394 873 621 479 964 715 443 828 652 367 754 747 520 461 632 555 513 915 448 483 597 499 444 714 596 224 328 172 475 549 336 476 949 477 235 160 0 559 537 171 44 650 207 968 635 349 169 384 254 756 461 155 527 663 596
690 519 729 467 305 679 487 683 449 288 287 254 305 510 911 59 564 438 812 611 529 330 203 350 147 690 220 774 518 378 148 378 251 120 746 598 526 778 116 791 346 300 752 597 702 855 336 205 363 808 157 446 338 207 196 470 233 185 98 73 72 95 357 874 102 58 425 517 672 304 539 475 389 190 539 739 136 391 578 534 411 559 0 754 419 582 448 460 413 302 772 541 502 446 248 147 469 371 120 176
339 810 257 897 810 301 268 222 729 1018 490 509 881 277 360 754 678 479 353 147 860 546 658 533 659 67 906 166 553 705 896 448 1002 867 356 284 972 377 689 519 408 571 437 435 623 345 918 926 407 567 871 916 815 942 663 566 796 588 689 801 699 661 1016 293 652 750 953 942 318 540 752 826 531 568 270 258 771 1078 988 760 498 537 754 0 467 577 460 706 1045 579 279 372 254 746 795 607 428 425 871 894
605 356 586 431 353 276 254 528 679 706 331 305 430 371 506 452 723 492 401 330 403 99 241 80 277 425 632 412 148 238 563 65 657 500 332 213 506 362 427 778 227 132 706 178 780 448 715 525 313 816 573 450 662 551 248 586 586 354 324 489 402 358 767 481 331 449 489 477 578 425 311 363 65 309 407 347 367 808 526 317 32 171 419 467 0 210 485 248 817 464 374 132 254 283 595 302 54 360 533 495
786 268 752 394 401 295 434 694 888 857 541 513 479 560 469 626 933 701 362 469 320 261 380 244 436 555 802 464 67 255 712 275 792 635 297 293 454 311 616 968 436 286 892 143 984 414 902 631 521 1008 738 429 861 662 388 796 777 555 484 655 583 542 939 472 511 623 488 423 759 635 196 309 202 510 594 366 492 971 451 208 196 44 582 577 210 0 693 195 993 673 377 212 428 241 787 492 198 569 683 607
253 797 316 815 667 581 296 289 270 636 189 232 706 194 765 415 251 19 705 372 832 481 489 486 446 395 512 569 633 645 552 422 651 564 664 499 888 698 339 347 259 480 304 608 299 725 481 653 173 370 499 811 368 653 489 116 378 268 442 458 376 362 594 705 376 413 817 868 242 145 775 780 518 287 190 600 539 662 928 777 507 650 448 460 485 693 0 697 610 160 635 516 311 714 371 342 497 127 536 623
847 107 834 205 217 460 501 775 841 709 518 480 291 613 658 513 913 700 549 575 155 216 264 214 327 669 676 623 170 83 569 294 635 483 481 430 272 500 526 1014 444 219 946 310 997 601 795 461 528 1049 609 236 778 494 269 783 682 494 369 532 482 449 811 654 417 511 293 241 821 603 83 124 191 452 650 535 344 832 283 81 217 207 460 706 248 195 697 0 869 633 553 337 502 47 695 415 278 571 541 441
851 917 925 837 687 1052 805 899 401 206 565 560 655 769 1278 368 538 592 1189 922 917 737 616 756 558 978 193 1112 928 786 310 766 297 400 1128 966 878 1161 393 863 676 709 863 994 710 1226 129 468 644 856 260 805 246 437 609 546 251 485 510 340 415 459 62 1231 487 371 763 879 846 505 946 866 797 523 782 1102 528 99 934 939 814 968 413 1045 817 993 610 869 0 467 1137 927 823 850 251 516 863 620 334 467
414 723 473 716 558 632 357 439 215 476 135 160 585 303 841 262 284 146 766 464 750 427 391 439 336 512 352 660 608 567 393 400 492 413 714 545 785 748 187 492 254 416 459 619 403 795 339 505 192 507 339 706 239 502 388 171 223 146 318 302 231 228 443 788 250 260 701 769 402 44 715 696 478 183 315 668 411 509 831 714 477 635 302 579 464 673 160 633 467 0 704 534 374 640 219 229 492 158 379 477
596 642 526 757 718 99 348 480 895 1059 579 578 797 443 141 793 881 651 76 270 695 473 614 454 641 299 968 116 383 584 920 398 1019 866 90 174 824 101 747 783 462 506 701 243 863 91 1019 899 512 831 917 787 938 923 621 751 889 652 684 835 738 694 1096 106 673 789 838 792 571 660 572 675 431 616 459 36 739 1146 826 583 397 349 772 279 374 377 635 553 1137 704 0 243 331 599 893 634 321 550 891 868
578 439 541 537 478 144 233 483 744 830 400 385 557 360 375 569 765 527 272 257 490 231 373 212 404 345 748 289 181 352 687 164 784 628 205 92 608 237 534 763 280 263 685 93 794 317 818 657 355 805 692 561 752 682 379 627 687 448 449 609 516 472 881 349 447 565 607 578 551 491 379 461 189 407 391 216 498 926 620 388 155 169 541 372 132 212 516 337 927 534 243 0 224 380 693 412 78 401 658 627
358 609 333 675 569 270 18 274 565 773 258 267 636 137 467 506 561 325 397 109 655 310 408 302 405 195 668 289 381 482 646 214 752 614 354 189 751 387 447 540 157 330 464 315 574 422 700 672 183 582 627 688 612 688 412 426 572 346 435 553 451 411 787 413 400 503 718 724 331 331 564 614 312 320 167 295 517 844 775 570 285 384 502 254 254 428 311 502 823 374 331 224 0 535 574 354 236 219 620 640
875 84 865 158 181 506 532 807 844 684 531 491 251 641 705 502 922 716 596 613 122 238 259 239 321 707 658 667 217 73 546 323 606 459 528 473 228 547 520 1037 466 234 971 356 1013 648 782 428 548 1071 591 189 772 462 263 795 673 498 360 516 475 445 791 701 414 499 246 198 849 612 96 81 222 457 678 581 323 808 243 89 252 254 446 746 283 241 714 47 850 640 599 380 535 0 687 416 318 589 519 411
621 763 687 716 553 811 556 657 234 278 316 315 549 520 1033 190 371 354 948 672 776 527 431 544 368 727 154 863 721 616 248 537 320 310 889 724 772 923 172 664 430 503 649 768 535 982 127 405 393 668 174 693 91 388 425 329 16 245 326 195 212 248 224 984 280 191 668 765 612 255 776 721 585 287 534 857 384 291 825 772 597 756 248 795 595 787 371 695 251 219 893 693 574 687 0 296 635 370 249 387
567 499 596 487 330 543 339 547 427 426 159 119 364 370 774 159 513 337 679 464 522 231 162 248 107 543 336 629 425 343 293 250 398 262 615 460 557 648 125 689 199 210 639 479 625 719 413 332 225 712 283 477 371 342 159 395 286 84 101 203 104 60 468 734 46 155 477 540 546 211 498 468 290 55 401 600 199 514 601 496 302 461 147 607 302 492 342 415 516 229 634 412 354 416 296 0 347 242 266 300
593 384 567 471 403 223 239 508 706 757 357 336 481 364 452 500 740 506 348 298 434 153 295 133 329 391 680 362 146 281 614 98 709 552 279 163 544 310 471 772 244 185 698 133 786 395 757 579 327 812 622 492 700 604 302 602 628 392 375 538 449 405 814 427 379 497 535 515 566 451 332 399 113 348 398 294 421 857 560 339 78 155 469 428 54 198 497 278 863 492 321 78 236 318 635 347 0 374 584 549
324 672 358 696 553 483 201 314 349 603 85 124 599 152 686 353 366 133 614 306 708 355 374 359 338 358 486 502 507 521 497 296 601 491 567 398 770 601 279 457 133 355 401 492 426 641 494 570 48 486 458 695 397 576 374 228 371 186 343 399 304 277 591 631 283 350 705 749 304 116 649 657 392 188 173 514 440 654 808 651 381 527 371 425 360 569 127 571 620 158 550 401 219 589 370 242 374 0 476 539
786 583 832 506 353 797 605 789 479 175 394 366 325 621 1029 123 609 524 930 729 583 440 303 460 256 807 147 893 621 458 30 495 131 68 863 717 551 894 199 870 464 409 838 709 763 973 291 157 474 881 85 475 336 139 296 537 233 290 209 78 174 210 273 993 222 126 439 549 770 392 615 532 498 304 647 859 197 291 607 608 522 663 120 871 533 683 536 541 334 379 891 658 620 519 249 266 584 476 0 144
862 465 895 372 233 771 626 847 610 279 454 417 188 670 1001 221 732 614 896 748 457 397 254 416 236 834 289 890 552 361 160 474 196 78 827 700 411 855 291 967 491 364 927 661 876 944 435 33 525 984 229 338 476 56 248 645 371 357 206 195 248 263 405 974 257 222 297 412 843 479 507 409 447 352 701 839 129 408 468 498 477 596 176 894 495 607 623 441 467 477 868 627 640 411 387 300 549 539 144 0
