# TTSP Euclidean complete-graph matrix instance
# seed: 2030
# depot: 1
# L_max is not stored in this file; pass it with --budget when running algorithms.
# coordinate rows: node x y
# coord 1 285.745035 372.018411
# coord 2 500.905469 469.068450
# coord 3 458.158261 436.753753
# coord 4 829.451353 727.132571
# coord 5 297.802433 92.314985
# coord 6 944.348949 56.800371
# coord 7 515.944848 465.658162
# coord 8 857.651318 350.981103
# coord 9 977.315996 543.681864
# coord 10 375.814163 819.528268
# coord 11 393.333698 103.563145
# coord 12 207.701791 924.194377
# coord 13 667.878118 534.327787
# coord 14 302.944648 729.914003
# coord 15 803.620872 730.302152
# coord 16 812.714936 492.313801
# coord 17 318.948066 861.552244
# coord 18 872.451798 193.765129
# coord 19 487.426598 195.907672
# coord 20 228.773982 268.933098
# coord 21 37.829353 175.675848
# coord 22 211.100170 991.285668
# coord 23 869.795145 970.425561
# coord 24 543.299106 763.225024
# coord 25 579.673737 70.026666
# coord 26 975.304411 974.599437
# coord 27 113.258198 57.625708
# coord 28 836.359862 477.169950
# coord 29 457.567406 900.012608
# coord 30 999.961071 885.656923
# coord 31 594.425197 362.756997
# coord 32 967.250625 195.353603
# coord 33 846.395260 990.899767
# coord 34 722.265597 945.622037
# coord 35 48.851785 412.113729
# coord 36 783.281231 308.168595
# coord 37 347.655778 635.483931
# coord 38 778.478252 277.300675
# coord 39 427.013666 117.595417
# coord 40 447.346965 895.508099
# coord 41 692.813758 665.425142
# coord 42 934.223230 321.480327
# coord 43 581.446724 442.830419
# coord 44 326.820518 991.401392
# coord 45 673.196448 440.290627
# coord 46 325.530503 176.844701
# coord 47 909.128637 935.896084
# coord 48 274.496764 733.989509
# coord 49 997.142721 901.920219
# coord 50 455.684820 506.904319
# coord 51 924.024397 809.563016
# coord 52 981.620261 408.625308
# coord 53 516.217496 370.920720
# coord 54 320.864625 371.762395
# coord 55 44.483539 864.245828
# coord 56 858.188526 100.698731
# coord 57 70.514085 591.713103
# coord 58 403.628616 512.428944
# coord 59 295.853363 942.216099
# coord 60 804.576824 431.200618
# coord 61 129.501416 669.355506
# coord 62 282.559645 818.641148
# coord 63 327.841726 214.043196
# coord 64 512.280179 579.582556
# coord 65 76.080455 602.216325
# coord 66 791.908370 823.788758
# coord 67 823.570144 91.039905
# coord 68 182.420730 727.631435
# coord 69 425.055005 997.073455
# coord 70 627.001201 827.686254
# coord 71 579.696959 226.790016
# coord 72 108.927453 145.464478
# coord 73 259.628711 792.729874
# coord 74 188.582147 387.863304
# coord 75 954.473831 263.161343
# coord 76 803.349988 384.699919
# coord 77 31.129791 845.054663
# coord 78 251.783104 642.742130
# coord 79 517.189850 964.394405
# coord 80 504.872710 694.897885
# coord 81 179.942394 243.709669
# coord 82 593.070261 499.750153
# coord 83 357.134146 560.847697
# coord 84 256.381282 446.954699
# coord 85 622.137888 5.994852
# coord 86 689.780539 238.576790
# coord 87 805.583619 477.637239
# coord 88 461.378474 423.023802
# coord 89 341.176020 102.947990
# coord 90 465.696885 857.871181
# coord 91 931.090380 200.986957
# coord 92 976.333553 794.640822
# coord 93 522.782454 861.136264
# coord 94 550.741773 647.758220
# coord 95 580.434492 595.415790
# coord 96 650.938825 65.959414
# coord 97 666.957678 482.206629
# coord 98 161.628806 730.740254
# coord 99 360.892427 473.916445
# coord 100 231.800293 598.001437
# reference_nearest_neighbor_tour_cost: 10541
TTSP_MATRIX
100
0 79 27 16 27 66 32 7 59 46 34 51 11 88 65 1 3 36 71 36 53 68 62 68 13 82 70 4 34 99 17 40 15 37 16 25 35 31 3 88 49 82 12 71 100 9 94 17 96 20 86 9 60 5 64 61 35 24 49 21 25 8 70 5 70 10 63 3 76 50 5 15 80 94 2 66 84 86 91 5 30 61 29 13 15 79 31 80 80 15 96 93 55 9 70 32 38 87 35 11
0 236 184 649 280 730 249 572 713 456 289 558 415 358 630 541 491 613 268 118 316 624 836 468 421 916 359 561 555 880 309 704 835 721 240 502 271 502 291 548 502 650 304 621 393 199 841 362 887 217 774 697 230 35 548 633 308 183 570 522 336 447 163 307 311 678 607 370 640 569 328 287 422 98 678 518 537 273 636 390 166 333 202 80 497 426 530 183 275 518 668 810 544 382 370 476 397 380 127 232
236 0 54 418 428 605 15 376 482 372 381 541 179 327 400 313 433 462 273 338 548 597 622 297 407 693 565 336 433 650 142 541 626 525 456 325 226 337 359 430 275 458 85 551 175 341 620 348 658 59 543 484 99 205 604 513 448 107 516 306 422 412 308 111 445 459 497 410 533 380 255 508 404 323 498 314 602 304 496 226 392 97 171 246 479 298 305 61 399 390 507 576 393 186 149 430 167 428 140 298
184 54 0 471 380 617 65 409 530 392 339 548 231 332 453 359 447 480 243 284 495 607 674 337 386 746 513 380 463 704 155 563 677 573 410 350 227 358 321 459 328 490 123 570 215 292 673 349 712 70 597 524 88 152 595 522 417 93 531 346 403 420 258 153 416 511 503 401 561 426 243 455 408 274 526 349 591 292 531 262 339 149 160 202 461 305 350 14 354 421 528 630 429 230 200 418 214 418 104 278
649 418 471 0 828 680 408 377 236 463 761 652 252 527 26 235 528 535 632 755 965 672 247 288 703 287 980 250 410 233 434 549 264 243 842 422 490 453 730 418 150 419 377 568 327 746 223 555 242 434 125 353 474 620 797 627 771 477 575 297 702 554 718 350 764 104 636 647 486 226 559 926 574 725 481 343 807 584 392 326 810 328 501 638 750 508 251 477 792 387 536 162 335 290 282 685 294 668 533 611
280 428 380 828 0 648 432 617 816 731 96 837 576 638 814 652 770 584 216 190 273 903 1048 714 283 1112 188 662 823 1059 401 677 1053 953 405 531 545 515 132 817 696 676 451 900 512 89 1042 642 1070 444 952 753 354 280 812 560 549 433 850 610 601 726 125 532 556 883 526 646 914 806 312 196 701 315 679 584 799 552 899 637 192 503 472 357 336 418 637 369 45 784 643 977 801 610 577 354 537 653 387 510
730 605 617 680 648 0 592 307 488 951 553 1138 552 930 688 455 1019 155 478 746 914 1188 917 812 365 918 831 434 974 831 465 140 939 916 963 299 831 276 521 975 659 265 530 1120 470 630 880 953 847 664 753 354 531 699 1209 97 1025 707 1098 400 1019 1009 636 678 1025 782 126 1015 1074 834 402 840 1005 825 207 357 1206 907 1003 775 787 565 774 791 326 313 443 606 605 933 145 739 908 710 650 294 508 1033 717 895
249 15 65 408 432 592 0 360 468 381 382 553 167 339 391 298 442 448 271 348 559 608 616 299 401 686 573 321 438 641 129 526 621 522 470 310 239 323 359 435 267 442 69 559 159 346 613 361 650 73 534 469 95 217 617 500 463 122 525 291 437 423 314 114 461 452 485 424 539 379 247 518 416 336 483 299 616 318 499 230 403 84 185 260 472 286 290 69 403 395 492 566 396 185 145 422 152 443 155 313
572 376 409 377 617 307 360 0 227 672 526 867 264 672 383 148 742 158 401 634 838 910 620 518 395 635 800 128 679 553 263 190 640 610 811 86 584 108 490 682 355 82 291 832 205 560 587 698 568 431 463 137 342 537 962 250 823 482 816 96 795 741 547 414 821 477 262 773 778 530 304 776 743 670 131 64 963 672 702 493 686 304 543 609 418 202 137 403 573 641 167 459 610 427 370 352 231 793 512 673
713 482 530 236 816 488 468 227 0 662 731 859 310 700 255 172 731 365 601 797 1009 887 440 486 618 431 991 156 630 343 423 348 466 476 938 305 636 332 696 636 309 226 409 790 321 748 398 728 359 523 271 135 492 679 986 459 908 575 789 206 857 747 728 466 903 336 478 816 715 451 508 955 760 804 281 236 993 732 623 496 852 387 620 727 644 419 184 530 774 600 346 251 554 439 400 579 316 837 620 747
456 372 392 463 731 951 381 672 662 0 716 198 408 116 437 546 71 799 634 570 727 238 517 177 777 619 806 574 115 628 506 860 501 369 522 654 186 675 704 104 352 748 429 179 482 645 546 133 627 323 548 732 470 451 334 866 381 308 146 578 288 93 607 276 370 416 855 214 184 251 627 725 119 471 803 610 346 216 202 179 608 387 259 391 850 660 549 406 717 98 831 601 153 245 303 802 446 232 346 264
289 381 339 761 96 553 382 526 731 716 0 841 511 633 749 572 762 488 132 233 363 906 989 676 189 1048 284 580 799 990 328 581 996 904 462 440 534 423 36 794 637 583 388 890 438 100 979 642 1001 408 883 663 294 278 837 465 585 409 844 526 624 724 128 491 591 823 430 659 894 761 223 287 702 350 583 497 825 557 870 602 255 444 459 370 249 326 557 327 52 758 547 904 769 567 526 260 467 669 372 520
558 541 548 652 837 1138 553 867 859 198 841 0 603 216 627 743 128 988 780 656 768 67 664 372 932 769 872 771 251 793 682 1053 642 515 536 843 321 863 836 241 550 944 609 137 671 757 702 202 790 485 725 930 633 564 174 1049 360 456 90 774 267 129 720 460 348 593 1036 198 229 430 790 785 141 537 997 804 193 285 312 375 681 573 393 480 1007 838 746 562 832 266 1023 779 321 441 497 966 637 199 476 327
415 179 231 252 576 552 167 264 310 408 511 603 0 414 238 151 478 397 384 513 725 646 481 261 473 537 731 178 422 483 187 452 490 415 631 254 336 280 481 423 133 341 126 570 94 495 468 441 493 214 376 338 223 383 705 474 600 265 552 171 555 479 467 162 596 315 470 523 523 296 320 681 483 501 395 202 709 430 456 229 568 82 312 421 530 297 149 235 541 382 425 404 358 163 107 469 52 543 313 441
358 327 332 527 638 930 339 672 700 116 633 216 414 0 501 562 133 782 565 467 614 277 616 243 716 715 699 590 230 714 469 853 603 472 407 639 104 656 625 220 395 752 400 263 470 554 640 29 715 270 626 751 418 359 291 839 270 240 212 584 184 91 516 258 260 498 824 121 294 338 574 616 76 361 801 608 295 101 318 205 502 370 178 287 791 625 562 345 628 207 821 676 256 261 308 750 440 141 262 150
630 400 453 26 814 688 391 383 255 437 749 627 238 501 0 238 502 541 621 737 946 647 249 262 697 299 964 255 385 250 423 559 264 230 819 423 466 454 719 393 128 429 363 544 318 731 231 529 259 413 144 368 460 601 771 632 746 455 550 299 677 528 702 328 739 94 640 621 463 202 551 908 548 704 491 346 781 559 370 301 791 312 478 616 747 505 253 460 779 361 544 184 310 266 261 682 283 642 512 587
541 313 359 235 652 455 298 148 172 546 572 743 151 562 238 0 617 304 440 625 837 782 482 382 482 509 824 28 541 436 254 335 500 462 768 186 487 218 538 544 211 210 237 697 149 580 454 590 449 357 336 189 320 506 854 394 749 410 685 62 706 623 559 313 745 332 401 673 636 383 353 785 629 633 269 108 857 581 557 369 680 220 461 558 522 282 16 358 612 504 314 344 469 305 254 456 146 693 452 590
491 433 447 528 770 1019 442 742 731 71 762 128 478 133 502 617 0 867 687 599 741 169 562 245 833 666 830 645 144 681 570 930 543 412 524 722 228 743 752 133 422 819 494 130 550 685 595 135 679 380 607 803 529 490 274 933 367 359 84 649 270 56 648 342 355 474 921 191 172 310 686 746 91 491 873 680 288 229 223 250 633 454 303 419 908 725 620 461 759 147 901 661 204 315 373 862 515 205 390 278
613 462 480 535 584 155 448 158 365 799 488 988 397 782 541 304 867 0 385 648 835 1036 777 658 318 788 771 286 819 704 325 95 798 767 852 145 686 126 452 820 505 142 383 966 317 547 743 806 719 521 618 241 398 580 1065 94 895 567 945 247 882 859 545 528 895 635 114 872 919 680 295 765 857 711 107 203 1064 766 849 621 694 414 633 666 313 188 292 471 539 779 59 610 753 556 497 256 354 891 583 758
268 273 243 632 216 478 271 401 601 634 132 780 384 565 621 440 687 385 0 269 450 842 864 570 156 919 399 448 705 859 198 480 872 786 489 316 461 302 99 701 512 464 264 812 307 163 852 579 871 313 753 538 177 242 802 383 575 327 771 395 594 656 161 384 578 698 352 613 804 647 97 382 639 355 472 368 793 505 769 499 311 322 388 341 233 207 425 229 173 662 444 773 666 456 410 209 338 626 305 476
118 338 284 755 190 746 348 634 797 570 233 656 513 467 737 625 599 648 269 0 213 723 950 586 403 1027 241 642 671 987 377 742 950 838 230 556 385 550 249 664 610 707 393 729 476 134 953 467 996 329 881 766 305 138 623 652 359 300 677 598 413 552 113 421 367 791 621 461 754 686 353 172 525 126 726 586 609 375 753 508 55 431 319 180 473 462 613 279 200 635 706 914 661 497 480 468 487 467 244 329
316 548 495 965 273 914 559 838 1009 727 363 768 725 614 946 837 741 835 450 213 0 834 1151 775 552 1232 140 854 837 1196 587 930 1148 1030 237 757 554 748 393 828 818 908 606 865 688 288 1156 606 1203 533 1090 972 517 344 689 824 417 497 809 808 502 688 293 623 428 994 790 571 908 879 544 77 656 260 921 794 669 514 923 698 158 643 500 348 608 655 825 490 312 805 894 1124 840 697 686 623 700 569 440 465
624 597 607 672 903 1188 608 910 887 238 906 67 646 277 647 782 169 1036 842 723 834 0 659 403 992 764 939 809 263 796 736 1098 635 513 601 891 381 912 900 255 582 986 662 116 719 822 700 265 791 543 736 966 691 629 210 1101 424 516 98 816 332 187 786 510 412 604 1089 265 214 447 849 852 204 604 1041 848 232 351 307 417 748 623 455 546 1068 892 786 621 898 287 1069 790 338 483 541 1025 683 265 539 394
836 622 674 247 1048 917 616 620 440 517 989 664 481 616 249 482 562 777 864 950 1151 659 0 387 946 106 1186 494 418 155 667 781 31 150 993 668 620 699 961 429 353 652 601 543 565 962 52 641 145 622 170 573 696 812 832 870 884 654 575 543 799 607 930 530 875 166 881 729 446 282 798 1122 636 896 712 589 848 700 353 457 1002 546 656 806 996 754 497 683 1016 419 772 206 364 454 474 931 529 748 711 739
468 297 337 288 714 812 299 518 486 177 676 372 261 243 262 382 245 658 570 586 775 403 387 0 694 481 826 410 161 473 404 709 379 256 606 514 234 540 656 163 179 590 323 315 348 626 405 270 475 271 384 564 393 450 509 734 503 287 305 423 424 267 590 186 494 256 728 363 262 106 538 755 285 516 647 459 519 315 203 78 634 268 275 427 761 545 388 350 691 122 683 434 100 116 172 706 307 383 342 353
421 407 386 703 283 365 401 395 618 777 189 932 473 716 697 482 833 318 156 403 552 992 946 694 0 987 467 481 839 918 293 407 959 887 632 313 611 287 160 836 606 435 373 955 382 276 926 731 931 454 816 526 308 398 958 280 729 476 917 425 750 805 290 514 733 783 245 768 940 759 157 477 790 504 422 386 950 660 897 629 436 430 539 497 77 201 466 372 241 796 375 826 793 578 525 71 421 782 459 632
916 693 746 287 1112 918 686 635 431 619 1048 769 537 715 299 509 666 788 919 1027 1232 764 106 481 987 0 1259 516 523 92 721 779 130 255 1084 694 713 725 1017 534 419 654 662 649 614 1029 77 741 76 699 173 566 758 890 937 882 982 735 680 570 899 710 999 609 973 237 896 830 551 378 846 1199 738 981 712 614 953 796 458 547 1080 610 744 892 1031 789 525 754 1078 523 775 180 467 536 547 965 581 849 793 833
359 565 513 980 188 831 573 800 991 806 284 872 731 699 964 824 830 771 399 241 140 939 1186 826 467 1259 0 836 910 1213 570 865 1187 1077 360 715 624 701 319 902 840 862 606 958 678 243 1185 695 1222 565 1106 937 510 377 810 746 536 540 903 786 612 780 266 657 546 1024 711 674 990 926 496 88 750 339 866 764 792 601 993 748 198 652 559 415 511 604 810 505 232 874 830 1135 902 735 712 538 698 675 484 553
561 336 380 250 662 434 321 128 156 574 580 771 178 590 255 28 645 286 448 642 854 809 494 410 481 516 836 0 568 440 268 311 514 482 790 177 514 208 545 571 237 184 257 724 167 593 464 618 454 382 344 161 337 526 881 377 774 434 713 56 733 651 573 340 770 349 386 700 663 408 359 799 657 654 244 98 885 608 582 397 697 244 486 581 518 280 31 379 621 531 292 347 496 333 282 451 169 721 475 617
555 433 463 410 823 974 438 679 630 115 799 251 422 230 385 541 144 819 705 671 837 263 418 161 839 523 910 568 0 543 554 870 399 269 636 676 286 701 783 11 332 750 474 160 508 735 453 247 540 393 475 718 532 546 415 894 495 391 167 583 401 193 698 325 484 343 888 325 102 184 684 831 225 578 808 621 430 329 88 210 713 423 354 496 909 701 547 477 806 43 844 529 76 269 328 856 467 341 437 377
880 650 704 233 1059 831 641 553 343 628 990 793 483 714 250 436 681 704 859 987 1196 796 155 473 918 92 1213 440 543 0 662 691 186 284 1062 617 699 647 958 553 378 568 609 681 552 978 104 741 17 663 108 477 706 852 956 798 975 703 706 495 897 721 950 576 966 217 814 833 586 377 781 1158 746 952 624 538 970 787 489 531 1041 561 720 863 957 718 452 710 1023 535 688 94 478 508 510 891 523 853 760 820
309 142 155 434 401 465 129 263 423 506 328 682 187 469 423 254 570 325 198 377 587 736 667 404 293 721 570 268 554 662 0 409 677 597 548 197 368 203 297 553 318 342 81 683 111 327 654 490 673 200 555 390 79 274 744 372 572 242 652 221 557 552 305 232 571 502 355 550 657 466 137 532 545 407 374 210 742 442 607 344 431 137 309 348 358 157 240 146 363 512 374 577 504 288 233 302 140 568 259 432
704 541 563 549 677 140 526 190 348 860 581 1053 452 853 559 335 930 95 480 742 930 1098 781 709 407 779 865 311 870 691 409 0 805 789 944 216 760 206 546 872 544 130 458 1022 383 642 743 878 707 599 616 214 484 670 1140 144 980 647 1004 287 963 926 640 596 980 652 178 948 968 718 389 860 926 802 69 250 1139 844 891 681 789 482 711 754 394 281 325 555 633 831 37 599 801 615 556 342 415 967 667 838
835 626 677 264 1053 939 621 640 466 501 996 642 490 603 264 500 543 798 872 950 1148 635 31 379 959 130 1187 514 399 186 677 805 0 132 985 686 612 717 969 410 360 675 609 520 577 966 83 627 175 622 197 598 702 812 812 890 873 652 553 561 786 590 934 530 863 176 900 714 421 273 809 1122 619 892 736 608 828 689 330 452 1001 553 651 802 1010 768 515 686 1022 403 794 235 349 453 477 945 539 733 709 729
721 525 573 243 953 916 522 610 476 369 904 515 415 472 230 462 412 767 786 838 1030 513 150 256 887 255 1077 482 269 284 597 789 132 0 859 640 486 671 879 279 282 659 522 398 508 865 187 495 278 513 243 596 611 700 683 856 742 538 426 521 654 458 831 422 732 140 861 582 302 152 733 1008 487 772 721 567 698 560 206 332 887 464 530 682 945 708 475 584 925 271 773 296 217 344 378 883 467 600 594 601
240 456 410 842 405 963 470 811 938 522 462 536 631 407 819 768 524 852 489 230 237 601 993 606 632 1084 360 790 636 1062 548 944 985 859 0 742 373 742 479 626 692 890 533 643 625 363 1007 393 1067 418 961 933 469 275 452 867 181 369 585 756 270 469 342 493 192 849 839 343 695 712 562 273 435 142 918 755 433 307 724 537 213 551 342 210 703 664 760 413 425 610 907 1003 653 554 562 695 622 338 318 261
502 325 350 422 531 299 310 86 305 654 440 843 254 639 423 186 722 145 316 556 757 891 668 514 313 694 715 177 676 617 197 216 686 640 742 0 545 31 404 677 369 152 243 822 172 476 640 663 631 383 521 222 274 467 925 221 767 431 800 125 747 715 465 384 766 516 221 733 776 543 219 694 713 600 177 79 924 628 708 477 607 270 495 545 342 117 171 342 487 635 183 523 611 412 352 276 209 752 454 623
271 226 227 490 545 831 239 584 636 186 534 321 336 104 466 487 228 686 461 385 554 381 620 234 611 713 624 514 286 699 368 760 612 486 373 545 0 560 524 278 346 665 303 357 380 459 637 123 702 168 602 673 314 265 380 739 281 135 311 501 221 194 422 174 274 483 723 189 370 339 470 545 180 294 712 520 380 96 370 168 426 280 75 209 687 524 484 241 533 252 727 649 286 203 236 645 354 209 162 122
502 337 358 453 515 276 323 108 332 675 423 863 280 656 454 218 743 126 302 550 748 912 699 540 287 725 701 208 701 647 203 206 717 671 742 31 560 0 386 701 397 162 257 845 194 464 671 680 662 396 552 242 278 467 940 194 775 442 822 156 758 734 455 403 774 547 192 747 802 571 205 682 731 600 177 110 939 641 735 499 599 290 508 549 313 97 202 349 471 659 171 554 637 435 375 247 233 766 462 634
291 359 321 730 132 521 359 490 696 704 36 836 481 625 719 538 752 452 99 249 393 900 961 656 160 1017 319 545 783 958 297 546 969 879 479 404 524 386 0 778 609 547 360 880 406 118 950 635 970 390 852 626 269 275 839 432 593 396 835 491 627 716 138 470 598 795 397 657 879 738 188 319 696 360 547 461 828 554 852 583 277 417 449 371 225 289 522 307 87 741 511 872 750 544 502 230 436 668 362 519
548 430 459 418 817 975 435 682 636 104 794 241 423 220 393 544 133 820 701 664 828 255 429 163 836 534 902 571 11 553 553 872 410 279 626 677 278 701 778 0 336 753 472 154 508 729 464 237 550 389 484 723 529 539 404 895 484 386 159 586 390 182 692 323 473 352 888 314 104 192 682 823 214 570 811 623 419 320 98 209 705 422 347 488 907 700 550 473 800 42 846 539 83 268 328 854 468 330 430 367
502 275 328 150 696 659 267 355 309 352 637 550 133 395 128 211 422 505 512 610 818 582 353 179 606 419 840 237 332 378 318 544 360 282 692 369 346 397 609 336 0 420 249 490 226 611 346 424 385 285 272 386 343 474 678 588 627 327 484 260 563 438 580 200 620 187 589 514 426 175 453 782 452 576 480 302 686 442 347 190 664 193 352 488 663 427 219 335 663 298 522 312 259 143 132 601 185 535 383 466
650 458 490 419 676 265 442 82 226 748 583 944 341 752 429 210 819 142 464 707 908 986 652 590 435 654 862 184 750 568 342 130 675 659 890 152 665 162 547 753 420 0 373 904 287 626 615 778 584 513 488 99 421 615 1042 234 905 564 890 170 877 820 616 495 903 522 256 854 846 592 367 844 823 749 62 145 1044 754 766 569 758 385 625 689 444 258 202 484 632 712 121 475 679 504 447 381 312 874 593 755
304 85 123 377 451 530 69 291 409 429 388 609 126 400 363 237 494 383 264 393 606 662 601 323 373 662 606 257 474 609 81 458 609 522 533 243 303 257 360 472 249 373 0 605 92 369 592 423 619 141 502 402 97 270 683 440 532 191 575 223 506 480 342 153 530 435 427 490 576 388 216 558 475 397 414 229 682 386 526 263 448 58 253 325 439 231 227 122 416 431 425 529 422 207 153 383 94 509 223 383
621 551 570 568 900 1120 559 832 790 179 890 137 570 263 544 697 130 966 812 729 865 116 543 315 955 649 958 724 160 681 683 1022 520 398 643 822 357 845 880 154 490 904 605 0 651 815 585 263 676 501 624 877 649 620 310 1037 475 485 58 736 378 178 777 452 463 494 1028 301 98 342 805 874 210 619 961 771 330 357 192 346 762 559 432 549 1029 836 702 584 889 193 995 679 235 410 470 981 612 309 519 405
393 175 215 327 512 470 159 205 321 482 438 671 94 470 318 149 550 317 307 476 688 719 565 348 382 614 678 167 508 552 111 383 577 508 625 172 380 194 406 508 226 287 92 651 0 436 549 495 564 227 446 310 172 359 758 387 621 279 628 132 590 544 413 213 619 401 380 569 610 390 233 637 543 487 332 142 759 468 547 305 531 100 338 417 437 202 138 213 473 466 352 466 447 241 181 375 42 588 314 469
199 341 292 746 89 630 346 560 748 645 100 757 495 554 731 580 685 547 163 134 288 822 962 626 276 1029 243 593 735 978 327 642 966 865 363 476 459 464 118 729 611 626 369 815 436 0 957 559 988 355 871 696 272 195 743 538 487 345 766 542 530 643 37 444 493 798 505 569 826 717 259 219 619 252 635 521 730 472 811 548 160 419 385 279 342 369 567 281 76 695 606 897 712 522 490 344 458 578 299 431
841 620 673 223 1042 880 613 587 398 546 979 702 468 640 231 454 595 743 852 953 1156 700 52 405 926 77 1185 464 453 104 654 743 83 187 1007 640 637 671 950 464 346 615 592 585 549 957 0 666 94 624 127 532 688 815 868 837 906 659 613 515 824 637 927 533 897 162 849 756 488 302 782 1125 665 905 674 561 883 720 393 471 1005 539 667 816 973 731 470 681 1008 450 735 156 394 460 473 907 514 775 717 757
362 348 349 555 642 953 361 698 728 133 642 202 441 29 529 590 135 806 579 467 606 265 641 270 731 741 695 618 247 741 490 878 627 495 393 663 123 680 635 237 424 778 423 263 495 559 666 0 742 291 654 778 436 365 264 861 249 256 209 610 159 85 523 284 238 525 845 92 303 365 592 611 61 357 827 634 268 94 335 234 499 395 192 288 807 646 590 363 635 228 846 704 279 289 336 767 466 113 274 143
887 658 712 242 1070 847 650 568 359 627 1001 790 493 715 259 449 679 719 871 996 1203 791 145 475 931 76 1222 454 540 17 673 707 175 278 1067 631 702 662 970 550 385 584 619 676 564 988 94 742 0 670 118 494 716 859 953 813 977 710 702 509 898 719 960 582 969 220 829 833 580 378 794 1167 746 958 640 552 968 789 484 534 1049 570 725 869 971 731 466 719 1034 533 704 109 476 514 517 905 534 853 767 823
217 59 70 434 444 664 73 431 523 323 408 485 214 270 413 357 380 521 313 329 533 543 622 271 454 699 565 382 393 663 200 599 622 513 418 383 168 396 390 389 285 513 141 501 227 355 624 291 670 0 558 535 149 191 545 572 394 52 464 357 364 357 320 92 391 462 555 351 491 364 306 501 347 292 555 369 543 245 462 194 381 138 112 208 528 356 351 84 420 351 565 595 361 170 153 482 213 370 100 242
774 543 597 125 952 753 534 463 271 548 883 725 376 626 144 336 607 618 753 881 1090 736 170 384 816 173 1106 344 475 108 555 616 197 243 961 521 602 552 852 484 272 488 502 624 446 871 127 654 118 558 0 405 599 745 881 712 881 599 642 397 807 642 843 472 873 133 726 746 533 298 677 1051 665 848 547 442 894 693 435 435 935 453 619 760 858 617 352 603 916 461 609 54 405 407 405 792 416 766 656 724
697 484 524 353 753 354 469 137 135 732 663 930 338 751 368 189 803 241 538 766 972 966 573 564 526 566 937 161 718 477 390 214 598 596 933 222 673 242 626 723 386 99 402 877 310 696 532 778 494 535 405 0 467 662 1042 332 929 587 869 178 891 810 682 500 926 456 355 861 810 549 441 912 818 793 148 180 1046 766 724 556 818 399 643 726 540 338 189 520 710 684 214 386 644 493 443 476 323 881 624 773
230 99 88 474 354 531 95 342 492 470 294 633 223 418 460 320 529 398 177 305 517 691 696 393 308 758 510 337 532 706 79 484 702 611 469 274 314 278 269 529 343 421 97 649 172 272 688 436 716 149 599 467 0 195 683 436 497 181 612 295 488 505 245 209 497 530 416 489 633 470 157 466 494 328 451 287 678 379 593 324 360 150 248 271 380 218 308 76 320 490 448 625 490 279 233 333 187 505 186 364
35 205 152 620 280 699 217 537 679 451 278 564 383 359 601 506 490 580 242 138 344 629 812 450 398 890 377 526 546 852 274 670 812 700 275 467 265 467 275 539 474 615 270 620 359 195 815 365 859 191 745 662 195 0 565 602 333 163 571 487 354 449 158 283 336 653 576 382 634 549 297 310 425 133 643 483 555 280 624 372 190 301 193 99 474 392 496 150 270 507 634 780 529 359 343 450 363 393 110 243
548 604 595 797 812 1209 617 962 986 334 837 174 705 291 771 854 274 1065 802 623 689 210 832 509 958 937 810 881 415 956 744 1140 812 683 452 925 380 940 839 404 678 1042 683 310 758 743 868 264 953 545 881 1042 683 565 0 1116 274 503 263 875 213 242 709 548 264 749 1098 194 403 584 832 722 227 498 1091 898 23 303 483 491 635 659 436 468 1035 899 854 607 817 421 1107 934 478 551 600 1003 730 178 502 326
633 513 522 627 560 97 500 250 459 866 465 1049 474 839 632 394 933 94 383 652 824 1101 870 734 280 882 746 377 894 798 372 144 890 856 867 221 739 194 432 895 588 234 440 1037 387 538 837 861 813 572 712 332 436 602 1116 0 928 613 1012 335 924 920 542 591 929 726 36 922 996 763 306 751 915 729 189 289 1113 813 929 691 693 479 680 694 254 218 381 511 517 853 124 704 831 628 567 210 427 939 622 800
308 448 417 771 549 1025 463 823 908 381 585 360 600 270 746 749 367 895 575 359 417 424 884 503 729 982 536 774 495 975 572 980 873 742 181 767 281 775 593 484 627 905 532 475 621 487 906 249 977 394 881 929 497 333 274 928 0 342 417 751 98 311 457 442 12 758 904 176 539 604 626 448 276 236 943 762 256 188 582 446 365 531 288 236 805 713 744 426 559 476 945 928 526 483 510 783 606 166 313 161
183 107 93 477 433 707 122 482 575 308 409 456 265 240 455 410 359 567 327 300 497 516 654 287 476 735 540 434 391 703 242 647 652 538 369 431 135 442 396 386 327 564 191 485 279 345 659 256 710 52 599 587 181 163 503 613 342 0 443 409 316 329 308 128 340 498 595 309 485 386 336 471 315 249 605 420 499 200 466 209 350 190 67 161 552 396 403 106 414 351 613 638 369 200 195 510 265 326 58 192
570 516 531 575 850 1098 525 816 789 146 844 90 552 212 550 685 84 945 771 677 809 98 575 305 917 680 903 713 167 706 652 1004 553 426 585 800 311 822 835 159 484 890 575 58 628 766 613 209 702 464 642 869 612 571 263 1012 417 443 0 721 320 124 729 422 405 510 1001 243 140 350 770 818 154 565 946 754 282 303 222 324 708 533 386 497 991 806 690 545 840 190 976 696 241 389 449 945 591 250 473 350
522 306 346 297 610 400 291 96 206 578 526 774 171 584 299 62 649 247 395 598 808 816 543 423 425 570 786 56 583 495 221 287 561 521 756 125 501 156 491 586 260 170 223 736 132 542 515 610 509 357 397 178 295 487 875 335 751 409 721 0 716 650 524 328 748 393 341 689 681 434 304 752 654 618 225 47 877 592 606 399 652 222 466 548 463 224 46 343 568 545 263 402 514 334 278 396 147 709 446 597
336 422 403 702 601 1019 437 795 857 288 624 267 555 184 677 706 270 882 594 413 502 332 799 424 750 899 612 733 401 897 557 963 786 654 270 747 221 758 627 390 563 877 506 378 590 530 824 159 898 364 807 891 488 354 213 924 98 316 320 716 0 214 497 393 86 680 903 79 441 522 631 524 179 288 920 732 201 125 487 376 429 494 252 256 826 707 703 413 605 385 928 856 438 422 457 797 569 69 303 125
447 412 420 554 726 1009 423 741 747 93 724 129 479 91 528 623 56 859 656 552 688 187 607 267 805 710 780 651 193 721 552 926 590 458 469 715 194 734 716 182 438 820 480 178 544 643 637 85 719 357 642 810 505 449 242 920 311 329 124 650 214 0 606 332 299 509 907 135 228 345 662 695 35 441 872 678 253 179 276 254 584 445 268 373 881 709 624 434 718 187 896 694 244 318 372 838 511 150 354 226
163 308 258 718 125 636 314 547 728 607 128 720 467 516 702 559 648 545 161 113 293 786 930 590 290 999 266 573 698 950 305 640 934 831 342 465 422 455 138 692 580 616 342 777 413 37 927 523 960 320 843 682 245 158 709 542 457 308 729 524 497 606 0 409 463 766 511 534 789 683 252 229 583 223 629 505 697 435 774 512 151 390 348 244 360 363 546 248 112 658 603 870 676 488 457 355 432 543 262 396
307 111 153 350 532 678 114 414 466 276 491 460 162 258 328 313 342 528 384 421 623 510 530 186 514 609 657 340 325 576 232 596 530 422 493 384 174 403 470 323 200 495 153 452 213 444 533 284 582 92 472 500 209 283 548 591 442 128 422 328 393 332 409 0 437 371 579 362 427 273 359 593 331 376 544 350 550 268 385 116 473 114 156 288 584 384 311 165 506 282 565 511 282 78 70 532 183 382 185 281
311 445 416 764 556 1025 461 821 903 370 591 348 596 260 739 745 355 895 578 367 428 412 875 494 733 973 546 770 484 966 571 980 863 732 192 766 274 774 598 473 620 903 530 463 619 493 897 238 969 391 873 926 497 336 264 929 12 340 405 748 86 299 463 437 0 749 906 164 527 595 628 458 265 242 942 759 247 180 571 439 373 527 284 238 808 713 740 425 565 466 944 921 516 477 504 786 603 154 312 156
678 459 511 104 883 782 452 477 336 416 823 593 315 498 94 332 474 635 698 791 994 604 166 256 783 237 1024 349 343 217 502 652 176 140 849 516 483 547 795 352 187 522 435 494 401 798 162 525 220 462 133 456 530 653 749 726 758 498 510 393 680 509 766 371 749 0 733 617 406 165 634 963 533 744 584 439 761 570 309 315 843 380 508 655 835 594 346 519 850 328 638 187 272 299 311 771 364 637 555 604
607 497 503 636 526 126 485 262 478 855 430 1036 470 824 640 401 921 114 352 621 790 1089 881 728 245 896 711 386 888 814 355 178 900 861 839 221 723 192 397 888 589 256 427 1028 380 505 849 845 829 555 726 355 416 576 1098 36 904 595 1001 341 903 907 511 579 906 733 0 904 990 762 279 717 900 701 216 294 1094 795 926 683 661 469 662 670 219 199 387 491 483 846 154 720 827 620 560 174 421 921 601 779
370 410 401 647 646 1015 424 773 816 214 659 198 523 121 621 673 191 872 613 461 571 265 729 363 768 830 674 700 325 833 550 948 714 582 343 733 189 747 657 314 514 854 490 301 569 569 756 92 833 351 746 861 489 382 194 922 176 309 243 689 79 135 534 362 164 617 904 0 363 456 639 587 101 340 901 709 192 110 410 324 484 470 242 290 845 705 671 413 645 312 915 797 366 377 419 811 543 21 310 139
640 533 561 486 914 1074 539 778 715 184 894 229 523 294 463 636 172 919 804 754 908 214 446 262 940 551 990 663 102 586 657 968 421 302 695 776 370 802 879 104 426 846 576 98 610 826 488 303 580 491 533 810 633 634 403 996 539 485 140 681 441 228 789 427 527 406 990 363 0 264 786 908 263 653 905 720 422 394 98 313 792 525 441 575 1010 803 644 575 898 145 943 587 167 371 431 958 569 375 527 443
569 380 426 226 806 834 379 530 451 251 761 430 296 338 202 383 310 680 647 686 879 447 282 106 759 378 926 408 184 377 466 718 273 152 712 543 339 571 738 192 175 592 388 342 390 717 302 365 378 364 298 549 470 549 584 763 604 386 350 434 522 345 683 273 595 165 762 456 264 0 603 857 369 621 653 477 596 418 175 180 735 330 380 531 822 592 393 437 779 164 697 351 109 195 237 762 348 475 443 457
328 255 243 559 312 402 247 304 508 627 223 790 320 574 551 353 686 295 97 353 544 849 798 538 157 846 496 359 684 781 137 389 809 733 562 219 470 205 188 682 453 367 216 805 233 259 782 592 794 306 677 441 157 297 832 306 626 336 770 304 631 662 252 359 628 634 279 639 786 603 0 478 650 423 377 274 827 530 740 474 400 273 401 391 225 111 338 229 269 641 352 693 637 422 369 176 270 655 330 509
287 508 455 926 196 840 518 776 955 725 287 785 681 616 908 785 746 765 382 172 77 852 1122 755 477 1199 88 799 831 1158 532 860 1122 1008 273 694 545 682 319 823 782 844 558 874 637 219 1125 611 1167 501 1051 912 466 310 722 751 448 471 818 752 524 695 229 593 458 963 717 587 908 857 478 0 665 255 854 734 704 517 915 677 121 600 484 336 532 588 772 449 236 797 824 1083 827 669 652 548 652 588 414 469
422 404 408 574 701 1005 416 743 760 119 702 141 483 76 548 629 91 857 639 525 656 204 636 285 790 738 750 657 225 746 545 926 619 487 435 713 180 731 696 214 452 823 475 210 543 619 665 61 746 347 665 818 494 425 227 915 276 315 154 654 179 35 583 331 265 533 900 101 263 369 650 665 0 411 874 680 234 150 310 264 555 444 252 346 866 702 630 421 695 216 895 717 272 325 377 825 512 116 335 197
98 323 274 725 315 825 336 670 804 471 350 537 501 361 704 633 491 711 355 126 260 604 896 516 504 981 339 654 578 952 407 802 892 772 142 600 294 600 360 570 576 749 397 619 487 252 905 357 958 292 848 793 328 133 498 729 236 249 565 618 288 441 223 376 242 744 701 340 653 621 423 255 411 0 776 615 484 263 664 441 144 420 242 90 578 523 623 275 323 546 766 887 579 446 443 563 488 344 193 215
678 498 526 481 679 207 483 131 281 803 583 997 395 801 491 269 873 107 472 726 921 1041 712 647 422 712 866 244 808 624 374 69 736 721 918 177 712 177 547 811 480 62 414 961 332 635 674 827 640 555 547 148 451 643 1091 189 943 605 946 225 920 872 629 544 942 584 216 901 905 653 377 854 874 776 0 194 1091 799 826 623 775 432 667 722 420 266 261 518 634 770 66 532 738 558 500 362 361 920 630 796
518 314 349 343 584 357 299 64 236 610 497 804 202 608 346 108 680 203 368 586 794 848 589 459 386 614 764 98 621 538 210 250 608 567 755 79 520 110 461 623 302 145 229 771 142 521 561 634 552 369 442 180 287 483 898 289 762 420 754 47 732 678 505 350 759 439 294 709 720 477 274 734 680 615 194 0 899 609 646 430 639 240 480 551 420 185 93 344 541 581 224 445 553 365 307 353 168 729 451 610
537 602 591 807 799 1206 616 963 993 346 825 193 709 295 781 857 288 1064 793 609 669 232 848 519 950 953 792 885 430 970 742 1139 828 698 433 924 380 939 828 419 686 1044 682 330 759 730 883 268 968 543 894 1046 678 555 23 1113 256 499 282 877 201 253 697 550 247 761 1094 192 422 596 827 704 234 484 1091 899 0 299 500 497 619 660 432 457 1026 895 857 603 804 435 1107 947 492 556 603 996 732 173 496 318
273 304 292 584 552 907 318 672 732 216 557 285 430 101 559 581 229 766 505 375 514 351 700 315 660 796 601 608 329 787 442 844 689 560 307 628 96 641 554 320 442 754 386 357 468 472 720 94 789 245 693 766 379 280 303 813 188 200 303 592 125 179 435 268 180 570 795 110 394 418 530 517 150 263 799 609 299 0 417 258 405 370 133 196 737 596 578 304 547 303 810 740 348 299 332 701 445 126 201 49
636 496 531 392 899 1003 499 702 623 202 870 312 456 318 370 557 223 849 769 753 923 307 353 203 897 458 993 582 88 489 607 891 330 206 724 708 370 735 852 98 347 766 526 192 547 811 393 335 484 462 435 724 593 624 483 929 582 466 222 606 487 276 774 385 571 309 926 410 98 175 740 915 310 664 826 646 500 417 0 270 796 471 434 579 964 746 566 544 879 118 868 490 103 318 374 908 505 425 515 464
390 226 262 326 637 775 230 493 496 179 602 375 229 205 301 369 250 621 499 508 698 417 457 78 629 547 748 397 210 531 344 681 452 332 537 477 168 499 583 209 190 569 263 346 305 548 471 234 534 194 435 556 324 372 491 691 446 209 324 399 376 254 512 116 439 315 683 324 313 180 474 677 264 441 623 430 497 258 270 0 556 214 199 351 699 492 371 275 614 168 652 482 167 66 125 646 267 345 264 290
166 392 339 810 192 787 403 686 852 608 255 681 568 502 791 680 633 694 311 55 158 748 1002 634 436 1080 198 697 713 1041 431 789 1001 887 213 607 426 599 277 705 664 758 448 762 531 160 1005 499 1049 381 935 818 360 190 635 693 365 350 708 652 429 584 151 473 373 843 661 484 792 735 400 121 555 144 775 639 619 405 796 556 0 486 363 217 502 510 668 334 214 677 752 968 706 548 533 503 542 487 293 358
333 97 149 328 503 565 84 304 387 387 444 573 82 370 312 220 454 414 322 431 643 623 546 268 430 610 652 244 423 561 137 482 553 464 551 270 280 290 417 422 193 385 58 559 100 419 539 395 570 138 453 399 150 301 659 479 531 190 533 222 494 445 390 114 527 380 469 470 525 330 273 600 444 420 432 240 660 370 471 214 486 0 244 341 495 279 214 152 470 380 451 484 368 154 96 438 76 489 234 374
202 171 160 501 472 774 185 543 620 259 459 393 312 178 478 461 303 633 388 319 500 455 656 275 539 744 559 486 354 720 309 711 651 530 342 495 75 508 449 347 352 625 253 432 338 385 667 192 725 112 619 643 248 193 436 680 288 67 386 466 252 268 348 156 284 508 662 242 441 380 401 484 252 242 667 480 432 133 434 199 363 244 0 152 615 463 456 173 458 316 677 662 343 212 226 576 320 259 87 131
80 246 202 638 357 791 260 609 727 391 370 480 421 287 616 558 419 666 341 180 348 546 806 427 497 892 415 581 496 863 348 754 802 682 210 545 209 549 371 488 488 689 325 549 417 279 816 288 869 208 760 726 271 99 468 694 236 161 497 548 256 373 244 288 238 655 670 290 575 531 391 336 346 90 722 551 457 196 579 351 217 341 152 0 573 481 550 206 354 461 718 800 492 356 356 548 412 299 108 153
497 479 461 750 336 326 472 418 644 850 249 1007 530 791 747 522 908 313 233 473 608 1068 996 761 77 1031 511 518 909 957 358 394 1010 945 703 342 687 313 225 907 663 444 439 1029 437 342 973 807 971 528 858 540 380 474 1035 254 805 552 991 463 826 881 360 584 808 835 219 845 1010 822 225 532 866 578 420 420 1026 737 964 699 502 495 615 573 0 242 506 447 297 866 365 865 861 646 591 67 478 859 536 709
426 298 305 508 418 313 286 202 419 660 326 838 297 625 505 282 725 188 207 462 655 892 754 545 201 789 604 280 701 718 157 281 768 708 664 117 524 97 289 700 427 258 231 836 202 369 731 646 731 356 617 338 218 392 899 218 713 396 806 224 707 709 363 384 713 594 199 705 803 592 111 588 702 523 266 185 895 596 746 492 510 279 463 481 242 0 266 294 374 659 244 626 645 432 373 177 245 722 404 582
530 305 350 251 637 443 290 137 184 549 557 746 149 562 253 16 620 292 425 613 825 786 497 388 466 525 810 31 547 452 240 325 515 475 760 171 484 202 522 550 219 202 227 702 138 567 470 590 466 351 352 189 308 496 854 381 744 403 690 46 703 624 546 311 740 346 387 671 644 393 338 772 630 623 261 93 857 578 566 371 668 214 456 550 506 266 0 349 597 510 304 360 476 306 254 440 139 692 445 586
183 61 14 477 369 606 69 403 530 406 327 562 235 345 460 358 461 471 229 279 490 621 683 350 372 754 505 379 477 710 146 555 686 584 413 342 241 349 307 473 335 484 122 584 213 281 681 363 719 84 603 520 76 150 607 511 426 106 545 343 413 434 248 165 425 519 491 413 575 437 229 449 421 275 518 344 603 304 544 275 334 152 173 206 447 294 349 0 342 435 520 635 442 242 210 404 214 430 113 289
275 399 354 792 45 605 403 573 774 717 52 832 541 628 779 612 759 539 173 200 312 898 1016 691 241 1078 232 621 806 1023 363 633 1022 925 425 487 533 471 87 800 663 632 416 889 473 76 1008 635 1034 420 916 710 320 270 817 517 559 414 840 568 605 718 112 506 565 850 483 645 898 779 269 236 695 323 634 541 804 547 879 614 214 470 458 354 297 374 597 342 0 765 598 939 780 584 548 312 500 653 371 507
518 390 421 387 784 933 395 641 600 98 758 266 382 207 361 504 147 779 662 635 805 287 419 122 796 523 874 531 43 535 512 831 403 271 610 635 252 659 741 42 298 712 431 193 466 695 450 228 533 351 461 684 490 507 421 853 476 351 190 545 385 187 658 282 466 328 846 312 145 164 641 797 216 546 770 581 435 303 118 168 677 380 316 461 866 659 510 435 765 0 805 515 57 227 286 813 426 330 398 350
668 507 528 536 643 145 492 167 346 831 547 1023 425 821 544 314 901 59 444 706 894 1069 772 683 375 775 830 292 844 688 374 37 794 773 907 183 727 171 511 846 522 121 425 995 352 606 735 846 704 565 609 214 448 634 1107 124 945 613 976 263 928 896 603 565 944 638 154 915 943 697 352 824 895 766 66 224 1107 810 868 652 752 451 677 718 365 244 304 520 598 805 0 595 776 587 528 311 386 934 632 804
810 576 630 162 977 739 566 459 251 601 904 779 404 676 184 344 661 610 773 914 1124 790 206 434 826 180 1135 347 529 94 577 599 235 296 1003 523 649 554 872 539 312 475 529 679 466 897 156 704 109 595 54 386 625 780 934 704 928 638 696 402 856 694 870 511 921 187 720 797 587 351 693 1083 717 887 532 445 947 740 490 482 968 484 662 800 865 626 360 635 939 515 595 0 458 450 443 798 440 817 694 770
544 393 429 335 801 908 396 610 554 153 769 321 358 256 310 469 204 753 666 661 840 338 364 100 793 467 902 496 76 478 504 801 349 217 653 611 286 637 750 83 259 679 422 235 447 712 394 279 476 361 405 644 490 529 478 831 526 369 241 514 438 244 676 282 516 272 827 366 167 109 637 827 272 579 738 553 492 348 103 167 706 368 343 492 861 645 476 442 780 57 776 458 0 215 272 805 405 384 420 392
382 186 230 290 610 710 185 427 439 245 567 441 163 261 266 305 315 556 456 497 697 483 454 116 578 536 735 333 269 508 288 615 453 344 554 412 203 435 544 268 143 504 207 410 241 522 460 289 514 170 407 493 279 359 551 628 483 200 389 334 422 318 488 78 477 299 620 377 371 195 422 669 325 446 558 365 556 299 318 66 548 154 212 356 646 432 306 242 584 227 587 450 215 0 60 590 202 398 257 323
370 149 200 282 577 650 145 370 400 303 526 497 107 308 261 254 373 497 410 480 686 541 474 172 525 547 712 282 328 510 233 556 477 378 562 352 236 375 502 328 132 447 153 470 181 490 473 336 517 153 405 443 233 343 600 567 510 195 449 278 457 372 457 70 504 311 560 419 431 237 369 652 377 443 500 307 603 332 374 125 533 96 226 356 591 373 254 210 548 286 528 443 272 60 0 534 142 440 251 349
476 430 418 685 354 294 422 352 579 802 260 966 469 750 682 456 862 256 209 468 623 1025 931 706 71 965 538 451 856 891 302 342 945 883 695 276 645 247 230 854 601 381 383 981 375 344 907 767 905 482 792 476 333 450 1003 210 783 510 945 396 797 838 355 532 786 771 174 811 958 762 176 548 825 563 362 353 996 701 908 646 503 438 576 548 67 177 440 404 312 813 311 798 805 590 534 0 417 825 501 677
397 167 214 294 537 508 152 231 316 446 467 637 52 440 283 146 515 354 338 487 700 683 529 307 421 581 698 169 467 523 140 415 539 467 622 209 354 233 436 468 185 312 94 612 42 458 514 466 534 213 416 323 187 363 730 427 606 265 591 147 569 511 432 183 603 364 421 543 569 348 270 652 512 488 361 168 732 445 505 267 542 76 320 412 478 245 139 214 500 426 386 440 405 202 142 417 0 563 306 450
380 428 418 668 653 1033 443 793 837 232 669 199 543 141 642 693 205 891 626 467 569 265 748 383 782 849 675 721 341 853 568 967 733 600 338 752 209 766 668 330 535 874 509 309 588 578 775 113 853 370 766 881 505 393 178 939 166 326 250 709 69 150 543 382 154 637 921 21 375 475 655 588 116 344 920 729 173 126 425 345 487 489 259 299 859 722 692 430 653 330 934 817 384 398 440 825 563 0 325 150
127 140 104 533 387 717 155 512 620 346 372 476 313 262 512 452 390 583 305 244 440 539 711 342 459 793 484 475 437 760 259 667 709 594 318 454 162 462 362 430 383 593 223 519 314 299 717 274 767 100 656 624 186 110 502 622 313 58 473 446 303 354 262 185 312 555 601 310 527 443 330 414 335 193 630 451 496 201 515 264 293 234 87 108 536 404 445 113 371 398 632 694 420 257 251 501 306 325 0 179
232 298 278 611 510 895 313 673 747 264 520 327 441 150 587 590 278 758 476 329 465 394 739 353 632 833 553 617 377 820 432 838 729 601 261 623 122 634 519 367 466 755 383 405 469 431 757 143 823 242 724 773 364 243 326 800 161 192 350 597 125 226 396 281 156 604 779 139 443 457 509 469 197 215 796 610 318 49 464 290 358 374 131 153 709 582 586 289 507 350 804 770 392 323 349 677 450 150 179 0
