# TTSP Euclidean complete-graph matrix instance
# seed: 2071
# depot: 1
# L_max is not stored in this file; pass it with --budget when running algorithms.
# coordinate rows: node x y
# coord 1 1.889518 813.246496
# coord 2 154.228379 223.544830
# coord 3 835.999333 501.377616
# coord 4 674.294415 637.862361
# coord 5 946.390853 843.943970
# coord 6 453.404921 911.767059
# coord 7 452.930147 770.742284
# coord 8 632.230489 334.990573
# coord 9 986.171692 269.763171
# coord 10 315.428982 980.847597
# coord 11 233.810373 942.287520
# coord 12 484.187874 12.269531
# coord 13 734.220775 383.603680
# coord 14 864.505046 165.308652
# coord 15 86.402168 663.867912
# coord 16 816.401425 502.933702
# coord 17 38.533689 275.661208
# coord 18 731.415461 294.648774
# coord 19 401.216707 898.250062
# coord 20 380.223389 353.778076
# coord 21 62.130213 254.280367
# coord 22 276.836686 178.094263
# coord 23 838.993659 537.212429
# coord 24 402.534240 980.403318
# coord 25 218.307278 493.942595
# coord 26 919.675236 23.098457
# coord 27 256.957090 406.309663
# coord 28 558.768924 256.429837
# coord 29 81.585970 714.427785
# coord 30 555.739974 201.441062
# coord 31 950.800508 419.384382
# coord 32 745.613304 710.689123
# coord 33 328.317566 522.398287
# coord 34 864.966557 131.775682
# coord 35 22.749738 735.701461
# coord 36 625.303019 17.975163
# coord 37 807.670722 237.827159
# coord 38 38.857522 191.870675
# coord 39 463.934646 682.817084
# coord 40 752.281657 353.665981
# coord 41 422.780684 215.374317
# coord 42 681.609219 802.635646
# coord 43 702.821140 676.066215
# coord 44 403.771307 927.129268
# coord 45 332.534977 383.174760
# coord 46 149.879568 402.532681
# coord 47 805.728831 903.476371
# coord 48 993.211909 986.033340
# coord 49 255.963946 670.374136
# coord 50 515.402231 554.913885
# coord 51 764.064373 788.979374
# coord 52 117.795030 695.986599
# coord 53 558.049517 884.274176
# coord 54 482.378794 542.343453
# coord 55 166.740954 659.751697
# coord 56 220.432092 818.580826
# coord 57 676.702631 181.728239
# coord 58 467.625320 27.274142
# coord 59 924.058804 375.624626
# coord 60 292.292629 987.452992
# coord 61 544.912944 522.441486
# coord 62 145.055327 506.315499
# coord 63 883.746712 708.999945
# coord 64 77.742029 891.499403
# coord 65 310.651041 238.774293
# coord 66 210.546333 874.306048
# coord 67 360.738134 554.739658
# coord 68 503.398349 330.764067
# coord 69 558.853850 848.568520
# coord 70 120.318009 29.269535
# coord 71 493.944080 882.040135
# coord 72 413.598191 58.007994
# coord 73 603.050117 47.727812
# coord 74 838.552430 254.859525
# coord 75 735.402242 612.462482
# coord 76 947.174348 467.697351
# coord 77 392.507700 539.881530
# coord 78 891.188671 438.472921
# coord 79 817.961714 874.038204
# coord 80 634.828470 636.649706
# coord 81 461.264587 867.933720
# coord 82 197.372910 162.651103
# coord 83 484.396335 66.322449
# coord 84 727.780546 202.789485
# coord 85 539.515008 209.994136
# coord 86 85.859423 446.309363
# coord 87 803.811584 300.503345
# coord 88 669.342037 594.665722
# coord 89 296.760515 370.046149
# coord 90 40.504583 217.458624
# coord 91 25.520957 75.893632
# coord 92 475.756130 921.898791
# coord 93 280.427795 432.831818
# coord 94 61.132331 909.248731
# coord 95 458.825222 454.289633
# coord 96 263.123712 208.957060
# coord 97 974.784450 278.328840
# coord 98 60.220606 417.956882
# coord 99 9.193132 934.665443
# coord 100 120.984840 849.154323
# reference_nearest_neighbor_tour_cost: 9608
TTSP_MATRIX
100
0 99 6 5 26 10 41 88 79 63 30 27 12 10 54 49 25 30 83 81 3 95 1 22 18 40 96 65 86 50 68 24 19 27 92 75 10 94 61 60 11 20 76 9 59 27 80 70 81 3 87 61 60 3 71 26 69 89 16 64 90 65 14 79 6 25 88 39 11 24 93 50 78 6 20 43 77 6 83 33 7 52 64 24 1 92 81 89 57 7 15 82 58 61 87 2 24 31 12 69
0 609 891 695 945 462 453 791 1124 356 265 935 849 1079 172 872 539 895 408 595 562 692 881 434 386 1211 480 788 127 825 1027 751 437 1100 80 1010 990 622 480 880 731 680 714 418 542 437 809 1006 291 575 763 165 561 552 225 219 924 914 1021 339 616 339 888 109 652 217 442 696 558 793 497 860 973 1006 760 1006 477 965 818 657 463 679 889 948 808 376 952 702 532 597 738 486 471 113 581 658 1110 400 122 124
609 0 736 665 1006 750 623 491 833 774 723 392 602 713 446 719 127 582 718 261 97 131 753 797 278 791 210 406 496 402 820 766 346 717 529 514 654 120 554 612 269 783 711 747 239 179 942 1134 458 490 832 474 774 458 436 599 524 370 785 776 492 283 876 672 157 653 390 365 745 197 741 308 482 685 699 830 396 768 929 634 714 75 366 574 386 233 654 635 204 114 196 769 244 692 382 110 822 216 726 626
891 736 0 212 360 561 468 263 276 708 746 602 156 337 767 20 829 232 589 479 812 646 36 646 618 486 587 370 784 410 141 228 508 371 846 527 265 855 414 170 503 339 220 607 517 693 403 510 604 325 296 744 473 356 688 692 357 600 154 729 292 691 213 853 587 728 478 374 444 857 512 612 510 247 150 116 445 84 373 242 524 723 559 318 416 752 203 191 555 845 915 554 560 876 380 643 263 780 933 795
695 665 212 0 341 352 258 306 482 496 535 654 261 509 588 196 732 348 377 409 722 608 193 437 478 662 477 399 598 452 352 102 365 541 659 622 422 776 215 295 492 165 48 396 426 575 296 472 420 179 176 560 272 214 508 489 456 645 362 518 173 545 221 648 540 521 324 351 240 823 304 636 594 417 66 322 298 295 276 39 314 673 602 438 449 619 361 43 463 761 858 347 444 671 283 594 469 652 728 592
945 1006 360 341 0 498 499 598 576 646 719 951 507 684 879 365 1071 590 548 749 1063 944 325 561 808 821 817 704 874 752 425 241 697 717 930 886 622 1118 509 527 818 268 296 549 768 911 153 150 712 519 190 842 390 553 801 726 715 947 469 670 514 870 149 870 878 736 653 678 388 1160 454 950 867 599 313 376 632 409 132 374 486 1013 905 677 753 948 562 373 804 1101 1199 477 783 888 624 933 566 983 942 825
462 750 561 352 498 0 141 604 834 154 222 900 598 852 443 547 759 677 54 563 765 755 538 85 479 1004 542 664 421 718 700 355 409 882 465 910 761 831 229 633 697 253 343 52 542 593 352 545 312 362 334 399 108 371 382 251 763 885 713 178 400 509 476 376 688 246 369 583 123 943 50 855 877 761 411 664 377 645 367 330 45 792 846 760 707 593 705 384 564 808 939 25 509 392 458 728 820 631 445 338
453 623 468 258 499 141 0 471 732 251 278 759 479 732 382 451 646 552 138 423 648 618 451 216 363 881 414 525 376 579 609 299 278 760 432 772 640 712 89 513 556 231 267 164 406 477 377 582 221 225 312 343 155 230 307 237 630 744 615 270 265 406 435 394 551 264 235 443 131 813 119 714 738 644 324 580 239 550 379 226 98 660 705 631 567 490 587 279 430 690 816 153 379 416 317 593 717 528 473 341
791 491 263 306 598 604 471 0 360 719 726 355 113 288 637 249 597 107 609 253 576 388 289 685 443 424 382 108 669 154 330 392 357 309 729 317 201 610 386 121 241 470 348 635 304 487 594 744 504 249 473 628 554 256 568 635 160 349 295 736 207 516 451 786 336 685 349 129 519 596 564 353 289 221 296 342 315 279 570 302 560 468 307 163 156 558 175 262 337 603 660 607 365 810 210 390 347 578 865 725
1124 833 276 482 576 834 732 360 0 978 1009 564 276 160 982 288 948 256 859 612 924 715 305 920 800 255 742 428 1008 436 154 502 705 184 1070 440 181 951 666 248 566 614 495 878 663 847 659 716 833 550 565 967 749 573 908 942 322 572 123 998 508 874 451 1101 676 983 687 487 719 899 786 610 443 148 425 202 652 194 627 508 796 796 541 267 451 917 185 454 697 947 980 828 724 1125 559 726 14 938 1182 1041
356 774 708 496 646 154 251 719 978 0 90 983 729 983 391 692 758 802 119 630 769 804 686 87 496 1132 578 764 354 816 848 508 459 1011 382 1012 891 836 333 764 773 407 493 103 598 602 496 678 316 471 488 347 261 469 354 188 877 966 858 24 513 504 630 254 742 150 429 677 277 971 204 928 976 895 559 814 448 791 514 470 184 827 930 881 803 582 837 524 611 811 950 171 549 264 546 774 963 618 310 235
265 723 746 535 719 222 278 726 1009 90 0 963 750 1001 315 730 695 817 173 606 709 765 728 173 449 1147 536 759 274 808 887 562 430 1027 295 1004 909 775 347 784 751 469 539 171 568 546 573 761 273 479 552 272 329 471 290 124 880 944 893 74 523 445 691 164 708 72 408 668 338 920 267 902 968 916 600 857 433 828 588 504 239 780 911 889 794 518 858 557 576 750 891 243 512 176 537 734 995 552 225 146
935 392 602 654 951 900 759 355 564 983 963 0 448 410 763 593 518 375 890 357 487 266 634 972 550 436 455 255 809 202 619 746 533 399 858 141 394 480 671 434 212 815 699 918 401 514 947 1099 697 544 826 776 875 530 721 848 256 22 571 994 514 599 803 969 285 904 556 319 840 364 870 84 124 429 651 649 536 589 924 642 856 324 54 309 205 589 430 611 404 489 463 910 467 992 443 296 558 587 1038 912
849 602 156 261 507 598 479 113 276 729 750 448 0 254 706 145 704 89 613 355 684 501 186 683 528 405 478 217 732 255 220 327 429 284 794 382 163 721 403 35 354 422 294 636 402 585 525 656 558 278 406 691 531 298 631 673 210 445 190 748 235 602 358 830 448 718 411 237 497 709 553 457 361 166 229 229 376 166 498 272 556 581 404 181 261 651 108 221 438 713 773 597 456 854 284 502 263 675 911 770
1079 713 337 509 684 852 732 288 160 983 1001 410 254 0 924 341 833 186 867 520 807 588 373 937 725 153 654 319 956 311 268 558 644 34 1017 281 92 826 654 219 445 663 536 890 575 753 741 831 791 523 632 916 782 537 855 917 189 420 219 1002 479 796 544 1071 559 965 637 397 749 757 807 463 287 93 465 313 603 274 710 524 810 667 393 142 328 828 148 472 604 826 844 851 642 1095 498 603 158 843 1150 1010
172 446 767 588 879 443 382 637 982 391 315 763 706 924 0 748 391 743 392 427 410 522 763 447 215 1051 309 624 51 659 898 661 280 943 96 841 838 474 378 735 561 611 617 412 373 269 758 962 170 443 689 45 521 414 80 205 762 742 886 384 480 168 799 228 481 244 295 534 507 636 462 689 804 856 651 883 330 836 761 549 427 513 718 790 641 218 804 587 361 449 591 467 302 247 427 488 968 247 282 188
872 719 20 196 365 547 451 249 288 692 730 593 145 341 748 0 810 225 573 461 794 630 41 632 598 491 568 357 765 399 158 219 488 374 827 521 265 837 396 162 487 329 207 592 498 674 401 514 585 305 291 725 461 336 668 674 350 590 167 714 272 671 217 835 571 711 459 357 431 842 498 600 503 249 136 135 426 99 371 225 509 706 549 313 403 733 203 173 536 827 899 540 541 858 361 627 275 761 915 777
539 127 829 732 1071 759 646 597 948 758 695 518 704 833 391 810 0 693 721 351 32 258 842 793 283 917 255 521 441 523 924 830 381 839 460 641 770 84 589 718 389 831 776 747 313 169 991 1190 451 553 889 428 800 518 405 573 645 496 891 756 563 254 950 617 275 623 426 468 774 260 758 434 609 800 774 929 442 868 983 697 728 195 493 693 505 177 766 707 275 58 200 780 288 634 457 234 936 144 660 579
895 582 232 348 590 677 552 107 256 802 817 375 89 186 743 225 693 0 688 356 671 469 265 761 550 330 487 177 774 199 252 416 463 211 835 296 95 700 471 63 319 510 382 712 409 591 613 739 606 338 495 733 615 351 672 732 125 376 209 820 294 623 441 885 424 779 453 231 580 666 634 396 278 114 318 277 418 215 586 355 634 550 336 92 210 663 73 306 441 695 739 677 472 909 316 476 244 682 965 825
408 718 589 377 548 54 138 609 859 119 173 890 613 867 392 573 721 688 0 545 728 731 567 82 444 1017 513 661 369 714 729 392 383 896 412 908 775 794 224 648 683 296 375 29 520 556 405 598 270 362 379 348 157 365 334 198 768 874 739 141 402 468 518 324 666 192 346 577 165 913 94 840 874 778 440 695 358 672 417 351 67 763 836 768 702 551 721 405 538 770 904 78 481 340 448 703 845 589 394 285
595 261 479 409 749 563 423 253 612 630 606 357 355 520 427 461 351 356 545 0 333 204 494 627 214 633 134 203 468 232 574 511 176 533 523 416 443 378 340 372 145 541 456 574 56 235 695 881 340 242 580 431 560 214 373 492 343 338 544 640 236 280 616 617 134 547 202 125 526 416 540 298 379 469 439 578 187 518 680 381 521 265 306 379 215 309 427 376 85 366 451 576 127 641 128 186 599 326 689 559
562 97 812 722 1063 765 648 576 924 769 709 487 684 807 410 794 32 671 728 333 0 228 827 802 286 888 247 497 461 496 904 822 378 812 483 611 746 67 587 697 363 827 767 755 300 172 987 1184 459 544 882 445 802 509 419 586 619 465 870 768 552 265 939 637 249 638 424 448 775 232 762 403 579 776 763 910 437 849 977 689 732 163 462 668 479 193 743 696 262 43 182 785 282 655 444 206 913 164 682 598
692 131 646 608 944 755 618 388 715 804 765 266 501 588 522 630 258 469 731 204 228 0 667 812 321 661 229 293 571 280 716 710 348 590 613 383 534 238 538 507 151 744 655 760 213 258 898 1080 493 446 781 542 760 418 494 643 400 243 677 810 436 354 806 741 69 699 386 273 727 216 737 182 351 567 632 730 380 667 882 582 714 81 236 452 265 329 541 572 193 240 271 770 255 762 331 34 705 323 803 689
881 753 36 193 325 538 451 289 305 686 728 634 186 373 763 41 842 265 567 494 827 667 0 622 622 520 597 397 778 439 162 197 511 406 840 561 301 871 402 203 526 309 194 584 529 702 368 475 598 324 263 738 447 357 683 680 391 631 183 708 294 695 178 840 607 713 479 394 419 880 488 641 543 282 128 129 446 112 337 227 502 743 589 352 444 759 239 179 567 860 935 529 568 862 389 663 292 788 920 783
434 797 646 437 561 85 216 685 920 87 173 972 683 937 447 632 793 761 82 627 802 812 622 0 520 1088 592 741 417 794 784 436 464 966 452 988 846 868 304 718 765 331 428 53 601 631 410 591 343 440 409 402 183 445 398 244 844 955 799 110 480 539 552 337 747 219 428 657 204 992 134 922 954 846 496 748 441 730 429 415 127 843 918 843 782 621 789 469 619 844 980 94 561 349 529 784 906 658 396 311
386 278 618 478 808 479 363 443 800 496 449 550 528 725 215 598 283 550 444 214 286 321 622 520 0 845 96 415 259 447 736 570 114 741 311 626 643 351 310 552 346 557 518 471 159 114 716 918 180 303 620 226 517 268 174 325 555 529 716 499 328 74 699 422 271 380 155 328 492 475 476 478 589 665 531 729 180 675 710 440 446 332 504 587 429 141 617 462 147 329 460 499 87 444 244 288 787 175 488 368
1211 791 486 662 821 1004 881 424 255 1132 1147 436 405 153 1051 491 917 330 1017 633 888 661 520 1088 845 0 766 430 1086 405 398 709 774 122 1146 294 242 897 802 371 533 815 688 1041 689 858 888 966 927 668 782 1047 934 679 986 1059 290 452 353 1150 624 913 687 1210 646 1108 771 518 901 799 959 507 318 246 618 445 738 416 857 676 961 736 437 263 424 935 301 624 713 900 896 1002 759 1234 631 682 261 946 1288 1149
480 210 587 477 817 542 414 382 742 578 536 455 478 654 309 568 255 487 513 134 247 229 597 592 96 766 0 337 355 362 694 576 136 667 404 535 576 306 345 498 253 581 521 541 79 107 740 937 264 298 635 321 565 263 269 414 476 434 668 582 310 150 696 517 176 470 181 258 535 401 531 382 498 601 521 693 190 635 730 443 505 251 409 513 344 176 557 453 54 287 403 560 35 540 207 197 729 197 584 463
788 406 370 399 704 664 525 108 428 764 759 255 217 319 624 357 521 177 661 203 497 293 397 741 415 430 337 0 661 55 425 491 352 331 719 248 250 524 437 217 142 560 444 688 259 434 693 849 513 302 571 623 628 296 562 656 140 247 384 778 266 483 557 797 249 709 358 93 592 494 629 246 213 280 397 442 329 379 670 388 619 373 204 177 50 510 249 356 286 520 563 671 330 821 222 299 417 524 873 737
127 496 784 598 874 421 376 669 1008 354 274 809 732 956 51 765 441 774 369 468 461 571 778 417 259 1086 355 661 0 699 918 664 313 976 63 884 869 524 384 762 605 606 622 386 416 319 748 951 180 462 687 41 506 436 101 174 799 788 908 345 502 218 802 177 528 205 322 570 496 686 445 736 846 886 662 900 357 855 753 559 410 564 763 824 681 268 832 600 406 499 641 445 345 196 458 537 994 297 232 140
825 402 410 452 752 718 579 154 436 816 808 202 255 311 659 399 523 199 714 232 496 280 439 794 447 405 362 55 699 0 451 543 393 317 755 196 255 517 490 249 134 614 497 741 288 453 745 898 557 356 623 661 683 349 601 702 123 195 407 829 321 511 604 839 248 756 404 140 647 468 683 202 161 288 449 473 376 411 722 442 673 360 153 172 18 530 267 409 309 515 545 725 360 863 271 293 426 541 915 780
1027 820 141 352 425 700 609 330 154 848 887 619 220 268 898 158 924 252 729 574 904 716 162 784 736 398 694 425 918 451 0 356 631 300 980 517 231 940 554 209 566 468 357 746 619 801 505 568 739 456 414 878 609 484 820 832 363 622 51 870 419 810 297 993 665 869 605 456 581 918 650 647 509 199 289 48 571 63 474 383 664 796 585 311 462 865 189 332 656 932 987 692 671 1016 493 719 143 891 1073 935
751 766 228 102 241 355 299 392 502 508 562 746 327 558 661 219 830 416 392 511 822 710 197 436 570 709 576 491 664 543 356 0 458 591 723 703 477 877 283 357 591 112 55 405 527 671 202 370 491 278 80 628 256 312 581 536 533 738 380 531 275 634 138 692 642 560 415 451 232 925 304 732 678 465 99 316 392 309 179 133 325 775 695 508 541 711 414 139 563 860 960 343 542 713 385 696 489 745 770 640
437 346 508 365 697 409 278 357 705 459 430 533 429 644 280 488 381 463 383 176 378 348 511 464 114 774 136 352 313 393 631 458 0 664 373 585 557 439 210 456 321 451 405 412 139 215 611 811 165 190 511 273 429 155 212 315 487 514 614 466 217 184 586 446 284 371 46 260 399 535 396 472 548 576 417 621 67 569 603 327 370 383 482 512 377 254 525 349 156 419 539 426 102 470 147 320 691 288 521 387
1100 717 371 541 717 882 760 309 184 1011 1027 399 284 34 943 374 839 211 896 533 812 590 406 966 741 122 667 331 976 317 300 591 664 0 1036 265 121 828 682 249 450 695 568 919 589 765 774 864 813 549 665 936 813 561 875 942 195 411 251 1030 505 812 578 1094 565 990 658 413 779 752 837 457 275 126 498 346 624 308 744 555 840 668 386 154 335 840 179 503 616 829 841 881 658 1118 519 607 183 854 1173 1034
80 529 846 659 930 465 432 729 1070 382 295 858 794 1017 96 827 460 835 412 523 483 613 840 452 311 1146 404 719 63 755 980 723 373 1036 0 937 930 544 444 824 656 662 683 426 469 357 801 1002 242 525 743 103 556 499 163 214 857 837 971 369 564 260 861 165 574 233 383 628 548 713 493 782 900 947 723 962 418 918 807 620 458 599 813 884 737 296 894 662 457 519 660 490 398 178 519 579 1056 320 199 150
1010 514 527 622 886 910 772 317 440 1012 1004 141 382 281 841 521 641 296 908 416 611 383 561 988 626 294 535 248 884 196 517 703 585 265 937 0 286 612 684 359 283 787 663 936 468 611 904 1036 750 548 783 847 869 543 789 897 172 158 466 1025 511 685 738 1031 384 951 598 336 833 505 874 215 37 319 605 553 571 498 877 619 866 452 149 211 210 689 334 578 482 618 603 916 539 1055 467 409 436 692 1104 972
990 654 265 422 622 761 640 201 181 891 909 394 163 92 838 265 770 95 775 443 746 534 301 846 643 242 576 250 869 255 231 477 557 121 930 286 0 770 562 128 386 579 451 799 497 678 666 771 701 431 553 828 693 446 767 826 142 400 180 910 387 715 477 980 497 873 548 318 659 718 717 433 279 35 382 269 513 217 636 435 719 615 366 87 270 751 63 383 528 767 799 760 562 1004 411 545 172 769 1060 919
622 120 855 776 1118 831 712 610 951 836 775 480 721 826 474 837 84 700 794 378 67 238 871 868 351 897 306 524 524 517 940 877 439 828 544 612 770 0 649 732 385 887 822 821 350 238 1046 1242 525 599 939 510 865 565 485 652 638 459 904 835 604 332 991 701 276 704 485 485 838 182 827 398 582 802 814 949 496 887 1036 744 797 161 463 689 501 259 773 748 313 26 117 851 341 718 495 225 940 227 743 662
480 554 414 215 509 229 89 386 666 333 347 671 403 654 378 396 589 471 224 340 587 538 402 304 310 802 345 437 384 490 554 283 210 682 444 684 562 649 0 438 469 248 239 252 327 421 407 610 208 138 318 346 222 142 298 279 544 656 553 350 180 364 421 439 470 318 164 354 191 738 201 627 650 569 280 529 160 492 402 177 185 584 617 548 479 446 512 224 355 629 749 239 310 462 229 515 652 483 520 381
880 612 170 295 527 633 513 121 248 764 784 434 35 219 735 162 718 63 648 372 697 507 203 718 552 371 498 217 762 249 209 357 456 249 824 359 128 732 438 0 357 454 326 671 421 604 552 677 589 311 435 721 565 329 661 706 188 433 173 783 267 626 379 863 456 751 440 250 531 710 588 450 340 131 259 226 405 163 525 306 591 587 393 153 257 673 74 255 456 725 778 632 478 887 310 510 235 695 943 803
731 269 503 492 818 697 556 241 566 773 751 212 354 445 561 487 389 319 683 145 363 151 526 765 346 533 253 142 605 134 566 591 321 450 656 283 386 385 469 357 0 642 539 712 191 331 787 959 485 352 667 569 682 332 513 636 256 193 526 783 330 402 675 759 115 692 345 141 648 355 670 158 246 418 505 582 326 519 768 472 654 231 161 305 117 408 390 452 200 382 421 709 260 782 242 160 556 415 830 702
680 783 339 165 268 253 231 470 614 407 469 815 422 663 611 329 831 510 296 541 827 744 309 331 557 815 581 560 606 614 468 112 451 695 662 787 579 887 248 454 642 0 128 304 546 665 160 362 446 298 84 574 148 328 534 461 621 804 491 431 312 613 223 610 675 476 405 504 131 956 204 791 759 570 198 427 391 420 154 172 230 803 762 602 609 694 517 208 579 868 979 238 546 630 413 726 601 731 685 563
714 711 220 48 296 343 267 348 495 493 539 699 294 536 617 207 776 382 375 456 767 655 194 428 518 688 521 444 622 497 357 55 405 568 683 663 451 822 239 326 539 128 0 390 472 617 250 425 447 223 128 585 254 258 536 503 495 690 373 515 220 583 184 661 587 531 363 399 225 870 293 682 636 443 71 321 339 303 229 79 308 720 648 474 494 658 389 88 508 806 905 335 487 683 330 642 482 692 740 607
418 747 607 396 549 52 164 635 878 103 171 918 636 890 412 592 747 712 29 574 755 760 584 53 471 1041 541 688 386 741 746 405 412 919 426 936 799 821 252 671 712 304 390 0 549 583 403 592 296 389 386 368 160 393 357 213 794 902 758 127 429 494 527 328 695 200 375 605 174 942 101 869 902 801 457 712 387 690 418 371 83 792 865 794 730 576 743 426 567 797 931 72 509 343 476 732 864 614 395 293
542 239 517 426 768 542 406 304 663 598 568 401 402 575 373 498 313 409 520 56 300 213 529 601 159 689 79 259 416 288 619 527 139 589 469 468 497 350 327 421 191 546 472 549 0 184 703 894 297 251 592 379 550 219 322 450 399 381 592 606 254 224 640 569 146 506 174 179 518 413 524 335 431 522 464 620 168 561 690 395 502 259 351 434 270 255 478 398 38 336 434 557 72 592 145 188 651 275 639 512
437 179 693 575 911 593 477 487 847 602 546 514 585 753 269 674 169 591 556 235 172 258 702 631 114 858 107 434 319 453 801 671 215 765 357 611 678 238 421 604 331 665 617 583 184 0 825 1026 288 396 726 295 631 361 258 422 571 492 775 602 413 104 795 494 229 476 260 361 605 374 590 434 576 704 622 800 279 742 818 539 560 245 474 611 435 78 662 554 150 215 350 613 134 514 313 224 834 91 550 448
809 942 403 296 153 352 377 594 659 496 573 947 525 741 758 401 991 613 405 695 987 898 368 410 716 888 740 693 748 745 505 202 611 774 801 904 666 1046 407 552 787 160 250 403 703 825 0 205 597 454 122 719 248 485 684 591 733 939 541 520 462 771 210 728 829 596 565 648 253 1111 313 932 879 649 299 458 550 473 32 317 346 959 897 705 743 853 603 338 737 1028 1137 330 705 745 568 881 648 890 797 687
1006 1134 510 472 150 545 582 744 716 678 761 1099 656 831 962 514 1190 739 598 881 1184 1080 475 591 918 966 937 849 951 898 568 370 811 864 1002 1036 771 1242 610 677 959 362 425 592 894 1026 205 0 802 644 302 922 447 677 889 791 864 1093 614 701 645 974 298 920 1012 791 766 818 456 1295 510 1094 1016 747 454 520 748 557 208 501 545 1145 1051 827 899 1056 711 508 930 1224 1328 521 902 935 754 1066 708 1092 985 883
291 458 604 420 712 312 221 504 833 316 273 697 558 791 170 585 451 606 270 340 459 493 598 343 180 927 264 513 180 557 739 491 165 813 242 750 701 525 208 589 485 446 447 296 297 288 597 802 0 284 522 141 370 260 90 152 645 677 730 319 325 198 629 284 435 209 156 420 351 655 318 632 713 716 483 720 189 676 598 380 285 511 646 664 541 281 661 420 303 502 638 334 239 308 296 461 819 319 362 224
575 490 325 179 519 362 225 249 550 471 479 544 278 523 443 305 553 338 362 242 544 446 324 440 303 668 298 302 462 356 456 278 190 549 525 548 431 599 138 311 352 298 223 389 251 396 454 644 284 0 341 422 332 35 364 396 407 530 446 487 44 374 399 552 377 442 155 224 297 658 328 507 515 441 227 440 124 393 440 145 318 505 490 411 346 443 385 159 286 583 685 369 265 576 115 428 536 475 633 492
763 832 296 176 190 334 312 473 565 488 552 826 406 632 689 291 889 495 379 580 882 781 263 409 620 782 635 571 687 623 414 80 511 665 743 783 553 939 318 435 667 84 128 386 592 726 122 302 522 341 0 653 227 374 611 544 614 817 443 512 345 680 144 694 713 560 466 527 214 996 286 811 759 539 179 370 447 373 101 200 313 845 775 587 621 760 490 216 628 922 1027 317 601 713 453 766 552 796 769 646
165 474 744 560 842 399 343 628 967 347 272 776 691 916 45 725 428 733 348 431 445 542 738 402 226 1047 321 623 41 661 878 628 273 936 103 847 828 510 346 721 569 574 585 368 379 295 719 922 141 422 653 0 479 396 61 160 759 755 868 340 461 192 766 200 496 201 281 531 467 667 420 703 810 845 623 860 316 815 722 520 384 539 729 784 643 252 792 561 372 485 627 423 309 221 418 508 953 284 262 153
561 774 473 272 390 108 155 554 749 261 329 875 531 782 521 461 800 615 157 560 802 760 447 183 517 934 565 628 506 683 609 256 429 813 556 869 693 865 222 565 682 148 254 160 550 631 248 447 370 332 227 479 0 350 451 344 712 862 627 285 362 560 370 480 691 348 384 556 36 961 64 839 838 689 325 570 382 557 260 259 98 807 821 702 675 644 633 310 577 844 968 90 530 498 441 737 735 682 551 438
552 458 356 214 553 371 230 256 573 469 471 530 298 537 414 336 518 351 365 214 509 418 357 445 268 679 263 296 436 349 484 312 155 561 499 543 446 565 142 329 332 328 258 393 219 361 485 677 260 35 374 396 350 0 337 381 410 515 472 484 66 339 435 534 349 429 122 213 316 628 340 489 509 458 263 471 90 422 472 179 326 475 476 419 337 408 402 194 253 548 653 380 230 559 91 399 559 440 615 474
225 436 688 508 801 382 307 568 908 354 290 721 631 855 80 668 405 672 334 373 419 494 683 398 174 986 269 562 101 601 820 581 212 875 163 789 767 485 298 661 513 534 536 357 322 258 684 889 90 364 611 61 451 337 0 168 699 700 809 351 402 155 719 248 445 219 221 471 435 632 396 650 752 784 571 804 256 757 686 469 361 498 673 724 584 228 731 507 318 460 601 405 254 271 357 461 894 264 317 195
219 599 692 489 726 251 237 635 942 188 124 848 673 917 205 674 573 732 198 492 586 643 680 244 325 1059 414 656 174 702 832 536 315 942 214 897 826 652 279 706 636 461 503 213 450 422 591 791 152 396 544 160 344 381 168 0 783 829 831 184 439 321 672 160 587 57 299 564 340 796 281 785 861 837 555 807 328 771 600 453 246 656 797 798 687 396 780 502 455 627 768 275 390 183 435 611 928 431 241 104
924 524 357 456 715 763 630 160 322 877 880 256 210 189 762 350 645 125 768 343 619 400 391 844 555 290 476 140 799 123 363 533 487 195 857 172 142 638 544 188 256 621 495 794 399 571 733 864 645 407 614 759 712 410 699 783 0 260 314 893 365 623 566 929 370 835 489 229 677 577 724 291 153 178 435 394 457 335 707 457 719 480 224 55 140 647 174 413 424 637 660 767 469 953 349 414 313 660 1006 868
914 370 600 645 947 885 744 349 572 966 944 22 445 420 742 590 496 376 874 338 465 243 631 955 529 452 434 247 788 195 622 738 514 411 837 158 400 459 656 433 193 804 690 902 381 492 939 1093 677 530 817 755 862 515 700 829 260 0 574 976 501 578 799 948 263 885 538 306 826 347 855 62 137 435 644 651 518 590 916 632 841 302 42 314 196 567 433 602 383 468 445 895 447 971 427 274 566 564 1017 892
1021 785 154 362 469 713 615 295 123 858 893 571 190 219 886 167 891 209 739 544 870 677 183 799 716 353 668 384 908 407 51 380 614 251 971 466 180 904 553 173 526 491 373 758 592 775 541 614 730 446 443 868 627 472 809 831 314 574 0 879 407 790 336 991 628 871 591 423 598 875 664 601 459 148 303 95 556 71 510 390 676 757 538 262 419 841 142 336 627 898 947 707 646 1015 472 682 110 865 1072 932
339 776 729 518 670 178 270 736 998 24 74 994 748 1002 384 714 756 820 141 640 768 810 708 110 499 1150 582 778 345 829 870 531 466 1030 369 1025 910 835 350 783 783 431 515 127 606 602 520 701 319 487 512 340 285 484 351 184 893 976 879 0 529 503 654 235 749 140 438 690 301 973 228 937 990 914 580 836 459 812 538 490 207 830 941 897 816 579 856 544 617 810 950 195 555 244 559 779 984 615 288 220
616 492 292 173 514 400 265 207 508 513 523 514 235 479 480 272 563 294 402 236 552 436 294 480 328 624 310 266 502 321 419 275 217 505 564 511 387 604 180 267 330 312 220 429 254 413 462 645 325 44 345 461 362 66 402 439 365 501 407 529 0 400 387 595 368 485 187 196 326 651 363 483 478 397 211 406 153 356 445 145 355 500 460 368 312 465 341 144 291 589 685 405 279 619 110 422 494 496 676 535
339 283 691 545 870 509 406 516 874 504 445 599 602 796 168 671 254 623 468 280 265 354 695 539 74 913 150 483 218 511 810 634 184 812 260 685 715 332 364 626 402 613 583 494 224 104 771 974 198 374 680 192 560 339 155 321 623 578 790 503 400 0 766 391 315 374 221 399 537 478 513 523 648 738 600 803 250 749 767 507 480 348 556 657 493 84 690 532 204 307 447 531 154 412 318 320 860 122 449 344
888 876 213 221 149 476 435 451 451 630 691 803 358 544 799 217 950 441 518 616 939 806 178 552 699 687 696 557 802 604 297 138 586 578 861 738 477 991 421 379 675 223 184 527 640 795 210 298 629 399 144 766 370 435 719 672 566 799 336 654 387 766 0 826 741 693 545 536 354 1022 426 803 718 456 177 249 520 271 178 259 451 877 757 530 606 840 416 243 678 976 1066 460 664 847 495 797 440 873 903 776
109 672 853 648 870 376 394 786 1101 254 164 969 830 1071 228 835 617 885 324 617 637 741 840 337 422 1210 517 797 177 839 993 692 446 1094 165 1031 980 701 439 863 759 610 661 328 569 494 728 920 284 552 694 200 480 534 248 160 929 948 991 235 595 391 826 0 693 134 440 704 483 863 416 899 994 992 714 967 472 931 740 613 384 739 920 947 823 445 936 662 566 675 817 399 501 24 580 707 1087 474 81 61
652 157 587 540 878 688 551 336 676 742 708 285 448 559 481 571 275 424 666 134 249 69 607 747 271 646 176 249 528 248 665 642 284 565 574 384 497 276 470 456 115 675 587 695 146 229 829 1012 435 377 713 496 691 349 445 587 370 263 628 749 368 315 741 693 0 643 320 214 658 283 669 208 349 528 566 676 312 614 813 513 647 136 245 419 231 306 497 505 132 271 328 703 196 715 262 56 665 308 758 639
217 653 728 521 736 246 264 685 983 150 72 904 718 965 244 711 623 779 192 547 638 699 713 219 380 1108 470 709 205 756 869 560 371 990 233 951 873 704 318 751 692 476 531 200 506 476 596 791 209 442 560 201 348 429 219 57 835 885 871 140 485 374 693 134 643 0 353 617 349 850 284 841 915 882 587 841 381 808 607 486 251 712 853 848 741 446 825 537 512 679 820 269 447 153 488 667 969 480 210 93
442 390 478 324 653 369 235 349 687 429 408 556 411 637 295 459 426 453 346 202 424 386 479 428 155 771 181 358 322 404 605 415 46 658 383 598 548 485 164 440 345 405 363 375 174 260 565 766 156 155 466 281 384 122 221 299 489 538 591 438 187 221 545 440 320 353 0 266 354 578 353 500 562 564 379 593 35 543 558 286 329 425 504 509 388 295 511 311 195 465 585 385 146 464 140 359 673 330 518 380
696 365 374 351 678 583 443 129 487 677 668 319 237 397 534 357 468 231 577 125 448 273 394 657 328 518 258 93 570 140 456 451 260 413 628 336 318 485 354 250 141 504 399 605 179 361 648 818 420 224 527 531 556 213 471 564 229 306 423 690 196 399 536 704 214 617 266 0 521 487 551 287 300 344 365 464 237 402 628 333 539 349 265 258 126 433 302 312 210 477 542 592 245 728 131 269 474 452 780 644
558 745 444 240 388 123 131 519 719 277 338 840 497 749 507 431 774 580 165 526 775 727 419 204 492 901 535 592 496 647 581 232 399 779 548 833 659 838 191 531 648 131 225 174 518 605 253 456 351 297 214 467 36 316 435 340 677 826 598 301 326 537 354 483 658 349 354 521 0 929 73 804 802 656 295 544 351 528 260 225 99 775 786 668 639 621 600 277 546 817 939 111 500 501 407 705 706 659 556 438
793 197 857 823 1160 943 813 596 899 971 920 364 709 757 636 842 260 666 913 416 232 216 880 992 475 799 401 494 686 468 918 925 535 752 713 505 718 182 738 710 355 956 870 942 413 374 1111 1295 655 658 996 667 961 628 632 796 577 347 875 973 651 478 1022 863 283 850 578 487 929 0 931 295 483 753 848 936 579 873 1096 796 905 154 366 632 456 418 735 788 384 204 106 961 434 882 543 230 890 393 912 820
497 741 512 304 454 50 119 564 786 204 267 870 553 807 462 498 758 634 94 540 762 737 488 134 476 959 531 629 445 683 650 304 396 837 493 874 717 827 201 588 670 204 293 101 524 590 313 510 318 328 286 420 64 340 396 281 724 855 664 228 363 513 426 416 669 284 353 551 73 931 0 828 841 716 362 614 357 595 324 283 36 778 816 718 674 597 659 337 549 805 932 44 497 434 429 712 772 635 488 374
860 308 612 636 950 855 714 353 610 928 902 84 457 463 689 600 434 396 840 298 403 182 641 922 478 507 382 246 736 202 647 732 472 457 782 215 433 398 627 450 158 791 682 869 335 434 932 1094 632 507 811 703 839 489 650 785 291 62 601 937 483 523 803 899 208 841 500 287 804 295 828 0 190 468 641 673 482 611 911 619 811 240 71 346 197 508 459 594 333 406 388 866 398 921 399 213 603 504 965 844
973 482 510 594 867 877 738 289 443 976 968 124 361 287 804 503 609 278 874 379 579 351 543 954 589 318 498 213 846 161 509 678 548 275 900 37 279 582 650 340 246 759 636 902 431 576 879 1016 713 515 759 810 838 509 752 861 153 137 459 990 478 648 718 994 349 915 562 300 802 483 841 190 0 314 580 543 535 485 854 590 832 422 120 199 174 653 323 551 445 588 578 883 502 1018 431 376 437 657 1067 935
1006 685 247 417 599 761 644 221 148 895 916 429 166 93 856 249 800 114 778 469 776 567 282 846 665 246 601 280 886 288 199 465 576 126 947 319 35 802 569 131 418 570 443 801 522 704 649 747 716 441 539 845 689 458 784 837 178 435 148 914 397 738 456 992 528 882 564 344 656 753 716 468 314 0 372 239 529 191 620 433 720 648 401 122 302 777 57 380 554 799 832 759 586 1016 429 577 138 795 1072 932
760 699 150 66 313 411 324 296 425 559 600 651 229 465 651 136 774 318 440 439 763 632 128 496 531 618 521 397 662 449 289 99 417 498 723 605 382 814 280 259 505 198 71 457 464 622 299 454 483 227 179 623 325 263 571 555 435 644 303 580 211 600 177 714 566 587 379 365 295 848 362 641 580 372 0 257 350 234 274 103 375 701 601 410 448 670 319 68 501 799 890 404 489 737 319 621 411 703 794 658
1006 830 116 322 376 664 580 342 202 814 857 649 229 313 883 135 929 277 695 578 910 730 129 748 729 445 693 442 900 473 48 316 621 346 962 553 269 949 529 226 582 427 321 712 620 800 458 520 720 440 370 860 570 471 804 807 394 651 95 836 406 803 249 967 676 841 593 464 544 936 614 673 543 239 257 0 559 63 426 355 630 809 613 344 482 862 220 305 658 941 1001 655 668 990 489 731 191 888 1048 910
477 396 445 298 632 377 239 315 652 448 433 536 376 603 330 426 442 418 358 187 437 380 446 441 180 738 190 329 357 376 571 392 67 624 418 571 513 496 160 405 326 391 339 387 168 279 550 748 189 124 447 316 382 90 256 328 457 518 556 459 153 250 520 472 312 381 35 237 351 579 357 482 535 529 350 559 0 509 541 261 335 425 482 475 361 321 476 282 195 477 592 391 155 496 108 355 638 354 550 412
965 768 84 295 409 645 550 279 194 791 828 589 166 274 836 99 868 215 672 518 849 667 112 730 675 416 635 379 855 411 63 309 569 308 918 498 217 887 492 163 519 420 303 690 561 742 473 557 676 393 373 815 557 422 757 771 335 590 71 812 356 749 271 931 614 808 543 402 528 873 595 611 485 191 234 63 509 0 442 324 608 747 551 287 419 805 163 271 598 879 939 637 611 954 433 669 181 831 1012 873
818 929 373 276 132 367 379 570 627 514 588 924 498 710 761 371 983 586 417 680 977 882 337 429 710 857 730 670 753 722 474 179 603 744 807 877 636 1036 402 525 768 154 229 418 690 818 32 208 598 440 101 722 260 472 686 600 707 916 510 538 445 767 178 740 813 607 558 628 260 1096 324 911 854 620 274 426 541 442 0 300 357 944 874 677 720 848 574 316 725 1018 1125 346 695 758 552 866 616 884 811 697
657 634 242 39 374 330 226 302 508 470 504 642 272 524 549 225 697 355 351 381 689 582 227 415 440 676 443 388 559 442 383 133 327 555 620 619 435 744 177 306 472 172 79 371 395 539 317 501 380 145 200 520 259 179 469 453 457 632 390 490 145 507 259 613 513 486 286 333 225 796 283 619 590 433 103 355 261 324 300 0 289 645 590 444 437 581 376 54 431 727 828 327 409 635 253 567 494 615 693 556
463 714 524 314 486 45 98 560 796 184 239 856 556 810 427 509 728 634 67 521 732 714 502 127 446 961 505 619 410 673 664 325 370 840 458 866 719 797 185 591 654 230 308 83 502 560 346 545 285 318 313 384 98 326 361 246 719 841 676 207 355 480 451 384 647 251 329 539 99 905 36 811 832 720 375 630 335 608 357 289 0 753 802 717 663 565 663 343 524 775 904 56 471 402 414 688 782 603 457 341
679 75 723 673 1013 792 660 468 796 827 780 324 581 667 513 706 195 550 763 265 163 81 743 843 332 736 251 373 564 360 796 775 383 668 599 452 615 161 584 587 231 803 720 792 259 245 959 1145 511 505 845 539 807 475 498 656 480 302 757 830 500 348 877 739 136 712 425 349 775 154 778 240 422 648 701 809 425 747 944 645 753 0 303 532 345 305 622 640 230 166 193 809 283 759 392 80 786 290 795 691
889 366 559 602 905 846 705 307 541 930 911 54 404 393 718 549 493 336 836 306 462 236 589 918 504 437 409 204 763 153 585 695 482 386 813 149 366 463 617 393 161 762 648 865 351 474 897 1051 646 490 775 729 821 476 673 797 224 42 538 941 460 556 757 920 245 853 504 265 786 366 816 71 120 401 601 613 482 551 874 590 802 303 0 279 154 551 396 560 357 469 459 856 419 943 389 263 534 551 990 863
948 574 318 438 677 760 631 163 267 881 889 309 181 142 790 313 693 92 768 379 668 452 352 843 587 263 513 177 824 172 311 508 512 154 884 211 87 689 548 153 305 602 474 794 434 611 705 827 664 411 587 784 702 419 724 798 55 314 262 897 368 657 530 947 419 848 509 258 668 632 718 346 199 122 410 344 475 287 677 444 717 532 279 0 188 687 124 396 462 687 714 762 503 971 368 465 258 701 1026 887
808 386 416 449 753 707 567 156 451 803 794 205 261 328 641 403 505 210 702 215 479 265 444 782 429 424 344 50 681 18 462 541 377 335 737 210 270 501 479 257 117 609 494 730 270 435 743 899 541 346 621 643 675 337 584 687 140 196 419 816 312 493 606 823 231 741 388 126 639 456 674 197 174 302 448 482 361 419 720 437 663 345 154 188 0 512 279 406 291 499 531 715 342 847 257 276 441 522 898 764
376 233 752 619 948 593 490 558 917 582 518 589 651 828 218 733 177 663 551 309 193 329 759 621 141 935 176 510 268 530 865 711 254 840 296 689 751 259 446 673 408 694 658 576 255 78 853 1056 281 443 760 252 644 408 228 396 647 567 841 579 465 84 840 445 306 446 295 433 621 418 597 508 653 777 670 862 321 805 848 581 565 305 551 687 512 0 733 602 224 233 375 615 195 464 373 296 905 38 494 404
952 654 203 361 562 705 587 175 185 837 858 430 108 148 804 203 766 73 721 427 743 541 239 789 617 301 557 249 832 267 189 414 525 179 894 334 63 773 512 74 390 517 389 743 478 662 603 711 661 385 490 792 633 402 731 780 174 433 142 856 341 690 416 936 497 825 511 302 600 735 659 459 323 57 319 220 476 163 574 376 663 622 396 124 279 733 0 323 512 768 810 703 540 960 378 548 172 753 1017 876
702 635 191 43 373 384 279 262 454 524 557 611 221 472 587 173 707 306 405 376 696 572 179 469 462 624 453 356 600 409 332 139 349 503 662 578 383 748 224 255 452 208 88 426 398 554 338 508 420 159 216 561 310 194 507 502 413 602 336 544 144 532 243 662 505 537 311 312 277 788 337 594 551 380 68 305 282 271 316 54 343 640 560 396 406 602 323 0 435 733 827 380 421 685 253 560 440 634 743 605
532 204 555 463 804 564 430 337 697 611 576 404 438 604 361 536 275 441 538 85 262 193 567 619 147 713 54 286 406 309 656 563 156 616 457 482 528 313 355 456 200 579 508 567 38 150 737 930 303 286 628 372 577 253 318 455 424 383 627 617 291 204 678 566 132 512 195 210 546 384 549 333 445 554 501 658 195 598 725 431 524 230 357 462 291 224 512 435 0 298 400 580 65 588 183 165 684 241 634 510
597 114 845 761 1101 808 690 603 947 811 750 489 713 826 449 827 58 695 770 366 43 240 860 844 329 900 287 520 499 515 932 860 419 829 519 618 767 26 629 725 382 868 806 797 336 215 1028 1224 502 583 922 485 844 548 460 627 637 468 898 810 589 307 976 675 271 679 465 477 817 204 805 406 588 799 799 941 477 879 1018 727 775 166 469 687 499 233 768 733 298 0 142 828 322 692 481 223 936 201 718 637
738 196 915 858 1199 939 816 660 980 950 891 463 773 844 591 899 200 739 904 451 182 271 935 980 460 896 403 563 641 545 987 960 539 841 660 603 799 117 749 778 421 979 905 931 434 350 1137 1328 638 685 1027 627 968 653 601 768 660 445 947 950 685 447 1066 817 328 820 585 542 939 106 932 388 578 832 890 1001 592 939 1125 828 904 193 459 714 531 375 810 827 400 142 0 958 439 834 575 272 971 344 859 779
486 769 554 347 477 25 153 607 828 171 243 910 597 851 467 540 780 677 78 576 785 770 529 94 499 1002 560 671 445 725 692 343 426 881 490 916 760 851 239 632 709 238 335 72 557 613 330 521 334 369 317 423 90 380 405 275 767 895 707 195 405 531 460 399 703 269 385 592 111 961 44 866 883 759 404 655 391 637 346 327 56 809 856 762 715 615 703 380 580 828 958 0 527 415 468 744 814 653 467 362
471 244 560 444 783 509 379 365 724 549 512 467 456 642 302 541 288 472 481 127 282 255 568 561 87 759 35 330 345 360 671 542 102 658 398 539 562 341 310 478 260 546 487 509 72 134 705 902 239 265 601 309 530 230 254 390 469 447 646 555 279 154 664 501 196 447 146 245 500 434 497 398 502 586 489 668 155 611 695 409 471 283 419 503 342 195 540 421 65 322 439 527 0 524 180 225 711 221 570 446
113 692 876 671 888 392 416 810 1125 264 176 992 854 1095 247 858 634 909 340 641 655 762 862 349 444 1234 540 821 196 863 1016 713 470 1118 178 1055 1004 718 462 887 782 630 683 343 592 514 745 935 308 576 713 221 498 559 271 183 953 971 1015 244 619 412 847 24 715 153 464 728 501 882 434 921 1018 1016 737 990 496 954 758 635 402 759 943 971 847 464 960 685 588 692 834 415 524 0 604 729 1110 491 58 85
581 382 380 283 624 458 317 210 559 546 537 443 284 498 427 361 457 316 448 128 444 331 389 529 244 631 207 222 458 271 493 385 147 519 519 467 411 495 229 310 242 413 330 476 145 313 568 754 296 115 453 418 441 91 357 435 349 427 472 559 110 318 495 580 262 488 140 131 407 543 429 399 431 429 319 489 108 433 552 253 414 392 389 368 257 373 378 253 183 481 575 468 180 604 0 314 545 400 658 520
658 110 643 594 933 728 593 390 726 774 734 296 502 603 488 627 234 476 703 186 206 34 663 784 288 682 197 299 537 293 719 696 320 607 579 409 545 225 515 510 160 726 642 732 188 224 881 1066 461 428 766 508 737 399 461 611 414 274 682 779 422 320 797 707 56 667 359 269 705 230 712 213 376 577 621 731 355 669 866 567 688 80 263 465 276 296 548 560 165 223 272 744 225 729 314 0 715 291 769 656
1110 822 263 469 566 820 717 347 14 963 995 558 263 158 968 275 936 244 845 599 913 705 292 906 787 261 729 417 994 426 143 489 691 183 1056 436 172 940 652 235 556 601 482 864 651 834 648 708 819 536 552 953 735 559 894 928 313 566 110 984 494 860 440 1087 665 969 673 474 706 890 772 603 437 138 411 191 638 181 616 494 782 786 534 258 441 905 172 440 684 936 971 814 711 1110 545 715 0 925 1168 1027
400 216 780 652 983 631 528 578 938 618 552 587 675 843 247 761 144 682 589 326 164 323 788 658 175 946 197 524 297 541 891 745 288 854 320 692 769 227 483 695 415 731 692 614 275 91 890 1092 319 475 796 284 682 440 264 431 660 564 865 615 496 122 873 474 308 480 330 452 659 393 635 504 657 795 703 888 354 831 884 615 603 290 551 701 522 38 753 634 241 201 344 653 221 491 400 291 925 0 519 435
122 726 933 728 942 445 473 865 1182 310 225 1038 911 1150 282 915 660 965 394 689 682 803 920 396 488 1288 584 873 232 915 1073 770 521 1173 199 1104 1060 743 520 943 830 685 740 395 639 550 797 985 362 633 769 262 551 615 317 241 1006 1017 1072 288 676 449 903 81 758 210 518 780 556 912 488 965 1067 1072 794 1048 550 1012 811 693 457 795 990 1026 898 494 1017 743 634 718 859 467 570 58 658 769 1168 519 0 141
124 626 795 592 825 338 341 725 1041 235 146 912 770 1010 188 777 579 825 285 559 598 689 783 311 368 1149 463 737 140 780 935 640 387 1034 150 972 919 662 381 803 702 563 607 293 512 448 687 883 224 492 646 153 438 474 195 104 868 892 932 220 535 344 776 61 639 93 380 644 438 820 374 844 935 932 658 910 412 873 697 556 341 691 863 887 764 404 876 605 510 637 779 362 446 85 520 656 1027 435 141 0
