# TTSP Euclidean complete-graph matrix instance
# seed: 2069
# depot: 1
# L_max is not stored in this file; pass it with --budget when running algorithms.
# coordinate rows: node x y
# coord 1 362.186392 859.569224
# coord 2 542.779579 938.883083
# coord 3 271.770969 764.815488
# coord 4 589.792179 338.091817
# coord 5 239.888292 700.243315
# coord 6 157.030339 64.342790
# coord 7 539.731536 252.451188
# coord 8 491.691054 791.804312
# coord 9 562.160595 201.635395
# coord 10 24.140706 128.665919
# coord 11 279.576607 702.758655
# coord 12 127.214848 206.994970
# coord 13 423.998943 733.434780
# coord 14 442.921514 377.260864
# coord 15 63.347745 374.119111
# coord 16 172.360777 285.476001
# coord 17 94.998507 759.762884
# coord 18 88.969031 170.388179
# coord 19 331.068203 83.843320
# coord 20 853.560799 392.272832
# coord 21 106.670078 783.020640
# coord 22 52.889451 786.992753
# coord 23 889.066384 589.484577
# coord 24 14.238256 501.827555
# coord 25 952.294343 988.710375
# coord 26 100.900611 333.158493
# coord 27 727.039311 333.118687
# coord 28 311.412461 134.488792
# coord 29 50.303920 489.790831
# coord 30 993.751793 548.513229
# coord 31 112.861853 273.621082
# coord 32 672.540279 348.399704
# coord 33 634.595549 479.673037
# coord 34 975.912907 35.477561
# coord 35 431.236349 990.887928
# coord 36 690.349275 152.612285
# coord 37 169.458545 684.394778
# coord 38 556.394754 701.456883
# coord 39 396.032225 927.238665
# coord 40 117.331417 651.398732
# coord 41 801.802547 986.150271
# coord 42 481.424887 192.874254
# coord 43 512.482574 538.996066
# coord 44 239.237544 48.689410
# coord 45 60.563927 356.588090
# coord 46 90.211960 975.180050
# coord 47 898.076613 454.484615
# coord 48 322.312746 143.258384
# coord 49 148.413161 500.638552
# coord 50 869.335674 865.121463
# coord 51 296.295696 524.216498
# coord 52 358.476154 221.353414
# coord 53 303.666023 292.336710
# coord 54 767.422932 846.133972
# coord 55 713.530528 872.346936
# coord 56 574.675205 178.770046
# coord 57 483.284185 956.805633
# coord 58 593.045588 386.335139
# coord 59 50.499981 130.417421
# coord 60 490.999310 254.075307
# coord 61 110.206857 408.605222
# coord 62 853.422587 501.653859
# coord 63 80.318379 887.606094
# coord 64 732.019688 625.285420
# coord 65 180.135615 200.031813
# coord 66 371.761237 886.060636
# coord 67 242.806456 13.580763
# coord 68 653.513191 694.575621
# coord 69 931.210490 384.252728
# coord 70 727.204731 986.893791
# coord 71 537.941479 749.743541
# coord 72 155.741883 486.604098
# coord 73 611.533801 121.994101
# coord 74 744.955408 254.006248
# coord 75 191.740383 487.785558
# coord 76 885.717063 727.832536
# coord 77 28.082550 826.343313
# coord 78 859.894811 180.168616
# coord 79 482.009021 62.424880
# coord 80 401.742304 619.089748
# coord 81 506.666241 445.733066
# coord 82 351.573473 226.343034
# coord 83 618.192149 307.427680
# coord 84 615.182354 210.216129
# coord 85 560.093667 483.693860
# coord 86 961.275581 15.673676
# coord 87 412.255063 458.483899
# coord 88 135.331521 60.131914
# coord 89 100.044483 91.571966
# coord 90 228.380568 346.957158
# coord 91 221.575692 934.936622
# coord 92 351.192150 888.174536
# coord 93 144.220432 512.675684
# coord 94 393.957144 978.660912
# coord 95 731.532724 222.839909
# coord 96 120.228382 767.771353
# coord 97 818.185288 303.113726
# coord 98 601.583970 636.354411
# coord 99 674.582646 415.658314
# coord 100 4.607972 178.398193
# reference_nearest_neighbor_tour_cost: 10060
TTSP_MATRIX
100
0 75 86 99 53 82 65 63 41 8 88 4 24 21 87 12 6 95 45 93 70 96 59 18 24 19 24 31 91 97 81 12 56 13 19 27 28 45 78 66 85 43 87 63 63 87 50 53 78 100 76 57 14 98 30 2 58 24 89 88 20 43 62 93 98 48 60 54 93 17 18 57 13 24 27 4 16 27 32 97 94 85 19 89 36 95 63 10 75 42 56 42 36 32 73 85 63 70 57 78
0 197 131 569 201 821 633 146 688 805 177 694 140 489 570 605 285 741 776 678 267 318 592 499 604 588 641 727 484 704 637 598 467 1028 148 779 260 250 76 321 457 677 354 820 586 296 672 717 418 507 342 638 570 405 352 713 155 527 793 619 517 608 283 438 684 28 854 335 741 387 207 426 779 716 409 540 336 842 806 244 438 633 609 697 425 1035 404 831 812 530 160 31 410 123 736 259 719 327 543 769
197 0 322 603 386 956 686 156 738 962 354 842 237 570 741 751 482 892 881 629 463 513 492 686 413 750 633 837 666 596 792 605 468 1002 123 800 452 238 147 513 263 749 401 941 756 454 601 826 590 335 482 741 689 243 183 761 62 555 947 687 684 536 465 366 823 179 973 268 677 191 189 595 820 714 572 403 527 822 879 350 494 738 636 732 456 1014 498 969 956 670 321 198 584 154 741 456 693 308 540 932
131 322 0 532 72 710 578 222 634 683 63 576 155 424 443 490 177 622 684 691 166 220 642 368 716 464 627 632 353 754 516 578 461 1014 277 742 130 292 205 192 574 609 330 717 460 278 699 624 292 606 242 550 474 502 455 660 286 496 672 556 391 638 227 481 572 157 752 388 761 507 267 301 727 696 288 615 251 829 733 195 396 544 574 652 403 1018 337 718 695 420 177 147 283 246 711 152 715 354 533 644
569 603 532 0 504 512 99 464 139 603 479 481 429 152 528 421 650 528 363 269 657 700 391 598 745 489 137 345 560 455 481 83 149 491 672 211 545 365 620 567 682 181 215 455 530 810 330 331 470 597 348 259 290 538 548 160 628 48 578 130 485 310 749 320 432 590 475 362 345 663 415 459 217 176 425 489 744 313 296 338 136 263 42 130 149 492 215 533 548 362 701 600 479 670 183 636 231 298 115 607
201 386 72 504 0 641 539 268 594 611 40 506 187 381 371 420 157 551 623 687 157 206 659 300 769 393 610 570 283 769 445 558 452 992 348 709 72 317 276 132 630 562 317 652 388 313 703 563 220 651 185 493 413 547 504 620 354 473 600 512 319 645 246 498 504 228 687 414 760 565 302 230 687 674 218 646 247 809 682 181 369 487 545 617 387 995 297 649 625 353 235 218 211 318 685 137 702 367 520 572
821 956 710 512 641 0 426 801 428 148 650 146 720 424 324 222 698 126 175 770 720 730 901 460 1219 275 630 170 439 967 214 589 633 819 966 541 620 752 895 588 1125 349 593 84 308 913 837 183 436 1072 480 255 271 992 981 433 950 542 125 384 347 822 827 803 138 849 100 802 838 1085 784 422 458 618 425 985 773 712 325 606 517 253 521 481 582 806 470 22 63 291 873 846 449 945 596 704 703 724 626 190
633 686 578 99 539 426 0 541 56 530 520 415 495 158 492 369 675 458 268 344 685 723 485 582 844 446 204 257 544 542 427 164 246 487 746 181 569 449 690 581 779 83 288 363 490 851 411 243 463 696 365 184 239 636 644 82 707 144 504 49 457 401 784 419 363 655 381 457 413 758 497 450 149 205 420 588 769 328 199 392 196 190 96 86 232 483 242 448 468 325 753 663 473 741 194 664 283 389 212 540
146 156 222 464 268 801 541 0 594 811 230 689 89 417 598 599 398 741 726 539 385 439 446 559 501 603 516 682 535 558 642 479 343 898 208 669 340 111 166 400 366 599 254 785 613 441 528 670 450 385 331 586 534 281 236 619 165 418 795 538 541 464 422 292 669 153 817 189 599 306 63 454 680 594 427 399 465 714 729 195 346 583 501 595 316 907 343 814 802 517 306 170 446 211 617 372 588 190 418 783
688 738 634 139 594 428 56 594 0 543 575 435 549 212 528 399 728 474 259 348 739 776 507 625 878 480 211 260 587 554 455 184 287 446 800 137 622 500 744 633 820 81 341 357 525 906 420 247 510 731 418 205 274 676 688 26 759 187 517 88 497 418 838 456 382 710 371 501 412 802 549 496 94 190 468 618 822 299 161 447 250 212 120 54 282 440 297 450 475 364 809 718 521 795 171 718 275 437 242 558
805 962 683 603 611 148 530 811 543 0 628 129 725 487 249 216 635 77 310 870 660 659 980 373 1265 218 732 287 362 1057 170 685 704 956 953 667 574 782 881 531 1158 462 638 229 231 849 933 299 392 1121 480 347 324 1033 1014 553 947 625 26 483 293 909 761 865 172 833 247 846 942 1109 806 381 587 732 396 1049 698 837 463 619 577 342 620 597 643 944 509 131 84 299 830 827 402 927 714 646 813 769 711 53
177 354 63 479 40 650 520 230 575 628 0 519 148 364 393 431 193 565 621 653 191 242 620 333 731 411 580 569 313 731 460 529 419 964 326 687 112 277 253 170 594 548 285 655 410 332 666 561 241 612 179 488 411 508 466 601 326 445 616 496 339 608 272 459 512 205 690 374 725 530 263 249 669 646 232 607 280 781 672 148 343 482 521 596 356 968 278 659 637 359 239 199 233 299 659 172 671 329 488 592
694 842 576 481 506 146 415 689 435 129 519 0 604 359 179 91 554 53 238 750 576 585 852 316 1137 129 613 198 293 931 68 563 576 866 841 566 479 655 769 445 1031 354 509 194 164 769 810 205 294 992 359 232 196 905 887 448 830 499 108 367 202 784 682 735 53 722 225 717 823 984 681 281 492 620 288 920 627 733 383 495 448 225 501 488 514 856 380 147 119 173 734 717 306 816 605 561 698 640 586 126
140 237 155 429 187 720 495 89 549 725 148 604 0 357 509 514 330 655 656 549 321 375 487 471 587 514 502 609 446 599 555 458 330 890 258 639 259 136 196 317 455 544 214 709 524 412 550 599 361 464 245 516 457 361 321 575 231 386 709 484 452 488 377 326 587 161 742 233 616 395 115 365 640 577 338 462 407 704 674 116 299 512 468 557 284 897 275 733 719 433 286 171 356 247 596 306 584 202 405 696
489 570 424 152 381 424 158 417 212 487 364 359 357 0 380 286 517 410 314 411 527 566 494 446 796 345 288 276 408 577 346 231 217 633 614 334 411 343 552 426 707 188 176 387 383 694 462 263 319 648 208 177 163 570 564 238 581 150 464 132 334 429 626 381 317 514 415 381 488 673 384 307 306 326 274 565 611 461 317 245 94 176 189 240 158 632 87 442 446 217 600 519 328 603 327 507 383 304 235 481
570 741 443 528 371 324 492 598 528 249 393 179 509 380 0 141 387 205 395 790 411 413 853 137 1081 56 665 345 116 947 112 610 581 973 718 665 328 592 645 282 959 456 478 370 18 602 839 347 152 944 277 332 254 848 819 547 718 530 244 444 58 800 514 714 210 598 403 672 868 903 605 146 603 692 171 895 454 820 522 418 449 324 559 576 509 967 359 322 285 167 583 589 160 689 685 398 758 599 613 204
605 751 490 421 420 222 369 599 399 216 431 91 514 286 141 0 481 142 257 690 502 516 779 268 1050 86 557 205 238 862 61 504 501 842 751 535 399 566 680 370 942 323 424 246 132 695 745 207 216 907 269 197 131 818 798 416 740 433 197 320 138 715 609 655 86 633 281 632 765 894 591 202 469 573 203 839 560 696 382 405 371 189 446 449 435 834 296 228 207 83 651 629 229 728 563 485 646 554 519 199
285 482 177 650 157 698 675 398 728 635 193 554 330 517 387 481 0 589 716 843 26 50 812 270 887 427 763 662 274 923 486 709 608 1140 408 850 106 465 344 111 742 686 472 726 405 215 859 657 265 781 310 599 512 678 629 753 435 622 631 642 351 801 129 651 566 304 761 562 917 672 443 280 821 824 289 791 94 960 798 337 518 592 692 757 541 1142 438 701 668 434 216 287 252 371 833 26 855 521 674 588
741 892 622 528 551 126 458 741 474 77 565 53 655 410 205 142 589 0 257 796 613 618 903 340 1190 163 658 225 322 981 106 610 627 897 889 602 520 707 817 482 1083 393 561 193 188 805 858 235 336 1045 410 274 247 958 940 486 880 548 55 411 239 833 717 788 96 770 220 770 869 1036 733 323 525 661 334 972 659 771 408 547 500 268 547 528 566 886 433 120 80 225 776 764 347 864 645 598 741 693 635 85
776 881 684 363 623 175 268 726 259 310 621 238 656 314 395 257 716 257 0 607 734 756 753 524 1098 339 468 54 494 809 289 432 499 647 913 366 622 657 846 606 1018 186 490 98 384 923 677 60 455 949 442 140 210 878 876 261 886 400 284 234 393 669 842 674 190 803 113 691 671 986 697 439 283 448 427 850 802 538 152 540 402 144 364 311 461 634 383 197 231 282 858 805 468 897 424 716 534 615 478 340
678 629 691 269 687 770 344 539 348 870 653 750 549 411 790 690 843 796 607 0 843 893 200 846 605 755 140 600 809 210 750 186 236 377 733 290 744 429 704 780 596 422 371 704 794 960 76 587 713 473 573 524 559 462 500 351 675 261 845 388 744 109 918 263 700 690 719 362 78 608 477 704 363 176 669 337 933 212 497 506 351 529 250 300 307 392 446 791 811 627 833 706 719 745 209 824 96 351 180 875
267 463 166 657 157 720 685 385 739 660 191 576 321 527 411 502 26 613 734 843 0 54 806 296 870 450 766 680 299 918 509 714 609 1146 385 859 117 457 323 132 724 699 474 746 429 193 857 675 285 767 321 616 529 664 613 764 415 628 655 654 374 798 108 645 588 284 781 554 916 653 433 300 832 829 307 781 90 965 812 338 523 608 698 766 543 1149 446 723 691 453 190 266 273 348 839 20 858 516 676 613
318 513 220 700 206 730 723 439 776 659 242 585 375 566 413 516 50 618 756 893 54 0 859 288 922 456 813 702 297 971 517 759 658 1190 430 899 155 511 371 150 775 733 522 761 430 192 908 698 302 820 358 643 555 717 666 801 463 673 657 690 383 850 104 698 601 334 796 608 966 703 486 318 869 874 330 835 47 1010 842 387 568 635 741 806 591 1192 487 732 697 474 224 315 289 391 883 70 905 569 724 611
592 492 642 391 659 901 485 446 507 980 620 852 487 494 853 779 812 903 753 200 806 859 0 879 404 829 303 735 845 112 838 324 277 561 609 480 726 351 598 774 406 569 380 845 861 887 135 721 746 276 596 646 656 284 333 517 547 359 956 521 800 95 862 161 809 596 866 258 210 429 386 741 544 365 705 138 893 410 666 488 409 649 391 468 346 578 494 921 933 704 752 615 749 630 399 789 295 291 276 975
499 686 368 598 300 460 582 559 625 373 333 316 471 446 137 268 270 340 524 846 296 288 879 0 1057 190 732 472 38 981 249 676 621 1069 643 761 240 578 572 182 925 560 500 506 152 479 885 473 134 929 283 444 357 828 791 647 653 590 373 537 134 839 391 728 344 525 539 668 924 862 579 142 708 772 178 900 325 905 642 405 496 436 634 668 546 1065 400 458 419 264 480 513 130 610 770 286 828 603 666 324
604 413 716 745 769 1219 844 501 878 1265 731 1137 587 796 1081 1050 887 1190 1098 605 870 922 404 1057 0 1075 693 1068 1031 442 1103 699 600 954 521 876 840 489 560 901 151 925 629 1180 1093 862 537 1054 940 149 804 970 952 233 266 894 470 701 1245 867 1023 497 878 425 1104 590 1206 419 605 225 478 942 931 763 911 269 938 814 1039 663 702 971 759 848 639 973 757 1237 1237 967 733 609 938 558 797 861 699 497 637 1247
588 750 464 489 393 275 446 603 480 218 411 129 514 345 56 86 427 163 339 755 450 456 829 190 1075 0 626 289 165 918 61 572 553 924 736 616 358 586 663 319 958 406 460 316 47 642 806 292 174 935 273 281 207 841 816 498 732 495 209 398 76 771 555 695 155 616 350 660 832 905 604 163 553 649 179 878 499 774 467 415 421 272 518 529 483 917 336 275 242 128 614 609 185 709 640 435 718 585 580 182
641 633 627 137 610 630 204 516 211 732 580 613 502 288 665 557 763 658 468 140 766 813 303 732 693 626 0 461 695 343 617 57 173 388 721 184 659 406 680 688 657 283 297 565 667 904 210 447 602 551 471 385 425 515 539 217 670 144 706 249 621 211 852 292 563 657 580 369 210 654 458 592 241 81 557 425 855 203 365 433 247 390 112 166 225 395 339 652 672 499 786 670 610 726 110 746 96 328 98 739
727 837 632 345 570 170 257 682 260 287 569 198 609 276 345 205 662 225 54 600 680 702 735 472 1068 289 461 0 441 798 242 420 473 672 865 379 568 618 797 552 983 180 452 112 335 869 668 14 401 919 390 99 158 845 840 267 840 378 261 216 340 655 788 646 147 754 139 656 668 948 656 385 300 450 373 826 748 550 185 493 367 100 352 313 429 661 339 191 216 228 805 755 413 848 429 662 534 580 459 310
484 666 353 560 283 439 544 535 587 362 313 293 446 408 116 238 274 322 494 809 299 297 845 38 1031 165 695 441 0 945 225 638 584 1031 629 723 228 549 558 175 901 523 465 480 134 487 849 441 99 901 248 409 321 801 766 610 637 553 359 500 101 803 399 695 318 510 514 637 887 840 553 105 671 734 141 869 337 867 607 374 458 400 596 630 510 1027 363 438 401 228 477 499 97 598 732 287 790 570 629 315
704 596 754 455 769 967 542 558 554 1057 731 931 599 577 947 862 923 981 809 210 918 971 112 981 442 918 343 798 945 0 923 378 366 513 716 499 835 463 708 882 478 624 481 905 953 999 134 784 847 340 698 715 736 374 428 559 654 432 1032 583 895 148 974 273 885 708 922 370 176 513 498 840 573 386 804 209 1005 392 706 596 498 718 446 508 438 534 588 988 1004 791 863 727 850 738 418 901 302 402 346 1056
637 792 516 481 445 214 427 642 455 170 460 68 555 346 112 61 486 106 289 750 509 517 838 249 1103 61 617 242 225 923 0 565 561 895 785 590 415 616 712 378 991 377 480 258 98 702 806 247 230 960 311 251 192 870 848 471 777 493 156 379 135 775 615 712 100 665 291 685 826 941 638 217 521 632 228 896 559 753 425 450 430 243 506 506 494 887 352 215 182 137 670 659 241 759 621 494 706 609 579 144
598 605 578 83 558 589 164 479 184 685 529 563 458 231 610 504 709 610 432 186 714 759 324 676 699 572 57 420 638 378 565 0 137 436 686 197 605 372 641 633 651 246 249 527 612 856 249 406 546 553 415 339 373 507 526 196 637 88 659 205 566 237 801 283 514 616 545 347 261 641 423 535 234 119 501 435 802 252 344 383 192 343 68 150 176 441 283 610 627 444 740 628 553 689 139 693 153 297 67 689
467 468 461 149 452 633 246 343 287 704 419 576 330 217 581 501 608 627 499 236 609 658 277 621 600 553 173 473 584 366 561 137 0 560 550 332 508 235 507 545 533 325 136 585 587 736 265 459 487 451 341 378 380 390 401 307 501 102 681 267 529 220 688 175 534 484 609 216 312 516 287 479 358 251 443 353 699 375 444 271 132 380 173 270 75 567 223 652 661 427 615 497 491 554 275 590 255 160 75 698
1028 1002 1014 491 992 819 487 898 446 956 964 866 890 633 973 842 1140 897 647 377 1146 1190 561 1069 954 924 388 672 1031 513 895 436 560 0 1100 309 1035 787 1064 1057 966 519 684 737 970 1291 426 662 949 836 837 645 720 837 877 426 1045 519 930 532 943 482 1236 638 813 1043 733 734 352 983 838 936 375 318 905 698 1234 185 495 819 623 653 449 401 611 25 705 841 878 810 1174 1057 959 1108 308 1126 311 708 485 982
148 123 277 672 348 966 746 208 800 953 326 841 258 614 718 751 408 889 913 733 385 430 609 643 521 736 721 865 629 716 785 686 550 1100 0 877 403 315 73 462 371 800 459 962 735 341 711 855 566 456 486 773 710 366 306 825 62 626 941 739 665 646 366 473 830 121 995 370 786 296 264 575 887 801 557 525 435 917 930 373 550 769 709 802 523 1110 533 977 958 675 217 130 558 39 825 383 789 393 625 918
779 800 742 211 709 541 181 669 137 667 687 566 639 334 665 535 850 602 366 290 859 899 480 761 876 616 184 379 723 499 590 197 332 309 877 0 744 565 829 760 841 213 425 463 662 1018 366 368 644 735 542 339 411 698 720 119 830 253 640 224 634 385 955 475 512 800 469 543 334 835 616 630 85 115 601 607 945 172 227 549 346 347 171 95 356 304 413 563 593 501 912 810 654 878 81 839 197 492 264 686
260 452 130 545 72 620 569 340 622 574 112 479 259 411 328 399 106 520 622 744 117 155 726 240 840 358 659 568 228 835 415 605 508 1035 403 744 0 387 332 62 701 582 373 640 345 301 764 562 185 723 204 500 414 619 576 648 416 518 567 537 282 708 222 566 484 286 675 484 819 634 374 198 715 719 198 718 200 855 696 241 413 493 586 651 439 1036 332 625 597 343 256 273 174 370 727 97 752 435 572 532
250 238 292 365 317 752 449 111 500 782 277 655 136 343 592 566 465 707 657 429 457 511 351 578 489 586 406 618 549 463 616 372 235 787 315 565 387 0 277 442 376 514 168 726 604 541 422 605 455 353 315 519 481 256 232 523 266 317 763 452 534 358 511 191 627 261 756 97 491 333 52 455 582 486 423 330 543 603 643 175 261 517 399 495 218 796 283 767 762 483 408 277 453 321 510 441 477 79 309 760
76 147 205 620 276 895 690 166 744 881 253 769 196 552 645 680 344 817 846 704 323 371 598 572 560 663 680 797 558 708 712 641 507 1064 73 829 332 277 0 392 410 739 405 892 662 310 690 787 493 477 415 707 642 380 322 769 92 576 869 680 592 625 318 452 759 48 926 347 762 337 227 502 834 758 485 529 382 879 869 308 494 702 658 750 473 1073 469 905 887 604 175 59 485 51 780 319 753 356 582 845
321 513 192 567 132 588 581 400 633 531 170 445 317 426 282 370 111 482 606 780 132 150 774 182 901 319 688 552 175 882 378 633 545 1057 462 760 62 442 392 0 762 585 411 615 300 325 805 548 154 782 220 493 405 679 636 658 477 545 525 545 243 751 239 615 456 346 650 538 857 696 432 169 724 743 180 772 196 879 693 286 440 485 608 665 473 1057 352 592 560 324 302 333 141 429 749 116 783 484 605 486
457 263 574 682 630 1125 779 366 820 1158 594 1031 455 707 959 942 742 1083 1018 596 724 775 406 925 151 958 657 983 901 478 991 651 533 966 371 841 701 376 410 762 0 856 533 1093 973 712 540 970 814 139 685 884 854 144 144 839 320 635 1139 795 901 487 728 368 1002 442 1122 327 616 75 354 817 885 734 788 272 790 808 978 543 616 883 703 798 558 983 656 1141 1137 859 582 461 810 408 767 716 683 403 585 1135
677 749 609 181 562 349 83 599 81 462 548 354 544 188 456 323 686 393 186 422 699 733 569 560 925 406 283 180 523 624 377 246 325 519 800 213 582 514 739 585 856 0 348 282 452 875 492 167 453 776 380 126 204 713 718 94 764 223 435 62 429 483 802 500 301 702 298 530 489 831 560 439 148 271 413 671 779 379 130 434 254 134 178 135 301 512 274 371 395 296 786 707 465 791 252 679 354 459 295 477
354 401 330 215 317 593 288 254 341 638 285 509 214 176 478 424 472 561 490 371 474 522 380 500 629 460 297 452 465 481 480 249 136 684 459 425 373 168 405 411 533 348 0 561 487 607 395 439 366 483 217 353 323 399 389 366 419 173 617 286 423 343 555 236 475 375 591 210 446 497 212 361 429 368 325 418 563 499 478 137 93 352 255 344 73 689 129 610 609 343 491 385 369 455 385 454 386 132 204 623
820 941 717 455 652 84 363 785 357 229 655 194 709 387 370 246 726 193 98 704 746 761 845 506 1180 316 565 112 480 905 258 527 585 737 962 463 640 726 892 615 1093 282 561 0 356 938 774 126 461 1031 479 210 252 957 950 360 940 489 206 325 382 763 854 758 162 848 35 767 769 1058 762 446 379 546 442 938 806 634 243 593 479 210 459 409 541 723 445 105 146 298 886 847 474 943 522 729 632 690 569 268
586 756 460 530 388 308 490 613 525 231 410 164 524 383 18 132 405 188 384 794 429 430 861 152 1093 47 667 335 134 953 98 612 587 970 735 662 345 604 662 300 973 452 487 356 0 619 843 338 169 955 289 327 251 860 832 544 734 533 226 442 72 806 531 723 197 614 388 683 871 917 618 161 599 692 186 905 471 819 514 430 455 319 560 574 515 963 366 306 268 168 600 606 177 706 684 415 760 609 617 187
296 454 278 810 313 913 851 441 906 849 332 769 412 694 602 695 215 805 923 960 193 192 887 479 862 642 904 869 487 999 702 856 736 1291 341 1018 301 541 310 325 712 875 607 938 619 0 961 864 478 787 496 800 715 689 632 932 394 774 846 825 567 898 88 731 780 295 974 629 1028 637 501 493 1000 974 498 833 161 1107 993 473 674 793 851 928 680 1296 609 916 884 643 137 275 466 304 989 210 991 613 809 801
672 601 699 330 703 837 411 528 420 933 666 810 550 462 839 745 859 858 677 76 857 908 135 885 537 806 210 668 849 134 806 249 265 426 711 366 764 422 690 805 540 492 395 774 843 961 0 654 751 412 606 588 616 413 457 425 651 313 907 454 789 65 925 238 762 681 790 343 78 559 466 743 439 252 707 274 946 277 572 523 392 592 316 374 339 443 486 859 877 678 830 698 756 727 285 839 171 348 227 935
717 826 624 331 563 183 243 670 247 299 561 205 599 263 347 207 657 235 60 587 675 698 721 473 1054 292 447 14 441 784 247 406 459 662 855 368 562 605 787 548 970 167 439 126 338 864 654 0 397 906 382 86 150 832 827 255 829 364 272 202 340 641 783 633 153 744 152 643 655 936 644 382 290 437 368 812 744 539 179 482 354 88 338 300 415 652 328 205 228 224 798 745 410 838 417 656 521 567 445 320
418 590 292 470 220 436 463 450 510 392 241 294 361 319 152 216 265 336 455 713 285 302 746 134 940 174 602 401 99 847 230 546 487 949 566 644 185 455 493 154 814 453 366 461 169 478 751 397 0 808 150 349 260 709 676 534 566 459 383 422 100 705 393 597 302 445 496 541 791 756 462 16 598 646 45 772 347 780 551 280 362 341 508 550 412 947 267 441 412 173 440 437 13 537 646 269 698 473 533 353
507 335 606 597 651 1072 696 385 731 1121 612 992 464 648 944 907 781 1045 949 473 767 820 276 929 149 935 551 919 901 340 960 553 451 836 456 735 723 353 477 782 139 776 483 1031 955 787 412 906 808 0 667 822 805 104 156 747 397 553 1100 719 886 364 789 276 958 498 1057 275 485 187 351 808 787 624 776 138 842 685 891 528 554 822 612 702 491 854 612 1089 1091 824 652 519 806 489 657 755 564 352 490 1104
342 482 242 348 185 480 365 331 418 480 179 359 245 208 277 269 310 410 442 573 321 358 596 283 804 273 471 390 248 698 311 415 341 837 486 542 204 315 415 220 685 380 217 479 289 496 606 382 150 667 0 309 232 571 543 444 471 327 464 333 219 558 423 447 344 370 513 396 650 632 331 145 511 524 111 624 404 660 498 142 225 303 388 448 267 837 133 491 475 190 417 368 153 465 529 301 567 325 394 452
638 741 550 259 493 255 184 586 205 347 488 232 516 177 332 197 599 274 140 524 616 643 646 444 970 281 385 99 409 715 251 339 378 645 773 339 500 519 707 493 884 126 353 210 327 800 588 86 349 822 309 0 90 747 742 220 746 287 321 137 311 569 722 550 180 665 238 558 595 850 558 334 272 388 314 731 689 503 201 400 269 9 274 257 331 637 243 275 289 181 727 667 362 758 373 596 467 481 371 356
570 689 474 290 413 271 239 534 274 324 411 196 457 163 254 131 512 247 210 559 529 555 656 357 952 207 425 158 321 736 192 373 380 720 710 411 414 481 642 405 854 204 323 252 251 715 616 150 260 805 232 90 0 722 710 294 688 304 301 191 226 588 636 543 154 598 285 533 634 814 514 244 352 443 225 727 601 567 291 341 254 82 315 322 320 713 198 287 286 93 648 598 272 692 433 510 515 455 391 320
405 243 502 538 547 992 636 281 676 1033 508 905 361 570 848 818 678 958 878 462 664 717 284 828 233 841 515 845 801 374 870 507 390 837 366 698 619 256 380 679 144 713 399 957 860 689 413 832 709 104 571 747 722 0 60 695 305 492 1013 653 790 355 688 224 873 398 984 190 490 146 249 710 741 593 678 167 740 672 834 430 478 746 559 654 418 853 526 1009 1007 735 553 418 707 396 624 652 545 267 440 1014
352 183 455 548 504 981 644 236 688 1014 466 887 321 564 819 798 629 940 876 500 613 666 333 791 266 816 539 840 766 428 848 526 401 877 306 720 576 232 322 636 144 718 389 950 832 632 457 827 676 156 543 742 710 60 0 707 245 501 995 657 761 396 633 248 858 342 979 188 534 115 214 678 757 619 648 225 687 707 842 402 474 740 573 669 418 892 512 997 993 715 496 363 673 337 650 602 579 261 458 992
713 761 660 160 620 433 82 619 26 553 601 448 575 238 547 416 753 486 261 351 764 801 517 647 894 498 217 267 610 559 471 196 307 426 825 119 648 523 769 658 839 94 366 360 544 932 425 255 534 747 444 220 294 695 707 0 783 208 526 113 518 427 864 473 395 736 371 522 412 822 572 520 68 186 492 631 847 285 149 473 275 228 136 51 305 420 323 455 483 385 835 744 545 820 163 744 273 458 257 570
155 62 286 628 354 950 707 165 759 947 326 830 231 581 718 740 435 880 886 675 415 463 547 653 470 732 670 840 637 654 777 637 501 1045 62 830 416 266 92 477 320 764 419 940 734 394 651 829 566 397 471 746 688 305 245 783 0 581 933 703 663 587 409 414 815 132 973 313 727 246 214 573 845 750 552 463 474 863 894 347 512 742 663 758 479 1056 503 962 946 661 263 149 559 92 775 409 734 342 574 914
527 555 496 48 473 542 144 418 187 625 445 499 386 150 530 433 622 548 400 261 628 673 359 590 701 495 144 378 553 432 493 88 102 519 626 253 518 317 576 545 635 223 173 489 533 774 313 364 459 553 327 287 304 492 501 208 581 0 600 167 483 285 717 276 453 547 511 314 338 615 368 449 265 201 414 450 716 337 342 301 105 290 83 178 103 522 195 562 574 367 663 557 466 625 214 607 240 250 87 624
793 947 672 578 600 125 504 795 517 26 616 108 709 464 244 197 631 55 284 845 655 657 956 373 1245 209 706 261 359 1032 156 659 681 930 941 640 567 763 869 525 1139 435 617 206 226 846 907 272 383 1100 464 321 301 1013 995 526 933 600 0 458 285 885 758 842 147 821 225 826 917 1092 788 371 561 705 384 1027 696 811 437 602 555 316 595 570 620 918 488 110 63 280 823 815 394 915 687 641 787 748 686 66
619 687 556 130 512 384 49 538 88 483 496 367 484 132 444 320 642 411 234 388 654 690 521 537 867 398 249 216 500 583 379 205 267 532 739 224 537 452 680 545 795 62 286 325 442 825 454 202 422 719 333 137 191 653 657 113 703 167 458 0 411 439 755 443 316 643 346 470 459 770 498 408 179 254 380 617 736 376 192 376 192 142 138 132 240 527 219 405 423 279 732 649 433 731 243 634 331 398 245 492
517 684 391 485 319 347 457 541 497 293 339 202 452 334 58 138 351 239 393 744 374 383 800 134 1023 76 621 340 101 895 135 566 529 943 665 634 282 534 592 243 901 429 423 382 72 567 789 340 100 886 219 311 226 790 761 518 663 483 285 411 0 749 480 658 220 544 417 614 821 846 547 90 577 653 114 839 426 784 508 360 398 302 518 543 456 937 306 349 317 133 538 537 109 637 649 359 716 542 564 253
608 536 638 310 645 822 401 464 418 909 608 784 488 429 800 715 801 833 669 109 798 850 95 839 497 771 211 655 803 148 775 237 220 482 646 385 708 358 625 751 487 483 343 763 806 898 65 641 705 364 558 569 588 355 396 427 587 285 885 439 749 0 864 173 738 616 782 278 141 501 401 698 450 270 662 228 887 322 575 467 351 572 305 376 294 498 443 843 858 644 766 634 709 662 304 780 202 286 198 908
283 465 227 749 246 827 784 422 838 761 272 682 377 626 514 609 129 717 842 918 108 104 862 391 878 555 852 788 399 974 615 801 688 1236 366 955 222 511 318 239 728 802 555 854 531 88 925 783 393 789 423 722 636 688 633 864 409 717 758 755 480 864 0 703 695 291 889 605 989 654 478 408 932 918 415 821 81 1053 918 419 614 715 791 863 627 1239 543 829 796 561 149 271 380 327 931 126 941 579 759 713
438 366 481 320 498 803 419 292 456 865 459 735 326 381 714 655 651 788 674 263 645 698 161 728 425 695 292 646 695 273 712 283 175 638 473 475 566 191 452 615 368 500 236 758 723 731 238 633 597 276 447 550 543 224 248 473 414 276 842 443 658 173 703 0 697 445 783 105 313 362 231 593 518 372 558 185 732 463 616 330 288 551 338 431 223 651 361 822 827 575 597 463 598 489 402 628 333 131 217 854
684 823 572 432 504 138 363 669 382 172 512 53 587 317 210 86 566 96 190 700 588 601 809 344 1104 155 563 147 318 885 100 514 534 813 830 512 484 627 759 456 1002 301 475 162 197 780 762 153 302 958 344 180 154 873 858 395 815 453 147 316 220 738 695 697 0 712 197 685 773 958 656 288 438 567 288 881 645 680 332 474 409 173 451 435 474 803 347 147 135 155 736 709 315 807 552 571 646 607 539 177
28 179 157 590 228 849 655 153 710 833 205 722 161 514 598 633 304 770 803 690 284 334 596 525 590 616 657 754 510 708 665 616 484 1043 121 800 286 261 48 346 442 702 375 848 614 295 681 744 445 498 370 665 598 398 342 736 132 547 821 643 544 616 291 445 712 0 882 341 752 369 215 454 801 734 437 538 349 858 831 269 461 660 629 718 444 1051 429 859 840 558 158 21 437 95 755 278 734 339 559 797
854 973 752 475 687 100 381 817 371 247 690 225 742 415 403 281 761 220 113 719 781 796 866 539 1206 350 580 139 514 922 291 545 609 733 995 469 675 756 926 650 1122 298 591 35 388 974 790 152 496 1057 513 238 285 984 979 371 973 511 225 346 417 782 889 783 197 882 0 795 782 1087 793 481 384 557 477 961 841 639 244 626 506 239 477 421 567 718 476 117 163 334 922 881 509 977 532 764 644 719 590 290
335 268 388 362 414 802 457 189 501 846 374 717 233 381 672 632 562 770 691 362 554 608 258 668 419 660 369 656 637 370 685 347 216 734 370 543 484 97 347 538 327 530 210 767 683 629 343 643 541 275 396 558 533 190 188 522 313 314 826 470 614 278 605 105 685 341 795 0 416 301 128 539 574 450 506 235 639 554 655 263 289 557 389 486 231 745 338 819 818 549 494 359 541 385 478 538 425 78 280 829
741 677 761 345 760 838 413 599 412 942 725 823 616 488 868 765 917 869 671 78 916 966 210 924 605 832 210 668 887 176 826 261 312 352 786 334 819 491 762 857 616 489 446 769 871 1028 78 655 791 485 650 595 634 490 534 412 727 338 917 459 821 141 989 313 773 752 782 416 0 636 537 782 413 227 747 347 1006 216 553 579 429 601 322 361 384 370 524 859 881 704 898 768 797 801 257 897 139 415 259 949
387 191 507 663 565 1085 758 306 802 1109 530 984 395 673 903 894 672 1036 986 608 653 703 429 862 225 905 654 948 840 513 941 641 516 983 296 835 634 333 337 696 75 831 497 1058 917 637 559 936 756 187 632 850 814 146 115 822 246 615 1092 770 846 501 654 362 958 369 1087 301 636 0 303 760 873 733 732 304 717 818 956 491 584 848 688 785 530 999 615 1100 1093 811 508 389 752 333 764 645 690 372 574 1084
207 189 267 415 302 784 497 63 549 806 263 681 115 384 605 591 443 733 697 477 433 486 386 579 478 604 458 656 553 498 638 423 287 838 264 616 374 52 227 432 354 560 212 762 618 501 466 644 462 351 331 558 514 249 214 572 214 368 788 498 547 401 478 231 656 215 793 128 537 303 0 464 632 537 434 348 516 654 690 189 306 556 450 545 267 847 317 799 791 508 367 232 460 270 561 418 527 130 361 782
426 595 301 459 230 422 450 454 496 381 249 281 365 307 146 202 280 323 439 704 300 318 741 142 942 163 592 385 105 840 217 535 479 936 575 630 198 455 502 169 817 439 361 446 161 493 743 382 16 808 145 334 244 710 678 520 573 449 371 408 90 698 408 593 288 454 481 539 782 760 464 0 584 633 36 769 363 768 535 279 353 326 496 536 404 933 258 427 399 157 453 447 29 547 633 283 687 470 524 343
779 820 727 217 687 458 149 680 94 587 669 492 640 306 603 469 821 525 283 363 832 869 544 708 931 553 241 300 671 573 521 234 358 375 887 85 715 582 834 724 885 148 429 379 599 1000 439 290 598 787 511 272 352 741 757 68 845 265 561 179 577 450 932 518 438 801 384 574 413 873 632 584 0 188 557 665 915 255 143 540 340 280 186 88 365 366 391 480 512 444 902 809 609 884 157 811 275 514 300 610
716 714 696 176 674 618 205 594 190 732 646 620 577 326 692 573 824 661 448 176 829 874 365 772 763 649 81 450 734 386 632 119 251 318 801 115 719 486 758 743 734 271 368 546 692 974 252 437 646 624 524 388 443 593 619 186 750 201 705 254 653 270 918 372 567 734 557 450 227 733 537 633 188 0 601 494 917 137 325 501 306 394 138 137 295 322 391 640 665 525 859 746 654 805 34 809 88 408 176 744
409 572 288 425 218 425 420 427 468 396 232 288 338 274 171 203 289 334 427 669 307 330 705 178 911 179 557 373 141 804 228 501 443 905 557 601 198 423 485 180 788 413 325 442 186 498 707 368 45 776 111 314 225 678 648 492 552 414 384 380 114 662 415 558 288 437 477 506 747 732 434 36 557 601 0 734 376 736 515 248 318 306 463 506 368 903 222 431 407 146 448 431 54 531 601 289 653 436 488 362
540 403 615 489 646 985 588 399 618 1049 607 920 462 565 895 839 791 972 850 337 781 835 138 900 269 878 425 826 869 209 896 435 353 698 525 607 718 330 529 772 272 671 418 938 905 833 274 812 772 138 624 731 727 167 225 631 463 450 1027 617 839 228 821 185 881 538 961 235 347 304 348 769 665 494 734 0 863 548 778 496 473 733 498 584 407 716 545 1004 1011 760 696 558 772 552 528 767 430 298 377 1038
336 527 251 744 247 773 769 465 822 698 280 627 407 611 454 560 94 659 802 933 90 47 893 325 938 499 855 748 337 1005 559 802 699 1234 435 945 200 543 382 196 790 779 563 806 471 161 946 744 347 842 404 689 601 740 687 847 474 716 696 736 426 887 81 732 645 349 841 639 1006 717 516 363 915 917 376 863 0 1053 889 427 611 682 786 851 633 1236 532 774 738 520 222 329 334 396 927 109 948 604 766 648
842 822 829 313 809 712 328 714 299 837 781 733 704 461 820 696 960 771 538 212 965 1010 410 905 814 774 203 550 867 392 753 252 375 185 917 172 855 603 879 879 808 379 499 634 819 1107 277 539 780 685 660 503 567 672 707 285 863 337 811 376 784 322 1053 463 680 858 639 554 216 818 654 768 255 137 736 548 1053 0 396 634 442 510 273 247 427 193 527 734 765 653 988 872 789 924 135 945 130 524 300 855
806 879 733 296 682 325 199 729 161 463 672 383 674 317 522 382 798 408 152 497 812 842 666 642 1039 467 365 185 607 706 425 344 444 495 930 227 696 643 869 693 978 130 478 243 514 993 572 179 551 891 498 201 291 834 842 149 894 342 437 192 508 575 918 616 332 831 244 655 553 956 690 535 143 325 515 778 889 396 0 562 384 209 280 199 428 482 402 347 383 381 911 836 563 920 297 793 413 586 402 491
244 350 195 338 181 606 392 195 447 619 148 495 116 245 418 405 337 547 540 506 338 387 488 405 663 415 433 493 374 596 450 383 271 819 373 549 241 175 308 286 543 434 137 593 430 473 523 482 280 528 142 400 341 430 402 473 347 301 602 376 360 467 419 330 474 269 626 263 579 491 189 279 540 501 248 496 427 634 562 0 203 396 379 461 208 823 161 619 608 323 364 274 279 360 516 318 523 201 340 593
438 494 396 136 369 517 196 346 250 577 343 448 299 94 449 371 518 500 402 351 523 568 409 496 702 421 247 367 458 498 430 192 132 623 550 346 413 261 494 440 616 254 93 479 455 674 392 354 362 554 225 269 254 478 474 275 512 105 555 192 398 351 614 288 409 461 506 289 429 584 306 353 340 306 318 473 611 442 384 203 0 269 178 259 66 626 95 535 539 295 566 469 369 545 317 503 343 213 171 569
633 738 544 263 487 253 190 583 212 342 482 225 512 176 324 189 592 268 144 529 608 635 649 436 971 272 390 100 400 718 243 343 380 653 769 347 493 517 702 485 883 134 352 210 319 793 592 88 341 822 303 9 82 746 740 228 742 290 316 142 302 572 715 551 173 660 239 557 601 848 556 326 280 394 306 733 682 510 209 396 269 0 279 264 331 645 240 273 285 172 720 662 354 754 380 589 473 480 374 350
609 636 574 42 545 521 96 501 120 620 521 501 468 189 559 446 692 547 364 250 698 741 391 634 759 518 112 352 596 446 506 68 173 449 709 171 586 399 658 608 703 178 255 459 560 851 316 338 508 612 388 274 315 559 573 136 663 83 595 138 518 305 791 338 451 629 477 389 322 688 450 496 186 138 463 498 786 273 280 379 178 279 0 97 186 450 255 543 561 392 742 639 517 708 141 678 200 329 122 627
697 732 652 130 617 481 86 595 54 597 596 488 557 240 576 449 757 528 311 300 766 806 468 668 848 529 166 313 630 508 506 150 270 401 802 95 651 495 750 665 798 135 344 409 574 928 374 300 550 702 448 257 322 654 669 51 758 178 570 132 543 376 863 431 435 718 421 486 361 785 545 536 88 137 506 584 851 247 199 461 259 264 97 0 279 397 321 503 529 410 825 728 560 800 117 746 223 426 214 611
425 456 403 149 387 582 232 316 282 643 356 514 284 158 509 435 541 566 461 307 543 591 346 546 639 483 225 429 510 438 494 176 75 611 523 356 439 218 473 473 558 301 73 541 515 680 339 415 412 491 267 331 320 418 418 305 479 103 620 240 456 294 627 223 474 444 567 231 384 530 267 404 365 295 368 407 633 427 428 208 66 331 186 279 0 616 150 600 604 359 564 455 417 522 312 524 315 158 133 634
1035 1014 1018 492 995 806 483 907 440 944 968 856 897 632 967 834 1142 886 634 392 1149 1192 578 1065 973 917 395 661 1027 534 887 441 567 25 1110 304 1036 796 1073 1057 983 512 689 723 963 1296 443 652 947 854 837 637 713 853 892 420 1056 522 918 527 937 498 1239 651 803 1051 718 745 370 999 847 933 366 322 903 716 1236 193 482 823 626 645 450 397 616 0 705 827 865 804 1180 1065 956 1118 309 1128 321 717 492 970
404 498 337 215 297 470 242 343 297 509 278 380 275 87 359 296 438 433 383 446 446 487 494 400 757 336 339 339 363 588 352 283 223 705 533 413 332 283 469 352 656 274 129 445 366 609 486 328 267 612 133 243 198 526 512 323 503 195 488 219 306 443 543 361 347 429 476 338 524 615 317 258 391 391 222 545 532 527 402 161 95 240 255 321 150 705 0 485 482 215 513 434 273 520 397 425 435 260 266 495
831 969 718 533 649 22 448 814 450 131 659 147 733 442 322 228 701 120 197 791 723 732 921 458 1237 275 652 191 438 988 215 610 652 841 977 563 625 767 905 592 1141 371 610 105 306 916 859 205 441 1089 491 275 287 1009 997 455 962 562 110 405 349 843 829 822 147 859 117 819 859 1100 799 427 480 640 431 1004 774 734 347 619 535 273 543 503 600 827 485 0 47 302 879 856 453 954 618 708 725 741 646 176
812 956 695 548 625 63 468 802 475 84 637 119 719 446 285 207 668 80 231 811 691 697 933 419 1237 242 672 216 401 1004 182 627 661 878 958 593 597 762 887 560 1137 395 609 146 268 884 877 228 412 1091 475 289 286 1007 993 483 946 574 63 423 317 858 796 827 135 840 163 818 881 1093 791 399 512 665 407 1011 738 765 383 608 539 285 561 529 604 865 482 47 0 286 852 835 423 935 645 677 749 740 660 129
530 670 420 362 353 291 325 517 364 299 359 173 433 217 167 83 434 225 282 627 453 474 704 264 967 128 499 228 228 791 137 444 427 810 675 501 343 483 604 324 859 296 343 298 168 643 678 224 173 824 190 181 93 735 715 385 661 367 280 279 133 644 561 575 155 558 334 549 704 811 508 157 444 525 146 760 520 653 381 323 295 172 392 410 359 804 215 302 286 0 588 555 186 653 518 434 591 472 451 280
160 321 177 701 235 873 753 306 809 830 239 734 286 600 583 651 216 776 858 833 190 224 752 480 733 614 786 805 477 863 670 740 615 1174 217 912 256 408 175 302 582 786 491 886 600 137 830 798 440 652 417 727 648 553 496 835 263 663 823 732 538 766 149 597 736 158 922 494 898 508 367 453 902 859 448 696 222 988 911 364 566 720 742 825 564 1180 513 879 852 588 0 138 429 178 876 195 869 483 689 787
31 198 147 600 218 846 663 170 718 827 199 717 171 519 589 629 287 764 805 706 266 315 615 513 609 609 670 755 499 727 659 628 497 1057 130 810 273 277 59 333 461 707 385 847 606 275 698 745 437 519 368 667 598 418 363 744 149 557 815 649 537 634 271 463 709 21 881 359 768 389 232 447 809 746 431 558 329 872 836 274 469 662 639 728 455 1065 434 856 835 555 138 0 429 100 766 260 749 355 573 790
410 584 283 479 211 449 473 446 521 402 233 306 356 328 160 229 252 347 468 719 273 289 749 130 938 185 610 413 97 850 241 553 491 959 558 654 174 453 485 141 810 465 369 474 177 466 756 410 13 806 153 362 272 707 673 545 559 466 394 433 109 709 380 598 315 437 509 541 797 752 460 29 609 654 54 772 334 789 563 279 369 354 517 560 417 956 273 453 423 186 429 429 0 529 655 256 706 474 539 362
123 154 246 670 318 945 741 211 795 927 299 816 247 603 689 728 371 864 897 745 348 391 630 610 558 709 726 848 598 738 759 689 554 1108 39 878 370 321 51 429 408 791 455 943 706 304 727 838 537 489 465 758 692 396 337 820 92 625 915 731 637 662 327 489 807 95 977 385 801 333 270 547 884 805 531 552 396 924 920 360 545 754 708 800 522 1118 520 954 935 653 178 100 529 0 828 346 798 400 629 890
736 741 711 183 685 596 194 617 171 714 659 605 596 327 685 563 833 645 424 209 839 883 399 770 797 640 110 429 732 418 621 139 275 308 825 81 727 510 780 749 767 252 385 522 684 989 285 417 646 657 529 373 433 624 650 163 775 214 687 243 649 304 931 402 552 755 532 478 257 764 561 633 157 34 601 528 927 135 297 516 317 380 141 117 312 309 397 618 645 518 876 766 655 828 0 819 118 433 201 728
259 456 152 636 137 704 664 372 718 646 172 561 306 507 398 485 26 598 716 824 20 70 789 286 861 435 746 662 287 901 494 693 590 1126 383 839 97 441 319 116 716 679 454 729 415 210 839 656 269 755 301 596 510 652 602 744 409 607 641 634 359 780 126 628 571 278 764 538 897 645 418 283 811 809 289 767 109 945 793 318 503 589 678 746 524 1128 425 708 677 434 195 260 256 346 819 0 838 499 657 601
719 693 715 231 702 703 283 588 275 813 671 698 584 383 758 646 855 741 534 96 858 905 295 828 699 718 96 534 790 302 706 153 255 311 789 197 752 477 753 783 683 354 386 632 760 991 171 521 698 564 567 467 515 545 579 273 734 240 787 331 716 202 941 333 646 734 644 425 139 690 527 687 275 88 653 430 948 130 413 523 343 473 200 223 315 321 435 725 749 591 869 749 706 798 118 838 0 397 182 823
327 308 354 298 367 724 389 190 437 769 329 640 202 304 599 554 521 693 615 351 516 569 291 603 497 585 328 580 570 402 609 297 160 708 393 492 435 79 356 484 403 459 132 690 609 613 348 567 473 352 325 481 455 267 261 458 342 250 748 398 542 286 579 131 607 339 719 78 415 372 130 470 514 408 436 298 604 524 586 201 213 480 329 426 158 717 260 741 740 472 483 355 474 400 433 499 397 0 232 752
543 540 533 115 520 626 212 418 242 711 488 586 405 235 613 519 674 635 478 180 676 724 276 666 637 580 98 459 629 346 579 67 75 485 625 264 572 309 582 605 585 295 204 569 617 809 227 445 533 490 394 371 391 440 458 257 574 87 686 245 564 198 759 217 539 559 590 280 259 574 361 524 300 176 488 377 766 300 402 340 171 374 122 214 133 492 266 646 660 451 689 573 539 629 201 657 182 232 0 711
769 932 644 607 572 190 540 783 558 53 592 126 696 481 204 199 588 85 340 875 613 611 975 324 1247 182 739 310 315 1056 144 689 698 982 918 686 532 760 845 486 1135 477 623 268 187 801 935 320 353 1104 452 356 320 1014 992 570 914 624 66 492 253 908 713 854 177 797 290 829 949 1084 782 343 610 744 362 1038 648 855 491 593 569 350 627 611 634 970 495 176 129 280 787 790 362 890 728 601 823 752 711 0
