# TTSP Euclidean complete-graph matrix instance
# seed: 2056
# depot: 1
# L_max is not stored in this file; pass it with --budget when running algorithms.
# coordinate rows: node x y
# coord 1 894.626647 505.770763
# coord 2 916.015513 585.674814
# coord 3 255.166134 502.087142
# coord 4 201.419861 726.996058
# coord 5 794.528045 387.117674
# coord 6 226.995864 745.133414
# coord 7 899.127595 804.771662
# coord 8 464.349313 923.097465
# coord 9 835.321859 49.736231
# coord 10 709.752737 318.407055
# coord 11 985.122623 260.861481
# coord 12 468.859757 174.230597
# coord 13 479.390179 239.839332
# coord 14 815.899916 237.019929
# coord 15 970.628881 675.410904
# coord 16 685.949909 467.399063
# coord 17 123.393231 755.704357
# coord 18 530.918117 42.982803
# coord 19 608.475281 661.438414
# coord 20 176.092905 216.668726
# coord 21 834.983334 692.864920
# coord 22 575.732646 298.540265
# coord 23 37.245140 995.305901
# coord 24 727.142230 826.553165
# coord 25 844.209845 6.297378
# coord 26 141.875834 394.627717
# coord 27 297.580378 333.903615
# coord 28 285.976999 450.445377
# coord 29 530.588234 692.567103
# coord 30 896.609582 839.744476
# coord 31 964.100648 282.668059
# coord 32 922.216428 418.081560
# coord 33 967.207031 184.277201
# coord 34 328.546328 835.547873
# coord 35 674.561625 265.372180
# coord 36 491.845611 319.824463
# coord 37 196.652461 292.199261
# coord 38 492.757503 898.870526
# coord 39 445.536234 416.695243
# coord 40 635.299648 232.252889
# coord 41 413.099559 604.641938
# coord 42 630.209011 135.743029
# coord 43 209.033162 295.531300
# coord 44 346.189796 767.779021
# coord 45 955.410087 0.620922
# coord 46 980.532122 714.365850
# coord 47 944.358669 547.499100
# coord 48 97.939270 808.590105
# coord 49 636.450175 466.316360
# coord 50 44.388200 473.004538
# coord 51 875.516187 359.210322
# coord 52 691.010717 607.326102
# coord 53 781.198266 458.174382
# coord 54 515.052825 15.824841
# coord 55 885.222927 485.833847
# coord 56 581.997514 909.282148
# coord 57 203.202562 639.951911
# coord 58 135.400025 298.301599
# coord 59 461.193301 182.928434
# coord 60 491.550353 820.923860
# coord 61 524.872294 345.919205
# coord 62 813.879820 685.573283
# coord 63 195.988472 279.113574
# coord 64 819.672932 969.925250
# coord 65 204.506229 674.418553
# coord 66 6.177077 291.778105
# coord 67 607.219202 454.032313
# coord 68 735.092508 433.780393
# coord 69 317.339930 801.145683
# coord 70 103.865281 102.199318
# coord 71 344.675377 46.888586
# coord 72 780.537046 664.563343
# coord 73 710.700044 167.635538
# coord 74 345.201688 202.482997
# coord 75 668.950585 571.517710
# coord 76 127.822985 499.277025
# coord 77 232.647363 285.770869
# coord 78 935.485354 776.477739
# coord 79 132.802036 281.619260
# coord 80 837.451230 499.752344
# coord 81 937.504688 719.455035
# coord 82 123.215922 547.723795
# coord 83 690.333396 157.645270
# coord 84 135.724738 384.733393
# coord 85 536.316307 899.150174
# coord 86 536.709334 269.490923
# coord 87 707.803640 357.773364
# coord 88 705.583904 134.099839
# coord 89 34.186539 251.060590
# coord 90 89.959839 791.618952
# coord 91 563.334319 630.316138
# coord 92 575.232865 173.250608
# coord 93 349.714886 534.843065
# coord 94 675.576109 937.978319
# coord 95 158.608497 937.287422
# coord 96 466.283741 42.006255
# coord 97 830.610461 260.587576
# coord 98 738.034931 628.104694
# coord 99 916.514949 754.888524
# coord 100 48.810889 462.778873
# reference_nearest_neighbor_tour_cost: 9622
TTSP_MATRIX
100
0 30 50 9 70 43 74 13 7 92 44 69 37 60 87 82 11 2 42 66 98 21 30 42 2 51 3 11 28 74 73 59 11 91 34 86 37 92 36 65 94 50 45 91 63 45 71 97 13 10 15 40 46 52 4 79 71 56 93 5 46 71 1 88 53 80 41 40 80 16 97 58 15 88 68 4 22 95 13 46 44 64 53 33 18 87 86 67 35 80 58 52 3 70 41 58 50 15 46 9
0 83 639 728 155 709 299 599 460 263 261 540 493 280 186 212 811 589 326 775 196 380 987 362 502 761 621 611 409 334 234 92 330 655 326 444 730 562 458 377 492 455 717 608 509 226 65 852 261 851 148 228 123 620 22 510 704 787 540 512 403 197 734 470 710 914 292 175 648 888 716 196 385 628 235 767 698 274 794 57 218 773 404 768 532 429 238 417 897 854 354 461 546 485 853 631 253 199 250 847
83 0 666 728 233 707 220 564 542 338 332 608 557 363 105 259 811 665 317 827 134 445 970 306 584 797 668 644 400 255 307 168 405 638 401 501 777 527 500 451 503 533 764 598 586 144 48 848 304 879 230 226 186 697 104 465 715 832 608 485 459 143 783 396 717 956 336 236 636 945 785 157 466 688 247 793 746 192 840 116 135 794 484 806 492 494 309 498 943 851 355 535 569 427 835 706 336 183 169 876
639 666 0 231 551 245 712 470 736 490 769 391 345 620 736 432 286 536 388 296 610 380 539 573 770 156 173 60 335 725 742 672 780 341 482 299 218 462 209 466 188 524 212 281 861 756 691 344 383 213 637 448 528 551 630 522 147 236 380 397 312 588 231 733 180 326 355 485 305 428 464 550 565 313 420 127 217 734 252 582 716 140 555 167 487 365 475 582 334 333 334 459 100 606 446 506 624 499 708 210
728 728 231 0 684 31 702 328 928 652 912 614 561 786 771 550 83 759 412 511 634 569 315 535 966 338 405 289 331 704 883 784 939 167 661 500 435 338 395 658 244 730 432 150 1047 779 764 132 507 299 768 504 639 777 725 422 87 434 603 305 500 614 448 664 53 477 489 609 138 632 695 582 756 544 493 239 442 736 451 675 736 196 750 349 377 567 627 778 504 129 375 668 243 519 215 734 783 546 716 305
155 233 551 684 0 671 431 630 340 109 229 389 348 152 338 135 766 433 331 641 308 236 971 445 384 653 500 512 404 464 199 131 266 647 171 310 605 594 350 222 439 300 593 588 419 376 219 814 177 755 86 243 72 465 134 564 643 665 391 529 273 299 608 583 656 794 199 76 632 747 564 278 235 486 223 676 571 414 670 121 362 690 252 659 573 283 92 268 772 812 336 306 469 564 841 476 132 248 387 750
709 707 245 31 671 0 675 297 924 644 900 620 565 778 747 536 104 765 391 531 610 567 314 507 963 361 417 301 308 676 870 768 929 136 656 501 454 307 395 656 233 731 450 121 1042 754 744 144 495 328 755 484 624 784 707 391 108 456 609 275 498 590 467 634 74 504 479 596 106 655 708 559 753 555 475 265 459 709 473 658 711 223 748 372 346 568 617 776 530 145 355 670 243 488 204 743 774 524 690 334
299 220 712 702 431 675 0 451 758 522 551 763 704 574 148 399 777 846 324 932 129 601 883 173 800 861 764 708 385 35 526 387 624 571 584 633 870 417 597 630 526 721 858 554 806 122 261 801 428 917 446 287 366 877 319 334 715 916 761 408 592 147 878 183 707 1030 456 406 582 1061 939 184 664 818 328 830 845 46 928 311 94 817 680 871 375 646 486 698 1027 809 378 710 612 260 752 877 548 239 53 917
599 564 470 328 630 297 451 0 949 653 842 749 683 771 564 507 380 883 299 763 436 634 433 280 992 619 612 505 240 440 812 682 894 162 691 604 685 37 507 712 323 805 678 195 1045 557 609 384 488 616 698 389 563 909 607 118 385 706 740 106 580 423 698 358 360 780 490 559 191 897 884 408 795 730 407 541 678 493 722 564 515 507 798 631 76 658 616 825 798 397 309 758 405 212 306 881 757 402 482 620
460 542 736 928 340 924 758 949 0 297 259 387 404 188 640 444 1003 304 652 680 643 360 1237 784 44 774 608 680 711 792 266 378 188 935 269 437 683 916 535 271 697 222 673 869 130 680 510 1058 462 897 312 576 412 322 439 896 865 743 397 844 429 636 679 920 888 864 464 397 913 733 491 617 172 513 548 838 647 734 740 450 677 869 181 776 901 371 333 155 826 1052 641 288 686 902 1116 369 211 586 710 888
263 338 490 652 109 644 522 653 297 0 281 281 243 134 442 151 731 328 358 543 395 135 954 508 340 573 412 444 415 554 257 235 290 642 64 218 514 620 282 114 412 199 501 578 402 480 328 784 165 683 171 290 157 360 243 605 600 575 283 548 187 382 515 661 618 704 170 118 622 643 455 353 151 383 256 609 478 511 578 222 461 630 162 578 606 180 39 184 679 780 345 198 420 621 829 368 134 311 483 677
261 332 769 912 229 900 551 842 259 281 0 523 506 171 415 364 994 504 550 810 457 411 1199 622 291 854 691 724 627 586 30 169 79 873 311 497 789 806 562 351 667 376 777 816 262 454 290 1043 405 964 147 454 284 530 246 764 869 851 530 747 468 458 789 728 883 979 424 304 859 895 675 453 290 643 443 890 753 518 853 281 461 908 312 858 780 448 294 307 951 1041 561 419 692 745 1068 563 155 443 499 958
540 608 391 614 389 620 763 749 387 281 523 0 66 353 709 365 676 145 507 296 635 164 928 702 411 394 234 331 522 791 507 515 498 676 225 147 297 725 244 176 434 166 287 606 517 744 605 735 337 519 447 487 422 165 520 744 536 356 12 647 181 617 292 870 566 477 312 372 645 372 178 581 242 127 445 471 261 762 353 492 719 509 222 394 728 117 301 240 441 724 466 106 380 791 824 132 372 528 733 510
493 557 345 561 348 565 704 683 404 243 506 66 0 337 657 307 627 203 441 304 576 113 875 637 433 371 205 286 456 731 487 477 491 615 197 81 288 659 180 156 371 183 276 544 533 690 558 685 276 494 414 424 373 227 475 677 486 349 60 581 115 557 286 805 514 476 249 321 584 400 235 521 242 139 382 437 251 704 349 442 663 471 226 373 662 65 257 250 445 675 399 117 322 725 768 198 352 467 676 485
280 363 620 786 152 778 574 771 188 134 171 353 337 0 465 265 865 345 472 640 456 248 1087 596 232 692 527 571 538 608 155 210 160 772 144 334 622 737 412 181 545 212 610 709 274 505 336 918 291 807 136 391 224 373 258 712 733 683 359 668 311 449 621 733 752 812 301 213 753 725 508 429 126 472 365 736 585 553 685 264 498 759 149 696 719 281 162 151 782 914 467 249 553 715 960 400 28 399 528 800
186 105 736 771 338 747 148 564 640 442 415 709 657 465 0 353 851 770 362 917 137 546 987 287 681 875 755 721 440 180 393 262 491 662 506 596 864 528 585 556 562 638 851 631 675 40 131 883 394 948 330 288 288 802 208 454 768 916 709 501 554 157 870 331 766 1038 426 337 665 1039 887 190 570 784 319 861 835 107 926 220 55 857 589 884 489 594 412 603 1028 888 410 639 637 395 853 810 438 237 96 946
212 259 432 550 135 536 399 507 444 151 364 365 307 265 353 0 632 452 209 568 270 202 836 362 488 549 411 400 274 428 334 241 399 513 202 244 520 473 246 241 305 336 507 454 539 384 271 680 50 642 218 140 96 483 200 454 513 576 363 403 202 253 525 520 524 702 80 60 497 687 542 219 301 432 105 559 488 397 584 155 356 568 310 556 457 248 112 334 687 678 204 314 343 471 706 479 252 169 369 637
811 811 286 83 766 104 777 380 1003 731 994 676 627 865 851 632 0 821 494 542 714 643 255 608 1040 362 456 346 412 778 965 867 1019 220 738 571 469 396 468 732 327 801 468 223 1124 858 847 59 589 294 850 587 722 837 808 484 141 458 665 374 574 694 482 728 115 479 570 691 199 654 743 663 831 596 576 256 482 812 474 759 815 208 824 371 437 638 707 852 512 49 457 737 316 581 185 792 863 628 793 302
589 665 536 759 433 765 846 883 304 328 504 145 203 345 770 452 821 0 623 395 717 259 1073 808 315 524 373 475 650 877 495 542 459 818 265 280 417 857 383 216 574 136 409 748 427 808 652 880 436 649 468 587 485 31 567 868 681 471 156 779 303 702 410 971 711 581 418 441 788 431 186 670 219 245 546 609 385 838 464 550 789 649 196 522 856 227 361 197 539 869 588 138 524 907 969 65 370 621 810 639
326 317 388 412 331 391 324 299 652 358 550 507 441 472 362 209 494 623 0 620 229 364 662 203 696 537 452 385 84 339 520 397 597 330 402 361 553 264 294 430 203 526 542 283 746 376 355 531 197 595 403 99 267 652 328 249 406 596 501 198 326 207 562 374 404 707 207 260 323 753 669 172 504 529 108 507 531 347 609 280 334 498 510 548 248 398 319 536 706 535 55 489 288 285 528 636 458 134 322 594
775 827 296 511 641 531 932 763 680 543 810 296 304 640 917 568 542 395 620 0 813 408 791 822 700 181 169 258 593 953 791 773 792 637 501 332 78 752 336 459 455 461 85 577 809 946 836 597 524 288 714 646 652 394 758 803 424 91 287 682 372 792 66 991 459 186 492 600 601 135 239 752 537 170 607 287 89 943 78 719 912 335 518 173 772 364 550 536 146 581 567 401 362 877 721 339 656 696 915 277
196 134 610 634 308 610 129 436 643 395 457 635 576 456 137 270 714 717 229 813 0 472 853 172 687 755 646 600 304 159 430 288 525 526 457 507 754 399 477 502 431 594 741 495 703 147 182 746 301 821 336 167 241 749 213 333 634 803 632 367 465 22 761 277 631 921 330 278 529 940 811 61 540 693 206 733 727 131 814 193 106 726 554 764 363 518 358 574 915 752 279 581 510 292 719 748 432 117 102 819
380 445 380 569 236 567 601 634 360 135 411 164 113 248 546 202 643 259 364 408 472 0 881 549 397 444 280 327 397 629 389 367 408 591 104 87 379 606 176 89 347 172 367 522 483 580 445 699 178 559 306 330 260 289 362 611 505 440 163 529 70 454 380 714 528 570 159 209 565 511 342 419 188 250 288 491 343 598 443 330 555 517 182 448 602 49 145 210 544 692 332 125 327 647 763 279 258 367 570 552
987 970 539 315 971 314 883 433 1237 954 1199 928 875 1087 987 836 255 1073 662 791 853 881 0 710 1276 610 711 599 579 873 1169 1057 1234 332 969 814 721 466 708 969 542 1044 721 384 1354 984 1012 196 799 522 1052 760 918 1090 989 552 392 704 916 487 812 836 734 783 362 704 786 896 341 896 997 814 1067 851 761 504 736 925 720 941 942 456 1062 618 508 881 925 1090 744 210 640 982 556 641 135 1045 1081 791 912 533
362 306 573 535 445 507 173 280 784 508 622 702 637 596 287 362 608 808 203 822 172 549 710 0 829 727 654 580 238 170 593 453 686 399 564 559 753 245 497 601 385 698 742 385 857 277 354 629 371 769 490 222 372 838 376 167 556 793 696 236 521 166 763 171 544 898 391 393 411 956 868 171 659 732 262 683 733 214 806 345 236 665 670 738 204 589 469 693 901 638 256 671 477 123 579 827 575 199 202 770
502 584 770 966 384 963 800 992 44 340 291 411 433 232 681 488 1040 315 696 700 687 397 1276 829 0 803 637 713 755 835 301 419 216 977 310 472 708 959 572 308 737 250 698 910 111 721 550 1096 505 926 354 620 456 329 481 940 901 767 422 888 466 680 703 964 925 885 507 441 954 747 501 661 209 536 592 870 672 776 763 494 719 902 216 803 944 405 377 189 846 1089 684 317 724 947 1156 380 255 631 752 917
761 797 156 338 653 361 861 619 774 573 854 394 371 692 875 549 362 524 537 181 755 444 610 727 803 0 167 155 490 876 830 781 852 479 548 358 116 614 304 519 343 553 120 425 904 898 817 416 500 125 734 589 642 532 749 677 253 97 383 551 386 732 128 889 287 170 469 595 443 295 403 693 612 280 556 106 142 881 113 703 859 154 597 12 640 414 567 621 179 400 483 487 251 762 543 479 702 640 854 115
621 668 173 405 500 417 764 612 608 412 691 234 205 527 755 411 456 373 452 169 646 280 711 654 637 167 0 117 428 784 668 630 686 503 383 195 109 598 170 353 294 387 97 437 737 782 681 515 364 289 578 479 499 385 607 642 320 166 223 524 228 625 115 823 353 294 332 449 468 302 291 585 445 140 441 237 81 776 173 565 747 276 430 170 614 248 411 454 276 503 398 321 208 713 619 337 538 530 749 280
611 644 60 289 512 301 708 505 680 444 724 331 286 571 721 400 346 475 385 258 600 327 599 580 713 155 117 0 344 724 699 637 731 387 430 244 182 494 163 412 200 466 173 323 807 743 665 405 351 243 597 434 495 491 600 546 207 214 320 424 261 578 194 745 238 322 321 449 352 393 408 539 510 255 402 166 173 727 228 554 705 190 499 164 514 309 432 525 321 393 331 401 106 624 503 446 577 486 700 237
409 400 335 331 404 308 385 240 711 415 627 522 456 538 440 274 412 650 84 593 304 397 579 238 755 490 428 344 0 395 597 478 670 248 451 375 521 210 289 472 147 566 511 199 812 450 438 448 250 533 480 182 343 677 410 223 332 558 514 134 347 283 532 401 327 660 251 330 239 728 672 252 555 524 184 447 504 414 572 362 408 432 558 501 207 423 379 585 664 452 70 521 240 285 445 654 526 217 391 534
334 255 725 704 464 676 35 440 792 554 586 791 731 608 180 428 778 877 339 953 159 629 873 170 835 876 784 724 395 0 561 422 659 568 616 659 889 408 618 661 538 753 877 555 841 151 296 799 455 928 481 310 399 908 354 322 722 934 788 405 618 175 897 151 712 1046 482 437 581 1083 966 210 697 843 352 841 865 74 946 345 127 827 713 887 365 674 518 731 1044 808 394 740 626 242 744 906 583 264 87 928
234 307 742 883 199 870 526 812 266 257 30 507 487 155 393 334 965 495 520 791 430 389 1169 593 301 830 668 699 597 561 0 142 98 842 290 474 768 776 536 333 638 365 755 786 282 432 266 1013 376 939 117 424 253 522 218 734 841 829 513 716 444 430 768 702 855 958 396 274 829 879 663 424 278 624 413 864 731 495 831 251 438 882 301 835 750 428 267 298 930 1012 531 404 664 716 1038 553 135 413 475 933
92 168 672 784 131 768 387 682 378 235 169 515 477 210 262 241 867 542 397 773 288 367 1057 453 419 781 630 637 478 422 142 0 238 726 291 441 736 645 477 342 542 406 724 674 419 302 131 912 290 880 75 299 147 572 77 598 752 796 518 590 404 289 739 561 762 925 317 188 716 877 687 284 328 616 296 799 702 359 801 118 302 809 349 787 617 413 223 357 904 912 417 425 584 575 923 591 182 279 337 875
330 405 780 939 266 929 624 894 188 290 79 498 491 160 491 399 1019 459 597 792 525 408 1234 686 216 852 686 731 670 659 98 238 0 912 304 494 778 858 571 335 696 340 766 852 184 530 364 1070 435 967 198 505 331 483 313 821 890 840 506 795 471 524 777 799 907 967 450 341 896 867 638 515 257 622 489 897 742 593 840 341 536 919 278 855 835 439 312 266 935 1067 602 392 710 808 1105 521 156 500 573 960
655 638 341 167 647 136 571 162 935 642 873 676 615 772 662 513 220 818 330 637 526 591 332 399 977 479 503 387 248 568 842 726 912 0 667 541 559 176 435 677 246 762 553 70 1044 663 680 232 481 461 725 428 589 841 657 264 232 571 666 164 528 508 572 509 203 632 472 572 36 767 789 483 770 633 431 392 558 610 587 610 620 354 768 490 217 603 610 796 654 243 312 707 301 362 198 805 763 459 593 466
326 401 482 661 171 656 584 691 269 64 311 225 197 144 506 202 738 265 402 501 457 104 969 564 310 548 383 430 451 616 290 291 304 667 0 191 479 659 275 51 428 137 467 600 386 543 390 792 205 663 222 342 220 296 305 651 602 540 229 585 170 443 479 719 623 669 200 179 644 594 396 413 104 335 306 595 442 574 542 285 525 619 109 552 649 138 98 135 641 787 382 135 422 673 847 305 156 368 546 656
444 501 299 500 310 501 633 604 437 218 497 147 81 334 596 244 571 280 361 332 507 87 814 559 472 358 195 244 375 659 474 441 494 541 191 0 296 579 107 168 296 230 284 471 563 628 507 628 206 473 386 350 321 305 427 596 431 357 140 501 42 487 299 728 456 486 177 269 512 445 310 450 267 188 308 406 261 637 361 390 599 433 256 362 581 67 219 283 463 620 319 169 258 645 702 279 344 395 608 466
730 777 218 435 605 454 870 685 683 514 789 297 288 622 864 520 469 417 553 78 754 379 721 753 708 116 109 182 521 889 768 736 778 559 479 296 0 675 278 443 380 461 13 499 813 890 790 526 473 236 682 586 608 422 715 728 348 62 286 605 333 732 13 921 382 190 441 557 523 211 287 693 529 174 549 218 37 883 65 674 855 266 512 111 696 341 515 533 168 511 499 397 287 804 646 368 635 637 856 226
562 527 462 338 594 307 417 37 916 620 806 725 659 737 528 473 396 857 264 752 399 606 466 245 959 614 598 494 210 408 776 645 858 176 659 579 675 0 484 682 305 775 667 197 1010 522 572 405 456 618 662 353 527 883 570 90 388 699 717 78 554 386 687 335 365 778 459 524 201 887 865 371 763 712 372 541 666 459 715 527 480 510 767 626 44 631 582 794 794 417 278 730 391 187 336 857 722 365 448 622
458 500 209 395 350 395 597 507 535 282 562 244 180 412 585 246 468 383 294 336 477 176 708 497 572 304 170 163 289 618 536 477 571 435 275 107 278 484 0 265 191 336 266 365 658 612 516 524 197 405 434 311 338 407 445 511 329 332 234 407 106 456 285 668 353 457 166 290 405 464 383 417 364 237 272 328 250 608 341 401 578 348 356 311 491 173 269 384 443 517 244 276 152 570 594 375 416 361 580 399
377 451 466 658 222 656 630 712 271 114 351 176 156 181 556 241 732 216 430 459 502 89 969 601 308 519 353 412 472 661 333 342 335 677 51 168 443 682 265 0 434 97 431 609 395 593 441 788 234 638 272 379 269 248 356 679 594 504 181 606 158 487 442 760 617 632 224 225 652 547 345 456 99 292 341 573 406 622 505 335 573 601 93 522 674 105 145 121 601 781 405 84 416 707 851 254 197 409 593 630
492 503 188 244 439 233 526 323 697 412 667 434 371 545 562 305 327 574 203 455 431 347 542 385 737 343 294 200 147 538 638 542 696 246 428 296 380 305 191 434 0 517 370 176 812 578 534 375 263 392 524 278 396 598 487 348 213 413 424 230 282 409 391 547 220 513 246 365 219 590 562 372 529 408 258 304 366 550 428 437 537 295 526 354 319 357 384 554 518 373 152 461 94 424 419 565 541 326 525 391
455 533 524 730 300 731 721 805 222 199 376 166 183 212 638 336 801 136 526 461 594 172 1044 698 250 553 387 466 566 753 365 406 340 762 137 230 461 775 336 97 517 0 450 693 352 676 518 858 331 676 332 475 356 166 433 775 661 521 175 699 235 580 457 855 687 643 319 316 735 527 299 550 87 293 437 620 425 710 518 419 660 653 64 554 769 163 235 75 607 850 499 67 488 804 930 189 236 504 682 667
717 764 212 432 593 450 858 678 673 501 777 287 276 610 851 507 468 409 542 85 741 367 721 742 698 120 97 173 511 877 755 724 766 553 467 284 13 667 266 431 370 450 0 492 803 878 777 525 460 242 670 574 595 415 702 718 344 74 276 597 320 720 21 910 379 203 429 544 517 220 283 680 518 165 536 219 26 871 77 661 843 266 501 115 687 329 503 522 180 510 487 386 278 794 644 361 623 625 844 232
608 598 281 150 588 121 554 195 869 578 816 606 544 709 631 454 223 748 283 577 495 522 384 385 910 425 437 323 199 555 786 674 852 70 600 471 499 197 365 609 176 693 492 0 980 637 637 252 418 422 669 380 534 771 608 275 192 515 596 155 458 475 511 515 170 585 408 513 44 708 721 446 702 565 378 346 495 589 531 560 593 313 700 437 231 533 547 729 604 257 257 637 233 371 253 736 701 416 570 426
509 586 861 1047 419 1042 806 1045 130 402 262 517 533 274 675 539 1124 427 746 809 703 483 1354 857 111 904 737 807 812 841 282 419 184 1044 386 563 813 1010 658 395 812 352 803 980 0 714 547 1178 564 1026 367 662 490 441 490 982 987 872 527 942 552 699 809 979 1009 993 572 486 1024 858 612 687 296 643 639 966 777 776 869 513 719 996 308 905 991 498 435 283 955 1172 742 418 808 978 1230 491 288 664 755 1018
226 144 756 779 376 754 122 557 680 480 454 744 690 505 40 384 858 808 376 946 147 580 984 277 721 898 782 743 450 151 432 302 530 663 543 628 890 522 612 593 578 676 878 637 714 0 171 888 424 967 370 309 325 839 248 444 781 942 743 500 586 169 897 302 777 1062 455 373 669 1069 922 206 610 816 343 879 862 77 952 258 43 873 628 907 481 628 449 642 1054 894 426 676 656 378 852 846 478 257 76 965
65 48 691 764 219 744 261 609 510 328 290 605 558 336 131 271 847 652 355 836 182 445 1012 354 550 817 681 665 438 296 266 131 364 680 390 507 790 572 516 441 534 518 777 637 547 171 0 886 318 903 200 260 186 683 85 512 747 846 605 529 465 190 795 440 751 972 350 238 676 951 781 201 446 691 276 818 758 229 854 117 172 821 465 825 539 493 303 477 957 889 390 526 595 474 877 696 309 222 209 900
852 848 344 132 814 144 801 384 1058 784 1043 735 685 918 883 680 59 880 531 597 746 699 196 629 1096 416 515 405 448 799 1013 912 1070 232 792 628 526 405 524 788 375 858 525 252 1178 888 886 0 638 340 898 626 768 896 851 494 199 512 723 394 630 726 538 740 171 525 621 739 220 706 801 698 887 655 618 311 540 838 528 801 844 262 880 426 448 695 758 908 561 19 498 795 372 592 142 850 915 665 820 349
261 304 383 507 177 495 428 488 462 165 405 337 276 291 394 50 589 436 197 524 301 178 799 371 505 500 364 351 250 455 376 290 435 481 205 206 473 456 197 234 263 331 460 418 564 424 318 638 0 592 262 151 145 467 250 446 467 528 333 383 164 282 479 536 479 654 32 104 463 645 511 245 308 393 110 510 442 431 536 204 393 520 313 507 444 221 130 339 640 636 180 299 295 473 671 457 283 191 402 588
851 879 213 299 755 328 917 616 897 683 964 519 494 807 948 642 294 649 595 288 821 559 522 769 926 125 289 243 533 928 939 880 967 461 663 473 236 618 405 638 392 676 242 422 1026 967 903 340 592 0 839 660 737 656 841 692 230 197 508 567 497 798 246 921 257 185 563 692 427 376 521 761 733 405 632 87 266 941 211 794 926 109 719 127 651 533 673 743 222 322 542 610 312 784 478 603 814 711 917 11
148 230 637 768 86 755 446 698 312 171 147 447 414 136 330 218 850 468 403 714 336 306 1052 490 354 734 578 597 480 481 117 75 198 725 222 386 682 662 434 272 524 332 670 669 367 370 200 898 262 839 0 309 137 498 127 623 729 743 450 601 351 332 684 613 741 872 285 159 712 813 616 320 253 553 296 761 647 422 747 146 366 776 274 740 638 350 168 282 848 897 413 353 554 612 921 518 108 302 398 833
228 226 448 504 243 484 287 389 576 290 454 487 424 391 288 140 587 587 99 646 167 330 760 222 620 589 479 434 182 310 424 299 505 428 342 350 586 353 311 379 278 475 574 380 662 309 260 626 151 660 309 0 174 617 229 321 489 636 483 292 310 146 594 385 491 754 175 179 421 775 659 106 440 532 42 573 560 297 646 182 271 571 450 598 330 371 250 473 747 629 130 449 349 331 626 608 374 51 269 658
123 186 528 639 72 624 366 563 412 157 284 422 373 224 288 96 722 485 267 652 241 260 918 372 456 642 499 495 343 399 253 147 331 589 220 321 608 527 338 269 396 356 595 534 490 325 186 768 145 737 137 174 0 516 108 493 606 665 422 464 280 230 612 513 616 793 174 52 577 765 600 206 299 505 160 655 575 354 672 70 304 664 314 650 504 309 124 333 775 767 278 352 438 491 786 522 204 175 326 732
620 697 551 777 465 784 877 909 322 360 530 165 227 373 802 483 837 31 652 394 749 289 1090 838 329 532 385 491 677 908 522 572 483 841 296 305 422 883 407 248 598 166 415 771 441 839 683 896 467 656 498 617 516 0 598 896 698 473 176 805 330 733 414 1002 728 579 448 472 810 420 173 701 248 252 577 619 391 869 466 581 821 661 225 529 884 255 393 224 535 885 616 169 545 936 988 55 399 652 841 646
22 104 630 725 134 707 319 607 439 243 246 520 475 258 208 200 808 567 328 758 213 362 989 376 481 749 607 600 410 354 218 77 313 657 305 427 715 570 445 356 487 433 702 608 490 248 85 851 250 841 127 229 108 598 0 521 699 773 521 517 387 212 720 489 706 900 280 159 650 870 696 207 363 610 233 758 683 295 780 50 239 765 382 756 541 410 219 395 883 852 353 440 538 498 855 610 232 205 271 837
510 465 522 422 564 391 334 118 896 605 764 744 677 712 454 454 484 868 249 803 333 611 552 167 940 677 642 546 223 322 734 598 821 264 651 596 728 90 511 679 348 775 718 275 982 444 512 494 446 692 623 321 493 896 521 0 465 757 736 126 566 322 739 245 445 844 456 500 286 938 894 315 753 745 349 612 715 378 772 483 403 584 759 689 47 641 566 785 856 506 280 736 441 98 424 875 695 322 368 695
704 715 147 87 643 108 715 385 865 600 869 536 486 733 768 513 141 681 406 424 634 505 392 556 901 253 320 207 332 722 841 752 890 232 602 431 348 388 329 594 213 661 344 192 987 781 747 199 467 230 729 489 606 698 699 465 0 348 525 340 436 612 361 699 34 400 445 570 198 547 610 578 693 460 471 160 355 745 365 650 739 122 686 264 422 498 578 713 424 189 360 597 180 559 301 653 733 535 723 235
787 832 236 434 665 456 916 706 743 575 851 356 349 683 916 576 458 471 596 91 803 440 704 793 767 97 166 214 558 934 829 796 840 571 540 357 62 699 332 504 413 521 74 515 872 942 846 512 528 197 743 636 665 473 773 757 348 0 346 632 392 781 64 959 382 129 497 615 535 199 327 742 590 231 599 201 98 932 17 730 906 250 572 86 722 402 575 593 112 495 542 457 319 837 639 419 696 687 905 186
540 608 380 603 391 609 761 740 397 283 530 12 60 359 709 363 665 156 501 287 632 163 916 696 422 383 223 320 514 788 513 518 506 666 229 140 286 717 234 181 424 175 276 596 527 743 605 723 333 508 450 483 422 176 521 736 525 346 0 639 175 614 282 865 554 468 308 371 635 366 179 578 250 118 441 460 251 760 343 492 717 497 231 383 720 115 302 249 432 713 459 114 369 785 813 141 377 524 731 498
512 485 397 305 529 275 408 106 844 548 747 647 581 668 501 403 374 779 198 682 367 529 487 236 888 551 524 424 134 405 716 590 795 164 585 501 605 78 407 606 230 699 597 155 942 500 529 394 383 567 601 292 464 805 517 126 340 632 639 0 476 350 617 360 322 718 385 457 175 817 788 329 689 636 306 486 594 446 648 472 457 459 692 563 90 553 511 719 731 403 204 653 319 218 353 779 655 313 430 569
403 459 312 500 273 498 592 580 429 187 468 181 115 311 554 202 574 303 326 372 465 70 812 521 466 386 228 261 347 618 444 404 471 528 170 42 333 554 106 158 282 235 320 458 552 586 465 630 164 497 351 310 280 330 387 566 436 392 175 476 0 446 336 690 459 522 136 228 500 486 349 409 258 230 268 426 298 595 397 348 557 450 251 391 553 77 183 278 500 623 287 180 258 611 696 310 317 354 566 490
197 143 588 614 299 590 147 423 636 382 458 617 557 449 157 253 694 702 207 792 22 454 836 166 680 732 625 578 283 175 430 289 524 508 443 487 732 386 456 487 409 580 720 475 699 169 190 726 282 798 332 146 230 733 212 322 612 781 614 350 446 0 740 284 609 899 310 264 510 919 793 39 528 673 184 711 705 152 792 187 128 704 542 742 350 500 345 562 893 732 257 565 488 288 702 731 425 95 124 797
734 783 231 448 608 467 878 698 679 515 789 292 286 621 870 525 482 410 562 66 761 380 734 763 703 128 115 194 532 897 768 739 777 572 479 299 13 687 285 442 391 457 21 511 809 897 795 538 479 246 684 594 612 414 720 739 361 64 282 617 336 740 0 931 395 190 447 561 536 199 276 700 527 168 556 230 37 891 63 678 862 278 509 122 707 341 518 530 164 523 508 394 298 815 659 360 635 645 863 235
470 396 733 664 583 634 183 358 920 661 728 870 805 733 331 520 728 971 374 991 277 714 783 171 964 889 823 745 401 151 702 561 799 509 719 728 921 335 668 760 547 855 910 515 979 302 440 740 536 921 613 385 513 1002 489 245 699 959 865 360 690 284 931 0 682 1059 558 543 530 1125 1038 308 810 902 426 837 901 225 972 471 277 814 823 900 292 755 622 844 1065 751 425 833 640 148 662 993 709 351 236 923
710 717 180 53 656 74 707 360 888 618 883 566 514 752 766 524 115 711 404 459 631 528 362 544 925 287 353 238 327 712 855 762 907 203 623 456 382 365 353 617 220 687 379 170 1009 777 751 171 479 257 741 491 616 728 706 445 34 382 554 322 459 609 395 682 0 431 459 583 170 581 643 576 716 492 476 191 390 738 399 657 734 151 709 298 401 524 595 737 456 164 362 623 201 540 267 684 751 536 717 263
914 956 326 477 794 504 1030 780 864 704 979 477 476 812 1038 702 479 581 707 186 921 570 704 898 885 170 294 322 660 1046 958 925 967 632 669 486 190 778 457 632 513 643 203 585 993 1062 972 525 654 185 872 754 793 579 900 844 400 129 468 718 522 899 190 1059 431 0 623 743 597 213 418 859 715 351 719 241 227 1048 127 857 1025 281 697 159 806 531 705 717 49 507 652 581 421 930 663 524 825 805 1021 176
292 336 355 489 199 479 456 490 464 170 424 312 249 301 426 80 570 418 207 492 330 159 786 391 507 469 332 321 251 482 396 317 450 472 200 177 441 459 166 224 246 319 429 408 572 455 350 621 32 563 285 175 174 448 280 456 445 497 308 385 136 310 447 558 459 623 0 129 452 614 484 273 305 363 133 482 411 460 505 235 424 493 308 477 451 198 139 335 608 618 182 283 270 489 659 435 296 218 431 558
175 236 485 609 76 596 406 559 397 118 304 372 321 213 337 60 691 441 260 600 278 209 896 393 441 595 449 449 330 437 274 188 341 572 179 269 557 524 290 225 365 316 544 513 486 373 238 739 104 692 159 179 52 472 159 500 570 615 371 457 228 264 561 543 583 743 129 0 556 713 550 235 267 453 153 611 524 397 621 122 350 622 280 601 506 258 81 301 724 738 261 306 398 508 765 475 198 194 369 687
648 636 305 138 632 106 582 191 913 622 859 645 584 753 665 497 199 788 323 601 529 565 341 411 954 443 468 352 239 581 829 716 896 36 644 512 523 201 405 652 219 735 517 44 1024 669 676 220 463 427 712 421 577 810 650 286 198 535 635 175 500 510 536 530 170 597 452 556 0 731 755 483 746 599 420 356 522 619 551 601 626 319 744 454 240 575 591 772 619 228 299 679 268 383 209 774 745 455 601 432
888 945 428 632 747 655 1061 897 733 643 895 372 400 725 1039 687 654 431 753 135 940 511 896 956 747 295 302 393 728 1083 879 877 867 767 594 445 211 887 464 547 590 527 220 708 858 1069 951 706 645 376 813 775 765 420 870 938 547 199 366 817 486 919 199 1125 581 213 614 713 731 0 247 880 610 261 735 398 224 1071 182 834 1037 446 589 284 907 464 656 603 164 690 700 477 498 1013 837 367 744 824 1042 365
716 785 464 695 564 708 939 884 491 455 675 178 235 508 887 542 743 186 669 239 811 342 997 868 501 403 291 408 672 966 663 687 638 789 396 310 287 865 383 345 562 299 283 721 612 922 781 801 511 521 616 659 600 173 696 894 610 327 179 788 349 793 276 1038 643 418 484 550 755 247 0 756 385 156 617 502 264 939 316 669 897 548 363 397 874 294 478 371 372 787 623 263 488 951 910 122 531 702 910 510
196 157 550 582 278 559 184 408 617 353 453 581 521 429 190 219 663 670 172 752 61 419 814 171 661 693 585 539 252 210 424 284 515 483 413 450 693 371 417 456 372 550 680 446 687 206 201 698 245 761 320 106 206 701 207 315 578 742 578 329 409 39 700 308 576 859 273 235 483 880 756 0 502 635 145 673 666 191 752 174 166 668 515 703 339 464 315 536 853 702 220 532 450 293 679 697 407 56 163 759
385 466 565 756 235 753 664 795 172 151 290 242 242 126 570 301 831 219 504 537 540 188 1067 659 209 612 445 510 555 697 278 328 257 770 104 267 529 763 364 99 529 87 518 702 296 610 446 887 308 733 253 440 299 248 363 753 693 590 250 689 258 528 527 810 716 715 305 267 746 610 385 502 0 367 406 671 492 649 589 355 597 700 23 615 752 202 190 34 682 880 486 136 515 771 947 275 152 461 622 725
628 688 313 544 486 555 818 730 513 383 643 127 139 472 784 432 596 245 529 170 693 250 851 732 536 280 140 255 524 843 624 616 622 633 335 188 174 712 237 292 408 293 165 565 643 816 691 655 393 405 553 532 505 252 610 745 460 231 118 636 230 673 168 902 492 351 363 453 599 261 156 635 367 0 491 368 140 823 227 575 786 410 348 278 722 203 394 367 315 642 480 232 332 806 758 201 489 579 795 394
235 247 420 493 223 475 328 407 548 256 443 445 382 365 319 105 576 546 108 607 206 288 761 262 592 556 441 402 184 352 413 296 489 431 306 308 549 372 272 341 258 437 536 378 639 343 276 618 110 632 296 42 160 577 233 349 471 599 441 306 268 184 556 426 476 719 133 153 420 735 617 145 406 491 0 546 522 336 610 183 307 546 414 565 353 330 217 439 711 619 121 409 321 367 628 567 350 89 308 630
767 793 127 239 676 265 830 541 838 609 890 471 437 736 861 559 256 609 507 287 733 491 504 683 870 106 237 166 447 841 864 799 897 392 595 406 218 541 328 573 304 620 219 346 966 879 818 311 510 87 761 573 655 619 758 612 160 201 460 486 426 711 230 837 191 241 482 611 356 398 502 673 671 368 546 0 238 854 218 710 839 49 658 115 572 469 597 683 265 295 455 554 225 702 439 569 742 624 829 87
698 746 217 442 571 459 845 678 647 478 753 261 251 585 835 488 482 385 531 89 727 343 736 733 672 142 81 173 504 865 731 702 742 558 442 261 37 666 250 406 366 425 26 495 777 862 758 540 442 266 647 560 575 391 683 715 355 98 251 594 298 705 37 901 390 227 411 524 522 224 264 666 492 140 522 238 0 857 100 642 828 284 475 139 684 304 481 497 201 526 478 361 275 788 656 338 598 610 829 255
274 192 734 736 414 709 46 493 734 511 518 762 704 553 107 397 812 838 347 943 131 598 925 214 776 881 776 727 414 74 495 359 593 610 574 637 883 459 608 622 550 710 871 589 776 77 229 838 431 941 422 297 354 869 295 378 745 932 760 446 595 152 891 225 738 1048 460 397 619 1071 939 191 649 823 336 854 857 0 943 294 57 844 666 891 418 645 477 682 1043 846 400 703 634 306 793 872 526 247 29 941
794 840 252 451 670 473 928 722 740 578 853 353 349 685 926 584 474 464 609 78 814 443 720 806 763 113 173 228 572 946 831 801 840 587 542 361 65 715 341 505 428 518 77 531 869 952 854 528 536 211 747 646 672 466 780 772 365 17 343 648 397 792 63 972 399 127 505 621 551 182 316 752 589 227 610 218 100 943 0 738 916 266 571 103 738 404 580 591 103 512 554 456 333 852 656 411 698 697 916 200
57 116 582 675 121 658 311 564 450 222 281 492 442 264 220 155 759 550 280 719 193 330 941 345 494 703 565 554 362 345 251 118 341 610 285 390 674 527 401 335 437 419 661 560 513 258 117 801 204 794 146 182 70 581 50 483 650 730 492 472 348 187 678 471 657 857 235 122 601 834 669 174 355 575 183 710 642 294 738 0 241 716 372 711 500 379 192 389 841 802 304 419 489 467 808 589 239 162 267 790
218 135 716 736 362 711 94 515 677 461 461 719 663 498 55 356 815 789 334 912 106 555 942 236 719 859 747 705 408 127 438 302 536 620 525 599 855 480 578 573 537 660 843 593 719 43 172 844 393 926 366 271 304 821 239 403 739 906 717 457 557 128 862 277 734 1025 424 350 626 1037 897 166 597 786 307 839 828 57 916 241 0 832 614 869 440 603 428 630 1018 851 385 655 616 341 809 825 471 219 41 925
773 794 140 196 690 223 817 507 869 630 908 509 471 759 857 568 208 649 498 335 726 517 456 665 902 154 276 190 432 827 882 809 919 354 619 433 266 510 348 601 295 653 266 313 996 873 821 262 520 109 776 571 664 661 765 584 122 250 497 459 450 704 278 814 151 281 493 622 319 446 548 668 700 410 546 49 284 844 266 716 832 0 688 163 542 498 615 714 310 246 448 587 227 676 391 611 763 620 820 113
404 484 555 750 252 748 680 798 181 162 312 222 226 149 589 310 824 196 510 518 554 182 1062 670 216 597 430 499 558 713 301 349 278 768 109 256 512 767 356 93 526 64 501 700 308 628 465 880 313 719 274 450 314 225 382 759 686 572 231 692 251 542 509 823 709 697 308 280 744 589 363 515 23 348 414 658 475 666 571 372 614 688 0 599 757 190 201 28 663 873 489 116 508 780 944 252 174 473 639 710
768 806 167 349 659 372 871 631 776 578 858 394 373 696 884 556 371 522 548 173 764 448 618 738 803 12 170 164 501 887 835 787 855 490 552 362 111 626 311 522 354 554 115 437 905 907 825 426 507 127 740 598 650 529 756 689 264 86 383 563 391 742 122 900 298 159 477 601 454 284 397 703 615 278 565 115 139 891 103 711 869 163 599 0 652 417 573 623 168 409 493 488 261 773 553 476 706 650 864 117
532 492 487 377 573 346 375 76 901 606 780 728 662 719 489 457 437 856 248 772 363 602 508 204 944 640 614 514 207 365 750 617 835 217 649 581 696 44 491 674 319 769 687 231 991 481 539 448 444 651 638 330 504 884 541 47 422 722 720 90 553 350 707 292 401 806 451 506 240 907 874 339 752 722 353 572 684 418 738 500 440 542 757 652 0 630 568 784 820 459 270 727 409 145 380 860 703 338 407 654
429 494 365 567 283 568 646 658 371 180 448 117 65 281 594 248 638 227 398 364 518 49 881 589 405 414 248 309 423 674 428 413 439 603 138 67 341 631 173 105 357 163 329 533 498 628 493 695 221 533 350 371 309 255 410 641 498 402 115 553 77 500 341 755 524 531 198 258 575 464 294 464 202 203 330 469 304 645 404 379 603 498 190 417 630 0 193 216 503 687 362 104 325 683 767 238 294 411 616 525
238 309 475 627 92 617 486 616 333 39 294 301 257 162 412 112 707 361 319 550 358 145 925 469 377 567 411 432 379 518 267 223 312 610 98 219 515 582 269 145 384 235 503 547 435 449 303 758 130 673 168 250 124 393 219 566 578 575 302 511 183 345 518 622 595 705 139 81 591 656 478 315 190 394 217 597 481 477 580 192 428 615 201 573 568 193 0 224 682 755 308 227 399 581 798 398 157 272 449 667
417 498 582 778 268 776 698 825 155 184 307 240 250 151 603 334 852 197 536 536 574 210 1090 693 189 621 454 525 585 731 298 357 266 796 135 283 533 794 384 121 554 75 522 729 283 642 477 908 339 743 282 473 333 224 395 785 713 593 249 719 278 562 530 844 737 717 335 301 772 603 371 536 34 367 439 683 497 682 591 389 630 714 28 623 784 216 224 0 682 901 516 136 536 804 972 256 178 495 656 734
897 943 334 504 772 530 1027 798 826 679 951 441 445 782 1028 687 512 539 706 146 915 544 744 901 846 179 276 321 664 1044 930 904 935 654 641 463 168 794 443 601 518 607 180 604 955 1054 957 561 640 222 848 747 775 535 883 856 424 112 432 731 500 893 164 1065 456 49 608 724 619 164 372 853 682 315 711 265 201 1043 103 841 1018 310 663 168 820 503 682 682 0 543 651 547 424 940 697 480 796 798 1016 212
854 851 333 129 812 145 809 397 1052 780 1041 724 675 914 888 678 49 869 535 581 752 692 210 638 1089 400 503 393 452 808 1012 912 1067 243 787 620 511 417 517 781 373 850 510 257 1172 894 889 19 636 322 897 629 767 885 852 506 189 495 713 403 623 732 523 751 164 507 618 738 228 690 787 702 880 642 619 295 526 846 512 802 851 246 873 409 459 687 755 901 543 0 500 786 365 604 161 839 911 668 827 331
354 355 334 375 336 355 378 309 641 345 561 466 399 467 410 204 457 588 55 567 279 332 640 256 684 483 398 331 70 394 531 417 602 312 382 319 499 278 244 405 152 499 487 257 742 426 390 498 180 542 413 130 278 616 353 280 360 542 459 204 287 257 508 425 362 652 182 261 299 700 623 220 486 480 121 455 478 400 554 304 385 448 489 493 270 362 308 516 651 500 0 457 234 327 508 596 456 175 375 541
461 535 459 668 306 670 710 758 288 198 419 106 117 249 639 314 737 138 489 401 581 125 982 671 317 487 321 401 521 740 404 425 392 707 135 169 397 730 276 84 461 67 386 637 418 676 526 795 299 610 353 449 352 169 440 736 597 457 114 653 180 565 394 833 623 581 283 306 679 477 263 532 136 232 409 554 361 703 456 419 655 587 116 488 727 104 227 136 547 786 457 0 426 771 870 171 270 483 674 601
546 569 100 243 469 243 612 405 686 420 692 380 322 553 637 343 316 524 288 362 510 327 556 477 724 251 208 106 240 626 664 584 710 301 422 258 287 391 152 416 94 488 278 233 808 656 595 372 295 312 554 349 438 545 538 441 180 319 369 319 258 488 298 640 201 421 270 398 268 498 488 450 515 332 321 225 275 634 333 489 616 227 508 261 409 325 399 536 424 365 234 426 0 518 446 506 554 399 608 309
485 427 606 519 564 488 260 212 902 621 745 791 725 715 395 471 581 907 285 877 292 647 641 123 947 762 713 624 285 242 716 575 808 362 673 645 804 187 570 707 424 804 794 371 978 378 474 592 473 784 612 331 491 936 498 98 559 837 785 218 611 288 815 148 540 930 489 508 383 1013 951 293 771 806 367 702 788 306 852 467 341 676 780 773 145 683 581 804 940 604 327 771 518 0 517 920 695 316 303 787
853 835 446 215 841 204 752 306 1116 829 1068 824 768 960 853 706 185 969 528 721 719 763 135 579 1156 543 619 503 445 744 1038 923 1105 198 847 702 646 336 594 851 419 930 644 253 1230 852 877 142 671 478 921 626 786 988 855 424 301 639 813 353 696 702 659 662 267 663 659 765 209 837 910 679 947 758 628 439 656 793 656 808 809 391 944 553 380 767 798 972 697 161 508 870 446 517 0 947 954 657 780 487
631 706 506 734 476 743 877 881 369 368 563 132 198 400 810 479 792 65 636 339 748 279 1045 827 380 479 337 446 654 906 553 591 521 805 305 279 368 857 375 254 565 189 361 736 491 846 696 850 457 603 518 608 522 55 610 875 653 419 141 779 310 731 360 993 684 524 435 475 774 367 122 697 275 201 567 569 338 872 411 589 825 611 252 476 860 238 398 256 480 839 596 171 506 920 947 0 425 646 843 593
253 336 624 783 132 774 548 757 211 134 155 372 352 28 438 252 863 370 458 656 432 258 1081 575 255 702 538 577 526 583 135 182 156 763 156 344 635 722 416 197 541 236 623 701 288 478 309 915 283 814 108 374 204 399 232 695 733 696 377 655 317 425 635 709 751 825 296 198 745 744 531 407 152 489 350 742 598 526 698 239 471 763 174 706 703 294 157 178 796 911 456 270 554 695 954 425 0 379 502 808
199 183 499 546 248 524 239 402 586 311 443 528 467 399 237 169 628 621 134 696 117 367 791 199 631 640 530 486 217 264 413 279 500 459 368 395 637 365 361 409 326 504 625 416 664 257 222 665 191 711 302 51 175 652 205 322 535 687 524 313 354 95 645 351 536 805 218 194 455 824 702 56 461 579 89 624 610 247 697 162 219 620 473 650 338 411 272 495 798 668 175 483 399 316 657 646 379 0 219 709
250 169 708 716 387 690 53 482 710 483 499 733 676 528 96 369 793 810 322 915 102 570 912 202 752 854 749 700 391 87 475 337 573 593 546 608 856 448 580 593 525 682 844 570 755 76 209 820 402 917 398 269 326 841 271 368 723 905 731 430 566 124 863 236 717 1021 431 369 601 1042 910 163 622 795 308 829 829 29 916 267 41 820 639 864 407 616 449 656 1016 827 375 674 608 303 780 843 502 219 0 916
847 876 210 305 750 334 917 620 888 677 958 510 485 800 946 637 302 639 594 277 819 552 533 770 917 115 280 237 534 928 933 875 960 466 656 466 226 622 399 630 391 667 232 426 1018 965 900 349 588 11 833 658 732 646 837 695 235 186 498 569 490 797 235 923 263 176 558 687 432 365 510 759 725 394 630 87 255 941 200 790 925 113 710 117 654 525 667 734 212 331 541 601 309 787 487 593 808 709 916 0
