# TTSP Euclidean complete-graph matrix instance
# seed: 2059
# depot: 1
# L_max is not stored in this file; pass it with --budget when running algorithms.
# coordinate rows: node x y
# coord 1 417.559282 456.051450
# coord 2 260.931668 452.352965
# coord 3 140.448604 829.803682
# coord 4 473.166947 861.449857
# coord 5 673.816510 163.132788
# coord 6 702.861750 716.591613
# coord 7 236.017553 309.193978
# coord 8 998.976485 168.126204
# coord 9 214.002969 971.462913
# coord 10 431.421205 447.996199
# coord 11 939.125330 614.874056
# coord 12 831.266107 972.814747
# coord 13 535.063056 760.214998
# coord 14 559.070442 430.017125
# coord 15 983.688915 301.894227
# coord 16 409.086363 665.594725
# coord 17 432.319064 133.252588
# coord 18 462.599912 348.381765
# coord 19 16.794549 122.170142
# coord 20 233.371670 401.037384
# coord 21 597.189947 429.078906
# coord 22 919.140800 679.169199
# coord 23 583.203181 593.738969
# coord 24 167.348555 604.818681
# coord 25 87.345387 16.861411
# coord 26 316.678342 150.885846
# coord 27 954.470364 81.396976
# coord 28 526.812985 257.246123
# coord 29 265.156330 5.182508
# coord 30 908.778542 541.379871
# coord 31 197.757107 250.978947
# coord 32 132.040663 58.796457
# coord 33 219.616083 596.083060
# coord 34 930.282194 394.404376
# coord 35 789.946865 713.557074
# coord 36 384.054073 195.333607
# coord 37 370.207602 785.574461
# coord 38 578.489532 902.423006
# coord 39 17.748692 846.790493
# coord 40 387.832812 183.956284
# coord 41 783.175734 290.748201
# coord 42 905.836543 57.536417
# coord 43 677.532587 36.602806
# coord 44 27.956788 424.199359
# coord 45 59.886529 713.372182
# coord 46 178.453403 559.552500
# coord 47 380.952750 395.686635
# coord 48 525.766875 306.685180
# coord 49 930.635497 790.967198
# coord 50 204.371836 65.259227
# coord 51 628.162782 872.381666
# coord 52 914.797540 193.517790
# coord 53 965.657012 540.913137
# coord 54 682.167119 316.763871
# coord 55 729.240504 20.856833
# coord 56 12.268443 727.532655
# coord 57 489.652487 591.423056
# coord 58 110.398186 55.782195
# coord 59 106.353980 437.866603
# coord 60 735.604662 563.771527
# coord 61 208.743863 647.011018
# coord 62 596.588312 646.108191
# coord 63 757.612025 546.046976
# coord 64 533.419839 124.420360
# coord 65 518.521633 644.273724
# coord 66 889.176225 781.394898
# coord 67 577.126469 265.190376
# coord 68 285.020818 231.173487
# coord 69 77.464493 466.638482
# coord 70 563.570869 572.231773
# coord 71 939.772530 355.042371
# coord 72 157.667523 151.830887
# coord 73 750.844118 325.098534
# coord 74 866.155615 642.383322
# coord 75 279.614207 995.999718
# coord 76 734.106784 838.585884
# coord 77 466.675901 635.094347
# coord 78 159.907405 737.132362
# coord 79 616.822303 105.937236
# coord 80 575.781816 505.417012
# coord 81 574.111013 742.439147
# coord 82 675.796454 362.089408
# coord 83 89.683811 286.625096
# coord 84 229.266169 615.813499
# coord 85 98.233122 827.699650
# coord 86 610.986109 787.829656
# coord 87 330.700465 181.991866
# coord 88 765.058664 336.879389
# coord 89 841.742254 550.816889
# coord 90 954.280679 998.055683
# coord 91 84.114654 272.566197
# coord 92 310.067221 217.672203
# coord 93 740.573978 119.008316
# coord 94 540.753924 235.191090
# coord 95 103.562502 231.585208
# coord 96 441.499240 201.319160
# coord 97 559.947790 717.270269
# coord 98 65.730671 367.979934
# coord 99 727.204565 127.169744
# coord 100 187.529872 138.666286
# reference_nearest_neighbor_tour_cost: 10256
TTSP_MATRIX
100
0 33 61 5 17 9 10 12 60 69 61 75 79 17 11 87 74 90 89 93 68 95 29 29 56 54 17 46 49 81 42 4 20 80 64 43 18 100 93 63 65 92 38 23 5 61 51 25 33 85 44 38 7 52 54 46 99 46 81 43 18 20 82 73 73 14 95 64 63 26 84 3 62 89 38 48 30 60 76 4 98 27 77 91 63 47 30 80 64 56 72 47 42 31 86 31 45 19 100 62
0 157 465 409 389 386 234 649 554 16 545 662 326 144 587 210 323 117 522 192 182 549 215 291 549 321 655 227 476 499 301 489 242 516 453 263 333 474 559 274 401 630 493 391 441 261 71 184 613 445 467 562 555 299 535 488 153 505 312 336 283 261 352 351 214 573 249 261 340 187 532 400 358 486 557 497 186 381 403 166 326 275 369 247 490 384 287 367 435 763 381 261 467 253 386 256 298 363 452 392
157 0 396 461 504 515 145 791 521 171 697 772 412 299 738 260 362 227 411 58 337 696 352 179 469 307 787 330 447 654 211 414 150 672 590 285 351 551 463 297 547 756 589 235 329 135 133 302 750 391 558 703 710 443 637 371 268 424 155 488 202 388 505 426 321 709 367 222 184 326 686 318 506 634 544 611 275 302 497 319 427 425 238 166 409 485 279 517 589 882 252 240 584 354 271 309 399 213 568 322
465 396 0 334 854 574 529 1084 160 480 827 705 401 579 995 315 755 579 718 439 608 793 502 227 815 701 1106 691 834 821 582 771 247 902 660 680 234 444 124 692 839 1087 958 421 142 273 496 650 791 767 490 1002 874 746 1001 164 423 775 393 652 195 492 679 807 421 750 714 616 369 495 930 678 792 750 217 594 380 95 867 543 442 711 546 232 42 472 675 796 755 831 560 635 930 717 599 697 434 468 915 693
409 461 334 0 727 272 601 870 282 416 527 375 119 440 757 206 729 513 869 519 450 482 289 399 929 728 917 607 881 541 670 872 367 654 350 672 128 113 456 683 649 913 850 624 439 422 475 557 463 840 155 801 588 583 879 480 271 884 560 397 340 248 425 739 222 424 605 658 559 303 689 777 604 450 236 262 226 337 769 371 156 539 691 346 376 156 694 600 482 500 706 664 789 630 730 661 168 640 777 777
389 504 854 727 0 554 462 325 930 374 524 825 613 291 340 568 243 281 658 501 277 571 440 672 604 357 292 175 438 445 484 552 627 345 563 292 693 745 948 287 168 255 127 697 824 634 374 206 678 480 711 243 477 154 153 870 466 574 630 405 671 489 392 146 506 655 141 395 669 424 328 516 179 516 921 678 515 770 81 356 588 199 597 634 879 628 344 196 422 881 600 368 80 151 574 235 566 642 64 487
386 515 574 272 554 0 620 623 551 382 257 287 173 321 501 298 643 440 908 566 306 219 171 547 932 685 683 492 835 270 687 871 498 394 87 611 340 224 697 619 433 690 680 736 643 547 455 447 240 820 173 564 316 400 696 691 247 888 658 156 499 128 179 616 198 197 469 640 673 201 432 785 394 179 507 126 250 543 617 246 131 356 749 484 615 116 651 385 216 377 762 635 599 508 771 578 143 726 590 774
234 145 529 601 462 620 0 776 663 240 767 891 541 345 748 396 264 230 288 92 381 777 449 303 328 178 754 295 305 712 70 271 287 699 686 187 495 685 580 197 547 716 519 238 441 257 169 290 845 246 686 689 766 446 571 474 379 283 183 561 339 493 573 350 438 806 344 92 223 420 705 176 515 713 688 727 399 435 432 392 550 443 148 307 537 608 159 530 652 995 156 118 539 314 154 232 521 180 524 177
649 791 1084 870 325 623 776 0 1123 633 451 822 752 512 135 772 568 566 983 800 479 517 595 939 924 683 97 481 752 384 805 874 889 236 584 616 881 846 1193 611 248 145 347 1004 1086 909 659 493 627 801 796 88 374 350 307 1134 662 896 932 475 924 625 448 468 676 623 433 717 969 594 196 841 294 493 1097 721 708 1014 387 541 714 377 917 890 1116 731 668 288 414 831 921 691 263 463 898 558 703 954 275 812
554 521 160 282 930 551 663 1123 0 567 808 617 384 642 1020 363 866 671 872 571 664 763 528 370 963 827 1158 780 968 817 721 916 375 920 631 795 243 371 233 806 887 1146 1043 578 301 413 599 734 739 906 426 1047 866 805 1081 317 469 922 544 662 324 502 690 905 447 701 794 744 523 531 952 822 840 730 70 537 421 240 955 590 427 765 696 356 185 437 798 840 756 741 711 760 1002 806 748 803 429 621 988 833
16 171 480 416 374 382 240 633 567 0 534 660 329 129 571 219 315 104 527 204 167 540 210 307 552 318 639 213 473 486 306 491 258 502 446 257 343 478 575 268 385 614 479 404 457 276 73 170 606 445 468 546 542 283 521 504 155 507 325 325 299 258 341 339 215 566 234 262 354 181 517 403 342 476 569 494 190 397 389 155 327 259 378 263 505 384 284 352 423 759 389 260 451 239 393 247 298 374 436 394
545 697 827 527 524 257 767 451 808 534 0 374 429 423 316 532 699 546 1046 737 389 67 357 772 1041 776 534 546 909 80 826 980 720 221 179 696 594 461 950 700 360 558 635 931 885 763 600 516 176 918 404 422 79 394 630 934 450 1000 851 210 731 344 194 637 422 174 503 758 874 378 260 908 346 78 762 303 473 789 602 379 387 365 911 710 867 371 747 328 117 383 921 744 534 550 919 647 393 908 532 890
662 772 705 375 825 287 891 822 617 660 374 0 365 607 688 522 930 725 1178 827 592 307 453 759 1211 970 900 778 1121 438 960 1151 718 587 263 897 498 262 823 905 684 918 949 973 814 773 732 733 207 1103 227 784 452 673 957 855 512 1166 901 420 703 402 433 899 454 200 752 921 908 482 627 1062 653 332 552 166 497 712 893 533 345 630 1010 700 747 288 936 639 422 126 1024 918 859 793 1039 864 373 976 852 1054
326 412 401 119 613 173 541 752 384 329 429 365 0 331 641 158 635 418 822 469 337 393 173 399 868 647 798 503 802 433 611 809 356 539 259 585 167 149 525 595 531 794 738 608 477 409 396 454 397 770 146 682 483 467 764 524 175 823 536 281 345 130 309 636 117 355 497 585 544 190 573 716 486 351 348 214 143 376 659 258 43 422 650 338 442 81 613 482 371 482 664 587 673 525 682 567 50 612 662 712
144 299 579 440 291 321 345 512 642 129 423 607 331 0 444 279 323 126 624 327 38 438 165 429 627 370 527 176 517 367 403 566 378 373 366 293 403 473 683 300 264 509 411 531 574 402 181 128 518 509 448 427 421 167 443 623 176 584 453 221 412 219 230 307 218 482 166 339 483 142 388 488 219 373 631 444 225 504 329 77 313 135 491 379 609 362 337 226 307 692 500 327 360 196 497 257 287 497 346 472
587 738 995 757 340 501 748 135 1020 571 316 688 641 444 0 680 577 523 983 757 407 383 496 871 941 684 222 459 777 251 788 886 819 107 455 609 781 724 1109 607 201 256 405 964 1011 845 610 458 492 814 672 128 240 302 379 1061 573 907 888 361 848 518 333 484 578 489 408 702 921 500 69 840 234 360 989 592 615 932 416 456 602 314 894 817 1030 612 664 221 287 697 900 679 304 448 883 551 593 920 310 813
210 260 315 206 568 298 396 772 363 219 532 522 158 279 680 0 533 322 670 318 302 510 188 249 724 523 799 425 676 515 465 667 202 588 384 471 126 291 431 482 530 785 684 451 352 254 271 377 536 634 301 692 570 443 720 402 110 679 379 342 201 189 368 555 111 494 434 452 387 181 615 572 482 458 355 368 65 259 597 231 182 404 496 187 351 236 490 485 448 639 510 459 639 450 531 465 159 454 625 572
323 362 755 729 243 643 264 568 866 315 699 930 635 323 577 533 0 217 416 334 339 731 485 541 364 117 525 156 211 627 262 309 509 562 682 79 655 783 825 67 385 480 264 498 689 496 267 197 825 238 765 486 671 310 317 728 462 331 446 527 560 539 526 101 518 793 196 177 487 458 554 275 372 669 876 767 503 662 187 399 625 334 375 524 771 679 113 390 585 1010 375 149 309 149 343 69 598 435 295 245
117 227 579 513 281 440 230 566 671 104 546 725 418 126 523 322 217 0 500 235 157 564 273 391 501 246 560 111 396 486 282 439 347 470 490 172 447 566 668 181 326 530 379 441 544 354 94 76 644 383 550 478 539 222 422 589 245 458 367 348 392 326 355 235 301 608 142 213 403 246 477 363 289 499 673 560 287 493 287 194 410 214 378 355 602 464 212 303 430 815 386 201 360 138 378 149 382 397 345 346
522 411 718 869 658 908 288 983 872 527 1046 1178 822 624 983 670 416 500 0 353 657 1060 737 506 127 301 939 528 275 986 222 132 515 953 973 374 752 961 725 376 785 891 666 302 593 466 455 541 1132 196 968 901 1037 693 720 605 666 115 328 844 559 781 854 517 724 1093 578 290 350 708 952 144 762 996 912 1014 682 631 600 678 834 701 180 537 710 892 320 778 930 1283 165 308 724 536 140 432 806 251 710 172
192 58 439 519 501 566 92 800 571 204 737 827 469 327 757 318 334 235 353 0 365 740 399 214 411 264 789 327 397 690 154 357 196 697 638 255 408 609 495 266 561 755 575 207 357 168 148 307 799 337 615 712 746 457 625 394 319 367 132 528 247 438 544 408 375 758 370 178 169 372 708 260 523 677 597 665 330 344 484 358 482 444 184 215 448 541 240 536 627 936 197 199 580 349 213 288 455 171 565 266
182 337 608 450 277 306 381 479 664 167 389 592 337 38 407 302 339 157 657 365 0 408 165 464 656 395 499 186 538 331 437 595 413 335 344 316 423 474 714 322 232 483 401 569 608 439 219 142 492 535 444 395 385 141 429 657 195 613 491 193 445 217 199 311 229 458 165 370 521 147 350 520 186 343 650 432 244 535 324 79 314 103 527 413 639 359 363 192 273 672 536 357 342 202 532 276 291 535 329 502
549 696 793 482 571 219 777 517 763 540 67 307 393 438 383 510 731 564 1060 740 408 0 347 755 1063 801 599 576 939 138 839 1002 704 285 134 721 559 407 917 726 412 622 686 927 860 750 608 542 112 942 349 486 146 433 685 908 438 1021 848 217 711 324 209 676 402 107 537 776 868 371 325 926 392 65 714 244 455 761 648 385 351 400 918 693 834 327 770 375 150 321 929 764 588 583 930 676 361 908 584 910
215 352 502 289 440 171 449 595 528 210 357 453 173 165 496 188 485 273 737 399 165 347 0 416 761 517 633 341 669 330 516 700 364 400 239 445 287 309 619 454 363 626 565 581 537 406 283 293 400 650 282 520 386 294 591 586 94 716 502 155 378 54 181 472 82 359 329 469 521 29 429 613 317 287 504 288 124 447 489 89 149 249 581 355 538 196 483 315 262 549 593 465 500 361 601 417 126 565 488 603
291 179 227 399 672 547 303 939 370 307 772 759 399 429 871 249 541 391 506 214 464 755 416 0 593 478 945 500 608 744 355 547 53 791 632 463 272 508 284 475 691 919 764 228 153 47 299 466 786 541 533 853 801 590 810 198 323 552 178 570 59 431 593 604 353 743 532 392 165 398 812 453 647 700 407 613 301 133 671 420 429 563 328 63 233 480 453 655 677 880 343 413 751 525 379 488 408 258 736 467
549 469 815 929 604 932 328 924 963 552 1041 1211 868 627 941 724 364 501 127 411 656 1063 761 593 0 266 870 501 178 975 259 61 594 924 989 346 819 1013 833 344 748 820 591 412 697 550 479 526 1145 127 1012 846 1023 666 642 715 701 45 421 848 642 809 854 459 761 1108 549 292 450 732 917 152 732 999 998 1046 725 724 537 691 874 682 270 616 811 932 294 749 924 1309 256 300 661 503 215 399 845 352 649 158
321 307 701 728 357 685 178 683 827 318 776 970 647 370 684 523 117 246 301 264 395 801 517 478 266 0 642 236 155 709 155 206 456 660 735 81 637 796 757 78 487 597 379 398 618 431 253 261 887 141 786 600 757 401 433 652 473 227 356 588 508 569 592 218 533 852 284 86 396 488 656 159 468 737 846 804 507 607 303 439 645 417 264 473 711 702 34 485 660 1060 262 67 425 239 228 135 616 332 411 130
655 787 1106 917 292 683 754 97 1158 639 534 900 798 527 222 799 525 560 939 789 499 599 633 945 870 642 0 462 694 462 775 823 897 314 653 582 915 903 1210 576 270 54 281 988 1095 912 654 484 710 750 856 119 460 360 233 1142 690 844 920 530 936 669 505 423 712 703 420 686 958 627 274 800 318 568 1137 789 738 1030 339 569 763 396 889 901 1136 786 632 318 483 917 891 659 217 441 864 527 748 934 232 769
227 330 691 607 175 492 295 481 780 213 546 778 503 176 459 425 156 111 528 327 186 576 341 500 501 236 462 0 363 476 329 442 457 426 527 156 551 647 779 157 259 428 267 526 653 461 201 49 669 375 623 393 523 166 311 697 336 463 458 371 503 395 370 133 387 637 51 243 496 317 424 384 234 513 779 617 383 604 176 253 487 182 438 466 714 537 210 251 431 855 443 220 255 26 424 102 461 474 239 359
476 447 834 881 438 835 305 752 968 473 909 1121 802 517 777 676 211 396 275 397 538 939 669 608 178 155 694 363 0 838 255 144 593 771 882 224 787 950 877 217 592 643 414 481 737 561 407 399 1030 85 940 676 882 521 464 765 628 163 461 730 644 722 731 294 687 996 406 227 498 641 760 182 582 876 991 956 661 739 366 589 799 544 332 612 839 856 189 600 794 1209 323 217 489 359 278 264 771 414 478 154
499 654 821 541 445 270 712 384 817 486 80 438 433 367 251 515 627 486 986 690 331 138 330 744 975 709 462 476 838 0 768 914 691 149 209 629 591 489 942 632 280 484 555 889 866 731 548 449 251 850 434 348 57 319 551 916 422 934 809 175 708 329 151 561 404 241 432 697 835 347 189 846 268 110 776 345 452 774 524 335 390 294 858 684 860 387 681 250 68 459 867 681 455 479 863 578 391 861 452 826
301 211 582 670 484 687 70 805 721 306 826 960 611 403 788 465 262 282 222 154 437 839 516 355 259 155 775 329 255 768 0 203 346 746 751 194 562 755 622 202 587 734 525 243 483 309 233 333 910 186 756 719 821 489 579 511 448 214 208 622 396 561 633 359 508 871 380 89 247 487 749 107 558 775 750 796 469 488 443 456 619 491 114 366 585 677 150 574 710 1063 116 117 559 343 96 249 590 176 544 113
489 414 771 872 552 871 271 874 916 491 980 1151 809 566 886 667 309 439 132 357 595 1002 700 547 61 206 823 442 144 914 203 0 544 866 928 287 765 954 796 285 691 774 546 380 659 503 419 465 1083 73 953 794 963 608 598 679 642 22 380 787 593 749 793 407 702 1047 491 230 411 671 860 96 674 938 949 985 666 679 487 630 814 623 232 565 770 872 234 691 864 1248 219 239 612 445 175 341 785 316 599 97
242 150 247 367 627 498 287 889 375 258 720 718 356 378 819 202 509 347 515 196 413 704 364 53 594 456 897 457 593 691 346 544 0 739 582 433 242 472 322 445 641 872 723 257 198 55 257 421 737 531 493 803 748 540 769 246 270 551 195 517 52 380 540 567 303 695 487 371 192 345 759 449 596 648 404 569 250 153 631 368 384 513 336 22 261 436 429 604 624 837 351 389 706 483 383 453 361 275 691 459
516 672 902 654 345 394 699 236 920 502 221 587 539 373 107 588 562 470 953 697 335 285 400 791 924 660 314 426 771 149 746 866 739 0 349 581 683 618 1019 582 180 338 438 903 927 770 549 414 397 797 565 201 151 260 424 977 483 887 825 258 764 418 230 480 482 389 376 666 856 408 40 810 192 256 886 486 522 843 426 371 498 257 847 735 938 507 636 175 180 604 855 645 334 421 843 526 491 865 336 786
453 590 660 350 563 87 686 584 631 446 179 263 259 366 455 384 682 490 973 638 344 134 239 632 989 735 653 527 882 209 751 928 582 349 0 658 426 284 784 665 423 666 686 815 730 631 518 485 161 874 227 535 246 411 695 778 324 946 737 159 585 205 171 643 280 120 496 698 754 267 389 846 390 104 583 137 333 630 632 299 218 370 820 569 701 194 702 377 171 329 832 690 597 539 839 620 230 802 590 833
263 285 680 672 292 611 187 616 795 257 696 897 585 293 609 471 79 172 374 255 316 721 445 463 346 81 582 156 224 629 194 287 433 581 658 0 590 733 747 12 410 540 334 423 611 418 200 180 808 222 720 531 677 322 387 649 410 307 369 509 485 498 512 165 469 774 205 105 409 417 578 231 389 657 807 732 447 586 249 365 579 336 308 448 694 634 55 406 580 985 310 77 365 162 283 58 551 362 350 205
333 351 234 128 693 340 495 881 243 343 594 498 167 403 781 126 655 447 752 408 423 559 287 272 819 637 915 551 787 591 562 765 242 683 426 590 0 239 358 602 645 904 810 498 319 296 390 504 560 739 272 804 644 563 845 363 228 775 436 427 213 266 455 681 205 519 560 561 433 288 714 668 597 516 229 368 179 216 723 347 208 522 572 221 275 241 605 598 527 622 587 571 763 576 615 589 202 517 749 672
474 551 444 113 745 224 685 846 371 478 461 262 149 473 724 291 783 566 961 609 474 407 309 508 1013 796 903 647 950 489 755 954 472 618 284 733 239 0 563 743 645 906 871 729 552 527 544 598 369 917 58 785 530 595 894 593 323 967 662 373 449 257 399 779 265 333 637 733 664 331 656 861 603 388 313 168 290 450 797 397 160 549 786 452 486 119 762 596 439 388 801 735 800 668 822 714 186 741 789 858
559 463 124 456 948 697 580 1193 233 575 950 823 525 683 1109 431 825 668 725 495 714 917 619 284 833 757 1210 779 877 942 622 796 322 1019 784 747 358 563 0 759 946 1188 1045 423 140 329 579 741 915 804 611 1110 996 850 1090 119 537 796 418 772 276 613 799 888 540 874 807 671 385 611 1045 709 900 873 301 716 496 180 953 654 566 817 565 313 83 596 735 905 876 949 578 694 1026 805 621 772 557 481 1011 728
274 297 692 683 287 619 197 611 806 268 700 905 595 300 607 482 67 181 376 266 322 726 454 475 344 78 576 157 217 632 202 285 445 582 665 12 602 743 759 0 410 533 325 433 623 430 212 185 814 219 729 527 679 323 378 661 420 306 379 515 496 507 518 157 479 780 206 113 420 426 578 232 389 663 819 741 458 598 242 372 589 339 315 460 706 644 57 407 584 992 316 85 359 161 288 56 560 371 344 205
401 547 839 649 168 433 547 248 887 385 360 684 531 264 201 530 385 326 785 561 232 412 363 691 748 487 270 259 592 280 587 691 641 180 423 410 645 645 946 410 0 264 275 767 838 662 416 258 522 621 602 164 310 104 275 886 420 713 693 277 676 401 257 300 442 502 208 502 727 357 169 641 47 361 867 550 468 767 249 298 498 129 694 642 870 526 465 50 267 728 699 479 177 249 682 353 481 722 173 615
630 756 1087 913 255 690 716 145 1146 614 558 918 794 509 256 785 480 530 891 755 483 622 626 919 820 597 54 428 643 484 734 774 872 338 666 540 904 906 1188 533 264 0 229 951 1070 884 624 454 734 702 861 136 487 342 180 1117 677 795 885 534 913 665 511 378 703 724 389 645 924 618 299 754 309 586 1128 800 726 1009 293 556 761 382 848 877 1116 788 588 313 497 942 849 617 176 406 821 486 745 896 192 723
493 589 958 850 127 680 519 347 1043 479 635 949 738 411 405 684 264 379 666 575 401 686 565 764 591 379 281 267 414 555 525 546 723 438 686 334 810 871 1045 325 275 229 0 756 916 723 466 310 796 474 837 284 581 280 54 959 586 567 698 530 770 615 516 169 628 774 250 438 738 548 413 532 298 634 1039 804 635 871 92 480 713 325 639 732 981 754 376 313 540 1000 639 410 104 241 606 288 691 696 103 501
391 235 421 624 697 736 238 1004 578 404 931 973 608 531 964 451 498 441 302 207 569 927 581 228 412 398 988 526 481 889 243 380 257 903 815 423 498 729 423 433 767 951 756 0 291 202 354 511 974 400 749 916 945 663 809 304 491 378 80 721 287 610 740 588 538 932 572 321 65 556 914 302 730 866 625 819 487 340 669 554 632 651 151 278 410 687 388 742 824 1090 162 350 775 547 207 470 607 68 760 327
441 329 142 439 824 643 441 1086 301 457 885 814 477 574 1011 352 689 544 593 357 608 860 537 153 697 618 1095 653 737 866 483 659 198 927 730 611 319 552 140 623 838 1070 916 291 0 194 452 618 874 664 590 1001 922 738 963 50 447 660 279 692 163 541 718 756 464 832 684 532 247 523 950 570 793 809 358 686 414 103 824 556 515 709 428 195 121 556 596 799 799 939 441 555 904 678 484 639 500 345 888 589
261 135 273 422 634 547 257 909 413 276 763 773 409 402 845 254 496 354 466 168 439 750 406 47 550 431 912 461 561 731 309 503 55 770 631 418 296 527 329 430 662 884 723 202 194 0 260 430 787 495 548 822 787 559 770 236 313 508 141 557 93 427 579 562 350 745 496 345 137 385 788 408 619 693 448 622 298 179 631 401 436 535 287 76 280 489 407 627 663 891 302 366 714 486 336 444 413 222 699 421
71 133 496 475 374 455 169 659 599 73 600 732 396 181 610 271 267 94 455 148 219 608 283 299 479 253 654 201 407 548 233 419 257 549 518 200 390 544 579 212 416 624 466 354 452 260 0 170 677 375 537 571 602 311 512 496 224 434 278 392 305 330 406 311 284 638 236 190 312 254 560 331 377 544 609 566 254 407 374 224 397 297 311 267 516 455 220 389 486 832 321 192 454 226 322 204 368 316 438 322
184 302 650 557 206 447 290 493 734 170 516 733 454 128 458 377 197 76 541 307 142 542 293 466 526 261 484 49 399 449 333 465 421 414 485 180 504 598 741 185 258 454 310 511 618 430 170 0 631 402 575 405 498 157 351 664 287 485 439 332 465 347 333 182 338 598 66 252 476 268 417 399 226 478 732 571 334 565 220 205 438 160 437 428 674 489 232 241 399 813 443 233 285 73 429 135 412 464 270 378
613 750 791 463 678 240 845 627 739 606 176 207 397 518 492 536 825 644 1132 799 492 112 400 786 1145 887 710 669 1030 251 910 1083 737 397 161 808 560 369 915 814 522 734 796 974 874 787 677 631 0 1027 313 598 252 535 796 921 484 1101 897 299 736 364 300 776 437 43 634 855 913 427 436 1003 499 162 683 202 489 773 753 455 360 499 981 723 833 320 855 483 256 208 993 845 698 679 998 766 378 963 694 989
445 391 767 840 480 820 246 801 906 445 918 1103 770 509 814 634 238 383 196 337 535 942 650 541 127 141 750 375 85 850 186 73 531 797 874 222 739 917 804 219 621 702 474 400 664 495 375 402 1027 0 912 722 898 540 527 690 599 94 385 729 582 701 733 334 659 991 423 184 421 621 790 98 605 878 934 937 627 673 414 576 772 557 249 551 770 829 172 623 801 1197 240 185 539 377 194 273 743 333 526 75
467 558 490 155 711 173 686 796 426 468 404 227 146 448 672 301 765 550 968 615 444 349 282 533 1012 786 856 623 940 434 756 953 493 565 227 720 272 58 611 729 602 861 837 749 590 548 537 575 313 912 0 737 473 558 858 633 313 967 679 327 476 228 351 754 253 276 609 727 684 307 604 861 561 331 370 111 287 487 767 371 141 513 796 474 532 86 752 553 386 349 810 728 762 643 828 697 169 755 752 856
562 703 1002 801 243 564 689 88 1047 546 422 784 682 427 128 692 486 478 901 712 395 486 520 853 846 600 119 393 676 348 719 794 803 201 535 531 804 785 1110 527 164 136 284 916 1001 822 571 405 598 722 737 0 351 263 253 1049 582 816 845 411 839 553 386 388 600 588 345 631 881 517 163 758 210 451 1023 670 629 930 311 461 646 292 830 805 1034 667 584 207 365 806 834 605 189 376 812 473 633 867 199 729
555 710 874 588 477 316 766 374 866 542 79 452 483 421 240 570 671 539 1037 746 385 146 386 801 1023 757 460 523 882 57 821 963 748 151 246 677 644 530 996 679 310 487 581 945 922 787 602 498 252 898 473 351 0 361 571 971 479 983 865 231 764 384 208 600 459 252 476 748 891 403 188 897 305 142 823 377 508 829 558 391 440 341 912 740 914 432 729 286 124 457 921 731 478 523 916 625 442 916 478 876
299 443 746 583 154 400 446 350 805 283 394 673 467 167 302 443 310 222 693 457 141 433 294 590 666 401 360 166 521 319 489 608 540 260 411 322 563 595 850 323 104 342 280 663 738 559 311 157 535 540 558 263 361 0 300 786 335 629 588 253 577 340 241 243 366 509 117 406 623 282 260 550 69 374 790 524 384 670 221 217 439 46 593 543 776 476 376 85 283 734 600 385 206 163 585 267 419 619 195 526
535 637 1001 879 153 696 571 307 1081 521 630 957 764 443 379 720 317 422 720 625 429 685 591 810 642 433 233 311 464 551 579 598 769 424 695 387 845 894 1090 378 275 180 54 809 963 770 512 351 796 527 858 253 571 300 0 1007 619 620 750 543 814 639 526 222 658 777 288 491 790 576 395 586 305 636 1074 818 668 915 141 508 738 345 693 777 1024 776 430 318 542 1003 692 463 99 285 660 340 717 749 106 554
488 371 164 480 870 691 474 1134 317 504 934 855 524 623 1061 402 728 589 605 394 657 908 586 198 715 652 1142 697 765 916 511 679 246 977 778 649 363 593 119 661 886 1117 959 304 50 236 496 664 921 690 633 1049 971 786 1007 0 496 679 305 742 212 590 767 797 513 879 730 566 269 573 1000 594 841 858 379 730 464 148 867 606 562 758 448 244 132 602 632 848 848 980 461 590 949 722 504 679 548 364 934 614
153 268 423 271 466 247 379 662 469 155 450 512 175 176 573 110 462 245 666 319 195 438 94 323 701 473 690 336 628 422 448 642 270 483 324 410 228 323 537 420 420 677 586 491 447 313 224 287 484 599 313 582 479 335 619 496 0 656 413 248 286 120 272 469 60 442 338 414 431 76 508 551 373 380 456 348 49 361 502 122 173 295 503 262 457 231 439 375 354 617 516 415 535 360 528 393 144 479 521 544
505 424 775 884 574 888 283 896 922 507 1000 1166 823 584 907 679 331 458 115 367 613 1021 716 552 45 227 844 463 163 934 214 22 551 887 946 307 775 967 796 306 713 795 567 378 660 508 434 485 1101 94 967 816 983 629 620 679 656 0 382 806 599 765 812 429 716 1064 512 247 412 687 882 107 695 957 955 1001 680 683 509 647 829 643 232 573 772 887 254 712 883 1265 218 257 633 466 176 362 800 315 621 113
312 155 393 560 630 658 183 932 544 325 851 901 536 453 888 379 446 367 328 132 491 848 502 178 421 356 920 458 461 809 208 380 195 825 737 369 436 662 418 379 693 885 698 80 279 141 278 439 897 385 679 845 865 588 750 305 413 382 0 642 233 533 660 530 461 855 501 273 41 477 838 291 654 787 584 745 411 304 609 474 558 574 152 216 390 614 340 666 744 1016 167 300 710 479 206 410 533 81 694 310
336 488 652 397 405 156 561 475 662 325 210 420 281 221 361 342 527 348 844 528 193 217 155 570 848 588 530 371 730 175 622 787 517 258 159 509 427 373 772 515 277 534 530 721 692 557 392 332 299 729 327 411 231 253 543 742 248 806 642 0 533 162 28 484 232 266 338 560 665 172 292 710 239 152 628 275 278 601 473 170 241 210 703 509 690 256 557 229 107 486 714 549 445 382 714 467 233 698 437 694
283 202 195 340 671 499 339 924 324 299 731 703 345 412 848 201 560 392 559 247 445 711 378 59 642 508 936 503 644 708 396 593 52 764 585 485 213 449 276 496 676 913 770 287 163 93 305 465 736 582 476 839 764 577 814 212 286 599 233 533 0 388 558 615 310 694 531 423 223 363 787 498 630 657 356 559 258 103 678 393 378 547 380 37 212 426 481 637 640 824 395 441 749 529 429 503 358 314 734 509
261 388 492 248 489 128 493 625 502 258 344 402 130 219 518 189 539 326 781 438 217 324 54 431 809 569 669 395 722 329 561 749 380 418 205 498 266 257 613 507 401 665 615 610 541 427 330 347 364 701 228 553 384 340 639 590 120 765 533 162 388 0 190 525 78 322 381 519 549 81 450 661 356 270 472 237 130 446 541 142 99 295 621 369 530 142 535 352 263 502 634 515 546 415 644 471 80 599 535 652
352 505 679 425 392 179 573 448 690 341 194 433 309 230 333 368 526 355 854 544 199 209 181 593 854 592 505 370 731 151 633 793 540 230 171 512 455 399 799 518 257 511 516 740 718 579 406 333 300 733 351 386 208 241 526 767 272 812 660 28 558 190 0 478 258 270 334 568 685 196 264 718 221 145 656 293 304 628 462 186 269 201 717 533 717 283 561 209 84 493 727 555 427 379 726 468 262 714 420 701
351 426 807 739 146 616 350 468 905 339 637 899 636 307 484 555 101 235 517 408 311 676 472 604 459 218 423 133 294 561 359 407 567 480 643 165 681 779 888 157 300 378 169 588 756 562 311 182 776 334 754 388 600 243 222 797 469 429 530 484 615 525 478 0 520 747 147 270 570 449 467 377 296 616 908 742 515 718 85 383 619 277 472 578 827 668 211 314 526 970 473 242 207 111 443 120 593 527 194 346
214 321 421 222 506 198 438 676 447 215 422 454 117 218 578 111 518 301 724 375 229 402 82 353 761 533 712 387 687 404 508 702 303 482 280 469 205 265 540 479 442 703 628 538 464 350 284 338 437 659 253 600 459 366 658 513 60 716 461 232 310 78 258 520 0 395 384 475 475 85 511 611 395 348 425 290 53 370 547 150 113 323 558 291 459 171 499 394 336 561 572 475 570 410 585 450 84 530 558 604
573 709 750 424 655 197 806 623 701 566 174 200 355 482 489 494 793 608 1093 758 458 107 359 743 1108 852 703 637 996 241 871 1047 695 389 120 774 519 333 874 780 502 724 774 932 832 745 638 598 43 991 276 588 252 509 777 879 442 1064 855 266 694 322 270 747 395 0 603 817 871 387 429 965 477 141 646 165 447 731 728 418 317 470 940 680 792 278 819 462 235 226 952 808 679 648 959 733 335 921 674 952
249 367 714 605 141 469 344 433 794 234 503 752 497 166 408 434 196 142 578 370 165 537 329 532 549 284 420 51 406 432 380 491 487 376 496 205 560 637 807 206 208 389 250 572 684 496 236 66 634 423 609 345 476 117 288 730 338 512 501 338 531 381 334 147 384 603 0 294 539 307 374 435 184 475 789 594 386 630 164 240 477 138 488 494 739 524 260 201 389 824 493 271 219 47 475 150 452 522 204 410
261 222 616 658 395 640 92 717 744 262 758 921 585 339 702 452 177 213 290 178 370 776 469 392 292 86 686 243 227 697 89 230 371 666 698 105 561 733 671 113 502 645 438 321 532 345 190 252 855 184 727 631 748 406 491 566 414 247 273 560 423 519 568 270 475 817 294 0 314 440 666 150 475 712 765 755 443 521 355 400 587 412 203 389 625 645 67 492 642 1018 205 28 469 256 181 159 558 258 454 134
340 184 369 559 669 673 223 969 523 354 874 908 544 483 921 387 487 403 350 169 521 868 521 165 450 396 958 496 498 835 247 411 192 856 754 409 433 664 385 420 727 924 738 65 247 137 312 476 913 421 684 881 891 623 790 269 431 412 41 665 223 549 685 570 475 871 539 314 0 497 869 325 688 808 567 755 424 283 649 500 568 607 180 213 362 623 381 700 769 1025 194 341 749 518 236 450 544 99 733 346
187 326 495 303 424 201 420 594 531 181 378 482 190 142 500 181 458 246 708 372 147 371 29 398 732 488 627 317 641 347 487 671 345 408 267 417 288 331 611 426 357 618 548 556 523 385 254 268 427 621 307 517 403 282 576 573 76 687 477 172 363 81 196 449 85 387 307 440 497 0 434 584 310 311 510 316 116 436 469 68 171 238 553 337 531 221 454 310 279 578 565 436 487 338 572 390 145 538 474 574
532 686 930 689 328 432 705 196 952 517 260 627 573 388 69 615 554 477 952 708 350 325 429 812 917 656 274 424 760 189 749 860 759 40 389 578 714 656 1045 578 169 299 413 914 950 788 560 417 436 790 604 163 188 260 395 1000 508 882 838 292 787 450 264 467 511 429 374 666 869 434 0 808 191 297 920 525 550 868 408 394 533 264 853 757 965 544 633 176 219 643 860 645 309 417 845 521 525 874 312 783
400 318 678 777 516 785 176 841 822 403 908 1062 716 488 840 572 275 363 144 260 520 926 613 453 152 159 800 384 182 846 107 96 449 810 846 231 668 861 709 232 641 754 532 302 570 408 331 399 1003 98 861 758 897 550 586 594 551 107 291 710 498 661 718 377 611 965 435 150 325 584 808 0 618 862 853 897 574 585 461 548 723 559 151 469 678 781 176 635 792 1162 141 166 584 392 96 288 694 235 570 33
358 506 792 604 179 394 515 294 840 342 346 653 486 219 234 482 372 289 762 523 186 392 317 647 732 468 318 234 582 268 558 674 596 192 390 389 597 603 900 389 47 309 298 730 793 619 377 226 499 605 561 210 305 69 305 841 373 695 654 239 630 356 221 296 395 477 184 475 688 310 191 618 0 338 820 514 421 720 257 251 453 84 662 597 824 483 444 18 243 703 669 454 206 229 654 333 436 686 199 593
486 634 750 450 516 179 713 493 730 476 78 332 351 373 360 458 669 499 996 677 343 65 287 700 999 737 568 513 876 110 775 938 648 256 104 657 516 388 873 663 361 586 634 866 809 693 544 478 162 878 331 451 142 374 636 858 380 957 787 152 657 270 145 616 348 141 475 712 808 311 297 862 338 0 685 237 400 713 592 321 309 339 854 637 790 294 706 322 95 366 865 700 538 521 866 612 315 846 534 845
557 544 217 236 921 507 688 1097 70 569 762 552 348 631 989 355 876 673 912 597 650 714 504 407 998 846 1137 779 991 776 750 949 404 886 583 807 229 313 301 819 867 1128 1039 625 358 448 609 732 683 934 370 1023 823 790 1074 379 456 955 584 628 356 472 656 908 425 646 789 765 567 510 920 853 820 685 0 481 407 285 952 573 389 748 734 384 247 391 816 819 717 675 749 779 991 804 784 811 395 663 977 862
497 611 594 262 678 126 727 721 537 494 303 166 214 444 592 368 767 560 1014 665 432 244 288 613 1046 804 789 617 956 345 796 985 569 486 137 732 368 168 716 741 550 800 804 819 686 622 566 571 202 937 111 670 377 524 818 730 348 1001 745 275 559 237 293 742 290 165 594 755 755 316 525 897 514 237 481 0 336 583 742 369 187 480 848 552 636 133 771 503 307 272 862 752 720 634 875 701 212 817 711 888
186 275 380 226 515 250 399 708 421 190 473 497 143 225 615 65 503 287 682 330 244 455 124 301 725 507 738 383 661 452 469 666 250 522 333 447 179 290 496 458 468 726 635 487 414 298 254 334 489 627 287 629 508 384 668 464 49 680 411 278 258 130 304 515 53 447 386 443 424 116 550 574 421 400 407 336 0 323 550 169 152 344 513 238 416 210 473 422 384 608 527 446 584 407 543 435 124 482 571 570
381 302 95 337 770 543 435 1014 240 397 789 712 376 504 932 259 662 493 631 344 535 761 447 133 724 607 1030 604 739 774 488 679 153 843 630 586 216 450 180 598 767 1009 871 340 103 179 407 565 773 673 487 930 829 670 915 148 361 683 304 601 103 446 628 718 370 731 630 521 283 436 868 585 720 713 285 583 323 0 779 476 414 638 456 140 110 454 581 726 707 836 471 541 848 630 509 605 401 381 833 599
403 497 867 769 81 617 432 387 955 389 602 893 659 329 416 597 187 287 600 484 324 648 489 671 537 303 339 176 366 524 443 487 631 426 632 249 723 797 953 242 249 293 92 669 824 631 374 220 753 414 767 311 558 221 141 867 502 509 609 473 678 541 462 85 547 728 164 355 649 469 408 461 257 592 952 742 550 779 0 402 638 263 557 640 889 682 296 274 499 954 558 326 124 150 528 200 614 610 112 431
166 319 543 371 356 246 392 541 590 155 379 533 258 77 456 231 399 194 678 358 79 385 89 420 691 439 569 253 589 335 456 630 368 371 299 365 347 397 654 372 298 556 480 554 556 401 224 205 455 576 371 461 391 217 508 606 122 647 474 170 393 142 186 383 150 418 240 400 500 68 394 548 251 321 573 369 169 476 402 0 237 175 533 364 576 285 406 253 270 621 544 392 420 272 546 332 212 528 407 534
326 427 442 156 588 131 550 714 427 327 387 345 43 313 602 182 625 410 834 482 314 351 149 429 874 645 763 487 799 390 619 814 384 498 218 579 208 160 566 589 498 761 713 632 515 436 397 438 360 772 141 646 440 439 738 562 173 829 558 241 378 99 269 619 113 317 477 587 568 171 533 723 453 309 389 187 152 414 638 237 0 394 665 367 483 58 611 448 329 458 679 587 645 508 695 557 29 631 634 717
275 425 711 539 199 356 443 377 765 259 365 630 422 135 314 404 334 214 701 444 103 400 249 563 682 417 396 182 544 294 491 623 513 257 370 336 522 549 817 339 129 382 325 651 709 535 297 160 499 557 513 292 341 46 345 758 295 643 574 210 547 295 201 277 323 470 138 412 607 238 264 559 84 339 748 480 344 638 263 175 394 0 591 514 742 431 389 93 251 694 598 393 252 185 587 284 374 610 240 537
369 238 546 691 597 749 148 917 696 378 911 1010 650 491 894 496 375 378 180 184 527 918 581 328 270 264 889 438 332 858 114 232 336 847 820 308 572 786 565 315 694 848 639 151 428 287 311 437 981 249 796 830 912 593 693 448 503 232 152 703 380 621 717 472 558 940 488 203 180 553 853 151 662 854 734 848 513 456 557 533 665 591 0 358 541 723 263 677 797 1120 15 231 672 454 57 362 638 85 657 177
247 166 232 346 634 484 307 890 356 263 710 700 338 379 817 187 524 355 537 215 413 693 355 63 616 473 901 466 612 684 366 565 22 735 569 448 221 452 313 460 642 877 732 278 195 76 267 428 723 551 474 805 740 543 777 244 262 573 216 509 37 369 533 578 291 680 494 389 213 337 757 469 597 637 384 552 238 140 640 364 367 514 358 0 249 419 446 604 616 820 373 406 713 492 404 466 346 297 698 479
490 409 42 376 879 615 537 1116 185 505 867 747 442 609 1030 351 771 602 710 448 639 834 538 233 811 711 1136 714 839 860 585 770 261 938 701 694 275 486 83 706 870 1116 981 410 121 280 516 674 833 770 532 1034 914 776 1024 132 457 772 390 690 212 530 717 827 459 792 739 625 362 531 965 678 824 790 247 636 416 110 889 576 483 742 541 249 0 514 686 828 793 873 555 646 956 740 596 714 475 461 941 695
384 485 472 156 628 116 608 731 437 384 371 288 81 362 612 236 679 464 892 541 359 327 196 480 932 702 786 537 856 387 677 872 436 507 194 634 241 119 596 644 526 788 754 687 556 489 455 489 320 829 86 667 432 476 776 602 231 887 614 256 426 142 283 668 171 278 524 645 623 221 544 781 483 294 391 133 210 454 682 285 58 431 723 419 514 0 668 477 331 403 737 645 681 557 753 611 87 688 671 775
287 279 675 694 344 651 159 668 798 284 747 936 613 337 664 490 113 212 320 240 363 770 483 453 294 34 632 210 189 681 150 234 429 636 702 55 605 762 735 57 465 588 376 388 596 407 220 232 855 172 752 584 729 376 430 632 439 254 340 557 481 535 561 211 499 819 260 67 381 454 633 176 444 706 816 771 473 581 296 406 611 389 263 446 686 668 0 461 630 1027 263 41 415 217 232 112 582 324 400 150
367 517 796 600 196 385 530 288 840 352 328 639 482 226 221 485 390 303 778 536 192 375 315 655 749 485 318 251 600 250 574 691 604 175 377 406 598 596 905 407 50 313 313 742 799 627 389 241 483 623 553 207 286 85 318 848 375 712 666 229 637 352 209 314 394 462 201 492 700 310 176 635 18 322 819 503 422 726 274 253 448 93 677 604 828 477 461 0 227 688 684 470 219 246 670 351 432 700 213 611
435 589 755 482 422 216 652 414 756 423 117 422 371 307 287 448 585 430 930 627 273 150 262 677 924 660 483 431 794 68 710 864 624 180 171 580 527 439 876 584 267 497 540 824 799 663 486 399 256 801 386 365 124 283 542 848 354 883 744 107 640 263 84 526 336 235 389 642 769 279 219 792 243 95 717 307 384 707 499 270 329 251 797 616 793 331 630 227 0 461 807 627 444 436 804 531 327 797 439 773
763 882 831 500 881 377 995 831 741 759 383 126 482 692 697 639 1010 815 1283 936 672 321 549 880 1309 1060 917 855 1209 459 1063 1248 837 604 329 985 622 388 949 992 728 942 1000 1090 939 891 832 813 208 1197 349 806 457 734 1003 980 617 1265 1016 486 824 502 493 970 561 226 824 1018 1025 578 643 1162 703 366 675 272 608 836 954 621 458 694 1120 820 873 403 1027 688 461 0 1133 1012 905 868 1145 947 484 1089 900 1152
381 252 560 706 600 762 156 921 711 389 921 1024 664 500 900 510 375 386 165 197 536 929 593 343 256 262 891 443 323 867 116 219 351 855 832 310 587 801 578 316 699 849 639 162 441 302 321 443 993 240 810 834 921 600 692 461 516 218 167 714 395 634 727 473 572 952 493 205 194 565 860 141 669 865 749 862 527 471 558 544 679 598 15 373 555 737 263 684 807 1133 0 233 674 458 45 364 651 97 659 169
261 240 635 664 368 635 118 691 760 260 744 918 587 327 679 459 149 201 308 199 357 764 465 413 300 67 659 220 217 681 117 239 389 645 690 77 571 735 694 85 479 617 410 350 555 366 192 233 845 185 728 605 731 385 463 590 415 257 300 549 441 515 555 242 475 808 271 28 341 436 645 166 454 700 779 752 446 541 326 392 587 393 231 406 646 645 41 470 627 1012 233 0 442 231 207 132 559 287 427 146
467 584 930 789 80 599 539 263 1002 451 534 859 673 360 304 639 309 360 724 580 342 588 500 751 661 425 217 255 489 455 559 612 706 334 597 365 763 800 1026 359 177 176 104 775 904 714 454 285 698 539 762 189 478 206 99 949 535 633 710 445 749 546 427 207 570 679 219 469 749 487 309 584 206 538 991 720 584 848 124 420 645 252 672 713 956 681 415 219 444 905 674 442 0 231 647 310 625 719 16 553
253 354 717 630 151 508 314 463 806 239 550 793 525 196 448 450 149 138 536 349 202 583 361 525 503 239 441 26 359 479 343 445 483 421 539 162 576 668 805 161 249 406 241 547 678 486 226 73 679 377 643 376 523 163 285 722 360 466 479 382 529 415 379 111 410 648 47 256 518 338 417 392 229 521 804 634 407 630 150 272 508 185 454 492 740 557 217 246 436 868 458 231 231 0 437 105 482 493 215 366
386 271 599 730 574 771 154 898 748 393 919 1039 682 497 883 531 343 378 140 213 532 930 601 379 215 228 864 424 278 863 96 175 383 843 839 283 615 822 621 288 682 821 606 207 484 336 322 429 998 194 828 812 916 585 660 504 528 176 206 714 429 644 726 443 585 959 475 181 236 572 845 96 654 866 784 875 543 509 528 546 695 587 57 404 596 753 232 670 804 1145 45 207 647 437 0 339 666 142 632 125
256 309 697 661 235 578 232 558 803 247 647 864 567 257 551 465 69 149 432 288 276 676 417 488 399 135 527 102 264 578 249 341 453 526 620 58 589 714 772 56 353 486 288 470 639 444 204 135 766 273 697 473 625 267 340 679 393 362 410 467 503 471 468 120 450 733 150 159 450 390 521 288 333 612 811 701 435 605 200 332 557 284 362 466 714 611 112 351 531 947 364 132 310 105 339 0 529 411 295 262
298 399 434 168 566 143 521 703 429 298 393 373 50 287 593 159 598 382 806 455 291 361 126 408 845 616 748 461 771 391 590 785 361 491 230 551 202 186 557 560 481 745 691 607 500 413 368 412 378 743 169 633 442 419 717 548 144 800 533 233 358 80 262 593 84 335 452 558 544 145 525 694 436 315 395 212 124 401 614 212 29 374 638 346 475 87 582 432 327 484 651 559 625 482 666 529 0 605 613 688
363 213 468 640 642 726 180 954 621 374 908 976 612 497 920 454 435 397 251 171 535 908 565 258 352 332 934 474 414 861 176 316 275 865 802 362 517 741 481 371 722 896 696 68 345 222 316 464 963 333 755 867 916 619 749 364 479 315 81 698 314 599 714 527 530 921 522 258 99 538 874 235 686 846 663 817 482 381 610 528 631 610 85 297 461 688 324 700 797 1089 97 287 719 493 142 411 605 0 704 260
452 568 915 777 64 590 524 275 988 436 532 852 662 346 310 625 295 345 710 565 329 584 488 736 649 411 232 239 478 452 544 599 691 336 590 350 749 789 1011 344 173 192 103 760 888 699 438 270 694 526 752 199 478 195 106 934 521 621 694 437 734 535 420 194 558 674 204 454 733 474 312 570 199 534 977 711 571 833 112 407 634 240 657 698 941 671 400 213 439 900 659 427 16 215 632 295 613 704 0 540
392 322 693 777 487 774 177 812 833 394 890 1054 712 472 813 572 245 346 172 266 502 910 603 467 158 130 769 359 154 826 113 97 459 786 833 205 672 858 728 205 615 723 501 327 589 421 322 378 989 75 856 729 876 526 554 614 544 113 310 694 509 652 701 346 604 952 410 134 346 574 783 33 593 845 862 888 570 599 431 534 717 537 177 479 695 775 150 611 773 1152 169 146 553 366 125 262 688 260 540 0
