# TTSP Euclidean complete-graph matrix instance
# seed: 2039
# depot: 1
# L_max is not stored in this file; pass it with --budget when running algorithms.
# coordinate rows: node x y
# coord 1 953.699638 683.420308
# coord 2 536.022540 940.016206
# coord 3 694.771461 717.282279
# coord 4 560.818910 257.273751
# coord 5 597.744527 641.937240
# coord 6 583.981743 755.032614
# coord 7 939.821776 935.199378
# coord 8 868.314603 309.759685
# coord 9 578.664349 297.390625
# coord 10 539.122629 885.263001
# coord 11 767.459382 423.047073
# coord 12 211.213851 399.449552
# coord 13 818.295097 369.279600
# coord 14 481.845186 894.384419
# coord 15 594.322938 69.375995
# coord 16 959.500727 992.325646
# coord 17 398.565837 243.941618
# coord 18 397.056242 225.011120
# coord 19 158.712789 425.188432
# coord 20 942.475741 83.093580
# coord 21 850.276514 887.637306
# coord 22 112.578786 144.287039
# coord 23 582.101577 699.059767
# coord 24 446.490523 319.042040
# coord 25 959.575712 71.506308
# coord 26 329.086610 782.176869
# coord 27 518.136874 528.176423
# coord 28 381.273633 985.621804
# coord 29 878.940148 945.238199
# coord 30 298.233393 266.536066
# coord 31 960.309422 584.602563
# coord 32 605.107334 208.512025
# coord 33 880.284519 13.971923
# coord 34 698.131114 314.709500
# coord 35 947.510482 268.639945
# coord 36 865.068665 520.224013
# coord 37 445.317865 698.069273
# coord 38 357.229559 852.600325
# coord 39 646.558447 52.905425
# coord 40 569.093890 841.739712
# coord 41 98.817493 870.424409
# coord 42 224.949372 145.932748
# coord 43 467.670763 739.176608
# coord 44 613.979052 951.750514
# coord 45 2.869348 320.392045
# coord 46 31.634365 348.930331
# coord 47 800.633602 960.068468
# coord 48 953.751681 505.466008
# coord 49 770.095411 624.670361
# coord 50 450.642335 793.077345
# coord 51 921.601827 21.069343
# coord 52 747.789302 925.373311
# coord 53 0.291912 411.753259
# coord 54 47.026103 166.288875
# coord 55 386.701776 483.094580
# coord 56 545.777432 437.399893
# coord 57 309.024528 655.262613
# coord 58 639.847096 69.248333
# coord 59 171.810329 848.796206
# coord 60 261.461898 124.654664
# coord 61 855.080274 253.114870
# coord 62 138.140838 34.280202
# coord 63 693.273537 509.355128
# coord 64 738.582830 672.159254
# coord 65 265.174945 597.245853
# coord 66 139.138179 35.494438
# coord 67 804.455630 55.424489
# coord 68 207.578968 529.553853
# coord 69 319.979759 932.221566
# coord 70 466.455782 861.779808
# coord 71 186.234691 954.180015
# coord 72 588.908746 445.320719
# coord 73 162.035823 924.463591
# coord 74 710.127837 604.523558
# coord 75 58.273449 610.440054
# coord 76 313.191227 606.854483
# coord 77 963.205456 907.686237
# coord 78 587.103851 770.657090
# coord 79 273.838291 639.100874
# coord 80 5.208170 179.352318
# coord 81 449.317235 689.640653
# coord 82 642.690242 668.163319
# coord 83 849.894842 393.355118
# coord 84 876.760416 175.465143
# coord 85 197.845852 245.837708
# coord 86 930.385244 944.756787
# coord 87 333.654341 685.631500
# coord 88 907.428785 676.339375
# coord 89 195.737865 488.565062
# coord 90 908.421785 675.860716
# coord 91 844.518757 85.845871
# coord 92 267.076332 362.278768
# coord 93 100.580293 381.898807
# coord 94 572.942190 591.615387
# coord 95 8.189555 799.580115
# coord 96 250.695184 226.690568
# coord 97 43.626931 572.585073
# coord 98 229.461309 703.430314
# coord 99 590.536709 5.821256
# coord 100 381.877815 774.335449
# reference_nearest_neighbor_tour_cost: 9745
TTSP_MATRIX
100
0 76 14 90 32 4 5 76 60 92 50 25 32 62 10 49 96 85 41 76 72 16 92 63 26 50 81 12 65 78 7 17 79 29 29 83 21 12 5 1 79 52 28 93 16 33 37 37 21 47 64 95 6 70 90 1 33 81 60 80 68 44 53 53 71 74 7 99 64 95 99 90 22 70 71 1 32 29 23 63 13 10 76 58 19 8 70 99 5 49 27 79 2 57 49 95 37 9 88 77
0 490 261 580 358 377 252 383 538 461 320 795 342 517 711 309 708 721 836 600 229 999 372 625 612 632 462 647 272 777 99 589 673 449 415 186 509 620 701 416 875 906 489 433 1018 981 316 178 193 515 663 318 991 1044 601 476 645 690 799 890 441 1042 313 215 694 1041 645 762 681 519 814 436 828 256 898 645 224 377 681 1074 504 311 308 514 873 262 620 47 783 46 607 758 905 392 953 838 917 725 769 579
490 0 274 683 304 191 404 712 644 55 566 631 637 71 873 427 710 728 638 948 319 901 245 627 966 260 412 161 343 714 553 735 988 646 787 533 258 199 894 104 443 853 212 79 817 777 265 603 393 170 997 212 752 915 481 503 364 877 375 860 757 989 458 336 437 988 924 526 216 105 350 498 374 378 580 401 428 177 399 928 265 292 630 837 772 394 325 455 565 457 908 637 708 350 546 768 614 387 936 226
261 274 0 479 123 117 328 443 436 229 303 579 369 277 656 382 558 575 610 681 231 817 114 469 698 371 259 413 293 600 297 517 727 403 515 260 250 364 666 177 615 740 228 248 798 759 265 335 119 256 732 215 759 850 387 317 391 650 539 734 491 881 208 63 446 880 671 522 432 270 561 292 572 114 645 397 329 120 428 875 247 72 359 572 685 328 363 217 549 218 649 556 682 175 691 662 667 466 719 318
580 683 479 0 386 498 777 312 44 628 265 377 281 642 191 836 163 167 436 420 694 462 442 130 440 574 274 750 758 263 516 66 402 149 387 402 456 629 222 585 768 354 491 697 562 537 743 465 423 547 431 694 581 522 285 181 471 204 708 327 294 478 285 451 451 476 316 446 717 612 791 190 777 378 614 428 765 514 478 561 447 419 320 326 363 781 485 544 432 544 331 312 477 335 774 312 606 556 253 547
358 304 123 386 0 114 451 428 345 250 277 456 351 278 573 504 445 463 490 657 352 695 59 357 676 303 139 406 414 480 367 433 689 342 512 294 162 320 591 202 549 620 162 310 676 637 377 381 173 211 700 321 640 728 264 211 289 574 474 617 466 762 163 144 336 760 622 406 402 256 517 197 519 118 540 287 452 129 324 752 156 52 354 544 563 450 268 312 430 313 608 433 561 56 610 541 558 373 636 253
377 191 117 498 114 0 399 528 458 138 379 515 451 173 686 444 544 562 538 762 297 772 56 457 780 256 236 307 351 566 413 547 798 455 607 366 150 247 705 88 499 707 117 199 726 686 298 446 227 139 808 236 677 797 336 320 292 688 423 708 570 848 269 175 356 846 734 439 318 159 445 310 455 196 545 309 409 16 331 816 150 105 449 649 639 395 260 333 471 334 718 505 611 164 578 625 570 358 749 203
252 404 328 777 451 399 0 630 733 404 540 904 579 460 932 60 878 894 933 852 101 1144 429 789 864 630 586 561 62 927 351 800 923 666 667 422 548 588 930 382 843 1065 511 326 1121 1081 141 430 354 509 914 192 1076 1178 714 635 690 916 773 1057 687 1206 492 331 755 1204 890 837 620 479 754 603 778 403 939 707 36 389 729 1202 549 399 549 762 1013 13 656 261 868 261 855 884 1005 503 941 988 967 747 993 581
383 712 443 312 428 528 630 0 290 663 152 663 78 701 364 689 474 479 719 238 578 774 483 422 255 717 413 833 636 572 290 282 296 170 89 210 574 746 339 610 952 664 587 691 866 838 654 214 330 639 294 627 874 834 512 347 657 332 881 634 58 780 265 385 668 779 262 696 830 683 938 311 936 335 864 630 605 540 680 873 566 424 86 135 674 638 654 369 696 368 225 604 771 408 990 623 866 750 412 673
538 644 436 44 345 458 733 290 0 589 227 381 250 605 229 792 188 196 439 422 650 491 402 134 443 545 239 716 714 282 478 93 414 121 370 363 422 598 254 544 747 385 456 655 576 549 699 429 379 512 440 650 590 548 267 144 448 236 685 361 280 513 241 407 434 512 331 438 686 575 765 148 753 334 607 408 721 473 458 585 413 376 288 322 384 737 459 502 428 502 340 318 485 294 760 336 602 536 292 516
461 55 229 628 250 138 404 663 589 0 516 586 587 58 818 434 657 675 597 898 311 855 191 574 916 234 358 187 345 664 517 680 936 592 740 489 209 185 839 53 441 803 163 100 779 738 272 562 348 128 945 212 717 871 430 448 325 822 369 810 707 941 406 292 397 939 871 486 224 76 360 443 379 329 554 359 425 124 362 885 215 241 582 786 725 396 286 423 525 425 856 590 668 296 538 719 586 359 881 192
320 566 303 265 277 379 540 152 227 516 0 557 74 551 394 601 410 420 609 382 472 712 332 337 401 567 271 682 534 495 252 269 424 129 237 138 424 594 389 463 805 609 436 551 771 740 538 204 202 487 431 503 767 765 385 222 514 376 732 587 191 740 114 251 532 738 369 570 678 532 787 180 786 190 734 490 523 392 539 800 415 275 88 271 597 547 507 289 575 289 346 504 668 257 848 553 739 607 453 522
795 631 579 377 456 515 904 663 381 586 557 0 608 564 506 955 243 255 58 797 804 274 477 249 817 400 333 610 862 159 772 438 772 494 748 665 379 476 556 569 484 254 426 684 223 187 813 750 603 461 805 751 211 285 194 337 274 541 451 279 660 372 494 594 205 371 686 130 544 528 555 380 527 539 261 231 908 528 248 301 375 508 639 702 154 903 311 749 90 750 707 67 112 410 449 177 241 305 547 412
342 637 369 281 351 451 579 78 250 587 74 608 0 624 374 639 438 445 662 312 519 741 406 375 330 640 340 756 579 530 258 267 361 132 164 158 497 668 360 534 877 634 510 617 817 787 591 192 260 561 363 561 819 798 446 281 584 349 805 608 122 758 188 313 598 757 314 631 752 605 861 242 860 259 797 558 558 463 608 835 489 347 40 202 633 586 579 320 634 320 285 551 718 331 917 585 801 677 429 595
517 71 277 642 278 173 460 701 605 58 551 564 624 0 833 488 656 675 570 933 368 836 220 576 952 190 368 136 400 654 570 697 966 619 780 536 200 131 857 102 384 791 156 144 748 707 325 612 395 106 978 268 682 848 422 461 295 840 313 801 742 926 439 340 368 925 899 456 166 36 302 462 321 369 510 333 482 162 329 859 207 278 622 820 708 451 256 478 497 479 886 574 639 316 483 707 544 316 895 156
711 873 656 191 573 686 932 364 229 818 394 506 374 833 0 993 262 251 562 348 857 488 630 290 365 761 465 941 921 356 632 140 291 266 406 526 646 818 55 773 942 377 682 883 643 628 914 565 582 738 331 870 686 556 463 371 652 46 887 337 319 458 451 620 622 456 211 601 905 803 974 376 958 548 762 607 916 701 654 599 637 601 413 302 434 938 669 683 578 683 251 439 584 523 936 378 746 732 64 736
309 427 382 836 504 444 60 689 792 434 601 955 639 488 993 0 935 951 981 909 151 1199 478 846 921 665 640 578 93 982 408 860 982 726 724 481 592 618 990 418 869 1121 553 348 1169 1129 162 487 414 546 972 222 1121 1231 766 692 733 977 801 1114 747 1262 551 389 799 1260 950 883 642 510 774 661 800 461 979 753 85 433 771 1254 593 453 609 821 1066 56 697 320 915 321 914 936 1054 557 971 1043 1007 785 1053 617
708 710 558 163 445 544 878 474 188 657 410 243 438 656 262 935 0 19 301 567 786 303 491 89 587 543 308 742 850 103 657 210 534 308 549 542 457 610 313 622 694 199 500 740 403 382 821 614 532 552 569 766 432 360 239 243 421 298 646 182 457 334 397 547 378 333 448 344 693 622 741 277 720 477 500 373 871 559 414 399 449 489 475 483 201 880 446 668 318 668 473 177 328 389 679 149 484 490 306 531
721 728 575 167 463 562 894 479 196 675 420 255 445 675 251 951 19 0 311 564 803 296 509 106 583 561 326 761 867 107 668 209 527 314 552 553 476 629 303 640 711 189 519 758 406 386 839 623 547 571 563 783 439 355 258 259 439 288 663 169 459 322 411 563 395 320 441 359 711 641 759 292 738 492 513 391 887 578 432 394 468 507 483 482 200 896 465 681 332 682 469 189 335 407 694 146 496 507 292 550
836 638 610 436 490 538 933 719 439 597 609 58 662 570 562 981 301 311 0 855 832 285 504 307 875 396 374 603 888 211 817 496 831 551 804 713 396 471 614 585 449 287 441 696 188 148 836 799 643 470 863 773 159 282 235 387 275 598 424 318 717 391 541 630 202 390 744 115 532 534 530 431 499 580 211 238 938 550 243 290 393 542 692 760 184 930 314 790 73 791 765 125 72 446 404 219 187 287 602 414
600 948 681 420 657 762 852 238 422 898 382 797 312 933 348 909 567 564 855 0 810 832 714 549 21 930 615 1063 864 670 502 360 93 337 186 444 791 967 297 846 1154 720 810 929 969 949 888 423 568 864 65 864 998 899 685 532 854 303 1086 682 191 806 494 623 850 805 141 860 1053 913 1154 506 1148 571 1030 819 825 774 870 942 782 657 324 113 762 862 857 594 850 594 98 731 893 629 1177 707 1023 945 360 890
229 319 231 694 352 297 101 578 650 311 472 804 519 368 857 151 786 803 832 810 0 1047 328 697 823 532 489 479 64 831 322 722 874 593 627 368 447 494 859 285 752 970 410 245 1020 980 88 396 275 411 869 109 974 1080 615 544 589 845 680 964 635 1111 410 243 653 1110 833 736 532 385 667 514 689 316 839 606 115 288 628 1103 447 302 494 713 915 98 555 219 767 220 802 785 904 406 847 892 866 648 919 482
999 901 817 462 695 772 1144 774 491 855 712 274 741 836 488 1199 303 296 285 832 1047 0 727 377 850 674 558 883 1109 222 955 497 779 610 844 841 646 749 542 834 726 112 693 950 207 220 1067 915 814 732 818 1007 290 69 436 523 547 533 707 150 750 113 686 819 478 112 698 397 815 800 813 563 782 754 469 504 1143 786 520 113 641 745 778 765 133 1144 585 956 354 957 734 267 238 642 664 161 434 571 498 685
372 245 114 442 59 56 429 483 402 191 332 477 406 220 630 478 491 509 504 714 328 727 0 403 732 266 182 350 386 517 395 491 747 401 565 335 137 272 649 143 513 658 121 255 692 652 340 419 202 162 758 280 649 755 291 264 277 632 437 658 523 799 220 159 333 798 681 411 351 200 471 254 477 159 531 284 434 72 314 776 133 68 406 601 594 426 249 326 440 327 667 461 577 108 583 577 553 353 693 214
625 627 469 130 357 457 789 422 134 574 337 249 375 576 290 846 89 106 307 549 697 377 403 0 570 478 221 670 761 157 578 193 530 252 504 464 379 541 333 537 652 281 421 655 444 416 732 540 445 474 561 677 456 428 175 154 363 316 597 268 414 420 312 458 332 418 445 318 626 543 686 190 669 389 485 317 783 473 364 463 371 400 410 454 259 791 384 583 303 584 461 185 352 300 650 216 476 441 345 460
612 966 698 440 676 780 864 255 443 916 401 817 330 952 365 921 587 583 875 21 823 850 732 570 0 950 635 1082 877 690 513 380 98 357 198 459 811 986 314 864 1174 738 829 946 989 969 903 434 585 883 63 880 1018 917 705 552 874 320 1107 700 210 822 512 640 871 821 156 881 1072 932 1174 526 1168 588 1050 839 836 792 890 960 802 676 340 133 781 874 877 607 870 607 116 751 913 648 1198 726 1044 966 375 910
632 260 371 574 303 256 630 717 545 234 567 400 640 190 761 665 543 561 396 930 532 674 266 478 950 0 317 210 574 517 661 637 945 596 804 597 143 76 795 247 247 645 145 332 565 526 504 683 468 122 965 443 495 677 305 407 128 778 171 661 746 772 455 424 196 770 868 280 150 159 224 425 219 420 321 176 646 258 153 684 152 334 650 817 552 623 97 588 322 589 866 424 461 309 321 561 354 127 819 53
462 412 259 274 139 236 586 413 239 358 271 333 340 368 465 640 308 326 374 615 489 558 182 221 635 317 0 477 551 342 446 331 629 279 502 347 185 362 492 318 541 482 217 434 556 518 516 436 270 273 648 459 531 594 139 95 245 475 472 478 435 623 176 263 262 622 553 311 450 338 540 109 533 207 467 220 585 252 268 620 176 187 358 503 427 586 243 417 325 417 550 301 442 84 578 403 477 338 527 281
647 161 413 750 406 307 561 833 716 187 682 610 756 136 941 578 742 761 603 1063 479 883 350 670 1082 210 477 0 499 724 704 809 1092 742 914 671 295 135 970 237 305 854 261 235 765 726 420 747 531 205 1106 371 689 885 503 572 338 952 250 869 872 982 569 475 405 980 1022 488 81 150 198 579 228 503 495 385 587 298 363 890 304 411 755 950 762 551 304 610 531 611 1012 634 666 438 417 770 533 320 1002 211
272 343 293 758 414 351 62 636 714 345 534 862 579 400 921 93 850 867 888 864 64 1109 386 761 877 574 551 499 0 893 370 786 931 656 680 425 499 530 922 327 784 1033 460 265 1076 1036 80 446 339 455 925 133 1028 1140 675 607 639 908 714 1027 693 1174 474 307 706 1173 893 790 559 421 693 578 717 380 886 659 92 340 678 1162 500 364 553 770 976 51 604 270 822 271 860 845 961 468 883 954 915 693 983 526
777 714 600 263 480 566 927 572 282 664 495 159 530 654 356 982 103 107 211 670 831 222 517 157 690 517 342 724 893 0 735 312 634 403 649 621 456 589 409 636 636 141 502 754 300 279 856 698 592 548 670 798 331 270 234 301 389 394 596 147 557 282 464 599 332 281 548 278 666 619 697 341 672 533 419 341 924 581 373 306 449 529 566 586 102 927 421 734 245 735 575 101 229 426 607 62 398 442 392 515
99 553 297 516 367 413 351 290 478 517 252 772 258 570 632 408 657 668 817 502 322 955 395 578 513 661 446 704 370 735 0 517 576 376 316 115 527 660 617 468 908 856 516 505 993 958 408 79 194 551 565 402 975 1005 583 440 655 607 832 837 348 989 277 238 695 988 552 755 729 566 858 397 868 251 902 648 323 417 689 1038 522 328 221 418 834 361 635 106 771 105 512 728 883 387 976 795 917 740 687 609
589 735 517 66 433 547 800 282 93 680 269 438 267 697 140 860 210 209 496 360 722 497 491 193 380 637 331 809 786 312 517 0 337 141 348 406 515 690 161 634 833 385 548 743 613 590 777 458 448 605 368 731 638 560 351 236 536 144 773 354 254 498 313 482 516 497 251 511 778 668 855 237 842 410 679 494 786 562 543 601 506 461 307 274 409 805 549 557 496 557 269 371 533 384 840 355 669 621 203 608
673 988 727 402 689 798 923 296 414 936 424 772 361 966 291 982 534 527 831 93 874 779 747 530 98 945 629 1092 931 634 576 337 0 352 263 506 811 988 237 884 1159 668 834 975 929 912 949 497 621 890 42 921 966 847 681 540 859 247 1095 629 240 742 530 673 848 741 86 848 1076 943 1169 521 1160 615 1016 820 898 811 871 891 801 696 381 162 721 932 866 663 833 662 80 705 862 654 1174 665 1006 948 290 909
449 646 403 149 342 455 666 170 121 592 129 494 132 619 266 726 308 314 551 337 593 610 401 252 357 596 279 742 656 403 376 141 352 0 254 265 459 637 267 543 817 502 483 643 695 667 653 319 318 539 369 613 705 668 354 196 517 252 750 476 169 626 195 360 517 625 280 536 724 594 819 170 812 290 705 483 650 469 534 706 450 358 171 226 505 671 520 418 532 418 272 434 601 304 843 456 703 609 327 558
415 787 515 387 512 607 667 89 370 740 237 748 164 780 406 724 549 552 804 186 627 844 565 504 198 804 502 914 680 649 316 348 263 254 0 265 661 830 370 687 1040 733 672 760 946 919 707 237 398 722 249 686 958 906 600 436 746 367 969 701 94 843 350 454 757 841 257 785 913 764 1024 400 1023 411 953 719 639 618 769 947 652 503 158 117 750 676 742 410 783 409 210 687 854 495 1079 698 954 839 443 759
186 533 260 402 294 366 422 210 363 489 138 665 158 536 526 481 542 553 713 444 368 841 335 464 459 597 347 671 425 621 115 406 506 265 265 0 456 607 516 437 842 742 454 499 885 851 445 90 141 496 502 422 872 891 480 330 572 504 767 722 267 874 172 198 605 873 469 658 683 525 806 286 811 176 812 559 400 374 603 925 449 267 128 345 721 430 557 162 670 162 435 618 777 301 901 681 823 661 583 546
509 258 250 456 162 150 548 574 422 209 424 379 497 200 646 592 457 476 396 791 447 646 137 379 811 143 185 295 499 456 527 515 811 459 661 456 0 178 676 190 387 594 47 305 582 541 441 544 333 95 828 378 529 664 223 279 143 658 312 602 605 731 312 294 206 730 736 291 266 165 364 291 363 281 397 161 559 159 181 680 9 200 506 678 516 544 112 463 326 464 731 380 468 166 449 510 421 216 707 99
620 199 364 629 320 247 588 746 598 185 594 476 668 131 818 618 610 629 471 967 494 749 272 541 986 76 362 135 530 589 660 690 988 637 830 607 178 0 850 212 259 719 158 275 639 600 456 690 472 111 1005 397 567 753 371 456 203 833 185 734 779 847 480 422 271 846 914 356 88 110 199 469 208 431 385 250 608 244 229 760 187 340 674 853 627 581 169 578 398 579 908 499 536 339 353 635 420 196 878 82
701 894 666 222 591 705 930 339 254 839 389 556 360 857 55 990 313 303 614 297 859 542 649 333 314 795 492 970 922 409 617 161 237 267 370 516 676 850 0 793 984 432 709 899 697 682 920 547 585 766 277 878 739 610 503 397 690 18 927 392 289 509 459 626 665 508 158 648 938 829 1012 397 997 555 811 647 912 720 695 654 667 615 397 261 488 936 706 676 627 676 201 490 637 544 982 432 796 773 73 768
416 104 177 585 202 88 382 610 544 53 463 569 534 102 773 418 622 640 585 846 285 834 143 537 864 247 318 237 327 636 468 634 884 543 687 437 190 212 793 0 471 776 144 119 770 729 260 511 296 128 893 197 713 854 402 405 320 776 397 780 654 915 355 240 390 914 821 478 265 105 399 397 415 276 561 347 400 73 358 870 194 189 529 734 702 376 282 377 514 378 805 567 656 250 562 693 590 367 836 199
875 443 615 768 549 499 843 952 747 441 805 484 877 384 942 869 694 711 449 1154 752 726 513 652 1174 247 541 305 784 636 908 833 1159 817 1040 842 387 259 984 471 0 735 392 522 558 526 708 930 715 360 1183 651 469 706 483 622 301 967 76 763 976 837 696 670 320 836 1078 358 230 368 121 649 83 667 263 340 865 498 290 697 394 580 890 1043 632 835 299 832 394 833 1082 535 489 550 115 661 303 212 995 299
906 853 740 354 620 707 1065 664 385 803 609 254 634 791 377 1121 199 189 287 720 970 112 658 281 738 645 482 854 1033 141 856 385 668 502 733 742 594 719 432 776 735 0 641 895 282 280 997 813 726 685 708 939 348 179 374 433 516 422 705 42 639 141 593 735 453 140 587 384 792 755 809 471 781 668 494 469 1061 722 496 222 588 669 672 652 104 1066 551 864 344 865 622 220 267 565 689 85 464 558 392 648
489 212 228 491 162 117 511 587 456 163 436 426 510 156 682 553 500 519 441 810 410 693 121 421 829 145 217 261 460 502 516 548 834 483 672 454 47 158 709 144 392 641 0 258 626 585 400 539 323 57 850 336 571 711 269 312 179 692 316 648 622 778 322 279 247 777 762 334 243 123 354 318 357 277 429 203 523 124 218 726 53 189 515 697 562 506 144 444 370 445 754 427 512 181 463 557 456 241 744 93
433 79 248 697 310 199 326 691 655 100 551 684 617 144 883 348 740 758 696 929 245 950 255 655 946 332 434 235 265 754 505 743 975 643 760 499 305 275 899 119 522 895 258 0 879 838 187 561 362 228 980 136 817 969 521 519 425 883 454 899 739 1034 449 306 497 1032 916 586 295 173 428 507 453 360 652 458 352 183 462 983 310 285 606 820 819 316 387 402 624 403 896 684 767 362 625 811 685 458 946 292
1018 817 798 562 676 726 1121 866 576 779 771 223 817 748 643 1169 403 406 188 969 1020 207 692 444 989 565 556 765 1076 300 993 613 929 695 946 885 582 639 697 770 558 282 626 879 0 41 1023 969 825 651 966 960 91 160 417 555 454 685 555 324 855 316 716 815 381 316 844 293 689 713 660 599 625 762 295 422 1126 738 418 141 579 728 850 886 209 1118 493 972 256 973 874 268 115 631 479 265 255 445 667 591
981 777 759 537 637 686 1081 838 549 738 740 187 787 707 628 1129 382 386 148 949 980 220 652 416 969 526 518 726 1036 279 958 590 912 667 919 851 541 600 682 729 526 280 585 838 41 0 982 935 788 611 948 919 70 183 380 522 413 669 519 321 829 332 681 777 341 331 827 252 651 672 625 566 590 725 263 382 1086 697 378 172 539 689 819 863 196 1078 452 935 215 936 854 236 76 593 451 251 224 406 656 551
316 265 265 743 377 298 141 654 699 272 538 813 591 325 914 162 821 839 836 888 88 1067 340 732 903 504 516 420 80 856 408 777 949 653 707 445 441 456 920 260 708 997 400 187 1023 982 0 480 337 388 947 63 970 1095 632 581 578 905 639 994 709 1138 463 295 647 1137 905 733 481 348 614 557 640 367 821 602 171 285 617 1115 443 332 569 788 935 131 542 303 767 304 875 801 908 433 809 917 850 626 977 458
178 603 335 465 381 446 430 214 429 562 204 750 192 612 565 487 614 623 799 423 396 915 419 540 434 683 436 747 446 698 79 458 497 319 237 90 544 690 547 511 930 813 539 561 969 935 480 0 219 580 485 468 958 968 567 414 662 537 854 790 271 942 261 272 695 940 474 747 764 604 889 370 896 263 902 649 402 453 693 1003 537 351 153 339 799 440 646 177 758 176 434 701 862 390 990 756 913 751 618 632
193 393 119 423 173 227 354 330 379 348 202 603 260 395 582 414 532 547 643 568 275 814 202 445 585 468 270 531 339 592 194 448 621 318 398 141 333 472 585 296 715 726 323 362 825 788 337 219 0 361 622 302 799 856 409 292 462 570 639 713 381 865 139 57 506 863 570 571 545 385 670 255 678 63 712 457 343 234 496 885 327 135 245 462 686 358 441 147 590 147 544 567 712 200 782 654 728 546 644 416
515 170 256 547 211 139 509 639 512 128 487 461 561 106 738 546 552 571 470 864 411 732 162 474 883 122 273 205 455 548 551 605 890 539 722 496 95 111 766 128 360 685 57 228 651 611 388 580 361 0 904 325 590 745 317 368 198 748 284 695 675 821 373 312 270 819 818 359 191 70 310 374 317 321 433 231 525 138 234 758 103 229 565 750 603 503 159 471 397 473 810 468 540 236 443 601 463 239 800 71
663 997 732 431 700 808 914 294 440 945 431 805 363 978 331 972 569 563 863 65 869 818 758 561 63 965 648 1106 925 670 565 368 42 369 249 502 828 1005 277 893 1183 708 850 980 966 948 947 485 622 904 0 921 1001 887 707 561 882 286 1117 668 241 784 539 676 873 783 122 877 1092 956 1188 539 1180 621 1045 845 888 821 895 930 819 705 379 161 758 924 887 655 863 655 101 738 897 669 1200 702 1037 972 331 927
318 212 215 694 321 236 192 627 650 212 503 751 561 268 870 222 766 783 773 864 109 1007 280 677 880 443 459 371 133 798 402 731 921 613 686 422 378 397 878 197 651 939 336 136 960 919 63 468 302 325 921 0 907 1033 571 528 515 863 581 937 681 1080 420 253 584 1078 872 670 428 288 562 506 586 323 758 539 216 223 554 1053 380 278 542 761 874 184 479 296 704 297 845 740 845 377 750 857 788 564 933 396
991 752 759 581 640 677 1076 874 590 717 767 211 819 682 686 1121 432 439 159 998 974 290 649 456 1018 495 531 689 1028 331 975 638 966 705 958 872 529 567 739 713 469 348 571 817 91 70 970 958 799 590 1001 907 0 250 393 546 393 725 469 388 869 402 700 783 323 401 880 238 611 648 573 590 538 736 207 369 1083 688 356 232 528 692 850 908 258 1072 431 945 210 946 905 271 105 600 388 311 167 371 716 526
1044 915 850 522 728 797 1178 834 548 871 765 285 798 848 556 1231 360 355 282 899 1080 69 755 428 917 677 594 885 1140 270 1005 560 847 668 906 891 664 753 610 854 706 179 711 969 160 183 1095 968 856 745 887 1033 250 0 464 568 555 601 694 218 813 160 732 857 483 160 766 397 813 812 800 610 767 795 444 515 1179 811 524 44 660 779 834 830 171 1177 593 1000 355 1001 802 295 222 676 634 212 406 567 567 694
601 481 387 285 264 336 714 512 267 430 385 194 446 422 463 766 239 258 235 685 615 436 291 175 705 305 139 503 675 234 583 351 681 354 600 480 223 371 503 402 483 374 269 521 417 380 632 567 409 317 707 571 393 464 0 166 189 485 424 380 522 513 308 399 167 512 598 185 454 387 512 206 495 345 352 144 716 351 193 488 216 316 472 579 303 713 209 555 191 556 606 170 303 216 493 290 355 271 519 291
476 503 317 181 211 320 635 347 144 448 222 337 281 461 371 692 243 259 387 532 544 523 264 154 552 407 95 572 607 301 440 236 540 196 436 330 279 456 397 405 622 433 312 519 555 522 581 414 292 368 561 528 546 568 166 0 322 380 556 423 360 573 164 304 323 572 461 351 544 432 630 44 620 234 517 288 629 336 339 599 270 250 307 422 397 637 327 433 354 434 461 289 449 157 648 363 520 413 434 375
645 364 391 471 289 292 690 657 448 325 514 274 584 295 652 733 421 439 275 854 589 547 277 363 874 128 245 338 639 389 655 536 859 517 746 572 143 203 690 320 301 516 179 425 454 413 578 662 462 198 882 515 393 555 189 322 0 673 237 533 678 644 411 430 73 643 778 162 277 260 323 350 307 404 255 49 701 301 39 565 144 334 601 743 424 685 39 599 202 600 782 296 344 271 334 433 278 93 708 140
690 877 650 204 574 688 916 332 236 822 376 541 349 840 46 977 298 288 598 303 845 533 632 316 320 778 475 952 908 394 607 144 247 252 367 504 658 833 18 776 967 422 692 883 685 669 905 537 570 748 286 863 725 601 485 380 673 0 909 382 283 503 443 611 647 502 165 631 920 811 994 380 980 540 794 629 899 703 677 644 649 599 386 260 476 922 688 663 611 663 205 474 623 527 966 420 780 755 80 751
799 375 539 708 474 423 773 881 685 369 732 451 805 313 887 801 646 663 424 1086 680 707 437 597 1107 171 472 250 714 596 832 773 1095 750 969 767 312 185 927 397 76 705 316 454 555 519 639 854 639 284 1117 581 469 694 424 556 237 909 0 730 906 815 622 594 268 814 1015 321 170 295 106 580 76 591 264 280 794 423 233 690 320 504 817 975 604 765 230 756 361 757 1017 496 472 476 171 627 305 156 941 223
890 860 734 327 617 708 1057 634 361 810 587 279 608 801 337 1114 182 169 318 682 964 150 658 268 700 661 478 869 1027 147 837 354 629 476 701 722 602 734 392 780 763 42 648 899 324 321 994 790 713 695 668 937 388 218 380 423 533 382 730 0 607 153 578 726 473 151 547 408 810 765 833 458 806 657 527 485 1051 723 515 262 595 664 647 617 137 1058 566 849 370 850 584 238 303 561 721 103 498 580 350 661
441 757 491 294 466 570 687 58 280 707 191 660 122 742 319 747 457 459 717 191 635 750 523 414 210 746 435 872 693 557 348 254 240 169 94 267 605 779 289 654 976 639 622 739 855 829 709 271 381 675 241 681 869 813 522 360 678 283 906 607 0 750 303 435 683 748 204 704 865 722 969 328 965 380 873 647 663 583 698 853 596 466 140 81 657 696 677 426 700 426 168 598 765 441 1008 605 872 771 362 704
1042 989 881 478 762 848 1206 780 513 941 740 372 758 926 458 1262 334 322 391 806 1111 113 799 420 822 772 623 982 1174 282 989 498 742 626 843 874 731 847 509 915 837 141 778 1034 316 332 1138 942 865 821 784 1080 402 160 513 573 644 503 815 153 750 0 731 876 577 2 667 500 916 890 921 610 891 808 582 599 1201 862 620 197 725 810 797 752 220 1207 680 1002 458 1002 708 352 350 707 776 223 547 675 453 779
313 458 208 285 163 269 492 265 241 406 114 494 188 439 451 551 397 411 541 494 410 686 220 312 512 455 176 569 474 464 277 313 530 195 350 172 312 480 459 355 696 593 322 449 716 681 463 261 139 373 539 420 700 732 308 164 411 443 622 578 303 731 0 169 437 729 467 486 564 419 675 122 674 97 643 392 481 282 439 763 303 167 195 381 561 496 400 272 498 272 450 451 606 146 744 525 653 503 514 409
215 336 63 451 144 175 331 385 407 292 251 594 313 340 620 389 547 563 630 623 243 819 159 458 640 424 263 475 307 599 238 482 673 360 454 198 294 422 626 240 670 735 279 306 815 777 295 272 57 312 676 253 783 857 399 304 430 611 594 726 435 876 169 0 479 874 620 550 493 332 620 272 629 73 683 430 325 181 466 884 290 96 300 516 689 333 405 169 573 170 596 564 701 184 741 661 702 510 683 371
694 437 446 451 336 356 755 668 434 397 532 205 598 368 622 799 378 395 202 850 653 478 333 332 871 196 262 405 706 332 695 516 848 517 757 605 206 271 665 390 320 453 247 497 381 341 647 695 506 270 873 584 323 483 167 323 73 647 268 473 683 577 437 479 0 576 764 89 339 332 366 358 343 445 207 49 764 366 43 492 206 384 619 743 358 751 112 647 129 648 773 235 271 308 327 371 223 112 675 212
1041 988 880 476 760 846 1204 779 512 939 738 371 757 925 456 1260 333 320 390 805 1110 112 798 418 821 770 622 980 1173 281 988 497 741 625 841 873 730 846 508 914 836 140 777 1032 316 331 1137 940 863 819 783 1078 401 160 512 572 643 502 814 151 748 2 729 874 576 0 666 499 915 889 920 608 889 806 581 597 1200 861 618 197 724 809 796 751 218 1205 679 1000 457 1001 707 351 349 705 775 221 546 674 452 778
645 924 671 316 622 734 890 262 331 871 369 686 314 899 211 950 448 441 744 141 833 698 681 445 156 868 553 1022 893 548 552 251 86 280 257 469 736 914 158 821 1078 587 762 916 844 827 905 474 570 818 122 872 880 766 598 461 778 165 1015 547 204 667 467 620 764 666 0 762 1002 874 1091 446 1081 557 930 739 867 748 789 809 727 634 341 140 636 898 787 629 747 629 50 619 776 584 1090 580 920 866 220 834
762 526 522 446 406 439 837 696 438 486 570 130 631 456 601 883 344 359 115 860 736 397 411 318 881 280 311 488 790 278 755 511 848 536 785 658 291 356 648 478 358 384 334 586 293 252 733 747 571 359 877 670 238 397 185 351 162 631 321 408 704 500 486 550 89 499 762 0 418 421 425 391 398 508 170 131 845 450 128 404 290 457 657 757 284 834 201 715 43 716 776 178 182 371 336 306 170 175 649 300
681 216 432 717 402 318 620 830 686 224 678 544 752 166 905 642 693 711 532 1053 532 815 351 626 1072 150 450 81 559 666 729 778 1076 724 913 683 266 88 938 265 230 792 243 295 689 651 481 764 545 191 1092 428 611 813 454 544 277 920 170 810 865 916 564 493 339 915 1002 418 0 163 136 556 158 510 415 325 644 312 297 816 275 417 756 940 697 611 247 641 461 642 996 572 592 424 339 709 454 246 965 170
519 105 270 612 256 159 479 683 575 76 532 528 605 36 803 510 622 641 534 913 385 800 200 543 932 159 338 150 421 619 566 668 943 594 764 525 165 110 829 105 368 755 123 173 713 672 348 604 385 70 956 288 648 812 387 432 260 811 295 765 722 890 419 332 332 889 874 421 163 0 295 434 311 354 479 297 499 151 294 824 173 262 605 800 672 471 221 478 461 479 863 538 603 290 462 671 512 285 865 122
814 350 561 791 517 445 754 938 765 360 787 555 861 302 974 774 741 759 530 1154 667 813 471 686 1174 224 540 198 693 697 858 855 1169 819 1024 806 364 199 1012 399 121 809 354 428 660 625 614 889 670 310 1188 562 573 800 512 630 323 994 106 833 969 921 675 620 366 920 1091 425 136 295 0 649 38 630 367 370 778 441 327 796 373 539 869 1041 708 744 306 773 466 774 1090 597 579 530 236 730 407 254 1031 266
436 498 292 190 197 310 603 311 148 443 180 380 242 462 376 661 277 292 431 506 514 563 254 190 526 425 109 579 578 341 397 237 521 170 400 286 291 469 397 397 649 471 318 507 599 566 557 370 255 374 539 506 590 610 206 44 350 380 580 458 328 610 122 272 358 608 446 391 556 434 649 0 642 200 556 320 595 325 370 641 281 229 266 395 439 605 351 393 396 394 441 332 492 147 680 403 560 443 440 389
828 374 572 777 519 455 778 936 753 379 786 527 860 321 958 800 720 738 499 1148 689 782 477 669 1168 219 533 228 717 672 868 842 1160 812 1023 811 363 208 997 415 83 781 357 453 625 590 640 896 678 317 1180 586 538 767 495 620 307 980 76 806 965 891 674 629 343 889 1081 398 158 311 38 642 0 635 331 352 801 452 306 761 371 545 869 1035 680 769 294 786 437 787 1081 572 546 529 198 703 371 231 1014 266
256 378 114 378 118 196 403 335 334 329 190 539 259 369 548 461 477 492 580 571 316 754 159 389 588 420 207 503 380 533 251 410 615 290 411 176 281 431 555 276 667 668 277 360 762 725 367 263 63 321 621 323 736 795 345 234 404 540 591 657 380 808 97 73 445 806 557 508 510 354 630 200 635 0 652 397 395 207 438 823 274 93 253 460 625 405 385 210 527 211 536 505 649 138 729 595 667 491 611 370
898 580 645 614 540 545 939 864 607 554 734 261 797 510 762 979 500 513 211 1030 839 469 531 485 1050 321 467 495 886 419 902 679 1016 705 953 812 397 385 811 561 263 494 429 652 295 263 821 902 712 433 1045 758 207 444 352 517 255 794 264 527 873 582 643 683 207 581 930 170 415 479 367 556 331 652 0 255 953 553 217 434 399 587 821 927 390 934 285 852 184 853 945 324 232 515 196 429 41 195 806 363
645 401 397 428 287 309 707 630 408 359 490 231 558 333 607 753 373 391 238 819 606 504 284 317 839 176 220 385 659 341 648 494 820 483 719 559 161 250 647 347 340 469 203 458 422 382 602 649 457 231 845 539 369 515 144 288 49 629 280 485 647 599 392 430 49 597 739 131 325 297 370 320 352 397 255 0 716 319 51 527 159 335 578 710 379 704 81 598 167 599 744 249 310 260 361 385 272 128 662 181
224 428 329 765 452 409 36 605 721 425 523 908 558 482 916 85 871 887 938 825 115 1143 434 783 836 646 585 587 92 924 323 786 898 650 639 400 559 608 912 400 865 1061 523 352 1126 1086 171 402 343 525 888 216 1083 1179 716 629 701 899 794 1051 663 1201 481 325 764 1200 867 845 644 499 778 595 801 395 953 716 0 400 740 1203 558 400 527 737 1012 50 668 238 874 238 830 884 1010 502 961 986 979 762 976 596
377 177 120 514 129 16 389 540 473 124 392 528 463 162 701 433 559 578 550 774 288 786 72 473 792 258 252 298 340 581 417 562 811 469 618 374 159 244 720 73 498 722 124 183 738 697 285 453 234 138 821 223 688 811 351 336 301 703 423 723 583 862 282 181 366 861 748 450 312 151 441 325 452 207 553 319 400 0 340 830 160 117 460 662 653 385 267 334 482 335 732 519 623 180 580 640 578 364 765 205
681 399 428 478 324 331 729 680 458 362 539 248 608 329 654 771 414 432 243 870 628 520 314 364 890 153 268 363 678 373 689 543 871 534 769 603 181 229 695 358 290 496 218 462 418 378 617 693 496 234 895 554 356 524 193 339 39 677 233 515 698 620 439 466 43 618 789 128 297 294 327 370 306 438 217 51 740 340 0 532 183 370 626 761 401 724 76 635 170 636 795 277 310 303 310 413 240 78 708 173
1074 928 875 561 752 816 1202 873 585 885 800 301 835 859 599 1254 399 394 290 942 1103 113 776 463 960 684 620 890 1162 306 1038 601 891 706 947 925 680 760 654 870 697 222 726 983 141 172 1115 1003 885 758 930 1053 232 44 488 599 565 644 690 262 853 197 763 884 492 197 809 404 816 824 796 641 761 823 434 527 1203 830 532 0 676 803 871 872 204 1201 603 1030 363 1031 845 319 224 702 620 250 395 570 611 704
504 265 247 447 156 150 549 566 413 215 415 375 489 207 637 593 449 468 393 782 447 641 133 371 802 152 176 304 500 449 522 506 801 450 652 449 9 187 667 194 394 588 53 310 579 539 443 537 327 103 819 380 528 660 216 270 144 649 320 595 596 725 303 290 206 724 727 290 275 173 373 281 371 274 399 159 558 160 183 676 0 195 498 669 510 545 116 458 324 459 722 375 465 158 455 504 422 220 698 108
311 292 72 419 52 105 399 424 376 241 275 508 347 278 601 453 489 507 542 657 302 745 68 400 676 334 187 411 364 529 328 461 696 358 503 267 200 340 615 189 580 669 189 285 728 689 332 351 135 229 705 278 692 779 316 250 334 599 504 664 466 810 167 96 384 809 634 457 417 262 539 229 545 93 587 335 400 117 370 803 195 0 344 545 613 399 310 265 482 266 616 484 613 104 648 590 607 415 664 282
308 630 359 320 354 449 549 86 288 582 88 639 40 622 413 609 475 483 692 324 494 778 406 410 340 650 358 755 553 566 221 307 381 171 158 128 506 674 397 529 890 672 515 606 850 819 569 153 245 565 379 542 850 834 472 307 601 386 817 647 140 797 195 300 619 796 341 657 756 605 869 266 869 253 821 578 527 460 626 871 498 344 0 220 669 557 593 289 661 289 308 584 749 341 935 622 826 694 466 603
514 837 572 326 544 649 762 135 322 786 271 702 202 820 302 821 483 482 760 113 713 765 601 454 133 817 503 950 770 586 418 274 162 226 117 345 678 853 261 734 1043 652 697 820 886 863 788 339 462 750 161 761 908 830 579 422 743 260 975 617 81 752 381 516 743 751 140 757 940 800 1041 395 1035 460 927 710 737 662 761 872 669 545 220 0 683 771 745 502 750 501 95 638 803 515 1070 628 923 835 333 777
873 772 685 363 563 639 1013 674 384 725 597 154 633 708 434 1066 201 200 184 762 915 133 594 259 781 552 427 762 976 102 834 409 721 505 750 721 516 627 488 702 632 104 562 819 209 196 935 799 686 603 758 874 258 171 303 397 424 476 604 137 657 220 561 689 358 218 636 284 697 672 708 439 680 625 390 379 1012 653 401 204 510 613 669 683 0 1012 460 830 243 831 666 135 167 510 585 56 361 459 460 560
262 394 328 781 450 395 13 638 737 396 547 903 586 451 938 56 880 896 930 862 98 1144 426 791 874 623 586 551 51 927 361 805 932 671 676 430 544 581 936 376 835 1066 506 316 1118 1078 131 440 358 503 924 184 1072 1177 713 637 685 922 765 1058 696 1207 496 333 751 1205 898 834 611 471 744 605 769 405 934 704 50 385 724 1201 545 399 557 771 1012 0 651 269 865 270 863 883 1003 502 934 989 962 741 999 574
620 325 363 485 268 260 656 654 459 286 507 311 579 256 669 697 446 465 314 857 555 585 249 384 877 97 243 304 604 421 635 549 866 520 742 557 112 169 706 282 299 551 144 387 493 452 542 646 441 159 887 479 431 593 209 327 39 688 230 566 677 680 400 405 112 679 787 201 247 221 306 351 294 385 285 81 668 267 76 603 116 310 593 745 460 651 0 574 241 575 788 330 383 257 345 466 311 106 727 101
47 455 217 544 312 333 261 369 502 423 289 749 320 478 683 320 668 681 790 594 219 956 326 583 607 588 417 610 270 734 106 557 663 418 410 162 463 578 676 377 832 864 444 402 972 935 303 177 147 471 655 296 945 1000 555 433 599 663 756 849 426 1002 272 169 647 1000 629 715 641 478 773 393 786 210 852 598 238 334 635 1030 458 265 289 502 830 269 574 0 736 1 594 713 859 345 908 796 870 679 742 535
783 565 549 432 430 471 868 696 428 525 575 90 634 497 578 915 318 332 73 850 767 354 440 303 870 322 325 531 822 245 771 496 833 532 783 670 326 398 627 514 394 344 370 624 256 215 767 758 590 397 863 704 210 355 191 354 202 611 361 370 700 458 498 573 129 457 747 43 461 461 466 396 437 527 184 167 874 482 170 363 324 482 661 750 243 865 241 736 0 737 764 145 143 391 363 268 174 217 624 341
46 457 218 544 313 334 261 368 502 425 289 750 320 479 683 321 668 682 791 594 220 957 327 584 607 589 417 611 271 735 105 557 662 418 409 162 464 579 676 378 833 865 445 403 973 936 304 176 147 473 655 297 946 1001 556 434 600 663 757 850 426 1002 272 170 648 1001 629 716 642 479 774 394 787 211 853 599 238 335 636 1031 459 266 289 501 831 270 575 1 737 0 593 714 860 346 909 796 871 680 742 536
607 908 649 331 608 718 855 225 340 856 346 707 285 886 251 914 473 469 765 98 802 734 667 461 116 866 550 1012 860 575 512 269 80 272 210 435 731 908 201 805 1082 622 754 896 874 854 875 434 544 810 101 845 905 802 606 461 782 205 1017 584 168 708 450 596 773 707 50 776 996 863 1090 441 1081 536 945 744 830 732 795 845 722 616 308 95 666 863 788 594 764 593 0 640 801 574 1099 610 937 872 266 829
758 637 556 312 433 505 884 604 318 590 504 67 551 574 439 936 177 189 125 731 785 267 461 185 751 424 301 634 845 101 728 371 705 434 687 618 380 499 490 567 535 220 427 684 268 236 801 701 567 468 738 740 271 295 170 289 296 474 496 238 598 352 451 564 235 351 619 178 572 538 597 332 572 505 324 249 884 519 277 319 375 484 584 638 135 883 330 713 145 714 640 0 168 382 508 137 307 343 481 428
905 708 682 477 561 611 1005 771 485 668 668 112 718 639 584 1054 328 335 72 893 904 238 577 352 913 461 442 666 961 229 883 533 862 601 854 777 468 536 637 656 489 267 512 767 115 76 908 862 712 540 897 845 105 222 303 449 344 623 472 303 765 350 606 701 271 349 776 182 592 603 579 492 546 649 232 310 1010 623 310 224 465 613 749 803 167 1003 383 859 143 860 801 168 0 517 428 216 199 346 618 483
392 350 175 335 56 164 503 408 294 296 257 410 331 316 523 557 389 407 446 629 406 642 108 300 648 309 84 438 468 426 387 384 654 304 495 301 166 339 544 250 550 565 181 362 631 593 433 390 200 236 669 377 600 676 216 157 271 527 476 561 441 707 146 184 308 705 584 371 424 290 530 147 529 138 515 260 502 180 303 702 158 104 341 515 510 502 257 345 391 346 574 382 517 0 602 487 530 361 586 264
953 546 691 774 610 578 941 990 760 538 848 449 917 483 936 971 679 694 404 1177 847 664 583 650 1198 321 578 417 883 607 976 840 1174 843 1079 901 449 353 982 562 115 689 463 625 479 451 809 990 782 443 1200 750 388 634 493 648 334 966 171 721 1008 776 744 741 327 775 1090 336 339 462 236 680 198 729 196 361 961 580 310 620 455 648 935 1070 585 934 345 908 363 909 1099 508 428 602 0 622 230 241 984 375
838 768 662 312 541 625 988 623 336 719 553 177 585 707 378 1043 149 146 219 707 892 161 577 216 726 561 403 770 954 62 795 355 665 456 698 681 510 635 432 693 661 85 557 811 265 251 917 756 654 601 702 857 311 212 290 363 433 420 627 103 605 223 525 661 371 221 580 306 709 671 730 403 703 595 429 385 986 640 413 250 504 590 622 628 56 989 466 796 268 796 610 137 216 487 622 0 403 477 405 563
917 614 667 606 558 570 967 866 602 586 739 241 801 544 746 1007 484 496 187 1023 866 434 553 476 1044 354 477 533 915 398 917 669 1006 703 954 823 421 420 796 590 303 464 456 685 255 224 850 913 728 463 1037 788 167 406 355 520 278 780 305 498 872 547 653 702 223 546 920 170 454 512 407 560 371 667 41 272 979 578 240 395 422 607 826 923 361 962 311 870 174 871 937 307 199 530 230 403 0 227 788 394
725 387 466 556 373 358 747 750 536 359 607 305 677 316 732 785 490 507 287 945 648 571 353 441 966 127 338 320 693 442 740 621 948 609 839 661 216 196 773 367 212 558 241 458 445 406 626 751 546 239 972 564 371 567 271 413 93 755 156 580 771 675 503 510 112 674 866 175 246 285 254 443 231 491 195 128 762 364 78 570 220 415 694 835 459 741 106 679 217 680 872 343 346 361 241 477 227 0 786 168
769 936 719 253 636 749 993 412 292 881 453 547 429 895 64 1053 306 292 602 360 919 498 693 345 375 819 527 1002 983 392 687 203 290 327 443 583 707 878 73 836 995 392 744 946 667 656 977 618 644 800 331 933 716 567 519 434 708 80 941 350 362 453 514 683 675 452 220 649 965 865 1031 440 1014 611 806 662 976 765 708 611 698 664 466 333 460 999 727 742 624 742 266 481 618 586 984 405 788 786 0 796
579 226 318 547 253 203 581 673 516 192 522 412 595 156 736 617 531 550 414 890 482 685 214 460 910 53 281 211 526 515 609 608 909 558 759 546 99 82 768 199 299 648 93 292 591 551 458 632 416 71 927 396 526 694 291 375 140 751 223 661 704 779 409 371 212 778 834 300 170 122 266 389 266 370 363 181 596 205 173 704 108 282 603 777 560 574 101 535 341 536 829 428 483 264 375 563 394 168 796 0
