# TTSP Euclidean complete-graph matrix instance
# seed: 2005
# depot: 1
# L_max is not stored in this file; pass it with --budget when running algorithms.
# coordinate rows: node x y
# coord 1 450.370997 76.401953
# coord 2 209.461558 648.303035
# coord 3 97.023399 445.941694
# coord 4 825.235161 400.261543
# coord 5 922.463811 114.632169
# coord 6 120.422727 982.423216
# coord 7 2.837759 264.701390
# coord 8 398.891794 31.572439
# coord 9 888.286140 947.579959
# coord 10 753.948625 42.417549
# coord 11 404.236113 310.605310
# coord 12 318.535283 1.507480
# coord 13 548.057447 854.320488
# coord 14 798.403665 266.358051
# coord 15 74.591843 474.756093
# coord 16 804.992768 447.020217
# coord 17 794.388381 810.068665
# coord 18 992.495916 680.952860
# coord 19 855.073345 609.564887
# coord 20 888.958877 470.753164
# coord 21 745.308614 324.508680
# coord 22 222.383729 30.240522
# coord 23 596.848929 456.649059
# coord 24 534.149400 933.368923
# coord 25 848.132090 635.506345
# coord 26 176.806154 608.998043
# coord 27 663.925715 338.202800
# coord 28 591.627072 115.699841
# coord 29 787.469474 72.669395
# coord 30 476.268962 834.120735
# coord 31 108.497973 869.784744
# coord 32 108.652659 881.336860
# coord 33 815.836845 616.134304
# coord 34 234.512615 224.180543
# coord 35 655.080287 515.782567
# coord 36 128.885474 99.771426
# coord 37 763.176819 221.090255
# coord 38 467.049338 681.169048
# coord 39 635.933835 769.907072
# coord 40 547.765537 162.477236
# coord 41 276.713292 482.761005
# coord 42 358.030600 211.855134
# coord 43 236.943519 860.487899
# coord 44 234.004553 476.300475
# coord 45 824.653607 585.114694
# coord 46 733.947853 727.916822
# coord 47 772.927527 76.787153
# coord 48 243.801375 883.706015
# coord 49 792.867015 221.335988
# coord 50 735.212297 881.320740
# coord 51 921.085176 46.278769
# coord 52 783.270054 897.561689
# coord 53 89.164977 127.950623
# coord 54 592.739736 32.464236
# coord 55 669.363748 975.563174
# coord 56 486.513256 435.667262
# coord 57 43.783874 361.936312
# coord 58 519.942247 764.903131
# coord 59 435.289544 894.593781
# coord 60 599.767929 181.678045
# coord 61 215.154251 311.414838
# coord 62 568.185057 550.899458
# coord 63 192.619510 619.584973
# coord 64 486.336657 854.642361
# coord 65 709.074177 554.143310
# coord 66 273.611682 807.249005
# coord 67 990.299166 114.896331
# coord 68 244.840592 797.671783
# coord 69 764.788196 672.000332
# coord 70 964.238242 322.959026
# coord 71 538.854018 480.721788
# coord 72 133.544237 579.360288
# coord 73 308.020745 46.706903
# coord 74 871.582294 808.124682
# coord 75 276.563273 322.279097
# coord 76 89.739424 245.546303
# coord 77 681.869215 908.651492
# coord 78 71.374147 595.412488
# coord 79 567.309271 313.430532
# coord 80 117.073202 185.687288
# coord 81 572.812568 839.960027
# coord 82 329.839667 337.463838
# coord 83 254.123985 664.729002
# coord 84 164.685020 76.390122
# coord 85 602.755118 612.544001
# coord 86 764.685722 930.639627
# coord 87 453.622036 788.061263
# coord 88 972.663812 398.364731
# coord 89 122.646314 641.095359
# coord 90 706.474249 247.363455
# coord 91 20.234357 372.702170
# coord 92 330.578145 380.714117
# coord 93 782.976954 372.048682
# coord 94 543.906890 985.950232
# coord 95 886.352162 922.553527
# coord 96 156.227267 489.617160
# coord 97 624.727746 171.961991
# coord 98 584.683494 312.426932
# coord 99 849.850916 328.766883
# coord 100 93.829526 694.575325
# reference_nearest_neighbor_tour_cost: 9551
TTSP_MATRIX
100
0 56 87 50 93 2 17 60 62 52 3 79 67 25 89 48 44 57 67 56 39 12 80 3 5 11 93 91 28 50 94 58 59 5 91 81 37 14 97 22 30 52 8 3 66 41 88 8 34 84 79 32 20 76 2 100 50 35 10 25 59 30 89 33 57 49 51 37 38 9 96 26 53 33 54 83 10 90 37 64 3 17 74 38 46 13 54 65 26 2 37 14 18 8 63 5 28 24 34 59
0 621 511 495 474 964 486 68 975 305 239 152 784 396 548 513 810 812 669 590 385 233 407 861 686 599 338 147 337 758 864 874 652 262 485 322 345 605 718 130 442 164 813 455 632 711 323 833 372 854 472 886 365 149 925 361 497 692 818 183 333 489 601 779 543 752 541 750 673 570 414 594 145 844 301 398 864 643 264 351 773 288 620 286 557 910 712 614 653 308 522 327 445 914 952 507 199 272 473 714
621 0 232 664 891 346 436 645 742 815 390 656 396 702 220 629 607 784 647 702 626 618 432 432 639 51 550 656 816 325 243 254 607 425 465 554 699 260 443 592 179 461 214 174 618 530 803 238 723 575 932 626 534 725 564 349 331 332 334 608 337 372 33 345 508 171 946 154 556 822 370 103 610 681 333 420 539 148 490 472 411 333 48 574 395 623 281 803 87 639 334 294 637 475 730 167 632 504 716 125
511 232 0 730 889 537 204 513 937 771 336 497 608 724 37 708 787 926 776 792 660 434 500 655 775 182 577 595 785 543 424 436 739 261 562 348 703 438 629 532 183 351 438 140 741 697 770 462 731 773 916 822 318 646 780 390 99 530 562 568 179 483 198 564 622 402 953 382 705 876 443 138 452 855 218 201 746 152 489 261 618 257 269 376 532 825 494 877 197 641 106 242 690 701 922 74 595 506 762 249
495 664 730 0 302 914 833 564 551 365 430 645 532 137 754 51 411 327 211 95 110 707 235 607 236 681 173 368 330 557 857 863 216 616 206 758 190 455 415 365 555 504 747 596 185 340 328 756 182 489 367 499 785 435 596 341 782 476 630 314 617 298 670 567 193 686 330 703 278 159 297 715 627 410 554 752 528 779 272 740 507 499 629 736 308 534 537 147 743 194 805 495 51 650 526 675 304 256 76 788
474 891 889 302 0 1182 932 530 834 183 554 614 829 196 921 353 707 571 499 358 275 705 472 906 526 895 342 331 141 847 1110 1118 513 697 482 794 192 727 715 378 743 573 1013 778 481 642 154 1026 168 789 68 795 833 340 897 541 913 765 920 330 734 562 887 859 489 949 68 962 579 212 530 916 618 695 678 843 830 977 407 809 805 633 866 759 592 831 821 288 958 254 938 649 293 950 809 853 303 391 226 1011
964 346 537 914 1182 0 727 991 769 1134 729 1001 446 986 510 869 696 923 824 923 907 958 710 417 806 378 843 987 1128 386 113 102 786 767 710 883 996 459 558 925 524 806 169 519 809 664 1116 158 1016 623 1232 668 855 1061 549 658 625 455 327 933 678 622 370 388 728 233 1229 223 715 1071 653 403 954 771 678 738 566 390 805 797 474 678 345 907 608 646 386 1033 341 940 618 637 901 423 768 494 955 815 979 289
486 436 204 833 932 727 0 460 1118 783 404 411 803 796 222 823 961 1074 919 910 745 321 624 854 923 386 665 607 808 741 614 626 886 235 699 208 762 624 810 554 350 359 640 313 882 866 793 664 791 957 944 1005 162 634 974 513 106 719 764 603 217 634 402 763 763 606 999 585 864 963 578 341 375 1025 280 89 936 338 567 139 810 335 472 248 693 1012 691 979 395 704 109 348 787 902 1102 272 629 584 849 439
68 645 513 564 530 991 460 0 1039 355 279 86 836 463 549 581 873 880 736 658 454 177 469 912 753 619 405 210 391 806 887 898 718 253 548 278 411 653 775 198 467 185 845 474 698 773 377 866 437 914 522 947 324 194 982 413 485 743 864 251 335 546 623 828 608 786 597 781 738 636 470 609 92 909 315 376 922 652 328 321 827 314 649 238 616 971 758 681 669 376 510 356 513 965 1016 518 266 337 540 730
975 742 937 551 834 769 1118 1039 0 915 800 1104 353 687 941 507 167 286 340 477 639 1134 571 354 315 788 649 883 881 427 784 782 339 975 491 1138 737 498 309 856 768 907 657 806 368 268 878 648 732 167 902 116 1145 962 221 651 1028 411 456 818 926 510 769 413 432 630 839 661 302 629 583 840 1072 140 875 1063 210 890 711 1084 333 827 694 1133 440 125 463 556 825 723 1041 795 585 347 25 864 819 704 620 834
305 815 771 365 183 1134 783 355 915 0 441 437 838 228 805 408 769 682 576 449 282 532 443 918 601 809 309 178 45 839 1049 1058 577 550 484 628 179 700 737 239 649 431 968 677 547 686 39 984 183 839 167 856 670 162 937 476 779 759 910 208 602 541 805 855 514 903 247 911 630 351 488 820 446 775 553 695 869 878 329 653 818 517 798 590 590 888 804 418 870 210 805 542 331 967 890 746 183 319 302 928
239 390 336 430 554 729 404 279 800 441 0 321 562 397 368 423 634 695 541 510 341 334 242 636 550 375 261 270 451 528 633 643 513 190 324 347 370 376 514 206 214 109 575 238 502 532 437 595 399 660 581 699 364 336 716 150 364 469 585 234 189 291 374 550 390 514 618 512 510 560 217 381 281 683 128 321 659 438 163 313 556 79 385 335 361 717 480 575 434 309 389 102 384 690 779 306 260 180 446 494
152 656 497 645 614 1001 411 86 1104 437 321 0 883 548 532 660 938 957 811 739 535 100 533 956 826 624 482 296 474 847 893 905 791 238 615 214 496 696 831 280 483 214 863 482 772 837 461 885 523 973 604 1009 262 276 1035 466 453 790 901 334 327 603 631 869 677 807 681 800 805 721 527 607 46 978 324 335 977 643 399 273 876 336 666 171 674 1031 798 765 669 459 476 379 594 1010 1082 514 350 409 624 729
784 396 608 532 829 446 803 836 353 838 562 883 0 639 607 482 250 477 393 513 565 886 401 80 371 445 529 740 817 75 440 440 358 704 355 863 669 191 122 692 460 670 311 491 386 225 809 306 679 189 890 239 859 823 172 423 705 94 120 675 637 304 426 62 341 278 862 308 283 675 374 497 843 327 597 762 144 542 541 795 29 561 350 867 248 230 115 623 476 627 715 521 536 132 345 535 687 543 606 481
396 702 724 137 196 986 796 463 687 228 397 548 639 0 753 181 544 458 348 224 79 623 277 717 372 710 152 256 194 653 917 924 350 565 288 690 57 531 529 271 565 444 817 602 320 466 191 830 45 618 252 631 723 311 721 355 761 571 726 216 585 366 701 666 301 754 244 767 407 175 337 735 537 547 525 709 653 798 236 686 616 474 674 662 398 665 625 219 773 94 785 482 107 763 662 680 198 219 81 824
548 220 37 754 921 510 222 549 941 805 368 532 607 753 0 731 794 941 792 814 687 468 523 649 790 169 605 629 818 539 396 408 755 297 582 379 734 443 634 567 202 387 419 159 758 706 804 443 762 776 949 825 347 681 778 414 117 532 554 601 215 499 187 560 639 388 984 365 718 903 464 120 488 864 253 230 746 121 518 292 618 290 261 408 546 827 492 901 173 672 116 273 716 694 927 83 628 535 789 221
513 629 708 51 353 869 823 581 507 408 423 660 482 181 731 0 363 300 170 87 136 716 208 557 193 649 178 394 375 508 815 821 169 612 165 760 230 411 364 384 529 505 703 572 139 290 372 711 226 440 417 451 784 466 546 319 766 427 581 335 605 259 636 517 144 642 380 661 229 202 268 684 638 367 543 743 478 748 273 736 456 488 592 740 261 485 490 175 709 223 788 479 78 599 482 650 329 258 126 753
810 607 787 411 707 696 961 873 167 769 634 938 250 544 794 363 0 236 209 352 488 967 405 288 183 649 490 723 737 319 688 689 195 810 326 973 590 352 163 693 612 740 560 652 227 102 734 555 589 93 774 88 981 803 207 485 874 278 369 658 764 344 631 311 270 521 722 550 141 516 417 700 905 77 711 903 150 754 546 921 224 663 559 967 275 124 341 449 693 570 889 632 438 306 145 714 660 540 484 710
812 784 926 327 571 923 1074 880 286 682 695 957 477 458 941 300 236 0 155 234 434 1008 455 523 151 819 475 693 642 538 904 906 188 885 376 1041 514 525 367 683 743 789 777 786 193 263 643 776 501 326 639 301 1059 762 437 562 1001 480 597 635 861 444 802 535 310 730 566 757 228 359 496 865 933 175 801 1002 385 925 562 1006 449 746 739 1025 396 338 549 283 871 519 1020 727 373 542 264 858 628 550 380 899
669 647 776 211 499 824 919 736 340 576 541 811 393 348 792 170 209 155 0 143 305 858 300 456 27 678 332 560 541 440 791 794 40 730 221 887 399 395 272 543 592 637 667 635 39 169 539 670 393 297 567 297 905 634 410 408 848 369 507 498 706 293 663 443 156 614 513 639 110 307 341 722 785 199 646 847 346 784 413 851 364 592 603 872 252 334 439 242 733 391 868 572 248 488 315 709 495 402 281 766
590 702 792 95 358 923 910 658 477 449 510 739 513 224 814 87 352 234 143 0 205 799 292 583 170 725 261 463 411 550 877 882 163 699 238 846 280 471 392 460 612 591 760 655 131 300 411 766 267 438 426 440 870 529 551 404 852 472 621 409 692 331 712 556 198 701 370 722 236 166 350 763 719 338 630 830 484 827 358 823 486 575 664 825 319 476 539 111 785 288 874 566 145 620 452 733 399 343 147 826
385 626 660 110 275 907 745 454 639 282 341 535 565 79 687 136 488 434 305 205 0 600 199 644 328 636 83 259 255 576 838 846 300 521 211 656 105 452 459 255 495 403 739 533 272 404 249 751 114 557 329 574 685 329 655 282 703 495 649 204 530 287 627 590 232 675 322 689 348 219 259 663 518 500 469 660 588 726 178 643 544 416 598 631 321 606 548 239 699 86 727 419 61 691 614 612 194 161 105 749
233 618 434 707 705 958 321 177 1134 532 334 100 886 623 468 716 967 1008 858 799 600 0 567 955 871 581 538 379 567 843 847 859 834 194 650 117 573 695 847 351 456 227 830 446 819 865 553 854 602 994 699 1033 165 370 1046 484 377 793 890 407 281 625 590 866 715 779 773 768 840 798 551 556 87 1013 297 253 991 585 446 188 882 325 635 74 696 1051 792 836 619 531 398 367 657 1008 1112 464 427 459 695 677
407 432 500 235 472 710 624 469 571 443 242 533 401 277 523 208 405 455 300 292 199 567 0 481 308 447 136 341 429 396 640 647 271 430 83 589 288 259 316 298 321 342 541 363 262 304 419 554 306 447 523 479 605 424 524 112 561 318 467 275 408 99 436 413 149 477 521 490 273 391 63 479 501 446 347 549 460 543 146 551 384 292 401 576 156 503 361 380 509 236 583 277 204 532 549 442 286 145 283 556
861 432 655 607 906 417 854 912 354 918 636 956 80 717 649 557 288 523 456 583 644 955 481 0 433 483 609 820 897 115 430 429 424 770 435 927 748 261 193 771 519 743 306 547 454 287 889 295 758 208 968 252 920 903 142 500 753 169 106 755 699 384 464 92 418 289 937 320 349 747 453 535 915 360 663 819 150 573 621 856 101 630 388 933 328 231 166 692 505 707 761 589 614 53 352 583 767 623 682 501
686 639 775 236 526 806 923 753 315 601 550 826 371 372 790 193 183 151 27 170 328 871 308 433 0 672 350 580 566 422 776 779 38 739 227 897 423 384 251 560 591 648 651 634 56 147 564 653 418 271 594 270 913 655 384 413 850 353 487 517 711 292 656 423 161 600 540 625 91 333 346 717 799 174 652 853 320 778 427 858 343 598 595 883 246 307 423 268 726 413 869 577 271 464 290 707 515 417 307 757
599 51 182 681 895 378 386 619 788 809 375 624 445 710 169 649 649 819 678 725 636 581 447 483 672 0 557 645 813 375 270 281 639 389 487 511 703 299 487 581 161 437 259 145 648 570 799 283 728 621 933 672 489 711 614 355 281 377 385 601 300 396 19 395 535 221 952 201 591 838 384 52 577 723 304 374 587 106 490 428 458 312 95 533 426 670 330 823 63 641 283 275 651 526 776 121 626 504 729 119
338 550 577 173 342 843 665 405 649 309 261 482 529 152 605 178 490 475 332 261 83 538 136 609 350 557 0 234 293 530 769 777 317 444 178 586 154 395 433 211 413 331 675 452 295 396 283 689 174 548 389 572 612 314 637 202 621 450 602 169 450 233 549 546 221 610 395 622 349 301 190 583 460 514 388 582 571 646 100 568 510 334 524 564 281 601 497 315 620 100 645 336 124 659 625 530 171 83 186 672
147 656 595 368 331 987 607 210 883 178 270 296 740 256 629 394 723 693 560 463 259 379 341 820 580 645 234 0 201 728 896 905 548 373 405 463 201 579 656 64 484 253 825 508 524 629 185 843 227 779 337 805 503 83 863 337 601 653 794 66 424 436 643 746 454 761 399 765 583 426 369 652 292 747 377 518 798 708 199 480 725 343 644 429 497 833 686 474 704 175 627 372 320 872 859 574 65 197 335 763
337 816 785 330 141 1128 808 391 881 45 451 474 817 194 818 375 737 642 541 411 255 567 429 897 566 813 293 201 0 823 1047 1056 544 573 462 659 150 688 714 256 655 451 961 685 514 657 15 976 149 810 136 825 700 199 911 472 798 742 894 217 620 526 808 838 488 896 207 906 600 306 478 827 480 740 569 719 843 887 326 680 797 529 797 623 571 858 789 375 875 193 824 551 299 945 856 757 191 314 264 932
758 325 543 557 847 386 741 806 427 839 528 847 75 653 539 508 319 538 440 550 576 843 396 115 422 375 530 728 823 0 369 371 404 656 365 812 677 153 172 675 404 633 241 432 428 279 813 238 690 263 905 313 805 810 239 399 640 82 73 664 584 298 356 23 364 204 884 234 331 707 359 427 805 396 549 704 219 470 529 741 97 518 279 819 255 304 51 661 403 630 649 476 555 166 420 470 679 533 628 407
864 243 424 857 1110 113 614 887 784 1049 633 893 440 917 396 815 688 904 791 877 838 847 640 430 776 270 769 896 1047 369 0 12 751 658 651 770 922 405 537 833 422 704 129 413 771 641 1035 136 943 627 1157 675 742 967 571 576 512 425 328 845 568 559 264 378 678 177 1161 154 685 1016 580 292 847 766 573 625 575 277 721 684 465 577 252 795 557 659 355 984 229 863 505 537 838 451 780 383 868 733 918 176
874 254 436 863 1118 102 626 898 782 1058 643 905 440 924 408 821 689 906 794 882 846 859 647 429 779 281 777 905 1056 371 12 0 755 669 657 782 930 411 539 842 433 714 130 424 775 644 1043 135 951 627 1165 675 754 977 569 584 523 427 327 855 580 566 275 379 684 181 1168 160 689 1022 588 303 858 766 584 636 574 288 730 696 466 587 261 807 562 658 357 990 241 871 516 548 845 448 779 395 877 742 925 187
652 607 739 216 513 786 886 718 339 577 513 791 358 350 755 169 195 188 40 163 300 834 271 424 38 639 317 548 544 404 751 755 0 701 190 859 399 355 237 527 555 611 628 598 32 139 541 632 395 277 579 283 875 625 388 376 813 331 472 485 674 256 623 407 123 575 531 599 76 329 308 683 763 200 614 815 322 745 392 821 330 560 564 846 213 319 401 268 694 385 832 539 246 459 314 672 484 382 289 726
262 425 261 616 697 767 235 253 975 550 190 238 704 565 297 612 810 885 730 699 521 194 430 770 739 389 444 373 573 656 658 669 701 0 512 163 529 513 677 319 262 124 636 252 692 709 558 660 558 826 709 869 174 406 868 329 235 611 700 368 89 467 398 679 578 584 764 574 694 736 398 369 192 864 107 146 818 405 345 124 703 148 441 163 535 883 605 758 432 473 261 184 568 822 955 277 394 361 624 491
485 465 562 206 482 710 699 548 491 484 324 615 355 288 582 165 326 376 221 238 211 650 83 435 227 487 178 405 462 365 651 657 190 512 0 671 314 250 255 369 380 425 542 423 183 226 455 552 325 374 540 403 686 487 460 187 630 283 438 339 485 94 474 379 66 480 523 498 191 364 121 525 584 364 425 627 394 589 221 631 334 371 428 658 110 429 339 339 547 273 651 351 192 483 468 500 345 215 270 589
322 554 348 758 794 883 208 278 1138 628 347 214 863 690 379 760 973 1041 887 846 656 117 589 927 897 511 586 463 659 812 770 782 859 163 671 0 646 673 840 424 411 255 768 391 848 872 644 792 675 989 794 1032 49 469 1029 491 276 772 852 478 229 630 524 835 737 722 862 707 855 865 560 480 187 1026 267 151 980 499 488 87 863 311 579 43 698 1046 761 895 541 596 294 346 708 979 1118 391 501 503 756 596
345 699 703 190 192 996 762 411 737 179 370 496 669 57 734 230 590 514 399 280 105 573 288 748 423 703 154 201 150 677 922 930 399 529 314 646 0 547 563 223 552 405 828 587 369 508 145 842 30 661 236 677 680 254 760 350 733 596 749 168 555 383 696 691 337 764 251 775 451 225 343 724 487 597 497 674 692 787 217 647 647 449 675 616 423 710 646 274 766 62 758 461 152 796 712 664 147 201 138 820
605 260 438 455 727 459 624 653 498 700 376 696 191 531 443 411 352 525 395 471 452 695 259 261 384 299 395 579 688 153 405 411 355 513 250 673 547 0 191 525 275 482 292 310 370 271 677 301 564 335 781 383 670 661 357 246 530 99 216 517 447 165 281 175 273 231 771 251 298 613 213 349 654 424 406 576 313 405 381 607 191 370 214 676 152 388 108 579 347 495 543 330 442 314 484 365 533 387 520 373
718 443 629 415 715 558 810 775 309 737 514 831 122 529 634 364 163 367 272 392 459 847 316 193 251 487 433 656 714 172 537 539 237 677 255 840 563 191 0 614 460 623 409 498 264 107 707 408 571 149 778 195 843 739 208 366 719 116 236 589 622 229 468 172 228 364 745 392 162 555 305 537 794 239 574 757 146 591 462 781 94 530 396 838 161 206 183 501 529 527 733 495 424 235 293 556 598 460 490 547
130 592 532 365 378 925 554 198 856 239 206 280 692 271 567 384 693 683 543 460 255 351 298 771 560 581 211 64 256 675 833 842 527 319 369 424 223 525 614 0 420 196 764 444 505 595 241 783 252 743 391 772 460 138 822 280 542 603 741 55 364 389 579 695 424 701 445 704 554 446 318 588 266 722 315 465 758 644 152 431 678 279 582 393 453 798 633 486 640 180 568 308 315 823 832 510 78 154 345 699
442 179 183 555 743 524 350 467 768 649 214 483 460 565 202 529 612 743 592 612 495 456 321 519 591 161 413 484 655 404 422 433 555 262 380 411 552 275 460 420 0 283 380 43 557 519 641 402 579 608 778 655 401 550 630 215 262 373 441 442 182 299 161 427 438 325 803 317 523 706 262 173 437 678 160 302 588 234 336 337 464 155 183 422 351 662 353 701 221 490 279 115 518 570 752 121 467 352 593 280
164 461 351 504 573 806 359 185 907 431 109 214 670 444 387 505 740 789 637 591 403 227 342 743 648 437 331 253 451 633 704 714 611 124 425 255 405 482 623 196 283 0 660 292 598 638 436 681 435 768 587 807 282 295 825 258 348 576 687 244 174 399 440 655 490 601 640 597 614 616 324 431 173 787 137 270 768 479 233 242 664 129 465 236 470 826 584 642 490 350 374 171 454 796 886 343 270 248 506 550
813 214 438 747 1013 169 640 845 657 968 575 863 311 817 419 703 560 777 667 760 739 830 541 306 651 259 675 825 961 241 129 130 628 636 542 768 828 292 409 764 380 660 0 384 649 514 949 24 847 499 1063 548 747 901 447 493 535 299 201 770 550 453 245 249 563 65 1060 63 560 904 485 300 817 637 540 632 448 313 639 685 336 531 197 787 442 532 228 869 247 772 534 489 733 332 652 380 790 649 811 219
455 174 140 596 778 519 313 474 806 677 238 482 491 602 159 572 652 786 635 655 533 446 363 547 634 145 452 508 685 432 413 424 598 252 423 391 587 310 498 444 43 292 384 0 601 560 671 408 614 644 811 692 377 571 662 256 222 406 464 470 166 342 149 455 481 333 838 322 566 746 305 144 436 719 160 272 623 202 371 313 497 169 189 406 393 699 381 743 199 525 238 136 559 596 790 79 495 387 633 259
632 618 741 185 481 809 882 698 368 547 502 772 386 320 758 139 227 193 39 131 272 819 262 454 56 648 295 524 514 428 771 775 32 692 183 848 369 370 264 505 557 598 649 601 0 169 511 653 365 309 547 315 866 599 420 370 812 354 497 462 668 259 633 433 120 594 499 618 106 297 304 691 746 228 608 810 354 753 374 813 358 553 576 833 224 351 423 238 704 358 832 535 217 489 343 675 459 363 258 739
711 530 697 340 642 664 866 773 268 686 532 837 225 466 706 290 102 263 169 300 404 865 304 287 147 570 396 629 657 279 641 644 139 709 226 872 508 271 107 595 519 638 514 560 169 0 652 514 510 153 707 177 881 710 256 383 781 217 342 562 665 243 552 278 176 467 664 494 64 466 315 619 803 159 611 805 188 676 447 821 196 562 484 865 175 205 287 407 617 481 797 532 359 320 247 625 567 441 416 641
323 803 770 328 154 1116 793 377 878 39 437 461 809 191 804 372 734 643 539 411 249 553 419 889 564 799 283 185 15 813 1035 1043 541 558 455 644 145 677 707 241 641 436 949 671 511 652 0 965 146 805 151 821 686 186 905 459 783 733 885 202 605 516 795 829 482 885 221 894 595 312 467 813 466 738 554 704 837 872 313 665 789 514 784 608 562 854 780 379 861 183 809 537 295 938 853 742 176 302 263 918
833 238 462 756 1026 158 664 866 648 984 595 885 306 830 443 711 555 776 670 766 751 854 554 295 653 283 689 843 976 238 136 135 632 660 552 792 842 301 408 783 402 681 24 408 653 514 965 0 860 491 1077 540 771 920 435 510 559 301 192 787 573 465 269 244 570 82 1072 86 562 913 499 324 839 632 562 656 439 336 656 709 332 553 219 811 450 523 231 876 271 787 558 510 743 317 644 404 807 665 822 241
372 723 731 182 168 1016 791 437 732 183 399 523 679 45 762 226 589 501 393 267 114 602 306 758 418 728 174 227 149 690 943 951 395 558 325 675 30 564 571 252 579 435 847 614 365 510 146 860 0 662 217 676 710 275 764 374 762 608 762 197 585 399 720 704 343 783 224 795 452 199 363 750 515 592 526 704 696 813 244 677 657 477 698 645 435 710 661 252 791 90 787 489 151 804 707 691 175 227 122 844
854 575 773 489 789 623 957 914 167 839 660 973 189 618 776 440 93 326 297 438 557 994 447 208 271 621 548 779 810 263 627 627 277 826 374 989 661 335 149 743 608 768 499 644 309 153 805 491 662 0 855 51 992 861 115 510 865 245 300 713 772 370 602 250 328 468 808 497 211 604 446 673 938 155 723 906 60 723 592 931 168 678 528 987 300 57 297 538 658 635 877 644 512 218 157 699 718 588 564 668
472 932 916 367 68 1232 944 522 902 167 581 604 890 252 949 417 774 639 567 426 329 699 523 968 594 933 389 337 136 905 1157 1165 579 709 540 794 236 781 778 391 778 587 1063 811 547 707 151 1077 217 855 0 862 836 329 963 584 932 823 978 349 754 616 927 918 550 999 97 1011 645 280 579 951 613 763 701 855 895 1012 443 816 867 659 910 757 650 898 877 356 996 294 958 679 354 1013 877 884 322 429 291 1051
886 626 822 499 795 668 1005 947 116 856 699 1009 239 631 825 451 88 301 297 440 574 1033 479 252 270 672 572 805 825 313 675 675 283 869 403 1032 677 383 195 772 655 807 548 692 315 177 821 540 676 51 862 0 1036 886 138 549 913 295 348 739 816 408 653 300 351 518 810 548 226 602 483 723 975 126 767 952 102 773 623 975 218 721 578 1028 337 38 347 534 709 655 926 687 526 255 106 748 743 618 573 719
365 534 318 785 833 855 162 324 1145 670 364 262 859 723 347 784 981 1059 905 870 685 165 605 920 913 489 612 503 700 805 742 754 875 174 686 49 680 670 843 460 401 282 747 377 866 881 686 771 710 992 836 1036 0 513 1027 503 238 769 841 513 223 639 502 828 752 704 901 688 867 897 572 454 233 1037 270 118 980 468 513 64 861 319 562 91 706 1049 754 924 514 629 254 350 735 971 1126 368 537 529 787 567
149 725 646 435 340 1061 634 194 962 162 336 276 823 311 681 466 803 762 634 529 329 370 424 903 655 711 314 83 199 810 967 977 625 406 487 469 254 661 739 138 550 295 901 571 599 710 186 920 275 861 329 886 513 0 946 417 640 736 876 149 469 519 710 829 534 838 406 841 662 472 451 714 285 824 429 546 881 767 282 500 808 403 717 430 580 914 768 527 769 243 666 436 389 955 937 632 143 280 392 829
925 564 780 596 897 549 974 982 221 937 716 1035 172 721 778 546 207 437 410 551 655 1046 524 142 384 614 637 863 911 239 571 569 388 868 460 1029 760 357 208 822 630 825 447 662 420 256 905 435 764 115 963 138 1027 946 0 570 876 258 248 797 805 437 595 219 423 430 919 460 318 716 512 666 997 263 762 932 68 709 670 964 166 723 519 1031 369 105 286 652 641 729 886 685 614 126 223 707 805 669 672 640
361 349 390 341 541 658 513 413 651 476 150 466 423 355 414 319 485 562 408 404 282 484 112 500 413 355 202 337 472 399 576 584 376 329 187 491 350 246 366 280 215 258 493 256 370 383 459 510 374 510 584 549 503 417 570 0 449 331 462 278 298 141 347 419 252 428 597 435 365 491 69 381 428 536 239 440 512 445 147 446 413 185 326 482 212 568 354 488 418 290 471 165 303 553 630 335 298 158 379 470
497 331 99 782 913 625 106 485 1028 779 364 453 705 761 117 766 874 1001 848 852 703 377 561 753 850 281 621 601 798 640 512 523 813 235 630 276 733 530 719 542 262 348 535 222 812 781 783 559 762 865 932 913 238 640 876 449 0 624 661 584 179 557 298 662 692 501 978 480 785 921 509 235 411 940 236 125 840 235 526 191 713 287 369 310 613 918 591 930 290 673 26 287 739 800 1012 170 611 543 807 336
692 332 530 476 765 455 719 743 411 759 469 790 94 571 532 427 278 480 369 472 495 793 318 169 353 377 450 653 742 82 425 427 331 611 283 772 596 99 116 603 373 576 299 406 354 217 733 301 608 245 823 295 769 736 258 331 624 0 155 589 546 219 358 96 283 250 802 277 262 627 285 429 749 354 505 674 217 480 454 706 92 468 284 775 173 296 70 583 416 550 635 428 473 222 399 456 602 457 547 432
818 334 562 630 920 327 764 864 456 910 585 901 120 726 554 581 369 597 507 621 649 890 467 106 487 385 602 794 894 73 328 327 472 700 438 852 749 216 236 741 441 687 201 464 497 342 885 192 762 300 978 348 841 876 248 462 661 155 0 732 623 368 367 65 437 184 957 214 398 779 427 436 857 445 594 735 247 471 596 777 148 567 293 862 328 331 108 731 403 702 667 524 628 142 452 492 747 601 701 396
183 608 568 314 330 933 603 251 818 208 234 334 675 216 601 335 658 635 498 409 204 407 275 755 517 601 169 66 217 664 845 855 485 368 339 478 168 517 589 55 442 244 770 470 462 562 202 787 197 713 349 739 513 149 797 278 584 589 732 0 406 371 598 682 388 705 396 711 517 391 305 613 321 683 352 514 732 671 136 483 659 312 594 448 431 767 624 431 662 125 610 335 264 806 794 540 27 132 290 720
333 337 179 617 734 678 217 335 926 602 189 327 637 585 215 605 764 861 706 692 530 281 408 699 711 300 450 424 620 584 568 580 674 89 485 229 555 447 622 364 182 174 550 166 668 665 605 573 585 772 754 816 223 469 805 298 179 546 623 406 0 427 309 607 550 499 800 487 657 749 365 280 281 823 62 142 758 318 352 159 638 118 355 240 491 828 533 762 342 495 204 135 571 750 908 188 433 370 635 402
489 372 483 298 562 622 634 546 510 541 291 603 304 366 499 259 344 444 293 331 287 625 99 384 292 396 233 436 526 298 559 566 256 467 94 630 383 165 229 389 299 399 453 342 259 243 516 465 399 370 616 408 639 519 437 141 557 219 368 371 427 0 382 315 141 390 607 407 231 457 76 436 567 398 371 568 375 499 237 580 289 320 334 623 71 428 263 432 455 334 576 292 280 436 489 416 383 239 359 496
601 33 198 670 887 370 402 623 769 805 374 631 426 701 187 636 631 802 663 712 627 590 436 464 656 19 549 643 808 356 264 275 623 398 474 524 696 281 468 579 161 440 245 149 633 552 795 269 720 602 927 653 502 710 595 347 298 358 367 598 309 382 0 376 521 204 944 186 575 827 373 71 584 705 309 388 568 124 484 440 439 314 76 544 410 651 311 811 73 635 301 276 640 508 757 135 622 498 719 124
779 345 564 567 859 388 763 828 413 855 550 869 62 666 560 517 311 535 443 556 590 866 413 92 423 395 546 746 838 23 378 379 407 679 379 835 691 175 172 695 427 655 249 455 433 278 829 244 704 250 918 300 828 829 219 419 662 96 65 682 607 315 376 0 374 218 895 248 333 715 378 447 827 388 572 727 203 489 547 764 88 540 300 842 269 289 74 667 422 646 670 499 566 143 406 492 697 551 639 424
543 508 622 193 489 728 763 608 432 514 390 677 341 301 639 144 270 310 156 198 232 715 149 418 161 535 221 454 488 364 678 684 123 578 66 737 337 273 228 424 438 490 563 481 120 176 482 570 343 328 550 351 752 534 423 252 692 283 437 388 550 141 521 374 0 504 522 524 130 344 185 576 647 302 491 692 356 639 279 697 317 437 468 724 121 381 346 306 593 307 712 416 197 462 409 557 391 272 266 631
752 171 402 686 949 233 606 786 630 903 514 807 278 754 388 642 521 730 614 701 675 779 477 289 600 221 610 761 896 204 177 181 575 584 480 722 764 231 364 701 325 601 65 333 594 467 885 82 783 468 999 518 704 838 430 428 501 250 184 705 499 390 204 218 504 0 996 30 509 844 421 267 761 598 485 591 421 293 575 641 301 473 144 739 382 506 181 810 224 708 503 430 670 324 623 339 726 584 749 212
541 946 953 330 68 1229 999 597 839 247 618 681 862 244 984 380 722 566 513 370 322 773 521 937 540 952 395 399 207 884 1161 1168 531 764 523 862 251 771 745 445 803 640 1060 838 499 664 221 1072 224 808 97 810 901 406 919 597 978 802 957 396 800 607 944 895 522 996 0 1011 601 210 581 975 686 703 743 910 852 1037 467 876 837 697 919 827 631 846 861 284 1015 313 1004 711 330 979 814 914 370 451 256 1068
750 154 382 703 962 223 585 781 661 911 512 800 308 767 365 661 550 757 639 722 689 768 490 320 625 201 622 765 906 234 154 160 599 574 498 707 775 251 392 704 317 597 63 322 618 494 894 86 795 497 1011 548 688 841 460 435 480 277 214 711 487 407 186 248 524 30 1011 0 535 862 432 245 754 627 476 573 451 266 582 625 331 468 133 726 403 537 209 830 199 718 481 426 686 353 654 321 732 592 765 183
673 556 705 278 579 715 864 738 302 630 510 805 283 407 718 229 141 228 110 236 348 840 273 349 91 591 349 583 600 331 685 689 76 694 191 855 451 298 162 554 523 614 560 566 106 64 595 562 452 211 645 226 867 662 318 365 785 262 398 517 657 231 575 333 130 509 601 535 0 402 296 638 774 173 601 798 251 698 409 810 255 549 511 846 173 259 332 344 643 429 802 523 301 384 278 635 519 402 354 671
570 822 876 159 212 1071 963 636 629 351 560 721 675 175 903 202 516 359 307 166 219 798 391 747 333 838 301 426 306 707 1016 1022 329 736 364 865 225 613 555 446 706 616 904 746 297 466 312 913 199 604 280 602 897 472 716 491 921 627 779 391 749 457 827 715 344 844 210 862 402 0 454 869 712 494 688 878 650 934 397 858 648 635 788 837 463 640 691 76 900 269 945 636 188 785 605 825 372 380 115 946
414 370 443 297 530 653 578 470 583 488 217 527 374 337 464 268 417 496 341 350 259 551 63 453 346 384 190 369 478 359 580 588 308 398 121 560 343 213 305 318 262 324 485 305 304 315 467 499 363 446 579 483 572 451 512 69 509 285 427 305 365 76 373 378 185 421 581 432 296 454 0 417 492 467 306 507 451 481 170 515 361 253 339 551 146 503 319 442 446 287 530 231 267 505 562 383 320 174 346 494
594 103 138 715 916 403 341 609 840 820 381 607 497 735 120 684 700 865 722 763 663 556 479 535 717 52 583 652 827 427 292 303 683 369 525 480 724 349 537 588 173 431 300 144 691 619 813 324 750 673 951 723 454 714 666 381 235 429 436 613 280 436 71 447 576 267 975 245 638 869 417 0 561 773 294 337 640 64 509 394 511 312 148 504 470 722 382 858 63 662 236 280 682 578 827 93 638 524 759 122
145 610 452 627 618 954 375 92 1072 446 281 46 843 537 488 638 905 933 785 719 518 87 501 915 799 577 460 292 480 805 847 858 763 192 584 187 487 654 794 266 437 173 817 436 746 803 466 839 515 938 613 975 233 285 997 428 411 749 857 321 281 567 584 827 647 761 686 754 774 712 492 561 0 947 277 295 940 598 372 236 836 292 620 146 638 995 756 752 623 446 435 335 576 968 1050 468 341 384 611 682
844 681 855 410 695 771 1025 909 140 775 683 978 327 547 864 367 77 175 199 338 500 1013 446 360 174 723 514 747 740 396 766 766 200 864 364 1026 597 424 239 722 678 787 637 719 228 159 738 632 592 155 763 126 1037 824 263 536 940 354 445 683 823 398 705 388 302 598 703 627 173 494 467 773 947 0 768 963 215 828 581 978 300 718 634 1017 332 163 418 422 767 585 956 689 445 373 115 783 682 573 480 786
301 333 218 554 678 678 280 315 875 553 128 324 597 525 253 543 711 801 646 630 469 297 347 663 652 304 388 377 569 549 573 584 614 107 425 267 497 406 574 315 160 137 540 160 608 611 554 562 526 723 701 767 270 429 762 239 236 505 594 352 62 371 309 572 491 485 743 476 601 688 306 294 277 768 0 202 713 342 291 210 596 55 343 270 437 780 498 700 354 436 261 80 509 715 856 206 379 308 573 415
398 420 201 752 843 738 89 376 1063 695 321 335 762 709 230 743 903 1002 847 830 660 253 549 819 853 374 582 518 719 704 625 636 815 146 627 151 674 576 757 465 302 270 632 272 810 805 704 656 704 906 855 952 118 546 932 440 125 674 735 514 142 568 388 727 692 591 910 573 798 878 507 337 295 963 202 0 889 350 482 66 766 257 450 185 631 962 653 896 397 617 145 276 705 869 1045 253 540 499 765 449
864 539 746 528 830 566 936 922 210 869 659 977 144 653 746 478 150 385 346 484 588 991 460 150 320 587 571 798 843 219 575 574 322 818 394 980 692 313 146 758 588 768 448 623 354 188 837 439 696 60 895 102 980 881 68 512 840 217 247 732 758 375 568 203 356 421 852 451 251 650 451 640 940 215 713 889 0 686 606 917 129 671 492 980 306 86 258 587 620 662 851 634 546 158 205 672 739 604 604 626
643 148 152 779 977 390 338 652 890 878 438 643 542 798 121 748 754 925 784 827 726 585 543 573 778 106 646 708 887 470 277 288 745 405 589 499 787 405 591 644 234 479 313 202 753 676 872 336 813 723 1012 773 468 767 709 445 235 480 471 671 318 499 124 489 639 293 1037 266 698 934 481 64 598 828 342 350 686 0 570 412 558 365 195 527 532 770 428 923 69 724 229 337 746 613 878 136 697 586 823 102
264 490 489 272 407 805 567 328 711 329 163 399 541 236 518 273 546 562 413 358 178 446 146 621 427 490 100 199 326 529 721 730 392 345 221 488 217 381 462 152 336 233 639 371 374 447 313 656 244 592 443 623 513 282 670 147 526 454 596 136 352 237 484 547 279 575 467 582 409 397 170 509 372 581 291 482 606 570 0 468 527 239 471 467 301 648 488 414 552 154 550 246 223 673 688 447 153 17 283 608
351 472 261 740 809 797 139 321 1084 653 313 273 795 686 292 736 921 1006 851 823 643 188 551 856 858 428 568 480 680 741 684 696 821 124 631 87 647 607 781 431 337 242 685 313 813 821 665 709 677 931 816 975 64 500 964 446 191 706 777 483 159 580 440 764 697 641 876 625 810 858 515 394 236 978 210 66 917 412 468 0 797 261 498 119 647 987 690 882 455 593 211 289 691 907 1065 306 508 484 747 509
773 411 618 507 805 474 810 827 333 818 556 876 29 616 618 456 224 449 364 486 544 882 384 101 343 458 510 725 797 97 465 466 330 703 334 863 647 191 94 678 464 664 336 497 358 196 789 332 657 168 867 218 861 808 166 413 713 92 148 659 638 289 439 88 317 301 837 331 255 648 361 511 836 300 596 766 129 558 527 797 0 558 364 866 229 212 130 596 492 607 724 519 513 149 324 544 670 528 581 501
288 333 257 499 633 678 335 314 827 517 79 336 561 474 290 488 663 746 592 575 416 325 292 630 598 312 334 343 529 518 577 587 560 148 371 311 449 370 530 279 155 129 531 169 553 562 514 553 477 678 659 721 319 403 723 185 287 468 567 312 118 320 314 540 437 473 697 468 549 635 253 312 292 718 55 257 671 365 239 261 558 0 336 309 387 735 467 646 368 387 312 43 454 683 807 231 338 256 520 428
620 48 269 629 866 345 472 649 694 798 385 666 350 674 261 592 559 739 603 664 598 635 401 388 595 95 524 644 797 279 252 261 564 441 428 579 675 214 396 582 183 465 197 189 576 484 784 219 698 528 910 578 562 717 519 326 369 284 293 594 355 334 76 300 468 144 919 133 511 788 339 148 620 634 343 450 492 195 471 498 364 336 0 595 353 576 235 766 134 615 374 294 604 433 683 201 617 483 684 163
286 574 376 736 759 907 248 238 1133 590 335 171 867 662 408 740 967 1025 872 825 631 74 576 933 883 533 564 429 623 819 795 807 846 163 658 43 616 676 838 393 422 236 787 406 833 865 608 811 645 987 757 1028 91 430 1031 482 310 775 862 448 240 623 544 842 724 739 827 726 846 837 551 504 146 1017 270 185 980 527 467 119 866 309 595 0 692 1044 768 870 566 568 330 347 685 985 1112 413 470 482 730 622
557 395 532 308 592 608 693 616 440 590 361 674 248 398 546 261 275 396 252 319 321 696 156 328 246 426 281 497 571 255 557 562 213 535 110 698 423 152 161 453 351 470 442 393 224 175 562 450 435 300 650 337 706 580 369 212 613 173 328 431 491 71 410 269 121 382 631 403 173 463 146 470 638 332 437 631 306 532 301 647 229 387 353 692 0 357 230 427 481 380 630 358 301 378 420 463 441 301 376 515
910 623 825 534 831 646 1012 971 125 888 717 1031 230 665 827 485 124 338 334 476 606 1051 503 231 307 670 601 833 858 304 659 658 319 883 429 1046 710 388 206 798 662 826 532 699 351 205 854 523 710 57 898 38 1049 914 105 568 918 296 331 767 828 428 651 289 381 506 846 537 259 640 503 722 995 163 780 962 86 770 648 987 212 735 576 1044 357 0 342 571 704 686 930 701 559 228 122 751 771 644 608 711
712 281 494 537 821 386 691 758 463 804 480 798 115 625 492 490 341 549 439 539 548 792 361 166 423 330 497 686 789 51 355 357 401 605 339 761 646 108 183 633 353 584 228 381 423 287 780 231 661 297 877 347 754 768 286 354 591 70 108 624 533 263 311 74 346 181 861 209 332 691 319 382 756 418 498 653 258 428 488 690 130 467 235 768 230 342 0 649 362 597 600 426 531 218 453 421 639 493 607 372
614 803 877 147 288 1033 979 681 556 418 575 765 623 219 901 175 449 283 242 111 239 836 380 692 268 823 315 474 375 661 984 990 268 758 339 895 274 579 501 486 701 642 869 743 238 407 379 876 252 538 356 534 924 527 652 488 930 583 731 431 762 432 811 667 306 810 284 830 344 76 442 858 752 422 700 896 587 923 414 882 596 646 766 870 427 571 649 0 884 306 953 642 192 727 531 822 415 397 141 927
653 87 197 743 958 341 395 669 825 870 434 669 476 773 173 709 693 871 733 785 699 619 509 505 726 63 620 704 875 403 229 241 694 432 547 541 766 347 529 640 221 490 247 199 704 617 861 271 791 658 996 709 514 769 641 418 290 416 403 662 342 455 73 422 593 224 1015 199 643 900 446 63 623 767 354 397 620 69 552 455 492 368 134 566 481 704 362 884 0 704 287 333 713 544 814 155 687 567 791 61
308 639 641 194 254 940 704 376 723 210 309 459 627 94 672 223 570 519 391 288 86 531 236 707 413 641 100 175 193 630 863 871 385 473 273 596 62 495 527 180 490 350 772 525 358 481 183 787 90 635 294 655 629 243 729 290 673 550 702 125 495 334 635 646 307 708 313 718 429 269 287 662 446 585 436 617 662 724 154 593 607 387 615 568 380 686 597 306 704 0 698 399 146 756 699 601 111 138 165 759
522 334 106 805 938 618 109 510 1041 805 389 476 715 785 116 788 889 1020 868 874 727 398 583 761 869 283 645 627 824 649 505 516 832 261 651 294 758 543 733 568 279 374 534 238 832 797 809 558 787 877 958 926 254 666 886 471 26 635 667 610 204 576 301 670 712 503 1004 481 802 945 530 236 435 956 261 145 851 229 550 211 724 312 374 330 630 930 600 953 287 698 0 310 763 806 1026 179 637 568 831 330
327 294 242 495 649 637 348 356 795 542 102 379 521 482 273 479 632 727 572 566 419 367 277 589 577 275 336 372 551 476 537 548 539 184 351 346 461 330 495 308 115 171 489 136 535 532 537 510 489 644 679 687 350 436 685 165 287 428 524 335 135 292 276 499 416 430 711 426 523 636 231 280 335 689 80 276 634 337 246 289 519 43 294 347 358 701 426 642 333 399 310 0 452 642 776 206 361 263 522 393
445 637 690 51 293 901 787 513 585 331 384 594 536 107 716 78 438 373 248 145 61 657 204 614 271 651 124 320 299 555 838 845 246 568 192 708 152 442 424 315 518 454 733 559 217 359 295 743 151 512 354 526 735 389 614 303 739 473 628 264 571 280 640 566 197 670 330 686 301 188 267 682 576 445 509 705 546 746 223 691 513 454 604 685 301 559 531 192 713 146 763 452 0 659 560 638 255 207 80 761
914 475 701 650 950 423 902 965 347 967 690 1010 132 763 694 599 306 542 488 620 691 1008 532 53 464 526 659 872 945 166 451 448 459 822 483 979 796 314 235 823 570 796 332 596 489 320 938 317 804 218 1013 255 971 955 126 553 800 222 142 806 750 436 508 143 462 324 979 353 384 785 505 578 968 373 715 869 158 613 673 907 149 683 433 985 378 228 218 727 544 756 806 642 659 0 348 630 818 675 725 536
952 730 922 526 809 768 1102 1016 25 890 779 1082 345 662 927 482 145 264 315 452 614 1112 549 352 290 776 625 859 856 420 780 779 314 955 468 1118 712 484 293 832 752 886 652 790 343 247 853 644 707 157 877 106 1126 937 223 630 1012 399 452 794 908 489 757 406 409 623 814 654 278 605 562 827 1050 115 856 1045 205 878 688 1065 324 807 683 1112 420 122 453 531 814 699 1026 776 560 348 0 849 795 681 595 825
507 167 74 675 853 494 272 518 864 746 306 514 535 680 83 650 714 858 709 733 612 464 442 583 707 121 530 574 757 470 383 395 672 277 500 391 664 365 556 510 121 343 380 79 675 625 742 404 691 699 884 748 368 632 707 335 170 456 492 540 188 416 135 492 557 339 914 321 635 825 383 93 468 783 206 253 672 136 447 306 544 231 201 413 463 751 421 822 155 601 179 206 638 630 849 0 566 464 712 214
199 632 595 304 303 955 629 266 819 183 260 350 687 198 628 329 660 628 495 399 194 427 286 767 515 626 171 65 191 679 868 877 484 394 345 501 147 533 598 78 467 270 790 495 459 567 176 807 175 718 322 743 537 143 805 298 611 602 747 27 433 383 622 697 391 726 370 732 519 372 320 638 341 682 379 540 739 697 153 508 670 338 617 470 441 771 639 415 687 111 637 361 255 818 795 566 0 146 274 745
272 504 506 256 391 815 584 337 704 319 180 409 543 219 535 258 540 550 402 343 161 459 145 623 417 504 83 197 314 533 733 742 382 361 215 503 201 387 460 154 352 248 649 387 363 441 302 665 227 588 429 618 529 280 669 158 543 457 601 132 370 239 498 551 272 584 451 592 402 380 174 524 384 573 308 499 604 586 17 484 528 256 483 482 301 644 493 397 567 138 568 263 207 675 681 464 146 0 266 622
473 716 762 76 226 979 849 540 620 302 446 624 606 81 789 126 484 380 281 147 105 695 283 682 307 729 186 335 264 628 918 925 289 624 270 756 138 520 490 345 593 506 811 633 258 416 263 822 122 564 291 573 787 392 672 379 807 547 701 290 635 359 719 639 266 749 256 765 354 115 346 759 611 480 573 765 604 823 283 747 581 520 684 730 376 608 607 141 791 165 831 522 80 725 595 712 274 266 0 840
714 125 249 788 1011 289 439 730 834 928 494 729 481 824 221 753 710 899 766 826 749 677 556 501 757 119 672 763 932 407 176 187 726 491 589 596 820 373 547 699 280 550 219 259 739 641 918 241 844 668 1051 719 567 829 640 470 336 432 396 720 402 496 124 424 631 212 1068 183 671 946 494 122 682 786 415 449 626 102 608 509 501 428 163 622 515 711 372 927 61 759 330 393 761 536 825 214 745 622 840 0
