# TTSP Euclidean complete-graph matrix instance
# seed: 2008
# depot: 1
# L_max is not stored in this file; pass it with --budget when running algorithms.
# coordinate rows: node x y
# coord 1 890.017838 543.900422
# coord 2 384.939940 50.572841
# coord 3 748.431477 385.702836
# coord 4 912.166676 799.100892
# coord 5 977.699118 899.900226
# coord 6 456.413248 221.896385
# coord 7 742.097913 542.094904
# coord 8 564.975907 783.756332
# coord 9 273.418830 425.170713
# coord 10 566.783784 552.407695
# coord 11 616.830741 621.434395
# coord 12 174.095719 643.306646
# coord 13 946.953366 916.331774
# coord 14 930.479083 259.831917
# coord 15 55.869169 605.968030
# coord 16 803.147905 858.680762
# coord 17 263.998869 567.829006
# coord 18 128.887529 791.830742
# coord 19 426.485125 706.212901
# coord 20 36.279004 368.954141
# coord 21 806.161689 18.368882
# coord 22 138.483874 109.694908
# coord 23 392.236702 433.763285
# coord 24 842.323326 866.196693
# coord 25 231.730080 881.879769
# coord 26 284.048614 873.736931
# coord 27 13.167468 291.000618
# coord 28 682.154804 8.078995
# coord 29 989.431983 457.293465
# coord 30 58.269334 770.881037
# coord 31 988.052535 202.565055
# coord 32 589.025451 754.534760
# coord 33 53.579303 153.903388
# coord 34 362.470319 862.241773
# coord 35 748.552830 863.045271
# coord 36 6.995654 60.373128
# coord 37 659.279153 497.673198
# coord 38 257.668587 5.429404
# coord 39 245.589057 346.317469
# coord 40 559.801830 565.677916
# coord 41 347.139224 149.068694
# coord 42 336.727097 475.613088
# coord 43 170.284772 709.294405
# coord 44 113.202995 652.677332
# coord 45 521.925333 375.288235
# coord 46 701.758576 0.154558
# coord 47 316.743783 237.440883
# coord 48 720.123311 241.636173
# coord 49 490.945197 285.611087
# coord 50 200.203376 669.495380
# coord 51 630.102616 722.121606
# coord 52 120.306386 854.317638
# coord 53 377.724477 283.480271
# coord 54 171.493730 545.031477
# coord 55 348.354927 607.473969
# coord 56 395.607787 741.848775
# coord 57 643.781597 669.476997
# coord 58 329.178839 541.415650
# coord 59 368.400594 249.539345
# coord 60 597.665089 766.393250
# coord 61 71.055588 275.394311
# coord 62 858.533307 139.041192
# coord 63 69.593650 508.545966
# coord 64 203.445247 987.759830
# coord 65 273.365953 626.398331
# coord 66 378.612301 205.499216
# coord 67 968.994503 863.970917
# coord 68 551.412140 602.646487
# coord 69 366.030908 457.431799
# coord 70 170.386199 831.768634
# coord 71 542.320708 761.332790
# coord 72 889.428760 64.943445
# coord 73 330.405092 495.086109
# coord 74 453.410401 848.604077
# coord 75 872.119521 63.542951
# coord 76 645.932644 721.240847
# coord 77 614.452638 343.808981
# coord 78 936.854601 210.231762
# coord 79 193.021660 424.784140
# coord 80 611.094195 710.488249
# coord 81 480.444488 435.528150
# coord 82 918.364212 341.714511
# coord 83 651.038095 235.336335
# coord 84 560.601771 901.692654
# coord 85 447.636698 732.934324
# coord 86 663.229583 402.196096
# coord 87 362.359545 940.751690
# coord 88 941.491774 734.254855
# coord 89 508.657773 430.783668
# coord 90 653.809095 507.410897
# coord 91 820.459744 551.955874
# coord 92 437.347069 605.729520
# coord 93 497.190004 244.936679
# coord 94 806.722541 647.745315
# coord 95 305.964143 509.374089
# coord 96 339.560558 962.726850
# coord 97 731.306611 24.074347
# coord 98 452.243614 192.915818
# coord 99 463.032236 927.726810
# coord 100 486.611952 752.073226
# reference_nearest_neighbor_tour_cost: 9430
TTSP_MATRIX
100
0 68 61 36 79 65 95 51 6 37 45 91 17 27 56 36 4 16 73 97 78 35 28 1 23 52 2 68 68 44 95 51 41 79 30 40 33 6 28 25 24 100 53 85 52 84 21 13 21 64 27 54 15 93 60 28 92 19 56 43 23 26 13 77 26 18 71 39 56 27 78 13 26 61 62 98 83 98 16 14 3 7 40 63 11 9 41 72 47 73 58 93 17 77 52 12 56 65 100 72
0 706 212 256 367 540 148 404 628 323 284 723 377 287 836 327 626 800 491 871 532 868 510 326 740 690 913 575 132 862 355 367 923 616 349 1007 235 831 674 331 671 557 738 784 405 575 650 347 475 701 315 830 575 719 545 533 276 561 599 367 862 406 821 818 622 613 330 344 531 775 410 479 562 532 481 302 341 337 707 325 424 204 390 486 481 267 660 197 398 239 70 457 494 133 585 692 544 561 574 454
706 0 494 916 1036 186 608 755 391 534 616 629 1032 584 646 910 531 784 657 472 422 253 383 935 845 829 443 300 729 791 622 733 347 812 890 378 525 135 327 544 106 428 693 661 352 321 199 386 258 646 715 846 233 539 558 691 671 494 200 747 386 482 556 955 587 155 1001 577 407 810 728 505 448 801 487 720 372 575 421 698 397 608 324 869 685 448 890 882 400 530 664 558 224 731 466 913 347 157 881 709
212 494 0 445 563 335 157 438 477 247 270 629 567 221 727 476 518 741 454 712 372 669 359 490 716 674 741 383 251 790 302 402 732 613 477 810 143 621 504 261 466 421 663 689 227 388 456 147 276 617 357 784 385 599 457 501 302 447 404 409 686 270 690 812 533 411 527 293 389 730 428 350 432 549 345 351 140 257 557 353 273 176 179 549 459 87 676 398 244 154 181 381 288 268 459 707 362 353 613 450
256 916 445 0 120 735 308 348 740 424 345 754 122 540 878 124 688 783 494 976 788 1036 635 97 685 633 1033 824 350 854 601 326 1074 553 176 1168 393 1029 806 423 861 660 747 812 576 826 819 590 664 724 292 794 743 783 595 520 298 637 773 316 991 662 891 733 662 798 86 411 644 742 372 735 656 461 737 277 544 589 811 314 564 457 621 366 469 469 568 71 546 390 264 513 692 184 672 596 796 761 467 428
367 1036 563 120 0 855 428 429 849 538 456 844 35 642 968 179 787 856 584 1081 898 1153 748 140 746 694 1141 940 443 928 697 415 1188 616 232 1283 513 1148 918 535 980 769 830 899 695 941 936 707 784 811 390 859 860 881 694 603 406 741 891 403 1101 770 989 779 756 917 37 520 755 810 457 840 763 527 843 377 664 691 917 413 680 561 741 417 556 589 617 170 663 509 382 615 812 305 777 641 910 881 515 513
540 186 335 735 855 0 429 572 274 348 431 507 850 476 555 725 396 657 485 445 405 337 221 751 697 674 449 311 583 678 532 549 409 647 705 478 342 294 245 359 131 281 565 551 167 331 141 264 72 516 530 716 100 431 400 523 485 344 92 563 389 411 481 807 444 80 822 392 252 674 546 461 301 627 445 534 200 481 332 512 215 477 195 688 511 274 725 706 215 347 491 384 47 551 324 750 339 29 706 531
148 608 157 308 428 429 0 300 483 176 148 577 427 339 689 322 479 662 356 727 528 743 366 339 613 566 771 537 261 721 419 262 790 497 321 879 94 723 534 184 557 411 596 639 276 543 523 301 359 557 212 696 447 571 399 400 161 413 475 267 722 420 673 699 476 495 394 200 385 641 297 499 414 421 496 203 236 385 561 213 283 267 320 403 351 161 551 277 259 95 79 311 385 124 437 582 518 454 476 331
404 755 438 348 429 572 300 0 462 231 170 415 404 639 539 250 370 436 159 672 802 798 390 289 347 295 740 784 535 507 719 38 811 217 200 914 301 837 542 218 671 383 402 470 411 795 600 564 504 382 90 450 534 460 279 174 139 338 569 37 709 708 567 415 331 608 412 182 382 397 32 789 372 129 783 102 443 684 517 87 358 566 555 118 128 394 256 380 357 290 345 219 543 277 377 288 778 601 176 85
628 391 477 740 849 274 483 462 0 320 396 240 834 678 283 685 143 394 320 244 670 343 119 720 459 449 293 584 717 407 749 456 349 446 646 452 393 420 84 319 286 81 302 278 253 603 193 483 258 255 464 456 176 157 197 339 444 129 200 471 252 651 220 567 201 244 822 330 98 419 430 714 90 460 699 476 351 697 80 442 207 650 423 556 354 390 523 736 235 389 562 244 287 578 90 542 609 293 537 390
323 534 247 424 538 348 176 231 320 0 85 403 526 467 514 387 303 499 208 561 585 616 211 418 470 428 612 556 433 553 548 203 650 371 360 745 107 628 382 15 459 243 426 465 183 569 402 347 277 385 181 539 329 395 225 255 140 238 362 216 568 506 499 567 303 395 509 53 222 485 210 585 243 317 576 186 214 504 395 164 145 410 328 349 216 179 439 417 135 98 254 140 315 258 264 469 553 377 389 215
284 616 270 345 456 431 148 170 396 85 0 443 443 479 561 302 357 517 208 633 632 700 293 333 465 418 688 617 407 578 560 136 732 350 275 829 131 713 462 80 544 316 455 505 264 627 487 394 359 419 102 548 414 452 269 252 55 299 447 146 646 540 559 552 344 479 428 68 300 494 159 620 313 280 614 104 278 521 467 89 231 411 388 286 203 224 408 344 219 120 215 180 395 192 330 440 608 459 343 184
723 629 629 754 844 507 577 415 240 403 443 0 820 848 124 665 117 155 260 307 889 535 302 704 245 255 387 813 836 172 926 430 504 289 615 606 507 643 305 393 524 234 66 62 439 832 430 678 478 37 463 218 413 98 178 242 470 186 439 441 382 850 171 346 101 483 825 380 267 188 387 920 215 347 907 478 533 877 219 442 370 803 628 465 288 545 352 773 396 499 653 266 513 633 188 360 833 529 405 331
377 1032 567 122 35 850 427 404 834 526 443 820 0 657 944 155 767 827 561 1063 909 1142 735 116 716 664 1124 946 461 901 715 393 1174 587 205 1271 508 1142 904 522 974 753 804 874 688 948 926 712 778 786 372 829 851 860 674 578 391 723 883 380 1085 782 967 747 733 910 57 505 740 781 433 853 747 498 856 359 662 706 900 394 670 575 743 387 532 587 585 182 654 503 386 597 808 303 759 609 918 876 484 489
287 584 221 540 642 476 339 639 678 467 479 848 657 0 941 612 734 962 673 901 272 806 566 613 936 891 918 354 206 1011 81 601 883 828 630 945 361 719 690 481 594 632 883 907 425 346 614 211 440 837 551 1005 553 811 678 720 500 664 562 606 860 141 896 1029 752 555 605 511 598 951 634 199 645 758 205 542 327 50 756 552 483 83 281 741 676 303 887 475 455 371 312 602 434 407 673 918 309 483 815 663
836 646 727 878 968 555 689 539 283 514 561 124 944 941 0 789 212 200 384 238 953 503 378 828 327 352 318 866 945 165 1016 553 452 400 739 548 613 634 322 506 542 310 154 74 520 886 452 758 540 158 586 257 456 131 292 366 591 281 474 565 331 929 98 409 218 514 949 496 344 253 511 994 296 466 980 601 617 966 227 565 458 902 701 585 412 641 454 895 485 606 766 381 570 752 268 456 892 572 519 455
327 910 476 124 179 725 322 250 685 387 302 665 155 612 789 0 613 678 406 910 840 1001 591 40 572 519 973 859 443 750 682 238 1029 441 55 1127 389 1013 757 381 844 604 650 720 559 864 789 623 653 632 220 683 715 705 520 424 247 570 748 225 936 722 813 613 578 779 166 359 593 633 278 798 596 350 798 209 548 662 749 243 532 530 642 246 377 477 448 186 519 382 307 445 686 211 608 475 838 753 347 334
626 531 518 688 787 396 479 370 143 303 357 117 767 734 212 613 0 262 213 302 772 475 186 651 316 307 374 699 734 289 811 375 464 310 567 569 401 562 222 296 427 117 170 173 322 717 335 561 362 120 397 321 306 95 93 218 393 70 335 388 350 733 203 424 59 380 765 290 150 280 339 803 98 339 790 412 416 762 160 375 254 692 510 447 247 432 386 698 280 394 557 177 398 549 72 402 717 420 411 289
800 784 741 783 856 657 662 436 394 499 517 155 827 962 200 678 262 0 310 433 1028 682 444 717 137 175 514 959 923 74 1042 462 642 244 624 742 607 797 461 487 679 378 92 140 573 977 585 808 622 142 506 63 566 250 287 271 529 321 593 469 520 979 289 210 220 637 843 463 410 58 415 1052 359 329 1041 522 661 996 373 489 501 909 763 445 324 661 277 815 524 597 732 360 659 693 333 271 976 681 361 360
491 657 454 494 584 485 356 159 320 208 208 260 561 673 384 406 213 310 0 516 786 662 275 446 262 220 586 743 616 374 754 170 666 169 358 770 313 721 403 194 563 247 256 318 344 758 481 550 426 229 204 340 426 302 126 47 220 191 460 181 559 713 408 359 173 503 565 162 256 285 128 791 232 145 782 220 408 712 366 185 276 612 522 237 34 385 243 516 287 302 423 101 467 385 231 271 747 514 225 76
871 472 712 976 1081 445 727 672 244 561 633 307 1063 901 238 910 302 433 516 0 846 279 362 947 549 562 81 740 957 403 966 674 216 591 867 310 636 426 211 559 381 319 366 294 486 761 310 696 462 342 691 493 352 222 393 518 678 340 353 688 100 854 144 641 350 379 1056 566 341 482 640 906 320 636 890 704 579 914 166 669 449 883 629 747 549 628 658 976 476 633 805 466 477 819 304 667 776 452 703 591
532 422 372 788 898 405 528 802 670 585 632 889 909 272 953 840 772 1028 786 846 0 674 586 849 1037 1002 839 124 476 1061 259 768 765 953 847 800 501 549 649 600 477 655 939 939 456 106 536 239 413 889 725 1081 504 825 746 832 671 708 495 777 779 132 885 1141 808 467 861 637 622 1032 788 95 674 902 80 721 378 232 736 719 529 342 267 917 799 410 1024 729 509 512 534 694 383 629 701 1053 75 395 972 800
868 253 669 1036 1153 337 743 798 343 616 700 535 1142 806 503 1001 475 682 662 279 674 0 412 1033 778 778 220 553 919 666 855 787 96 785 969 140 649 158 260 621 212 416 600 544 466 574 219 596 394 563 785 745 296 437 540 682 754 472 269 801 179 721 405 880 534 259 1122 643 416 723 767 752 431 803 735 795 530 805 320 764 472 814 528 897 696 601 861 1017 490 651 813 579 383 858 433 876 599 325 880 731
510 383 359 635 748 221 366 390 119 211 293 302 735 566 378 591 186 444 275 362 586 412 0 624 476 453 405 515 598 475 639 376 439 430 558 536 275 449 171 213 288 70 354 355 142 533 210 380 178 304 374 501 151 247 179 308 345 125 186 391 358 552 331 585 226 229 720 232 35 456 360 619 87 419 606 383 240 589 199 353 88 534 326 497 304 273 508 626 116 272 444 178 216 466 115 532 532 248 499 332
326 935 490 97 140 751 339 289 720 418 333 704 116 613 828 40 651 717 446 947 849 1033 624 0 611 558 1009 873 435 790 679 277 1063 480 94 1161 411 1041 791 412 871 639 690 760 586 877 819 636 679 672 257 722 745 744 558 464 279 607 778 264 972 727 851 650 617 807 127 393 628 673 318 803 632 389 803 244 570 663 785 279 563 530 659 284 417 497 486 165 549 405 315 482 711 221 644 512 849 778 384 374
740 845 716 685 746 697 613 347 459 470 465 245 716 936 327 572 316 137 262 549 1037 778 476 611 0 53 630 983 869 206 1017 379 749 132 517 852 575 877 536 456 742 420 183 258 584 999 650 805 650 215 429 115 616 342 298 216 464 354 647 384 627 972 407 110 259 692 737 424 445 79 333 1049 399 224 1039 444 660 974 459 416 511 874 771 329 262 645 143 725 529 564 675 344 690 621 380 135 993 723 236 286
690 829 674 633 694 674 566 295 449 428 418 255 664 891 352 519 307 175 220 562 1002 778 453 558 53 0 643 953 819 248 973 327 756 79 465 859 531 869 529 413 727 402 200 279 552 968 637 768 623 221 378 165 598 347 274 173 414 335 630 331 635 933 424 140 248 675 685 381 424 121 282 1010 381 171 1001 393 624 931 458 366 480 828 736 278 216 605 103 672 497 520 626 309 664 569 365 105 960 701 187 236
913 443 741 1033 1141 449 771 740 293 612 688 387 1124 918 318 973 374 514 586 81 839 220 405 1009 630 643 0 726 990 482 979 739 143 670 932 231 678 376 239 612 363 373 447 375 516 747 308 709 478 422 753 573 365 299 461 591 735 403 358 753 60 859 225 722 424 375 1114 622 390 563 708 905 377 710 889 765 604 927 224 730 489 907 640 820 620 660 738 1029 515 676 848 528 486 870 365 747 766 450 780 661
575 300 383 824 940 311 537 784 584 556 617 813 946 354 866 859 699 959 743 740 124 553 515 873 983 953 726 0 544 985 362 752 645 912 858 677 490 424 552 571 363 581 868 860 401 21 431 237 337 818 716 1016 411 741 686 788 663 640 396 763 667 220 791 1090 741 362 903 609 549 970 766 215 601 871 198 714 342 325 643 706 473 409 229 902 762 395 986 771 457 500 561 646 301 652 627 1014 52 295 945 769
132 729 251 350 443 583 261 535 717 433 407 836 461 206 945 443 734 923 616 957 476 919 598 435 869 819 990 544 0 983 255 499 984 746 472 1060 333 860 752 443 712 653 857 898 475 540 708 345 527 817 446 956 636 823 658 658 406 666 655 499 936 344 921 948 736 661 407 462 623 901 541 405 660 664 411 433 392 253 797 455 509 136 405 618 608 331 792 281 482 339 194 572 536 264 685 823 504 599 706 583
862 791 790 854 928 678 721 507 407 553 578 172 901 1011 165 750 289 74 374 403 1061 666 475 790 206 248 482 985 983 0 1090 531 617 318 696 712 660 791 464 542 686 406 128 130 609 1004 593 847 650 174 574 104 583 253 333 339 594 355 607 539 496 1020 263 261 259 650 915 521 439 128 484 1090 387 403 1078 590 701 1042 371 556 539 961 799 519 391 708 348 884 564 651 793 413 685 759 360 340 1005 699 434 429
355 622 302 601 697 532 419 719 749 548 560 926 715 81 1016 682 811 1042 754 966 259 855 639 679 1017 973 979 362 255 1090 0 681 936 909 703 991 442 757 756 561 643 706 962 984 497 351 672 271 504 916 631 1085 616 885 757 801 580 741 621 686 920 144 968 1110 831 609 662 592 672 1032 715 169 720 839 181 621 399 52 826 633 559 156 339 819 757 381 968 534 531 452 388 683 493 481 748 999 313 536 895 744
367 733 402 326 415 549 262 38 456 203 136 430 393 601 553 238 375 462 170 674 768 787 376 277 379 327 739 752 499 531 681 0 805 251 193 906 266 819 533 191 652 376 421 487 385 763 584 529 479 398 52 479 516 467 282 194 101 336 551 15 706 672 575 451 341 588 395 156 371 426 47 752 366 165 747 66 412 646 515 49 337 528 523 150 143 360 293 353 334 255 308 212 518 242 374 325 744 578 214 102
923 347 732 1074 1188 409 790 811 349 650 732 504 1174 883 452 1029 464 642 666 216 765 96 439 1063 749 756 143 645 984 617 936 805 0 773 993 104 696 252 272 653 294 429 568 502 518 666 276 672 457 536 809 704 349 409 541 680 784 476 329 819 123 805 355 847 521 329 1159 670 436 688 780 841 439 802 824 820 592 885 305 788 511 885 603 903 700 658 845 1061 533 697 864 593 453 901 436 858 690 401 875 738
616 812 613 553 616 647 497 217 446 371 350 289 587 828 400 441 310 244 169 591 953 785 430 480 132 79 670 912 746 318 909 251 773 0 386 877 470 863 529 356 713 387 246 326 512 926 626 716 591 252 302 242 579 370 255 125 341 323 613 254 655 877 459 203 252 657 607 321 405 194 206 956 369 92 947 317 576 869 469 291 443 762 690 202 155 550 79 593 456 459 553 267 632 493 357 103 916 675 120 166
349 890 477 176 232 705 321 200 646 360 275 615 205 630 739 55 567 624 358 867 847 969 558 94 517 465 932 858 472 696 703 193 993 386 0 1093 376 988 721 352 819 565 598 669 538 864 760 622 632 582 184 628 688 659 475 373 220 529 722 179 897 732 766 559 531 754 220 327 558 579 230 810 557 295 809 175 536 679 708 205 505 548 635 192 328 469 394 232 494 368 319 404 667 223 567 421 839 733 293 284
1007 378 810 1168 1283 478 879 914 452 745 829 606 1271 945 548 1127 569 742 770 310 800 140 536 1161 852 859 231 677 1060 712 991 906 104 877 1093 0 785 257 372 749 352 530 669 602 604 697 357 736 534 639 909 802 433 512 645 784 881 579 408 921 224 855 453 948 626 399 1253 768 535 789 882 882 542 906 865 919 670 942 409 887 604 954 667 1007 804 740 949 1152 624 786 950 695 524 992 539 962 725 465 980 842
235 525 143 393 513 342 94 301 393 107 131 507 508 361 613 389 401 607 313 636 501 649 275 411 575 531 678 490 333 660 442 266 696 470 376 785 0 635 441 121 468 323 533 568 184 499 430 263 271 490 226 646 354 490 330 359 173 333 382 276 629 410 590 669 407 405 480 151 296 592 288 490 329 407 483 224 160 400 472 218 189 302 262 416 316 96 533 368 165 11 170 247 300 210 354 564 479 368 473 307
831 135 621 1029 1148 294 723 837 420 628 713 643 1142 719 634 1013 562 797 721 426 549 158 449 1041 877 869 376 424 860 791 757 819 252 863 988 257 635 0 341 637 169 477 709 663 455 444 239 519 365 667 808 860 303 546 609 749 768 541 268 833 328 616 537 984 621 234 1115 666 465 831 808 635 495 866 617 814 492 709 424 789 484 741 456 946 752 567 941 999 494 639 784 627 339 845 506 961 474 270 945 781
674 327 504 806 918 245 534 542 84 382 462 305 904 690 322 757 222 461 403 211 649 260 171 791 536 529 239 552 752 464 756 533 272 529 721 372 441 341 0 383 222 158 371 334 278 573 130 486 253 326 538 523 146 212 281 423 513 212 156 548 188 647 239 643 281 194 890 399 164 491 510 703 171 544 687 548 369 705 94 516 251 673 420 638 436 421 606 797 276 439 611 323 271 637 174 624 583 257 621 472
331 544 261 423 535 359 184 218 319 15 80 393 522 481 506 381 296 487 194 559 600 621 213 412 456 413 612 571 443 542 561 191 653 356 352 749 121 637 383 0 468 241 415 455 194 583 408 362 288 374 172 526 336 389 216 241 134 232 370 204 568 521 494 552 293 403 506 38 222 472 196 599 240 302 591 178 229 518 393 154 152 423 343 336 201 193 424 417 144 111 261 129 327 260 260 454 568 388 375 200
671 106 466 861 980 131 557 671 286 459 544 524 974 594 542 844 427 679 563 381 477 212 288 871 742 727 363 363 712 686 643 652 294 713 819 352 468 169 222 468 0 327 587 555 286 385 93 384 198 541 639 741 138 433 458 595 599 393 103 666 304 511 454 851 483 65 948 497 309 705 643 549 346 708 532 645 331 593 316 620 316 603 316 782 592 405 792 834 325 472 622 465 178 678 363 814 404 114 787 619
557 428 421 660 769 281 411 383 81 243 316 234 753 632 310 604 117 378 247 319 655 416 70 639 420 402 373 581 653 406 706 376 429 387 565 530 323 477 158 241 327 0 287 285 211 599 239 449 245 237 383 436 196 179 132 273 363 66 228 391 333 621 269 529 164 273 742 249 34 393 352 689 20 391 676 395 307 656 152 361 149 597 396 481 280 335 466 658 178 319 490 164 281 501 46 487 600 305 469 314
738 693 663 747 830 565 596 402 302 426 455 66 804 883 154 650 170 92 256 366 939 600 354 690 183 200 447 868 857 128 962 421 568 246 598 669 533 709 371 415 587 287 0 80 485 886 494 722 531 50 460 153 474 164 205 228 475 231 501 431 445 894 225 280 132 545 814 396 319 122 376 966 267 316 954 476 575 915 285 441 414 834 675 435 278 581 301 772 438 524 669 286 568 639 242 305 886 588 365 319
784 661 689 812 899 551 639 470 278 465 505 62 874 907 74 720 173 140 318 294 939 544 355 760 258 279 375 860 898 130 984 487 502 326 669 602 568 663 334 455 555 285 80 0 494 879 462 733 527 89 522 202 454 122 239 296 531 243 477 498 380 905 151 347 162 520 881 441 319 188 443 974 268 393 961 537 589 935 241 501 427 863 681 512 344 604 381 832 453 560 714 328 560 694 240 384 882 571 445 386
405 352 227 576 695 167 276 411 253 183 264 439 688 425 520 559 322 573 344 486 456 466 142 586 584 552 516 401 475 609 497 385 518 512 538 604 184 455 278 194 286 211 485 494 0 416 247 239 95 436 363 625 171 389 290 388 318 254 198 398 462 411 472 690 353 222 662 229 176 576 387 481 226 478 469 368 98 447 333 347 73 398 190 528 365 144 588 552 57 187 347 245 133 394 254 615 409 195 556 378
575 321 388 826 941 331 543 795 603 569 627 832 948 346 886 864 717 977 758 761 106 574 533 877 999 968 747 21 540 1004 351 763 666 926 864 697 499 444 573 583 385 599 886 879 416 0 452 242 355 836 726 1033 430 760 703 802 672 657 416 773 688 209 811 1106 759 383 904 621 567 987 778 199 619 884 182 723 355 315 663 716 488 404 241 913 776 404 1000 772 472 510 564 661 319 656 645 1028 38 315 958 782
650 199 456 819 936 141 523 600 193 402 487 430 926 614 452 789 335 585 481 310 536 219 210 819 650 637 308 431 708 593 672 584 276 626 760 357 430 239 130 408 93 239 494 462 247 452 0 403 181 447 577 647 76 340 371 511 542 304 53 599 249 551 367 759 391 70 904 434 225 612 570 598 258 626 582 585 316 621 225 557 257 611 334 708 512 384 705 798 272 432 594 388 181 639 272 726 466 143 706 542
347 386 147 590 707 264 301 564 483 347 394 678 712 211 758 623 561 808 550 696 239 596 380 636 805 768 709 237 345 847 271 529 672 716 622 736 263 519 486 362 384 449 722 733 239 242 403 0 233 673 489 857 345 627 522 596 435 493 352 539 650 172 703 908 590 343 670 398 415 807 549 245 465 663 234 485 147 219 558 481 308 222 69 679 562 170 785 540 284 274 326 461 223 415 493 815 218 272 733 561
475 258 276 664 784 72 359 504 258 277 359 478 778 440 540 653 362 622 426 462 413 394 178 679 650 623 478 337 527 650 504 479 457 591 632 534 271 365 253 288 198 245 531 527 95 355 181 233 0 482 458 679 113 412 352 466 413 303 128 492 420 396 477 759 404 138 750 323 212 633 478 456 264 564 441 462 137 452 329 442 150 431 168 620 449 208 668 636 146 275 424 325 41 480 290 694 355 100 643 466
701 646 617 724 811 516 557 382 255 385 419 37 786 837 158 632 120 142 229 342 889 563 304 672 215 221 422 818 817 174 916 398 536 252 582 639 490 667 326 374 541 237 50 89 436 836 447 673 482 0 433 201 425 128 161 208 444 182 452 409 415 845 207 318 85 497 793 358 269 165 354 917 218 310 905 449 527 868 245 413 365 789 626 429 255 535 316 744 390 482 631 246 518 607 192 325 836 539 368 298
315 715 357 292 390 530 212 90 464 181 102 463 372 551 586 220 397 506 204 691 725 785 374 257 429 378 753 716 446 574 631 52 809 302 184 909 226 808 538 172 639 383 460 522 363 726 577 489 458 433 0 527 506 492 304 235 54 351 540 55 716 626 600 503 369 575 367 143 374 473 96 706 376 217 702 16 379 597 529 22 323 477 487 193 183 322 346 312 316 216 255 225 495 192 388 377 705 558 265 147
830 846 784 794 859 716 696 450 456 539 548 218 829 1005 257 683 321 63 340 493 1081 745 501 722 115 165 573 1016 956 104 1085 479 704 242 628 802 646 860 523 526 741 436 153 202 625 1033 647 857 679 201 527 0 626 313 336 297 555 376 654 485 581 1028 349 157 275 698 849 499 467 55 432 1102 416 333 1091 542 710 1040 436 511 552 949 815 443 349 707 257 830 575 636 763 403 717 717 392 245 1031 740 350 380
575 233 385 743 860 100 447 534 176 329 414 413 851 553 456 715 306 566 426 352 504 296 151 745 616 598 365 411 636 583 616 516 349 579 688 433 354 303 146 336 138 196 474 454 171 430 76 345 113 425 506 626 0 333 325 459 469 262 35 531 307 502 382 726 358 78 829 363 174 586 505 556 217 570 541 513 244 564 233 487 183 544 278 645 455 309 657 722 197 355 518 328 126 563 237 680 439 117 650 481
719 539 599 783 881 431 571 460 157 395 452 98 860 811 131 705 95 250 302 222 825 437 247 744 342 347 299 741 823 253 885 467 409 370 659 512 490 546 212 389 433 179 164 122 389 760 340 627 412 128 492 313 333 0 188 298 488 158 355 480 288 798 108 444 130 398 859 384 213 287 429 864 167 414 850 506 487 835 122 470 328 774 571 528 334 512 439 793 356 484 649 273 443 643 139 450 765 450 481 377
545 558 457 595 694 400 399 279 197 225 269 178 674 678 292 520 93 287 126 393 746 540 179 558 298 274 461 686 658 333 757 282 541 255 475 645 330 609 281 216 458 132 205 239 290 703 371 522 352 161 304 336 325 188 0 142 302 69 358 296 433 693 296 407 77 403 672 203 151 286 248 766 114 263 755 319 375 710 240 282 217 629 480 363 160 376 334 607 239 321 475 89 392 460 107 355 698 427 340 200
533 691 501 520 603 523 400 174 339 255 252 242 578 720 366 424 218 271 47 518 832 682 308 464 216 173 591 788 658 339 801 194 680 125 373 784 359 749 423 241 595 273 228 296 388 802 511 596 466 208 235 297 459 298 142 0 259 211 493 204 568 760 401 312 168 537 586 209 286 243 148 838 255 121 829 251 454 759 376 218 318 658 567 230 53 432 202 546 331 349 465 142 507 422 249 228 792 552 198 92
276 671 302 298 406 485 161 139 444 140 55 470 391 500 591 247 393 529 220 678 671 754 345 279 464 414 735 663 406 594 580 101 784 341 220 881 173 768 513 134 599 363 475 531 318 672 542 435 413 444 54 555 469 488 302 259 0 340 502 107 695 572 596 543 373 534 379 114 349 500 137 653 359 261 648 52 327 545 513 52 285 428 434 247 206 268 391 305 274 162 212 216 449 164 374 423 651 514 315 178
561 494 447 637 741 344 413 338 129 238 299 186 723 664 281 570 70 321 191 340 708 472 125 607 354 335 403 640 666 355 741 336 476 323 529 579 333 541 212 232 393 66 231 243 254 657 304 493 303 182 351 376 262 158 69 211 340 0 294 350 371 665 262 464 102 340 717 231 92 331 306 735 46 331 723 364 347 692 179 329 185 622 444 428 225 362 401 642 211 326 491 126 341 489 40 421 655 370 409 263
599 200 404 773 891 92 475 569 200 362 447 439 883 562 474 748 335 593 460 353 495 269 186 778 647 630 358 396 655 607 621 551 329 613 722 408 382 268 156 370 103 228 501 477 198 416 53 352 128 452 540 654 35 355 358 493 502 294 0 565 298 502 395 756 389 45 859 398 208 615 541 553 248 605 537 547 263 570 248 521 217 558 283 680 490 332 691 751 229 385 544 363 129 592 267 714 427 101 685 516
367 747 409 316 403 563 267 37 471 216 146 441 380 606 565 225 388 469 181 688 777 801 391 264 384 331 753 763 499 539 686 15 819 254 179 921 276 833 548 204 666 391 431 498 398 773 599 539 492 409 55 485 531 480 296 204 107 350 565 0 720 679 588 452 353 602 384 170 386 432 56 760 381 166 755 66 423 651 530 57 351 532 534 140 154 370 293 345 347 265 309 227 531 240 389 324 754 592 210 112
862 386 686 991 1101 389 722 709 252 568 646 382 1085 860 331 936 350 520 559 100 779 179 358 972 627 635 60 667 936 496 920 706 123 655 897 224 629 328 188 568 304 333 445 380 462 688 249 650 420 415 716 581 307 288 433 568 695 371 298 720 0 799 233 725 405 315 1074 581 347 565 677 845 340 689 829 728 548 868 193 694 440 850 581 795 593 606 726 984 464 627 799 493 427 825 332 738 706 390 761 632
406 482 270 662 770 411 420 708 651 506 540 850 782 141 929 722 733 979 713 854 132 721 552 727 972 933 859 220 344 1020 144 672 805 877 732 855 410 616 647 521 511 621 894 905 411 209 551 172 396 845 626 1028 502 798 693 760 572 665 502 679 799 0 871 1072 762 485 733 556 586 976 698 80 637 817 77 620 319 106 724 623 480 211 229 819 722 328 943 601 456 421 415 629 377 511 665 974 171 410 882 717
821 556 690 891 989 481 673 567 220 499 559 171 967 896 98 813 203 289 408 144 885 405 331 851 407 424 225 791 921 263 968 575 355 459 766 453 590 537 239 494 454 269 225 151 472 811 367 703 477 207 600 349 382 108 296 401 596 262 395 588 233 871 0 498 235 433 967 491 301 339 536 932 261 513 918 614 569 917 149 578 417 865 642 629 440 603 522 901 446 584 752 380 502 750 236 528 820 496 575 483
818 955 812 733 779 807 699 415 567 567 552 346 747 1029 409 613 424 210 359 641 1141 880 585 650 110 140 722 1090 948 261 1110 451 847 203 559 948 669 984 643 552 851 529 280 347 690 1106 759 908 759 318 503 157 726 444 407 312 543 464 756 452 725 1072 498 0 368 802 775 519 555 159 408 1150 509 286 1141 517 764 1069 563 493 618 964 875 367 353 745 166 780 635 658 755 448 799 692 489 138 1099 833 266 368
622 587 533 662 756 444 476 331 201 303 344 101 733 752 218 578 59 220 173 350 808 534 226 617 259 248 424 741 736 259 831 341 521 252 531 626 407 621 281 293 483 164 132 162 353 759 391 590 404 85 369 275 358 130 77 168 373 102 389 353 405 762 235 368 0 434 735 279 193 230 301 834 143 286 822 384 443 783 217 348 282 705 544 398 204 450 327 677 306 399 552 165 442 534 121 343 757 469 356 248
613 155 411 798 917 80 495 608 244 395 479 483 910 555 514 779 380 637 503 379 467 259 229 807 692 675 375 362 661 650 609 588 329 657 754 399 405 234 194 403 65 273 545 520 222 383 70 343 138 497 575 698 78 398 403 537 534 340 45 602 315 485 433 802 434 0 884 433 252 660 579 530 294 647 514 581 273 558 287 556 252 557 274 720 532 346 735 772 260 409 561 405 125 616 312 758 397 75 727 557
330 1001 527 86 37 822 394 412 822 509 428 825 57 605 949 166 765 843 565 1056 861 1122 720 127 737 685 1114 903 407 915 662 395 1159 607 220 1253 480 1115 890 506 948 742 814 881 662 904 904 670 750 793 367 849 829 859 672 586 379 717 859 384 1074 733 967 775 735 884 0 493 727 799 439 803 737 516 806 353 629 655 892 389 650 525 704 410 538 554 611 133 632 476 346 591 778 270 752 637 873 847 510 495
344 577 293 411 520 392 200 182 330 53 68 380 505 511 496 359 290 463 162 566 637 643 232 393 424 381 622 609 462 521 592 156 670 321 327 768 151 666 399 38 497 249 396 441 229 621 434 398 323 358 143 499 363 384 203 209 114 231 398 170 581 556 491 519 279 433 493 0 235 445 159 635 246 265 627 152 266 550 400 123 182 450 381 299 167 230 387 412 177 140 274 114 362 259 263 418 606 422 337 163
531 407 389 644 755 252 385 382 98 222 300 267 740 598 344 593 150 410 256 341 622 416 35 628 445 424 390 549 623 439 672 371 436 405 558 535 296 465 164 222 309 34 319 319 176 567 225 415 212 269 374 467 174 213 151 286 349 92 208 386 347 586 301 555 193 252 727 235 0 422 351 654 52 401 641 385 273 622 176 352 116 564 361 485 287 302 483 639 145 292 464 165 250 480 79 506 567 278 480 318
775 810 730 742 810 674 641 397 419 485 494 188 781 951 253 633 280 58 285 482 1032 723 456 673 79 121 563 970 901 128 1032 426 688 194 579 789 592 831 491 472 705 393 122 188 576 987 612 807 633 165 473 55 586 287 286 243 500 331 615 432 565 976 339 159 230 660 799 445 422 0 379 1051 373 284 1040 488 660 987 408 457 503 894 766 396 294 654 221 777 525 582 708 350 672 662 350 214 983 698 308 326
410 728 428 372 457 546 297 32 430 210 159 387 433 634 511 278 339 415 128 640 788 767 360 318 333 282 708 766 541 484 715 47 780 206 230 882 288 808 510 196 643 352 376 443 387 778 570 549 478 354 96 432 505 429 248 148 137 306 541 56 677 698 536 408 301 579 439 159 351 379 0 778 340 125 772 111 424 678 485 86 332 563 537 142 99 379 254 400 332 277 348 188 518 288 345 286 761 576 184 56
479 505 350 735 840 461 499 789 714 585 620 920 853 199 994 798 803 1052 791 906 95 752 619 803 1049 1010 905 215 405 1090 169 752 841 956 810 882 490 635 703 599 549 689 966 974 481 199 598 245 456 917 706 1102 556 864 766 838 653 735 553 760 845 80 932 1150 834 530 803 635 654 1051 778 0 705 897 17 700 392 153 784 703 552 278 293 899 801 406 1022 671 528 501 492 705 432 589 733 1053 163 456 962 796
562 448 432 656 763 301 414 372 90 243 313 215 747 645 296 596 98 359 232 320 674 431 87 632 399 381 377 601 660 387 720 366 439 369 557 542 329 495 171 240 346 20 267 268 226 619 258 465 264 218 376 416 217 167 114 255 359 46 248 381 340 637 261 509 143 294 737 246 52 373 340 705 0 374 693 388 322 670 154 354 161 608 413 467 265 346 447 656 189 324 493 154 301 500 28 468 619 326 453 301
532 801 549 461 527 627 421 129 460 317 280 347 498 758 466 350 339 329 145 636 902 803 419 389 224 171 710 871 664 403 839 165 802 92 295 906 407 866 544 302 708 391 316 393 478 884 626 663 564 310 217 333 570 414 263 121 261 331 605 166 689 817 513 286 286 647 516 265 401 284 125 897 374 0 890 231 530 801 497 210 414 688 644 120 116 493 130 501 421 396 472 243 605 406 370 161 870 656 80 102
481 487 345 737 843 445 496 783 699 576 614 907 856 205 980 798 790 1041 782 890 80 735 606 803 1039 1001 889 198 411 1078 181 747 824 947 809 865 483 617 687 591 532 676 954 961 469 182 582 234 441 905 702 1091 541 850 755 829 648 723 537 755 829 77 918 1141 822 514 806 627 641 1040 772 17 693 890 0 696 381 160 769 698 540 282 280 894 793 398 1015 674 517 495 491 695 417 588 721 1045 146 439 956 789
302 720 351 277 377 534 203 102 476 186 104 478 359 542 601 209 412 522 220 704 721 795 383 244 444 393 765 714 433 590 621 66 820 317 175 919 224 814 548 178 645 395 476 537 368 723 585 485 462 449 16 542 513 506 319 251 52 364 547 66 728 620 614 517 384 581 353 152 385 488 111 700 388 231 696 0 379 588 541 36 330 467 486 200 199 320 359 296 321 214 243 238 499 177 401 390 702 563 276 162
341 372 140 544 664 200 236 443 351 214 278 533 662 327 617 548 416 661 408 579 378 530 240 570 660 624 604 342 392 701 399 412 592 576 536 670 160 492 369 229 331 307 575 589 98 355 316 147 137 527 379 710 244 487 375 454 327 347 263 423 548 319 569 764 443 273 629 266 273 660 424 392 322 530 381 379 0 349 429 367 162 304 114 560 423 76 648 509 137 168 293 316 153 360 350 677 340 222 603 428
337 575 257 589 691 481 385 684 697 504 521 877 706 50 966 662 762 996 712 914 232 805 589 663 974 931 927 325 253 1042 52 646 885 869 679 942 400 709 705 518 593 656 915 935 447 315 621 219 452 868 597 1040 564 835 710 759 545 692 570 651 868 106 917 1069 783 558 655 550 622 987 678 153 670 801 160 588 349 0 774 597 509 133 287 787 716 334 929 524 482 410 361 637 441 456 698 961 277 485 860 704
707 421 557 811 917 332 561 517 80 395 467 219 900 756 227 749 160 373 366 166 736 320 199 785 459 458 224 643 797 371 826 515 305 469 708 409 472 424 94 393 316 152 285 241 333 663 225 558 329 245 529 436 233 122 240 376 513 179 248 530 193 724 149 563 217 287 892 400 176 408 485 784 154 497 769 541 429 774 0 506 288 730 496 602 400 471 543 810 316 468 640 304 353 653 141 558 671 348 571 440
325 698 353 314 413 512 213 87 442 164 89 442 394 552 565 243 375 489 185 669 719 764 353 279 416 366 730 706 455 556 633 49 788 291 205 887 218 789 516 154 620 361 441 501 347 716 557 481 442 413 22 511 487 470 282 218 52 329 521 57 694 623 578 493 348 556 389 123 352 457 86 703 354 210 698 36 367 597 506 0 304 480 477 198 165 313 339 331 298 208 263 203 479 205 365 371 697 541 263 131
424 397 273 564 680 215 283 358 207 145 231 370 670 483 458 532 254 501 276 449 529 472 88 563 511 480 489 473 509 539 559 337 511 443 505 604 189 484 251 152 316 149 414 427 73 488 257 308 150 365 323 552 183 328 217 318 285 185 217 351 440 480 417 618 282 252 650 182 116 503 332 552 161 414 540 330 162 509 288 304 0 448 263 473 299 186 519 549 29 188 359 176 191 389 189 546 482 244 493 317
204 608 176 457 561 477 267 566 650 410 411 803 575 83 902 530 692 909 612 883 342 814 534 530 874 828 907 409 136 961 156 528 885 762 548 954 302 741 673 423 603 597 834 863 398 404 611 222 431 789 477 949 544 774 629 658 428 622 558 532 850 211 865 964 705 557 525 450 564 894 563 278 608 688 282 467 304 133 730 480 448 0 288 665 612 262 817 393 419 312 232 549 432 326 635 849 369 489 742 596
390 324 179 621 741 195 320 555 423 328 388 628 743 281 701 642 510 763 522 629 267 528 326 659 771 736 640 229 405 799 339 523 603 690 635 667 262 456 420 343 316 396 675 681 190 241 334 69 168 626 487 815 278 571 480 567 434 444 283 534 581 229 642 875 544 274 704 381 361 766 537 293 413 644 280 486 114 287 496 477 263 288 0 672 538 167 762 577 242 272 359 428 154 441 441 791 226 203 717 542
486 869 549 366 417 688 403 118 556 349 286 465 387 741 585 246 447 445 237 747 917 897 497 284 329 278 820 902 618 519 819 150 903 202 192 1007 416 946 638 336 782 481 435 512 528 913 708 679 620 429 193 443 645 528 363 230 247 428 680 140 795 819 629 367 398 720 410 299 485 396 142 899 467 120 894 200 560 787 602 198 473 665 672 0 203 510 202 416 474 405 436 321 660 354 468 229 894 717 101 167
481 685 459 469 556 511 351 128 354 216 203 288 532 676 412 377 247 324 34 549 799 696 304 417 262 216 620 762 608 391 757 143 700 155 328 804 316 752 436 201 592 280 278 344 365 776 512 562 449 255 183 349 455 334 160 53 206 225 490 154 593 722 440 353 204 532 538 167 287 294 99 801 265 116 793 199 423 716 400 165 299 612 538 203 0 395 225 494 308 306 414 128 491 369 265 254 764 540 195 43
267 448 87 469 589 274 161 394 390 179 224 545 587 303 641 477 432 661 385 628 410 601 273 497 645 605 660 395 331 708 381 360 658 550 469 740 96 567 421 193 405 335 581 604 144 404 384 170 208 535 322 707 309 512 376 432 268 362 332 370 606 328 603 745 450 346 554 230 302 654 379 406 346 493 398 320 76 334 471 313 186 262 167 510 395 0 617 433 157 106 217 304 229 284 373 647 384 297 562 392
660 890 676 568 617 725 551 256 523 439 408 352 585 887 454 448 386 277 243 658 1024 861 508 486 143 103 738 986 792 348 968 293 845 79 394 949 533 941 606 424 792 466 301 381 588 1000 705 785 668 316 346 257 657 439 334 202 391 401 691 293 726 943 522 166 327 735 611 387 483 221 254 1022 447 130 1015 359 648 929 543 339 519 817 762 202 225 617 0 615 531 522 601 343 709 532 435 32 988 753 102 226
197 882 398 71 170 706 277 380 736 417 344 773 182 475 895 186 698 815 516 976 729 1017 626 165 725 672 1029 771 281 884 534 353 1061 593 232 1152 368 999 797 417 834 658 772 832 552 772 798 540 636 744 312 830 722 793 607 546 305 642 751 345 984 601 901 780 677 772 133 412 639 777 400 671 656 501 674 296 509 524 810 331 549 393 577 416 494 433 615 0 529 366 219 520 661 160 674 644 741 730 516 455
398 400 244 546 663 215 259 357 235 135 219 396 654 455 485 519 280 524 287 476 509 490 116 549 529 497 515 457 482 564 531 334 533 456 494 624 165 494 276 144 325 178 438 453 57 472 272 284 146 390 316 575 197 356 239 331 274 211 229 347 464 456 446 635 306 260 632 177 145 525 332 528 189 421 517 321 137 482 316 298 29 419 242 474 308 157 531 529 0 164 335 189 186 369 217 558 464 244 499 322
239 530 154 390 509 347 95 290 389 98 120 499 503 371 606 382 394 597 302 633 512 651 272 405 564 520 676 500 339 651 452 255 697 459 368 786 11 639 439 111 472 319 524 560 187 510 432 274 275 482 216 636 355 484 321 349 162 326 385 265 627 421 584 658 399 409 476 140 292 582 277 501 324 396 495 214 168 410 468 208 188 312 272 405 306 106 522 366 164 0 173 238 306 208 348 553 490 374 462 296
70 664 181 264 382 491 79 345 562 254 215 653 386 312 766 307 557 732 423 805 534 813 444 315 675 626 848 561 194 793 388 308 864 553 319 950 170 784 611 261 622 490 669 714 347 564 594 326 424 631 255 763 518 649 475 465 212 491 544 309 799 415 752 755 552 561 346 274 464 708 348 492 493 472 491 243 293 361 640 263 359 232 359 436 414 217 601 219 335 173 0 387 446 97 516 632 535 514 519 389
457 558 381 513 615 384 311 219 244 140 180 266 597 602 381 445 177 360 101 466 694 579 178 482 344 309 528 646 572 413 683 212 593 267 404 695 247 627 323 129 465 164 286 328 245 661 388 461 325 246 225 403 328 273 89 142 216 126 363 227 493 629 380 448 165 405 591 114 165 350 188 705 154 243 695 238 316 637 304 203 176 549 428 321 128 304 343 520 189 238 387 0 366 372 163 370 652 413 323 154
494 224 288 692 812 47 385 543 287 315 395 513 808 434 570 686 398 659 467 477 383 383 216 711 690 664 486 301 536 685 493 518 453 632 667 524 300 339 271 327 178 281 568 560 133 319 181 223 41 518 495 717 126 443 392 507 449 341 129 531 427 377 502 799 442 125 778 362 250 672 518 432 301 605 417 499 153 441 353 479 191 432 154 660 491 229 709 661 186 306 446 366 0 508 326 735 322 69 684 507
133 731 268 184 305 551 124 277 578 258 192 633 303 407 752 211 549 693 385 819 629 858 466 221 621 569 870 652 264 759 481 242 901 493 223 992 210 845 637 260 678 501 639 694 394 656 639 415 480 607 192 717 563 643 460 422 164 489 592 240 825 511 750 692 534 616 270 259 480 662 288 589 500 406 588 177 360 456 653 205 389 326 441 354 369 284 532 160 369 208 97 372 508 0 520 563 628 577 443 337
585 466 459 672 777 324 437 377 90 264 330 188 759 673 268 608 72 333 231 304 701 433 115 644 380 365 365 627 685 360 748 374 436 357 567 539 354 506 174 260 363 46 242 240 254 645 272 493 290 192 388 392 237 139 107 249 374 40 267 389 332 665 236 489 121 312 752 263 79 350 345 733 28 370 721 401 350 698 141 365 189 635 441 468 265 373 435 674 217 348 516 163 326 520 0 455 645 349 447 303
692 913 707 596 641 750 582 288 542 469 440 360 609 918 456 475 402 271 271 667 1053 876 532 512 135 105 747 1014 823 340 999 325 858 103 421 962 564 961 624 454 814 487 305 384 615 1028 726 815 694 325 377 245 680 450 355 228 423 421 714 324 738 974 528 138 343 758 637 418 506 214 286 1053 468 161 1045 390 677 961 558 371 546 849 791 229 254 647 32 644 558 553 632 370 735 563 455 0 1017 778 128 257
544 347 362 796 910 339 518 778 609 553 608 833 918 309 892 838 717 976 747 776 75 599 532 849 993 960 766 52 504 1005 313 744 690 916 839 725 479 474 583 568 404 600 886 882 409 38 466 218 355 836 705 1031 439 765 698 792 651 655 427 754 706 171 820 1099 757 397 873 606 567 983 761 163 619 870 146 702 340 277 671 697 482 369 226 894 764 384 988 741 464 490 535 652 322 628 645 1017 0 326 943 768
561 157 353 761 881 29 454 601 293 377 459 529 876 483 572 753 420 681 514 452 395 325 248 778 723 701 450 295 599 699 536 578 401 675 733 465 368 270 257 388 114 305 588 571 195 315 143 272 100 539 558 740 117 450 427 552 514 370 101 592 390 410 496 833 469 75 847 422 278 698 576 456 326 656 439 563 222 485 348 541 244 489 203 717 540 297 753 730 244 374 514 413 69 577 349 778 326 0 735 560
574 881 613 467 515 706 476 176 537 389 343 405 484 815 519 347 411 361 225 703 972 880 499 384 236 187 780 945 706 434 895 214 875 120 293 980 473 945 621 375 787 469 365 445 556 958 706 733 643 368 265 350 650 481 340 198 315 409 685 210 761 882 575 266 356 727 510 337 480 308 184 962 453 80 956 276 603 860 571 263 493 742 717 101 195 562 102 516 499 462 519 323 684 443 447 128 943 735 0 177
454 709 450 428 513 531 331 85 390 215 184 331 489 663 455 334 289 360 76 591 800 731 332 374 286 236 661 769 583 429 744 102 738 166 284 842 307 781 472 200 619 314 319 386 378 782 542 561 466 298 147 380 481 377 200 92 178 263 516 112 632 717 483 368 248 557 495 163 318 326 56 796 301 102 789 162 428 704 440 131 317 596 542 167 43 392 226 455 322 296 389 154 507 337 303 257 768 560 177 0
