# TTSP Euclidean complete-graph matrix instance
# seed: 2080
# depot: 1
# L_max is not stored in this file; pass it with --budget when running algorithms.
# coordinate rows: node x y
# coord 1 40.878038 417.761182
# coord 2 590.576481 313.462057
# coord 3 435.424600 602.805894
# coord 4 672.519705 638.867745
# coord 5 140.195640 203.901156
# coord 6 411.423835 202.866275
# coord 7 533.376867 716.220582
# coord 8 139.075996 420.284241
# coord 9 374.502410 11.620728
# coord 10 210.422369 908.256196
# coord 11 332.030900 766.379568
# coord 12 548.166431 714.380500
# coord 13 596.083845 736.428606
# coord 14 112.260164 419.240458
# coord 15 474.905883 851.896800
# coord 16 159.448333 663.472451
# coord 17 638.498415 319.981679
# coord 18 429.712302 306.099003
# coord 19 171.505926 78.975178
# coord 20 870.241283 798.065951
# coord 21 386.537269 397.139193
# coord 22 891.864505 967.218285
# coord 23 565.442067 987.683903
# coord 24 429.517308 318.274134
# coord 25 799.026781 516.083796
# coord 26 610.088780 330.962977
# coord 27 285.790050 407.413540
# coord 28 618.729688 629.540174
# coord 29 571.182159 447.271035
# coord 30 90.174775 224.265491
# coord 31 577.784750 845.798761
# coord 32 706.711165 140.825540
# coord 33 435.773990 538.160754
# coord 34 939.141167 19.443229
# coord 35 326.084806 244.038106
# coord 36 266.470265 325.977331
# coord 37 143.846021 664.875525
# coord 38 236.774984 935.607265
# coord 39 702.102623 856.182211
# coord 40 117.426053 86.805680
# coord 41 994.740964 846.756160
# coord 42 854.758393 47.714729
# coord 43 168.835404 650.623047
# coord 44 712.015852 401.092121
# coord 45 385.691467 596.904770
# coord 46 19.492509 256.999860
# coord 47 890.867293 785.249166
# coord 48 15.695458 197.950259
# coord 49 693.438656 430.745178
# coord 50 168.452026 482.149318
# coord 51 219.917747 998.746650
# coord 52 484.293685 590.667589
# coord 53 96.992807 162.523109
# coord 54 194.647370 728.072631
# coord 55 851.078944 38.303230
# coord 56 97.008360 347.864958
# coord 57 371.099398 493.428892
# coord 58 885.120049 893.513395
# coord 59 980.274472 8.067632
# coord 60 362.440403 758.874695
# coord 61 627.431497 98.512467
# coord 62 831.145802 448.645526
# coord 63 576.691269 586.605888
# coord 64 716.079623 523.998667
# coord 65 989.738190 786.231101
# coord 66 752.522014 582.609751
# coord 67 785.017720 556.462001
# coord 68 252.744234 777.469441
# coord 69 739.957111 544.925344
# coord 70 164.120107 713.359214
# coord 71 969.255579 892.095317
# coord 72 787.834844 300.853457
# coord 73 172.075929 593.811847
# coord 74 729.645079 750.590281
# coord 75 886.778951 574.169380
# coord 76 526.689306 465.192648
# coord 77 153.492784 30.906551
# coord 78 412.319797 883.857419
# coord 79 561.558000 705.981271
# coord 80 984.541256 589.555822
# coord 81 772.294445 421.494399
# coord 82 723.450017 531.857550
# coord 83 68.827654 393.439996
# coord 84 514.930566 845.525198
# coord 85 825.075371 908.128654
# coord 86 330.517975 910.476525
# coord 87 378.943146 127.197453
# coord 88 591.571460 765.781812
# coord 89 130.314885 402.474594
# coord 90 263.628318 148.189262
# coord 91 128.315205 29.972510
# coord 92 388.364557 675.195743
# coord 93 72.226489 567.310334
# coord 94 200.690622 922.424126
# coord 95 575.099187 973.228617
# coord 96 777.577297 617.549922
# coord 97 194.260336 441.326047
# coord 98 770.406797 917.198778
# coord 99 897.493441 374.912019
# coord 100 108.351046 226.222663
# reference_nearest_neighbor_tour_cost: 9266
TTSP_MATRIX
100
0 29 6 47 92 36 49 38 34 52 86 31 93 37 63 39 36 80 43 40 74 19 70 38 65 15 52 89 14 24 41 61 35 16 44 35 3 66 79 64 15 69 44 61 36 74 60 29 31 78 89 11 90 84 42 37 98 55 72 60 50 41 47 35 5 16 76 67 40 89 91 22 89 64 6 95 43 13 9 95 98 27 33 66 42 5 31 86 1 8 17 75 82 80 68 96 27 99 14 40
0 560 436 669 236 428 576 98 526 519 454 588 640 71 614 273 606 405 363 912 346 1013 775 401 764 576 245 615 531 200 687 721 413 983 334 244 268 554 793 340 1046 894 266 671 389 162 926 221 653 143 608 476 261 346 895 90 339 969 1025 469 668 791 562 684 1018 730 757 417 711 320 1043 756 220 765 860 488 403 596 595 959 731 692 37 639 925 572 446 651 91 350 398 432 153 529 771 763 155 884 858 203
560 0 328 336 464 211 407 464 371 706 522 403 423 490 551 555 48 161 480 560 221 720 675 161 291 26 319 317 135 508 532 208 273 456 273 324 568 716 554 525 669 375 540 150 350 574 559 586 156 455 779 297 516 573 379 495 284 651 495 500 218 276 273 245 619 314 311 574 275 585 692 198 504 459 395 165 520 598 394 481 211 256 528 537 639 651 282 452 469 366 542 414 577 723 660 357 416 630 313 490
436 328 0 240 496 401 150 348 594 379 194 159 209 372 252 283 348 297 587 477 211 584 406 285 374 323 246 185 206 512 282 536 65 771 375 324 298 388 368 606 610 696 271 342 50 541 491 583 310 293 451 50 555 271 701 424 127 535 807 172 540 425 142 292 584 318 353 253 310 293 607 464 264 329 452 165 638 282 163 549 383 297 422 255 495 325 479 226 365 486 650 86 365 397 396 342 290 459 515 499
669 336 240 0 687 508 159 576 694 535 364 145 124 602 291 514 321 412 751 254 374 395 365 402 176 314 451 55 217 715 228 499 257 674 525 513 529 527 219 783 383 619 504 241 290 756 263 791 209 528 578 194 747 486 627 645 335 332 702 332 542 248 109 123 350 98 139 442 116 514 390 357 502 125 224 227 799 357 130 316 239 119 652 260 309 437 590 151 591 639 817 286 605 550 348 107 517 295 347 699
236 464 496 687 0 271 646 216 303 708 594 653 701 217 729 460 512 307 129 941 313 1071 892 311 729 487 250 640 495 54 777 570 446 820 190 176 461 738 861 119 1069 731 448 605 463 132 949 125 598 280 799 518 60 527 730 150 370 1015 863 598 499 733 581 659 1030 720 735 585 690 510 1077 655 391 804 833 467 174 732 655 928 669 669 203 743 982 732 251 721 199 135 174 533 370 721 884 760 244 952 776 39
428 211 401 508 271 0 528 348 195 733 569 529 565 369 652 525 255 105 270 752 196 903 800 117 498 236 240 474 292 322 664 302 336 559 95 190 534 753 715 316 869 470 509 360 395 396 754 396 363 370 819 395 317 568 469 346 293 837 601 558 240 486 418 443 821 510 514 596 474 567 887 389 458 633 603 287 310 681 525 691 422 453 392 651 818 712 82 591 345 158 332 473 498 750 788 553 323 799 516 304
576 407 150 159 646 528 0 493 722 376 207 15 66 515 148 378 410 423 733 347 351 438 273 411 333 393 396 122 272 662 137 601 203 806 516 473 393 369 219 754 479 742 370 362 190 689 364 733 327 434 422 135 705 339 749 571 276 394 837 176 625 400 137 265 462 257 298 287 268 369 470 487 381 199 381 251 784 207 30 469 379 265 566 131 349 281 609 76 511 629 797 151 485 391 260 263 437 311 499 649
98 464 348 576 216 348 493 0 472 493 396 504 556 27 547 244 509 312 343 823 249 930 710 308 667 479 147 523 433 202 611 633 319 895 257 159 245 525 712 334 956 807 232 573 303 202 836 254 554 68 584 385 261 313 808 84 243 883 937 406 585 693 468 586 926 635 660 375 614 294 955 660 177 677 763 390 390 538 510 862 633 595 75 568 842 526 379 569 20 299 390 357 162 506 704 668 59 803 760 196
526 371 594 694 303 195 722 472 0 912 756 724 758 485 846 686 406 300 214 930 386 1087 995 312 659 397 406 664 478 355 859 356 530 565 237 332 693 934 906 268 1040 482 671 515 585 432 930 404 527 514 999 589 316 739 477 436 482 1019 606 747 267 632 609 616 989 685 682 775 647 733 1063 504 616 820 761 478 222 873 719 840 571 626 489 846 1003 900 116 785 461 176 247 664 633 927 982 728 466 988 637 342
519 706 379 535 708 733 376 493 912 0 187 389 422 499 270 250 728 641 830 669 541 684 364 629 707 702 506 494 585 694 373 914 433 1149 674 585 252 38 494 827 787 1075 261 713 357 679 691 737 679 428 91 419 754 181 1080 572 445 675 1184 213 911 772 487 635 789 632 674 137 642 200 759 838 317 543 754 544 879 203 405 837 743 636 534 311 615 120 799 407 512 762 882 293 368 17 370 637 467 560 870 690
454 522 194 364 594 569 207 396 756 187 0 222 266 411 167 201 541 471 706 539 373 595 322 459 530 517 362 318 399 594 258 729 251 963 522 445 214 194 381 713 668 889 200 527 178 598 559 651 493 328 258 233 648 143 894 480 276 568 998 31 730 592 304 454 658 459 499 80 464 176 650 652 235 398 587 359 757 142 237 676 559 456 456 199 513 144 641 260 416 622 764 107 327 204 319 470 353 464 688 585
588 403 159 145 653 529 15 504 724 389 222 0 53 526 156 392 405 425 739 333 356 427 274 413 320 388 404 110 268 671 135 595 209 797 520 480 407 382 209 761 466 734 385 354 200 699 350 742 319 445 434 139 713 354 741 581 283 382 828 191 621 388 131 254 447 243 285 302 256 384 457 478 395 185 366 250 789 217 16 454 369 253 577 135 338 293 611 67 521 634 803 165 498 405 260 249 447 301 487 657
640 423 209 124 701 565 66 556 758 422 266 53 0 579 167 443 419 461 783 281 399 375 253 450 300 406 452 109 290 720 111 606 255 795 562 526 458 411 160 807 414 736 436 355 252 750 299 792 321 498 459 184 761 402 743 633 331 329 823 235 639 372 151 244 397 219 261 346 240 433 404 476 447 134 333 280 833 236 46 415 361 241 629 136 286 318 647 30 573 676 847 217 550 437 238 217 499 251 471 706
71 490 372 602 217 369 515 27 485 499 411 526 579 0 565 249 536 337 345 847 275 953 727 333 694 506 174 548 460 196 631 656 345 918 276 180 248 531 734 332 981 830 238 600 326 187 860 241 581 84 589 410 257 320 831 73 269 907 960 422 607 719 494 613 951 661 687 385 640 299 979 686 185 701 790 417 391 553 533 889 660 621 51 586 864 538 395 591 25 310 390 376 153 511 722 694 85 825 786 193
614 551 252 291 729 652 148 547 846 270 167 156 167 565 0 367 557 548 830 399 463 433 163 536 467 538 483 265 416 736 103 748 316 953 626 566 380 252 227 844 520 889 366 509 270 749 421 799 474 480 294 261 786 306 896 630 373 412 984 146 769 538 284 407 519 387 428 234 406 340 496 634 398 274 497 390 882 70 170 573 523 405 612 41 355 156 731 145 566 735 892 197 493 283 157 383 497 303 637 725
273 555 283 514 460 525 378 244 686 250 201 392 443 249 367 0 589 448 585 723 350 793 520 438 656 560 286 461 465 445 456 757 303 1011 451 354 16 283 576 578 855 929 16 612 236 430 741 487 583 182 341 333 505 74 932 322 271 761 1050 224 734 705 424 574 839 599 635 147 592 50 841 726 71 577 733 417 633 335 404 828 659 579 285 399 709 300 579 444 263 526 634 229 130 262 518 620 225 662 792 440
606 48 348 321 512 255 410 509 406 728 541 405 419 536 557 589 0 209 526 531 264 695 672 209 253 30 363 310 144 557 529 192 298 425 322 372 603 735 540 571 636 348 574 109 375 622 529 635 124 497 797 312 564 603 353 542 319 624 463 518 222 232 274 218 584 286 278 598 247 616 661 151 541 440 355 183 565 608 394 439 168 228 574 540 617 666 323 448 515 412 587 434 618 745 656 328 461 612 265 538
405 161 297 412 307 105 423 312 300 641 471 425 461 337 548 448 209 0 344 660 101 807 695 12 425 182 176 375 200 349 560 323 232 585 121 164 459 658 614 382 782 497 432 298 294 413 665 428 292 315 724 290 362 483 499 335 196 743 626 458 287 426 317 360 738 425 435 503 392 486 797 358 386 536 530 186 390 578 421 623 361 370 371 546 720 612 186 487 315 229 409 371 443 658 683 467 272 700 473 331
363 480 587 751 129 270 733 343 214 830 706 739 783 345 830 585 526 344 0 1003 384 1144 990 352 765 506 348 709 543 167 868 539 530 770 226 265 587 859 941 55 1126 684 572 629 560 234 1008 196 629 403 921 600 112 650 681 279 460 1083 812 706 456 756 650 703 1082 769 777 703 735 634 1139 655 515 873 870 525 51 840 738 960 692 714 331 840 1056 847 213 805 326 115 65 634 498 844 981 811 363 1030 784 160
912 560 477 254 941 752 347 823 930 669 539 333 281 847 399 723 531 660 1003 0 628 171 359 651 291 535 703 303 461 968 296 677 506 782 777 766 739 648 178 1036 134 751 717 427 525 1008 24 1044 408 770 681 438 1001 679 760 895 585 97 798 509 740 352 362 314 120 246 256 618 285 711 137 504 727 148 225 478 1050 466 322 238 389 304 898 358 119 551 832 281 839 889 1068 497 831 681 343 203 764 155 424 953
346 221 211 374 313 196 351 249 386 541 373 356 399 275 463 350 264 101 384 628 0 762 617 90 429 233 101 329 191 343 488 410 149 669 165 140 361 559 557 411 756 584 334 326 200 393 636 421 309 234 624 217 373 383 587 294 98 704 710 363 384 448 268 353 718 410 429 403 383 387 765 413 291 493 531 156 434 487 355 628 387 363 318 466 673 516 270 422 256 278 449 278 357 557 606 449 197 646 511 326
1013 720 584 395 1071 903 438 930 1087 684 595 427 375 953 433 793 695 807 1144 171 762 0 327 797 461 696 825 434 611 1093 337 847 626 949 918 896 807 656 220 1173 158 920 789 594 627 1125 182 1166 572 871 673 555 1131 737 930 1008 704 74 963 569 908 522 494 477 206 409 424 667 449 771 108 674 811 271 393 621 1192 487 421 389 559 467 1003 396 89 564 984 362 948 1032 1209 582 912 693 317 368 874 131 592 1078
775 675 406 365 892 800 273 710 995 364 322 274 253 727 163 520 672 695 990 359 617 327 0 683 526 658 644 362 540 899 142 859 468 1038 781 726 531 333 190 1006 452 983 520 605 430 912 383 962 571 643 346 405 949 453 991 793 531 333 1064 306 891 601 401 488 470 446 484 377 476 486 415 722 557 288 524 524 1042 185 282 578 603 482 774 151 272 247 880 223 729 892 1053 359 648 371 17 427 661 217 697 888
401 161 285 402 311 117 411 308 312 629 459 413 450 333 536 438 209 12 352 651 90 797 683 0 419 181 169 364 192 352 548 329 220 591 127 163 449 647 603 389 774 504 422 294 282 415 656 431 287 308 712 278 367 472 506 334 185 734 632 446 296 422 306 353 730 417 428 492 384 476 788 359 377 526 524 176 398 566 410 618 358 363 368 534 710 600 198 476 311 238 417 359 436 646 671 459 265 689 471 334
764 291 374 176 729 498 333 667 659 707 530 320 300 694 467 656 253 425 765 291 429 461 526 419 0 265 525 213 238 767 397 386 364 516 546 565 672 702 354 806 384 472 644 144 421 821 284 845 136 631 754 323 786 640 481 722 429 387 539 500 451 75 233 83 331 81 43 606 66 665 413 216 632 245 105 277 808 534 304 200 98 77 740 435 393 612 572 325 678 650 828 440 729 723 509 104 609 402 172 749
576 26 323 314 487 236 393 479 397 702 517 388 406 506 538 560 30 182 506 535 233 696 658 181 265 0 333 299 123 531 516 213 271 453 297 344 573 711 533 550 643 374 545 124 348 595 534 609 130 467 773 289 540 575 379 513 289 626 491 494 233 250 258 220 593 289 285 572 250 587 666 180 511 436 368 158 546 587 378 455 186 231 545 523 616 643 308 435 485 392 568 409 587 719 643 332 430 608 291 513
245 319 246 451 250 240 396 147 406 506 362 404 452 174 483 286 363 176 348 703 101 825 644 169 525 333 0 400 288 268 527 498 199 760 168 84 294 530 612 362 834 673 270 426 214 306 713 342 408 139 595 270 309 333 675 198 121 772 801 360 461 547 342 446 799 499 521 372 475 329 838 513 218 561 624 248 399 493 406 722 487 455 217 494 736 505 295 471 156 260 409 287 267 522 635 535 98 703 613 254
615 317 185 55 640 474 122 523 664 494 318 110 109 548 265 461 310 375 709 303 329 434 362 364 213 299 400 0 188 666 220 497 205 689 484 465 476 489 241 739 434 628 450 247 235 706 314 742 212 474 543 140 700 435 635 593 283 375 719 287 531 279 60 144 403 142 182 395 148 462 438 370 448 164 274 188 758 328 95 368 259 143 598 240 347 402 557 139 539 598 775 235 550 510 346 159 464 325 378 651
531 135 206 217 495 292 272 433 478 585 399 268 290 460 416 465 144 200 543 461 191 611 540 192 238 123 288 188 0 530 399 335 163 564 318 328 480 592 429 580 582 490 451 148 238 584 465 609 123 404 654 168 553 470 496 484 205 546 600 375 353 260 139 164 539 226 240 459 195 486 597 261 425 342 340 48 590 465 259 437 203 174 505 402 526 522 373 319 443 429 608 292 513 603 526 268 377 510 334 513
200 508 512 715 54 322 662 202 355 694 594 671 720 196 736 445 557 349 167 968 343 1093 899 352 767 531 268 666 530 0 790 622 467 873 237 204 444 726 880 140 1098 785 434 646 476 78 978 79 638 270 785 538 62 515 783 124 389 1039 916 600 552 774 607 694 1061 753 770 577 725 495 1104 702 379 828 870 499 203 734 674 966 710 704 171 753 1004 727 305 738 183 189 198 541 344 707 892 792 241 971 821 18
687 532 282 228 777 664 137 611 859 373 258 135 111 631 103 456 529 560 868 296 488 337 142 548 397 516 527 220 399 790 0 717 339 902 652 606 470 353 125 888 417 845 453 465 314 811 319 858 431 548 389 272 835 401 852 692 409 311 929 232 749 471 259 350 416 316 356 332 342 434 394 584 478 179 411 384 919 170 141 481 467 346 681 63 255 256 746 81 630 765 931 255 577 385 127 303 557 205 569 777
721 208 536 499 570 302 601 633 356 914 729 595 606 656 748 757 192 323 539 677 410 847 859 329 386 213 498 497 335 622 717 0 481 262 394 478 769 923 715 592 762 175 741 260 558 697 670 693 290 637 986 502 610 779 177 644 487 774 304 707 90 332 464 383 705 444 423 782 405 789 796 179 701 610 469 371 564 799 583 528 288 391 686 730 776 857 328 635 633 443 589 622 764 931 843 482 594 779 302 604
413 273 65 257 446 336 203 319 530 433 251 209 255 345 316 303 298 232 530 506 149 626 468 220 364 271 199 205 163 467 339 481 0 723 314 271 318 444 415 552 638 645 290 308 77 502 518 541 279 273 509 71 506 307 650 389 79 573 760 233 480 405 149 281 607 320 350 301 304 323 640 425 270 363 452 117 581 346 210 551 356 288 394 317 537 387 415 276 334 426 594 145 365 450 457 351 260 506 490 452
983 456 771 674 820 559 806 895 565 1149 963 797 795 918 953 1011 425 585 770 782 669 949 1038 591 516 453 760 689 564 873 902 262 723 0 653 739 1024 1154 870 824 829 89 996 444 800 950 767 941 479 899 1215 730 854 1028 90 904 740 876 43 938 322 443 673 552 768 593 559 1023 562 1040 873 320 958 761 557 607 786 1012 784 572 435 556 947 929 896 1079 570 823 895 688 811 856 1026 1166 1021 620 856 913 358 856
334 273 375 525 190 95 516 257 237 674 522 520 562 276 626 451 322 121 226 777 165 918 781 127 546 297 168 484 318 237 652 394 314 653 0 101 459 697 718 261 900 564 436 417 358 307 782 314 412 286 762 381 243 502 564 252 253 857 695 516 335 545 424 480 857 544 555 538 512 496 913 465 382 648 651 299 274 646 518 744 480 491 297 630 831 666 128 585 252 114 291 436 411 690 771 586 237 807 586 218
244 324 324 513 176 190 473 159 332 585 445 480 526 180 566 354 372 164 265 766 140 896 726 163 565 344 84 465 328 204 606 478 271 739 101 0 360 610 686 282 895 651 339 452 296 256 775 282 440 184 674 343 235 408 652 171 197 840 781 443 427 578 405 491 857 550 567 452 522 401 902 522 284 628 668 295 316 577 481 765 515 501 209 576 807 588 228 547 156 178 327 370 310 600 717 588 136 777 633 187
268 568 298 529 461 534 393 245 693 252 214 407 458 248 380 16 603 459 587 739 361 807 531 449 672 573 294 476 480 444 470 769 318 1024 459 360 0 286 590 579 870 941 29 626 251 426 757 484 597 184 342 348 505 81 945 320 285 776 1063 238 745 721 440 589 855 614 650 157 608 53 856 740 76 592 748 432 634 346 420 844 674 595 282 413 723 308 587 459 263 530 635 245 121 264 530 635 229 675 808 440
554 716 388 527 738 753 369 525 934 38 194 382 411 531 252 283 735 658 859 648 559 656 333 647 702 711 530 489 592 726 353 923 444 1154 697 610 286 0 472 857 763 1082 293 715 370 713 671 770 681 459 65 425 786 212 1087 604 462 650 1189 217 924 768 487 632 768 625 667 159 637 234 734 841 348 526 744 553 909 183 398 824 742 632 568 292 589 97 821 393 544 788 912 301 403 38 340 627 496 534 867 721
793 554 368 219 861 715 219 712 906 494 381 209 160 734 227 576 540 614 941 178 557 220 190 603 354 533 612 241 429 880 125 715 415 870 718 686 590 472 0 966 293 823 572 455 409 908 202 951 426 652 503 343 921 523 831 790 491 187 893 353 761 427 297 332 296 278 311 456 314 557 270 562 591 109 337 429 991 291 206 388 440 325 784 187 133 376 797 143 730 833 1006 362 693 506 173 250 656 92 519 866
340 525 606 783 119 316 754 334 268 827 713 761 807 332 844 578 571 382 55 1036 411 1173 1006 389 806 550 362 739 580 140 888 592 552 824 261 282 579 857 966 0 1161 738 566 673 576 196 1042 151 671 399 918 623 78 646 735 262 479 1114 866 715 510 800 679 741 1118 806 816 704 773 628 1172 704 510 903 911 557 67 850 762 1002 735 752 310 857 1084 851 265 828 316 159 58 648 483 840 998 847 363 1056 832 140
1046 669 610 383 1069 869 479 956 1040 787 668 466 414 981 520 855 636 782 1126 134 756 158 452 774 384 643 834 434 582 1098 417 762 638 829 900 895 870 763 293 1161 0 811 849 528 658 1140 121 1175 514 903 790 571 1129 809 821 1027 717 119 839 638 834 430 492 426 61 358 358 745 395 841 52 584 861 282 293 604 1172 584 455 257 480 416 1031 480 180 667 947 411 972 1011 1191 630 964 798 438 316 897 235 482 1082
894 375 696 619 731 470 742 807 482 1075 889 734 736 830 889 929 348 497 684 751 584 920 983 504 472 374 673 628 490 785 845 175 645 89 564 651 941 1082 823 738 811 0 913 381 722 861 738 852 416 812 1143 657 766 948 10 815 658 846 132 865 233 402 606 496 751 545 514 946 510 959 852 262 874 714 527 531 701 946 721 557 383 502 859 867 861 1010 482 765 807 600 727 782 939 1092 967 575 769 874 330 767
266 540 271 504 448 509 370 232 671 261 200 385 436 238 366 16 574 432 572 717 334 789 520 422 644 545 270 450 451 434 453 741 290 996 436 339 29 293 572 566 849 913 0 598 223 421 734 478 569 168 352 321 493 82 917 311 256 756 1035 222 718 692 413 562 832 588 623 152 581 63 836 711 57 570 722 403 620 337 397 818 645 567 276 397 705 306 564 438 251 511 622 221 128 274 519 610 211 658 779 429
671 150 342 241 605 360 362 573 515 713 527 354 355 600 509 612 109 298 629 427 326 594 605 294 144 124 426 247 148 646 465 260 308 444 417 452 626 715 455 673 528 381 598 0 381 707 424 725 35 550 774 296 660 612 389 617 353 522 476 500 314 128 230 123 475 186 172 594 147 631 554 126 573 350 246 196 670 568 340 331 64 131 643 486 519 636 431 384 582 515 692 424 661 730 588 226 519 519 187 628
389 350 50 290 463 395 190 303 585 357 178 200 252 326 270 236 375 294 560 525 200 627 430 282 421 348 214 235 238 476 314 558 77 800 358 296 251 370 409 576 658 722 223 381 0 500 539 544 350 246 435 99 522 232 727 381 104 581 837 164 554 469 191 338 633 367 401 224 358 250 654 499 214 377 502 193 612 288 207 599 425 344 377 280 538 318 470 266 321 465 623 78 315 374 421 392 247 501 558 463
162 574 541 756 132 396 689 202 432 679 598 699 750 187 749 430 622 413 234 1008 393 1125 912 415 821 595 306 706 584 78 811 697 502 950 307 256 426 713 908 196 1140 861 421 707 500 0 1019 59 696 270 768 572 122 503 860 119 424 1074 993 608 628 834 647 746 1105 802 822 570 776 479 1143 770 370 865 923 548 263 740 704 1021 771 756 145 769 1036 724 382 766 183 267 252 558 315 690 906 839 254 1000 886 94
926 559 491 263 949 754 364 836 930 691 559 350 299 860 421 741 529 665 1008 24 636 182 383 656 284 534 713 314 465 978 319 670 518 767 782 775 757 671 202 1042 121 738 734 424 539 1019 0 1054 406 783 704 451 1009 699 748 906 596 108 782 529 736 342 372 314 99 245 252 638 284 730 133 495 744 165 211 485 1055 489 339 217 383 304 911 381 139 574 834 300 851 894 1073 514 847 704 367 202 777 179 410 962
221 586 583 791 125 396 733 254 404 737 651 742 792 241 799 487 635 428 196 1044 421 1166 962 431 845 609 342 742 609 79 858 693 541 941 314 282 484 770 951 151 1175 852 478 725 544 59 1054 0 717 323 826 611 89 560 851 171 462 1113 983 659 620 853 682 773 1138 831 849 626 803 536 1179 779 426 903 949 577 217 792 746 1045 789 783 203 818 1077 779 370 809 234 253 202 606 374 748 956 870 302 1043 899 97
653 156 310 209 598 363 327 554 527 679 493 319 321 581 474 583 124 292 629 408 309 572 571 287 136 130 408 212 123 638 431 290 279 479 412 440 597 681 426 671 514 416 569 35 350 696 406 717 0 527 739 263 654 581 423 602 328 501 511 466 339 139 195 96 463 163 156 561 123 600 538 161 546 322 241 170 672 533 305 332 79 105 626 452 495 602 437 350 564 514 693 391 636 696 555 205 499 493 212 620
143 455 293 528 280 370 434 68 514 428 328 445 498 84 480 182 497 315 403 770 234 871 643 308 631 467 139 474 404 270 548 637 273 899 286 184 184 459 652 399 903 812 168 550 246 270 783 323 527 0 519 334 328 247 814 152 203 826 940 338 598 664 421 549 876 593 621 307 575 231 900 645 112 622 724 359 451 470 452 823 607 557 133 502 783 458 413 509 88 347 454 293 128 441 638 624 48 743 737 263
608 779 451 578 799 819 422 584 999 91 258 434 459 589 294 341 797 724 921 681 624 673 346 712 754 773 595 543 654 785 389 986 509 1215 762 674 342 65 503 918 790 1143 352 774 435 768 704 826 739 519 0 486 845 272 1149 662 527 673 1249 279 988 822 545 687 799 676 718 224 690 291 757 900 408 567 791 615 970 224 450 867 799 687 624 332 612 142 886 439 603 852 973 365 456 79 356 675 558 556 921 781
476 297 50 194 518 395 135 385 589 419 233 139 184 410 261 333 312 290 600 438 217 555 405 278 323 289 270 140 168 538 272 502 71 730 381 343 348 425 343 623 571 657 321 296 99 572 451 611 263 334 486 0 577 321 663 457 149 502 765 208 513 375 92 241 542 268 303 298 260 343 571 420 312 293 403 132 650 302 139 500 334 246 460 257 466 355 475 205 401 494 664 128 413 436 393 295 326 434 466 524
261 516 555 747 60 317 705 261 316 754 648 713 761 257 786 505 564 362 112 1001 373 1131 949 367 786 540 309 700 553 62 835 610 506 854 243 235 505 786 921 78 1129 766 493 660 522 122 1009 89 654 328 845 577 0 574 764 185 430 1075 897 653 534 788 640 717 1089 779 793 634 748 555 1137 705 438 864 891 526 143 787 715 985 723 727 233 801 1042 784 284 780 242 167 136 590 406 767 941 819 295 1011 828 65
346 573 271 486 527 568 339 313 739 181 143 354 402 320 306 74 603 483 650 679 383 737 453 472 640 575 333 435 470 515 401 779 307 1028 502 408 81 212 523 646 809 948 82 612 232 503 699 560 581 247 272 321 574 0 952 393 294 710 1066 171 764 695 407 560 797 577 615 76 575 34 792 731 136 535 709 424 698 268 368 802 654 564 358 341 656 227 629 399 332 584 701 201 202 194 453 593 287 606 787 509
895 379 701 627 730 469 749 808 477 1080 894 741 743 831 896 932 353 499 681 760 587 930 991 506 481 379 675 635 496 783 852 177 650 90 564 652 945 1087 831 735 821 10 917 389 727 860 748 851 423 814 1149 663 764 952 0 815 661 856 133 871 232 411 613 504 761 553 522 951 519 963 862 270 877 723 537 536 698 953 728 567 391 510 859 874 870 1016 480 772 808 598 723 787 942 1098 975 584 771 883 340 766
90 495 424 645 150 346 571 84 436 572 480 581 633 73 630 322 542 335 279 895 294 1008 793 334 722 513 198 593 484 124 692 644 389 904 252 171 320 604 790 262 1027 815 311 617 381 119 906 171 602 152 662 457 185 393 815 0 310 959 946 489 586 741 536 644 995 696 719 457 672 372 1028 692 257 750 822 445 322 622 587 920 679 653 54 650 919 609 358 647 64 260 319 438 221 584 787 732 135 882 801 122
339 284 127 335 370 293 276 243 482 445 276 283 331 269 373 271 319 196 460 585 98 704 531 185 429 289 121 283 205 389 409 487 79 740 253 197 285 462 491 479 717 658 256 353 104 424 596 462 328 203 527 149 430 294 661 310 0 651 779 266 471 462 226 346 684 392 419 308 372 302 719 459 223 441 522 158 511 393 285 621 408 354 318 380 615 419 366 350 257 362 523 183 308 462 521 425 184 582 540 375
969 651 535 332 1015 837 394 883 1019 675 568 382 329 907 412 761 624 743 1083 97 704 74 333 734 387 626 772 375 546 1039 311 774 573 876 857 840 776 650 187 1114 119 846 756 522 581 1074 108 1113 501 826 673 502 1075 710 856 959 651 0 891 540 836 448 435 406 150 338 352 643 378 743 84 601 773 211 319 559 1131 473 374 320 485 396 957 373 62 555 918 320 900 970 1148 543 876 685 320 296 826 117 519 1024
1025 495 807 702 863 601 837 937 606 1184 998 828 823 960 984 1050 463 626 812 798 710 963 1064 632 539 491 801 719 600 916 929 304 760 43 695 781 1063 1189 893 866 839 132 1035 476 837 993 782 983 511 940 1249 765 897 1066 133 946 779 891 0 972 364 465 705 580 778 618 582 1059 588 1079 884 350 998 784 574 644 827 1044 814 582 463 583 990 958 913 1112 613 852 937 730 852 892 1066 1202 1047 642 898 933 376 899
469 500 172 332 598 558 176 406 747 213 31 191 235 422 146 224 518 458 706 509 363 569 306 446 500 494 360 287 375 600 232 707 233 938 516 443 238 217 353 715 638 865 222 500 164 608 529 659 466 338 279 208 653 171 871 489 266 540 972 0 712 562 275 425 628 428 469 111 434 203 621 625 252 367 556 336 757 135 206 645 531 426 469 175 486 155 632 229 425 619 766 88 348 230 302 439 359 438 659 590
668 218 540 542 499 240 625 585 267 911 730 621 639 607 769 734 222 287 456 740 384 908 891 296 451 233 461 531 353 552 749 90 480 322 335 427 745 924 761 510 834 233 718 314 554 628 736 620 339 598 988 513 534 764 232 586 471 836 364 712 0 405 491 435 777 500 484 775 460 770 864 258 673 660 542 380 479 814 611 607 354 444 632 755 833 865 250 668 583 367 504 624 727 928 876 540 552 831 386 535
791 276 425 248 733 486 400 693 632 772 592 388 372 719 538 705 232 426 756 352 448 522 601 422 75 250 547 279 260 774 471 332 405 443 545 578 721 768 427 800 430 402 692 128 469 834 342 853 139 664 822 375 788 695 411 741 462 448 465 562 405 0 289 138 373 155 117 665 133 718 464 154 675 319 137 305 796 604 373 208 65 136 764 507 460 681 555 397 702 642 818 497 768 789 584 177 637 472 99 756
562 273 142 109 581 418 137 468 609 487 304 131 151 494 284 424 274 317 650 362 268 494 401 306 233 258 342 60 139 607 259 464 149 673 424 405 440 487 297 679 492 606 413 230 191 647 372 682 195 421 545 92 640 407 613 536 226 435 705 275 491 289 0 153 459 176 210 376 169 432 497 355 405 224 310 131 698 340 120 408 256 157 543 266 406 407 500 180 483 539 715 208 505 504 387 203 409 383 384 591
684 245 292 123 659 443 265 586 616 635 454 254 244 613 407 574 218 360 703 314 353 477 488 353 83 220 446 144 164 694 350 383 281 552 480 491 589 632 332 741 426 496 562 123 338 746 314 773 96 549 687 241 717 560 504 644 346 406 580 425 435 138 153 0 379 69 76 528 32 584 447 234 548 227 178 198 748 471 239 276 117 11 660 379 399 546 521 272 598 588 768 361 645 651 471 112 528 397 235 677
1018 619 584 350 1030 821 462 926 989 789 658 447 397 951 519 839 584 738 1082 120 718 206 470 730 331 593 799 403 539 1061 416 705 607 768 857 857 855 768 296 1118 61 751 832 475 633 1105 99 1138 463 876 799 542 1089 797 761 995 684 150 778 628 777 373 459 379 0 313 308 737 347 829 108 526 840 263 236 563 1127 586 436 197 425 368 1001 478 205 671 899 399 941 967 1146 612 943 801 455 271 867 255 422 1044
730 314 318 98 720 510 257 635 685 632 459 243 219 661 387 599 286 425 769 246 410 409 446 417 81 289 499 142 226 753 316 444 320 593 544 550 614 625 278 806 358 545 588 186 367 802 245 831 163 593 676 268 779 577 553 696 392 338 618 428 500 155 176 69 313 0 42 536 40 603 378 284 581 170 135 255 814 454 227 232 162 58 709 354 334 534 589 244 648 654 834 376 680 648 429 43 576 335 253 736
757 311 353 139 735 514 298 660 682 674 499 285 261 687 428 635 278 435 777 256 429 424 484 428 43 285 521 182 240 770 356 423 350 559 555 567 650 667 311 816 358 514 623 172 401 822 252 849 156 621 718 303 793 615 522 719 419 352 582 469 484 117 210 76 308 42 0 576 47 640 383 256 614 202 103 274 822 496 269 202 136 66 735 396 354 576 591 285 673 662 842 414 713 689 467 62 602 361 214 753
417 574 253 442 585 596 287 375 775 137 80 302 346 385 234 147 598 503 703 618 403 667 377 492 606 572 372 395 459 577 332 782 301 1023 538 452 157 159 456 704 745 946 152 594 224 570 638 626 561 307 224 298 634 76 951 457 308 643 1059 111 775 665 376 528 737 536 576 0 540 109 726 717 201 478 666 415 753 192 317 756 630 531 426 271 587 154 662 339 394 629 758 170 277 154 377 549 341 536 760 570
711 275 310 116 690 474 268 614 647 642 464 256 240 640 406 592 247 392 735 285 383 449 476 384 66 250 475 148 195 725 342 405 304 562 512 522 608 637 314 773 395 510 581 147 358 776 284 803 123 575 690 260 748 575 519 672 372 378 588 434 460 133 169 32 347 40 47 540 0 600 416 249 570 206 150 228 780 471 240 249 128 21 688 375 373 549 552 266 626 620 800 375 668 658 459 82 555 374 232 707
320 585 293 514 510 567 369 294 733 200 176 384 433 299 340 50 616 486 634 711 387 771 486 476 665 587 329 462 486 495 434 789 323 1040 496 401 53 234 557 628 841 959 63 631 250 479 730 536 600 231 291 343 555 34 963 372 302 743 1079 203 770 718 432 584 829 603 640 109 600 0 825 748 120 567 736 439 683 301 398 830 675 588 334 375 689 258 624 431 313 574 684 227 173 212 486 621 274 640 808 490
1043 692 607 390 1077 887 470 955 1063 759 650 457 404 979 496 841 661 797 1139 137 765 108 415 788 413 666 838 438 597 1104 394 796 640 873 913 902 856 734 270 1172 52 852 836 554 654 1143 133 1179 538 900 757 571 1137 792 862 1028 719 84 884 621 864 464 497 447 108 378 383 726 416 825 0 618 851 278 328 615 1186 557 448 303 510 436 1029 457 145 639 966 398 971 1025 1204 620 954 769 402 335 897 200 522 1088
756 198 464 357 655 389 487 660 504 838 652 478 476 686 634 726 151 358 655 504 413 674 722 359 216 180 513 370 261 702 584 179 425 320 465 522 740 841 562 704 584 262 711 126 499 770 495 779 161 645 900 420 705 731 270 692 459 601 350 625 258 154 355 234 526 284 256 717 249 748 618 0 682 453 291 309 689 693 464 349 122 240 725 609 608 762 444 505 665 546 713 547 764 855 705 317 610 617 132 684
220 504 264 502 391 458 381 177 616 317 235 395 447 185 398 71 541 386 515 727 291 811 557 377 632 511 218 448 425 379 478 701 270 958 382 284 76 348 591 510 861 874 57 573 214 370 744 426 546 112 408 312 438 136 877 257 223 773 998 252 673 675 405 548 840 581 614 201 570 120 851 682 0 579 715 377 563 377 405 812 624 555 225 425 725 354 510 453 196 455 566 231 103 330 554 606 154 680 758 373
765 459 329 125 804 633 199 677 820 543 398 185 134 701 274 577 440 536 873 148 493 271 288 526 245 436 561 164 342 828 179 610 363 761 648 628 592 526 109 903 282 714 570 350 377 865 165 903 322 622 567 293 864 535 723 750 441 211 784 367 660 319 224 227 263 170 202 478 206 567 278 453 579 0 236 350 922 344 174 302 332 219 751 235 184 430 715 139 693 762 939 350 682 556 271 141 618 172 411 813
860 395 452 224 833 603 381 763 761 754 587 366 333 790 497 733 355 530 870 225 531 393 524 524 105 368 624 274 340 870 411 469 452 557 651 668 748 744 337 911 293 527 722 246 502 923 211 949 241 724 791 403 891 709 537 822 522 319 574 556 542 137 310 178 236 135 103 666 150 736 328 291 715 236 0 376 913 567 351 99 191 169 838 460 340 650 677 352 776 755 933 509 815 769 506 118 705 362 200 853
488 165 165 227 467 287 251 390 478 544 359 250 280 417 390 417 183 186 525 478 156 621 524 176 277 158 248 188 48 499 384 371 117 607 299 295 432 553 429 557 604 531 403 196 193 548 485 577 170 359 615 132 526 424 536 445 158 559 644 336 380 305 131 198 563 255 274 415 228 439 615 309 377 350 376 0 573 434 243 474 249 208 463 381 534 487 369 308 401 412 590 251 466 562 510 294 333 514 382 482
403 520 638 799 174 310 784 390 222 879 757 789 833 391 882 633 565 390 51 1050 434 1192 1042 398 808 546 399 758 590 203 919 564 581 786 274 316 634 909 991 67 1172 701 620 670 612 263 1055 217 672 451 970 650 143 698 698 322 511 1131 827 757 479 796 698 748 1127 814 822 753 780 683 1186 689 563 922 913 573 0 891 789 1001 732 759 372 891 1105 897 245 856 372 161 25 686 543 893 1032 857 412 1080 820 200
596 598 282 357 732 681 207 538 873 203 142 217 236 553 70 335 608 578 840 466 487 487 185 566 534 587 493 328 465 734 170 799 346 1012 646 577 346 183 291 850 584 946 337 568 288 740 489 792 533 470 224 302 787 268 953 622 393 473 1044 135 814 604 340 471 586 454 496 192 471 301 557 693 377 344 567 434 891 0 232 643 586 470 599 110 413 86 757 215 558 751 900 210 465 215 186 452 493 360 703 724
595 394 163 130 655 525 30 510 719 405 237 16 46 533 170 404 394 421 738 322 355 421 282 410 304 378 406 95 259 674 141 583 210 784 518 481 420 398 206 762 455 721 397 340 207 704 339 746 305 452 450 139 715 368 728 587 285 374 814 206 611 373 120 239 436 227 269 317 240 398 448 464 405 174 351 243 789 232 0 439 354 238 583 147 332 309 607 67 527 632 803 176 509 421 268 233 453 297 472 660
959 481 549 316 928 691 469 862 840 837 676 454 415 889 573 828 439 623 960 238 628 389 578 618 200 455 722 368 437 966 481 528 551 572 744 765 844 824 388 1002 257 557 818 331 599 1021 217 1045 332 823 867 500 985 802 567 920 621 320 582 645 607 208 408 276 197 232 202 756 249 830 303 349 812 302 99 474 1001 643 439 0 271 267 936 535 356 729 762 431 874 845 1023 602 913 852 561 209 804 391 232 949
731 211 383 239 669 422 379 633 571 743 559 369 361 660 523 659 168 361 692 389 387 559 603 358 98 186 487 259 203 710 467 288 356 435 480 515 674 742 440 735 480 383 645 64 425 771 383 789 79 607 799 334 723 654 391 679 408 485 463 531 354 65 256 117 425 162 136 630 128 675 510 122 624 332 191 249 732 586 354 271 0 121 704 496 489 659 491 389 642 577 754 460 715 760 586 196 578 496 134 692
692 256 297 119 669 453 265 595 626 636 456 253 241 621 405 579 228 370 714 304 363 467 482 363 77 231 455 143 174 704 346 391 288 556 491 501 595 632 325 752 416 502 567 131 344 756 304 783 105 557 687 246 727 564 510 653 354 396 583 426 444 136 157 11 368 58 66 531 21 588 436 240 555 219 169 208 759 470 238 267 121 0 669 377 390 546 531 269 607 599 779 364 652 653 466 101 537 388 234 687
37 528 422 652 203 392 566 75 489 534 456 577 629 51 612 285 574 371 331 898 318 1003 774 368 740 545 217 598 505 171 681 686 394 947 297 209 282 568 784 310 1031 859 276 643 377 145 911 203 626 133 624 460 233 358 859 54 318 957 990 469 632 764 543 660 1001 709 735 426 688 334 1029 725 225 751 838 463 372 599 583 936 704 669 0 635 915 579 409 642 62 313 368 426 174 545 770 743 134 876 829 172
639 537 255 260 743 651 131 568 846 311 199 135 136 586 41 399 540 546 840 358 466 396 151 534 435 523 494 240 402 753 63 730 317 929 630 576 413 292 187 857 480 867 397 486 280 769 381 818 452 502 332 257 801 341 874 650 380 373 958 175 755 507 266 379 478 354 396 271 375 375 457 609 425 235 460 381 891 110 147 535 496 377 635 0 316 196 731 111 587 741 903 212 523 324 141 348 516 265 606 741
925 639 495 309 982 818 349 842 1003 615 513 338 286 864 355 709 617 720 1056 119 673 89 272 710 393 616 736 347 526 1004 255 776 537 896 831 807 723 589 133 1084 180 861 705 519 538 1036 139 1077 495 783 612 466 1042 656 870 919 615 62 913 486 833 460 406 399 205 334 354 587 373 689 145 608 725 184 340 534 1105 413 332 356 489 390 915 316 0 495 899 273 859 945 1121 495 826 625 258 294 785 55 538 989
572 651 325 437 732 712 281 526 900 120 144 293 318 538 156 300 666 612 847 551 516 564 247 600 612 643 505 402 522 727 256 857 387 1079 666 588 308 97 376 851 667 1010 306 636 318 724 574 779 602 458 142 355 784 227 1016 609 419 555 1112 155 865 681 407 546 671 534 576 154 549 258 639 762 354 430 650 487 897 86 309 729 659 546 579 196 495 0 785 298 546 765 903 242 430 130 253 534 489 440 780 719
446 282 479 590 251 82 609 379 116 799 641 611 647 395 731 579 323 186 213 832 270 984 880 198 572 308 295 557 373 305 746 328 415 570 128 228 587 821 797 265 947 482 564 431 470 382 834 370 437 413 886 475 284 629 480 358 366 918 613 632 250 555 500 521 899 589 591 662 552 624 966 444 510 715 677 369 245 757 607 762 491 531 409 731 899 785 0 673 371 117 269 548 536 815 868 632 364 882 575 288
651 452 226 151 721 591 76 569 785 407 260 67 30 591 145 444 448 487 805 281 422 362 223 476 325 435 471 139 319 738 81 635 276 823 585 547 459 393 143 828 411 765 438 384 266 766 300 809 350 509 439 205 780 399 772 647 350 320 852 229 668 397 180 272 399 244 285 339 266 431 398 505 453 139 352 308 856 215 67 431 389 269 642 111 273 298 673 0 587 699 869 222 556 421 208 238 513 234 496 724
91 469 365 591 199 345 511 20 461 512 416 521 573 25 566 263 515 315 326 839 256 948 729 311 678 485 156 539 443 183 630 633 334 895 252 156 263 544 730 316 972 807 251 582 321 183 851 234 564 88 603 401 242 332 808 64 257 900 937 425 583 702 483 598 941 648 673 394 626 313 971 665 196 693 776 401 372 558 527 874 642 607 62 587 859 546 371 587 0 287 373 375 175 525 724 682 75 821 768 178
350 366 486 639 135 158 629 299 176 762 622 634 676 310 735 526 412 229 115 889 278 1032 892 238 650 392 260 598 429 189 765 443 426 688 114 178 530 788 833 159 1011 600 511 515 465 267 894 253 514 347 852 494 167 584 598 260 362 970 730 619 367 642 539 588 967 654 662 629 620 574 1025 546 455 762 755 412 161 751 632 845 577 599 313 741 945 765 117 699 287 0 180 542 461 777 882 696 301 921 673 174
398 542 650 817 174 332 797 390 247 882 764 803 847 390 892 634 587 409 65 1068 449 1209 1053 417 828 568 409 775 608 198 931 589 594 811 291 327 635 912 1006 58 1191 727 622 692 623 252 1073 202 693 454 973 664 136 701 723 319 523 1148 852 766 504 818 715 768 1146 834 842 758 800 684 1204 713 566 939 933 590 25 900 803 1023 754 779 368 903 1121 903 269 869 373 180 0 696 540 895 1044 876 417 1095 843 197
432 414 86 286 533 473 151 357 664 293 107 165 217 376 197 229 434 371 634 497 278 582 359 359 440 409 287 235 292 541 255 622 145 856 436 370 245 301 362 648 630 782 221 424 78 558 514 606 391 293 365 128 590 201 787 438 183 543 892 88 624 497 208 361 612 376 414 170 375 227 620 547 231 350 509 251 686 210 176 602 460 364 426 212 495 242 548 222 375 542 696 0 334 310 352 393 304 452 591 529
153 577 365 605 370 498 485 162 633 368 327 498 550 153 493 130 618 443 498 831 357 912 648 436 729 587 267 550 513 344 577 764 365 1026 411 310 121 403 693 483 964 939 128 661 315 315 847 374 636 128 456 413 406 202 942 221 308 876 1066 348 727 768 505 645 943 680 713 277 668 173 954 764 103 682 815 466 543 465 509 913 715 652 174 523 826 430 536 556 175 461 540 334 0 378 646 707 175 781 847 343
529 723 397 550 721 750 391 506 927 17 204 405 437 511 283 262 745 658 844 681 557 693 371 646 723 719 522 510 603 707 385 931 450 1166 690 600 264 38 506 840 798 1092 274 730 374 690 704 748 696 441 79 436 767 194 1098 584 462 685 1202 230 928 789 504 651 801 648 689 154 658 212 769 855 330 556 769 562 893 215 421 852 760 653 545 324 625 130 815 421 525 777 895 310 378 0 378 652 481 570 886 702
771 660 396 348 884 788 260 704 982 370 319 260 238 722 157 518 656 683 981 343 606 317 17 671 509 643 635 346 526 892 127 843 457 1021 771 717 530 340 173 998 438 967 519 588 421 906 367 956 555 638 356 393 941 453 975 787 521 320 1047 302 876 584 387 471 455 429 467 377 459 486 402 705 554 271 506 510 1032 186 268 561 586 466 770 141 258 253 868 208 724 882 1044 352 646 378 0 409 654 203 680 881
763 357 342 107 760 553 263 668 728 637 470 249 217 694 383 620 328 467 811 203 449 368 427 459 104 332 535 159 268 792 303 482 351 620 586 588 635 627 250 847 316 575 610 226 392 839 202 870 205 624 675 295 819 593 584 732 425 296 642 439 540 177 203 112 271 43 62 549 82 621 335 317 606 141 118 294 857 452 233 209 196 101 743 348 294 534 632 238 682 696 876 393 707 652 409 0 609 300 271 775
155 416 290 517 244 323 437 59 466 467 353 447 499 85 497 225 461 272 363 764 197 874 661 265 609 430 98 464 377 241 557 594 260 856 237 136 229 496 656 363 897 769 211 519 247 254 777 302 499 48 558 326 295 287 771 135 184 826 898 359 552 637 409 528 867 576 602 341 555 274 897 610 154 618 705 333 412 493 453 804 578 537 134 516 785 489 364 513 75 301 417 304 175 481 654 609 0 747 706 232
884 630 459 295 952 799 311 803 988 560 464 301 251 825 303 662 612 700 1030 155 646 131 217 689 402 608 703 325 510 971 205 779 506 913 807 777 675 534 92 1056 235 874 658 519 501 1000 179 1043 493 743 556 434 1011 606 883 882 582 117 933 438 831 472 383 397 255 335 361 536 374 640 200 617 680 172 362 514 1080 360 297 391 496 388 876 265 55 440 882 234 821 921 1095 452 781 570 203 300 747 0 557 957
858 313 515 347 776 516 499 760 637 870 688 487 471 786 637 792 265 473 784 424 511 592 697 471 172 291 613 378 334 821 569 302 490 358 586 633 808 867 519 832 482 330 779 187 558 886 410 899 212 737 921 466 828 787 340 801 540 519 376 659 386 99 384 235 422 253 214 760 232 808 522 132 758 411 200 382 820 703 472 232 134 234 829 606 538 780 575 496 768 673 843 591 847 886 680 271 706 557 0 803
203 490 499 699 39 304 649 196 342 690 585 657 706 193 725 440 538 331 160 953 326 1078 888 334 749 513 254 651 513 18 777 604 452 856 218 187 440 721 866 140 1082 767 429 628 463 94 962 97 620 263 781 524 65 509 766 122 375 1024 899 590 535 756 591 677 1044 736 753 570 707 490 1088 684 373 813 853 482 200 724 660 949 692 687 172 741 989 719 288 724 178 174 197 529 343 702 881 775 232 957 803 0
