# TTSP Euclidean complete-graph matrix instance
# seed: 2045
# depot: 1
# L_max is not stored in this file; pass it with --budget when running algorithms.
# coordinate rows: node x y
# coord 1 899.642282 419.167377
# coord 2 868.930530 644.861812
# coord 3 97.298639 396.930658
# coord 4 688.530179 664.578294
# coord 5 491.037053 202.434476
# coord 6 359.287120 846.989189
# coord 7 65.615099 997.763698
# coord 8 994.197298 710.045687
# coord 9 608.502244 314.985599
# coord 10 648.955801 405.943862
# coord 11 799.119416 120.693322
# coord 12 824.485622 224.411942
# coord 13 676.734790 984.532756
# coord 14 514.566002 717.645787
# coord 15 217.420831 569.718552
# coord 16 190.780575 251.850221
# coord 17 763.308035 732.078810
# coord 18 285.457805 380.913398
# coord 19 986.266958 130.903030
# coord 20 462.801308 134.287432
# coord 21 260.242369 428.778067
# coord 22 155.504891 539.540238
# coord 23 885.122854 749.831368
# coord 24 163.141458 692.553362
# coord 25 678.821782 452.703104
# coord 26 267.214391 901.437895
# coord 27 221.232431 662.166483
# coord 28 759.891272 531.170486
# coord 29 891.897430 409.957933
# coord 30 593.339874 144.514792
# coord 31 39.609083 776.238503
# coord 32 149.394578 902.840227
# coord 33 927.920916 58.818721
# coord 34 568.734633 300.865891
# coord 35 330.909527 939.946922
# coord 36 935.387085 391.632977
# coord 37 580.679388 982.624958
# coord 38 650.776375 789.608908
# coord 39 374.927643 837.354693
# coord 40 179.309428 456.254545
# coord 41 677.969708 377.041941
# coord 42 668.910592 616.551341
# coord 43 996.495265 0.697290
# coord 44 322.840315 379.504967
# coord 45 653.317525 724.123578
# coord 46 837.093474 265.999782
# coord 47 747.457027 373.139290
# coord 48 776.599183 608.254658
# coord 49 875.792826 397.748010
# coord 50 954.550505 240.637910
# coord 51 176.225060 898.742420
# coord 52 217.984922 443.370986
# coord 53 267.892361 109.877765
# coord 54 990.239328 491.851801
# coord 55 493.179147 507.168823
# coord 56 112.446738 406.298153
# coord 57 450.038975 19.078467
# coord 58 167.152780 848.013238
# coord 59 799.382160 294.791495
# coord 60 93.363987 626.715067
# coord 61 898.373095 574.156684
# coord 62 939.802260 232.276781
# coord 63 733.075309 425.580143
# coord 64 548.564011 179.411141
# coord 65 71.410871 677.823620
# coord 66 778.947843 399.494568
# coord 67 775.742487 76.554692
# coord 68 28.943272 157.242004
# coord 69 978.256698 467.191344
# coord 70 683.066567 61.817759
# coord 71 502.155438 356.459594
# coord 72 55.646809 381.197806
# coord 73 204.934617 70.796931
# coord 74 888.772131 500.636188
# coord 75 155.180485 269.239206
# coord 76 966.239887 290.755171
# coord 77 90.375964 313.349395
# coord 78 676.466569 569.079670
# coord 79 202.856762 390.753076
# coord 80 424.087668 78.545113
# coord 81 776.011474 373.383442
# coord 82 520.384227 744.786811
# coord 83 297.720123 780.197808
# coord 84 208.154424 261.281982
# coord 85 833.841474 7.203614
# coord 86 727.281028 646.996662
# coord 87 647.640556 602.263490
# coord 88 412.800458 311.048638
# coord 89 907.673851 966.839339
# coord 90 247.067629 498.309470
# coord 91 407.811531 671.437300
# coord 92 438.865858 380.897633
# coord 93 248.345023 446.447472
# coord 94 38.002315 893.629686
# coord 95 270.506537 867.034046
# coord 96 592.937284 492.930007
# coord 97 212.611421 60.170997
# coord 98 281.990972 909.223033
# coord 99 854.251531 346.861171
# coord 100 856.560713 933.643410
# reference_nearest_neighbor_tour_cost: 10729
TTSP_MATRIX
100
0 80 1 42 86 60 18 63 50 27 17 81 35 62 65 43 50 12 49 27 42 69 8 61 96 39 9 78 44 10 18 100 81 1 62 34 25 97 78 5 51 45 94 94 58 67 31 54 33 8 83 5 86 83 79 65 63 32 27 66 21 17 97 72 87 84 84 56 49 37 98 8 24 5 27 48 21 80 40 33 61 76 50 57 65 75 40 55 9 57 72 32 53 33 62 54 10 70 59 1
0 228 803 324 463 689 1015 306 309 251 315 209 608 487 699 728 341 615 301 522 639 754 331 786 223 795 721 179 12 411 931 893 361 351 771 45 647 446 671 721 226 304 430 578 392 165 159 226 32 187 868 682 703 116 416 787 602 849 160 833 155 191 167 425 868 122 364 909 92 418 402 845 777 82 759 145 816 269 697 585 132 500 702 709 417 286 311 499 548 657 553 462 652 984 772 315 775 788 85 516
228 0 810 181 582 548 877 141 420 325 529 423 390 362 656 784 137 640 527 652 646 721 106 707 270 654 648 158 236 571 840 764 589 457 614 262 444 262 530 715 329 202 657 607 230 380 298 99 247 413 738 681 805 195 400 793 753 731 357 776 77 419 258 565 798 261 576 971 209 612 467 855 878 146 807 367 846 207 713 720 287 363 587 764 639 142 225 565 324 639 462 505 652 867 638 315 879 644 298 289
803 810 0 649 439 521 602 950 518 552 754 747 825 526 210 173 746 189 928 450 166 154 863 303 584 532 293 676 795 557 384 509 897 481 591 838 759 679 521 101 581 612 983 226 645 751 651 711 778 871 508 129 334 898 411 18 517 456 709 230 820 858 636 501 282 682 750 249 884 675 407 45 343 798 140 875 84 604 106 456 679 548 433 175 833 678 587 327 991 181 414 342 159 500 501 505 356 545 759 930
324 181 649 0 503 376 706 309 359 262 555 461 320 182 481 647 101 493 611 576 489 547 214 526 212 483 467 151 326 529 658 589 651 383 451 368 336 131 358 550 288 52 732 464 69 425 297 105 326 500 563 520 696 348 251 631 688 553 386 596 228 500 243 505 617 280 594 832 351 603 360 693 766 259 664 466 694 96 558 643 304 186 408 627 673 43 75 448 373 472 281 378 491 690 464 196 769 474 358 317
463 582 439 503 0 658 902 715 163 258 319 334 804 516 458 304 596 272 500 74 323 476 674 590 313 734 533 425 451 118 730 779 460 125 755 483 785 609 645 402 256 451 544 244 546 352 308 496 431 465 764 364 242 577 305 430 188 722 322 582 551 450 329 62 634 349 311 464 555 238 154 471 315 497 342 483 416 411 344 141 332 543 609 289 394 503 429 134 871 383 476 186 344 826 700 308 313 737 391 817
689 548 521 376 658 0 330 650 587 528 849 777 346 202 311 619 420 472 952 720 430 369 535 250 508 107 231 510 689 740 327 217 972 585 97 734 260 297 18 430 568 386 1059 469 319 752 613 481 685 850 190 428 743 724 365 505 833 192 706 345 604 845 563 694 334 613 876 765 726 849 511 556 791 633 613 823 598 422 482 771 631 191 91 605 965 419 378 539 561 366 182 473 416 325 91 424 800 99 704 505
1015 877 602 706 902 330 0 972 872 831 1143 1083 611 529 454 756 747 655 1265 950 601 467 856 320 820 223 370 836 1014 1003 223 127 1275 860 272 1060 515 621 348 553 872 714 1364 670 648 1063 925 811 1008 1168 148 575 911 1054 651 593 1051 181 1016 372 934 1162 879 950 320 931 1163 841 1056 1121 776 617 937 962 734 1145 685 746 622 987 946 520 318 750 1254 749 704 769 843 531 473 721 581 108 243 730 949 234 1023 794
306 141 950 309 715 650 972 0 552 460 621 514 420 480 789 925 232 781 579 784 786 856 116 831 407 752 774 295 317 693 957 867 655 590 702 324 495 353 632 853 459 338 709 748 341 471 418 240 334 471 839 821 942 218 541 933 880 838 459 905 166 481 386 693 923 378 670 1112 243 719 606 994 1016 234 948 420 987 348 853 851 401 475 700 905 721 274 363 705 271 777 588 646 791 974 741 456 1016 740 389 263
309 420 518 359 163 587 872 552 0 100 272 234 673 413 467 422 445 330 420 232 366 506 515 584 155 679 520 264 299 171 732 746 409 42 684 336 668 477 572 452 93 308 499 293 412 234 151 338 280 354 726 411 398 421 224 504 336 692 192 602 389 341 167 148 648 190 291 601 400 264 114 557 472 336 456 359 518 263 413 300 177 439 559 404 381 353 290 196 717 405 409 182 383 813 647 179 471 678 248 667
251 325 552 262 258 528 831 460 100 0 322 253 579 339 462 483 346 364 435 329 389 511 417 564 55 625 499 167 243 267 713 705 445 132 622 287 581 384 511 472 41 212 534 327 318 234 104 239 227 347 683 433 483 352 186 537 435 654 187 598 301 339 86 248 638 130 353 668 335 346 155 594 556 258 512 338 566 165 446 397 131 362 513 464 440 253 196 255 618 412 359 212 403 782 597 103 557 623 214 567
315 529 754 555 319 849 1143 621 272 322 0 107 872 661 735 622 612 576 187 337 621 768 635 855 353 945 792 412 304 207 1003 1017 143 292 944 303 889 685 833 705 284 513 231 542 621 150 258 488 287 196 997 665 531 417 493 744 364 964 174 868 464 180 312 257 916 280 50 771 390 130 379 788 596 390 661 238 734 465 655 377 254 684 828 607 119 531 505 431 853 669 676 444 640 1085 915 426 590 943 233 815
209 423 747 461 334 777 1083 514 234 253 107 0 774 583 698 634 511 561 187 373 600 739 529 810 271 877 745 313 197 245 959 957 195 267 869 201 796 591 760 686 212 422 282 525 528 43 167 387 181 131 935 645 568 315 436 735 427 906 75 834 357 116 221 280 879 181 156 798 287 215 348 785 638 284 671 157 739 375 643 426 157 603 766 617 217 434 417 421 747 639 611 416 617 1033 848 355 634 874 126 710
608 390 825 320 804 346 611 420 673 579 872 774 0 312 619 879 267 719 908 877 694 685 314 591 532 418 558 461 614 844 670 534 959 692 349 647 96 197 336 726 607 368 1034 701 261 736 615 389 620 794 508 709 965 584 511 808 992 528 701 684 466 797 562 815 679 594 913 1051 599 923 652 866 1028 528 885 752 891 415 760 941 619 286 431 862 990 341 383 723 232 649 413 649 688 645 423 499 1034 402 662 187
487 362 526 182 516 202 529 480 413 339 661 583 312 0 332 567 249 407 753 586 385 401 372 352 312 308 299 308 487 579 479 409 778 420 288 532 273 154 184 425 378 185 864 389 139 555 416 284 483 649 384 404 656 527 212 509 702 371 510 431 410 645 365 539 445 414 692 742 527 677 361 569 717 433 575 621 586 220 452 645 432 28 226 550 779 224 176 419 465 346 116 345 380 508 286 238 723 301 503 404
699 656 210 481 458 311 454 789 467 462 735 698 619 332 0 319 570 201 885 500 147 69 692 134 476 335 93 544 693 568 273 340 875 442 387 740 550 486 311 120 499 454 965 217 462 690 565 561 680 807 332 126 463 777 283 194 598 283 644 137 681 797 535 512 182 587 745 453 768 689 356 248 499 675 307 799 286 459 180 533 592 350 225 309 835 516 431 324 796 77 216 291 127 370 302 383 510 346 675 735
728 784 173 647 304 619 756 925 422 483 622 634 879 567 319 0 747 160 805 296 190 290 854 442 528 654 411 634 719 417 546 652 762 381 702 758 828 708 614 205 503 601 844 184 661 646 570 686 700 764 647 193 162 835 396 173 348 597 610 387 778 749 569 365 442 606 611 187 816 528 328 187 182 741 40 776 118 580 139 291 598 593 539 20 688 666 576 230 1012 253 472 280 203 660 620 469 193 664 670 953
341 137 746 101 596 420 747 232 445 346 612 511 267 249 570 747 0 593 641 669 587 638 123 601 292 524 547 201 347 612 725 637 693 473 480 381 310 126 402 646 365 149 768 564 110 472 359 125 353 527 610 617 795 330 352 728 779 607 439 678 208 530 308 593 694 333 656 933 341 675 457 790 865 263 764 486 793 185 656 736 359 243 468 728 728 92 174 548 276 567 361 478 589 743 511 294 869 513 396 222
615 640 189 493 272 472 655 781 330 364 576 561 719 407 201 160 593 0 744 304 54 205 704 335 400 521 288 498 607 388 466 539 719 294 561 650 670 548 465 130 393 450 806 37 503 563 462 541 591 684 529 92 272 713 243 175 398 482 521 312 643 671 450 331 366 494 577 340 698 510 218 230 320 615 172 687 206 434 83 333 491 433 399 142 664 516 424 145 855 124 315 153 75 569 486 327 329 528 570 795
301 527 928 611 500 952 1265 579 420 435 187 187 908 753 885 805 641 744 0 523 785 926 627 996 445 1054 931 460 295 393 1146 1139 93 451 1041 266 943 739 934 870 395 580 131 708 680 201 340 521 289 114 1116 829 719 361 620 916 548 1089 249 1021 452 112 389 440 1066 339 217 958 336 311 534 964 784 382 843 161 914 537 825 565 321 771 946 789 196 577 580 601 840 825 792 602 803 1217 1027 535 777 1050 253 813
522 652 450 576 74 720 950 784 232 329 337 373 877 586 500 296 669 304 523 0 357 509 746 634 385 792 581 496 510 131 769 830 471 197 816 538 856 682 709 429 324 524 550 282 620 397 372 568 490 503 816 394 196 637 374 444 116 773 373 616 619 487 397 97 670 413 318 434 614 232 226 476 266 562 336 527 413 484 365 68 394 613 667 285 392 577 503 184 944 423 540 248 379 870 758 382 261 796 445 891
639 646 166 489 323 430 601 786 366 389 621 600 694 385 147 190 587 54 785 357 0 152 703 281 419 473 237 510 632 438 412 487 763 334 516 676 640 532 424 85 421 450 852 80 492 599 490 547 616 719 477 45 319 733 246 149 452 429 556 259 654 707 473 381 313 520 624 357 719 560 252 210 362 633 191 719 205 439 69 387 519 409 353 175 712 516 424 193 842 71 284 185 21 515 438 339 372 481 600 781
754 721 154 547 476 369 467 856 506 511 768 739 685 401 69 290 638 205 926 509 152 0 759 153 530 379 139 604 748 590 264 363 910 477 437 794 614 555 370 87 547 519 999 232 531 734 615 625 734 853 360 115 444 836 339 140 598 309 689 107 744 842 589 533 162 639 774 403 826 712 392 187 471 734 270 848 235 522 156 534 642 419 280 283 862 582 496 344 865 100 285 325 131 373 347 440 483 391 725 804
331 106 863 214 674 535 856 116 515 417 635 529 314 372 692 854 123 704 627 746 703 759 0 724 362 636 670 252 340 672 846 751 692 549 586 362 383 238 518 764 426 254 757 673 233 486 401 178 352 514 724 734 889 279 461 846 850 725 463 801 176 520 358 662 817 366 682 1041 298 717 549 908 961 249 874 466 907 276 771 814 392 365 588 835 744 188 280 645 218 686 484 579 705 859 626 389 963 624 404 186
786 707 303 526 590 250 320 831 584 564 855 810 591 352 134 442 601 335 996 634 281 153 724 0 569 233 66 618 782 697 149 211 993 564 299 829 508 497 257 237 604 511 1083 351 491 798 666 619 771 911 207 255 592 851 379 291 732 156 750 96 745 903 629 642 93 682 869 552 846 817 477 329 623 751 423 898 386 528 304 667 691 361 161 434 959 566 493 456 793 212 246 416 260 237 205 474 634 247 773 734
223 270 584 212 313 508 820 407 155 55 353 271 532 312 476 528 292 400 445 385 419 530 362 569 0 609 503 113 217 320 716 695 466 188 599 264 539 338 490 500 76 164 552 363 273 245 105 184 204 348 672 461 535 314 193 568 490 647 199 611 251 342 61 303 648 113 388 714 300 391 201 627 609 215 555 330 605 116 480 453 125 332 502 508 472 200 153 301 563 434 348 250 431 778 582 95 609 605 205 513
795 654 532 483 734 107 223 752 679 625 945 877 418 308 335 654 524 521 1054 792 473 379 636 233 609 0 244 616 795 824 260 118 1071 672 74 840 324 400 125 454 666 492 1159 525 425 854 714 588 790 953 91 461 792 831 454 519 901 113 807 325 711 949 666 775 297 717 969 781 833 937 593 562 833 740 642 928 614 527 515 838 733 298 125 643 1059 526 484 608 644 404 270 548 455 229 35 522 843 17 808 590
721 648 293 467 533 231 370 774 520 499 792 745 558 299 93 411 547 288 931 581 237 139 670 66 503 244 0 554 717 638 214 251 929 501 299 764 482 448 233 210 538 450 1019 300 437 732 600 558 706 846 241 219 554 788 313 278 683 194 685 133 683 837 564 583 151 616 806 540 782 757 415 326 592 687 398 832 373 465 272 618 625 310 141 401 897 506 431 400 751 166 187 356 217 295 211 408 602 254 707 691
179 158 676 151 425 510 836 295 264 167 412 313 461 308 544 634 201 498 460 496 510 604 252 618 113 616 554 0 179 421 761 715 501 299 593 224 486 281 492 585 175 125 581 463 220 276 159 79 177 350 690 549 648 234 268 659 599 672 240 673 145 349 109 410 704 133 455 821 228 476 311 720 721 132 659 317 704 92 574 564 159 321 525 614 529 120 133 411 460 514 379 354 519 808 594 171 722 609 207 414
12 236 795 326 451 689 1014 317 299 243 304 197 614 487 693 719 347 607 295 510 632 748 340 782 217 795 717 179 0 399 928 891 353 341 772 47 652 450 671 714 216 304 422 570 394 154 149 229 20 181 867 675 692 128 410 779 590 847 148 827 164 184 160 414 863 113 353 899 104 406 393 837 766 91 750 140 807 268 689 573 122 500 700 700 407 289 311 489 557 651 550 454 645 981 771 310 764 788 73 525
411 571 557 529 118 740 1003 693 171 267 207 245 844 579 568 417 612 388 393 131 438 590 672 697 320 824 638 421 399 0 840 879 345 158 838 422 838 648 726 518 247 478 428 358 583 272 276 499 379 374 862 480 327 527 376 548 190 823 255 695 527 357 314 57 746 315 195 565 502 122 231 587 395 463 456 401 531 433 462 182 293 605 701 402 277 520 461 246 880 495 559 282 458 933 791 348 390 826 330 832
931 840 384 658 730 327 223 957 732 713 1003 959 670 479 273 546 725 466 1146 769 412 264 846 149 716 260 214 761 928 840 0 168 1142 711 334 975 579 611 341 349 753 649 1232 487 616 947 815 756 918 1060 183 378 704 992 527 377 861 146 899 159 882 1052 777 784 103 830 1016 619 988 961 625 395 725 893 520 1046 466 670 419 797 839 482 258 542 1106 700 632 596 889 347 383 562 390 117 248 622 737 276 921 832
893 764 509 589 779 217 127 867 746 705 1017 957 534 409 340 652 637 539 1139 830 487 363 751 211 695 118 251 715 891 879 168 0 1148 734 185 938 439 514 235 448 746 593 1238 551 535 937 799 693 885 1042 27 465 802 936 524 498 933 58 890 282 818 1037 754 826 238 806 1037 755 936 996 650 530 834 842 634 1021 592 624 515 869 820 403 192 644 1127 632 582 648 761 416 347 597 467 112 126 604 845 133 898 708
361 589 897 651 460 972 1275 655 409 445 143 195 959 778 875 762 693 719 93 471 763 910 692 993 466 1071 929 501 353 345 1142 1148 0 433 1064 333 987 782 955 848 405 615 90 685 720 226 362 570 343 184 1127 807 662 437 625 886 480 1096 269 1009 516 174 415 398 1057 372 153 904 411 245 519 930 723 444 801 235 875 569 797 504 349 798 958 748 107 621 611 574 908 810 804 586 782 1220 1042 548 715 1068 297 878
351 457 481 383 125 585 860 590 42 132 292 267 692 420 442 381 473 294 451 197 334 477 549 564 188 672 501 299 341 158 711 734 433 0 682 378 682 496 570 419 133 331 523 258 432 271 193 371 322 390 715 379 356 463 220 468 306 679 231 576 428 377 206 123 624 232 305 559 442 265 87 519 430 377 415 398 479 289 377 265 220 447 551 363 396 381 312 156 747 377 404 153 352 796 640 194 430 673 289 695
771 614 591 451 755 97 272 702 684 622 944 869 349 288 387 702 480 561 1041 816 516 437 586 299 599 74 299 593 772 838 334 185 1064 682 0 816 253 353 112 507 661 468 1151 561 388 843 703 556 769 937 160 509 832 797 462 577 929 188 797 393 675 934 653 791 369 702 971 839 802 946 608 623 878 710 693 908 671 507 564 866 720 272 163 690 1060 493 463 634 577 450 279 569 500 297 95 518 888 58 791 526
45 262 838 368 483 734 1060 324 336 287 303 201 647 532 740 758 381 650 266 538 676 794 362 829 264 840 764 224 47 422 975 938 333 378 816 0 689 489 716 759 258 349 396 613 436 160 189 269 60 152 913 719 725 114 457 823 612 894 167 874 186 159 205 441 910 157 353 936 87 415 435 880 798 119 790 105 849 314 733 600 160 545 747 739 398 329 357 529 576 697 597 497 689 1028 817 357 795 834 93 548
647 444 759 336 785 260 515 495 668 581 889 796 96 273 550 828 310 670 943 856 640 614 383 508 539 324 482 486 652 838 579 439 987 682 253 689 0 205 252 662 613 377 1066 656 269 761 632 423 655 831 413 650 927 639 483 743 972 435 722 603 517 832 578 804 594 616 927 993 651 926 631 798 986 572 831 792 830 424 702 918 640 245 348 812 1008 366 386 692 327 588 356 618 631 550 331 490 993 308 692 280
446 262 679 131 609 297 621 353 477 384 685 591 197 154 486 708 126 548 739 682 532 555 238 497 338 400 448 281 450 648 611 514 782 496 353 489 205 0 280 577 413 174 861 525 66 556 428 221 452 627 487 554 780 452 323 661 796 487 517 581 328 628 373 619 590 411 724 887 460 729 458 722 846 374 719 590 735 222 600 746 435 138 353 689 804 162 187 534 312 498 270 460 529 622 388 302 851 388 487 251
671 530 521 358 645 18 348 632 572 511 833 760 336 184 311 614 402 465 934 709 424 370 518 257 490 125 233 492 671 726 341 235 955 570 112 716 252 280 0 428 551 368 1042 461 301 735 595 462 666 832 208 424 735 706 351 505 822 208 689 352 586 828 546 680 343 596 860 763 708 835 497 557 785 614 609 805 596 404 479 760 613 172 96 600 949 400 360 528 548 362 169 461 411 342 109 408 794 117 686 491
721 715 101 550 402 430 553 853 452 472 705 686 726 425 120 205 646 130 870 429 85 87 764 237 500 454 210 585 714 518 349 448 848 419 507 759 662 577 428 0 505 515 936 163 544 685 574 616 699 805 442 41 358 812 318 83 514 392 641 191 729 793 555 462 246 602 707 335 799 640 338 145 386 711 189 804 168 510 70 450 602 447 345 197 794 580 491 275 890 80 314 270 70 460 421 415 397 464 684 829
226 329 581 288 256 568 872 459 93 41 284 212 607 378 499 503 365 393 395 324 421 547 426 604 76 666 538 175 216 247 753 746 405 133 661 258 613 413 551 505 0 240 493 355 348 194 70 251 199 308 724 465 489 333 226 566 424 695 147 636 296 299 73 236 677 103 316 685 314 315 177 622 564 244 534 301 591 192 475 392 98 400 554 484 401 274 227 273 633 448 400 239 435 822 637 144 563 663 179 585
304 202 612 52 451 386 714 338 308 212 513 422 368 185 454 601 149 450 580 524 450 519 254 511 164 492 450 125 304 478 649 593 615 331 468 349 377 174 368 515 240 0 698 419 109 389 256 108 301 472 568 483 646 345 207 595 636 553 347 576 233 470 201 453 601 243 550 788 344 555 309 657 716 249 620 441 653 48 518 591 266 196 406 582 631 66 26 399 424 438 267 329 454 689 471 145 720 485 327 368
430 657 983 732 544 1059 1364 709 499 534 231 282 1034 864 965 844 768 806 131 550 852 999 757 1083 552 1159 1019 581 422 428 1232 1238 90 523 1151 396 1066 861 1042 936 493 698 0 773 801 310 448 646 415 244 1216 896 737 491 714 973 547 1186 354 1099 582 238 500 482 1146 454 233 980 467 319 609 1015 795 511 883 292 959 652 884 578 433 883 1047 830 163 700 695 661 970 900 892 675 871 1310 1130 637 786 1156 374 943
578 607 226 464 244 469 670 748 293 327 542 525 701 389 217 184 564 37 708 282 80 232 673 351 363 525 300 463 570 358 487 551 685 258 561 613 656 525 461 163 355 419 773 0 477 527 425 508 553 647 540 123 275 677 213 212 382 494 484 337 608 634 413 302 390 457 545 368 661 480 181 267 330 579 201 649 242 401 121 318 453 415 401 165 632 485 394 113 829 141 304 116 100 588 490 293 338 531 532 769
392 230 645 69 546 319 648 341 412 318 621 528 261 139 462 661 110 503 680 620 492 531 233 491 273 425 437 220 394 583 616 535 720 432 388 436 269 66 301 544 348 109 801 477 0 494 363 169 395 570 508 518 725 409 270 627 734 502 453 568 287 569 309 555 584 348 659 843 414 663 398 689 792 325 675 535 697 157 560 685 372 135 360 642 739 107 122 478 352 465 251 405 491 638 409 239 797 415 427 292
165 380 751 425 352 752 1063 471 234 234 150 43 736 555 690 646 472 563 201 397 599 734 486 798 245 854 732 276 154 272 947 937 226 271 843 160 761 556 735 685 194 389 310 527 494 0 140 348 137 120 915 644 590 273 420 738 459 887 47 827 314 108 190 301 869 146 199 815 246 256 347 790 662 240 682 131 748 343 646 454 124 574 745 629 259 397 386 427 704 634 590 414 616 1016 826 333 658 850 83 668
159 298 651 297 308 613 925 418 151 104 258 167 615 416 565 570 359 462 340 372 490 615 401 666 105 714 600 159 149 276 815 799 362 193 703 189 632 428 595 574 70 256 448 425 363 140 0 237 131 246 776 534 547 270 287 636 462 750 94 702 251 238 54 278 742 41 298 750 249 318 246 692 621 190 601 234 660 208 545 437 29 436 607 551 376 275 250 340 615 516 452 309 504 880 687 196 620 710 110 571
226 99 711 105 496 481 811 240 338 239 488 387 389 284 561 686 125 541 521 568 547 625 178 619 184 588 558 79 229 499 756 693 570 371 556 269 423 221 462 616 251 108 646 508 169 348 237 0 233 408 667 582 712 243 301 694 674 655 314 683 126 410 188 486 709 209 532 873 246 554 372 756 785 155 708 370 747 108 614 636 235 290 509 666 604 63 129 470 382 541 374 407 552 792 568 217 786 579 273 335
32 247 778 326 431 685 1008 334 280 227 287 181 620 483 680 700 353 591 289 490 616 734 352 771 204 790 706 177 20 379 918 885 343 322 769 60 655 452 666 699 199 301 415 553 395 137 131 233 0 176 860 659 673 148 398 763 570 840 128 815 178 177 145 393 852 97 336 880 124 387 376 820 746 104 732 140 790 263 673 553 103 497 693 681 393 290 306 471 570 637 542 437 629 974 766 298 744 784 55 536
187 413 871 500 465 850 1168 471 354 347 196 131 794 649 807 764 527 684 114 503 719 853 514 911 348 953 846 350 181 374 1060 1042 184 390 937 152 831 627 832 805 308 472 244 647 570 120 246 408 176 0 1019 764 699 254 533 858 551 994 164 944 338 17 289 411 985 237 243 929 228 325 467 910 769 268 800 51 867 430 767 555 222 665 850 747 263 466 474 546 728 753 696 534 736 1125 928 441 764 948 146 700
868 738 508 563 764 190 148 839 726 683 997 935 508 384 332 647 610 529 1116 816 477 360 724 207 672 91 241 690 867 862 183 27 1127 715 160 913 413 487 208 442 724 568 1216 540 508 915 776 667 860 1019 0 457 794 910 504 497 921 52 868 284 792 1014 731 810 245 783 1018 756 911 978 633 531 828 816 630 997 592 599 509 857 797 377 170 638 1108 606 557 634 735 407 324 581 458 138 99 582 839 106 874 681
682 681 129 520 364 428 575 821 411 433 665 645 709 404 126 193 617 92 829 394 45 115 734 255 461 461 219 549 675 480 378 465 807 379 509 719 650 554 424 41 465 483 896 123 518 644 534 582 659 764 457 0 337 774 282 112 484 408 600 222 693 752 515 423 276 563 668 343 761 602 297 174 373 673 185 764 182 475 55 419 562 427 346 182 755 548 458 236 866 62 297 230 31 485 427 378 383 470 644 805
703 805 334 696 242 743 911 942 398 483 531 568 965 656 463 162 795 272 719 196 319 444 889 592 535 792 554 648 692 327 704 802 662 356 832 725 927 780 735 358 489 646 737 275 725 590 547 712 673 699 794 337 0 817 457 335 204 745 563 546 783 683 562 289 601 587 509 244 795 418 340 344 74 734 195 721 270 615 288 159 572 683 671 163 575 707 622 248 1069 389 579 320 337 817 757 502 74 799 632 1012
116 195 898 348 577 724 1054 218 421 352 417 315 584 527 777 835 330 713 361 637 733 836 279 851 314 831 788 234 128 527 992 936 437 463 797 114 639 452 706 812 333 345 491 677 409 273 270 243 148 254 910 774 817 0 497 882 718 897 274 907 123 264 266 541 937 231 467 1018 27 528 507 941 891 102 864 203 917 323 794 701 245 534 750 815 509 305 360 605 482 743 609 562 743 1034 812 397 889 822 199 462
416 400 411 251 305 365 651 541 224 186 493 436 511 212 283 396 352 243 620 374 246 339 461 379 193 454 313 268 410 376 527 524 625 220 462 457 483 323 351 318 226 207 714 213 270 420 287 301 398 533 504 282 457 497 0 394 490 472 373 417 411 524 253 332 455 305 515 581 487 484 151 455 523 396 413 520 447 193 313 434 313 239 336 376 605 273 181 212 619 246 185 137 252 597 423 101 528 454 395 560
787 793 18 631 430 505 593 933 504 537 744 735 808 509 194 173 728 175 916 444 149 140 846 291 568 519 278 659 779 548 377 498 886 468 577 823 743 661 505 83 566 595 973 212 627 738 636 694 763 858 497 112 335 882 394 0 514 445 696 221 804 845 621 492 275 667 741 263 868 667 393 62 348 782 144 862 96 587 92 452 664 530 417 174 824 660 570 315 973 163 397 327 142 493 487 488 360 531 744 912
602 753 517 688 188 833 1051 880 336 435 364 427 992 702 598 348 779 398 548 116 452 598 850 732 490 901 683 599 590 190 861 933 480 306 929 612 972 796 822 514 424 636 547 382 734 459 462 674 570 551 921 484 204 718 490 514 0 876 445 705 714 534 495 188 760 503 331 443 693 237 341 535 251 651 387 583 465 595 446 65 481 729 776 342 384 686 616 294 1052 520 654 362 473 967 867 495 241 906 520 1001
849 731 456 553 722 192 181 838 692 654 964 906 528 371 283 597 607 482 1089 773 429 309 725 156 647 113 194 672 847 823 146 58 1096 679 188 894 435 487 208 392 695 553 1186 494 502 887 750 655 840 994 52 408 745 897 472 445 876 0 840 233 781 988 706 770 195 759 983 704 896 940 595 480 778 801 579 974 540 581 459 811 772 368 147 588 1073 595 540 590 750 359 298 540 410 137 105 554 789 130 850 695
160 357 709 386 322 706 1016 459 192 187 174 75 701 510 644 610 439 521 249 373 556 689 463 750 199 807 685 240 148 255 899 890 269 231 797 167 722 517 689 641 147 347 354 484 453 47 94 314 128 164 868 600 563 274 373 696 445 840 0 780 296 154 147 276 823 107 220 783 248 260 304 749 635 224 645 167 709 301 604 433 82 529 698 592 290 360 343 387 681 589 543 371 572 969 779 286 632 803 76 641
833 776 230 596 582 345 372 905 602 598 868 834 684 431 137 387 678 312 1021 616 259 107 801 96 611 325 133 673 827 695 159 282 1009 576 393 874 603 581 352 191 636 576 1099 337 568 827 702 683 815 944 284 222 546 907 417 221 705 233 780 0 807 934 671 638 56 722 877 474 899 817 490 248 567 805 363 935 313 586 260 640 728 443 256 383 965 634 555 449 882 200 318 424 238 273 299 517 579 340 811 823
155 77 820 228 551 604 934 166 389 301 464 357 466 410 681 778 208 643 452 619 654 744 176 745 251 711 683 145 164 527 882 818 516 428 675 186 517 328 586 729 296 233 582 608 287 314 251 126 178 338 792 693 783 123 411 804 714 781 296 807 0 344 222 527 833 212 512 964 134 556 452 865 857 74 803 291 849 222 719 686 235 415 635 758 571 186 252 552 393 656 500 498 662 918 693 316 857 702 232 362
191 419 858 500 450 845 1162 481 341 339 180 116 797 645 797 749 530 671 112 487 707 842 520 903 342 949 837 349 184 357 1052 1037 174 377 934 159 832 628 828 793 299 470 238 634 569 108 238 410 177 17 1014 752 683 264 524 845 534 988 154 934 344 0 283 395 976 232 226 914 238 308 455 897 752 273 785 64 853 428 754 538 216 662 844 732 249 466 471 533 735 742 690 523 724 1118 922 434 747 944 143 706
167 258 636 243 329 563 879 386 167 86 312 221 562 365 535 569 308 450 389 397 473 589 358 629 61 666 564 109 160 314 777 754 415 206 653 205 578 373 546 555 73 201 500 413 309 190 54 188 145 289 731 515 562 266 253 621 495 706 147 671 222 283 0 308 708 53 352 754 249 367 241 679 636 173 599 269 652 154 531 465 68 384 562 550 430 221 196 340 569 491 408 298 485 838 639 155 636 661 145 523
425 565 501 505 62 694 950 693 148 248 257 280 815 539 512 365 593 331 440 97 381 533 662 642 303 775 583 410 414 57 784 826 398 123 791 441 804 619 680 462 236 453 482 302 555 301 278 486 393 411 810 423 289 541 332 492 188 770 276 638 527 395 308 0 690 319 249 520 517 179 183 533 360 468 404 432 477 410 405 160 299 566 651 350 333 501 434 189 865 439 512 229 402 878 742 317 356 777 349 815
868 798 282 617 634 334 320 923 648 638 916 879 679 445 182 442 694 366 1066 670 313 162 817 93 648 297 151 704 863 746 103 238 1057 624 369 910 594 590 343 246 677 601 1146 390 584 869 742 709 852 985 245 276 601 937 455 275 760 195 823 56 833 976 708 690 0 760 926 522 931 868 537 297 622 836 417 975 365 615 316 695 768 454 248 438 1015 657 581 501 885 251 336 472 291 218 275 553 634 313 850 826
122 261 682 280 349 613 931 378 190 130 280 181 594 414 587 606 333 494 339 413 520 639 366 682 113 717 616 133 113 315 830 806 372 232 702 157 616 411 596 602 103 243 454 457 348 146 41 209 97 237 783 563 587 231 305 667 503 759 107 722 212 232 53 319 760 0 323 788 210 351 280 724 661 149 637 217 694 198 576 478 26 431 614 587 396 253 242 377 582 541 460 341 533 891 691 208 660 712 92 540
364 576 750 594 311 876 1163 670 291 353 50 156 913 692 745 611 656 577 217 318 624 774 682 869 388 969 806 455 353 195 1016 1037 153 305 971 353 927 724 860 707 316 550 233 545 659 199 298 532 336 243 1018 668 509 467 515 741 331 983 220 877 512 226 352 249 926 323 0 751 440 94 391 782 571 439 650 287 725 502 653 352 297 715 851 597 90 572 541 432 900 676 699 454 644 1101 938 455 563 968 281 861
909 971 249 832 464 765 841 1112 601 668 771 798 1051 742 453 187 933 340 958 434 357 403 1041 552 714 781 540 821 899 565 619 755 904 559 839 936 993 887 763 335 685 788 980 368 843 815 750 873 880 929 756 343 244 1018 581 263 443 704 783 474 964 914 754 520 522 788 751 0 999 661 513 226 196 926 169 947 168 767 291 403 778 766 678 207 819 853 762 414 1195 405 639 467 363 736 750 656 208 793 847 1135
92 209 884 351 555 726 1056 243 400 335 390 287 599 527 768 816 341 698 336 614 719 826 298 846 300 833 782 228 104 502 988 936 411 442 802 87 651 460 708 799 314 344 467 661 414 246 249 246 124 228 911 761 795 27 487 868 693 896 248 899 134 238 249 517 931 210 440 999 0 501 489 927 869 96 847 177 901 319 779 677 223 535 749 797 482 309 357 587 505 732 606 546 730 1032 813 386 867 825 173 482
418 612 675 603 238 849 1121 719 264 346 130 215 923 677 689 528 675 510 311 232 560 712 717 817 391 937 757 476 406 122 961 996 245 265 946 415 926 729 835 640 315 555 319 480 663 256 318 554 387 325 978 602 418 528 484 667 237 940 260 817 556 308 367 179 868 351 94 661 501 0 346 704 478 485 567 364 644 507 582 260 325 702 815 515 160 587 542 368 932 617 669 402 580 1053 905 440 470 938 332 889
402 467 407 360 154 511 776 606 114 155 379 348 652 361 356 328 457 218 534 226 252 392 549 477 201 593 415 311 393 231 625 650 519 87 608 435 631 458 497 338 177 309 609 181 398 347 246 372 376 467 633 297 340 507 151 393 341 595 304 490 452 455 241 183 537 280 391 513 489 346 0 447 412 413 358 469 414 275 301 289 274 389 470 309 482 368 286 100 733 292 329 68 269 710 561 164 414 595 352 677
845 855 45 693 471 556 617 994 557 594 788 785 866 569 248 187 790 230 964 476 210 187 908 329 627 562 326 720 837 587 395 530 930 519 623 880 798 722 557 145 622 657 1015 267 689 790 692 756 820 910 531 174 344 941 455 62 535 480 749 248 865 897 679 533 297 724 782 226 927 704 447 0 344 842 150 915 76 649 148 477 720 590 467 194 863 722 632 364 1034 224 456 383 203 513 531 549 357 574 799 973
777 878 343 766 315 791 937 1016 472 556 596 638 1028 717 499 182 865 320 784 266 362 471 961 623 609 833 592 721 766 395 725 834 723 430 878 798 986 846 785 386 564 716 795 330 792 662 621 785 746 769 828 373 74 891 523 348 251 778 635 567 857 752 636 360 622 661 571 196 869 478 412 344 0 808 205 792 268 686 320 219 646 744 715 191 632 778 692 318 1139 430 634 388 378 840 799 573 13 842 706 1081
82 146 798 259 497 633 962 234 336 258 390 284 528 433 675 741 263 615 382 562 633 734 249 751 215 740 687 132 91 463 893 842 444 377 710 119 572 374 614 711 244 249 511 579 325 240 190 155 104 268 816 673 734 102 396 782 651 801 224 805 74 273 173 468 836 149 439 926 96 485 413 842 808 0 769 224 820 223 695 628 170 442 654 721 496 218 262 512 467 642 510 466 643 937 719 296 807 732 158 434
759 807 140 664 342 613 734 948 456 512 661 671 885 575 307 40 764 172 843 336 191 270 874 423 555 642 398 659 750 456 520 634 801 415 693 790 831 719 609 189 534 620 883 201 675 682 601 708 732 800 630 185 195 864 413 144 387 579 645 363 803 785 599 404 417 637 650 169 847 567 358 150 205 769 0 811 78 601 131 330 630 600 530 54 727 686 594 261 1026 247 475 305 200 635 609 492 217 652 703 966
145 367 875 466 483 823 1145 420 359 338 238 157 752 621 799 776 486 687 161 527 719 848 466 898 330 928 832 317 140 401 1046 1021 235 398 908 105 792 590 805 804 301 441 292 649 535 131 234 370 140 51 997 764 721 203 520 862 583 974 167 935 291 64 269 432 975 217 287 947 177 364 469 915 792 224 811 0 876 402 770 582 207 636 829 759 313 429 446 554 679 749 676 535 735 1107 903 425 788 922 125 652
816 846 84 694 416 598 685 987 518 566 734 739 891 586 286 118 793 206 914 413 205 235 907 386 605 614 373 704 807 531 466 592 875 479 671 849 830 735 596 168 591 653 959 242 697 748 660 747 790 867 592 182 270 917 447 96 465 540 709 313 849 853 652 477 365 694 725 168 901 644 414 76 268 820 78 876 0 639 137 408 688 609 511 129 804 719 628 322 1046 242 479 355 207 583 582 534 281 626 765 986
269 207 604 96 411 422 746 348 263 165 465 375 415 220 459 580 185 434 537 484 439 522 276 528 116 527 465 92 268 433 670 624 569 289 507 314 424 222 404 510 192 48 652 401 157 343 208 108 263 430 599 475 615 323 193 587 595 581 301 586 222 428 154 410 615 198 502 767 319 507 275 649 686 223 601 402 639 0 506 552 220 235 434 560 583 93 44 369 460 435 287 303 445 716 504 113 689 521 285 407
697 713 106 558 344 482 622 853 413 446 655 643 760 452 180 139 656 83 825 365 69 156 771 304 480 515 272 574 689 462 419 515 797 377 564 733 702 600 479 70 475 518 884 121 560 646 545 614 673 767 509 55 288 794 313 92 446 459 604 260 719 754 531 405 316 576 653 291 779 582 301 148 320 695 131 770 137 506 0 383 573 476 401 130 738 584 493 225 910 116 348 236 72 529 481 403 331 524 653 850
585 720 456 643 141 771 987 851 300 397 377 426 941 645 533 291 736 333 565 68 387 534 814 667 453 838 618 564 573 182 797 869 504 265 866 600 918 746 760 450 392 591 578 318 685 454 437 636 553 555 857 419 159 701 434 452 65 811 433 640 686 538 465 160 695 478 352 403 677 260 289 477 219 628 330 582 408 552 383 0 459 673 713 283 416 644 569 233 1011 456 593 303 408 902 803 447 212 843 507 958
132 287 679 304 332 631 946 401 177 131 254 157 619 432 592 598 359 491 321 394 519 642 392 691 125 733 625 159 122 293 839 820 349 220 720 160 640 435 613 602 98 266 433 453 372 124 29 235 103 222 797 562 572 245 313 664 481 772 82 728 235 216 68 299 768 26 297 778 223 325 274 720 646 170 630 207 688 220 573 459 0 451 628 579 371 278 262 369 608 543 474 337 533 903 707 219 645 729 83 566
500 363 548 186 543 191 520 475 439 362 684 603 286 28 350 593 243 433 771 613 409 419 365 361 332 298 310 321 500 605 482 403 798 447 272 545 245 138 172 447 400 196 883 415 135 574 436 290 497 665 377 427 683 534 239 530 729 368 529 443 415 662 384 566 454 431 715 766 535 702 389 590 744 442 600 636 609 235 476 673 451 0 225 576 801 229 191 447 446 368 134 373 404 505 278 262 751 290 519 386
702 587 433 408 609 91 318 700 559 513 828 766 431 226 225 539 468 399 946 667 353 280 588 161 502 125 141 525 700 701 258 192 958 551 163 747 348 353 96 345 554 406 1047 401 360 745 607 509 693 850 170 346 671 750 336 417 776 147 698 256 635 844 562 651 248 614 851 678 749 815 470 467 715 654 530 829 511 434 401 713 628 225 0 527 941 450 393 483 638 286 155 424 337 283 91 412 725 130 705 580
709 764 175 627 289 605 750 905 404 464 607 617 862 550 309 20 728 142 789 285 175 283 835 434 508 643 401 614 700 402 542 644 748 363 690 739 812 689 600 197 484 582 830 165 642 629 551 666 681 747 638 182 163 815 376 174 342 588 592 383 758 732 550 350 438 587 597 207 797 515 309 194 191 721 54 759 129 560 130 283 579 576 527 0 675 647 556 211 994 240 456 260 189 655 609 449 201 652 652 934
417 639 833 673 394 965 1254 721 381 440 119 217 990 779 835 688 728 664 196 392 712 862 744 959 472 1059 897 529 407 277 1106 1127 107 396 1060 398 1008 804 949 794 401 631 163 632 739 259 376 604 393 263 1108 755 575 509 605 824 384 1073 290 965 571 249 430 333 1015 396 90 819 482 160 482 863 632 496 727 313 804 583 738 416 371 801 941 675 0 649 624 519 962 765 789 544 732 1191 1028 542 623 1057 340 927
286 142 678 43 503 419 749 274 353 253 531 434 341 224 516 666 92 516 577 577 516 582 188 566 200 526 506 120 289 520 700 632 621 381 493 329 366 162 400 580 274 66 700 485 107 397 275 63 290 466 606 548 707 305 273 660 686 595 360 634 186 466 221 501 657 253 572 853 309 587 368 722 778 218 686 429 719 93 584 644 278 229 450 647 649 0 91 460 367 503 320 392 519 732 507 204 781 517 326 314
311 225 587 75 429 378 704 363 290 196 505 417 383 176 431 576 174 424 580 503 424 496 280 493 153 484 431 133 311 461 632 582 611 312 463 357 386 187 360 491 227 26 695 394 122 386 250 129 306 474 557 458 622 360 181 570 616 540 343 555 252 471 196 434 581 242 541 762 357 542 286 632 692 262 594 446 628 44 493 569 262 191 393 556 624 91 0 374 448 414 250 304 429 676 461 122 695 477 329 392
499 565 327 448 134 539 769 705 196 255 431 421 723 419 324 230 548 145 601 184 193 344 645 456 301 608 400 411 489 246 596 648 574 156 634 529 692 534 528 275 273 399 661 113 478 427 340 470 471 546 634 236 248 605 212 315 294 590 387 449 552 533 340 189 501 377 432 414 587 368 100 364 318 512 261 554 322 369 225 233 369 447 483 211 519 460 374 0 822 250 360 75 213 693 574 256 321 612 443 765
548 324 991 373 871 561 843 271 717 618 853 747 232 465 796 1012 276 855 840 944 842 865 218 793 563 644 751 460 557 880 889 761 908 747 577 576 327 312 548 890 633 424 970 829 352 704 615 382 570 728 735 866 1069 482 619 973 1052 750 681 882 393 735 569 865 885 582 900 1195 505 932 733 1034 1139 467 1026 679 1046 460 910 1011 608 446 638 994 962 367 448 822 0 810 581 750 840 873 645 569 1142 628 622 61
657 639 181 472 383 366 531 777 405 412 669 639 649 346 77 253 567 124 825 423 71 100 686 212 434 404 166 514 651 495 347 416 810 377 450 697 588 498 362 80 448 438 900 141 465 634 516 541 637 753 407 62 389 743 246 163 520 359 589 200 656 742 491 439 251 541 676 405 732 617 292 224 430 642 247 749 242 435 116 456 543 368 286 240 765 503 414 250 810 0 236 225 52 447 369 346 439 412 626 749
553 462 414 281 476 182 473 588 409 359 676 611 413 116 216 472 361 315 792 540 284 285 484 246 348 270 187 379 550 559 383 347 804 404 279 597 356 270 169 314 400 267 892 304 251 590 452 374 542 696 324 297 579 609 185 397 654 298 543 318 500 690 408 512 336 460 699 639 606 669 329 456 634 510 475 676 479 287 348 593 474 134 155 456 789 320 250 360 581 236 0 292 276 431 239 257 642 269 552 520
462 505 342 378 186 473 721 646 182 212 444 416 649 345 291 280 478 153 602 248 185 325 579 416 250 548 356 354 454 282 562 597 586 153 569 497 618 460 461 270 239 329 675 116 405 414 309 407 437 534 581 230 320 562 137 327 362 540 371 424 498 523 298 229 472 341 454 467 546 402 68 383 388 466 305 535 355 303 236 303 337 373 424 260 544 392 304 75 750 225 292 0 201 651 514 190 393 551 417 693
652 652 159 491 344 416 581 791 383 403 640 617 688 380 127 203 589 75 803 379 21 131 705 260 431 455 217 519 645 458 390 467 782 352 500 689 631 529 411 70 435 454 871 100 491 616 504 552 629 736 458 31 337 743 252 142 473 410 572 238 662 724 485 402 291 533 644 363 730 580 269 203 378 643 200 735 207 445 72 408 533 404 337 189 732 519 429 213 840 52 276 201 0 494 421 348 388 464 614 779
984 867 500 690 826 325 108 974 813 782 1085 1033 645 508 370 660 743 569 1217 870 515 373 859 237 778 229 295 808 981 933 117 112 1220 796 297 1028 550 622 342 460 822 689 1310 588 638 1016 880 792 974 1125 138 485 817 1034 597 493 967 137 969 273 918 1118 838 878 218 891 1101 736 1032 1053 710 513 840 937 635 1107 583 716 529 902 903 505 283 655 1191 732 676 693 873 447 431 651 494 0 234 684 852 244 982 820
772 638 501 464 700 91 243 741 647 597 915 848 423 286 302 620 511 486 1027 758 438 347 626 205 582 35 211 594 771 791 248 126 1042 640 95 817 331 388 109 421 637 471 1130 490 409 826 687 568 766 928 99 427 757 812 423 487 867 105 779 299 693 922 639 742 275 691 938 750 813 905 561 531 799 719 609 903 582 504 481 803 707 278 91 609 1028 507 461 574 645 369 239 514 421 234 0 494 809 44 782 590
315 315 505 196 308 424 730 456 179 103 426 355 499 238 383 469 294 327 535 382 339 440 389 474 95 522 408 171 310 348 622 604 548 194 518 357 490 302 408 415 144 145 637 293 239 333 196 217 298 441 582 378 502 397 101 488 495 554 286 517 316 434 155 317 553 208 455 656 386 440 164 549 573 296 492 425 534 113 403 447 219 262 412 449 542 204 122 256 569 346 257 190 348 684 494 0 576 520 299 514
775 879 356 769 313 800 949 1016 471 557 590 634 1034 723 510 193 869 329 777 261 372 483 963 634 609 843 602 722 764 390 737 845 715 430 888 795 993 851 794 397 563 720 786 338 797 658 620 786 744 764 839 383 74 889 528 360 241 789 632 579 857 747 636 356 634 660 563 208 867 470 414 357 13 807 217 788 281 689 331 212 645 751 725 201 623 781 695 321 1142 439 642 393 388 852 809 576 0 852 703 1085
788 644 545 474 737 99 234 740 678 623 943 874 402 301 346 664 513 528 1050 796 481 391 624 247 605 17 254 609 788 826 276 133 1068 673 58 834 308 388 117 464 663 485 1156 531 415 850 710 579 784 948 106 470 799 822 454 531 906 130 803 340 702 944 661 777 313 712 968 793 825 938 595 574 842 732 652 922 626 521 524 843 729 290 130 652 1057 517 477 612 628 412 269 551 464 244 44 520 852 0 802 575
85 298 759 358 391 704 1023 389 248 214 233 126 662 503 675 670 396 570 253 445 600 725 404 773 205 808 707 207 73 330 921 898 297 289 791 93 692 487 686 684 179 327 374 532 427 83 110 273 55 146 874 644 632 199 395 744 520 850 76 811 232 143 145 349 850 92 281 847 173 332 352 799 706 158 703 125 765 285 653 507 83 519 705 652 340 326 329 443 622 626 552 417 614 982 782 299 703 802 0 587
516 289 930 317 817 505 794 263 667 567 815 710 187 404 735 953 222 795 813 891 781 804 186 734 513 590 691 414 525 832 832 708 878 695 526 548 280 251 491 829 585 368 943 769 292 668 571 335 536 700 681 805 1012 462 560 912 1001 695 641 823 362 706 523 815 826 540 861 1135 482 889 677 973 1081 434 966 652 986 407 850 958 566 386 580 934 927 314 392 765 61 749 520 693 779 820 590 514 1085 575 587 0
