# TTSP Euclidean complete-graph matrix instance
# seed: 2041
# depot: 1
# L_max is not stored in this file; pass it with --budget when running algorithms.
# coordinate rows: node x y
# coord 1 42.575363 892.666062
# coord 2 581.897865 817.486630
# coord 3 457.447777 78.373313
# coord 4 558.356577 250.404614
# coord 5 323.231945 117.367361
# coord 6 258.901569 502.329584
# coord 7 838.689281 272.276890
# coord 8 794.554141 905.003567
# coord 9 927.885964 297.274015
# coord 10 204.753641 188.263125
# coord 11 241.700562 341.491696
# coord 12 514.278683 888.344393
# coord 13 786.563403 624.798691
# coord 14 902.640166 184.987883
# coord 15 668.589936 250.332097
# coord 16 44.856829 198.212681
# coord 17 514.336066 259.079665
# coord 18 840.775848 213.421597
# coord 19 216.994727 106.522158
# coord 20 767.718881 47.170078
# coord 21 347.910116 507.684591
# coord 22 642.120416 736.906990
# coord 23 683.733899 188.517660
# coord 24 329.301072 905.819941
# coord 25 868.708759 794.678928
# coord 26 532.003535 133.610245
# coord 27 93.458327 978.890986
# coord 28 581.338074 687.316108
# coord 29 430.654621 874.332445
# coord 30 614.136343 833.801600
# coord 31 784.230106 650.911695
# coord 32 68.616169 557.176268
# coord 33 343.341236 538.126086
# coord 34 842.321133 643.316563
# coord 35 196.923193 309.190378
# coord 36 174.464367 670.549084
# coord 37 975.857597 978.822364
# coord 38 546.928874 526.894929
# coord 39 937.495272 393.308947
# coord 40 161.676166 831.509648
# coord 41 34.856982 548.429632
# coord 42 861.634685 398.640671
# coord 43 133.628810 522.225940
# coord 44 464.168664 969.307689
# coord 45 466.858420 220.090236
# coord 46 995.463643 304.981553
# coord 47 655.947434 291.690305
# coord 48 107.618754 372.665812
# coord 49 566.412920 549.330292
# coord 50 273.820945 681.859131
# coord 51 587.714436 529.461966
# coord 52 472.269427 242.541039
# coord 53 311.336078 386.618795
# coord 54 60.585011 148.629347
# coord 55 784.989947 709.375622
# coord 56 979.738297 768.136602
# coord 57 416.585176 338.730136
# coord 58 808.237053 40.763625
# coord 59 388.655345 150.468283
# coord 60 177.180725 762.909528
# coord 61 960.387097 791.132638
# coord 62 155.302665 753.508117
# coord 63 942.308792 859.657745
# coord 64 313.062014 834.557483
# coord 65 810.026375 691.707648
# coord 66 528.318231 420.920290
# coord 67 916.669600 458.510894
# coord 68 660.665597 34.944411
# coord 69 214.404127 145.020574
# coord 70 431.957403 78.415113
# coord 71 905.057597 553.299717
# coord 72 603.718426 1.012316
# coord 73 910.629013 255.548792
# coord 74 557.195707 305.987965
# coord 75 500.672366 454.470670
# coord 76 298.031752 871.212539
# coord 77 839.082871 567.636340
# coord 78 542.395106 699.129880
# coord 79 15.841686 239.375586
# coord 80 276.860498 103.768578
# coord 81 949.866992 988.564338
# coord 82 682.871807 777.111712
# coord 83 626.692668 650.040901
# coord 84 205.389057 594.724624
# coord 85 374.708868 297.979703
# coord 86 211.660245 448.262061
# coord 87 213.407225 195.026072
# coord 88 759.849780 628.228973
# coord 89 663.665742 741.981656
# coord 90 817.595309 463.970065
# coord 91 599.169536 261.598879
# coord 92 984.767116 440.344737
# coord 93 101.783692 204.794988
# coord 94 322.687653 597.336479
# coord 95 566.265126 513.448268
# coord 96 97.400915 935.479220
# coord 97 60.291763 235.887154
# coord 98 530.343653 677.633737
# coord 99 484.407597 322.866860
# coord 100 728.081728 401.035112
# reference_nearest_neighbor_tour_cost: 9842
TTSP_MATRIX
100
0 80 54 94 65 24 77 10 69 18 23 22 42 89 3 63 45 90 90 42 49 51 80 33 92 21 26 32 21 1 68 45 34 67 95 57 17 8 8 86 52 44 16 53 26 23 51 3 64 6 87 9 16 82 29 96 41 22 54 25 25 85 86 98 40 53 87 91 90 14 56 5 88 18 71 4 16 64 69 14 73 70 39 43 31 76 65 69 57 27 57 2 28 42 19 88 6 6 27 31
0 545 914 824 825 446 1009 752 1067 723 586 472 791 1114 897 694 790 1048 805 1114 491 619 952 287 832 903 100 577 389 575 780 336 465 838 604 258 937 623 1025 134 344 957 381 429 795 1120 859 524 626 313 655 779 573 744 765 945 668 1145 819 187 923 179 900 277 793 677 976 1057 767 903 927 1054 1077 780 634 256 860 536 654 823 912 651 633 340 681 475 718 764 639 886 841 1045 690 407 647 70 657 533 721 844
545 0 750 568 746 451 603 230 625 734 585 98 281 709 574 820 562 657 799 792 388 101 637 268 288 686 514 130 162 36 262 576 367 313 638 433 426 293 554 420 610 504 537 192 608 659 531 650 269 337 288 585 509 848 230 401 506 809 694 408 379 431 363 269 261 400 491 786 766 754 417 817 651 512 372 289 359 125 809 776 406 109 173 437 559 523 723 260 111 425 556 552 778 340 304 499 781 149 504 441
914 750 0 199 140 468 428 893 519 276 340 812 638 458 272 430 189 406 242 312 443 684 252 837 826 93 971 621 796 772 659 617 474 684 348 656 1039 457 574 809 632 516 549 891 142 584 291 457 483 631 470 165 341 403 711 865 264 353 100 740 872 740 920 770 707 350 596 208 252 25 653 165 487 249 379 809 621 627 470 182 1035 734 596 575 235 444 270 628 695 528 232 640 377 536 448 930 427 604 246 421
824 568 199 0 270 391 281 696 372 359 329 639 438 350 110 516 45 285 370 292 332 494 140 694 627 120 864 438 637 586 460 578 359 485 366 569 840 277 405 704 602 338 504 725 96 441 106 467 299 517 281 86 282 508 512 668 167 326 197 639 674 645 720 634 508 173 414 239 360 213 460 253 352 56 212 673 424 449 543 317 836 541 405 493 190 399 349 428 503 336 42 467 459 419 263 826 498 428 104 227
825 746 140 270 0 390 538 918 631 138 238 794 687 583 370 290 238 526 107 450 391 697 367 788 870 209 892 626 765 773 705 508 421 739 230 573 1081 467 673 732 519 607 447 864 177 698 376 334 496 567 490 195 270 265 751 924 240 491 73 662 927 658 967 717 753 366 685 347 112 115 727 304 603 301 381 754 685 622 331 48 1073 751 613 492 188 349 135 672 711 604 311 736 238 480 465 849 288 597 261 494
446 451 468 391 390 0 624 670 700 319 162 463 542 718 481 372 353 650 398 683 89 449 528 410 676 459 504 372 410 486 546 198 92 600 203 188 861 289 687 343 229 612 127 510 351 763 449 199 311 180 330 336 127 406 565 768 227 718 375 273 759 272 771 337 583 281 659 616 360 458 648 608 697 357 246 371 584 345 358 399 845 505 396 107 235 72 311 517 470 560 417 729 336 114 308 462 332 323 288 480
1009 603 428 281 538 624 0 634 93 639 601 696 356 108 172 797 325 59 643 236 544 505 176 813 523 337 1027 488 727 605 383 821 562 371 643 774 720 387 156 878 850 128 748 791 375 160 184 738 388 698 359 368 540 788 440 516 427 234 466 824 533 836 596 770 420 344 202 297 637 451 289 359 74 284 384 807 295 520 824 587 725 528 433 711 465 651 630 365 501 193 240 223 740 610 364 995 779 509 358 170
752 230 893 696 918 670 634 0 622 928 789 281 280 728 667 1030 704 693 985 858 598 227 725 465 133 815 705 305 365 194 254 805 582 266 844 663 196 452 531 637 839 511 764 337 759 633 629 869 423 567 429 737 709 1054 196 230 681 864 857 634 201 657 155 487 214 552 463 880 956 903 369 924 660 644 538 498 340 326 1024 954 176 170 305 666 738 741 917 279 209 442 672 502 985 563 453 698 993 349 660 508
1067 625 519 372 631 700 93 622 0 731 688 721 357 115 264 889 415 121 736 297 617 524 267 854 501 428 1077 522 762 622 382 898 632 356 731 841 683 445 97 934 928 121 825 816 467 68 272 824 441 759 412 459 623 880 436 474 513 283 559 883 495 897 563 817 412 418 162 374 730 542 257 439 45 371 455 852 285 557 914 679 692 539 464 781 553 732 722 371 517 200 331 154 831 676 421 1047 870 550 444 225
723 734 276 359 138 319 639 928 731 0 158 765 727 698 468 160 318 637 83 580 350 702 479 728 899 332 798 625 722 764 742 393 376 783 121 483 1104 481 761 645 398 690 341 823 264 799 463 208 511 498 513 273 225 150 780 968 260 621 188 575 967 567 997 655 787 399 761 481 44 252 790 441 709 372 398 689 739 612 196 111 1093 759 626 406 202 260 11 708 719 672 401 820 104 426 486 755 152 588 310 565
586 585 340 329 238 162 601 789 688 158 0 611 614 679 437 243 285 613 236 603 197 563 468 571 774 357 654 485 565 617 625 277 221 672 55 336 972 357 698 497 293 623 211 666 256 755 417 138 386 342 394 251 83 265 656 852 175 641 241 426 848 421 871 498 668 297 685 519 198 325 696 497 674 317 283 533 639 467 248 240 959 620 493 256 140 111 149 592 582 589 366 750 196 268 367 611 210 443 243 490
472 98 812 639 794 463 696 281 721 765 611 0 379 803 656 835 629 750 836 879 415 198 720 186 367 755 430 212 85 114 360 555 390 409 660 404 470 363 651 357 588 600 528 95 670 756 613 657 343 317 366 647 541 868 325 481 558 897 748 360 457 383 429 208 355 468 589 866 802 814 515 892 747 584 434 217 456 191 818 820 447 202 263 426 607 534 756 358 209 522 632 650 798 348 378 420 795 211 566 532
791 281 638 438 687 542 356 280 357 727 614 379 0 455 393 856 456 415 770 578 454 183 448 537 189 553 778 215 435 271 26 721 452 59 669 614 401 259 276 658 756 238 661 472 516 382 358 724 233 516 221 495 532 868 85 241 468 584 619 625 241 644 282 518 71 329 211 603 747 651 138 650 390 393 333 547 78 255 862 729 399 184 162 582 526 601 716 27 170 164 409 271 803 465 247 756 824 262 427 231
1114 709 458 350 583 718 108 728 115 698 679 803 455 0 243 858 395 68 690 193 642 610 219 921 611 374 1134 596 835 710 481 913 661 462 717 875 797 493 211 983 941 218 840 899 437 152 269 817 496 801 467 434 625 843 537 588 510 172 515 928 609 939 676 877 515 442 274 285 689 483 368 351 71 366 484 915 388 628 888 631 805 632 541 809 540 739 689 466 606 292 313 268 801 712 470 1101 844 617 440 278
897 574 272 110 370 481 172 667 264 468 437 656 393 243 0 626 155 176 474 226 411 487 64 738 580 180 928 446 668 586 417 674 434 430 475 649 791 302 305 771 700 243 600 747 204 331 43 574 316 585 291 196 382 616 474 604 267 252 297 710 615 719 668 684 463 221 324 216 466 292 384 258 242 125 264 723 360 466 653 418 790 527 402 577 298 498 459 389 492 260 70 369 569 490 282 892 608 449 198 162
694 820 430 516 290 372 797 1030 889 160 243 835 856 858 626 0 473 796 195 738 433 804 639 763 1017 491 782 726 778 853 867 360 452 913 188 490 1215 600 914 644 350 841 336 878 423 957 618 185 629 535 636 430 326 52 899 1095 397 779 347 580 1091 566 1115 691 911 532 910 637 178 405 931 593 868 524 523 719 876 706 50 250 1202 862 737 428 345 301 169 834 824 817 558 971 57 486 609 739 41 682 457 713
790 562 189 45 238 353 325 704 415 318 285 629 456 395 155 473 0 330 334 330 299 495 184 673 642 127 834 433 621 583 476 536 327 505 321 534 855 270 444 672 560 374 463 712 61 483 145 422 295 486 280 45 240 467 525 690 126 366 166 606 694 611 737 610 524 162 449 268 321 199 489 273 396 64 196 649 448 441 499 284 850 545 407 456 145 357 308 443 505 366 85 504 416 389 260 795 455 419 70 257
1048 657 406 285 526 650 59 693 121 637 613 750 415 68 176 796 330 0 633 182 574 560 159 861 582 319 1070 540 778 660 441 845 594 430 651 808 777 430 204 918 873 186 772 845 374 180 201 750 434 735 405 370 557 783 499 572 442 176 456 862 590 873 654 815 479 375 257 254 630 431 346 318 82 298 417 853 354 570 825 574 783 585 486 741 474 672 628 423 557 252 246 269 739 645 407 1036 781 558 373 219
805 799 242 370 107 398 643 985 736 83 236 836 770 690 474 195 334 633 0 554 422 760 474 807 948 316 881 686 797 829 786 474 450 824 204 566 1156 534 775 727 478 708 424 897 274 803 476 288 564 578 562 289 296 162 828 1010 306 595 177 658 1011 650 1046 734 833 442 783 449 39 217 820 401 709 394 449 769 774 676 241 60 1147 817 681 488 248 342 89 753 777 699 412 837 151 502 536 838 203 651 344 590
1114 792 312 292 450 683 236 858 297 580 603 879 578 193 226 738 330 182 554 0 623 701 164 964 754 251 1150 667 893 801 604 865 649 601 628 861 955 528 386 991 888 364 792 971 347 344 269 736 541 804 515 354 569 714 662 751 456 41 393 928 769 935 831 909 646 444 437 108 562 337 524 170 253 334 487 948 525 690 776 494 959 735 619 785 466 686 574 581 703 420 273 449 684 708 508 1113 732 674 395 356
491 388 443 332 391 89 544 598 617 350 197 415 454 642 411 433 299 574 422 623 0 373 463 399 595 417 536 295 376 421 459 284 31 513 249 238 785 200 601 374 316 525 215 476 311 679 376 276 222 189 241 293 126 460 481 683 182 656 360 307 675 312 691 329 497 200 571 567 386 437 559 568 617 291 162 367 495 273 427 410 770 430 313 167 211 149 340 429 393 472 352 640 390 93 218 496 396 249 230 395
619 101 684 494 697 449 505 227 524 702 563 198 183 610 487 804 495 560 760 701 373 0 550 356 234 613 600 78 252 101 166 601 359 221 617 472 412 231 453 490 636 403 552 293 546 558 445 647 202 372 214 523 482 827 145 339 458 716 639 466 323 487 324 343 174 336 391 702 730 691 321 737 551 439 316 369 260 107 800 731 398 57 88 459 514 518 691 160 22 324 477 453 758 349 236 580 768 127 443 347
952 637 252 140 367 528 176 725 267 479 468 720 448 219 64 639 184 159 474 164 463 550 0 800 634 161 986 509 731 649 473 717 488 482 502 701 843 365 326 828 742 275 643 811 219 333 107 605 379 641 354 218 422 624 531 651 306 193 298 766 663 774 719 745 519 280 357 155 471 275 427 204 237 173 323 784 410 530 670 416 843 589 465 628 328 539 470 446 554 306 112 392 582 545 346 950 625 513 240 217
287 268 837 694 788 410 813 465 854 728 571 186 537 921 738 763 673 861 807 964 399 356 800 0 551 798 247 334 106 294 521 435 368 576 611 282 651 437 795 183 463 735 431 149 699 897 696 577 428 231 457 679 520 803 496 665 574 989 758 209 641 231 615 73 526 524 738 932 769 834 675 946 872 642 483 47 612 297 736 804 626 376 392 335 610 472 720 512 372 659 698 804 737 309 458 234 722 304 603 643
832 288 826 627 870 676 523 133 501 899 774 367 189 611 580 1017 642 582 948 754 595 234 634 551 0 742 797 307 445 258 167 835 585 154 829 705 213 419 407 708 869 396 784 441 701 506 546 870 389 605 386 680 691 1035 120 114 642 756 803 692 92 715 98 557 119 506 340 788 922 839 244 837 541 580 501 576 229 340 1018 910 210 187 282 693 701 743 888 199 212 335 597 373 968 581 413 784 983 358 609 418
903 686 93 120 209 459 337 815 428 332 357 755 553 374 180 491 127 319 316 251 417 613 161 798 742 0 952 556 748 705 576 628 446 597 378 645 955 394 482 790 647 423 557 838 108 494 201 487 417 606 400 124 336 472 629 777 235 291 144 722 785 725 834 734 624 287 504 162 318 114 562 151 398 174 322 774 532 566 527 257 952 661 525 565 228 449 324 545 622 437 145 547 436 509 381 912 483 544 195 332
100 514 971 864 892 504 1027 705 1077 798 654 430 778 1134 928 782 834 1070 881 1150 536 600 986 247 797 952 0 568 353 541 765 422 507 821 678 319 882 640 1027 162 434 963 458 371 846 1126 888 606 639 348 668 828 631 831 742 911 717 1179 879 232 887 234 857 263 772 707 974 1101 843 962 916 1103 1091 817 664 231 852 529 744 894 856 623 626 400 737 544 793 753 617 889 878 1041 774 445 663 44 744 531 764 858
577 130 621 438 626 372 488 305 522 625 485 212 215 596 446 726 433 540 686 667 295 78 509 334 307 556 568 0 240 150 206 529 281 265 539 407 491 164 462 444 564 402 477 305 481 564 403 569 139 308 158 458 404 749 205 407 386 685 570 411 393 431 400 306 229 272 406 657 655 627 350 687 543 382 246 338 284 41 721 658 476 136 59 387 441 440 615 188 99 325 426 473 680 274 175 544 689 52 377 322
389 162 796 637 765 410 727 365 762 722 565 85 435 835 668 778 621 778 797 893 376 252 731 106 445 748 353 240 0 188 418 481 347 472 612 327 555 366 699 272 513 642 461 101 655 802 625 597 352 248 379 633 502 815 391 559 536 915 725 277 536 301 512 124 421 464 640 870 761 796 573 890 783 582 426 133 511 208 758 786 532 270 298 359 579 479 713 411 268 564 635 704 746 297 386 339 738 221 554 559
575 36 772 586 773 486 605 194 622 764 617 114 271 710 586 853 583 660 829 801 421 101 649 294 258 705 541 150 188 0 250 612 401 297 670 469 390 314 546 452 646 501 573 202 631 652 544 685 288 373 305 608 540 881 211 371 533 816 720 443 349 466 329 301 242 422 482 800 796 777 404 833 650 531 396 318 348 153 843 804 370 89 184 474 587 557 754 252 104 422 572 541 811 375 324 527 815 177 527 448
780 262 659 460 705 546 383 254 382 742 625 360 26 481 417 867 476 441 786 604 459 166 473 521 167 576 765 206 418 250 0 722 455 59 679 610 380 268 300 648 756 264 663 451 535 405 381 732 240 511 231 514 542 881 58 228 482 611 638 617 225 637 262 506 48 344 234 628 762 672 155 675 415 413 345 534 100 247 872 746 376 162 158 582 541 607 731 33 151 190 431 291 815 465 258 743 834 255 444 256
336 576 617 578 508 198 821 805 898 393 277 555 721 913 674 360 536 845 474 865 284 601 717 435 835 628 422 529 481 612 722 0 275 778 279 155 1000 479 884 290 35 809 74 571 522 961 645 189 498 240 520 512 297 409 732 935 411 902 518 233 922 215 925 370 754 479 854 789 437 601 836 772 894 549 444 389 771 495 322 499 981 652 566 142 401 180 390 695 623 755 607 924 354 257 500 379 321 477 477 678
465 367 474 359 421 92 562 582 632 376 221 390 452 661 434 452 327 594 450 649 31 359 488 368 585 446 507 281 347 401 455 275 0 510 272 215 771 204 612 345 309 537 210 448 341 693 398 288 223 160 245 322 155 481 474 677 212 681 390 280 667 286 680 298 491 219 579 595 414 468 562 597 634 316 178 336 497 256 443 439 755 415 305 149 242 159 367 426 380 480 377 649 412 63 224 467 414 233 257 408
838 313 684 485 739 600 371 266 356 783 672 409 59 462 430 913 505 430 824 601 513 221 482 576 154 597 821 265 472 297 59 778 510 0 727 668 361 318 268 706 813 245 719 499 566 371 398 783 291 570 279 545 590 925 87 186 523 604 670 676 189 696 238 563 58 385 199 635 802 698 110 685 394 442 390 590 76 305 920 782 362 208 216 639 581 660 772 84 204 181 453 248 861 522 305 800 882 314 480 268
604 638 348 366 230 203 643 844 731 121 55 660 669 717 475 188 321 651 204 628 249 617 502 611 829 378 678 539 612 670 679 279 272 727 0 362 1027 412 745 524 289 671 222 712 284 799 459 110 441 381 449 283 138 211 711 907 222 668 249 454 903 446 927 538 723 350 735 539 165 329 749 510 716 360 337 571 692 521 194 220 1014 675 549 286 178 140 115 647 637 640 405 799 141 314 422 634 155 497 288 539
258 433 656 569 573 188 774 663 841 483 336 404 614 875 649 490 534 808 566 861 238 472 701 282 705 645 319 407 327 469 610 155 215 668 362 0 859 399 812 161 185 739 154 416 537 899 613 305 410 100 437 521 315 534 612 811 411 893 562 92 795 85 791 215 636 433 772 800 527 646 740 795 845 529 391 236 673 369 459 576 838 519 453 82 423 225 477 587 494 675 590 842 471 165 422 276 449 356 466 616
937 426 1039 840 1081 861 720 196 683 1104 972 470 401 797 791 1215 855 777 1156 955 785 412 843 651 213 955 882 491 555 390 380 1000 771 361 1027 859 0 623 587 827 1035 591 958 512 914 674 758 1059 593 762 594 892 890 1236 330 211 850 953 1015 827 188 851 124 678 332 715 524 995 1129 1052 431 1046 726 792 708 686 433 516 1212 1120 28 356 480 861 908 930 1093 412 392 539 810 539 1168 756 620 880 1179 538 820 629
623 293 457 277 467 289 387 452 445 481 357 363 259 493 302 600 270 430 534 528 200 231 365 437 419 394 640 164 366 314 268 479 204 318 412 399 623 0 413 491 513 340 413 450 317 500 259 466 30 314 41 294 274 616 300 496 229 552 408 439 491 452 517 386 310 108 376 505 506 463 359 529 454 221 86 425 295 172 604 502 613 285 147 348 286 344 471 236 245 278 270 446 549 235 24 607 567 152 213 221
1025 554 574 405 673 687 156 531 97 761 698 651 276 211 305 914 444 204 775 386 601 453 326 795 407 482 1027 462 699 546 300 884 612 268 745 812 587 413 0 891 916 76 814 746 502 106 299 830 403 724 375 489 626 910 351 377 524 375 600 845 398 861 466 765 324 410 68 453 765 596 163 515 140 390 441 798 200 500 934 721 595 461 403 759 571 728 751 295 443 139 363 67 857 648 390 1000 891 497 459 210
134 420 809 704 732 343 878 637 934 645 497 357 658 983 771 644 672 918 727 991 374 490 828 183 708 790 162 444 272 452 648 290 345 706 524 161 827 491 891 0 310 823 311 332 683 986 732 462 493 187 522 666 469 690 635 821 555 1021 718 70 800 78 781 151 663 550 842 940 689 800 794 941 945 658 507 142 727 403 610 737 804 524 499 241 574 386 639 632 510 752 718 911 630 284 515 122 604 399 602 711
344 610 632 602 519 229 850 839 928 398 293 588 756 941 700 350 560 873 478 888 316 636 742 463 869 647 434 564 513 646 756 35 309 813 289 185 1035 513 916 310 0 840 102 601 543 991 672 190 532 274 553 534 320 401 767 970 436 925 532 257 957 238 959 399 788 510 886 810 442 615 870 789 923 576 475 416 804 529 310 506 1015 687 600 177 422 203 396 729 658 787 633 956 350 292 533 392 314 512 503 709
957 504 516 338 607 612 128 511 121 690 623 600 238 218 243 841 374 186 708 364 525 403 275 735 396 423 963 402 642 501 264 809 537 245 671 739 591 340 76 823 840 0 738 695 433 163 232 754 331 652 304 419 550 839 320 388 449 362 534 775 405 790 468 701 298 334 81 416 695 536 161 474 151 318 365 736 170 438 861 655 596 419 344 685 497 652 679 251 396 79 296 130 784 574 317 934 818 433 385 134
381 537 549 504 447 127 748 764 825 341 211 528 661 840 600 336 463 772 424 792 215 552 643 431 784 557 458 477 461 573 663 74 210 719 222 154 958 413 814 311 102 738 0 556 450 889 571 152 434 212 454 439 224 381 678 881 337 829 451 245 869 232 876 360 697 407 786 718 386 535 772 702 821 476 373 386 707 445 306 442 940 606 509 102 329 108 337 635 574 686 534 855 319 203 433 415 296 426 403 607
429 192 891 725 864 510 791 337 816 823 666 95 472 899 747 878 712 845 897 971 476 293 811 149 441 838 371 305 101 202 451 571 448 499 712 416 512 450 746 332 601 695 556 0 749 851 704 695 432 345 457 727 602 915 413 553 632 990 822 354 527 377 491 202 443 552 682 955 861 891 606 978 842 670 516 193 549 281 857 886 486 291 358 455 677 579 814 451 302 617 720 742 846 398 467 368 837 299 647 627
795 608 142 96 177 351 375 759 467 264 256 670 516 437 204 423 61 374 274 347 311 546 219 699 701 108 846 481 655 631 535 522 341 566 284 537 914 317 502 683 543 433 450 749 0 535 202 390 344 500 332 23 228 413 584 751 129 386 105 615 755 618 797 633 583 210 509 268 263 146 550 258 445 125 237 673 509 485 451 223 908 597 459 457 121 342 255 502 558 427 139 563 365 404 310 805 407 462 104 318
1120 659 584 441 698 763 160 633 68 799 755 756 382 152 331 957 483 180 803 344 679 558 333 897 506 494 1126 564 802 652 405 961 693 371 799 899 674 500 106 986 991 163 889 851 535 0 340 890 494 814 465 527 689 948 456 463 580 324 626 938 487 952 557 864 429 481 173 430 797 607 264 496 98 438 517 898 306 601 982 746 685 566 505 842 621 797 790 400 549 239 399 136 899 734 477 1097 938 596 511 284
859 531 291 106 376 449 184 629 272 463 417 613 358 269 43 618 145 201 476 269 376 445 107 696 546 201 888 403 625 544 381 645 398 398 459 613 758 259 299 732 672 232 571 704 202 340 0 554 273 546 247 190 357 612 437 576 244 294 302 672 585 681 636 642 429 182 310 257 465 309 361 295 257 100 225 681 331 423 642 423 756 486 360 543 281 471 453 352 450 236 64 361 561 452 239 852 598 406 174 131
524 650 457 467 334 199 738 869 824 208 138 657 724 817 574 185 422 750 288 736 276 647 605 577 870 487 606 569 597 685 732 189 288 783 110 305 1059 466 830 462 190 754 152 695 390 890 554 0 492 351 505 387 204 229 756 958 311 775 358 396 950 384 966 506 771 423 814 648 251 438 818 620 812 454 401 534 757 544 162 318 1043 703 589 243 277 129 207 701 668 716 504 880 168 311 480 563 145 521 380 621
626 269 483 299 496 311 388 423 441 511 386 343 233 496 316 629 295 434 564 541 222 202 379 428 389 417 639 139 352 288 240 498 223 291 441 410 593 30 403 493 532 331 434 432 344 494 273 492 0 321 29 321 303 645 271 468 258 563 437 444 462 459 487 381 282 134 362 523 536 490 339 550 453 244 115 419 273 152 632 531 583 256 117 364 316 369 500 209 216 265 290 432 578 248 36 608 595 133 241 219
313 337 631 517 567 180 698 567 759 498 342 317 516 801 585 535 486 735 578 804 189 372 641 231 605 606 348 308 248 373 511 240 160 570 381 100 762 314 724 187 274 652 212 345 500 814 546 351 321 0 349 482 298 574 512 711 372 835 544 126 695 138 692 158 536 364 681 754 540 624 644 757 766 471 321 191 577 269 512 578 742 420 354 111 397 242 491 489 394 586 531 751 507 98 337 309 494 257 416 534
655 288 470 281 490 330 359 429 412 513 394 366 221 467 291 636 280 405 562 515 241 214 354 457 386 400 668 158 379 305 231 520 245 279 449 437 594 41 375 522 553 304 454 457 332 465 247 505 29 349 0 309 311 650 267 459 256 536 428 472 455 487 485 411 275 124 337 500 536 477 318 529 423 226 115 448 254 176 641 527 585 265 127 388 315 385 502 198 226 239 268 407 584 274 27 637 604 159 231 190
779 585 165 86 195 336 368 737 459 273 251 647 495 434 196 430 45 370 289 354 293 523 218 679 680 124 828 458 633 608 514 512 322 545 283 521 892 294 489 666 534 419 439 727 23 527 190 387 321 482 309 0 216 422 562 731 111 392 124 598 734 601 776 613 562 187 494 280 276 169 533 275 439 106 214 652 490 462 456 240 886 575 436 442 112 332 263 481 535 410 128 549 372 385 287 788 412 439 81 301
573 509 341 282 270 127 540 709 623 225 83 541 532 625 382 326 240 557 296 569 126 482 422 520 691 336 631 404 502 540 542 297 155 590 138 315 890 274 626 469 320 550 224 602 228 689 357 204 303 298 311 216 0 346 573 770 116 605 248 399 765 399 789 448 585 220 610 496 260 331 617 484 613 259 201 485 558 389 330 285 878 539 411 234 109 117 215 509 500 512 314 676 277 211 285 589 293 364 184 417
744 848 403 508 265 406 788 1054 880 150 265 868 868 843 616 52 467 783 162 714 460 827 624 803 1035 472 831 749 815 881 881 409 481 925 211 534 1236 616 910 690 401 839 381 915 413 948 612 229 645 574 650 422 346 0 916 1108 404 755 328 625 1106 612 1133 731 926 541 910 611 154 378 936 563 857 521 536 761 884 732 101 221 1223 884 756 469 348 336 160 848 846 820 550 969 70 520 624 788 87 707 458 714
765 230 711 512 751 565 440 196 436 780 656 325 85 537 474 899 525 499 828 662 481 145 531 496 120 629 742 205 391 211 58 732 474 87 711 612 330 300 351 635 767 320 678 413 584 456 437 756 271 512 267 562 573 916 0 203 523 669 685 610 194 631 218 488 31 386 283 686 803 723 197 731 471 463 382 513 152 243 901 791 324 123 169 591 581 630 769 85 126 248 485 335 849 476 294 724 866 257 490 314
945 401 865 668 924 768 516 230 474 968 852 481 241 588 604 1095 690 572 1010 751 683 339 651 665 114 777 911 407 559 371 228 935 677 186 907 811 211 496 377 821 970 388 881 553 751 463 576 958 468 711 459 731 770 1108 203 0 708 747 855 803 30 825 99 670 186 570 316 800 987 881 227 854 517 626 573 689 245 443 1099 967 222 297 372 794 766 832 957 261 317 345 634 328 1043 679 486 898 1062 458 666 445
668 506 264 167 240 227 427 681 513 260 175 558 468 510 267 397 126 442 306 456 182 458 306 574 642 235 717 386 536 533 482 411 212 523 222 411 850 229 524 555 436 449 337 632 129 580 244 311 258 372 256 111 116 404 523 708 0 492 190 487 707 490 740 507 529 139 514 390 280 261 534 386 501 144 143 546 481 382 413 273 841 513 376 332 58 232 249 449 473 420 198 577 342 275 230 677 371 357 70 318
1145 809 353 326 491 718 234 864 283 621 641 897 584 172 252 779 366 176 595 41 656 716 193 989 756 291 1179 685 915 816 611 902 681 604 668 893 953 552 375 1021 925 362 829 990 386 324 294 775 563 835 536 392 605 755 669 747 492 0 434 959 766 967 830 936 651 472 432 148 603 378 522 208 238 365 516 975 528 710 817 535 958 747 636 819 504 722 615 589 716 423 304 437 725 739 531 1143 773 695 429 369
819 694 100 197 73 375 466 857 559 188 241 748 619 515 297 347 166 456 177 393 360 639 298 758 803 144 879 570 725 720 638 518 390 670 249 562 1015 408 600 718 532 534 451 822 105 626 302 358 437 544 428 124 248 328 685 855 190 434 0 648 859 647 900 688 686 304 611 296 174 84 655 262 532 229 324 726 614 570 383 121 1009 692 553 481 148 346 181 605 652 531 238 663 292 452 404 837 339 546 197 422
187 408 740 639 662 273 824 634 883 575 426 360 625 928 710 580 606 862 658 928 307 466 766 209 692 722 232 411 277 443 617 233 280 676 454 92 827 439 845 70 257 775 245 354 615 938 672 396 444 126 472 598 399 625 610 803 487 959 648 0 784 24 771 154 637 490 800 874 619 730 757 873 892 594 447 162 690 371 548 667 805 506 463 171 505 317 569 598 487 707 655 870 563 220 462 190 540 363 537 659
923 379 872 674 927 759 533 201 495 967 848 457 241 609 615 1091 694 590 1011 769 675 323 663 641 92 785 887 393 536 349 225 922 667 189 903 795 188 491 398 800 957 405 869 527 755 487 585 950 462 695 455 734 765 1106 194 30 707 766 859 784 0 806 71 649 180 569 335 813 987 887 244 867 538 631 570 667 254 428 1094 969 198 278 362 780 766 823 956 258 301 357 641 352 1040 666 482 875 1058 445 668 454
179 431 740 645 658 272 836 657 897 567 421 383 644 939 719 566 611 873 650 935 312 487 774 231 715 725 234 431 301 466 637 215 286 696 446 85 851 452 861 78 238 790 232 377 618 952 681 384 459 138 487 601 399 612 631 825 490 967 647 24 806 0 794 177 658 500 817 878 611 730 776 876 905 601 457 185 709 391 533 661 829 528 483 166 506 310 561 617 508 723 663 887 551 229 476 191 526 383 542 673
900 363 920 720 967 771 596 155 563 997 871 429 282 676 668 1115 737 654 1046 831 691 324 719 615 98 834 857 400 512 329 262 925 680 238 927 791 124 517 466 781 959 468 876 491 797 557 636 966 487 692 485 776 789 1133 218 99 740 830 900 771 71 794 0 630 214 603 402 871 1020 933 309 923 605 674 599 644 310 431 1115 1007 129 272 379 783 799 839 986 295 302 415 690 421 1066 673 511 848 1080 450 706 506
277 269 770 634 717 337 770 487 817 655 498 208 518 877 684 691 610 815 734 909 329 343 745 73 557 734 263 306 124 301 506 370 298 563 538 215 678 386 765 151 399 701 360 202 633 864 642 506 381 158 411 613 448 731 488 670 507 936 688 154 649 177 630 0 517 466 711 872 697 765 655 883 832 582 424 40 590 266 665 732 655 374 364 263 540 399 647 492 363 626 640 779 664 237 409 238 650 268 540 600
793 261 707 508 753 583 420 214 412 787 668 355 71 515 463 911 524 479 833 646 497 174 519 526 119 624 772 229 421 242 48 754 491 58 723 636 332 310 324 663 788 298 697 443 583 429 429 771 282 536 275 562 585 926 31 186 529 651 686 637 180 658 214 517 0 391 256 674 808 720 168 721 448 461 390 543 127 268 914 794 328 153 188 612 587 646 776 81 155 228 479 306 859 496 302 753 877 280 492 302
677 400 350 173 366 281 344 552 418 399 297 468 329 442 221 532 162 375 442 444 200 336 280 524 506 287 707 272 464 422 344 479 219 385 350 433 715 108 410 550 510 334 407 552 210 481 182 423 134 364 124 187 220 541 386 570 139 472 304 490 569 500 603 466 391 0 390 408 418 356 399 427 417 119 43 506 344 279 544 405 707 388 249 367 197 318 388 311 348 292 174 457 478 271 100 671 503 257 107 201
976 491 596 414 685 659 202 463 162 761 685 589 211 274 324 910 449 257 783 437 571 391 357 738 340 504 974 406 640 482 234 854 579 199 735 772 524 376 68 842 886 81 786 682 509 173 310 814 362 681 337 494 610 910 283 316 514 432 611 800 335 817 402 711 256 390 0 495 769 616 95 554 203 390 416 744 134 445 927 732 531 395 348 724 565 705 751 231 380 99 374 70 853 610 355 948 885 444 453 197
1057 786 208 239 347 616 297 880 374 481 519 866 603 285 216 637 268 254 449 108 567 702 155 932 788 162 1101 657 870 800 628 789 595 635 539 800 995 505 453 940 810 416 718 955 268 430 257 648 523 754 500 280 496 611 686 800 390 148 296 874 813 878 871 872 674 408 495 0 460 233 573 66 333 290 449 912 562 675 676 390 997 742 616 722 389 610 475 602 707 457 235 519 584 656 488 1062 633 656 338 372
767 766 252 360 112 360 637 956 730 44 198 802 747 689 466 178 321 630 39 562 386 730 471 769 922 318 843 655 761 796 762 437 414 802 165 527 1129 506 765 689 442 695 386 861 263 797 465 251 536 540 536 276 260 154 803 987 280 603 174 619 987 611 1020 697 808 418 769 460 0 228 802 415 705 379 422 731 754 644 220 75 1119 787 652 450 222 303 50 729 747 682 402 825 128 465 509 799 179 619 323 574
903 754 25 213 115 458 451 903 542 252 325 814 651 483 292 405 199 431 217 337 437 691 275 834 839 114 962 627 796 777 672 601 468 698 329 646 1052 463 596 800 615 536 535 891 146 607 309 438 490 624 477 169 331 378 723 881 261 378 84 730 887 730 933 765 720 356 616 233 228 0 670 188 510 260 382 804 636 630 446 157 1047 742 604 564 227 430 248 640 703 545 248 661 354 530 455 920 404 607 250 438
927 417 653 460 727 648 289 369 257 790 696 515 138 368 384 931 489 346 820 524 559 321 427 675 244 562 916 350 573 404 155 836 562 110 749 740 431 359 163 794 870 161 772 606 550 264 361 818 339 644 318 533 617 936 197 227 534 522 655 757 244 776 309 655 168 399 95 573 802 670 0 629 298 427 416 685 68 391 943 772 438 315 295 701 589 701 779 163 306 125 423 138 876 584 341 894 902 395 480 233
1054 817 165 253 304 608 359 924 439 441 497 892 650 351 258 593 273 318 401 170 568 737 204 946 837 151 1103 687 890 833 675 772 597 685 510 795 1046 529 515 941 789 474 702 978 258 496 295 620 550 757 529 275 484 563 731 854 386 208 262 873 867 876 923 883 721 427 554 66 415 188 629 0 399 309 465 922 614 701 634 343 1046 780 649 715 375 595 436 646 743 510 261 582 542 659 514 1063 592 681 343 419
1077 651 487 352 603 697 74 660 45 709 674 747 390 71 242 868 396 82 709 253 617 551 237 872 541 398 1091 543 783 650 415 894 634 394 716 845 726 454 140 945 923 151 821 842 445 98 257 812 453 766 423 439 613 857 471 517 501 238 532 892 538 905 605 832 448 417 203 333 705 510 298 399 0 357 456 869 320 577 895 652 734 569 486 783 538 725 700 402 546 228 312 199 810 680 430 1060 851 568 432 233
780 512 249 56 301 357 284 644 371 372 317 584 393 366 125 524 64 298 394 334 291 439 173 642 580 174 817 382 582 531 413 549 316 442 360 529 792 221 390 658 576 318 476 670 125 438 100 454 244 471 226 106 259 521 463 626 144 365 229 594 631 601 674 582 461 119 390 290 379 260 427 309 357 0 159 622 385 393 545 346 787 488 351 455 183 374 361 381 449 305 61 448 467 374 208 780 502 373 75 196
634 372 379 212 381 246 384 538 455 398 283 434 333 484 264 523 196 417 449 487 162 316 323 483 501 322 664 246 426 396 345 444 178 390 337 391 708 86 441 507 475 365 373 516 237 517 225 401 115 321 115 214 201 536 382 573 143 516 324 447 570 457 599 424 390 43 416 449 422 382 416 465 456 159 0 463 357 248 530 416 698 371 233 327 201 289 387 312 330 317 217 484 471 228 88 628 492 225 133 234
256 289 809 673 754 371 807 498 852 689 533 217 547 915 723 719 649 853 769 948 367 369 784 47 576 774 231 338 133 318 534 389 336 590 571 236 686 425 798 142 416 736 386 193 673 898 681 534 419 191 448 652 485 761 513 689 546 975 726 162 667 185 644 40 543 506 744 912 731 804 685 922 869 622 463 0 620 299 692 768 662 396 396 292 578 432 681 522 388 660 680 811 695 275 447 211 678 302 579 637
860 359 621 424 685 584 295 340 285 739 639 456 78 388 360 876 448 354 774 525 495 260 410 612 229 532 852 284 511 348 100 771 497 76 692 673 433 295 200 727 804 170 707 549 509 306 331 757 273 577 254 490 558 884 152 245 481 528 614 690 254 709 310 590 127 344 134 562 754 636 68 614 320 385 357 620 0 325 886 729 435 261 228 634 537 639 728 100 247 106 389 193 822 517 278 828 847 328 431 200
536 125 627 449 622 345 520 326 557 612 467 191 255 628 466 706 441 570 676 690 273 107 530 297 340 566 529 41 208 153 247 495 256 305 521 369 516 172 500 403 529 438 445 281 485 601 423 544 152 269 176 462 389 732 243 443 382 710 570 371 428 391 431 266 268 279 445 675 644 630 391 701 577 393 248 299 325 0 699 652 500 161 98 353 435 415 602 229 129 362 441 513 662 242 187 504 669 25 381 351
654 809 470 543 331 358 824 1024 914 196 248 818 862 888 653 50 499 825 241 776 427 800 670 736 1018 527 744 721 758 843 872 322 443 920 194 459 1212 604 934 610 310 861 306 857 451 982 642 162 632 512 641 456 330 101 901 1099 413 817 383 548 1094 533 1115 665 914 544 927 676 220 446 943 634 895 545 530 692 886 699 0 294 1197 857 736 403 364 286 202 839 820 833 584 990 93 471 615 701 45 676 476 730
823 776 182 317 48 399 587 954 679 111 240 820 729 631 418 250 284 574 60 494 410 731 416 804 910 257 894 658 786 804 746 499 439 782 220 576 1120 502 721 737 506 655 442 886 223 746 423 318 531 578 527 240 285 221 791 967 273 535 121 667 969 661 1007 732 794 405 732 390 75 157 772 343 652 346 416 768 729 652 294 0 1112 786 649 496 217 351 111 713 746 650 359 784 202 496 502 851 254 627 302 540
912 406 1035 836 1073 845 725 176 692 1093 959 447 399 805 790 1202 850 783 1147 959 770 398 843 626 210 952 856 476 532 370 376 981 755 362 1014 838 28 613 595 804 1015 596 940 486 908 685 756 1043 583 742 585 886 878 1223 324 222 841 958 1009 805 198 829 129 655 328 707 531 997 1119 1047 438 1046 734 787 698 662 435 500 1197 1112 0 341 468 842 899 915 1083 407 378 541 807 549 1155 739 611 854 1165 522 812 628
651 109 734 541 751 505 528 170 539 759 620 202 184 632 527 862 545 585 817 735 430 57 589 376 187 661 623 136 270 89 162 652 415 208 675 519 356 285 461 524 687 419 606 291 597 566 486 703 256 420 265 575 539 884 123 297 513 747 692 506 278 528 272 374 153 388 395 742 787 742 315 780 569 488 371 396 261 161 857 786 341 0 139 511 570 575 748 168 40 341 522 452 816 403 288 607 825 182 496 379
633 173 596 405 613 396 433 305 464 626 493 263 162 541 402 737 407 486 681 619 313 88 465 392 282 525 626 59 298 184 158 566 305 216 549 453 480 147 403 499 600 344 509 358 459 505 360 589 117 354 127 436 411 756 169 372 376 636 553 463 362 483 379 364 188 249 348 616 652 604 295 649 486 351 233 396 228 98 736 649 468 139 0 425 433 461 615 135 99 267 389 415 688 309 149 601 702 100 357 269
340 437 575 493 492 107 711 666 781 406 256 426 582 809 577 428 456 741 488 785 167 459 628 335 693 565 400 387 359 474 582 142 149 639 286 82 861 348 759 241 177 685 102 455 457 842 543 243 364 111 388 442 234 469 591 794 332 819 481 171 780 166 783 263 612 367 724 722 450 564 701 715 783 455 327 292 634 353 403 496 842 511 425 0 342 147 400 555 481 626 516 795 403 117 370 357 387 335 390 557
681 559 235 190 188 235 465 738 553 202 140 607 526 540 298 345 145 474 248 466 211 514 328 610 701 228 737 441 579 587 541 401 242 581 178 423 908 286 571 574 422 497 329 677 121 621 281 277 316 397 315 112 109 348 581 766 58 504 148 505 766 506 799 540 587 197 565 389 222 227 589 375 538 183 201 578 537 435 364 217 899 570 433 342 0 222 191 507 530 473 227 626 288 304 288 695 320 410 112 368
475 523 444 399 349 72 651 741 732 260 111 534 601 739 498 301 357 672 342 686 149 518 539 472 743 449 544 440 479 557 607 180 159 660 140 225 930 344 728 386 203 652 108 579 342 797 471 129 369 242 385 332 117 336 630 832 232 722 346 317 823 310 839 399 646 318 705 610 303 430 701 595 725 374 289 432 639 415 286 351 915 575 461 147 222 0 253 577 539 606 430 773 267 186 361 500 261 393 300 519
718 723 270 349 135 311 630 917 722 11 149 756 716 689 459 169 308 628 89 574 340 691 470 720 888 324 793 615 713 754 731 390 367 772 115 477 1093 471 751 639 396 679 337 814 255 790 453 207 500 491 502 263 215 160 769 957 249 615 181 569 956 561 986 647 776 388 751 475 50 248 779 436 700 361 387 681 728 602 202 111 1083 748 615 400 191 253 0 697 708 661 391 809 112 417 475 749 158 577 300 554
764 260 628 428 672 517 365 279 371 708 592 358 27 466 389 834 443 423 753 581 429 160 446 512 199 545 753 188 411 252 33 695 426 84 647 587 412 236 295 632 729 251 635 451 502 400 352 701 209 489 198 481 509 848 85 261 449 589 605 598 258 617 295 492 81 311 231 602 729 640 163 646 402 381 312 522 100 229 839 713 407 168 135 555 507 577 697 0 149 174 400 293 783 438 225 730 802 235 411 229
639 111 695 503 711 470 501 209 517 719 582 209 170 606 492 824 505 557 777 703 393 22 554 372 212 622 617 99 268 104 151 623 380 204 637 494 392 245 443 510 658 396 574 302 558 549 450 668 216 394 226 535 500 846 126 317 473 716 652 487 301 508 302 363 155 348 380 707 747 703 306 743 546 449 330 388 247 129 820 746 378 40 99 481 530 539 708 149 0 318 485 441 777 370 248 598 788 148 456 347
886 425 528 336 604 560 193 442 200 672 589 522 164 292 260 817 366 252 699 420 472 324 306 659 335 437 889 325 564 422 190 755 480 181 640 675 539 278 139 752 787 79 686 617 427 239 236 716 265 586 239 410 512 820 248 345 420 423 531 707 357 723 415 626 228 292 99 457 682 545 125 510 228 305 317 660 106 362 833 650 541 341 267 626 473 606 661 174 318 0 298 169 761 513 256 861 791 358 362 109
841 556 232 42 311 417 240 672 331 401 366 632 409 313 70 558 85 246 412 273 352 477 112 698 597 145 878 426 635 572 431 607 377 453 405 590 810 270 363 718 633 296 534 720 139 399 64 504 290 531 268 128 314 550 485 634 198 304 238 655 641 663 690 640 479 174 374 235 402 248 423 261 312 61 217 680 389 441 584 359 807 522 389 516 227 430 391 400 485 298 0 425 501 435 254 840 539 422 130 190
1045 552 640 467 736 729 223 502 154 820 750 650 271 268 369 971 504 269 837 449 640 453 392 804 373 547 1041 473 704 541 291 924 649 248 799 842 539 446 67 911 956 130 855 742 563 136 361 880 432 751 407 549 676 969 335 328 577 437 663 870 352 887 421 779 306 457 70 519 825 661 138 582 199 448 484 811 193 513 990 784 549 452 415 795 626 773 809 293 441 169 425 0 914 680 425 1016 947 513 514 260
690 778 377 459 238 336 740 985 831 104 196 798 803 801 569 57 416 739 151 684 390 758 582 737 968 436 774 680 746 811 815 354 412 861 141 471 1168 549 857 630 350 784 319 846 365 899 561 168 578 507 584 372 277 70 849 1043 342 725 292 563 1040 551 1066 664 859 478 853 584 128 354 876 542 810 467 471 695 822 662 93 202 1155 816 688 403 288 267 112 783 777 761 501 914 0 450 558 731 52 638 400 656
407 340 536 419 480 114 610 563 676 426 268 348 465 712 490 486 389 645 502 708 93 349 545 309 581 509 445 274 297 375 465 257 63 522 314 165 756 235 648 284 292 574 203 398 404 734 452 311 248 98 274 385 211 520 476 679 275 739 452 220 666 229 673 237 496 271 610 656 465 530 584 659 680 374 228 275 517 242 471 496 739 403 309 117 304 186 417 438 370 513 435 680 450 0 258 406 447 223 319 450
647 304 448 263 465 308 364 453 421 486 367 378 247 470 282 609 260 407 536 508 218 236 346 458 413 381 663 175 386 324 258 500 224 305 422 422 620 24 390 515 533 317 433 467 310 477 239 480 36 337 27 287 285 624 294 486 230 531 404 462 482 476 511 409 302 100 355 488 509 455 341 514 430 208 88 447 278 187 615 502 611 288 149 370 288 361 475 225 248 256 254 425 558 258 0 631 577 168 207 197
70 499 930 826 849 462 995 698 1047 755 611 420 756 1101 892 739 795 1036 838 1113 496 580 950 234 784 912 44 544 339 527 743 379 467 800 634 276 880 607 1000 122 392 934 415 368 805 1097 852 563 608 309 637 788 589 788 724 898 677 1143 837 190 875 191 848 238 753 671 948 1062 799 920 894 1063 1060 780 628 211 828 504 701 851 854 607 601 357 695 500 749 730 598 861 840 1016 731 406 631 0 701 504 725 827
657 781 427 498 288 332 779 993 870 152 210 795 824 844 608 41 455 781 203 732 396 768 625 722 983 483 744 689 738 815 834 321 414 882 155 449 1179 567 891 604 314 818 296 837 407 938 598 145 595 494 604 412 293 87 866 1062 371 773 339 540 1058 526 1080 650 877 503 885 633 179 404 902 592 851 502 492 678 847 669 45 254 1165 825 702 387 320 261 158 802 788 791 539 947 52 447 577 701 0 645 433 688
533 149 604 428 597 323 509 349 550 588 443 211 262 617 449 682 419 558 651 674 249 127 513 304 358 544 531 52 221 177 255 477 233 314 497 356 538 152 497 399 512 433 426 299 462 596 406 521 133 257 159 439 364 707 257 458 357 695 546 363 445 383 450 268 280 257 444 656 619 607 395 681 568 373 225 302 328 25 676 627 522 182 100 335 410 393 577 235 148 358 422 513 638 223 168 504 645 0 358 340
721 504 246 104 261 288 358 660 444 310 243 566 427 440 198 457 70 373 344 395 230 443 240 603 609 195 764 377 554 527 444 477 257 480 288 466 820 213 459 602 503 385 403 647 104 511 174 380 241 416 231 81 184 458 490 666 70 429 197 537 668 542 706 540 492 107 453 338 323 250 480 343 432 75 133 579 431 381 476 302 812 496 357 390 112 300 300 411 456 362 130 514 400 319 207 725 433 358 0 256
844 441 421 227 494 480 170 508 225 565 490 532 231 278 162 713 257 219 590 356 395 347 217 643 418 332 858 322 559 448 256 678 408 268 539 616 629 221 210 711 709 134 607 627 318 284 131 621 219 534 190 301 417 714 314 445 318 369 422 659 454 673 506 600 302 201 197 372 574 438 233 419 233 196 234 637 200 351 730 540 628 379 269 557 368 519 554 229 347 109 190 260 656 450 197 827 688 340 256 0
