# TTSP Euclidean complete-graph matrix instance
# seed: 2020
# depot: 1
# L_max is not stored in this file; pass it with --budget when running algorithms.
# coordinate rows: node x y
# coord 1 619.669271 174.523865
# coord 2 768.477339 945.693459
# coord 3 474.160942 933.640155
# coord 4 542.985560 617.462770
# coord 5 457.822426 240.059278
# coord 6 209.585044 670.232819
# coord 7 604.523809 471.489336
# coord 8 104.982404 670.102061
# coord 9 491.137005 873.030533
# coord 10 537.451519 475.533231
# coord 11 40.853310 49.341983
# coord 12 910.432349 924.584626
# coord 13 217.013636 842.633683
# coord 14 692.549347 93.546286
# coord 15 977.857795 262.975549
# coord 16 957.706527 26.263696
# coord 17 539.065430 463.905612
# coord 18 307.157170 641.235773
# coord 19 459.809946 515.397646
# coord 20 616.387076 522.400928
# coord 21 676.483245 733.875798
# coord 22 569.128125 877.049150
# coord 23 911.090831 842.751109
# coord 24 725.446068 422.963592
# coord 25 620.908214 815.626292
# coord 26 290.181429 711.783107
# coord 27 844.982679 628.098988
# coord 28 88.905155 234.865953
# coord 29 239.697602 971.619051
# coord 30 800.372671 900.653188
# coord 31 45.044113 97.828710
# coord 32 57.882711 352.966556
# coord 33 880.250428 980.351630
# coord 34 851.590460 103.698659
# coord 35 626.181422 870.439255
# coord 36 491.006612 810.057005
# coord 37 339.570423 441.573077
# coord 38 202.294635 347.902164
# coord 39 519.742388 600.219480
# coord 40 827.920725 800.886534
# coord 41 615.199937 594.276479
# coord 42 646.025200 756.464954
# coord 43 953.168134 658.474907
# coord 44 253.179257 715.025758
# coord 45 66.987465 110.919936
# coord 46 913.033929 891.651598
# coord 47 919.902179 535.717728
# coord 48 226.769213 743.542776
# coord 49 401.980257 664.262147
# coord 50 277.546551 330.718097
# coord 51 445.938776 90.029418
# coord 52 530.453743 855.480475
# coord 53 411.823638 13.311174
# coord 54 140.679299 535.121518
# coord 55 23.422762 898.475409
# coord 56 199.692392 279.996585
# coord 57 512.552734 253.694019
# coord 58 165.937058 773.465331
# coord 59 240.864046 969.049901
# coord 60 450.916757 348.734588
# coord 61 624.732745 734.641978
# coord 62 700.205085 438.599592
# coord 63 643.030089 599.480907
# coord 64 382.950680 399.201896
# coord 65 587.068836 482.527947
# coord 66 882.671131 225.231243
# coord 67 139.472390 63.606512
# coord 68 707.586515 394.173946
# coord 69 543.468213 864.963315
# coord 70 401.438984 724.729151
# coord 71 726.607419 961.415861
# coord 72 964.080742 806.519035
# coord 73 527.611050 320.861265
# coord 74 803.549063 372.825758
# coord 75 148.736610 438.299533
# coord 76 270.963966 407.911921
# coord 77 372.782817 474.061670
# coord 78 456.271006 365.866226
# coord 79 213.757081 817.646312
# coord 80 652.705489 508.559872
# coord 81 559.275280 377.115660
# coord 82 246.326004 327.371649
# coord 83 378.496024 697.161904
# coord 84 361.472626 841.180796
# coord 85 449.870854 331.956364
# coord 86 28.896400 520.119337
# coord 87 616.876662 884.082406
# coord 88 461.293157 9.936678
# coord 89 542.830953 236.873096
# coord 90 856.154605 329.646241
# coord 91 139.441936 649.468352
# coord 92 503.768980 817.285440
# coord 93 663.450103 791.541527
# coord 94 966.661042 803.644126
# coord 95 594.928433 716.119645
# coord 96 385.822980 738.579446
# coord 97 759.881295 571.516066
# coord 98 340.003351 31.759034
# coord 99 282.178949 124.918422
# coord 100 533.520469 572.049189
# reference_nearest_neighbor_tour_cost: 9641
TTSP_MATRIX
100
0 23 68 62 53 49 71 21 88 36 23 94 14 36 70 3 59 99 72 43 99 72 97 54 14 94 19 2 78 30 18 76 33 77 76 21 55 78 39 12 53 82 28 31 59 86 93 69 19 72 88 78 46 87 58 62 34 22 7 66 90 73 40 91 28 38 9 95 34 50 52 3 77 77 58 43 51 82 63 13 23 46 55 37 37 89 75 81 38 86 88 65 39 1 70 10 35 50 97 43
0 785 773 450 175 643 297 714 710 312 592 804 780 109 369 369 300 562 376 348 562 704 729 270 641 630 506 534 883 748 580 589 847 242 696 648 387 452 437 660 420 583 588 653 556 775 470 691 536 376 193 687 263 600 938 433 133 751 880 243 560 276 426 326 310 268 493 237 695 592 794 720 173 270 540 420 388 252 761 336 211 403 576 715 232 684 710 228 99 283 675 653 619 718 542 611 421 314 341 407
785 0 295 398 771 623 502 718 287 524 1155 144 561 856 714 939 534 553 530 450 231 211 176 524 197 532 327 983 529 55 1115 925 117 846 161 309 662 823 426 157 383 225 341 565 1090 154 437 578 462 787 914 255 998 750 747 876 738 627 528 676 255 512 368 669 497 729 1083 555 239 428 45 240 670 574 801 733 616 659 569 452 606 809 462 420 692 853 164 985 744 622 695 294 187 244 288 435 374 1009 954 441
773 295 0 324 694 373 480 454 63 462 985 436 273 868 839 1028 474 337 418 435 284 111 446 569 188 288 480 798 238 328 940 714 409 912 165 125 510 646 337 378 368 247 552 311 918 441 598 312 279 634 844 96 922 520 452 709 681 347 236 585 250 544 374 542 465 818 932 588 98 221 254 506 615 650 593 564 471 568 285 461 563 648 255 146 602 608 151 924 700 715 439 120 237 509 249 214 461 912 831 366
450 398 324 0 387 338 158 441 261 142 758 479 396 545 561 722 154 237 132 120 177 261 432 267 213 270 302 594 466 383 720 553 495 599 266 199 269 434 29 339 76 173 412 306 695 461 386 340 149 391 536 238 618 411 591 481 365 408 464 284 143 238 102 271 142 519 685 277 248 178 390 462 297 357 433 343 223 266 385 155 241 415 183 288 300 523 277 613 381 425 405 204 212 463 111 198 222 620 557 46
175 771 694 387 0 497 274 556 634 249 459 821 649 277 521 544 238 429 275 324 540 647 754 324 598 501 548 369 763 744 437 416 852 417 652 571 234 277 365 672 388 550 648 517 412 795 549 554 428 202 150 620 231 433 789 261 56 608 761 109 522 313 404 176 275 425 364 293 631 488 770 760 107 370 367 251 249 126 627 332 171 229 464 609 92 512 663 230 85 408 519 579 589 759 495 504 448 239 210 341
643 623 373 338 497 0 442 105 347 381 643 746 173 752 870 987 389 102 294 433 471 415 722 572 436 91 637 452 303 634 596 352 739 856 462 314 263 322 318 632 413 445 744 63 577 737 723 75 192 346 626 371 687 152 295 390 515 112 300 402 420 543 439 322 422 807 611 569 387 199 593 767 472 664 240 269 255 392 147 472 456 345 171 229 415 235 460 707 547 731 73 329 470 769 388 189 559 652 550 338
297 502 480 158 274 442 0 538 417 67 704 547 537 388 428 568 66 342 151 52 272 407 481 130 345 396 287 567 619 472 673 559 579 443 400 357 267 421 154 398 123 288 396 427 647 521 322 466 280 356 413 391 497 468 721 448 236 532 616 197 264 101 134 233 21 371 619 129 398 325 505 491 169 222 457 340 232 182 522 61 105 386 319 442 208 578 413 483 243 289 498 360 325 491 245 345 185 513 473 123
714 718 454 441 556 105 538 0 436 474 624 845 206 823 963 1068 481 204 387 532 575 508 824 668 536 190 741 436 330 733 575 321 835 937 558 411 328 337 421 735 516 548 848 155 560 838 826 142 297 381 673 464 725 140 243 401 583 120 328 472 524 639 543 388 517 896 607 663 480 301 686 870 548 759 236 310 332 465 183 571 541 371 275 308 483 168 555 750 616 825 40 425 572 872 492 289 662 680 573 440
710 287 63 261 634 347 417 436 0 400 939 422 276 805 780 967 412 296 359 372 232 78 421 507 142 258 430 754 270 310 894 677 404 850 135 63 457 599 274 344 305 194 509 286 872 422 546 294 227 583 784 43 863 487 468 661 620 340 268 526 192 482 313 486 402 757 883 526 53 173 252 478 553 590 553 515 416 508 283 399 501 598 209 134 543 582 126 864 638 655 417 57 191 481 188 171 404 855 777 304
312 524 462 142 249 381 67 474 400 0 654 584 487 412 489 615 12 284 87 92 293 403 524 195 350 342 343 509 579 500 621 495 610 487 405 338 201 359 126 436 142 301 454 372 595 561 387 410 232 298 396 380 479 401 666 390 223 476 576 154 273 167 163 172 50 426 573 189 389 284 521 540 155 285 390 275 165 136 471 120 101 327 273 406 168 511 416 472 239 351 434 343 340 540 247 304 242 486 434 97
592 1155 985 758 459 643 704 624 939 654 0 1234 813 653 961 917 648 649 627 745 934 982 1178 780 961 708 991 192 943 1141 49 304 1254 813 1008 884 493 339 730 1088 792 931 1097 699 67 1213 1005 719 713 368 407 943 373 496 849 280 514 735 941 508 900 766 816 489 697 860 100 751 958 766 1141 1194 557 828 404 426 539 522 788 765 613 346 731 854 497 471 1014 422 536 862 608 897 969 1194 867 771 889 300 253 718
804 144 436 479 821 746 547 845 422 584 1234 0 698 859 665 900 592 667 609 498 302 345 82 535 309 656 304 1073 672 113 1197 1026 63 823 289 435 748 913 508 149 443 313 270 690 1172 33 389 707 571 868 955 386 1039 863 887 960 780 760 671 737 343 530 421 744 548 700 1156 568 372 547 187 130 715 562 904 822 701 720 705 489 650 893 579 555 751 970 296 1019 780 597 819 421 281 133 378 557 384 1059 1017 516
780 561 273 396 649 173 537 206 276 487 813 698 0 887 956 1102 497 221 407 512 472 354 694 659 405 150 664 621 131 586 764 515 677 974 410 276 419 495 388 612 469 438 759 133 747 698 767 100 257 515 787 314 852 317 201 563 659 86 129 546 422 630 491 473 516 908 783 665 327 219 523 748 607 751 410 438 400 533 25 549 578 516 217 144 561 373 402 868 688 820 208 288 449 751 399 198 607 820 721 416
109 856 868 545 277 752 388 823 805 412 653 859 887 0 332 274 401 670 482 436 641 793 780 331 726 738 556 620 988 814 648 686 906 159 780 744 496 552 535 720 507 665 622 761 626 828 497 800 640 478 247 779 292 707 1047 527 241 860 985 351 645 345 508 435 403 231 554 301 786 695 869 763 281 301 644 526 497 361 868 417 313 504 680 818 340 789 794 246 207 287 784 748 699 761 630 714 483 358 412 504
369 714 839 561 521 870 428 963 780 489 961 665 956 332 0 238 483 770 576 445 559 738 584 299 658 821 389 889 1023 662 947 924 724 203 702 732 663 780 569 558 491 595 396 854 923 632 279 892 702 704 559 742 619 880 1147 778 465 959 1021 534 589 329 475 610 448 102 862 300 742 739 742 544 454 206 847 722 641 532 944 407 434 734 740 845 532 983 718 575 436 139 923 729 615 541 593 759 378 678 709 541
369 939 1028 722 544 987 568 1068 967 615 917 900 1102 274 238 0 606 895 698 602 761 935 818 460 858 957 612 893 1187 888 915 957 957 131 907 912 745 821 722 785 663 794 632 985 895 867 511 1024 846 745 516 933 546 963 1278 799 500 1089 1184 601 783 486 654 685 588 213 819 445 935 893 963 780 521 379 908 786 737 606 1086 571 531 772 886 1010 593 1052 923 497 465 320 1029 912 820 777 779 913 580 618 683 691
300 534 474 154 238 389 66 481 412 12 648 592 497 401 483 606 0 292 95 97 303 414 531 191 361 351 347 505 589 509 615 494 619 477 416 349 201 356 138 444 151 311 458 381 589 568 388 419 243 293 385 392 468 405 674 386 212 485 587 145 284 163 171 169 51 418 566 182 401 295 532 546 144 280 391 274 167 128 481 122 89 323 283 417 159 513 427 461 227 344 441 355 350 546 258 315 246 476 425 108
562 553 337 237 429 102 342 204 296 284 649 667 221 670 770 895 292 0 198 331 381 352 637 472 359 73 538 461 337 557 603 381 666 765 393 250 202 312 217 545 312 358 646 91 582 656 622 130 98 312 568 309 637 197 383 377 439 193 334 326 331 442 338 254 322 710 601 471 325 126 528 677 389 564 257 236 180 313 200 370 365 320 91 207 341 303 394 650 468 631 168 264 387 679 297 125 458 610 517 237
376 530 418 132 275 294 151 387 359 87 627 609 407 482 576 698 95 198 0 157 308 378 558 281 341 260 401 465 507 514 589 434 627 568 392 296 141 307 104 466 174 305 514 287 564 589 461 326 160 259 426 347 504 320 581 351 267 391 504 167 274 252 202 139 131 513 554 276 359 217 520 582 206 372 320 217 96 150 390 193 170 284 199 340 184 431 401 505 291 438 347 305 343 583 242 235 305 498 429 93
348 450 435 120 324 433 52 532 372 92 745 498 512 436 445 602 97 331 157 0 220 358 435 148 293 377 252 601 586 421 712 584 529 480 348 314 288 449 124 350 72 236 363 411 686 474 304 448 257 389 465 344 549 476 702 482 288 516 584 240 212 119 82 264 49 399 662 157 350 295 453 449 220 240 475 364 248 224 499 39 156 418 295 408 253 587 362 535 295 308 494 316 273 449 195 316 152 563 519 97
562 231 284 177 540 471 272 575 232 293 934 302 472 641 559 761 303 381 308 220 0 179 259 315 99 387 199 771 497 208 896 726 320 654 146 201 446 611 206 166 152 38 287 424 872 284 314 450 283 567 684 190 768 571 673 658 507 512 495 446 52 296 138 445 267 549 859 341 187 275 233 297 439 383 605 520 400 429 470 227 376 592 300 333 461 682 162 755 515 442 544 192 59 298 83 291 183 779 725 216
704 211 111 261 647 415 407 508 78 403 982 345 354 793 738 935 414 352 378 358 179 0 344 480 80 324 372 802 343 232 939 732 328 823 57 103 492 644 281 270 287 143 442 355 916 344 489 367 271 619 797 44 878 548 546 702 626 416 341 541 153 458 287 513 395 723 920 502 28 227 179 401 558 556 608 556 448 523 360 378 500 637 262 211 558 647 48 874 641 618 486 89 127 404 163 230 360 876 805 307
729 176 446 432 754 722 481 824 421 524 1178 82 694 780 584 818 531 637 558 435 259 344 0 459 291 635 225 1023 684 125 1142 984 141 741 286 421 698 864 460 93 386 279 189 670 1117 49 307 691 539 815 885 381 968 830 889 907 711 748 682 675 306 456 362 690 485 618 1097 493 368 523 219 64 648 482 863 774 652 659 698 422 584 841 552 550 688 939 297 947 709 516 795 408 253 68 341 535 311 992 954 465
270 524 569 267 324 572 130 668 507 195 780 535 659 331 299 460 191 472 281 148 315 480 459 0 406 522 237 664 733 484 754 671 578 343 458 453 386 529 272 392 204 343 328 555 729 505 225 593 404 457 435 474 516 595 848 545 272 660 730 284 328 30 195 343 151 253 687 34 478 443 538 452 223 93 577 455 356 275 646 112 172 489 442 554 290 703 474 490 261 161 628 452 374 451 321 464 152 549 534 243
641 197 188 213 598 436 345 536 142 350 961 309 405 726 658 858 361 359 341 293 99 80 291 406 0 347 292 788 412 199 920 729 307 748 55 130 468 628 238 208 221 64 368 381 896 302 410 401 266 594 746 99 829 556 603 681 572 457 410 497 81 385 217 480 335 646 893 430 92 238 180 343 503 479 604 537 422 479 407 309 443 615 270 261 513 662 69 821 584 540 509 117 49 346 103 247 281 833 769 259
630 532 288 270 501 91 396 190 258 342 708 656 150 738 821 957 351 73 260 377 387 324 635 522 347 0 561 518 265 544 661 427 648 828 372 224 275 374 255 545 346 359 665 37 641 648 654 71 121 381 641 280 709 231 326 441 509 139 262 397 335 493 370 326 375 767 665 525 296 112 503 681 457 615 308 304 252 384 131 416 429 387 90 148 412 324 369 722 538 683 163 238 382 683 305 99 490 682 587 281
506 327 480 302 548 637 287 741 430 343 991 304 664 556 389 612 347 538 401 252 199 372 225 237 292 561 0 852 696 276 960 834 354 524 327 398 539 701 326 174 232 237 112 598 934 272 119 629 444 641 670 388 752 710 865 733 501 694 694 483 245 238 204 516 296 405 904 271 383 454 354 215 442 259 722 615 497 469 659 226 380 670 472 528 494 823 343 728 494 299 706 390 244 214 265 472 102 781 755 316
534 983 798 594 369 452 567 436 754 509 192 1073 621 620 889 893 505 461 465 601 771 802 1023 664 788 518 852 0 752 974 144 122 1087 774 832 702 325 160 565 931 637 763 962 507 126 1054 884 527 531 212 385 762 392 305 667 120 424 544 750 379 733 644 663 337 556 794 179 639 777 581 967 1045 447 728 212 251 371 390 596 627 491 183 546 665 374 291 837 435 454 773 418 715 800 1046 698 585 751 323 222 558
883 529 238 466 763 303 619 330 270 579 943 672 131 988 1023 1187 589 337 507 586 497 343 684 733 412 265 696 752 0 565 895 645 641 1062 400 299 539 625 465 612 532 460 779 257 878 678 808 228 348 642 905 313 974 448 228 693 768 211 3 658 452 704 549 590 600 985 914 743 322 295 487 743 712 822 541 565 515 643 156 620 675 644 308 178 673 498 387 987 795 890 337 306 460 746 438 275 656 945 848 496
748 55 328 383 744 634 472 733 310 500 1141 113 586 814 662 888 509 557 514 421 208 232 125 484 199 544 276 974 565 0 1102 923 113 799 177 322 650 814 411 104 358 211 286 578 1078 113 384 595 463 773 885 274 969 754 777 864 708 647 564 653 242 473 340 652 469 680 1067 515 259 436 96 189 641 528 799 723 604 636 592 419 576 797 468 443 668 860 184 953 712 574 707 308 175 193 276 445 332 983 933 423
580 1115 940 720 437 596 673 575 894 621 49 1197 764 648 947 915 615 603 589 712 896 939 1142 754 920 661 960 144 895 1102 0 255 1215 807 967 840 453 295 691 1052 756 892 1067 651 26 1176 978 671 670 329 401 900 376 448 801 239 493 686 893 477 861 738 781 453 665 847 100 726 915 721 1100 1161 532 807 356 384 499 491 739 733 585 305 686 808 468 423 972 425 517 844 560 853 929 1161 827 726 858 302 239 681
589 925 714 553 416 352 559 321 677 495 304 1026 515 686 924 957 494 381 434 584 726 732 984 671 729 427 834 122 645 923 255 0 1034 832 769 630 295 145 524 891 607 713 946 411 242 1011 881 426 464 221 469 690 491 200 547 159 465 434 643 393 683 648 635 328 545 835 301 651 706 506 904 1013 471 746 125 220 337 399 490 615 502 190 470 575 393 170 771 530 499 799 308 644 748 1014 648 506 735 428 320 524
847 117 409 495 852 739 579 835 404 610 1254 63 677 906 724 957 619 666 627 529 320 328 141 578 307 648 354 1087 641 113 1215 1034 0 877 277 425 763 927 524 187 468 324 330 681 1191 95 446 695 573 886 991 371 1075 863 861 977 814 744 639 764 354 571 449 765 578 755 1179 611 356 543 155 193 748 612 910 836 717 747 686 524 683 910 576 537 778 968 280 1057 816 651 811 410 287 197 389 550 426 1092 1044 536
242 846 912 599 417 856 443 937 850 487 813 823 974 159 203 131 477 765 568 480 654 823 741 343 748 828 524 774 1062 799 807 832 877 0 799 793 613 694 597 698 545 684 564 855 785 790 437 894 719 617 406 817 449 832 1148 675 371 958 1059 470 670 368 538 554 462 125 713 324 821 767 867 712 390 273 778 655 605 474 957 451 400 645 759 885 462 922 815 401 336 226 897 794 713 709 664 787 477 517 570 566
696 161 165 266 652 462 400 558 135 405 1008 289 410 780 702 907 416 393 392 348 146 57 286 458 55 372 327 832 400 177 967 769 277 799 0 148 516 673 290 213 276 116 390 404 943 288 445 419 305 643 801 97 884 590 603 728 627 470 398 550 136 438 271 530 390 694 942 483 83 268 136 344 558 528 644 583 470 532 416 363 498 663 302 266 567 692 17 876 639 588 535 133 87 347 157 274 327 886 821 312
648 309 125 199 571 314 357 411 63 338 884 435 276 744 732 912 349 250 296 314 201 103 421 453 130 224 398 702 299 322 840 630 425 793 148 0 398 545 212 337 249 164 486 256 818 430 509 272 171 525 721 60 801 445 476 605 557 327 296 463 154 426 260 425 341 704 825 469 76 124 280 473 491 537 505 458 356 446 277 342 438 541 159 133 480 546 146 801 576 603 387 15 173 476 140 127 359 793 716 242
387 662 510 269 234 263 267 328 457 201 493 748 419 496 663 745 201 202 141 288 446 492 698 386 468 275 539 325 539 650 453 295 763 613 516 398 0 166 240 606 315 439 651 287 429 729 588 322 231 127 367 456 434 220 556 214 255 375 537 145 409 361 342 61 251 585 428 371 470 290 648 723 223 469 191 76 46 139 397 320 229 147 259 400 156 320 522 448 288 529 289 410 477 724 375 301 440 410 322 234
452 823 646 434 277 322 421 337 599 359 339 913 495 552 780 821 356 312 307 449 611 644 864 529 628 374 701 160 625 814 295 145 927 694 673 545 166 0 406 772 481 603 813 371 273 895 742 396 374 77 355 604 395 197 579 68 324 427 622 249 573 506 507 188 408 691 291 507 619 426 807 889 326 602 105 91 212 255 470 478 358 49 391 518 248 244 678 426 358 654 308 558 640 890 538 432 601 345 237 400
437 426 337 29 365 318 154 421 274 126 730 508 388 535 569 722 138 217 104 124 206 281 460 272 238 255 326 565 465 411 691 524 524 597 290 212 240 406 0 368 96 201 437 290 667 490 405 326 134 362 516 255 597 385 579 453 347 394 462 261 171 242 123 243 136 522 658 279 266 172 416 490 279 364 405 314 194 243 375 161 227 386 171 288 277 497 300 593 364 432 383 218 239 491 138 193 242 596 531 31
660 157 378 339 672 632 398 735 344 436 1088 149 612 720 558 785 444 545 466 350 166 270 93 392 208 545 174 931 612 104 1052 891 187 698 213 337 606 772 368 0 297 187 190 581 1027 124 281 604 447 724 807 302 891 737 810 816 632 663 611 589 214 384 273 599 399 578 1009 424 292 433 190 136 566 429 770 682 560 572 614 341 502 750 461 468 602 847 227 872 632 472 705 325 165 139 248 446 239 911 869 373
420 383 368 76 388 413 123 516 305 142 792 443 469 507 491 663 151 312 174 72 152 287 386 204 221 346 232 637 532 358 756 607 468 545 276 249 315 481 96 297 0 165 344 382 731 421 310 416 224 428 532 275 616 478 665 521 356 484 530 295 141 177 28 303 115 456 713 220 280 250 384 408 287 291 492 391 271 278 459 94 224 455 258 354 310 591 290 604 365 358 479 249 203 409 124 271 146 626 575 85
583 225 247 173 550 445 288 548 194 301 931 313 438 665 595 794 311 358 305 236 38 143 279 343 64 359 237 763 460 211 892 713 324 684 116 164 439 603 201 187 165 0 322 395 867 299 352 419 261 563 696 152 779 552 639 653 520 480 458 452 30 322 157 444 280 582 858 367 149 247 220 322 451 415 590 512 393 434 437 248 389 586 274 297 468 661 131 769 530 476 518 155 39 324 65 261 217 787 729 216
588 341 552 412 648 744 396 848 509 454 1097 270 759 622 396 632 458 646 514 363 287 442 189 328 368 665 112 962 779 286 1067 946 330 564 390 486 651 813 437 190 344 322 0 702 1042 237 127 731 551 751 762 466 842 822 960 843 598 796 777 590 337 335 316 626 406 439 1008 361 459 556 378 148 543 322 834 727 609 577 756 336 484 781 576 619 600 935 405 814 588 343 814 477 319 146 363 573 212 877 857 428
653 565 311 306 517 63 427 155 286 372 699 690 133 761 854 985 381 91 287 411 424 355 670 555 381 37 598 507 257 578 651 411 681 855 404 256 287 371 290 581 382 395 702 0 632 683 690 39 157 385 654 311 719 212 294 438 529 105 254 416 372 526 407 341 407 798 661 556 327 149 534 717 480 648 296 308 269 404 110 450 456 388 127 166 431 297 401 735 559 716 131 271 417 719 342 135 527 689 591 315
556 1090 918 695 412 577 647 560 872 595 67 1172 747 626 923 895 589 582 564 686 872 916 1117 729 896 641 934 126 878 1078 26 242 1191 785 943 818 429 273 667 1027 731 867 1042 632 0 1151 953 652 647 304 380 877 358 431 789 215 468 670 876 452 837 713 755 428 639 824 87 700 892 699 1076 1135 506 782 337 360 475 465 722 708 560 281 664 787 442 411 949 407 492 819 543 831 905 1135 803 704 832 284 216 656
775 154 441 461 795 737 521 838 422 561 1213 33 698 828 632 867 568 656 589 474 284 344 49 505 302 648 272 1054 678 113 1176 1011 95 790 288 430 729 895 490 124 421 299 237 683 1151 0 356 702 559 848 928 384 1011 851 890 940 753 756 677 713 328 501 398 724 523 667 1133 538 371 538 199 99 689 530 889 804 683 696 703 463 624 873 569 554 726 959 296 991 752 565 811 416 269 103 363 549 355 1033 993 496
470 437 598 386 549 723 322 826 546 387 1005 389 767 497 279 511 388 622 461 304 314 489 307 225 410 654 119 884 808 384 978 881 446 437 445 509 588 742 405 281 310 352 127 690 953 356 0 724 534 674 651 504 729 779 967 764 495 791 806 505 356 240 284 554 337 313 912 255 500 552 468 274 447 200 777 661 551 494 760 269 394 705 565 637 512 891 462 698 481 216 789 502 362 272 372 571 164 768 759 388
691 578 312 340 554 75 466 142 294 410 719 707 100 800 892 1024 419 130 326 448 450 367 691 593 401 71 629 527 228 595 671 426 695 894 419 272 322 396 326 604 416 419 731 39 652 702 724 0 192 416 689 324 753 226 256 464 567 68 226 454 398 563 440 378 445 836 686 594 339 176 545 740 519 686 315 339 306 442 75 486 495 417 159 166 468 298 415 770 597 753 128 287 439 742 369 159 560 721 621 351
536 462 279 149 428 192 280 297 227 232 713 571 257 640 702 846 243 98 160 257 283 271 539 404 266 121 444 531 348 463 670 464 573 719 305 171 231 374 134 447 224 261 551 157 647 559 534 192 0 356 576 230 651 291 445 434 425 260 345 319 234 374 250 266 259 651 656 408 246 60 440 580 366 496 339 288 192 303 243 295 327 371 40 181 336 400 307 657 450 564 263 184 291 582 200 76 370 636 552 161
376 787 634 391 202 346 356 381 583 298 368 868 515 478 704 745 293 312 259 389 567 619 815 457 594 381 641 212 642 773 329 221 886 617 643 525 127 77 362 724 428 563 751 385 304 848 674 416 356 0 294 583 345 246 622 93 247 457 639 174 533 436 454 126 345 614 301 435 597 413 774 835 250 528 168 77 172 182 491 415 286 31 380 517 172 313 649 370 281 579 347 537 601 836 499 422 539 305 206 352
193 914 844 536 150 626 413 673 784 396 407 955 787 247 559 516 385 568 426 465 684 797 885 435 746 641 670 385 905 885 401 469 991 406 801 721 367 355 516 807 532 696 762 654 380 928 651 689 576 294 0 770 84 540 912 311 177 739 903 259 669 431 546 316 417 457 308 401 781 636 915 884 245 456 458 363 391 276 764 467 309 310 611 756 242 599 812 82 176 475 638 730 734 883 644 651 575 121 167 490
687 255 96 238 620 371 391 464 43 380 943 386 314 779 742 933 392 309 347 344 190 44 381 474 99 280 388 762 313 274 900 690 371 817 97 60 456 604 255 302 275 152 466 311 877 384 504 324 230 583 770 0 850 505 509 664 602 374 311 513 153 450 280 480 377 722 883 494 16 184 223 436 535 555 565 517 413 495 319 368 479 600 219 170 530 603 91 848 619 619 442 47 148 439 154 186 365 845 772 283
263 998 922 618 231 687 497 725 863 479 373 1039 852 292 619 546 468 637 504 549 768 878 968 516 829 709 752 392 974 969 376 491 1075 449 884 801 434 395 597 891 616 779 842 719 358 1011 729 753 651 345 84 850 0 588 967 341 261 799 971 338 752 514 630 387 501 516 277 482 862 711 999 967 329 532 500 419 462 355 828 551 393 355 685 829 321 635 895 50 259 545 692 809 818 966 726 726 658 74 171 572
600 750 520 411 433 152 468 140 487 401 496 863 317 707 880 963 405 197 320 476 571 548 830 595 556 231 710 305 448 754 448 200 863 832 590 445 220 197 385 737 478 552 822 212 431 851 779 226 291 246 540 505 588 0 382 262 466 240 445 362 524 568 506 278 449 804 472 584 521 322 725 867 442 682 97 182 240 358 292 513 447 233 288 377 370 113 590 615 501 744 114 460 582 869 489 319 620 541 434 395
938 747 452 591 789 295 721 243 468 666 849 887 201 1047 1147 1278 674 383 581 702 673 546 889 848 603 326 865 667 228 777 801 547 861 1148 603 476 556 579 579 810 665 639 960 294 789 890 967 256 445 622 912 509 967 382 0 643 809 190 229 696 623 818 688 615 701 1092 843 850 521 416 706 945 767 941 477 549 550 686 207 740 748 613 408 343 709 378 594 991 841 1008 275 487 649 948 600 396 806 923 816 606
433 876 709 481 261 390 448 401 661 390 280 960 563 527 778 799 386 377 351 482 658 702 907 545 681 441 733 120 693 864 239 159 977 675 728 605 214 68 453 816 521 653 843 438 215 940 764 464 434 93 311 664 341 262 643 0 314 495 690 260 622 525 546 219 437 685 225 521 679 488 861 928 330 611 166 146 260 271 538 507 372 66 454 584 256 295 734 376 346 658 374 617 690 929 589 495 632 285 176 444
133 738 681 365 56 515 236 583 620 223 514 780 659 241 465 500 212 439 267 288 507 626 711 272 572 509 501 424 768 708 493 465 814 371 627 557 255 324 347 632 356 520 598 529 468 753 495 567 425 247 177 602 261 466 809 314 0 625 765 113 494 263 370 195 241 371 419 240 612 484 739 714 69 314 408 287 261 125 638 291 132 276 463 607 100 552 639 249 35 352 544 564 559 713 470 501 403 281 264 319
751 627 347 408 608 112 532 120 340 476 735 760 86 860 959 1089 485 193 391 516 512 416 748 660 457 139 694 544 211 647 686 434 744 958 470 327 375 427 394 663 484 480 796 105 670 756 791 68 260 457 739 374 799 240 190 495 625 0 209 511 460 631 508 433 512 902 710 661 388 240 591 799 579 753 336 380 364 500 65 554 558 453 226 207 525 288 464 819 656 821 127 341 498 801 433 223 627 762 659 419
880 528 236 464 761 300 616 328 268 576 941 671 129 985 1021 1184 587 334 504 584 495 341 682 730 410 262 694 750 3 564 893 643 639 1059 398 296 537 622 462 611 530 458 777 254 876 677 806 226 345 639 903 311 971 445 229 690 765 209 0 655 450 702 546 587 597 982 911 740 320 292 486 741 709 820 539 562 512 640 154 618 672 642 305 176 671 496 385 984 792 887 335 304 458 744 435 272 654 943 845 493
243 676 585 284 109 402 197 472 526 154 508 737 546 351 534 601 145 326 167 240 446 541 675 284 497 397 483 379 658 653 477 393 764 470 550 463 145 249 261 589 295 452 590 416 452 713 505 454 319 174 259 513 338 362 696 260 113 511 655 0 423 265 316 85 191 449 422 261 524 379 672 688 82 353 315 189 148 18 525 257 112 206 356 501 17 455 560 339 145 406 433 472 491 688 395 395 381 336 280 238
560 255 250 143 522 420 264 524 192 273 900 343 422 645 589 783 284 331 274 212 52 153 306 328 81 335 245 733 452 242 861 683 354 670 136 154 409 573 171 214 141 30 337 372 837 328 356 398 234 533 669 153 752 524 623 622 494 460 450 423 0 306 136 413 255 571 828 350 154 224 249 347 425 404 561 482 362 405 419 228 363 556 249 284 439 633 150 743 504 466 493 146 69 349 35 239 212 758 699 186
276 512 544 238 313 543 101 639 482 167 766 530 630 345 329 486 163 442 252 119 296 458 456 30 385 493 238 644 704 473 738 648 571 368 438 426 361 506 242 384 177 322 335 526 713 501 240 563 374 436 431 450 514 568 818 525 263 631 702 265 306 0 171 320 121 281 675 45 454 414 523 453 209 122 551 430 329 255 617 85 154 467 413 526 272 676 453 491 256 190 599 427 355 452 297 435 146 543 523 214
426 368 374 102 404 439 134 543 313 163 816 421 491 508 475 654 171 338 202 82 138 287 362 195 217 370 204 663 549 340 781 635 449 538 271 260 342 507 123 273 28 157 316 407 755 398 284 440 250 454 546 280 630 506 688 546 370 508 546 316 136 171 0 328 130 444 735 215 284 272 371 382 302 278 520 418 298 299 482 91 238 481 282 371 330 619 286 617 376 344 506 259 193 383 126 292 120 644 596 113
326 669 542 271 176 322 233 388 486 172 489 744 473 435 610 685 169 254 139 264 445 513 690 343 480 326 516 337 590 652 453 328 765 554 530 425 61 188 243 599 303 444 626 341 428 724 554 378 266 126 316 480 387 278 615 219 195 433 587 85 413 320 328 0 220 529 415 325 493 326 659 710 165 421 237 112 76 81 451 291 178 154 298 443 95 374 538 397 228 478 349 435 482 710 381 339 414 370 292 229
310 497 465 142 275 422 21 517 402 50 697 548 516 403 448 588 51 322 131 49 267 395 485 151 335 375 296 556 600 469 665 545 578 462 390 341 251 408 136 399 115 280 406 407 639 523 337 445 259 345 417 377 501 449 701 437 241 512 597 191 255 121 130 220 0 392 613 149 385 305 499 497 172 243 441 325 214 175 502 71 109 374 299 424 204 559 403 489 250 309 478 345 318 497 234 326 194 514 470 104
268 729 818 519 425 807 371 896 757 426 860 700 908 231 102 213 418 710 513 399 549 723 618 253 646 767 405 794 985 680 847 835 755 125 694 704 585 691 522 578 456 582 439 798 824 667 313 836 651 614 457 722 516 804 1092 685 371 902 982 449 571 281 444 529 392 0 761 243 724 694 753 587 368 167 764 638 567 449 894 365 357 644 691 807 446 903 710 473 340 108 856 703 607 584 569 714 367 576 609 492
493 1083 932 685 364 611 619 607 883 573 100 1156 783 554 862 819 566 601 554 662 859 920 1097 687 893 665 904 179 914 1067 100 301 1179 713 942 825 428 291 658 1009 713 858 1008 661 87 1133 912 686 656 301 308 883 277 472 843 225 419 710 911 422 828 675 735 415 613 761 0 657 897 711 1073 1110 466 733 375 369 472 438 758 679 524 285 677 809 410 470 949 326 439 764 586 837 897 1110 796 719 802 203 155 643
237 555 588 277 293 569 129 663 526 189 751 568 665 301 300 445 182 471 276 157 341 502 493 34 430 525 271 639 743 515 726 651 611 324 483 469 371 507 279 424 220 367 361 556 700 538 255 594 408 435 401 494 482 584 850 521 240 661 740 261 350 45 215 325 149 243 657 0 499 451 568 486 194 98 561 437 344 253 651 127 149 466 447 565 265 690 498 456 228 162 623 470 400 485 341 471 185 516 503 249
695 239 98 248 631 387 398 480 53 389 958 372 327 786 742 935 401 325 359 350 187 28 368 478 92 296 383 777 322 259 915 706 356 821 83 76 470 619 266 292 280 149 459 327 892 371 500 339 246 597 781 16 862 521 521 679 612 388 320 524 154 454 284 493 385 724 897 499 0 200 207 425 544 557 581 532 427 507 333 373 488 614 235 184 541 619 76 859 628 620 458 62 141 428 157 202 365 858 785 293
592 428 221 178 488 199 325 301 173 284 766 547 219 695 739 893 295 126 217 295 275 227 523 443 238 112 454 581 295 436 721 506 543 767 268 124 290 426 172 433 250 247 556 149 699 538 552 176 60 413 636 184 711 322 416 488 484 240 292 379 224 414 272 326 305 694 711 451 200 0 402 569 423 534 382 343 252 363 209 331 382 427 36 123 396 425 268 717 508 602 273 138 270 571 194 21 390 696 612 202
794 45 254 390 770 593 505 686 252 521 1141 187 523 869 742 963 532 528 520 453 233 179 219 538 180 503 354 967 487 96 1100 904 155 867 136 280 648 807 416 190 384 220 378 534 1076 199 468 545 440 774 915 223 999 725 706 861 739 591 486 672 249 523 371 659 499 753 1073 568 207 402 0 284 671 594 779 717 602 654 533 459 608 795 437 384 688 826 134 988 747 645 665 265 181 287 278 407 391 1007 947 435
720 240 506 462 760 767 491 870 478 540 1194 130 748 763 544 780 546 677 582 449 297 401 64 452 343 681 215 1045 743 189 1161 1013 193 712 344 473 723 889 490 136 408 322 148 717 1135 99 274 740 580 835 884 436 967 867 945 928 714 799 741 688 347 453 382 710 497 587 1110 486 425 569 284 0 653 462 895 800 678 672 750 431 590 863 596 604 700 978 356 942 708 489 839 460 301 4 380 582 311 995 964 490
173 670 615 297 107 472 169 548 553 155 557 715 607 281 454 521 144 389 206 220 439 558 648 223 503 457 442 447 712 641 532 471 748 390 558 491 223 326 279 566 287 451 543 480 506 689 447 519 366 250 245 535 329 442 767 330 69 579 709 82 425 209 302 165 172 368 466 194 544 423 671 653 0 281 397 271 218 84 588 226 65 281 405 546 79 537 570 318 85 329 509 497 490 653 401 441 342 345 314 251
270 574 650 357 370 664 222 759 590 285 828 562 751 301 206 379 280 564 372 240 383 556 482 93 479 615 259 728 822 528 807 746 612 273 528 537 469 602 364 429 291 415 322 648 782 530 200 686 496 528 456 555 532 682 941 611 314 753 820 353 404 122 278 421 243 167 733 98 557 534 594 462 281 0 658 534 443 347 739 203 244 559 535 644 356 789 544 499 294 68 719 536 442 461 402 555 203 576 577 336
540 801 593 433 367 240 457 236 553 390 404 904 410 644 847 908 391 257 320 475 605 608 863 577 604 308 722 212 541 799 356 125 910 778 644 505 191 105 405 770 492 590 834 296 337 889 777 315 339 168 458 565 500 97 477 166 408 336 539 315 561 551 520 237 441 764 375 561 581 382 779 895 397 658 0 126 227 316 385 509 415 148 346 456 319 145 646 530 443 716 211 519 624 896 526 383 625 449 341 407
420 733 564 343 251 269 340 310 515 275 426 822 438 526 722 786 274 236 217 364 520 556 774 455 537 304 615 251 565 723 384 220 836 655 583 458 76 91 314 682 391 512 727 308 360 804 661 339 288 77 363 517 419 182 549 146 287 380 562 189 482 430 418 112 325 638 369 437 532 343 717 800 271 534 126 0 121 190 414 395 290 84 309 443 194 267 589 441 321 590 275 471 549 800 447 350 516 382 283 310
388 616 471 223 249 255 232 332 416 165 539 701 400 497 641 737 167 180 96 248 400 448 652 356 422 252 497 371 515 604 499 337 717 605 470 356 46 212 194 560 271 393 609 269 475 683 551 306 192 172 391 413 462 240 550 260 261 364 512 148 362 329 298 76 214 567 472 344 427 252 602 678 218 443 227 121 0 137 379 282 210 194 223 367 162 347 477 472 292 504 292 367 430 679 329 265 399 444 361 188
252 659 568 266 126 392 182 465 508 136 522 720 533 361 532 606 128 313 150 224 429 523 659 275 479 384 469 390 643 636 491 399 747 474 532 446 139 255 243 572 278 434 577 404 465 696 494 442 303 182 276 495 355 358 686 271 125 500 640 18 405 255 299 81 175 449 438 253 507 363 654 672 84 347 316 190 137 0 513 243 104 213 340 485 35 454 543 356 155 402 425 454 473 672 377 379 367 354 297 220
761 569 285 385 627 147 522 183 283 471 788 705 25 868 944 1086 481 200 390 499 470 360 698 646 407 131 659 596 156 592 739 490 686 957 416 277 397 470 375 614 459 437 756 110 722 703 760 75 243 491 764 319 828 292 207 538 638 65 154 525 419 617 482 451 502 894 758 651 333 209 533 750 588 739 385 414 379 513 0 537 560 491 204 150 540 350 409 845 668 807 184 290 450 753 394 189 599 796 696 403
336 452 461 155 332 472 61 571 399 120 765 489 549 417 407 571 122 370 193 39 227 378 422 112 309 416 226 627 620 419 733 615 524 451 363 342 320 478 161 341 94 248 336 450 708 463 269 486 295 415 467 368 551 513 740 507 291 554 618 257 228 85 91 291 71 365 679 127 373 331 459 431 226 203 509 395 282 243 537 0 161 445 333 442 269 624 377 534 293 271 532 343 283 431 215 352 124 570 533 135
211 606 563 241 171 456 105 541 501 101 613 650 578 313 434 531 89 365 170 156 376 500 584 172 443 429 380 491 675 576 585 502 683 400 498 438 229 358 227 502 224 389 484 456 560 624 394 495 327 286 309 479 393 447 748 372 132 558 672 112 363 154 238 178 109 357 524 149 488 382 608 590 65 244 415 290 210 104 560 161 0 317 368 504 118 549 510 380 141 301 500 444 427 590 341 401 279 409 375 197
403 809 648 415 229 345 386 371 598 327 346 893 516 504 734 772 323 320 284 418 592 637 841 489 615 387 670 183 644 797 305 190 910 645 663 541 147 49 386 750 455 586 781 388 281 873 705 417 371 31 310 600 355 233 613 66 276 453 642 206 556 467 481 154 374 644 285 466 614 427 795 863 281 559 148 84 194 213 491 445 317 0 393 527 204 291 669 383 310 610 339 553 624 864 522 434 569 310 206 377
576 462 255 183 464 171 319 275 209 273 731 579 217 680 740 886 283 91 199 295 300 262 552 442 270 90 472 546 308 468 686 470 576 759 302 159 259 391 171 461 258 274 576 127 664 569 565 159 40 380 611 219 685 288 408 454 463 226 305 356 249 413 282 298 299 691 677 447 235 36 437 596 405 535 346 309 223 340 204 333 368 393 0 145 372 392 303 692 489 603 244 174 300 598 217 42 402 667 580 199
715 420 146 288 609 229 442 308 134 406 854 555 144 818 845 1010 417 207 340 408 333 211 550 554 261 148 528 665 178 443 808 575 537 885 266 133 400 518 288 468 354 297 619 166 787 554 637 166 181 517 756 170 829 377 343 584 607 207 176 501 284 526 371 443 424 807 809 565 184 123 384 604 546 644 456 443 367 485 150 442 504 527 145 0 517 462 259 837 631 712 293 144 306 606 265 105 481 810 721 319
232 692 602 300 92 415 208 483 543 168 497 751 561 340 532 593 159 341 184 253 461 558 688 290 513 412 494 374 673 668 468 393 778 462 567 480 156 248 277 602 310 468 600 431 442 726 512 468 336 172 242 530 321 370 709 256 100 525 671 17 439 272 330 95 204 446 410 265 541 396 688 700 79 356 319 194 162 35 540 269 118 204 372 517 0 461 577 322 133 406 444 488 507 700 411 412 392 320 266 254
684 853 608 523 512 235 578 168 582 511 471 970 373 789 983 1052 513 303 431 587 682 647 939 703 662 324 823 291 498 860 423 170 968 922 692 546 320 244 497 847 591 661 935 297 411 959 891 298 400 313 599 603 635 113 378 295 552 288 496 455 633 676 619 374 559 903 470 690 619 425 826 978 537 789 145 267 347 454 350 624 549 291 392 462 461 0 692 669 587 849 170 560 690 980 599 418 733 579 469 507
710 164 151 277 663 460 413 555 126 416 1014 296 402 794 718 923 427 394 401 362 162 48 297 474 69 369 343 837 387 184 972 771 280 815 17 146 522 678 300 227 290 131 405 401 949 296 462 415 307 649 812 91 895 590 594 734 639 464 385 560 150 453 286 538 403 710 949 498 76 268 134 356 570 544 646 589 477 543 409 377 510 669 303 259 577 692 0 888 651 604 532 131 104 359 169 273 344 896 830 323
228 985 924 613 230 707 483 750 864 472 422 1019 868 246 575 497 461 650 505 535 755 874 947 490 821 722 728 435 987 953 425 530 1057 401 876 801 448 426 593 872 604 769 814 735 407 991 698 770 657 370 82 848 50 615 991 376 249 819 984 339 743 491 617 397 489 473 326 456 859 717 988 942 318 499 530 441 472 356 845 534 380 383 692 837 322 669 888 0 241 508 716 808 807 941 719 733 636 123 213 567
99 744 700 381 85 547 243 616 638 239 536 780 688 207 436 465 227 468 291 295 515 641 709 261 584 538 494 454 795 712 517 499 816 336 639 576 288 358 364 632 365 530 588 559 492 752 481 597 450 281 176 619 259 501 841 346 35 656 792 145 504 256 376 228 250 340 439 228 628 508 747 708 85 294 443 321 292 155 668 293 141 310 489 631 133 587 651 241 0 327 577 582 568 708 482 526 399 288 284 335
283 622 715 425 408 731 289 825 655 351 862 597 820 287 139 320 344 631 438 308 442 618 516 161 540 683 299 773 890 574 844 799 651 226 588 603 529 654 432 472 358 476 343 716 819 565 216 753 564 579 475 619 545 744 1008 658 352 821 887 406 466 190 344 478 309 108 764 162 620 602 645 489 329 68 716 590 504 402 807 271 301 610 603 712 406 849 604 508 327 0 785 602 500 487 466 623 260 596 609 404
675 695 439 405 519 73 498 40 417 434 608 819 208 784 923 1029 441 168 347 494 544 486 795 628 509 163 706 418 337 707 560 308 811 897 535 387 289 308 383 705 479 518 814 131 543 811 789 128 263 347 638 442 692 114 275 374 544 127 335 433 493 599 506 349 478 856 586 623 458 273 665 839 509 719 211 275 292 425 184 532 500 339 244 293 444 170 532 716 577 785 0 401 543 841 460 262 625 649 544 402
653 294 120 204 579 329 360 425 57 343 897 421 288 748 729 912 355 264 305 316 192 89 408 452 117 238 390 715 306 308 853 644 410 794 133 15 410 558 218 325 249 155 477 271 831 416 502 287 184 537 730 47 809 460 487 617 564 341 304 472 146 427 259 435 345 703 837 470 62 138 265 460 497 536 519 471 367 454 290 343 444 553 174 144 488 560 131 808 582 602 401 0 162 463 136 142 355 802 727 247
619 187 237 212 589 470 325 572 191 340 969 281 449 699 615 820 350 387 343 273 59 127 253 374 49 382 244 800 460 175 929 748 287 713 87 173 477 640 239 165 203 39 319 417 905 269 362 439 291 601 734 148 818 582 649 690 559 498 458 491 69 355 193 482 318 607 897 400 141 270 181 301 490 442 624 549 430 473 450 283 427 624 300 306 507 690 104 807 568 500 543 162 0 303 102 283 240 826 768 255
718 244 509 463 759 769 491 872 481 540 1194 133 751 761 541 777 546 679 583 449 298 404 68 451 346 683 214 1046 746 193 1161 1014 197 709 347 476 724 890 491 139 409 324 146 719 1135 103 272 742 582 836 883 439 966 869 948 929 713 801 744 688 349 452 383 710 497 584 1110 485 428 571 287 4 653 461 896 800 679 672 753 431 590 864 598 606 700 980 359 941 708 487 841 463 303 0 382 584 311 994 964 491
542 288 249 111 495 388 245 492 188 247 867 378 399 630 593 779 258 297 242 195 83 163 341 321 103 305 265 698 438 276 827 648 389 664 157 140 375 538 138 248 124 65 363 342 803 363 372 369 200 499 644 154 726 489 600 589 470 433 435 395 35 297 126 381 234 569 796 341 157 194 278 380 401 402 526 447 329 377 394 215 341 522 217 265 411 599 169 719 482 466 460 136 102 382 0 210 219 730 669 157
611 435 214 198 504 189 345 289 171 304 771 557 198 714 759 913 315 125 235 316 291 230 535 464 247 99 472 585 275 445 726 506 550 787 274 127 301 432 193 446 271 261 573 135 704 549 571 159 76 422 651 186 726 319 396 495 501 223 272 395 239 435 292 339 326 714 719 471 202 21 407 582 441 555 383 350 265 379 189 352 401 434 42 105 412 418 273 733 526 623 262 142 283 584 210 0 410 708 622 223
421 374 461 222 448 559 185 662 404 242 889 384 607 483 378 580 246 458 305 152 183 360 311 152 281 490 102 751 656 332 858 735 426 477 327 359 440 601 242 239 146 217 212 527 832 355 164 560 370 539 575 365 658 620 806 632 403 627 654 381 212 146 120 414 194 367 802 185 365 390 391 311 342 203 625 516 399 367 599 124 279 569 402 481 392 733 344 636 399 260 625 355 240 311 219 410 0 684 654 226
314 1009 912 620 239 652 513 680 855 486 300 1059 820 358 678 618 476 610 498 563 779 876 992 549 833 682 781 323 945 983 302 428 1092 517 886 793 410 345 596 911 626 787 877 689 284 1033 768 721 636 305 121 845 74 541 923 285 281 762 943 336 758 543 644 370 514 576 203 516 858 696 1007 995 345 576 449 382 444 354 796 570 409 310 667 810 320 579 896 123 288 596 649 802 826 994 730 708 684 0 110 574
341 954 831 557 210 550 473 573 777 434 253 1017 721 412 709 683 425 517 429 519 725 805 954 534 769 587 755 222 848 933 239 320 1044 570 821 716 322 237 531 869 575 729 857 591 216 993 759 621 552 206 167 772 171 434 816 176 264 659 845 280 699 523 596 292 470 609 155 503 785 612 947 964 314 577 341 283 361 297 696 533 375 206 580 721 266 469 830 213 284 609 544 727 768 964 669 622 654 110 0 513
407 441 366 46 341 338 123 440 304 97 718 516 416 504 541 691 108 237 93 97 216 307 465 243 259 281 316 558 496 423 681 524 536 566 312 242 234 400 31 373 85 216 428 315 656 496 388 351 161 352 490 283 572 395 606 444 319 419 493 238 186 214 113 229 104 492 643 249 293 202 435 490 251 336 407 310 188 220 403 135 197 377 199 319 254 507 323 567 335 404 402 247 255 491 157 223 226 574 513 0
