# TTSP Euclidean complete-graph matrix instance
# seed: 2024
# depot: 1
# L_max is not stored in this file; pass it with --budget when running algorithms.
# coordinate rows: node x y
# coord 1 470.090718 728.264291
# coord 2 303.751358 887.298269
# coord 3 410.088589 716.614394
# coord 4 265.221138 245.166649
# coord 5 812.581627 498.301382
# coord 6 415.872101 727.759135
# coord 7 963.249648 309.529212
# coord 8 704.059782 519.350723
# coord 9 731.360084 999.663121
# coord 10 206.381833 752.590699
# coord 11 468.533217 709.034881
# coord 12 871.906732 148.371402
# coord 13 212.611071 411.910452
# coord 14 58.485037 349.444916
# coord 15 416.570659 124.183519
# coord 16 743.503586 762.811171
# coord 17 390.306036 345.296404
# coord 18 201.147574 426.806870
# coord 19 316.454139 214.057072
# coord 20 867.800552 229.103045
# coord 21 40.487049 225.219688
# coord 22 19.420810 865.412341
# coord 23 843.958695 319.223864
# coord 24 960.346010 804.381353
# coord 25 421.049197 112.034703
# coord 26 851.341364 606.698973
# coord 27 230.602341 995.086264
# coord 28 365.710528 203.092384
# coord 29 493.341778 836.513613
# coord 30 141.397128 387.271670
# coord 31 337.259720 940.051546
# coord 32 999.165131 464.961014
# coord 33 169.815426 695.589727
# coord 34 861.184665 331.813424
# coord 35 206.910644 686.573223
# coord 36 97.990766 843.557173
# coord 37 4.316866 150.658879
# coord 38 703.840123 350.285487
# coord 39 81.438833 803.009147
# coord 40 239.284923 461.164583
# coord 41 263.625849 523.698553
# coord 42 436.017056 972.014743
# coord 43 200.935787 70.847715
# coord 44 302.501397 135.767114
# coord 45 661.604298 250.027295
# coord 46 100.611541 218.686379
# coord 47 195.440462 388.598957
# coord 48 515.268004 223.236884
# coord 49 354.611238 702.545404
# coord 50 799.777933 578.858636
# coord 51 932.033551 544.159520
# coord 52 936.131870 720.462337
# coord 53 633.427010 118.550608
# coord 54 55.766408 125.473395
# coord 55 829.545090 906.671514
# coord 56 614.946313 87.873451
# coord 57 504.140229 236.252118
# coord 58 583.936094 731.840440
# coord 59 162.035600 125.315000
# coord 60 104.297353 943.597299
# coord 61 561.676166 994.623598
# coord 62 631.510847 595.385120
# coord 63 560.033159 544.285228
# coord 64 314.739555 122.864427
# coord 65 28.919721 61.482028
# coord 66 635.348915 624.896911
# coord 67 619.863925 210.173395
# coord 68 207.855445 190.095599
# coord 69 186.158027 313.662375
# coord 70 732.597980 634.300444
# coord 71 834.621427 805.819942
# coord 72 217.280868 586.330234
# coord 73 448.732874 418.422189
# coord 74 703.031884 882.385665
# coord 75 160.375739 397.899957
# coord 76 752.627762 356.680032
# coord 77 686.630026 119.250054
# coord 78 674.703531 772.827158
# coord 79 752.110768 419.220430
# coord 80 976.350569 214.181867
# coord 81 464.616929 496.411223
# coord 82 805.825502 431.565779
# coord 83 10.650788 339.987632
# coord 84 973.179734 938.135750
# coord 85 255.678599 733.074487
# coord 86 225.098033 969.299898
# coord 87 826.517074 846.359457
# coord 88 67.511983 882.812233
# coord 89 174.953871 861.317585
# coord 90 307.446017 916.421423
# coord 91 495.011048 362.898013
# coord 92 466.269679 433.855496
# coord 93 491.938037 326.341973
# coord 94 37.285758 121.583820
# coord 95 363.421086 636.670172
# coord 96 180.658158 705.105037
# coord 97 54.379572 435.626208
# coord 98 26.220402 911.587588
# coord 99 939.772235 230.910555
# coord 100 317.596373 869.501230
# reference_nearest_neighbor_tour_cost: 10429
TTSP_MATRIX
100
0 18 28 73 75 14 56 14 77 91 90 35 56 72 21 98 30 1 66 16 26 49 69 74 53 58 74 23 83 32 71 98 38 36 76 46 58 82 15 52 51 98 37 41 65 67 30 31 100 46 30 54 60 74 40 37 87 88 25 60 83 70 7 33 49 84 27 34 53 67 18 84 41 37 89 69 18 98 12 65 29 60 78 36 38 32 83 67 50 95 37 24 62 47 4 77 83 49 89 9
0 230 61 525 413 54 647 314 377 265 19 706 408 559 606 276 391 404 537 638 662 471 554 496 618 400 359 535 111 474 250 591 302 557 266 390 742 444 396 353 291 246 710 616 515 629 437 507 118 362 497 466 631 731 401 657 493 114 677 424 282 209 205 625 800 195 539 599 503 279 373 290 311 279 453 467 646 209 418 722 232 448 602 545 214 344 375 431 324 249 366 294 403 745 141 290 508 480 684 208
230 0 201 643 640 195 877 544 442 166 243 932 484 591 771 457 549 472 673 867 712 285 784 662 784 615 130 687 196 526 62 814 234 787 223 210 795 670 238 431 366 157 823 752 731 699 510 697 192 584 716 654 836 801 526 858 681 320 775 207 279 439 428 765 870 423 747 704 586 498 537 313 491 399 510 695 858 388 648 952 423 678 621 671 162 114 524 236 131 29 558 482 592 811 258 220 516 279 914 23
61 201 0 493 458 13 687 354 428 207 59 732 363 508 592 337 372 357 511 669 615 418 588 557 605 455 331 515 146 425 235 641 241 593 205 337 696 470 340 307 242 257 679 591 530 586 392 504 57 413 550 526 638 689 461 661 489 175 641 381 317 252 228 601 758 243 548 564 461 333 434 233 301 337 405 497 658 271 453 757 227 488 549 605 155 313 436 381 276 225 364 288 399 702 93 230 453 431 719 179
525 643 493 0 603 506 701 517 887 511 506 614 175 232 194 705 160 193 60 603 226 667 583 892 205 689 751 109 634 188 699 766 460 602 445 621 277 451 587 218 279 747 186 116 396 167 160 251 466 630 731 822 389 241 870 383 239 582 158 717 806 507 420 132 299 530 356 80 105 608 799 345 252 773 185 500 440 668 517 712 321 572 272 991 488 725 822 668 623 673 258 276 241 259 404 468 284 708 675 627
413 640 458 603 0 458 242 111 508 657 403 355 606 769 545 273 449 616 572 275 819 874 182 340 550 115 765 536 465 680 649 190 672 173 634 794 880 184 792 574 550 605 746 626 291 765 627 405 501 82 128 254 420 844 409 456 405 327 750 837 556 205 257 624 897 218 347 679 653 158 308 602 373 399 660 154 399 307 100 328 348 67 817 468 604 753 348 838 734 656 345 352 364 862 470 665 761 888 296 619
54 195 13 506 458 0 689 356 416 211 56 737 376 520 604 330 383 370 523 673 627 420 592 550 616 452 325 527 134 437 226 640 248 596 213 338 709 475 343 320 255 245 691 603 537 599 404 514 66 412 548 520 647 702 451 670 499 168 654 379 304 253 233 613 770 242 556 577 474 330 426 244 311 326 417 501 666 263 456 760 236 490 561 596 160 308 427 381 275 218 373 298 409 715 105 236 465 431 722 172
647 877 687 701 242 689 0 333 728 877 636 185 758 906 577 504 574 771 654 125 927 1095 120 495 577 318 1003 607 706 826 888 160 882 104 845 1017 972 263 1011 740 732 847 799 683 307 867 772 456 725 315 237 412 381 926 612 413 465 568 822 1068 794 438 467 675 967 455 357 765 777 398 513 796 526 629 808 216 336 546 238 96 533 199 953 629 825 990 554 1063 962 894 471 512 472 945 683 877 918 1114 82 855
314 544 354 517 111 356 333 0 481 550 302 407 503 668 489 247 359 511 493 333 726 767 244 383 496 171 671 463 381 578 558 300 563 245 525 687 791 169 684 468 440 526 674 555 273 674 525 351 395 113 229 307 407 759 407 441 347 244 670 735 496 105 146 556 816 126 320 596 557 118 315 491 275 363 557 170 400 255 111 409 241 134 716 498 497 657 349 733 630 561 261 253 287 776 360 555 655 783 373 521
377 442 428 887 508 416 728 481 0 580 392 863 784 936 930 237 738 781 888 783 1038 724 690 301 940 411 501 876 289 850 399 598 639 680 611 652 1118 650 679 729 667 297 1070 964 753 1004 813 806 480 426 498 346 887 1105 135 919 797 306 1043 630 170 416 487 971 1172 387 797 964 876 365 220 660 646 121 830 643 882 234 581 823 570 573 977 250 545 507 180 674 573 432 679 625 715 1119 517 625 881 711 797 434
265 166 207 511 657 211 877 550 580 0 266 899 341 429 663 537 447 326 550 844 553 218 771 756 676 661 244 572 299 371 229 843 68 778 66 142 635 640 135 293 236 318 682 624 678 544 364 613 156 618 755 730 764 645 642 780 596 378 629 217 430 453 410 639 714 448 682 562 439 539 630 167 413 513 358 675 795 469 639 940 364 680 457 789 53 218 627 190 113 192 485 411 513 653 195 54 352 240 900 161
19 243 59 506 403 56 636 302 392 266 0 691 392 545 587 280 372 389 518 624 646 476 541 501 599 396 372 516 130 459 266 584 299 544 263 394 726 429 398 338 276 265 692 597 498 613 421 488 114 356 492 468 613 715 412 638 474 118 659 433 300 199 188 606 783 187 521 581 486 274 379 280 291 292 438 453 629 216 405 709 213 437 588 554 214 356 383 437 331 263 347 275 383 729 128 288 496 486 671 220
706 932 732 614 355 737 185 407 863 899 691 0 710 838 456 628 520 726 559 81 835 1114 173 662 452 459 1062 509 785 769 955 341 890 184 856 1040 868 263 1026 706 715 932 675 570 234 774 718 364 758 436 400 576 240 816 759 264 378 651 710 1105 901 508 504 558 847 532 260 665 705 506 659 788 502 753 754 240 188 655 296 123 536 291 882 796 849 1045 699 1089 997 953 434 496 420 835 705 888 867 1139 107 910
408 484 363 175 606 376 758 503 784 341 392 710 0 166 353 636 190 19 223 680 254 493 638 844 365 668 583 259 509 75 543 788 287 654 275 447 334 495 413 56 123 603 341 290 477 223 29 357 323 610 731 787 513 327 791 517 340 490 291 543 679 457 372 307 396 473 454 222 102 566 736 174 236 680 54 543 557 586 540 789 266 594 214 925 324 558 752 493 451 513 287 255 292 339 271 295 160 533 749 469
559 591 508 232 769 520 906 668 936 429 545 838 166 0 423 800 332 162 291 818 126 517 786 1010 433 834 668 340 653 91 653 948 364 803 368 496 206 645 454 213 269 728 313 324 611 137 142 474 461 776 895 953 620 224 951 615 460 650 247 596 818 624 538 342 289 639 578 218 133 732 900 285 396 836 113 694 669 748 697 928 432 752 49 1088 431 642 915 533 525 619 437 416 434 229 419 376 86 563 889 581
606 771 592 194 545 604 577 489 930 663 587 456 353 423 0 717 223 371 135 463 389 841 470 871 13 649 891 94 716 381 820 675 622 491 600 787 413 366 757 381 428 848 222 115 275 330 345 140 582 595 665 791 217 361 885 202 142 630 255 877 882 518 444 102 393 546 221 219 298 600 800 503 296 811 375 409 270 698 447 567 375 496 460 986 630 867 830 835 776 800 251 314 216 379 515 627 478 879 534 752
276 457 337 705 273 330 504 247 237 537 280 628 636 800 717 0 547 638 695 548 885 731 455 221 726 190 563 675 261 710 443 393 578 447 542 651 960 414 663 588 536 372 879 767 519 842 664 586 394 192 289 197 654 938 168 687 578 163 863 664 295 201 285 770 1001 175 566 784 716 129 101 555 453 126 688 406 646 70 344 596 386 337 846 289 489 558 118 687 577 462 471 430 504 954 400 566 763 733 567 439
391 549 372 160 449 383 574 359 738 447 372 520 190 332 223 547 0 206 151 491 370 639 454 732 235 530 669 144 502 252 597 621 414 471 387 578 432 314 552 190 219 628 333 227 288 316 200 175 359 471 577 662 332 400 713 342 158 432 317 663 672 347 262 235 460 372 266 240 207 448 640 297 94 622 236 363 373 513 369 601 168 424 380 831 410 646 664 627 559 577 106 117 103 418 293 416 348 673 561 529
404 472 357 193 616 370 771 511 781 326 389 726 19 162 371 638 206 0 242 695 258 475 652 848 384 675 569 278 503 72 531 799 271 667 260 429 339 508 395 51 115 594 356 308 493 231 39 374 316 618 740 791 531 335 791 535 358 489 304 526 673 462 378 324 404 477 471 237 114 571 738 160 248 678 50 556 575 587 551 804 273 605 209 926 311 543 753 475 435 501 301 265 308 346 265 279 147 515 764 458
537 673 511 60 572 523 654 493 888 550 518 559 223 291 135 695 151 242 0 552 276 716 538 874 146 664 786 50 647 246 726 727 503 557 485 666 319 411 634 259 314 767 184 80 347 216 212 199 490 606 699 800 331 275 862 324 189 583 178 760 818 495 410 91 326 520 303 111 164 591 787 385 243 772 241 459 382 664 482 660 319 536 331 978 523 761 812 714 663 702 232 266 208 294 425 509 343 756 624 655
638 867 669 603 275 673 125 333 783 844 624 81 680 818 463 548 491 695 552 0 827 1060 93 583 462 378 996 503 714 743 887 270 840 103 804 985 867 204 974 670 672 859 685 573 207 767 691 353 698 356 322 496 259 819 679 290 364 577 713 1046 824 436 441 563 855 459 249 661 687 427 578 742 460 674 727 172 212 577 223 110 484 212 864 717 793 980 619 1033 938 887 396 451 388 837 648 836 839 1084 72 844
662 712 615 226 819 627 927 726 1038 553 646 835 254 126 389 885 370 258 276 827 0 641 809 1087 397 896 793 326 761 191 774 988 488 828 490 621 83 675 579 309 373 845 223 277 622 60 225 475 571 838 947 1023 602 101 1043 591 464 743 157 721 929 697 610 293 164 717 580 171 170 804 984 402 452 933 210 724 655 838 738 936 503 793 119 1174 552 767 1002 658 650 741 475 474 463 104 523 500 211 687 899 701
471 285 418 667 874 420 1095 767 724 218 476 1114 493 517 841 731 639 475 716 1060 641 0 989 943 854 871 248 747 475 493 326 1058 227 997 259 82 715 857 88 460 420 430 815 783 889 652 508 811 373 831 968 928 967 741 811 979 794 580 754 115 557 669 629 799 804 661 889 701 576 750 817 342 620 684 488 892 1001 662 858 1158 578 898 525 957 271 230 807 51 156 293 692 621 717 744 413 227 431 47 1118 298
554 784 588 583 182 592 120 244 690 771 541 173 638 786 470 455 454 652 538 93 809 989 0 499 471 288 913 492 625 706 801 213 772 21 735 912 856 144 903 621 615 770 689 572 195 750 652 342 622 263 242 412 291 812 588 326 350 488 709 968 732 348 362 564 855 370 249 649 658 334 487 681 407 581 688 99 254 484 136 169 419 119 834 632 719 898 527 959 861 803 352 395 352 831 576 767 798 1010 130 761
496 662 557 892 340 550 495 383 301 756 501 662 844 1010 871 221 732 848 874 583 1087 943 499 0 878 226 754 846 468 919 638 342 798 483 763 863 1158 522 879 799 751 550 1056 938 630 1040 871 732 614 277 262 87 760 1131 166 795 729 383 1048 867 442 390 477 939 1191 371 685 971 917 284 126 774 641 269 897 494 738 287 438 590 584 404 1057 134 708 754 140 896 787 662 641 618 669 1148 620 786 978 940 574 646
618 784 605 205 550 616 577 496 940 676 599 452 365 433 13 726 235 384 146 462 397 854 471 878 0 656 903 107 728 392 832 677 635 492 613 800 419 370 770 394 441 860 224 121 277 338 357 146 594 601 669 797 212 366 893 195 149 641 259 890 894 527 454 107 395 556 222 227 310 608 808 516 308 820 387 412 266 708 452 565 387 500 469 994 643 879 839 848 789 812 262 325 226 384 528 640 489 892 532 764
400 615 455 689 115 452 318 171 411 661 396 459 668 834 649 190 530 675 664 378 896 871 288 226 656 0 732 631 425 743 613 205 687 275 649 790 962 296 795 629 594 553 843 723 404 845 691 510 506 59 102 142 535 930 301 570 508 295 841 819 484 220 298 723 987 217 459 767 727 122 200 634 444 313 722 269 515 242 212 412 402 181 882 353 609 724 241 831 723 626 432 422 456 948 489 678 815 880 386 595
359 130 331 751 765 325 1003 671 501 244 372 1062 583 668 891 563 669 569 786 996 793 248 913 754 903 732 0 803 307 614 120 934 306 915 309 201 874 800 243 534 473 207 925 862 861 787 608 823 318 705 834 757 965 887 605 985 807 441 872 136 331 566 558 876 955 549 876 805 683 618 633 409 617 486 601 825 987 497 777 1080 551 805 691 745 263 26 614 198 145 110 685 609 718 895 382 294 587 221 1043 153
535 687 515 109 536 527 607 463 876 572 516 509 259 340 94 675 144 278 50 503 326 747 492 846 107 631 803 0 646 290 738 685 530 512 509 694 365 369 664 287 336 772 211 92 300 266 252 151 500 574 661 770 281 320 843 275 142 572 218 785 815 474 393 95 365 501 254 158 211 566 764 411 231 758 283 416 332 648 443 611 310 496 381 954 541 779 791 742 685 716 206 252 176 338 434 535 389 786 575 668
111 196 146 634 465 134 706 381 289 299 130 785 509 653 716 261 502 503 647 714 761 475 625 468 728 425 307 646 0 571 187 628 353 625 323 395 842 530 413 453 388 147 820 726 610 732 538 614 193 400 527 458 732 835 343 758 600 138 785 404 172 278 300 736 904 255 639 707 606 313 343 373 420 215 551 545 743 192 491 788 341 511 692 490 259 299 333 428 319 202 474 404 510 848 238 339 594 473 752 179
474 526 425 188 680 437 826 578 850 371 459 769 75 91 381 710 252 72 246 743 191 493 706 919 392 743 614 290 571 0 586 861 310 722 306 458 273 564 420 123 183 655 322 299 538 173 54 408 381 686 806 862 561 275 862 560 393 561 263 558 739 532 447 316 345 548 510 208 86 641 810 213 309 749 22 612 608 658 612 853 341 666 139 998 364 588 825 501 475 555 354 328 356 285 334 320 100 537 814 513
250 62 235 699 649 226 888 558 399 229 266 955 543 653 820 443 597 531 726 887 774 326 801 638 832 613 120 738 187 586 0 815 296 803 285 258 857 694 290 489 423 104 880 805 762 759 569 739 238 587 714 638 873 862 493 896 723 323 833 233 231 453 454 817 931 434 783 761 644 500 515 374 533 370 570 716 892 377 666 967 462 691 683 636 222 116 498 276 180 38 598 522 633 872 305 282 578 312 931 73
591 814 641 766 190 640 160 300 598 843 584 341 788 948 675 393 621 799 727 270 988 1058 213 342 677 205 934 685 628 861 815 0 861 192 823 977 1043 317 978 760 738 758 890 771 400 932 807 541 687 230 104 263 504 1003 473 538 545 494 903 1015 687 390 446 765 1051 397 457 838 827 316 378 791 552 512 841 269 466 447 251 252 535 196 996 474 790 924 419 1021 915 826 514 534 526 1021 659 853 945 1071 241 793
302 234 241 460 672 248 882 563 639 68 299 890 287 364 622 578 414 271 503 840 488 227 772 798 635 687 306 530 353 310 296 861 0 781 38 164 570 636 139 245 196 384 626 575 664 482 308 585 185 641 777 767 740 581 693 753 568 416 570 257 493 472 419 591 650 471 662 507 382 566 674 119 393 565 298 674 774 511 645 939 356 689 390 839 94 279 674 213 166 260 465 395 490 589 202 14 284 259 899 228
557 787 593 602 173 596 104 245 680 778 544 184 654 803 491 447 471 667 557 103 828 997 21 483 492 275 915 512 625 722 803 192 781 0 744 919 876 158 911 635 628 769 710 592 216 769 668 363 628 255 224 396 312 831 576 347 370 487 729 973 727 350 369 585 875 370 270 669 675 329 475 692 421 573 704 111 275 479 140 165 429 114 851 617 726 901 516 966 867 805 367 408 369 850 584 776 813 1017 128 765
266 223 205 445 634 213 845 525 611 66 263 856 275 368 600 542 387 260 485 804 490 259 735 763 613 649 309 509 323 306 285 823 38 744 0 191 573 600 171 228 172 366 616 559 630 480 298 557 149 603 739 730 710 581 660 725 540 380 563 277 470 434 381 574 650 433 630 496 373 528 639 101 361 533 292 638 743 476 607 903 320 651 398 807 67 283 640 241 178 251 433 362 459 590 164 32 294 289 863 214
390 210 337 621 794 338 1017 687 652 142 394 1040 447 496 787 651 578 429 666 985 621 82 912 863 800 790 201 694 395 458 258 977 164 919 191 0 699 781 44 408 360 362 780 737 818 625 465 748 293 750 886 847 901 719 734 916 731 499 721 100 488 588 550 753 785 580 821 663 537 668 738 284 551 606 450 816 933 581 780 1081 505 819 511 880 193 179 729 50 79 222 623 551 650 725 337 161 410 99 1041 221
742 795 696 277 880 709 972 791 1118 635 726 868 334 206 413 960 432 339 319 867 83 715 856 1158 419 962 874 365 842 273 857 1043 570 876 573 699 0 727 657 389 454 928 212 299 665 118 305 516 654 903 1008 1092 630 57 1119 614 507 821 160 799 1011 769 681 312 93 789 618 207 244 874 1058 485 519 1012 292 776 683 915 795 974 576 849 189 1249 634 848 1077 735 731 824 535 542 518 44 604 582 289 761 939 784
444 670 470 451 184 475 263 169 650 640 429 263 495 645 366 414 314 508 411 204 675 857 144 522 370 296 800 369 530 564 694 317 636 158 600 781 727 0 770 478 473 677 575 455 109 617 510 227 496 248 299 437 242 686 570 277 230 400 587 843 660 256 241 451 734 283 163 521 519 285 474 541 264 532 546 49 232 424 84 305 280 130 693 647 589 783 511 830 735 691 209 252 213 705 445 632 655 880 264 647
396 238 340 587 792 343 1011 684 679 135 398 1026 413 454 757 663 552 395 634 974 579 88 903 879 770 795 243 664 413 420 290 978 139 911 171 44 657 770 0 377 333 393 742 703 801 585 430 724 291 752 889 859 879 678 755 892 707 508 682 142 517 588 544 719 743 582 801 626 500 673 753 256 532 627 413 806 913 594 773 1071 491 814 468 902 188 220 746 81 110 253 604 533 629 683 327 139 368 122 1032 245
353 431 307 218 574 320 740 468 729 293 338 706 56 213 381 588 190 51 259 670 309 460 621 799 394 629 534 287 453 123 489 760 245 635 228 408 389 478 377 0 67 547 392 331 472 279 85 364 268 573 698 744 522 383 740 530 347 438 345 501 623 415 331 347 452 429 456 273 157 523 688 127 214 626 101 524 563 535 515 777 228 567 259 875 272 508 702 455 405 460 274 229 286 395 215 251 187 498 737 416
291 366 242 279 550 255 732 440 667 236 276 715 123 269 428 536 219 115 314 672 373 420 615 751 441 594 473 336 388 183 423 738 196 628 172 360 454 473 333 67 0 480 457 390 483 346 151 392 201 539 669 701 549 449 683 560 375 382 411 449 557 375 297 404 518 385 475 338 224 482 637 78 213 567 163 517 585 481 500 777 203 550 313 822 210 447 649 409 349 395 282 222 302 461 151 199 227 455 737 350
246 157 257 747 605 245 847 526 297 318 265 932 603 728 848 372 628 594 767 859 845 430 770 550 860 553 207 772 147 655 104 758 384 769 366 362 928 677 393 547 480 0 931 847 756 825 631 753 281 536 655 560 876 928 399 902 739 282 890 333 128 424 445 858 997 400 784 815 704 449 432 443 554 282 637 692 889 311 637 931 476 655 762 538 299 211 410 379 284 140 612 539 648 939 343 369 658 414 896 157
710 823 679 186 746 691 799 674 1070 682 692 675 341 313 222 879 333 356 184 685 223 815 689 1056 224 843 925 211 820 322 880 890 626 710 616 780 212 575 742 392 457 931 0 121 494 179 318 349 650 785 871 981 435 155 1046 414 345 764 67 878 992 679 594 125 172 704 441 119 243 775 970 516 427 954 330 621 488 847 652 789 501 704 330 1161 664 899 996 823 791 852 414 450 387 171 589 635 393 859 756 807
616 752 591 116 626 603 683 555 964 624 597 570 290 324 115 767 227 308 80 573 277 783 572 938 121 723 862 92 726 299 805 771 575 592 559 737 299 455 703 331 390 847 121 0 377 218 275 230 569 666 750 862 331 247 934 316 225 659 141 832 897 565 483 18 283 592 326 109 213 658 856 459 318 847 298 501 384 738 532 678 395 584 356 1046 599 837 883 783 737 781 298 340 269 266 505 582 389 824 644 734
515 731 530 396 291 537 307 273 753 678 498 234 477 611 275 519 288 493 347 207 622 889 195 630 277 404 861 300 610 538 762 400 664 216 630 818 665 109 801 472 483 756 494 377 0 562 486 149 547 357 400 545 134 619 678 169 158 488 515 890 751 347 311 369 660 376 58 458 480 391 582 557 271 634 523 140 133 523 192 317 315 232 657 755 631 841 619 868 781 755 201 268 186 637 488 662 635 917 279 709
629 699 586 167 765 599 867 674 1004 544 613 774 223 137 330 842 316 231 216 767 60 652 750 1040 338 845 787 266 732 173 759 932 482 769 480 625 118 617 585 279 346 825 179 218 562 0 195 415 546 786 893 975 542 103 1002 531 404 705 112 725 903 651 563 235 173 672 519 111 128 756 940 386 401 896 189 666 594 798 682 876 458 737 151 1131 537 761 960 665 647 728 420 424 406 116 494 493 222 697 839 686
437 510 392 160 627 404 772 525 813 364 421 718 29 142 345 664 200 39 212 691 225 508 652 871 357 691 608 252 538 54 569 807 308 668 298 465 305 510 430 85 151 631 318 275 486 195 0 360 352 634 753 812 515 298 819 516 344 518 265 562 708 483 396 291 367 499 460 199 76 591 763 199 255 708 36 558 560 614 558 800 290 612 191 952 350 581 780 511 473 540 301 275 303 310 300 317 149 550 761 496
507 697 504 251 405 514 456 351 806 613 488 364 357 474 140 586 175 374 199 353 475 811 342 732 146 510 823 151 614 408 739 541 585 363 557 748 516 227 724 364 392 753 349 230 149 415 360 0 506 455 526 651 158 470 752 168 17 513 367 829 773 390 324 224 513 419 105 309 341 465 664 470 206 685 396 272 200 572 307 461 278 358 518 849 572 801 697 797 723 724 141 216 106 489 440 587 507 844 425 676
118 192 57 466 501 66 725 395 480 156 114 758 323 461 582 394 359 316 490 698 571 373 622 614 594 506 318 500 193 381 238 687 185 628 149 293 654 496 291 268 201 281 650 569 547 546 352 506 0 462 599 582 647 650 517 668 490 231 609 348 358 297 259 581 719 291 559 533 424 384 491 180 299 392 361 527 671 328 488 791 234 526 500 662 104 297 493 339 240 219 368 291 400 662 66 174 402 389 752 171
362 584 413 630 82 412 315 113 426 618 356 436 610 776 595 192 471 618 606 356 838 831 263 277 601 59 705 574 400 686 587 230 641 255 603 750 903 248 752 573 539 536 785 666 357 786 634 455 462 0 137 197 489 871 329 525 453 265 783 785 479 169 242 666 928 171 410 708 668 87 230 583 386 319 665 227 473 231 167 405 345 147 824 399 566 695 269 793 686 597 374 364 398 889 440 632 759 842 375 563
497 716 550 731 128 548 237 229 498 755 492 400 731 895 665 289 577 740 699 322 947 968 242 262 669 102 834 661 527 806 714 104 777 224 739 886 1008 299 889 698 669 655 871 750 400 893 753 526 599 137 0 176 520 971 377 556 527 395 877 919 583 305 372 747 1024 307 457 806 781 219 279 716 499 408 785 259 491 344 219 333 470 169 944 396 702 825 320 928 821 727 473 479 491 990 576 768 884 977 313 695
466 654 526 822 254 520 412 307 346 730 468 576 787 953 791 197 662 791 800 496 1023 928 412 87 797 142 757 770 458 862 638 263 767 396 730 847 1092 437 859 744 701 560 981 862 545 975 812 651 582 197 176 0 674 1063 215 709 649 352 976 861 464 329 415 862 1121 316 600 901 853 221 133 731 573 284 840 407 651 267 353 508 522 317 1001 221 681 753 167 884 774 659 568 550 594 1080 579 756 927 930 490 636
631 836 638 389 420 647 381 407 887 764 613 240 513 620 217 654 332 531 331 259 602 967 291 760 212 535 965 281 732 561 873 504 740 312 710 901 630 242 879 522 549 876 435 331 134 542 515 158 647 489 520 674 0 578 812 36 175 615 471 980 879 477 432 319 607 506 93 432 488 525 716 626 352 767 549 266 53 656 323 356 414 357 661 887 721 944 753 951 873 862 281 357 251 596 584 741 660 999 326 815
731 801 689 241 844 702 926 759 1105 645 715 816 327 224 361 938 400 335 275 819 101 741 812 1131 366 930 887 320 835 275 862 1003 581 831 581 719 57 686 678 383 449 928 155 247 619 103 298 470 650 871 971 1063 578 0 1100 560 462 804 106 820 1006 743 656 259 69 765 570 165 229 847 1034 488 490 996 292 734 631 896 756 925 552 810 219 1226 640 861 1055 757 745 830 499 513 480 19 597 593 310 787 890 789
401 526 461 870 409 451 612 407 135 642 412 759 791 951 885 168 713 791 862 679 1043 811 588 166 893 301 605 843 343 862 493 473 693 576 660 734 1119 570 755 740 683 399 1046 934 678 1002 819 752 517 329 377 215 812 1100 0 846 745 301 1028 726 282 369 452 938 1164 342 727 949 875 289 101 691 619 129 841 555 800 205 494 708 549 476 996 147 600 608 60 762 656 522 638 596 671 1115 539 679 907 803 685 513
657 858 661 383 456 670 413 441 919 780 638 264 517 615 202 687 342 535 324 290 591 979 326 795 195 570 985 275 758 560 896 538 753 347 725 916 614 277 892 530 560 902 414 316 169 531 516 168 668 525 556 709 36 560 846 0 185 645 454 997 908 508 460 302 587 537 122 420 485 559 751 638 370 799 550 302 78 688 359 383 435 393 655 923 738 964 787 965 890 884 300 377 268 579 604 755 660 1012 355 836
493 681 489 239 405 499 465 347 797 596 474 378 340 460 142 578 158 358 189 364 464 794 350 729 149 508 807 142 600 393 723 545 568 370 540 731 507 230 707 347 375 739 345 225 158 404 344 17 490 453 527 649 175 462 745 185 0 502 360 813 761 381 313 221 506 410 119 300 327 459 659 453 190 676 380 276 217 563 308 473 263 359 504 844 555 784 690 780 706 708 127 201 91 481 424 570 492 827 436 660
114 320 175 582 327 168 568 244 306 378 118 651 490 650 630 163 432 489 583 577 743 580 488 383 641 295 441 572 138 561 323 494 416 487 380 499 821 400 508 438 382 282 764 659 488 705 518 513 231 265 395 352 615 804 301 645 502 0 739 524 264 145 189 666 870 119 523 659 577 178 261 394 341 192 539 411 621 100 355 650 264 373 694 441 328 430 268 538 429 332 380 320 416 819 240 404 607 586 614 300
677 775 641 158 750 654 822 670 1043 629 659 710 291 247 255 863 317 304 178 713 157 754 709 1048 259 841 872 218 785 263 833 903 570 729 563 721 160 587 682 345 411 890 67 141 515 112 265 367 609 783 877 976 471 106 1028 454 360 739 0 820 957 664 578 153 148 688 466 79 190 765 957 464 410 931 273 634 525 826 659 819 479 713 263 1148 615 846 981 763 736 804 409 433 386 125 550 580 328 798 785 760
424 207 381 717 837 379 1068 735 630 217 433 1105 543 596 877 664 663 526 760 1046 721 115 968 867 890 819 136 785 404 558 233 1015 257 973 277 100 799 843 142 501 449 333 878 832 890 725 562 829 348 785 919 861 980 820 726 997 813 524 820 0 460 632 606 847 885 619 897 761 635 700 743 375 628 602 549 875 1009 595 833 1137 574 869 611 869 259 124 729 71 108 205 700 625 729 825 402 250 510 84 1098 226
282 279 317 806 556 304 794 496 170 430 300 901 679 818 882 295 672 673 818 824 929 557 732 442 894 484 331 815 172 739 231 687 493 727 470 488 1011 660 517 623 557 128 992 897 751 903 708 773 358 479 583 464 879 1006 282 908 761 264 957 460 0 405 450 906 1075 377 787 879 778 399 332 534 587 180 719 666 884 249 606 884 508 614 856 415 403 338 304 507 409 266 635 569 672 1018 409 479 755 542 852 274
209 439 252 507 205 253 438 105 416 453 199 508 457 624 518 201 347 462 495 436 697 669 348 390 527 220 566 474 278 532 453 390 472 350 434 588 769 256 588 415 375 424 679 565 347 651 483 390 297 169 305 329 477 743 369 508 381 145 664 632 405 0 88 569 805 30 385 586 527 108 292 414 254 296 511 268 479 183 213 514 194 239 671 484 400 552 318 633 528 456 270 231 303 760 271 464 599 683 477 417
205 428 228 420 257 233 467 146 487 410 188 504 372 538 444 285 262 378 410 441 610 629 362 477 454 298 558 393 300 447 454 446 419 369 381 550 681 241 544 331 297 445 594 483 311 563 396 324 259 242 372 415 432 656 452 460 313 189 578 606 450 88 0 488 718 110 339 499 439 195 379 345 168 367 426 269 443 256 229 531 107 270 586 571 358 541 403 598 499 450 193 145 228 672 217 412 517 648 492 406
625 765 601 132 624 613 675 556 971 639 606 558 307 342 102 770 235 324 91 563 293 799 564 939 107 723 876 95 736 316 817 765 591 585 574 753 312 451 719 347 404 858 125 18 369 235 291 224 581 666 747 862 319 259 938 302 221 666 153 847 906 569 488 0 292 596 317 126 230 660 858 474 325 853 315 496 372 743 528 668 402 580 374 1048 613 851 886 799 752 794 300 346 270 277 516 597 407 840 634 747
800 870 758 299 897 770 967 816 1172 714 783 847 396 289 393 1001 460 404 326 855 164 804 855 1191 395 987 955 365 904 345 931 1051 650 875 650 785 93 734 743 452 518 997 172 283 660 173 367 513 719 928 1024 1121 607 69 1164 587 506 870 148 885 1075 805 718 292 0 828 609 220 297 907 1097 558 551 1062 361 782 660 961 807 960 616 861 279 1288 709 929 1119 822 813 899 555 574 533 61 665 661 375 850 926 858
195 423 243 530 218 242 455 126 387 448 187 532 473 639 546 175 372 477 520 459 717 661 370 371 556 217 549 501 255 548 434 397 471 370 433 580 789 283 582 429 385 400 704 592 376 672 499 419 291 171 307 316 506 765 342 537 410 119 688 619 377 30 110 596 828 0 415 610 546 98 269 420 278 266 526 293 508 153 237 534 214 258 687 461 395 536 293 624 518 439 297 255 331 782 272 462 611 673 498 401
539 747 548 356 347 556 357 320 797 682 521 260 454 578 221 566 266 471 303 249 580 889 249 685 222 459 876 254 639 510 783 457 662 270 630 821 618 163 801 456 475 784 441 326 58 519 460 105 559 410 457 600 93 570 727 122 119 523 466 897 787 385 339 317 609 415 0 412 446 439 633 551 270 677 496 198 113 565 247 357 326 289 623 809 637 856 669 870 789 772 197 271 173 589 498 662 609 919 321 725
599 704 564 80 679 577 765 596 964 562 581 665 222 218 219 784 240 237 111 661 171 701 649 971 227 767 805 158 707 208 761 838 507 669 496 663 207 521 626 273 338 815 119 109 458 111 199 309 533 708 806 901 432 165 949 420 300 659 79 761 879 586 499 126 220 610 412 0 125 688 879 396 332 851 213 570 484 747 591 769 400 645 248 1070 545 779 902 707 672 733 335 355 315 184 473 516 290 744 733 688
503 586 461 105 653 474 777 557 876 439 486 705 102 133 298 716 207 114 164 687 170 576 658 917 310 727 683 211 606 86 644 827 382 675 373 537 244 519 500 157 224 704 243 213 480 128 76 341 424 668 781 853 488 229 875 485 327 577 190 635 778 527 439 230 297 546 446 125 0 634 814 274 283 769 88 568 537 670 576 796 333 631 177 1005 425 657 833 581 548 615 313 305 306 243 368 391 180 619 758 571
279 498 333 608 158 330 398 118 365 539 274 506 566 732 600 129 448 571 591 427 804 750 334 284 608 122 618 566 313 641 500 316 566 329 528 668 874 285 673 523 482 449 775 658 391 756 591 465 384 87 219 221 525 847 289 559 459 178 765 700 399 108 195 660 907 98 439 688 634 0 200 518 357 250 619 278 517 150 216 486 301 216 780 388 487 608 232 710 602 510 361 333 391 864 369 556 707 759 453 477
373 537 434 799 308 426 513 315 220 630 379 659 736 900 800 101 640 738 787 578 984 817 487 126 808 200 633 764 343 810 515 378 674 475 639 738 1058 474 753 688 637 432 970 856 582 940 763 664 491 230 279 133 716 1034 101 751 659 261 957 743 332 292 379 858 1097 269 633 879 814 200 0 655 547 152 788 457 702 163 395 608 482 375 947 192 583 631 41 771 662 539 558 523 589 1051 501 662 864 815 584 521
290 313 233 345 602 244 796 491 660 167 280 788 174 285 503 555 297 160 385 742 402 342 681 774 516 634 409 411 373 213 374 791 119 692 101 284 485 541 256 127 78 443 516 459 557 386 199 470 180 583 716 731 626 488 691 638 453 394 464 375 534 414 345 474 558 420 551 396 274 518 655 0 286 569 197 583 662 494 560 845 263 609 322 834 152 383 662 332 278 342 356 292 378 498 155 124 222 377 805 300
311 491 301 252 373 311 526 275 646 413 291 502 236 396 296 453 94 248 243 460 452 620 407 641 308 444 617 231 420 309 533 552 393 421 361 551 519 264 532 214 213 554 427 318 271 401 255 206 299 386 499 573 352 490 619 370 190 341 410 628 587 254 168 325 551 278 270 332 283 357 547 286 0 529 289 310 382 420 303 566 80 357 445 738 369 595 571 601 521 518 72 23 102 507 234 392 395 649 526 470
279 399 337 773 399 326 629 363 121 513 292 753 680 836 811 126 622 678 772 674 933 684 581 269 820 313 486 758 215 749 370 512 565 573 533 606 1012 532 627 626 567 282 954 847 634 896 708 685 392 319 408 284 767 996 129 799 676 192 931 602 180 296 367 853 1062 266 677 851 769 250 152 569 529 0 727 528 763 113 466 722 454 462 880 276 472 486 129 636 528 397 560 507 595 1011 419 552 788 677 693 386
453 510 405 185 660 417 808 557 830 358 438 754 54 113 375 688 236 50 241 727 210 488 688 897 387 722 601 283 551 22 570 841 298 704 292 450 292 546 413 101 163 637 330 298 523 189 36 396 361 665 785 840 549 292 841 550 380 539 273 549 719 511 426 315 361 526 496 213 88 619 788 197 289 727 0 594 595 636 592 836 320 646 161 976 348 575 803 494 464 539 336 308 339 302 313 308 113 531 797 497
467 695 497 500 154 501 216 170 643 675 453 240 543 694 409 406 363 556 459 172 724 892 99 494 412 269 825 416 545 612 716 269 674 111 638 816 776 49 806 524 517 692 621 501 140 666 558 272 527 227 259 407 266 734 555 302 276 411 634 875 666 268 269 496 782 293 198 570 568 278 457 583 310 528 594 0 246 423 63 265 320 92 742 622 623 808 495 864 767 715 258 297 262 753 479 670 703 914 225 672
646 858 658 440 399 666 336 400 882 795 629 188 557 669 270 646 373 575 382 212 655 1001 254 738 266 515 987 332 743 608 892 466 774 275 743 933 683 232 913 563 585 889 488 384 133 594 560 200 671 473 491 651 53 631 800 78 217 621 525 1009 884 479 443 372 660 508 113 484 537 517 702 662 382 763 595 246 0 654 307 305 438 334 711 868 750 967 740 983 901 883 310 384 284 649 610 774 707 1031 277 836
209 388 271 668 307 263 546 255 234 469 216 655 586 748 698 70 513 587 664 577 838 662 484 287 708 242 497 648 192 658 377 447 511 479 476 581 915 424 594 535 481 311 847 738 523 798 614 572 328 231 344 267 656 896 205 688 563 100 826 595 249 183 256 743 961 153 565 747 670 150 163 494 420 113 636 423 654 0 362 635 347 366 793 341 421 491 169 617 508 394 448 398 482 911 340 499 706 663 603 370
418 648 453 517 100 456 238 111 581 639 405 296 540 697 447 344 369 551 482 223 738 858 136 438 452 212 777 443 491 612 666 251 645 140 607 780 795 84 773 515 500 637 652 532 192 682 558 307 488 167 219 353 323 756 494 359 308 355 659 833 606 213 229 528 807 237 247 591 576 216 395 560 303 466 592 63 307 362 0 304 298 55 746 564 587 762 434 827 727 667 263 286 276 774 445 639 698 877 266 626
722 952 757 712 328 760 96 409 823 940 709 123 789 928 567 596 601 804 660 110 936 1158 169 590 565 412 1080 611 788 853 967 252 939 165 903 1081 974 305 1071 777 777 931 789 678 317 876 800 461 791 405 333 508 356 925 708 383 473 650 819 1137 884 514 531 668 960 534 357 769 796 486 608 845 566 722 836 265 305 635 304 0 584 276 974 724 888 1065 650 1128 1030 970 504 555 497 944 744 935 948 1179 40 929
232 423 227 321 348 236 533 241 570 364 213 536 266 432 375 386 168 273 319 484 503 578 419 584 387 402 551 310 341 341 462 535 356 429 320 505 576 280 491 228 203 476 501 395 315 458 290 278 234 345 470 522 414 552 549 435 263 264 479 574 508 194 107 402 616 214 326 400 333 301 482 263 80 454 320 320 438 347 298 584 0 347 480 674 316 530 503 554 466 448 137 63 172 568 173 352 415 604 544 401
448 678 488 572 67 490 199 134 573 680 437 291 594 752 496 337 424 605 536 212 793 898 119 404 500 181 805 496 511 666 691 196 689 114 651 819 849 130 814 567 550 655 704 584 232 737 612 358 526 147 169 317 357 810 476 393 359 373 713 869 614 239 270 580 861 258 289 645 631 216 375 609 357 462 646 92 334 366 55 276 347 0 800 533 627 791 415 865 763 695 318 340 331 829 488 682 751 916 241 656
602 621 549 272 817 561 953 716 977 457 588 882 214 49 460 846 380 209 331 864 119 525 834 1057 469 882 691 381 692 139 683 996 390 851 398 511 189 693 468 259 313 762 330 356 657 151 191 518 500 824 944 1001 661 219 996 655 504 694 263 611 856 671 586 374 279 687 623 248 177 780 947 322 445 880 161 742 711 793 746 974 480 800 0 1133 463 665 960 546 547 648 485 465 481 220 461 403 105 572 936 612
545 671 605 991 468 596 629 498 250 789 554 796 925 1088 986 289 831 926 978 717 1174 957 632 134 994 353 745 954 490 998 636 474 839 617 807 880 1249 647 902 875 822 538 1161 1046 755 1131 952 849 662 399 396 221 887 1226 147 923 844 441 1148 869 415 484 571 1048 1288 461 809 1070 1005 388 192 834 738 276 976 622 868 341 564 724 674 533 1133 0 746 749 173 907 802 666 748 715 778 1242 680 826 1047 947 708 659
214 162 155 488 604 160 825 497 545 53 214 849 324 431 630 489 410 311 523 793 552 271 719 708 643 609 263 541 259 364 222 790 94 726 67 193 634 589 188 272 210 299 664 599 631 537 350 572 104 566 702 681 721 640 600 738 555 328 615 259 403 400 358 613 709 395 637 545 425 487 583 152 369 472 348 623 750 421 587 888 316 627 463 746 0 238 582 240 152 191 441 366 470 649 145 80 359 291 849 150
344 114 313 725 753 308 990 657 507 218 356 1045 558 642 867 558 646 543 761 980 767 230 898 754 879 724 26 779 299 588 116 924 279 901 283 179 848 783 220 508 447 211 899 837 841 761 581 801 297 695 825 753 944 861 608 964 784 430 846 124 338 552 541 851 929 536 856 779 657 608 631 383 595 486 575 808 967 491 762 1065 530 791 665 749 238 0 614 180 119 98 664 587 696 868 360 268 560 207 1028 136
375 524 436 822 348 427 554 349 180 627 383 699 752 915 830 118 664 753 812 619 1002 807 527 140 839 241 614 791 333 825 498 419 674 516 640 729 1077 511 746 702 649 410 996 883 619 960 780 697 493 269 320 167 753 1055 60 787 690 268 981 729 304 318 403 886 1119 293 669 902 833 232 41 662 571 129 803 495 740 169 434 650 503 415 960 173 582 614 0 760 652 524 586 548 618 1072 508 661 875 803 626 509
431 236 381 668 838 381 1063 733 674 190 437 1089 493 533 835 687 627 475 714 1033 658 51 959 896 848 831 198 742 428 501 276 1021 213 966 241 50 735 830 81 455 409 379 823 783 868 665 511 797 339 793 928 884 951 757 762 965 780 538 763 71 507 633 598 799 822 624 870 707 581 710 771 332 601 636 494 864 983 617 827 1128 554 865 546 907 240 180 760 0 110 242 673 600 700 762 385 211 447 50 1089 250
324 131 276 623 734 275 962 630 573 113 331 997 451 525 776 577 559 435 663 938 650 156 861 787 789 723 145 685 319 475 180 915 166 867 178 79 731 735 110 405 349 284 791 737 781 647 473 723 240 686 821 774 873 745 656 890 706 429 736 108 409 528 499 752 813 518 789 672 548 602 662 278 521 528 464 767 901 508 727 1030 466 763 547 802 152 119 652 110 0 143 592 517 622 752 293 156 442 157 991 143
249 29 225 673 656 218 894 561 432 192 263 953 513 619 800 462 577 501 702 887 741 293 803 662 812 626 110 716 202 555 38 826 260 805 251 222 824 691 253 460 395 140 852 781 755 728 540 724 219 597 727 659 862 830 522 884 708 332 804 205 266 456 450 794 899 439 772 733 615 510 539 342 518 397 539 715 883 394 667 970 448 695 648 666 191 98 524 242 143 0 584 508 618 839 285 246 543 281 933 48
366 558 364 258 345 373 471 261 679 485 347 434 287 437 251 471 106 301 232 396 475 692 352 641 262 432 685 206 474 354 598 514 465 367 433 623 535 209 604 274 282 612 414 298 201 420 301 141 368 374 473 568 281 499 638 300 127 380 409 700 635 270 193 300 555 297 197 335 313 361 558 356 72 560 336 258 310 448 263 504 137 318 485 748 441 664 586 673 592 584 0 77 37 517 304 465 447 722 464 537
294 482 288 276 352 298 512 253 625 411 275 496 255 416 314 430 117 265 266 451 474 621 395 618 325 422 609 252 404 328 522 534 395 408 362 551 542 252 533 229 222 539 450 340 268 424 275 216 291 364 479 550 357 513 596 377 201 320 433 625 569 231 145 346 574 255 271 355 305 333 523 292 23 507 308 297 384 398 286 555 63 340 465 715 366 587 548 600 517 508 77 0 111 531 227 394 412 650 515 460
403 592 399 241 364 409 472 287 715 513 383 420 292 434 216 504 103 308 208 388 463 717 352 669 226 456 718 176 510 356 633 526 490 369 459 650 518 213 629 286 302 648 387 269 186 406 303 106 400 398 491 594 251 480 671 268 91 416 386 729 672 303 228 270 533 331 173 315 306 391 589 378 102 595 339 262 284 482 276 497 172 331 481 778 470 696 618 700 622 618 37 111 0 499 336 490 451 748 458 570
745 811 702 259 862 715 945 776 1119 653 729 835 339 229 379 954 418 346 294 837 104 744 831 1148 384 948 895 338 848 285 872 1021 589 850 590 725 44 705 683 395 461 939 171 266 637 116 310 489 662 889 990 1080 596 19 1115 579 481 819 125 825 1018 760 672 277 61 782 589 184 243 864 1051 498 507 1011 302 753 649 911 774 944 568 829 220 1242 649 868 1072 762 752 839 517 531 499 0 610 601 315 790 909 799
141 258 93 404 470 105 683 360 517 195 128 705 271 419 515 400 293 265 425 648 523 413 576 620 528 489 382 434 238 334 305 659 202 584 164 337 604 445 327 215 151 343 589 505 488 494 300 440 66 440 576 579 584 597 539 604 424 240 550 402 409 271 217 516 665 272 498 473 368 369 501 155 234 419 313 479 610 340 445 744 173 488 461 680 145 360 508 385 293 285 304 227 336 610 0 195 369 435 705 237
290 220 230 468 665 236 877 555 625 54 288 888 295 376 627 566 416 279 509 836 500 227 767 786 640 678 294 535 339 320 282 853 14 776 32 161 582 632 139 251 199 369 635 582 662 493 317 587 174 632 768 756 741 593 679 755 570 404 580 250 479 464 412 597 661 462 662 516 391 556 662 124 392 552 308 670 774 499 639 935 352 682 403 826 80 268 661 211 156 246 465 394 490 601 195 0 298 258 895 214
508 516 453 284 761 465 918 655 881 352 496 867 160 86 478 763 348 147 343 839 211 431 798 978 489 815 587 389 594 100 578 945 284 813 294 410 289 655 368 187 227 658 393 389 635 222 149 507 402 759 884 927 660 310 907 660 492 607 328 510 755 599 517 407 375 611 609 290 180 707 864 222 395 788 113 703 707 706 698 948 415 751 105 1047 359 560 875 447 442 543 447 412 451 315 369 298 0 477 909 507
480 279 431 708 888 431 1114 783 711 240 486 1139 533 563 879 733 673 515 756 1084 687 47 1010 940 892 880 221 786 473 537 312 1071 259 1017 289 99 761 880 122 498 455 414 859 824 917 697 550 844 389 842 977 930 999 787 803 1012 827 586 798 84 542 683 648 840 850 673 919 744 619 759 815 377 649 677 531 914 1031 663 877 1179 604 916 572 947 291 207 803 50 157 281 722 650 748 790 435 258 477 0 1139 294
684 914 719 675 296 722 82 373 797 900 671 107 749 889 534 567 561 764 624 72 899 1118 130 574 532 386 1043 575 752 814 931 241 899 128 863 1041 939 264 1032 737 737 896 756 644 279 839 761 425 752 375 313 490 326 890 685 355 436 614 785 1098 852 477 492 634 926 498 321 733 758 453 584 805 526 693 797 225 277 603 266 40 544 241 936 708 849 1028 626 1089 991 933 464 515 458 909 705 895 909 1139 0 892
208 23 179 627 619 172 855 521 434 161 220 910 469 581 752 439 529 458 655 844 701 298 761 646 764 595 153 668 179 513 73 793 228 765 214 221 784 647 245 416 350 157 807 734 709 686 496 676 171 563 695 636 815 789 513 836 660 300 760 226 274 417 406 747 858 401 725 688 571 477 521 300 470 386 497 672 836 370 626 929 401 656 612 659 150 136 509 250 143 48 537 460 570 799 237 214 507 294 892 0
