# TTSP Euclidean complete-graph matrix instance
# seed: 2031
# depot: 1
# L_max is not stored in this file; pass it with --budget when running algorithms.
# coordinate rows: node x y
# coord 1 664.106601 331.971000
# coord 2 774.130428 783.493403
# coord 3 443.332411 579.088615
# coord 4 221.317116 284.770693
# coord 5 68.169769 167.959975
# coord 6 672.708857 56.021178
# coord 7 197.873373 369.769857
# coord 8 418.566625 231.433179
# coord 9 995.866874 727.275626
# coord 10 871.493983 215.804006
# coord 11 167.101557 913.112728
# coord 12 367.715968 385.203237
# coord 13 963.983759 87.911546
# coord 14 17.220655 767.247116
# coord 15 576.750672 997.320073
# coord 16 586.746346 555.406559
# coord 17 377.725362 777.839199
# coord 18 504.214818 578.863994
# coord 19 882.926915 766.161620
# coord 20 42.934323 306.955111
# coord 21 591.929748 300.591701
# coord 22 962.083468 869.491012
# coord 23 211.293667 470.911320
# coord 24 837.091245 81.604523
# coord 25 364.035916 639.917597
# coord 26 827.546916 741.692712
# coord 27 56.244684 233.618353
# coord 28 773.003205 139.752700
# coord 29 190.809447 208.051116
# coord 30 852.817004 240.580105
# coord 31 686.729879 339.107474
# coord 32 775.302737 421.056147
# coord 33 103.895227 91.997301
# coord 34 497.633652 30.338091
# coord 35 193.785705 245.162648
# coord 36 27.147851 952.051207
# coord 37 527.894510 213.005197
# coord 38 906.458317 793.866269
# coord 39 512.435169 453.240371
# coord 40 411.322756 564.000633
# coord 41 235.639077 257.570117
# coord 42 610.413101 433.107746
# coord 43 707.863219 362.676902
# coord 44 80.315866 765.212017
# coord 45 770.121433 98.051050
# coord 46 836.922859 352.275062
# coord 47 829.454805 336.511025
# coord 48 360.525042 599.048278
# coord 49 858.820521 168.036173
# coord 50 842.333533 947.425591
# coord 51 863.216380 249.125274
# coord 52 422.232571 51.726293
# coord 53 978.970567 99.494068
# coord 54 358.672171 811.555397
# coord 55 927.321535 718.859430
# coord 56 206.166510 62.419652
# coord 57 510.432457 959.783228
# coord 58 451.675195 859.108127
# coord 59 304.024165 661.092659
# coord 60 415.136162 825.908583
# coord 61 276.985328 330.894693
# coord 62 97.687637 535.247456
# coord 63 797.656516 685.250132
# coord 64 288.951847 468.501103
# coord 65 947.135757 869.585091
# coord 66 621.940328 122.915785
# coord 67 79.100238 995.827424
# coord 68 136.520110 121.998853
# coord 69 721.654709 21.481457
# coord 70 938.912018 359.677355
# coord 71 90.471979 358.056082
# coord 72 75.415939 595.236472
# coord 73 291.682696 464.797615
# coord 74 873.630506 501.930078
# coord 75 511.126504 392.049846
# coord 76 640.762346 991.893375
# coord 77 428.242578 835.188704
# coord 78 246.989403 504.987518
# coord 79 600.330088 683.736138
# coord 80 741.227675 832.377445
# coord 81 117.047251 594.261815
# coord 82 794.631300 618.626622
# coord 83 142.729110 372.842890
# coord 84 517.026150 619.144999
# coord 85 886.487801 656.168017
# coord 86 912.486907 934.324823
# coord 87 289.655695 737.327525
# coord 88 61.736488 844.461263
# coord 89 838.337887 502.143438
# coord 90 554.549555 745.161166
# coord 91 553.961440 822.248615
# coord 92 803.104577 38.114316
# coord 93 831.755145 877.610316
# coord 94 321.060056 749.585834
# coord 95 460.660219 179.558718
# coord 96 271.104531 827.123435
# coord 97 698.972428 757.210004
# coord 98 630.845816 620.369946
# coord 99 361.769895 110.759601
# coord 100 46.957060 319.252428
# reference_nearest_neighbor_tour_cost: 10038
TTSP_MATRIX
100
0 100 41 41 29 39 93 100 90 23 20 38 62 63 27 74 49 6 100 51 19 28 73 7 7 91 34 11 88 31 83 10 2 21 63 92 95 93 27 91 12 91 65 44 5 11 18 85 21 82 24 40 96 12 19 11 68 86 50 72 10 38 19 69 82 11 33 23 28 73 51 11 60 7 32 29 51 19 40 70 97 37 73 37 39 16 100 97 27 34 40 54 61 64 34 62 58 57 38 51
0 465 331 445 618 276 468 265 516 238 765 301 387 780 671 236 530 294 486 622 79 615 474 304 430 441 616 221 489 210 24 142 609 345 478 889 181 522 194 343 435 115 53 727 257 174 165 404 255 641 216 370 391 569 468 531 646 568 488 553 387 602 378 399 608 213 885 568 316 276 574 645 395 270 164 660 556 452 357 506 607 315 523 323 393 652 552 791 244 427 502 325 571 540 254 632 427 290 375 617
465 0 389 745 937 735 709 657 229 576 621 569 721 757 291 295 396 339 110 873 516 207 644 705 435 68 904 644 819 549 453 362 963 802 792 766 621 133 421 424 753 387 426 694 685 436 450 453 621 178 542 812 714 416 166 918 317 331 486 361 672 721 101 578 193 678 727 919 764 455 805 724 578 299 472 247 350 596 200 59 684 166 753 305 170 205 487 715 289 223 224 746 110 454 680 505 80 217 789 863
331 389 0 369 557 571 323 349 572 562 433 208 716 466 439 145 209 61 478 484 316 595 256 634 100 417 519 549 449 531 342 368 594 551 417 559 376 511 144 35 383 222 342 408 582 454 456 85 584 543 534 528 719 247 504 569 387 280 162 248 299 348 370 190 582 490 553 551 623 542 416 368 190 437 199 458 257 210 189 391 327 354 365 84 450 588 221 465 402 200 267 650 490 210 400 302 312 192 475 474
445 745 369 0 193 506 88 204 892 654 631 178 768 524 796 455 517 408 818 180 371 944 186 648 383 759 173 570 83 633 469 571 226 376 48 695 315 854 336 338 31 416 493 501 580 619 610 344 648 908 643 308 780 544 829 223 734 619 385 575 72 279 702 196 932 432 725 184 565 721 150 343 193 688 309 822 588 222 550 755 327 663 118 446 762 948 458 582 654 568 632 632 851 475 261 545 672 529 224 178
618 937 557 193 0 615 240 356 1083 805 752 370 899 601 973 647 684 599 1011 141 540 1136 335 774 557 952 67 705 129 788 642 751 84 451 147 785 462 1046 528 524 190 604 669 597 705 791 780 521 791 1099 799 373 913 706 1021 174 907 790 547 744 265 368 894 373 1125 556 828 82 670 892 191 427 372 872 496 1003 758 382 741 946 429 855 218 636 953 1140 611 677 840 755 815 746 1042 634 393 690 863 722 299 153
276 735 571 506 615 0 569 309 745 255 995 449 293 967 946 507 780 549 741 678 258 863 621 166 660 703 642 131 505 258 283 379 570 177 515 1104 214 774 428 571 481 382 309 924 106 339 321 626 217 907 271 251 309 818 710 467 918 833 709 812 482 749 642 563 859 84 1112 540 60 404 656 805 559 489 373 936 817 619 632 779 774 576 617 584 637 910 782 997 476 699 775 132 837 778 245 869 702 566 316 679
468 709 323 88 240 569 0 260 874 691 544 171 816 437 733 431 446 371 791 167 400 913 102 701 317 731 196 619 162 668 490 580 293 453 125 607 365 826 325 289 118 417 510 413 633 639 632 281 691 865 676 389 827 470 809 307 668 551 310 505 88 193 678 134 901 491 637 255 629 741 108 257 134 689 314 764 519 144 510 714 239 647 55 405 746 911 379 494 654 518 576 690 812 399 324 463 633 500 307 159
265 657 349 204 356 309 260 0 761 453 727 162 564 669 782 365 548 358 708 383 187 838 317 445 412 654 362 366 229 434 289 404 344 216 225 820 111 745 241 333 185 278 318 632 376 435 424 372 445 832 445 180 576 583 705 271 734 629 445 594 173 442 591 270 829 231 836 303 369 536 352 500 266 529 185 792 604 323 487 682 472 540 310 400 632 859 522 709 499 531 606 430 767 527 67 614 596 443 133 382
516 229 572 892 1083 745 874 761 0 526 849 715 640 979 499 444 620 514 119 1042 588 146 825 665 638 169 1061 628 958 507 496 377 1095 857 936 994 695 111 556 607 894 485 465 916 668 407 425 648 576 268 496 886 628 643 69 1032 538 560 695 589 821 918 203 753 150 711 955 1051 757 372 978 930 752 256 589 443 578 781 398 275 889 229 924 491 130 223 706 941 275 442 452 716 223 675 766 732 298 380 884 1033
238 576 562 654 805 255 691 453 526 0 991 531 158 1017 835 443 748 516 550 834 292 660 708 139 661 528 815 124 681 31 222 227 778 417 678 1120 344 579 430 577 637 340 220 963 155 141 128 639 49 732 34 478 158 786 506 683 827 768 721 762 606 837 475 635 658 266 1112 741 245 159 794 882 631 286 401 810 762 688 541 630 844 410 745 537 441 720 781 1025 288 617 685 190 663 767 412 857 568 471 520 831
765 621 433 631 752 995 544 727 849 991 0 565 1147 209 418 551 250 475 731 619 745 796 444 1068 337 682 688 982 705 960 774 782 824 943 668 145 788 749 575 426 659 653 772 171 1014 874 878 369 1017 676 962 898 1149 217 785 852 346 290 287 263 592 384 670 461 781 912 121 792 1050 950 560 331 465 817 624 480 273 416 490 580 323 693 541 457 764 746 214 126 787 422 397 1082 666 225 790 135 554 548 826 606
301 569 208 178 370 449 171 162 715 531 565 0 666 518 647 277 393 237 641 334 240 767 178 559 255 582 346 474 250 506 322 409 394 378 223 661 235 676 160 184 184 247 341 476 494 470 464 214 537 736 514 338 675 426 652 361 592 481 283 443 106 309 524 115 755 365 675 350 508 572 279 360 110 519 144 665 454 170 378 583 326 487 225 278 585 774 361 552 485 406 475 557 677 367 226 452 498 353 275 327
387 721 716 768 899 293 816 564 640 158 1147 666 0 1165 988 601 905 673 683 947 429 782 845 127 815 668 919 198 782 189 374 383 860 470 786 1275 454 708 581 729 748 494 376 1113 194 293 283 791 132 868 190 543 19 943 632 758 983 926 874 920 729 975 620 775 782 344 1268 828 251 273 914 1023 771 424 546 960 919 829 698 777 987 557 869 694 574 848 936 1177 433 774 841 168 801 923 512 1013 720 628 603 946
780 757 466 524 601 967 437 669 979 1017 209 518 1165 0 605 608 361 522 866 461 740 950 354 1069 369 811 535 982 586 988 795 833 681 880 551 185 754 890 586 443 555 681 800 63 1007 919 919 382 1033 845 992 822 1171 344 911 730 529 444 306 402 508 246 785 404 936 884 237 656 1026 1008 416 182 408 897 620 663 417 349 589 727 200 791 414 521 876 911 274 89 863 538 540 1072 822 304 736 261 682 631 741 449
671 291 439 796 973 946 733 782 499 835 418 647 988 605 0 442 296 425 384 873 697 406 641 952 416 358 924 880 879 806 667 610 1021 970 844 551 786 387 548 464 815 565 648 548 920 696 707 453 876 270 801 958 984 286 448 1006 76 186 433 236 731 666 382 602 392 876 498 980 987 733 803 643 604 578 609 64 220 593 314 233 611 437 760 383 461 342 387 537 560 253 177 986 282 356 826 350 269 381 912 860
236 295 145 455 647 507 431 365 444 443 551 277 601 608 442 0 305 86 364 598 255 489 385 536 238 304 620 455 527 412 238 232 669 533 501 686 347 399 126 176 460 125 228 548 493 322 327 230 473 468 413 530 601 343 378 623 412 332 302 320 383 489 248 310 478 434 672 625 551 403 534 513 309 292 180 440 322 343 129 317 471 217 480 94 316 500 348 599 257 192 269 561 405 329 396 416 231 79 498 589
530 396 209 517 684 780 446 548 620 748 250 393 905 361 296 305 0 236 505 578 523 592 349 834 139 451 632 751 600 717 537 534 738 757 564 391 584 529 351 216 539 416 530 298 785 626 632 180 777 495 718 727 906 39 553 736 225 110 138 61 458 371 430 322 577 699 370 699 831 700 509 353 325 567 408 339 76 303 242 368 319 446 468 211 523 557 97 323 537 180 182 853 465 63 604 117 322 298 667 565
294 339 61 408 599 549 371 358 514 516 475 237 673 522 425 86 236 0 422 535 292 542 312 598 153 362 566 515 486 486 301 314 630 549 456 606 367 456 126 94 419 180 297 463 549 403 406 145 543 500 487 533 675 274 446 596 381 285 216 263 336 409 312 242 530 471 595 586 598 487 469 429 241 377 187 435 267 268 142 347 387 293 416 42 390 541 267 516 343 174 248 618 443 250 402 341 264 133 489 526
486 110 478 818 1011 741 791 708 119 550 731 641 683 866 384 364 505 422 0 957 549 130 734 686 534 61 983 636 889 526 470 361 1030 831 864 876 657 36 485 513 823 430 440 803 678 416 433 548 599 186 517 850 674 526 65 976 420 441 588 472 746 818 118 664 122 694 836 986 762 410 891 825 664 264 527 331 460 687 294 156 785 172 838 394 110 171 594 825 268 329 334 732 123 562 723 615 184 291 837 948
622 873 484 180 141 678 167 383 1042 834 619 334 947 461 873 598 578 535 957 0 549 1078 235 826 463 897 75 749 178 813 645 741 223 532 163 645 494 991 492 449 199 581 667 460 757 795 787 431 828 1024 822 457 959 595 976 294 803 687 440 639 235 235 844 294 1065 608 690 207 736 898 70 290 295 853 476 909 654 284 673 874 297 814 120 568 913 1072 496 538 819 674 726 806 974 523 437 568 796 666 374 13
79 516 316 371 540 258 400 187 588 292 745 240 429 740 697 255 523 292 549 549 0 679 417 329 409 500 540 242 412 268 102 219 531 286 402 862 108 585 172 319 359 134 132 691 270 250 240 378 298 694 276 301 436 562 536 453 664 576 461 554 316 547 436 346 671 180 864 489 308 352 505 595 342 346 122 693 559 401 383 552 558 377 455 327 462 710 531 760 318 446 523 337 625 524 179 617 469 322 298 545
615 207 595 944 1136 863 913 838 146 660 796 767 782 950 406 489 592 542 130 1078 679 0 850 798 641 186 1107 754 1016 638 598 486 1158 959 990 939 787 94 613 630 950 560 567 888 795 532 549 660 709 143 628 980 770 606 155 1106 461 511 690 549 871 927 247 784 15 820 892 1114 881 510 1011 928 783 378 657 344 535 803 407 224 889 302 958 511 226 82 685 901 388 426 411 846 131 652 853 692 286 414 967 1068
474 644 256 186 335 621 102 317 825 708 444 178 845 354 641 385 349 312 734 235 417 850 0 737 228 673 283 652 264 682 493 566 394 525 226 515 408 767 302 221 215 401 508 322 672 637 633 197 715 791 689 469 853 371 758 409 573 457 212 409 155 131 624 78 837 538 541 357 680 736 165 184 81 663 310 675 424 49 443 641 155 602 120 340 700 840 278 402 628 439 491 733 742 300 383 361 566 445 390 224
304 705 634 648 774 166 701 445 665 139 1068 559 127 1069 952 536 834 598 686 826 329 798 737 0 732 660 796 87 659 160 298 345 733 343 664 1189 336 716 493 643 627 418 309 1020 69 271 255 703 89 866 170 416 143 873 644 631 937 868 787 856 613 867 605 671 796 219 1188 702 130 296 796 919 667 422 450 931 857 726 647 757 884 539 753 626 577 856 854 1088 421 721 793 55 796 844 389 936 690 577 476 825
430 435 100 383 557 660 317 412 638 661 337 255 815 369 416 238 139 153 534 463 409 641 228 732 0 475 510 646 465 631 441 466 607 624 430 459 457 564 238 89 403 322 442 310 677 553 556 41 684 569 634 591 819 172 569 599 352 236 64 193 321 286 436 187 627 578 456 566 714 640 393 292 189 528 288 448 206 179 240 423 251 431 347 154 523 622 123 365 494 218 263 745 525 118 470 209 355 268 529 451
441 68 417 759 952 703 731 654 169 528 682 582 668 811 358 304 451 362 61 897 500 186 673 660 475 0 924 604 831 502 427 325 973 784 805 828 608 95 427 453 765 377 397 748 646 390 405 488 575 206 494 800 660 474 102 921 385 394 530 421 687 758 64 604 175 652 790 928 728 398 831 766 603 244 472 312 410 627 234 125 726 127 778 334 104 211 538 773 240 273 285 704 136 507 671 563 130 231 784 888
616 904 519 173 67 642 196 362 1061 815 688 346 919 535 924 620 632 566 983 75 540 1107 283 796 510 924 0 723 137 797 639 743 149 486 138 719 472 1018 506 485 181 589 664 532 727 790 780 476 805 1062 807 409 932 652 997 228 857 740 494 693 241 304 868 331 1095 576 763 137 698 892 129 362 330 860 482 957 707 332 706 910 366 833 164 601 932 1106 555 611 827 714 771 772 1008 580 408 631 829 693 329 86
221 644 549 570 705 131 619 366 628 124 982 474 198 982 880 455 751 515 636 749 242 754 652 87 646 604 723 0 586 129 217 281 671 296 589 1103 256 668 408 557 550 335 232 933 42 222 205 617 90 811 142 362 210 789 599 572 861 788 701 774 532 783 546 585 750 152 1102 637 129 275 717 833 581 376 364 862 776 640 571 693 798 479 672 543 529 807 769 1001 368 644 717 106 740 759 315 851 622 501 412 748
489 819 449 83 129 505 162 229 958 681 705 250 782 586 879 527 600 486 889 178 412 1016 264 659 465 831 137 586 0 663 513 622 145 355 37 762 337 925 404 419 67 476 540 568 590 662 651 426 669 985 674 279 796 626 896 146 817 701 467 657 150 340 772 278 1005 439 796 102 563 763 180 404 276 743 369 904 671 302 628 832 393 730 172 525 828 1024 538 649 711 649 714 635 927 557 271 624 748 603 197 182
210 549 531 633 788 258 668 434 507 31 960 506 189 988 806 412 717 486 526 813 268 638 682 160 631 502 797 129 663 0 193 196 764 413 659 1090 326 556 401 547 617 310 190 934 165 113 99 609 73 707 13 470 189 755 484 671 797 737 691 731 583 811 448 608 636 259 1081 726 255 147 771 854 604 262 374 781 731 661 510 602 816 382 722 506 417 696 751 995 262 586 654 208 637 736 397 826 539 440 508 810
24 453 342 469 642 283 490 289 496 222 774 322 374 795 667 238 537 301 470 645 102 598 493 298 441 427 639 217 513 193 0 121 633 362 502 900 203 505 208 356 458 121 32 741 255 151 143 417 243 628 198 391 378 575 450 555 645 571 500 557 410 621 363 418 591 226 895 591 320 253 597 663 415 248 183 654 559 470 355 496 624 300 545 327 375 637 562 804 223 427 501 323 558 550 277 641 418 287 397 640
142 362 368 571 751 379 580 404 377 227 782 409 383 833 610 232 534 314 361 741 219 486 566 345 466 325 743 281 622 196 121 0 748 479 608 917 323 395 265 391 564 165 89 776 323 92 100 451 266 531 193 511 381 571 334 673 600 545 529 542 506 687 265 489 480 335 903 705 403 175 688 721 486 127 266 586 540 535 316 413 681 199 634 325 260 531 580 830 103 392 458 384 460 561 397 647 345 246 517 735
609 963 594 226 84 570 293 344 1095 778 824 394 860 681 1021 669 738 630 1030 223 531 1158 394 733 607 973 149 671 145 764 633 748 0 399 178 863 441 1066 545 563 212 611 662 674 666 778 766 568 759 1130 775 321 875 763 1035 106 958 842 603 797 295 443 913 420 1147 519 904 44 622 877 266 504 417 872 506 1048 811 437 772 977 502 869 284 670 965 1168 672 754 841 794 858 701 1071 693 367 754 893 746 259 234
345 802 551 376 451 177 453 216 857 417 943 378 470 880 970 533 757 549 831 532 286 959 525 343 624 784 486 296 355 413 362 479 399 0 372 1035 185 866 423 541 347 418 393 845 281 468 451 585 387 980 426 78 486 793 812 293 930 830 660 800 373 644 720 485 952 155 1052 373 224 551 523 705 481 603 362 972 808 537 661 838 680 659 493 589 737 995 737 923 582 717 794 306 911 741 154 828 754 605 158 535
478 792 417 48 147 515 125 225 936 678 668 223 786 551 844 501 564 456 864 163 402 990 226 664 430 805 138 589 37 659 502 608 178 372 0 726 336 899 381 386 44 457 527 532 595 652 642 391 669 956 669 299 799 590 873 183 782 666 430 621 119 306 747 243 978 445 759 136 573 754 153 370 240 727 350 870 635 265 598 803 357 707 138 494 805 996 501 614 694 617 680 644 898 520 275 587 719 576 215 164
889 766 559 695 785 1104 607 820 994 1120 145 661 1275 185 551 686 391 606 876 645 862 939 515 1189 459 828 719 1103 762 1090 900 917 863 1035 726 0 893 893 696 546 725 781 900 194 1132 1008 1011 486 1143 815 1092 983 1278 360 930 907 483 435 402 408 670 423 815 550 924 1020 68 837 1161 1087 597 360 554 959 740 615 418 498 633 724 369 837 591 592 909 886 339 113 928 567 543 1199 808 357 886 274 700 689 905 633
181 621 376 315 462 214 365 111 695 344 788 235 454 754 786 347 584 367 657 494 108 787 408 336 457 608 472 256 337 326 203 323 441 185 336 893 0 693 241 370 296 235 234 711 268 339 326 421 334 799 337 193 465 622 645 355 747 651 501 623 277 538 544 350 779 130 902 402 272 436 461 592 345 451 180 787 630 405 476 655 560 485 417 406 570 817 576 785 424 533 610 326 731 575 75 666 570 420 195 493
522 133 511 854 1046 774 826 745 111 579 749 676 708 890 387 399 529 456 36 991 585 94 767 716 564 95 1018 668 925 556 505 395 1066 866 899 893 693 0 521 546 859 467 475 827 709 447 464 580 628 166 546 886 698 548 78 1013 429 459 617 492 781 849 154 698 86 729 852 1022 794 435 925 854 697 294 564 331 480 720 325 170 814 208 872 427 139 141 619 846 300 355 354 763 112 587 759 636 211 326 874 982
194 421 144 336 528 428 325 241 556 430 575 160 581 586 548 126 351 126 485 492 172 613 302 493 238 427 506 408 404 401 208 265 545 423 381 696 241 521 0 150 339 100 215 533 439 340 338 211 449 594 406 412 585 390 493 497 507 410 294 385 265 423 368 224 602 348 694 501 480 437 433 460 221 364 61 554 391 270 247 443 420 327 378 166 426 626 361 597 330 295 371 507 531 353 279 445 357 205 374 484
343 424 35 338 524 571 289 333 607 577 426 184 729 443 464 176 216 94 513 449 319 630 221 643 89 453 485 557 419 547 356 391 563 541 386 546 370 546 150 0 353 238 358 387 588 475 476 62 598 577 551 512 733 253 539 542 408 298 145 262 269 315 405 155 617 489 545 520 625 566 381 337 155 466 199 486 272 175 224 425 296 387 330 119 484 623 212 448 431 231 295 656 525 206 388 298 347 227 456 439
435 753 383 31 190 481 118 185 894 637 659 184 748 555 815 460 539 419 823 199 359 950 215 627 403 765 181 550 67 617 458 564 212 347 44 725 296 859 339 353 0 414 484 531 558 609 599 364 630 919 628 278 760 567 831 197 754 639 409 596 84 310 706 218 939 409 755 168 540 711 177 374 215 683 307 839 609 248 561 766 357 665 148 458 763 957 483 612 650 583 648 608 860 499 238 571 681 536 194 199
115 387 222 416 604 382 417 278 485 340 653 247 494 681 565 125 416 180 430 581 134 560 401 418 322 377 589 335 476 310 121 165 611 418 457 781 235 467 100 238 414 0 120 626 371 241 239 300 363 564 313 425 497 455 427 548 536 455 382 439 349 523 314 323 551 310 774 567 426 337 525 559 320 272 107 560 441 370 251 420 519 261 472 208 355 585 442 686 238 317 393 439 497 429 294 520 336 188 407 575
53 426 342 493 669 309 510 318 465 220 772 341 376 800 648 228 530 297 440 667 132 567 508 309 442 397 664 232 540 190 32 89 662 393 527 900 234 475 215 358 484 120 0 746 272 129 124 420 246 600 192 422 378 569 418 585 629 559 502 548 432 634 335 432 561 255 892 620 341 231 617 674 429 216 199 633 549 482 339 471 635 270 565 320 344 607 561 806 191 412 485 338 530 547 308 638 395 269 428 662
727 694 408 501 597 924 413 632 916 963 171 476 1113 63 548 548 298 463 803 460 691 888 322 1020 310 748 532 933 568 934 741 776 674 845 532 194 711 827 533 387 531 626 746 0 960 862 863 326 981 784 938 791 1118 282 848 714 472 383 247 340 477 231 722 363 873 840 231 646 982 950 407 170 367 836 570 605 355 309 526 664 175 729 397 460 814 849 211 81 802 475 477 1025 760 241 698 201 619 569 712 447
257 685 582 580 705 106 633 376 668 155 1014 494 194 1007 920 493 785 549 678 757 270 795 672 69 677 646 727 42 590 165 255 323 666 281 595 1132 268 709 439 588 558 371 272 960 0 263 246 647 113 852 177 351 209 824 640 565 900 825 731 810 545 802 588 607 792 150 1133 634 91 311 728 854 603 417 392 903 813 663 610 735 820 521 685 579 570 848 800 1029 410 682 756 68 782 791 320 883 663 541 409 756
174 436 454 619 791 339 639 435 407 141 874 470 293 919 696 322 626 403 416 795 250 532 637 271 553 390 790 222 662 113 151 92 778 468 652 1008 339 447 340 475 609 241 129 862 263 0 17 537 186 595 106 512 290 663 378 694 690 637 616 634 560 762 335 560 529 314 994 737 350 102 746 799 557 154 328 669 633 609 407 490 759 270 694 417 308 587 669 918 150 484 549 316 525 651 414 739 428 338 533 791
165 450 456 610 780 321 632 424 425 128 878 464 283 919 707 327 632 406 433 787 240 549 633 255 556 405 780 205 651 99 143 100 766 451 642 1011 326 464 338 476 599 239 124 863 246 17 0 537 171 611 94 497 280 669 395 681 700 645 618 641 552 758 350 556 546 298 999 725 333 112 739 797 553 171 323 682 640 606 416 504 758 284 688 421 325 604 672 921 166 493 558 300 541 655 401 743 440 346 519 783
404 453 85 344 521 626 281 372 648 639 369 214 791 382 453 230 180 145 548 431 378 660 197 703 41 488 476 617 426 609 417 451 568 585 391 486 421 580 211 62 364 300 420 326 647 537 537 0 659 595 612 551 795 213 579 558 391 276 84 233 281 270 446 149 646 543 486 527 681 626 362 285 151 522 256 483 246 147 254 447 244 435 314 158 529 646 155 387 488 243 295 715 547 156 431 245 374 271 488 420
255 621 584 648 791 217 691 445 576 49 1017 537 132 1033 876 473 777 543 599 828 298 709 715 89 684 575 805 90 669 73 243 266 759 387 669 1143 334 628 449 598 630 363 246 981 113 186 171 659 0 780 81 452 138 815 555 661 865 802 742 794 604 845 521 644 707 241 1137 724 201 208 791 892 640 334 414 852 794 698 577 675 856 455 745 566 489 768 805 1045 335 652 722 141 710 792 398 883 610 507 500 826
641 178 543 908 1099 907 865 832 268 732 676 736 868 845 270 468 495 500 186 1024 694 143 791 866 569 206 1062 811 985 707 628 531 1130 980 956 815 799 166 594 577 919 564 600 784 852 595 611 595 780 0 699 989 859 502 244 1090 332 401 610 444 836 851 266 732 131 853 765 1086 934 596 955 844 732 447 647 206 429 742 358 153 807 332 905 462 295 71 591 787 445 352 314 910 71 558 857 584 238 389 965 1014
216 542 534 643 799 271 676 445 496 34 962 514 190 992 801 413 718 487 517 822 276 628 689 170 634 494 807 142 674 13 198 193 775 426 669 1092 337 546 406 551 628 313 192 938 177 106 94 612 81 699 0 483 189 756 474 683 793 736 695 730 592 817 441 615 626 272 1083 738 268 134 780 860 611 253 380 775 730 667 508 596 822 376 731 507 408 687 753 998 254 584 651 219 629 738 409 827 534 438 520 819
370 812 528 308 373 251 389 180 886 478 898 338 543 822 958 530 727 533 850 457 301 980 469 416 591 800 409 362 279 470 391 511 321 78 299 983 193 886 412 512 278 425 422 791 351 512 497 551 452 989 483 0 559 762 837 216 912 808 621 774 315 582 736 438 972 212 1005 294 301 601 452 645 433 638 352 965 783 486 657 843 622 678 426 575 762 1010 698 871 613 706 782 381 922 705 133 790 758 606 85 461
391 714 719 780 913 309 827 576 628 158 1149 675 19 1171 984 601 906 675 674 959 436 770 853 143 819 660 932 210 796 189 378 381 875 486 799 1278 465 698 585 733 760 497 378 1118 209 290 280 795 138 859 189 559 0 944 622 774 980 925 878 920 739 983 613 782 771 358 1270 843 269 263 925 1031 778 416 552 954 919 837 696 770 994 551 880 695 564 837 939 1182 427 773 838 186 792 925 524 1015 715 627 617 958
569 416 247 544 706 818 470 583 643 786 217 426 943 344 286 343 39 274 526 595 562 606 371 873 172 474 652 789 626 755 575 571 763 793 590 360 622 548 390 253 567 455 569 282 824 663 669 213 815 502 756 762 944 0 576 765 212 104 160 58 488 380 457 350 591 737 335 724 869 735 527 356 353 601 446 335 73 326 273 383 325 477 489 249 550 567 101 299 571 207 196 892 478 72 640 89 345 333 701 583
468 166 504 829 1021 710 809 705 69 506 785 652 632 911 448 378 553 446 65 976 536 155 758 644 569 102 997 599 896 484 450 334 1035 812 873 930 645 78 493 539 831 427 418 848 640 378 395 579 555 244 474 837 622 576 0 975 481 496 626 523 757 850 134 686 152 670 892 991 727 359 911 861 685 223 529 396 512 713 329 218 820 166 858 422 75 216 638 875 234 374 387 692 185 607 713 665 232 312 830 967
531 918 569 223 174 467 307 271 1032 683 852 361 758 730 1006 623 736 596 976 294 453 1106 409 631 599 921 228 572 146 671 555 673 106 293 183 907 355 1013 497 542 197 548 585 714 565 694 681 558 661 1090 683 216 774 765 975 0 948 834 607 792 278 485 859 414 1096 420 942 92 517 791 317 549 411 799 449 1026 804 444 736 938 539 810 317 638 903 1122 680 795 770 766 836 597 1028 697 280 767 852 701 163 302
646 317 387 734 907 918 668 734 538 827 346 592 983 529 76 412 225 381 420 803 664 461 573 937 352 385 857 861 817 797 645 600 958 930 782 483 747 429 507 408 754 536 629 472 900 690 700 391 865 332 793 912 980 212 481 948 0 117 363 164 671 592 397 539 446 844 433 917 962 737 734 568 541 584 568 134 149 526 290 264 537 444 693 341 483 403 313 463 563 219 144 967 332 283 782 274 277 360 862 791
568 331 280 619 790 833 551 629 560 768 290 481 926 444 186 332 110 285 441 687 576 511 457 868 236 394 740 788 701 737 571 545 842 830 666 435 651 459 410 298 639 455 559 383 825 637 645 276 802 401 736 808 925 104 496 834 117 0 247 49 556 480 387 423 496 756 397 802 880 698 618 460 426 553 471 231 33 409 230 291 427 419 576 249 480 467 203 390 526 154 109 893 381 170 680 183 267 298 754 675
488 486 162 385 547 709 310 445 695 721 287 283 874 306 433 302 138 216 588 440 461 690 212 787 64 530 494 701 467 691 500 529 603 660 430 402 501 617 294 145 409 382 502 247 731 616 618 84 742 610 695 621 878 160 626 607 363 247 0 199 331 242 494 193 676 625 403 565 764 703 371 238 197 591 340 472 214 166 297 470 199 492 330 217 582 667 78 304 557 264 297 798 570 90 506 169 406 329 553 428
553 361 248 575 744 812 505 594 589 762 263 443 920 402 236 320 61 263 472 639 554 549 409 856 193 421 693 774 657 731 557 542 797 800 621 408 623 492 385 262 596 439 548 340 810 634 641 233 794 444 730 774 920 58 523 792 164 49 199 0 514 430 408 379 534 733 377 757 861 701 569 411 382 561 444 280 16 362 233 326 378 432 529 231 501 509 154 354 533 161 139 878 420 121 648 144 292 298 717 626
387 672 299 72 265 482 88 173 821 606 592 106 729 508 731 383 458 336 746 235 316 871 155 613 321 687 241 532 150 583 410 506 295 373 119 670 277 781 265 269 84 349 432 477 545 560 552 281 604 836 592 315 739 488 757 278 671 556 331 514 0 272 630 138 860 403 694 252 542 663 188 332 135 621 242 754 526 177 479 683 308 592 141 375 691 876 407 557 587 499 564 602 779 421 238 496 600 457 236 230
602 721 348 279 368 749 193 442 918 837 384 309 975 246 666 489 371 409 818 235 547 927 131 867 286 758 304 783 340 811 621 687 443 644 306 423 538 849 423 315 310 523 634 231 802 762 758 270 845 851 817 582 983 380 850 485 592 480 242 430 272 0 716 203 913 667 461 415 808 859 177 64 206 777 438 710 446 152 524 709 62 702 169 428 798 907 279 311 741 503 539 863 810 310 508 340 641 540 500 222
378 101 370 702 894 642 678 591 203 475 670 524 620 785 382 248 430 312 118 844 436 247 624 605 436 64 868 546 772 448 363 265 913 720 747 815 544 154 368 405 706 314 335 722 588 335 350 446 521 266 441 736 613 457 134 859 397 387 494 408 630 716 0 553 237 589 783 869 668 355 779 728 552 198 410 344 399 579 197 158 687 67 726 288 93 274 511 753 188 250 280 647 195 481 608 545 122 179 721 835
399 578 190 196 373 563 134 270 753 635 461 115 775 404 602 310 322 242 664 294 346 784 78 671 187 604 331 585 278 608 418 489 420 485 243 550 350 698 224 155 218 323 432 363 607 560 556 149 644 732 615 438 782 350 686 414 539 423 193 379 138 203 553 0 771 480 568 379 622 659 227 248 5 586 235 631 392 56 379 580 213 527 175 273 626 778 269 439 550 384 442 671 680 283 336 359 501 374 365 284
608 193 582 932 1125 859 901 829 150 658 781 755 782 936 392 478 577 530 122 1065 671 15 837 796 627 175 1095 750 1005 636 591 480 1147 952 978 924 779 86 602 617 939 551 561 873 792 529 546 646 707 131 626 972 771 591 152 1096 446 496 676 534 860 913 237 771 0 814 877 1103 878 510 998 914 770 375 647 330 520 789 393 209 875 294 945 498 222 73 671 886 383 412 396 844 116 637 844 677 272 403 958 1055
213 678 490 432 556 84 491 231 711 266 912 365 344 884 876 434 699 471 694 608 180 820 538 219 578 652 576 152 439 259 226 335 519 155 445 1020 130 729 348 489 409 310 255 840 150 314 298 543 241 853 272 212 358 737 670 420 844 756 625 733 403 667 589 480 814 0 1028 485 142 396 581 722 475 455 291 869 738 535 561 719 691 525 540 507 595 862 699 913 437 626 703 200 783 695 171 787 639 498 260 608
885 727 553 725 828 1112 637 836 955 1112 121 675 1268 237 498 672 370 595 836 690 864 892 541 1188 456 790 763 1102 796 1081 895 903 904 1052 759 68 902 852 694 545 755 774 892 231 1133 994 999 486 1137 765 1083 1005 1270 335 892 942 433 397 403 377 694 461 783 568 877 1028 0 876 1167 1070 638 401 572 936 742 562 384 519 608 682 403 809 626 578 876 836 333 152 906 537 506 1201 762 345 901 256 664 667 929 677
568 919 551 184 82 540 255 303 1051 741 792 350 828 656 980 625 699 586 986 207 489 1114 357 702 566 928 137 637 102 726 591 705 44 373 136 837 402 1022 501 520 168 567 620 646 634 737 725 527 724 1086 738 294 843 724 991 92 917 802 565 757 252 415 869 379 1103 485 876 0 594 837 241 477 376 829 462 1005 771 399 728 933 473 824 251 626 921 1123 634 726 798 750 815 672 1027 654 329 718 848 702 226 217
316 764 623 565 670 60 629 369 757 245 1050 508 251 1026 987 551 831 598 762 736 308 881 680 130 714 728 698 129 563 255 320 403 622 224 573 1161 272 794 480 625 540 426 341 982 91 350 333 681 201 934 268 301 269 869 727 517 962 880 764 861 542 808 668 622 878 142 1167 594 0 402 715 864 618 504 426 974 865 678 673 811 833 602 677 632 656 933 836 1055 495 743 818 83 863 831 305 923 736 606 371 737
276 455 542 721 892 404 741 536 372 159 950 572 273 1008 733 403 700 487 410 898 352 510 736 296 640 398 892 275 763 147 253 175 877 551 754 1087 436 435 437 566 711 337 231 950 311 102 112 626 208 596 134 601 263 735 359 791 737 698 703 701 663 859 355 659 510 396 1070 837 402 0 848 895 656 157 429 699 698 707 469 512 855 296 796 495 301 575 751 1002 174 544 602 349 529 731 511 815 464 404 629 893
574 805 416 150 191 656 108 352 978 794 560 279 914 416 803 534 509 469 891 70 505 1011 165 796 393 831 129 717 180 771 597 688 266 523 153 597 461 925 433 381 177 525 617 407 728 746 739 362 791 955 780 452 925 527 911 317 734 618 371 569 188 177 779 227 998 581 638 241 715 848 0 238 228 796 422 839 585 215 605 805 238 751 54 500 850 1004 428 487 762 604 656 781 905 454 411 503 728 601 367 58
645 724 368 343 427 805 257 500 930 882 331 360 1023 182 643 513 353 429 825 290 595 928 184 919 292 766 362 833 404 854 663 721 504 705 370 360 592 854 460 337 374 559 674 170 854 799 797 285 892 844 860 645 1031 356 861 549 568 460 238 411 332 64 728 248 914 722 401 477 864 895 238 0 253 804 481 691 427 194 532 707 42 720 232 442 813 903 257 250 769 502 530 916 807 290 567 303 644 556 563 277
395 578 190 193 372 559 134 266 752 631 465 110 771 408 604 309 325 241 664 295 342 783 81 667 189 603 330 581 276 604 415 486 417 481 240 554 345 697 221 155 215 320 429 367 603 557 553 151 640 732 611 433 778 353 685 411 541 426 197 382 135 206 552 5 770 475 572 376 618 656 228 253 0 583 231 632 395 60 378 581 217 526 175 273 625 778 273 444 548 384 443 666 680 286 332 363 501 373 361 285
270 299 437 688 872 489 689 529 256 286 817 519 424 897 578 292 567 377 264 853 346 378 663 422 528 244 860 376 743 262 248 127 872 603 727 959 451 294 364 466 683 272 216 836 417 154 171 522 334 447 253 638 416 601 223 799 584 553 591 561 621 777 198 586 375 455 936 829 504 157 796 804 583 0 379 542 556 627 328 356 762 141 742 375 155 434 630 881 35 401 453 469 378 606 524 685 309 270 644 847
164 472 199 309 496 373 314 185 589 401 624 144 546 620 609 180 408 187 527 476 122 657 310 450 288 472 482 364 369 374 183 266 506 362 350 740 180 564 61 199 307 107 199 570 392 328 323 256 414 647 380 352 552 446 529 449 568 471 340 444 242 438 410 235 647 291 742 462 426 429 422 481 231 379 0 614 451 287 305 497 443 363 369 227 459 675 410 638 345 356 432 459 582 405 218 497 411 258 318 470
660 247 458 822 1003 936 764 792 443 810 480 665 960 663 64 440 339 435 331 909 693 344 675 931 448 312 957 862 904 781 654 586 1048 972 870 615 787 331 554 486 839 560 633 605 903 669 682 483 852 206 775 965 954 335 396 1026 134 231 472 280 754 710 344 631 330 869 562 1005 974 699 839 691 632 542 614 0 264 626 311 189 658 404 795 393 416 278 434 598 528 261 191 967 223 401 832 405 242 372 924 897
556 350 257 588 758 817 519 604 578 762 273 454 919 417 220 322 76 267 460 654 559 535 424 857 206 410 707 776 671 731 559 540 811 808 635 418 630 480 391 272 609 441 549 355 813 633 640 246 794 429 730 783 919 73 512 804 149 33 214 16 526 446 399 392 520 738 384 771 865 698 585 427 395 556 451 264 0 377 229 313 394 426 543 234 492 494 170 367 528 155 126 881 406 137 656 157 282 295 727 642
452 596 210 222 382 619 144 323 781 688 416 170 829 349 593 343 303 268 687 284 401 803 49 726 179 627 332 640 302 661 470 535 437 537 265 498 405 720 270 175 248 370 482 309 663 609 606 147 698 742 667 486 837 326 713 444 526 409 166 362 177 152 579 56 789 535 519 399 678 707 215 194 60 627 287 626 377 0 396 593 158 559 168 293 657 792 236 387 591 390 441 726 693 256 389 323 518 401 411 273
357 200 189 550 741 632 510 487 398 541 490 378 698 589 314 129 242 142 294 673 383 407 443 647 240 234 706 571 628 510 355 316 772 661 598 633 476 325 247 224 561 251 339 526 610 407 416 254 577 358 508 657 696 273 329 736 290 230 297 233 479 524 197 379 393 561 608 728 673 469 605 532 378 328 305 311 229 396 0 205 491 205 553 105 287 400 315 562 299 77 146 677 302 287 523 359 123 70 621 663
506 59 391 755 946 779 714 682 275 630 580 583 777 727 233 317 368 347 156 874 552 224 641 757 423 125 910 693 832 602 496 413 977 838 803 724 655 170 443 425 766 420 471 664 735 490 504 447 675 153 596 843 770 383 218 938 264 291 470 326 683 709 158 580 209 719 682 933 811 512 805 707 581 356 497 189 313 593 205 0 668 220 755 309 228 199 461 680 344 206 188 797 101 428 711 470 86 239 815 863
607 684 327 327 429 774 239 472 889 844 323 326 987 200 611 471 319 387 785 297 558 889 155 884 251 726 366 798 393 816 624 681 502 680 357 369 560 814 420 296 357 519 635 175 820 759 758 244 856 807 822 622 994 325 820 539 537 427 199 378 308 62 687 213 875 691 403 473 833 855 238 42 217 762 443 658 394 158 491 668 0 678 223 401 772 865 224 256 727 463 493 883 769 256 539 279 604 514 542 284
315 166 354 663 855 576 647 540 229 410 693 487 557 791 437 217 446 293 172 814 377 302 602 539 431 127 833 479 730 382 300 199 869 659 707 837 485 208 327 387 665 261 270 729 521 270 284 435 455 332 376 678 551 477 166 810 444 419 492 432 592 702 67 527 294 525 809 824 602 296 751 720 526 141 363 404 426 559 205 220 678 0 697 278 99 337 519 767 124 271 315 581 262 491 552 564 168 164 667 805
523 753 365 118 218 617 55 310 924 745 541 225 869 414 760 480 468 416 838 120 455 958 120 753 347 778 164 672 172 722 545 634 284 493 138 591 417 872 378 330 148 472 565 397 685 694 688 314 745 905 731 426 880 489 858 317 693 576 330 529 141 169 726 175 945 540 626 251 677 796 54 232 175 742 369 795 543 168 553 755 223 697 0 448 796 953 393 479 708 555 609 740 854 417 372 472 676 547 342 110
323 305 84 446 636 584 405 400 491 537 457 278 694 521 383 94 211 42 394 568 327 511 340 626 154 334 601 543 525 506 327 325 670 589 494 592 406 427 166 119 458 208 320 460 579 417 421 158 566 462 507 575 695 249 422 638 341 249 217 231 375 428 288 273 498 507 578 626 632 495 500 442 273 375 227 393 234 293 105 309 401 278 448 0 371 506 256 508 342 131 206 648 407 235 443 322 228 114 532 558
393 170 450 762 953 637 746 632 130 441 764 585 574 876 461 316 523 390 110 913 462 226 700 577 523 104 932 529 828 417 375 260 965 737 805 909 570 139 426 484 763 355 344 814 570 308 325 529 489 295 408 762 564 550 75 903 483 480 582 501 691 798 93 626 222 595 876 921 656 301 850 813 625 155 459 416 492 657 287 228 772 99 796 371 0 279 602 846 161 344 372 624 228 573 639 639 213 258 757 905
652 205 588 948 1140 910 911 859 223 720 746 774 848 911 342 500 557 541 171 1072 710 82 840 856 622 211 1106 807 1024 696 637 531 1168 995 996 886 817 141 626 623 957 585 607 849 848 587 604 646 768 71 687 1010 837 567 216 1122 403 467 667 509 876 907 274 778 73 862 836 1123 933 575 1004 903 778 434 675 278 494 792 400 199 865 337 953 506 279 0 653 855 438 405 376 903 99 620 880 650 277 422 991 1062
552 487 221 458 611 782 379 522 706 781 214 361 936 274 387 348 97 267 594 496 531 685 278 854 123 538 555 769 538 751 562 580 672 737 501 339 576 619 361 212 483 442 561 211 800 669 672 155 805 591 753 698 939 101 638 680 313 203 78 154 407 279 511 269 671 699 333 634 836 751 428 257 273 630 410 434 170 236 315 461 224 519 393 256 602 653 0 252 597 265 278 867 560 34 583 92 410 361 631 483
791 715 465 582 677 997 494 709 941 1025 126 552 1177 89 537 599 323 516 825 538 760 901 402 1088 365 773 611 1001 649 995 804 830 754 923 614 113 785 846 597 448 612 686 806 81 1029 918 921 387 1045 787 998 871 1182 299 875 795 463 390 304 354 557 311 753 439 886 913 152 726 1055 1002 487 250 444 881 638 598 367 387 562 680 256 767 479 508 846 855 252 0 849 503 493 1095 771 276 775 210 643 612 793 525
244 289 402 654 840 476 654 499 275 288 787 485 433 863 560 257 537 343 268 819 318 388 628 421 494 240 827 368 711 262 223 103 841 582 694 928 424 300 330 431 650 238 191 802 410 150 166 488 335 445 254 613 427 571 234 770 563 526 557 533 587 741 188 550 383 437 906 798 495 174 762 769 548 35 345 528 528 591 299 344 727 124 708 342 161 438 597 849 0 374 428 465 376 573 497 654 291 239 617 812
427 223 200 568 755 699 518 531 442 617 422 406 774 538 253 192 180 174 329 674 446 426 439 721 218 273 714 644 649 586 427 392 794 717 617 567 533 355 295 231 583 317 412 475 682 484 493 243 652 352 584 706 773 207 374 766 219 154 264 161 499 503 250 384 412 626 537 750 743 544 604 502 384 401 356 261 155 390 77 206 463 271 555 131 344 405 265 503 374 0 77 749 307 234 573 295 145 146 663 663
502 224 267 632 815 775 576 606 452 685 397 475 841 540 177 269 182 248 334 726 523 411 491 793 263 285 771 717 714 654 501 458 858 794 680 543 610 354 371 295 648 393 485 477 756 549 558 295 722 314 651 782 838 196 387 836 144 109 297 139 564 539 280 442 396 703 506 815 818 602 656 530 443 453 432 191 126 441 146 188 493 315 609 206 372 376 278 493 428 77 0 823 283 244 649 283 159 216 737 714
325 746 650 632 746 132 690 430 716 190 1082 557 168 1072 986 561 853 618 732 806 337 846 733 55 745 704 772 106 635 208 323 384 701 306 644 1199 326 763 507 656 608 439 338 1025 68 316 300 715 141 910 219 381 186 892 692 597 967 893 798 878 602 863 647 671 844 200 1201 672 83 349 781 916 666 469 459 967 881 726 677 797 883 581 740 648 624 903 867 1095 465 749 823 0 840 859 371 952 727 607 447 807
571 110 490 851 1042 837 812 767 223 663 666 677 801 822 282 405 465 443 123 974 625 131 742 796 525 136 1008 740 927 637 558 460 1071 911 898 808 731 112 531 525 860 497 530 760 782 525 541 547 710 71 629 922 792 478 185 1028 332 381 570 420 779 810 195 680 116 783 762 1027 863 529 905 807 680 378 582 223 406 693 302 101 769 262 854 407 228 99 560 771 376 307 283 840 0 526 791 563 179 326 899 963
540 454 210 475 634 778 399 527 675 767 225 367 923 304 356 329 63 250 562 523 524 652 300 844 118 507 580 759 557 736 550 561 693 741 520 357 575 587 353 206 499 429 547 241 791 651 655 156 792 558 738 705 925 72 607 697 283 170 90 121 421 310 481 283 637 695 345 654 831 731 454 290 286 606 405 401 137 256 287 428 256 491 417 235 573 620 34 276 573 234 244 859 526 0 587 92 378 336 640 510
254 680 400 261 393 245 324 67 766 412 790 226 512 736 826 396 604 402 723 437 179 853 383 389 470 671 408 315 271 397 277 397 367 154 275 886 75 759 279 388 238 294 308 698 320 414 401 431 398 857 409 133 524 640 713 280 782 680 506 648 238 508 608 336 844 171 901 329 305 511 411 567 332 524 218 832 656 389 523 711 539 552 372 443 639 880 583 775 497 573 649 371 791 587 0 675 625 473 120 437
632 505 302 545 690 869 463 614 732 857 135 452 1013 261 350 416 117 341 615 568 617 692 361 936 209 563 631 851 624 826 641 647 754 828 587 274 666 636 445 298 571 520 638 201 883 739 743 245 883 584 827 790 1015 89 665 767 274 183 169 144 496 340 545 359 677 787 256 718 923 815 503 303 363 685 497 405 157 323 359 470 279 564 472 322 639 650 92 210 654 295 283 952 563 92 675 0 434 415 722 555
427 80 312 672 863 702 633 596 298 568 554 498 720 682 269 231 322 264 184 796 469 286 566 690 355 130 829 622 748 539 418 345 893 754 719 700 570 211 357 347 681 336 395 619 663 428 440 374 610 238 534 758 715 345 232 852 277 267 406 292 600 641 122 501 272 639 664 848 736 464 728 644 501 309 411 242 282 518 123 86 604 168 676 228 213 277 410 643 291 145 159 727 179 378 625 434 0 153 729 785
290 217 192 529 722 566 500 443 380 471 548 353 628 631 381 79 298 133 291 666 322 414 445 577 268 231 693 501 603 440 287 246 746 605 576 689 420 326 205 227 536 188 269 569 541 338 346 271 507 389 438 606 627 333 312 701 360 298 329 298 457 540 179 374 403 498 667 702 606 404 601 556 373 270 258 372 295 401 70 239 514 164 547 114 258 422 361 612 239 146 216 607 326 336 473 415 153 0 576 657
375 789 475 224 299 316 307 133 884 520 826 275 603 741 912 498 667 489 837 374 298 967 390 476 529 784 329 412 197 508 397 517 259 158 215 905 195 874 374 456 194 407 428 712 409 533 519 488 500 965 520 85 617 701 830 163 862 754 553 717 236 500 721 365 958 260 929 226 371 629 367 563 361 644 318 924 727 411 621 815 542 667 342 532 757 991 631 793 617 663 737 447 899 640 120 722 729 576 0 378
617 863 474 178 153 679 159 382 1033 831 606 327 946 449 860 589 565 526 948 13 545 1068 224 825 451 888 86 748 182 810 640 735 234 535 164 633 493 982 484 439 199 575 662 447 756 791 783 420 826 1014 819 461 958 583 967 302 791 675 428 626 230 222 835 284 1055 608 677 217 737 893 58 277 285 847 470 897 642 273 663 863 284 805 110 558 905 1062 483 525 812 663 714 807 963 510 437 555 785 657 378 0
