# TTSP Euclidean complete-graph matrix instance
# seed: 2072
# depot: 1
# L_max is not stored in this file; pass it with --budget when running algorithms.
# coordinate rows: node x y
# coord 1 344.394134 775.020282
# coord 2 525.050786 436.277414
# coord 3 875.531941 576.416384
# coord 4 645.001422 783.618297
# coord 5 680.470135 467.172546
# coord 6 426.702879 489.199610
# coord 7 209.125421 336.660576
# coord 8 856.679535 320.616584
# coord 9 634.115576 363.744723
# coord 10 352.011102 767.130484
# coord 11 865.344014 739.438946
# coord 12 896.867319 936.182812
# coord 13 348.566678 822.046574
# coord 14 670.170019 633.117690
# coord 15 990.430384 117.482729
# coord 16 479.941633 201.927687
# coord 17 644.124230 890.340203
# coord 18 409.110541 125.617310
# coord 19 769.011736 939.942763
# coord 20 304.823679 192.817925
# coord 21 976.745955 596.619532
# coord 22 451.886208 285.819484
# coord 23 626.631246 157.731482
# coord 24 92.836307 954.499108
# coord 25 447.449304 395.993924
# coord 26 803.143068 150.607008
# coord 27 709.484321 406.612989
# coord 28 346.141002 353.836991
# coord 29 554.024133 48.731515
# coord 30 355.084017 29.719361
# coord 31 283.811908 52.126154
# coord 32 894.815844 427.154411
# coord 33 810.799773 588.855924
# coord 34 284.228802 756.005762
# coord 35 199.383565 499.983025
# coord 36 741.154282 519.293753
# coord 37 923.369487 795.649397
# coord 38 421.745109 815.033859
# coord 39 116.558710 384.097671
# coord 40 385.786150 241.935450
# coord 41 828.624606 150.386578
# coord 42 578.462774 363.041950
# coord 43 320.003513 469.884092
# coord 44 410.711012 785.417020
# coord 45 770.515354 162.600644
# coord 46 859.739635 232.494317
# coord 47 380.314772 73.819165
# coord 48 461.667352 259.431302
# coord 49 367.000795 591.089477
# coord 50 476.501994 88.372993
# coord 51 357.383816 909.060775
# coord 52 841.786118 640.002092
# coord 53 98.242523 340.308454
# coord 54 936.237020 773.617579
# coord 55 349.462947 909.697174
# coord 56 209.527067 685.986053
# coord 57 778.130171 790.183290
# coord 58 129.184135 655.661610
# coord 59 264.797579 84.063393
# coord 60 989.901640 295.323124
# coord 61 396.416004 19.088323
# coord 62 942.128511 465.068894
# coord 63 690.224189 115.103762
# coord 64 915.414669 426.011505
# coord 65 520.848904 525.707448
# coord 66 568.425039 429.680187
# coord 67 433.454201 243.137155
# coord 68 128.620062 791.847318
# coord 69 106.769167 601.075811
# coord 70 81.301639 502.282228
# coord 71 804.529984 105.792323
# coord 72 688.594421 357.251757
# coord 73 332.878893 979.234913
# coord 74 119.021392 806.295370
# coord 75 590.471132 335.645796
# coord 76 8.939621 126.985251
# coord 77 565.543468 100.310054
# coord 78 783.490032 647.009994
# coord 79 186.442800 829.367808
# coord 80 99.321017 262.692454
# coord 81 950.452361 408.584776
# coord 82 812.549503 892.647443
# coord 83 8.220107 97.978684
# coord 84 203.268177 468.492736
# coord 85 958.574481 598.268045
# coord 86 467.032443 43.633621
# coord 87 446.768791 597.960193
# coord 88 57.703593 278.886402
# coord 89 432.481799 404.585695
# coord 90 496.715562 742.203641
# coord 91 809.011370 321.667269
# coord 92 788.789204 155.612229
# coord 93 510.217539 734.546501
# coord 94 236.408153 289.689796
# coord 95 947.994243 762.126513
# coord 96 818.714316 524.677408
# coord 97 60.882781 750.586449
# coord 98 486.572550 62.312338
# coord 99 423.972072 319.724345
# coord 100 785.406530 60.295371
# reference_nearest_neighbor_tour_cost: 9804
TTSP_MATRIX
100
0 5 96 98 60 44 75 45 9 15 78 39 81 31 47 23 50 73 49 21 85 7 4 44 61 91 54 78 100 16 57 38 83 41 70 94 51 71 64 30 17 53 51 90 11 94 75 37 34 94 27 47 23 57 70 15 21 96 1 86 49 92 25 95 51 71 75 26 49 69 57 11 65 38 82 63 91 70 41 54 60 89 85 99 46 43 90 33 30 85 56 80 73 76 32 90 24 13 65 61
0 384 567 301 456 297 459 685 503 11 522 575 47 355 922 589 321 653 456 584 657 501 679 309 393 775 519 421 756 745 725 651 502 63 311 472 579 87 452 535 790 474 306 67 746 748 702 529 185 699 135 515 500 592 135 162 434 246 696 804 758 673 745 669 305 412 539 216 294 379 812 541 205 228 504 730 710 457 167 568 708 483 756 337 639 742 205 573 381 156 649 762 171 497 604 536 285 727 462 840
384 0 377 367 158 112 331 351 131 373 456 623 424 245 564 239 469 332 560 328 479 167 296 675 87 399 187 197 389 441 454 370 324 400 332 232 536 393 412 239 417 91 208 367 368 392 390 188 221 351 502 377 437 532 505 402 435 453 438 486 437 418 361 390 90 44 214 533 450 449 433 182 576 549 120 602 338 333 519 460 426 539 618 323 463 397 180 493 98 307 306 385 299 324 534 307 561 376 154 457
567 377 0 310 224 457 708 256 322 557 163 360 581 213 473 545 390 649 379 688 103 514 487 869 465 432 237 574 618 755 791 151 66 618 680 146 224 513 783 593 429 366 566 510 427 344 706 521 509 630 616 72 812 206 623 675 235 751 784 303 735 130 497 156 358 340 554 777 769 798 476 288 676 791 373 976 568 116 734 837 184 322 991 681 86 671 429 870 475 414 263 430 398 700 199 77 833 645 519 524
301 367 310 0 318 367 624 509 420 293 225 294 299 153 750 605 107 699 200 682 381 534 626 578 435 652 382 523 740 808 816 435 256 362 528 281 279 225 662 601 659 426 452 234 634 591 758 555 338 715 314 244 704 291 321 446 133 531 796 598 804 436 670 448 286 362 580 516 568 630 696 429 368 526 451 914 688 195 461 754 484 200 936 543 364 761 272 774 435 154 490 644 143 641 304 312 585 738 514 737
456 158 224 318 0 255 489 229 113 445 329 517 486 166 467 333 425 436 481 465 323 292 314 763 244 340 67 353 437 545 574 218 178 490 482 80 409 434 570 371 350 146 360 417 318 295 495 302 337 430 547 236 596 399 553 519 337 583 565 354 531 262 352 239 170 118 333 640 589 600 382 110 619 656 159 753 384 207 613 616 276 446 767 477 307 474 268 651 256 331 194 330 317 478 398 150 681 449 296 420
297 112 457 367 255 0 266 462 242 288 505 649 342 283 675 292 456 364 566 320 560 205 387 573 95 506 295 158 459 465 460 472 397 302 228 316 584 326 327 251 526 197 108 297 474 503 418 232 118 404 426 442 361 584 428 293 463 341 436 596 471 516 458 493 101 154 246 425 339 346 538 293 499 442 224 553 413 390 416 398 530 558 573 224 543 447 111 425 85 263 417 492 259 276 588 394 450 431 169 559
459 331 708 624 489 266 0 648 426 454 770 912 505 548 811 302 704 291 823 173 810 248 454 629 246 622 505 138 449 340 294 692 652 426 164 563 849 523 104 200 647 370 173 492 588 659 314 264 299 365 591 702 111 848 590 349 728 329 259 782 369 744 530 712 365 371 243 462 284 209 639 480 654 478 381 290 428 653 493 132 745 821 312 132 794 390 353 162 233 497 600 607 499 54 853 638 440 390 216 639
685 351 256 509 229 462 648 0 227 674 419 617 714 364 243 395 608 488 626 566 301 406 282 993 416 178 170 512 407 580 633 113 272 719 681 230 480 658 743 477 173 281 557 644 180 88 537 400 559 446 772 320 759 460 777 743 476 801 637 136 550 168 264 121 394 308 430 867 801 796 221 172 842 883 267 870 365 334 841 760 129 574 877 670 296 478 495 800 432 554 48 178 540 621 451 208 905 451 433 270
503 131 322 420 113 242 426 227 0 492 441 630 540 272 433 224 527 328 592 371 414 198 206 801 189 272 87 288 325 435 469 268 286 526 456 189 520 499 518 277 289 56 332 477 243 261 385 202 351 317 612 346 536 509 616 533 450 583 463 362 419 324 255 288 198 93 234 662 578 570 309 55 685 679 52 669 272 320 646 544 319 558 680 443 400 361 300 583 206 403 180 259 391 405 507 245 692 336 215 339
11 373 557 293 445 288 454 674 492 0 514 570 55 345 911 580 317 644 451 576 648 492 668 320 383 764 508 413 746 737 718 640 492 69 308 461 572 85 450 526 779 463 299 61 735 737 694 519 177 690 142 506 497 584 143 164 427 249 689 793 749 663 735 659 295 401 530 225 296 379 801 530 213 236 493 726 700 448 177 564 698 477 752 334 630 733 194 570 371 147 638 751 162 491 596 526 292 718 453 829
522 456 163 225 329 505 770 419 441 514 0 199 523 222 634 661 268 765 222 783 181 614 629 802 541 592 368 647 758 874 900 314 160 581 708 253 81 450 829 691 590 473 608 457 585 507 824 627 520 758 536 102 865 79 543 658 101 741 889 461 860 285 648 317 405 429 658 739 771 819 637 421 584 749 488 1053 706 123 685 902 342 162 1071 715 169 802 442 930 547 369 422 589 355 773 86 220 805 776 609 684
575 623 360 294 517 649 912 617 630 570 199 0 560 378 824 844 257 946 128 950 349 788 824 804 703 791 562 802 951 1056 1076 509 358 639 823 445 143 490 956 862 789 656 742 509 784 705 1005 805 632 946 540 301 996 167 548 731 188 817 1061 648 1045 473 847 511 557 604 834 782 858 924 836 615 566 789 674 1201 899 311 718 1044 530 95 1222 837 344 991 563 1066 706 445 621 788 436 924 181 419 856 965 777 883
47 424 581 299 486 342 505 714 540 55 523 560 0 373 953 634 303 699 437 631 667 546 720 288 437 811 550 468 800 792 773 674 518 92 355 496 575 74 496 581 826 513 353 72 783 780 749 574 232 745 87 526 543 590 88 195 431 275 743 830 804 693 785 691 343 450 585 222 328 417 849 576 158 230 543 774 754 469 162 612 730 469 800 382 650 787 245 616 426 168 680 799 184 544 602 556 296 772 508 878
355 245 213 153 166 283 548 364 272 345 222 378 373 0 607 471 259 571 322 572 309 410 477 661 325 500 230 428 596 681 698 305 147 405 489 134 301 308 607 484 508 285 386 301 481 443 630 428 306 578 417 172 643 301 423 464 191 541 682 465 672 320 518 321 184 227 456 564 564 603 544 276 483 578 308 833 543 114 522 681 359 296 851 495 291 624 226 708 330 205 341 492 189 553 306 184 621 600 399 584
922 564 473 750 467 675 811 243 433 911 634 824 953 607 0 517 847 581 852 690 479 564 366 1227 610 190 403 686 442 641 710 324 504 952 879 473 681 900 914 617 165 480 757 884 224 174 612 547 783 515 1014 543 920 658 1019 966 705 1016 726 178 602 351 300 318 622 525 571 1094 1007 987 186 385 1084 1111 456 982 425 569 1074 903 294 795 982 862 482 529 726 947 627 796 273 205 782 773 646 442 1125 507 601 213
589 239 545 605 333 292 302 395 224 580 661 844 634 471 517 0 708 104 793 175 635 88 153 846 197 327 308 202 170 213 247 472 509 588 409 411 741 616 406 102 352 189 312 588 293 381 162 60 405 114 718 568 406 731 720 554 660 574 245 518 201 532 228 490 326 244 62 687 546 499 339 260 791 704 173 477 133 539 693 385 514 767 483 384 621 159 397 429 208 541 350 312 533 259 730 468 690 140 130 337
321 469 390 107 425 456 704 608 527 317 268 257 303 259 847 708 0 800 134 776 444 634 733 555 532 757 488 614 846 908 912 527 344 384 592 384 295 235 731 698 763 531 531 256 739 692 858 657 408 819 287 319 775 315 295 480 167 566 891 688 906 519 777 538 385 467 681 525 610 684 801 535 324 532 557 993 794 280 462 831 571 168 1016 610 429 865 353 847 530 209 592 749 205 726 330 405 600 843 612 842
653 332 649 699 436 364 291 488 328 644 765 946 699 571 581 104 800 0 890 124 738 166 220 887 273 395 411 237 164 110 145 572 613 643 429 515 845 690 390 119 420 292 356 660 363 463 59 144 467 77 785 672 378 835 786 595 760 599 150 605 107 632 281 589 415 343 120 723 563 499 396 363 857 740 277 400 158 642 738 339 611 867 402 400 725 100 474 383 280 623 445 381 617 238 834 572 715 100 195 382
456 560 379 200 481 566 823 626 592 451 222 128 437 322 852 793 134 890 0 880 401 727 795 676 632 790 537 723 917 1000 1012 528 354 519 720 422 211 369 857 796 792 608 650 390 777 713 949 747 532 900 413 309 900 236 421 614 150 700 993 681 993 505 829 534 483 548 773 657 744 815 835 588 438 664 630 1113 864 293 593 952 561 64 1135 736 391 946 470 971 632 337 620 785 330 841 252 418 733 922 710 880
584 328 688 682 465 320 173 566 371 576 783 950 631 572 690 175 776 124 880 0 784 174 324 791 248 500 458 166 288 171 142 635 643 564 325 545 864 633 268 95 526 322 277 602 467 556 141 170 403 201 718 699 254 858 718 502 762 495 116 693 196 693 393 654 397 354 138 624 454 382 507 418 787 641 319 303 277 660 647 217 681 865 311 294 769 220 429 262 247 582 520 485 579 119 859 612 609 224 174 499
657 479 103 381 323 560 810 301 414 648 181 349 667 309 479 635 444 738 401 784 0 610 561 954 566 479 328 676 692 841 881 188 166 711 783 248 206 596 886 689 470 462 669 597 481 382 793 616 610 713 694 142 915 182 701 772 277 850 877 302 819 136 560 181 461 441 648 870 870 900 520 375 749 883 466 1076 645 200 824 939 190 339 1089 784 18 752 530 972 577 502 322 479 486 801 168 174 929 725 618 569
501 167 514 534 292 205 248 406 198 492 614 788 546 410 564 88 634 166 727 174 610 0 217 759 110 376 285 126 258 274 288 465 470 499 331 372 694 530 349 79 400 148 226 501 342 411 224 28 317 199 630 527 358 687 632 468 601 491 275 538 272 522 293 484 250 185 46 600 467 429 396 247 704 618 147 471 218 490 605 353 513 706 482 309 595 243 312 394 120 459 359 361 453 216 688 438 607 226 44 403
679 296 487 626 314 387 454 282 206 668 629 824 720 477 366 153 733 220 795 324 561 217 0 959 298 177 262 342 131 300 359 380 469 689 547 379 704 688 558 255 202 211 438 664 144 245 260 194 505 165 798 528 559 689 801 673 650 704 369 388 269 440 77 394 383 278 211 806 683 645 185 209 872 824 182 618 84 514 803 538 410 758 621 525 552 196 476 582 314 599 245 162 588 412 685 414 819 169 259 186
309 675 869 578 763 573 629 993 801 320 802 804 288 661 1227 846 555 887 676 791 954 759 959 0 662 1073 825 652 1016 961 922 960 806 276 467 781 846 357 571 770 1090 765 535 360 1042 1053 926 787 455 947 268 812 614 863 261 293 705 301 887 1113 983 980 1030 978 606 708 789 167 354 452 1108 844 241 150 794 832 976 756 156 692 1017 722 861 498 936 985 502 677 646 456 956 1060 472 680 877 844 206 975 716 1131
393 87 465 435 244 95 246 416 189 383 541 703 437 325 610 197 532 273 632 248 566 110 298 662 0 432 262 110 363 378 381 448 411 395 269 319 621 420 331 166 453 135 147 391 399 444 329 137 211 309 521 464 354 618 523 375 515 411 361 552 380 499 371 469 149 126 153 508 398 381 460 244 594 526 155 514 318 419 506 373 503 616 531 255 550 353 202 407 17 350 369 417 344 236 620 393 525 336 80 476
775 399 432 652 340 506 622 178 272 764 592 791 811 500 190 327 757 395 790 500 479 376 177 1073 432 0 273 500 269 464 529 291 438 797 698 374 656 766 725 427 25 309 579 746 35 100 430 358 620 333 880 491 730 637 884 799 640 842 542 236 427 344 118 297 469 365 381 931 829 803 45 236 953 948 282 795 243 497 917 713 297 742 797 679 474 353 572 756 449 666 171 15 653 584 628 374 954 329 415 92
519 187 237 382 67 295 505 170 87 508 368 562 550 230 403 308 488 411 537 458 328 285 262 825 262 273 0 367 390 517 554 186 209 550 519 117 444 500 593 363 283 138 395 482 252 230 468 288 389 394 614 268 615 431 619 573 390 631 549 302 498 240 292 207 223 143 321 697 633 635 315 54 685 713 139 754 338 252 673 627 241 497 766 510 314 437 325 664 277 397 131 263 384 487 428 161 734 410 298 355
421 197 574 523 353 158 138 512 288 413 647 802 468 428 686 202 614 237 723 166 676 126 342 652 110 500 367 0 369 324 308 554 521 407 207 428 727 467 232 119 524 233 119 436 465 528 282 149 238 296 555 572 248 724 556 359 614 372 282 646 339 606 419 574 245 235 141 489 344 304 521 342 626 506 245 406 335 527 502 263 607 713 424 183 659 333 264 298 100 417 464 485 415 127 727 503 489 324 85 528
756 389 618 740 437 459 449 407 325 746 758 951 800 596 442 170 846 164 917 288 692 258 131 1016 363 269 390 369 0 200 270 509 598 757 574 506 833 778 551 256 293 315 482 750 245 357 176 230 574 87 883 658 541 819 885 724 775 741 291 501 160 569 152 522 478 381 229 856 711 655 257 337 956 874 289 551 53 641 863 503 535 883 548 547 682 87 560 547 376 696 374 258 687 399 815 545 858 69 301 232
745 441 755 808 545 465 340 580 435 737 874 1056 792 681 641 213 908 110 1000 171 841 274 300 961 378 464 517 324 200 0 75 670 721 730 495 623 954 788 427 214 489 401 442 758 436 544 51 253 561 135 879 781 403 944 880 672 870 665 105 688 43 731 346 686 523 453 227 795 623 546 456 467 950 812 386 360 222 751 817 346 706 977 354 464 829 113 576 388 383 726 540 452 722 286 942 678 779 135 298 431
725 454 791 816 574 460 294 633 469 718 900 1076 773 698 710 247 912 145 1012 142 881 288 359 922 381 529 554 308 270 75 0 717 752 704 456 654 981 775 372 215 554 428 419 744 499 604 99 273 545 196 860 811 343 973 860 638 888 623 37 747 117 777 411 734 530 473 243 756 577 494 523 507 928 772 418 285 286 777 783 280 756 993 279 424 868 183 570 320 383 722 590 515 719 242 972 714 733 203 302 502
651 370 151 435 218 472 692 113 268 640 314 509 674 305 324 472 527 572 528 635 188 465 380 960 448 291 186 554 509 670 717 0 182 694 699 179 370 612 779 542 285 323 576 602 292 198 624 464 553 538 722 219 801 349 728 733 381 799 717 163 644 61 373 21 387 326 497 849 807 817 334 218 788 863 318 935 464 246 815 812 59 473 946 693 183 575 480 850 463 508 136 292 492 673 339 124 894 548 483 383
502 324 66 256 178 397 652 272 286 492 160 358 518 147 504 509 344 613 354 643 166 470 469 806 411 438 209 521 598 721 752 182 0 552 618 98 235 450 724 549 439 324 505 446 428 360 671 480 444 602 555 60 755 223 562 609 204 685 744 344 705 180 489 194 297 290 512 712 704 735 483 262 617 725 336 925 547 64 669 783 228 304 941 619 148 645 364 814 421 350 267 434 334 648 221 65 767 618 471 529
63 400 618 362 490 302 426 719 526 69 581 639 92 405 952 588 384 643 519 564 711 499 689 276 395 797 550 407 757 730 704 694 552 0 270 515 640 150 408 524 814 491 288 130 767 778 689 527 185 695 170 569 455 652 167 102 495 185 672 843 745 719 759 712 330 433 534 160 236 325 833 568 228 173 520 687 713 511 122 527 751 546 714 299 693 735 227 528 381 213 681 784 227 469 664 582 223 723 458 857
311 332 680 528 482 228 164 681 456 308 708 823 355 489 879 409 592 429 720 325 783 331 547 467 269 698 519 207 574 495 456 699 618 270 0 542 782 386 142 318 720 403 124 355 663 712 463 356 191 496 439 657 189 786 436 186 647 171 421 817 520 744 624 720 322 376 348 300 137 118 722 510 497 317 424 419 542 602 330 258 757 728 445 32 766 529 266 263 252 384 635 683 389 214 793 620 286 523 288 733
472 232 146 281 80 316 563 230 189 461 253 445 496 134 473 411 384 515 422 545 248 372 379 781 319 374 117 428 506 623 654 179 98 515 542 0 331 435 639 451 379 226 424 424 358 310 573 382 381 506 547 157 667 321 553 557 273 627 645 335 607 208 407 198 220 195 413 670 640 660 418 170 615 685 238 831 454 135 635 691 237 380 845 540 231 549 305 725 329 331 209 367 316 555 319 78 719 523 375 461
579 536 224 279 409 584 849 480 520 572 81 143 575 301 681 741 295 845 211 864 206 694 704 846 621 656 444 727 833 954 981 370 235 640 782 331 0 502 906 772 652 553 686 513 651 567 903 708 593 837 577 176 942 26 585 722 145 806 970 505 938 331 719 370 485 510 738 795 839 892 700 497 618 804 568 1133 782 204 738 981 388 147 1151 791 200 880 516 1008 628 430 488 654 418 853 42 290 864 854 690 748
87 393 513 225 434 326 523 658 499 85 450 490 74 308 900 616 235 690 369 633 596 530 688 357 420 766 500 467 778 788 775 612 450 150 386 435 502 0 528 574 779 478 360 32 740 729 742 557 231 729 114 455 574 516 119 248 357 333 748 770 796 627 750 629 306 412 572 294 381 462 806 530 187 303 508 802 729 399 236 640 667 398 828 410 579 773 219 648 411 105 627 755 120 557 529 492 367 756 495 838
452 412 783 662 570 327 104 743 518 450 829 956 496 607 914 406 731 390 857 268 886 349 558 571 331 725 593 232 551 427 372 779 724 408 142 639 906 528 0 304 749 462 221 498 690 758 407 367 325 466 578 769 47 908 575 316 776 272 335 878 460 830 634 800 428 454 347 408 217 123 742 573 633 422 476 279 531 717 451 123 834 862 306 121 869 489 393 121 317 522 695 710 527 153 913 716 371 490 314 743
535 239 593 601 371 251 200 477 277 526 691 862 581 484 617 102 698 119 796 95 689 79 255 770 166 427 363 119 256 214 215 542 549 524 318 451 772 574 304 0 452 228 237 544 393 474 168 78 350 178 668 605 304 765 669 478 674 487 199 606 223 599 330 561 314 262 48 607 455 401 440 324 739 624 225 394 229 568 620 287 589 778 404 291 675 214 361 330 169 512 431 412 508 157 766 517 604 206 87 439
790 417 429 659 350 526 647 173 289 779 590 789 826 508 165 352 763 420 792 526 470 400 202 1090 453 25 283 524 293 489 554 285 439 814 720 379 652 779 749 452 0 328 601 760 59 88 455 383 638 358 893 490 755 632 898 819 642 863 568 217 452 335 143 289 485 382 406 949 851 826 51 250 966 966 302 820 268 499 935 738 285 742 822 702 466 377 588 782 471 679 172 40 665 608 623 374 975 353 439 100
474 91 366 426 146 197 370 281 56 463 473 656 513 285 480 189 531 292 608 322 462 148 211 765 135 309 138 233 315 401 428 323 324 491 403 226 553 478 462 228 328 0 280 454 278 310 351 156 311 293 589 382 481 545 593 490 472 536 420 417 389 378 272 343 173 67 188 621 528 516 342 110 663 638 30 617 263 350 609 490 375 579 629 390 447 338 269 528 152 388 234 295 378 350 544 290 647 314 160 367
306 208 566 452 360 108 173 557 332 299 608 742 353 386 757 312 531 356 650 277 669 226 438 535 147 579 395 119 482 442 419 576 505 288 124 424 686 360 221 237 601 280 0 328 545 590 401 254 130 412 441 549 257 687 441 243 559 266 390 692 457 622 513 597 208 252 254 375 250 241 606 385 510 392 302 463 444 496 383 303 633 649 485 117 651 451 180 324 130 325 511 564 326 199 693 502 382 440 183 620
67 367 510 234 417 297 492 644 477 61 457 509 72 301 884 588 256 660 390 602 597 501 664 360 391 746 482 436 750 758 744 602 446 130 355 424 513 32 498 544 760 454 328 0 719 712 712 528 199 700 135 455 544 526 139 224 367 310 716 759 766 621 726 620 282 389 543 282 355 434 785 510 209 292 484 771 702 398 229 608 658 416 797 379 579 744 191 617 381 96 611 735 112 525 538 484 352 727 466 816
746 368 427 634 318 474 588 180 243 735 585 784 783 481 224 293 739 363 777 467 481 342 144 1042 399 35 252 465 245 436 499 292 428 767 663 358 651 740 690 393 59 278 545 719 0 113 400 324 589 303 853 483 695 633 858 767 628 809 512 256 401 348 93 301 441 335 347 899 795 768 66 211 927 916 250 762 214 485 886 679 305 731 765 644 475 326 543 722 416 641 164 20 628 549 625 365 922 301 380 103
748 392 344 591 295 503 659 88 261 737 507 705 780 443 174 381 692 463 713 556 382 411 245 1053 444 100 230 528 357 544 604 198 360 778 712 310 567 729 758 474 88 310 590 712 113 0 505 399 609 409 843 408 769 547 848 793 564 844 613 145 510 247 206 201 448 352 426 921 838 824 138 212 914 937 288 857 323 421 900 761 198 662 862 698 379 436 551 803 461 626 103 105 612 626 537 295 952 410 444 188
702 390 706 758 495 418 314 537 385 694 824 1005 749 630 612 162 858 59 949 141 793 224 260 926 329 430 468 282 176 51 99 624 671 689 463 573 903 742 407 168 455 351 401 712 400 505 0 203 517 97 836 730 388 894 836 636 819 634 116 649 57 685 313 641 473 403 177 761 594 522 425 419 907 778 336 375 187 701 780 339 661 926 373 433 781 92 528 382 335 678 495 417 673 259 892 629 748 107 250 405
529 188 521 555 302 232 264 400 202 519 627 805 574 428 547 60 657 144 747 170 616 28 194 787 137 358 288 149 230 253 273 464 480 527 356 382 708 557 367 78 383 156 254 528 324 399 203 0 345 172 658 538 372 700 660 496 618 517 264 529 249 523 270 483 273 201 33 628 493 451 376 247 731 645 150 472 190 504 633 362 511 724 481 332 601 216 339 404 148 484 353 343 478 227 699 445 634 199 71 380
185 221 509 338 337 118 299 559 351 177 520 632 232 306 783 405 408 467 532 403 610 317 505 455 211 620 389 238 574 561 545 553 444 185 191 381 593 231 325 350 638 311 130 199 589 609 517 345 0 515 318 477 368 598 319 184 457 246 517 690 573 589 575 573 167 258 354 312 260 299 653 398 390 328 339 586 529 420 299 424 611 538 610 205 592 557 80 439 198 199 518 606 203 328 606 457 345 542 277 676
699 351 630 715 430 404 365 446 317 690 758 946 745 578 515 114 819 77 900 201 713 199 165 947 309 333 394 296 87 135 196 538 602 695 496 506 837 729 466 178 358 293 412 700 303 409 97 172 515 0 829 662 454 825 831 655 764 665 212 554 106 599 215 554 440 353 161 785 632 572 328 342 902 802 272 469 90 637 796 416 572 872 468 468 702 46 510 460 319 654 406 319 647 313 822 555 782 28 237 310
135 502 616 314 547 426 591 772 612 142 536 540 87 417 1014 718 287 785 413 718 694 630 798 268 521 880 614 555 883 879 860 722 555 170 439 547 577 114 578 668 893 589 441 135 853 843 836 658 318 829 0 554 625 594 8 268 437 341 830 881 891 734 861 738 417 524 670 257 397 492 919 644 74 260 619 856 835 500 189 696 776 455 883 467 677 872 324 698 510 217 741 868 232 631 609 600 336 857 593 951
515 377 72 244 236 442 702 320 346 506 102 301 526 172 543 568 319 672 309 699 142 527 528 812 464 491 268 572 658 781 811 219 60 569 657 157 176 455 769 605 490 382 549 455 483 408 730 538 477 662 554 0 802 164 561 634 163 713 801 375 764 202 546 226 341 345 569 729 736 773 536 322 612 742 395 978 606 59 682 833 256 254 994 661 124 704 397 863 472 360 320 487 345 699 162 118 789 678 526 582
500 437 812 704 596 361 111 759 536 497 865 996 543 643 920 406 775 378 900 254 915 358 559 614 354 730 615 248 541 403 343 801 755 455 189 667 942 574 47 304 755 481 257 544 695 769 388 372 368 454 625 802 0 943 622 363 815 317 306 893 438 853 633 822 461 479 349 453 261 163 744 591 681 466 492 231 525 751 497 78 855 903 259 166 898 473 433 74 340 566 711 715 570 147 949 744 412 478 326 742
592 532 206 291 399 584 848 460 509 584 79 167 590 301 658 731 315 835 236 858 182 687 689 863 618 637 431 724 819 944 973 349 223 652 786 321 26 516 908 765 632 545 687 526 633 547 894 700 598 825 594 164 943 0 602 732 159 816 962 481 928 309 703 348 484 504 731 808 847 897 681 484 637 818 558 1130 769 198 752 981 365 172 1148 794 177 868 520 1008 624 441 470 635 428 851 16 275 876 842 684 729
135 505 623 321 553 428 590 777 616 143 543 548 88 423 1019 720 295 786 421 718 701 632 801 261 523 884 619 556 885 880 860 728 562 167 436 553 585 119 575 669 898 593 441 139 858 848 836 660 319 831 8 561 622 602 0 264 445 336 830 887 892 741 865 744 421 528 672 250 393 488 924 648 71 253 623 854 838 507 182 694 782 463 881 465 684 874 327 695 512 223 746 873 238 630 616 607 330 858 595 955
162 402 675 446 519 293 349 743 533 164 658 731 195 464 966 554 480 595 614 502 772 468 673 293 375 799 573 359 724 672 638 733 609 102 186 557 722 248 316 478 819 490 243 224 767 793 636 496 184 655 268 634 363 732 264 0 578 86 604 873 693 765 746 752 350 441 496 133 133 224 831 581 318 151 518 594 685 575 145 437 791 637 622 218 754 692 253 434 359 293 702 785 305 397 742 630 162 682 424 850
434 435 235 133 337 463 728 476 450 427 101 188 431 191 705 660 167 760 150 762 277 601 650 705 515 640 390 614 775 870 888 381 204 495 647 273 145 357 776 674 642 472 559 367 628 564 819 618 457 764 437 163 815 159 445 578 0 663 873 538 860 364 681 389 369 417 647 650 697 754 685 442 484 659 492 1016 722 143 593 860 419 108 1035 659 263 809 383 883 518 285 470 635 274 738 172 269 718 784 589 730
246 453 751 531 583 341 329 801 583 249 741 817 275 541 1016 574 566 599 700 495 850 491 704 301 411 842 631 372 741 665 623 799 685 185 171 627 806 333 272 487 863 536 266 310 809 844 634 517 246 665 341 713 317 816 336 86 663 0 587 933 690 835 779 819 413 494 513 136 59 161 871 634 382 151 561 542 706 654 183 394 858 723 571 201 831 699 323 383 394 378 757 828 389 381 826 702 117 693 447 886
696 438 784 796 565 436 259 637 463 689 889 1061 743 682 726 245 891 150 993 116 877 275 369 887 361 542 549 282 291 105 37 717 744 672 421 645 970 748 335 199 568 420 390 716 512 613 116 264 517 212 830 801 306 962 830 604 873 587 0 755 147 777 427 735 511 460 232 721 541 457 540 504 898 737 412 259 301 765 749 243 759 977 257 389 864 206 545 284 362 698 594 529 695 208 963 708 697 223 284 521
804 486 303 598 354 596 782 136 362 793 461 648 830 465 178 518 688 605 681 693 302 538 388 1113 552 236 302 646 501 688 747 163 344 843 817 335 505 770 878 606 217 417 692 759 256 145 649 529 690 554 881 375 893 481 887 873 538 933 755 0 655 176 350 150 523 442 559 994 935 932 265 308 948 1010 401 995 467 408 965 891 120 623 1001 805 305 580 622 932 568 666 183 245 650 754 469 286 1035 555 566 312
758 437 735 804 531 471 369 550 419 749 860 1045 804 672 602 201 906 107 993 196 819 272 269 983 380 427 498 339 160 43 117 644 705 745 520 607 938 796 460 223 452 389 457 766 401 510 57 249 573 106 891 764 438 928 892 693 860 690 147 655 0 705 309 660 522 445 227 818 650 577 417 447 962 835 371 402 188 738 837 384 677 968 396 489 807 75 581 427 387 730 512 415 724 314 925 659 805 100 302 391
673 418 130 436 262 516 744 168 324 663 285 473 693 320 351 532 519 632 505 693 136 522 440 980 499 344 240 606 569 731 777 61 180 719 744 208 331 627 830 599 335 378 622 621 348 247 685 523 589 599 734 202 853 309 741 765 364 835 777 176 705 0 431 47 426 375 555 877 846 862 385 276 797 891 375 993 524 241 839 867 57 447 1003 739 134 635 513 904 513 525 196 345 509 727 297 137 926 608 538 434
745 361 497 670 352 458 530 264 255 735 648 847 785 518 300 228 777 281 829 393 560 293 77 1030 371 118 292 419 152 346 411 373 489 759 624 407 719 750 634 330 143 272 513 726 93 206 313 270 575 215 861 546 633 703 865 746 681 779 427 350 309 431 0 384 444 337 287 879 759 722 115 242 935 897 242 681 126 540 874 609 392 787 682 602 553 234 541 653 388 656 238 107 645 486 696 429 894 210 336 110
669 390 156 448 239 493 712 121 288 659 317 511 691 321 318 490 538 589 534 654 181 484 394 978 469 297 207 574 522 686 734 21 194 712 720 198 370 629 800 561 289 343 597 620 301 201 641 483 573 554 738 226 822 348 744 752 389 819 735 150 660 47 384 0 407 347 515 868 827 838 339 237 803 883 337 955 478 257 833 832 39 478 965 713 178 589 499 870 483 525 149 299 509 693 338 138 914 562 503 388
305 90 358 286 170 101 365 394 198 295 405 557 343 184 622 326 385 415 483 397 461 250 383 606 149 469 223 245 478 523 530 387 297 330 322 220 485 306 428 314 485 173 208 282 441 448 473 273 167 440 417 341 461 484 421 350 369 413 511 523 522 426 444 407 0 107 296 474 421 440 507 238 491 490 202 649 428 289 452 497 445 469 668 323 444 485 103 525 150 218 353 457 209 370 488 298 512 465 228 535
412 44 340 362 118 154 371 308 93 401 429 604 450 227 525 244 467 343 548 354 441 185 278 708 126 365 143 235 381 453 473 326 290 433 376 195 510 412 454 262 382 67 252 389 335 352 403 201 258 353 524 345 479 504 528 441 417 494 460 442 445 375 337 347 107 0 230 570 492 493 401 140 598 586 97 636 329 306 553 498 383 523 651 367 425 399 208 533 138 321 264 352 310 360 505 268 600 376 182 428
539 214 554 580 333 246 243 430 234 530 658 834 585 456 571 62 681 120 773 138 648 46 211 789 153 381 321 141 229 227 243 497 512 534 348 413 738 572 347 48 406 188 254 543 347 426 177 33 354 161 670 569 349 731 672 496 647 513 232 559 227 555 287 515 296 230 0 628 485 437 396 279 743 645 182 440 195 534 636 335 543 752 449 322 634 202 355 377 161 503 384 366 497 202 731 477 630 188 77 397
216 533 777 516 640 425 462 867 662 225 739 782 222 564 1094 687 525 723 657 624 870 600 806 167 508 931 697 489 856 795 756 849 712 160 300 670 795 294 408 607 949 621 375 282 899 921 761 628 312 785 257 729 453 808 250 133 650 136 721 994 818 877 879 868 474 570 628 0 192 293 963 709 277 17 649 676 818 671 69 530 907 691 704 332 852 821 373 518 492 371 827 917 386 514 820 740 79 813 557 983
294 450 769 568 589 339 284 801 578 296 771 858 328 564 1007 546 610 563 744 454 870 467 683 354 398 829 633 344 711 623 577 807 704 236 137 640 839 381 217 455 851 528 250 355 795 838 594 493 260 632 397 736 261 847 393 133 697 59 541 935 650 846 759 827 421 492 485 192 0 102 856 631 441 206 552 484 679 678 242 338 865 764 513 164 852 664 340 326 380 415 756 815 425 337 857 716 156 659 424 868
379 449 798 630 600 346 209 796 570 379 819 924 417 603 987 499 684 499 815 382 900 429 645 452 381 803 635 304 655 546 494 817 735 325 118 660 892 462 123 401 826 516 241 434 768 824 522 451 299 572 492 773 163 897 488 224 754 161 457 932 577 862 722 838 440 493 437 293 102 0 825 624 539 306 536 382 629 717 344 240 874 829 411 127 883 599 378 225 365 480 750 788 488 263 905 738 249 598 388 831
812 433 476 696 382 538 639 221 309 801 637 836 849 544 186 339 801 396 835 507 520 396 185 1108 460 45 315 521 257 456 523 334 483 833 722 418 700 806 742 440 51 342 606 785 66 138 425 376 653 328 919 536 744 681 924 831 685 871 540 265 417 385 115 339 507 401 396 963 856 825 0 277 993 980 314 796 239 542 952 722 336 787 796 702 516 343 608 767 477 707 216 52 694 597 672 419 984 321 437 49
541 182 288 429 110 293 480 172 55 530 421 615 576 276 385 260 535 363 588 418 375 247 209 844 244 236 54 342 337 467 507 218 262 568 510 170 497 530 573 324 250 110 385 510 211 212 419 247 398 342 644 322 591 484 648 581 442 634 504 308 447 276 242 237 238 140 279 709 631 624 277 0 717 725 100 718 285 305 689 597 267 550 728 498 362 384 341 636 260 430 126 225 417 457 481 212 741 357 267 312
205 576 676 368 619 499 654 842 685 213 584 566 158 483 1084 791 324 857 438 787 749 704 872 241 594 953 685 626 956 950 928 788 617 228 497 615 618 187 633 739 966 663 510 209 927 914 907 731 390 902 74 612 681 637 71 318 484 382 898 948 962 797 935 803 491 598 743 277 441 539 993 717 0 275 693 912 909 560 210 754 841 487 939 527 733 945 398 752 583 288 812 941 302 696 652 665 355 930 666 1024
228 549 791 526 656 442 478 883 679 236 749 789 230 578 1111 704 532 740 664 641 883 618 824 150 526 948 713 506 874 812 772 863 725 173 317 685 804 303 422 624 966 638 392 292 916 937 778 645 328 802 260 742 466 818 253 151 659 151 737 1010 835 891 897 883 490 586 645 17 206 306 980 725 275 0 666 688 835 683 71 544 922 699 717 348 865 838 388 531 510 383 843 934 398 530 830 754 81 830 574 1000
504 120 373 451 159 224 381 267 52 493 488 674 543 308 456 173 557 277 630 319 466 147 182 794 155 282 139 245 289 386 418 318 336 520 424 238 568 508 476 225 302 30 302 484 250 288 336 150 339 272 619 395 492 558 623 518 492 561 412 401 371 375 242 337 202 97 182 649 552 536 314 100 693 666 0 618 237 366 638 497 367 600 629 409 452 317 299 536 172 417 219 268 407 357 557 296 673 292 167 337
730 602 976 914 753 553 290 870 669 726 1053 1201 774 833 982 477 993 400 1113 303 1076 471 618 832 514 795 754 406 551 360 285 935 925 687 419 831 1133 802 279 394 820 617 463 771 762 857 375 472 586 469 856 978 231 1130 854 594 1016 542 259 995 402 993 681 955 649 636 440 676 484 382 796 718 912 688 618 0 557 933 724 163 983 1110 29 393 1060 466 643 160 506 785 823 780 788 280 1134 902 626 482 458 779
710 338 568 688 384 413 428 365 272 700 706 899 754 543 425 133 794 158 864 277 645 218 84 976 318 243 338 335 53 222 286 464 547 713 542 454 782 729 531 229 268 263 444 702 214 323 187 190 529 90 835 606 525 769 838 685 722 706 301 467 188 524 126 478 428 329 195 818 679 629 239 285 909 835 237 557 0 589 822 494 493 830 557 517 634 114 512 538 332 646 329 230 637 380 764 494 823 88 261 223
457 333 116 195 207 390 653 334 320 448 123 311 469 114 569 539 280 642 293 660 200 490 514 756 419 497 252 527 641 751 777 246 64 511 602 135 204 399 717 568 499 350 496 398 485 421 701 504 420 637 500 59 751 198 507 575 143 654 765 408 738 241 540 257 289 306 534 671 678 717 542 305 560 683 366 933 589 0 624 785 291 247 950 607 182 681 340 814 427 302 326 491 287 653 201 127 730 656 486 587
167 519 734 461 613 416 493 841 646 177 685 718 162 522 1074 693 462 738 593 647 824 605 803 156 506 917 673 502 863 817 783 815 669 122 330 635 738 236 451 620 935 609 383 229 886 900 780 633 299 796 189 682 497 752 182 145 593 183 749 965 837 839 874 833 452 553 636 69 242 344 952 689 210 71 638 724 822 624 0 573 872 629 753 361 806 834 348 565 491 322 803 904 337 542 765 702 148 824 562 975
568 460 837 754 616 398 132 760 544 564 902 1044 612 681 903 385 831 339 952 217 939 353 538 692 373 713 627 263 503 346 280 812 783 527 258 691 981 640 123 287 738 490 303 608 679 761 339 362 424 416 696 833 78 981 694 437 860 394 243 891 384 867 609 832 497 498 335 530 338 240 722 597 754 544 497 163 494 785 573 0 864 952 188 231 922 428 483 45 362 623 712 698 626 140 985 766 489 436 330 715
708 426 184 484 276 530 745 129 319 698 342 530 730 359 294 514 571 611 561 681 190 513 410 1017 503 297 241 607 535 706 756 59 228 751 757 237 388 667 834 589 285 375 633 658 305 198 661 511 611 572 776 256 855 365 782 791 419 858 759 120 677 57 392 39 445 383 543 907 865 874 336 267 841 922 367 983 493 291 872 864 0 503 992 750 190 606 538 902 518 563 166 300 548 724 354 176 953 579 534 385
483 539 322 200 446 558 821 574 558 477 162 95 469 296 795 767 168 867 64 865 339 706 758 722 616 742 497 713 883 977 993 473 304 546 728 380 147 398 862 778 742 579 649 416 731 662 926 724 538 872 455 254 903 172 463 637 108 723 977 623 968 447 787 478 469 523 752 691 764 829 787 550 487 699 600 1110 830 247 629 952 503 0 1131 742 329 917 470 973 619 350 571 737 341 834 188 368 765 892 692 833
756 618 991 936 767 573 312 877 680 752 1071 1222 800 851 982 483 1016 402 1135 311 1089 482 621 861 531 797 766 424 548 354 279 946 941 714 445 845 1151 828 306 404 822 629 485 797 765 862 373 481 610 468 883 994 259 1148 881 622 1035 571 257 1001 396 1003 682 965 668 651 449 704 513 411 796 728 939 717 629 29 557 950 753 188 992 1131 0 419 1074 462 665 188 523 808 831 783 811 298 1151 916 655 480 471 778
337 323 681 543 477 224 132 670 443 334 715 837 382 495 862 384 610 400 736 294 784 309 525 498 255 679 510 183 547 464 424 693 619 299 32 540 791 410 121 291 702 390 117 379 644 698 433 332 205 468 467 661 166 794 465 218 659 201 389 805 489 739 602 713 323 367 322 332 164 127 702 498 527 348 409 393 517 607 361 231 750 742 419 0 766 500 276 239 238 401 623 664 406 182 801 618 316 495 266 711
639 463 86 364 307 543 794 296 400 630 169 344 650 291 482 621 429 725 391 769 18 595 552 936 550 474 314 659 682 829 868 183 148 693 766 231 200 579 869 675 466 447 651 579 475 379 781 601 592 702 677 124 898 177 684 754 263 831 864 305 807 134 553 178 444 425 634 852 852 883 516 362 733 865 452 1060 634 182 806 922 190 329 1074 766 0 741 512 956 561 484 314 474 469 785 164 158 911 714 603 565
742 397 671 761 474 447 390 478 361 733 802 991 787 624 529 159 865 100 946 220 752 243 196 985 353 353 437 333 87 113 183 575 645 735 529 549 880 773 489 214 377 338 451 744 326 436 92 216 557 46 872 704 473 868 874 692 809 699 206 580 75 635 234 589 485 399 202 821 664 599 343 384 945 838 317 466 114 681 834 428 606 917 462 500 741 0 555 472 363 699 441 341 692 337 865 596 815 27 279 319
205 180 429 272 268 111 353 495 300 194 442 563 245 226 726 397 353 474 470 429 530 312 476 502 202 572 325 264 560 576 570 480 364 227 266 305 516 219 393 361 588 269 180 191 543 551 528 339 80 510 324 397 433 520 327 253 383 323 545 622 581 513 541 499 103 208 355 373 340 378 608 341 398 388 299 643 512 340 348 483 538 470 665 276 512 555 0 503 194 153 456 559 151 373 527 379 415 537 279 635
573 493 870 774 651 425 162 800 583 570 930 1066 616 708 947 429 847 383 971 262 972 394 582 677 407 756 664 298 547 388 320 850 814 528 263 725 1008 648 121 330 782 528 324 617 722 803 382 404 439 460 698 863 74 1008 695 434 883 383 284 932 427 904 653 870 525 533 377 518 326 225 767 636 752 531 536 160 538 814 565 45 902 973 188 239 956 472 503 0 395 638 753 741 642 179 1013 800 472 480 369 760
381 98 475 435 256 85 233 432 206 371 547 706 426 330 627 208 530 280 632 247 577 120 314 646 17 449 277 100 376 383 383 463 421 381 252 329 628 411 317 169 471 152 130 381 416 461 335 148 198 319 510 472 340 624 512 359 518 394 362 568 387 513 388 483 150 138 161 492 380 365 477 260 583 510 172 506 332 427 491 362 518 619 523 238 561 363 194 395 0 344 386 435 339 227 627 404 508 347 85 493
156 307 414 154 331 263 497 554 403 147 369 445 168 205 796 541 209 623 337 582 502 459 599 456 350 666 397 417 696 726 722 508 350 213 384 331 430 105 522 512 679 388 325 96 641 626 678 484 199 654 217 360 566 441 223 293 285 378 698 666 730 525 656 525 218 321 503 371 415 480 707 430 288 383 417 785 646 302 322 623 563 350 808 401 484 699 153 638 344 0 524 655 16 522 452 389 436 680 429 741
649 306 263 490 194 417 600 48 180 638 422 621 680 341 273 350 592 445 620 520 322 359 245 956 369 171 131 464 374 540 590 136 267 681 635 209 488 627 695 431 172 234 511 611 164 103 495 353 518 406 741 320 711 470 746 702 470 757 594 183 512 196 238 149 353 264 384 827 756 750 216 126 812 843 219 823 329 326 803 712 166 571 831 623 314 441 456 753 386 524 0 167 510 573 462 203 862 414 385 262
762 385 430 644 330 492 607 178 259 751 589 788 799 492 205 312 749 381 785 485 479 361 162 1060 417 15 263 485 258 452 515 292 434 784 683 367 654 755 710 412 40 295 564 735 20 105 417 343 606 319 868 487 715 635 873 785 635 828 529 245 415 345 107 299 457 352 366 917 815 788 52 225 941 934 268 780 230 491 904 698 300 737 783 664 474 341 559 741 435 655 167 0 642 568 627 370 940 316 400 95
171 299 398 143 317 259 499 540 391 162 355 436 184 189 782 533 205 617 330 579 486 453 588 472 344 653 384 415 687 722 719 492 334 227 389 316 418 120 527 508 665 378 326 112 628 612 673 478 203 647 232 345 570 428 238 305 274 389 695 650 724 509 645 509 209 310 497 386 425 488 694 417 302 398 407 788 637 287 337 626 548 341 811 406 469 692 151 642 339 16 510 642 0 522 439 373 450 673 424 728
497 324 700 641 478 276 54 621 405 491 773 924 544 553 773 259 726 238 841 119 801 216 412 680 236 584 487 127 399 286 242 673 648 469 214 555 853 557 153 157 608 350 199 525 549 626 259 227 328 313 631 699 147 851 630 397 738 381 208 754 314 727 486 693 370 360 202 514 337 263 597 457 696 530 357 280 380 653 542 140 724 834 298 182 785 337 373 179 227 522 573 568 522 0 854 628 493 338 190 595
604 534 199 304 398 588 853 451 507 596 86 181 602 306 646 730 330 834 252 859 168 688 685 877 620 628 428 727 815 942 972 339 221 664 793 319 42 529 913 766 623 544 693 538 625 537 892 699 606 822 609 162 949 16 616 742 172 826 963 469 925 297 696 338 488 505 731 820 857 905 672 481 652 830 557 1134 764 201 765 985 354 188 1151 801 164 865 527 1013 627 452 462 627 439 854 0 270 887 838 686 720
536 307 77 312 150 394 638 208 245 526 220 419 556 184 442 468 405 572 418 612 174 438 414 844 393 374 161 503 545 678 714 124 65 582 620 78 290 492 716 517 374 290 502 484 365 295 629 445 457 555 600 118 744 275 607 630 269 702 708 286 659 137 429 138 298 268 477 740 716 738 419 212 665 754 296 902 494 127 702 766 176 368 916 618 158 596 379 800 404 389 203 370 373 628 270 0 791 569 445 466
285 561 833 585 681 450 440 905 692 292 805 856 296 621 1125 690 600 715 733 609 929 607 819 206 525 954 734 489 858 779 733 894 767 223 286 719 864 367 371 604 975 647 382 352 922 952 748 634 345 782 336 789 412 876 330 162 718 117 697 1035 805 926 894 914 512 600 630 79 156 249 984 741 355 81 673 626 823 730 148 489 953 765 655 316 911 815 415 472 508 436 862 940 450 493 887 791 0 809 563 1001
727 376 645 738 449 431 390 451 336 718 776 965 772 600 507 140 843 100 922 224 725 226 169 975 336 329 410 324 69 135 203 548 618 723 523 523 854 756 490 206 353 314 440 727 301 410 107 199 542 28 857 678 478 842 858 682 784 693 223 555 100 608 210 562 465 376 188 813 659 598 321 357 930 830 292 482 88 656 824 436 579 892 480 495 714 27 537 480 347 680 414 316 673 338 838 569 809 0 265 299
462 154 519 514 296 169 216 433 215 453 609 777 508 399 601 130 612 195 710 174 618 44 259 716 80 415 298 85 301 298 302 483 471 458 288 375 690 495 314 87 439 160 183 466 380 444 250 71 277 237 593 526 326 684 595 424 589 447 284 566 302 538 336 503 228 182 77 557 424 388 437 267 666 574 167 458 261 486 562 330 534 692 471 266 603 279 279 369 85 429 385 400 424 190 686 445 563 265 0 445
840 457 524 737 420 559 639 270 339 829 684 883 878 584 213 337 842 382 880 499 569 403 186 1131 476 92 355 528 232 431 502 383 529 857 733 461 748 838 743 439 100 367 620 816 103 188 405 380 676 310 951 582 742 729 955 850 730 886 521 312 391 434 110 388 535 428 397 983 868 831 49 312 1024 1000 337 779 223 587 975 715 385 833 778 711 565 319 635 760 493 741 262 95 728 595 720 466 1001 299 445 0
