# TTSP Euclidean complete-graph matrix instance
# seed: 2083
# depot: 1
# L_max is not stored in this file; pass it with --budget when running algorithms.
# coordinate rows: node x y
# coord 1 992.415786 681.163437
# coord 2 624.419628 118.721284
# coord 3 942.628430 269.763229
# coord 4 260.417909 688.954832
# coord 5 326.796674 771.137698
# coord 6 773.784075 666.105181
# coord 7 37.802718 851.034015
# coord 8 892.257173 489.765429
# coord 9 317.205599 246.367406
# coord 10 461.758804 6.263250
# coord 11 869.934816 911.276019
# coord 12 408.264863 807.679807
# coord 13 434.720871 806.398682
# coord 14 884.933799 779.020417
# coord 15 180.199761 414.535956
# coord 16 842.027000 201.702726
# coord 17 476.124720 436.285914
# coord 18 525.300940 829.762157
# coord 19 130.062204 900.157017
# coord 20 587.805080 284.957206
# coord 21 631.737338 319.947262
# coord 22 434.882799 495.812203
# coord 23 820.707781 210.746090
# coord 24 580.073978 215.946148
# coord 25 707.945227 726.695676
# coord 26 991.617488 205.282904
# coord 27 499.151674 489.380072
# coord 28 199.136746 517.397548
# coord 29 586.510593 322.804306
# coord 30 516.050466 767.295257
# coord 31 185.319331 9.251370
# coord 32 378.711138 651.042043
# coord 33 136.231756 791.402457
# coord 34 973.520763 353.316227
# coord 35 789.063165 30.958009
# coord 36 150.825245 851.611183
# coord 37 311.438459 194.250288
# coord 38 392.151306 280.194319
# coord 39 124.026661 883.430371
# coord 40 644.496942 358.383617
# coord 41 350.863336 285.564331
# coord 42 367.423436 829.947147
# coord 43 193.755665 200.036089
# coord 44 697.293704 153.315153
# coord 45 569.173553 676.865299
# coord 46 949.171811 379.887213
# coord 47 572.404822 37.456556
# coord 48 803.621869 463.528000
# coord 49 939.272062 155.204920
# coord 50 887.800217 680.478658
# coord 51 864.937539 530.033419
# coord 52 226.110195 249.839933
# coord 53 904.059989 44.211188
# coord 54 891.707244 912.825310
# coord 55 176.172319 819.224372
# coord 56 416.408085 662.045157
# coord 57 358.315905 826.201378
# coord 58 348.146092 721.928452
# coord 59 547.582946 379.494544
# coord 60 474.843031 862.335130
# coord 61 197.414281 996.505889
# coord 62 750.383818 862.947469
# coord 63 946.330480 940.138432
# coord 64 249.274094 795.780084
# coord 65 861.841974 715.019147
# coord 66 697.105562 341.537131
# coord 67 340.052353 399.481194
# coord 68 765.081196 94.308956
# coord 69 299.907791 848.336701
# coord 70 122.525528 95.825548
# coord 71 833.537583 754.126495
# coord 72 996.970961 16.165295
# coord 73 321.611955 422.254670
# coord 74 379.858870 602.299248
# coord 75 321.285848 615.666318
# coord 76 465.327879 534.367289
# coord 77 535.151634 538.935479
# coord 78 0.464493 192.936768
# coord 79 888.800788 494.194614
# coord 80 956.534419 32.975858
# coord 81 904.937460 486.708162
# coord 82 787.425741 889.503242
# coord 83 889.445612 493.446758
# coord 84 935.602687 460.948416
# coord 85 197.192945 887.915128
# coord 86 670.999837 283.532611
# coord 87 119.389066 661.409526
# coord 88 221.198639 346.217938
# coord 89 872.666739 368.827697
# coord 90 329.127116 883.482360
# coord 91 3.759292 686.071284
# coord 92 786.774781 941.583873
# coord 93 854.030019 832.211077
# coord 94 227.733411 349.496511
# coord 95 42.269588 779.911758
# coord 96 381.115323 409.074400
# coord 97 171.506574 10.626919
# coord 98 337.906241 119.377453
# coord 99 934.596989 382.897003
# coord 100 787.636144 162.444629
# reference_nearest_neighbor_tour_cost: 10278
TTSP_MATRIX
100
0 65 45 98 73 66 72 19 67 72 30 34 18 98 78 18 91 8 58 40 12 88 58 73 67 53 48 19 11 78 67 47 56 71 10 33 39 98 85 40 71 62 88 72 79 73 38 90 88 12 1 34 32 61 32 91 80 63 51 32 21 49 46 13 37 88 36 66 72 88 7 25 40 61 19 88 13 19 95 53 12 49 26 8 79 43 83 26 68 69 85 61 61 78 13 49 58 1 24 53
0 672 414 732 672 219 970 216 803 859 261 598 572 145 855 502 571 490 890 566 510 588 501 622 288 476 529 810 541 484 1050 614 863 328 681 859 837 722 892 475 754 642 932 605 423 304 769 288 529 105 198 879 643 253 828 576 650 646 537 548 855 303 263 752 135 450 711 629 712 1048 175 665 719 618 674 547 479 1106 214 649 213 292 214 227 822 511 873 841 335 693 989 332 205 834 955 669 1060 863 304 558
672 0 352 677 717 567 938 458 333 198 830 722 713 710 534 233 350 718 925 170 201 422 217 107 614 377 391 583 208 658 453 586 831 421 187 873 322 283 914 241 320 756 438 81 561 417 96 389 317 620 476 419 289 838 832 582 756 663 272 759 976 755 882 774 642 234 400 143 799 502 669 386 429 542 582 445 430 628 459 343 463 788 459 463 880 171 741 463 352 820 841 839 750 459 881 379 466 287 407 169
414 352 0 801 794 431 1075 226 626 548 646 758 739 513 776 121 495 698 1028 355 315 556 135 367 514 81 495 784 360 655 801 681 960 89 284 983 636 551 1023 311 592 803 752 272 552 110 437 238 115 414 272 717 229 645 943 656 807 747 410 755 1041 624 670 870 453 256 616 250 865 838 496 259 639 654 711 546 488 945 231 237 220 639 230 191 968 272 912 725 121 868 1027 690 569 719 1035 579 813 623 113 189
732 677 801 0 106 514 275 662 446 712 649 190 210 631 286 759 332 300 248 520 523 260 737 571 449 877 311 182 490 267 684 124 161 788 844 196 497 429 238 507 413 177 493 691 309 755 722 588 864 627 625 440 911 670 155 158 169 94 422 276 314 520 730 107 602 558 300 780 164 609 577 998 274 148 95 257 313 560 658 956 676 564 659 713 209 577 144 345 691 206 257 584 611 341 236 305 684 575 740 745
672 717 794 106 0 459 300 632 525 777 561 89 114 558 386 768 367 207 235 552 545 296 747 610 384 873 330 284 518 189 775 131 192 770 873 193 577 495 232 521 486 71 586 720 260 735 774 567 869 568 590 531 928 582 158 141 63 54 450 174 260 433 642 81 538 567 372 806 82 706 507 1010 349 177 156 274 312 664 627 970 644 476 627 683 174 597 235 438 678 112 334 491 531 433 285 366 776 652 721 763
219 567 431 514 459 0 759 212 620 730 263 392 367 158 645 469 376 298 685 424 374 379 458 490 89 510 327 594 391 277 882 395 650 371 635 650 661 543 685 334 569 438 744 518 205 336 660 205 537 115 164 688 635 273 617 357 445 429 365 358 664 198 324 540 101 334 509 572 508 866 106 687 514 399 455 335 270 907 207 659 222 224 208 261 618 396 654 638 313 495 770 276 184 631 740 469 890 699 326 504
970 938 1075 275 300 759 0 928 666 945 834 373 399 850 459 1034 603 488 105 789 797 533 1011 835 682 1152 586 371 762 486 855 395 115 1060 1112 113 712 672 92 782 646 330 669 960 559 1026 974 858 1139 867 887 630 1184 856 142 423 321 336 694 437 216 713 913 219 835 833 543 1050 262 760 802 1272 514 423 368 532 587 659 923 1230 941 751 924 979 164 850 206 537 964 293 168 754 816 536 71 560 851 791 1012 1018
216 458 226 662 632 212 928 0 624 647 422 579 556 289 716 292 420 500 866 367 311 457 288 415 300 301 393 694 348 467 855 538 814 159 470 825 652 542 863 280 579 625 756 389 373 124 554 92 338 191 49 708 446 423 788 506 631 592 362 560 860 399 454 712 227 245 560 415 692 865 271 485 575 525 585 429 360 940 6 461 13 413 5 52 801 302 792 686 123 687 910 464 345 679 898 517 865 667 115 344
803 333 626 446 525 620 666 624 0 280 865 569 572 778 217 527 248 619 680 273 323 276 505 265 619 676 304 296 280 558 271 409 574 665 519 628 52 82 666 346 52 586 132 391 499 646 330 533 629 717 617 91 621 880 590 427 581 477 266 636 760 754 937 554 719 392 155 473 602 246 724 718 176 361 369 324 365 321 623 674 635 797 623 655 653 356 460 139 569 637 540 839 795 137 600 175 277 129 632 478
859 198 548 712 777 730 945 647 280 0 993 803 801 881 496 428 430 826 953 306 357 490 413 241 761 566 485 575 340 763 276 650 850 618 328 901 241 283 940 397 301 829 331 278 679 614 115 571 500 798 661 339 444 1003 862 657 826 725 383 856 1025 904 1052 818 814 410 412 316 857 351 835 535 439 602 625 528 538 498 648 495 654 941 648 657 920 347 739 416 548 887 820 990 914 415 880 411 290 168 605 361
261 830 646 649 561 263 834 422 865 993 0 473 448 133 850 710 617 354 740 687 638 602 702 753 246 716 562 778 653 382 1132 556 743 567 884 722 909 792 746 597 813 509 981 777 381 537 923 453 759 231 381 923 868 22 700 517 519 555 622 398 678 129 82 631 196 595 737 824 573 1106 161 904 735 579 623 553 501 1128 418 883 426 85 418 455 673 659 791 860 542 542 895 89 81 853 838 701 1140 954 532 753
598 722 758 190 89 392 373 579 569 803 473 0 26 478 455 745 378 119 293 553 536 313 726 616 310 839 331 358 517 115 829 159 273 725 865 261 621 528 294 508 525 47 644 715 207 690 788 524 841 496 534 587 910 495 232 146 53 105 450 86 283 347 554 159 463 548 414 798 116 767 429 986 395 207 211 279 297 738 574 949 591 388 575 631 226 586 324 498 639 110 422 401 446 492 367 400 831 692 676 748
572 713 739 210 114 367 399 556 572 801 448 26 0 451 467 729 372 94 319 543 525 311 710 608 285 819 323 373 507 90 835 165 299 704 853 287 624 528 320 495 528 71 652 704 187 668 781 504 824 470 511 594 895 469 259 146 79 121 442 69 304 321 529 186 437 534 418 785 141 776 402 970 400 211 222 274 286 752 551 933 569 362 552 608 251 574 347 507 619 131 447 377 420 502 393 401 838 694 655 734
145 710 513 631 558 158 850 289 778 881 133 478 451 0 793 579 533 363 765 577 524 532 572 640 185 584 482 734 545 369 1040 522 749 435 754 738 819 701 768 485 727 520 902 653 332 404 805 326 626 99 250 845 735 134 710 483 529 540 523 418 721 159 172 636 68 476 664 695 589 1024 57 771 667 535 587 486 424 1061 285 749 293 147 286 322 696 540 775 792 410 566 886 190 62 785 843 625 1049 857 399 624
855 534 776 286 386 645 459 716 217 496 850 455 467 793 0 695 297 540 488 428 461 267 672 446 613 838 328 105 417 487 405 309 379 796 720 438 256 251 472 468 214 456 215 579 469 770 544 625 802 756 694 171 813 869 405 342 449 350 369 536 582 725 929 387 745 522 161 667 450 324 736 909 142 274 246 309 376 285 713 865 728 771 714 757 474 508 254 80 694 492 324 804 793 81 391 201 404 335 755 658
502 233 121 759 768 469 1034 292 527 428 710 745 729 579 695 0 435 703 997 268 241 502 23 262 542 150 448 716 283 653 684 645 920 201 179 949 531 457 990 252 498 787 648 153 548 208 316 265 108 481 329 618 169 713 908 627 790 717 344 756 1023 668 746 839 514 201 540 132 844 727 552 242 565 612 665 503 456 842 296 204 292 690 296 276 942 190 856 637 170 853 968 742 631 632 987 505 697 511 203 67
571 350 495 332 367 376 603 420 248 430 617 378 372 533 297 435 0 397 579 188 194 72 412 244 372 565 58 289 158 333 517 236 492 504 512 528 293 177 569 186 196 408 368 359 258 476 410 329 542 479 400 312 580 632 486 234 407 313 91 426 626 507 689 425 476 240 141 448 448 491 478 669 155 192 237 99 118 534 417 627 432 550 417 460 531 248 422 270 402 471 534 593 547 263 553 99 523 346 462 415
490 718 698 300 207 298 488 500 619 826 354 119 94 363 540 703 397 0 401 548 521 346 686 616 210 779 341 452 511 63 888 231 391 654 841 375 671 565 405 486 571 158 712 698 159 618 794 460 791 392 453 653 872 376 349 200 167 207 451 60 368 228 435 278 356 518 468 774 226 837 317 940 456 270 296 301 291 825 495 906 512 269 496 552 333 565 439 571 577 203 541 284 329 565 486 445 892 735 606 717
890 925 1028 248 235 685 105 866 680 953 740 293 319 765 488 997 579 401 0 767 767 506 976 819 603 1107 552 389 736 408 893 352 109 1005 1091 53 729 673 18 747 653 248 703 938 493 970 969 803 1100 789 823 657 1154 762 93 372 240 282 667 347 118 621 817 158 755 796 543 1026 178 804 718 1238 515 389 343 496 543 719 861 1198 878 657 861 917 68 820 239 561 913 200 249 658 727 559 149 552 890 808 956 988
566 170 355 520 552 424 789 367 273 306 687 553 543 577 428 268 188 548 767 0 56 260 244 69 458 412 223 453 38 488 488 422 679 392 324 716 291 196 757 93 237 588 403 171 392 374 248 280 375 496 370 363 397 698 674 414 588 498 103 588 812 600 747 613 510 123 273 260 633 502 530 490 300 379 425 278 259 595 367 447 376 637 367 390 718 83 601 372 297 652 709 686 609 366 737 241 499 300 360 234
510 201 315 523 545 374 797 311 323 357 638 536 525 524 461 241 194 521 767 56 0 264 218 116 414 378 215 476 45 462 544 417 684 343 329 717 344 243 758 40 283 574 454 179 362 323 289 224 349 442 314 412 388 647 676 404 575 492 103 565 804 556 695 610 457 69 302 262 624 556 479 475 327 378 429 271 239 644 311 433 320 590 311 335 715 54 616 411 246 640 727 641 558 405 748 266 555 356 309 222
588 422 556 260 296 379 533 457 276 490 602 313 311 532 267 502 72 346 506 260 264 0 480 315 358 628 65 237 230 283 547 165 420 557 584 455 326 220 497 251 226 341 382 431 225 527 479 370 609 489 431 323 651 619 414 167 339 242 162 369 554 484 677 353 480 304 135 520 377 508 475 739 135 120 165 49 109 530 454 697 470 528 455 502 459 318 356 261 456 402 471 568 537 254 485 102 552 389 512 485
501 217 135 737 747 458 1011 288 505 413 702 726 710 572 672 23 412 686 976 244 218 480 0 241 528 171 425 693 260 634 667 624 898 209 183 927 510 434 968 230 476 767 627 136 530 212 303 253 131 474 322 596 186 706 886 606 770 696 321 738 1003 656 740 818 506 180 516 129 823 708 544 263 542 590 643 481 435 820 292 224 289 680 291 275 921 166 834 615 166 833 945 732 622 609 964 482 679 491 206 59
622 107 367 571 610 490 835 415 265 241 753 616 608 640 446 262 244 616 819 69 116 315 241 0 527 412 285 486 107 555 446 479 727 417 279 767 270 199 808 156 240 650 387 133 461 404 179 334 364 557 424 356 367 763 726 475 649 557 167 655 869 669 812 668 573 172 302 221 692 473 595 462 331 435 476 338 326 580 416 419 423 705 416 432 773 113 641 382 330 713 744 755 674 377 779 277 457 261 392 214
288 614 514 449 384 89 682 300 619 761 246 310 285 185 613 542 372 210 603 458 414 358 528 527 0 594 316 550 422 196 888 338 575 458 700 571 664 547 605 374 568 356 736 573 147 422 702 280 617 186 252 678 710 262 540 299 364 360 382 270 577 143 320 464 154 385 492 635 426 861 129 767 492 351 402 310 255 886 295 737 310 181 296 350 536 445 592 618 394 410 705 229 180 611 668 456 895 711 412 570
476 377 81 877 873 510 1152 301 676 566 716 839 819 584 838 150 565 779 1107 412 378 628 171 412 594 0 569 852 422 736 830 758 1037 149 267 1061 680 604 1101 379 646 883 798 299 633 180 452 319 72 486 349 767 183 715 1021 735 887 825 477 836 1121 701 736 949 526 325 680 252 944 876 571 189 704 729 786 621 565 991 307 176 294 714 306 262 1047 330 984 783 202 948 1099 764 642 777 1110 644 843 659 187 208
529 391 495 311 330 327 586 393 304 485 562 331 323 482 328 448 58 341 552 223 215 65 425 285 316 569 0 301 188 278 574 202 472 493 542 503 350 235 544 196 252 365 421 390 200 463 458 306 553 433 368 363 602 577 462 191 365 277 120 374 590 450 635 395 427 247 183 476 411 545 427 687 190 164 218 56 61 580 390 646 406 493 390 437 500 268 417 313 392 429 533 536 493 305 541 143 580 404 448 436
810 583 784 182 284 594 371 694 296 575 778 358 373 734 105 716 289 452 389 453 476 237 693 486 550 852 301 0 434 404 508 224 281 792 765 338 342 306 374 473 277 355 317 617 403 763 608 607 824 708 666 269 849 798 303 261 347 253 375 442 479 651 858 283 692 528 184 707 346 428 677 942 155 200 157 267 337 380 690 899 706 696 691 739 371 527 165 173 690 388 258 725 727 170 306 212 508 422 748 687
541 208 360 490 518 391 762 348 280 340 653 517 507 545 417 283 158 511 736 38 45 230 260 107 422 422 188 434 0 450 509 388 650 388 355 685 304 199 727 68 239 552 411 202 354 367 286 259 391 468 347 368 422 664 644 379 553 465 69 551 778 564 715 581 479 112 258 290 599 517 497 512 283 348 395 244 222 600 347 470 358 601 348 375 686 93 577 366 290 617 687 650 575 360 711 223 519 321 353 257
484 658 655 267 189 277 486 467 558 763 382 115 90 369 487 653 333 63 408 488 462 283 634 555 196 736 278 404 450 0 827 180 381 617 785 375 608 503 409 429 509 161 652 640 105 581 732 418 744 382 422 593 821 403 344 145 168 174 389 104 393 253 464 268 350 463 408 718 231 778 318 892 396 214 247 238 229 772 462 856 480 298 463 519 341 508 411 514 535 220 519 322 344 508 474 383 831 672 568 663
1050 453 801 684 775 882 855 855 271 276 1132 829 835 1040 405 684 517 888 893 488 544 547 667 446 888 830 574 508 509 827 0 670 784 860 604 843 224 341 876 577 322 841 191 532 770 849 388 767 768 972 856 244 720 1147 810 692 835 731 518 901 987 1024 1202 789 978 610 420 586 847 107 987 812 435 624 621 595 635 261 854 772 864 1066 855 876 879 558 655 339 776 886 701 1110 1060 343 784 445 14 188 837 621
614 586 681 124 131 395 395 538 409 650 556 159 165 522 309 645 236 231 352 422 417 165 624 479 338 758 202 224 388 180 670 0 280 665 744 304 462 371 345 395 367 179 487 591 192 632 643 464 748 510 501 429 803 576 263 39 176 77 320 232 390 428 637 194 487 444 255 678 212 611 466 886 236 49 67 145 192 594 534 846 551 473 534 588 298 470 260 343 569 238 377 501 509 337 360 242 673 533 617 637
863 831 960 161 192 650 115 814 574 850 743 273 299 749 379 920 492 391 109 679 684 420 898 727 575 1037 472 281 650 381 784 280 0 945 1002 62 622 572 93 668 549 234 594 850 448 911 871 744 1025 760 774 549 1071 765 49 309 225 223 582 346 214 618 824 113 730 719 442 939 173 696 698 1158 413 308 255 418 472 614 809 1117 827 659 810 865 114 738 131 453 849 214 169 668 719 451 95 454 782 702 897 905
328 421 89 788 770 371 1060 159 665 618 567 725 704 435 796 201 504 654 1005 392 343 557 209 417 458 149 493 792 388 617 860 665 945 0 371 962 681 586 1001 329 626 771 795 341 518 36 511 203 201 338 207 755 317 565 923 637 776 726 427 713 1008 556 587 849 379 277 635 332 836 889 425 338 656 644 703 539 476 986 164 321 150 568 163 114 943 310 908 752 102 834 1025 617 494 746 1024 595 872 677 49 266
681 187 284 844 873 635 1112 470 519 328 884 865 853 754 720 179 512 841 1091 324 329 584 183 279 700 267 542 765 355 785 604 744 1002 371 0 1040 505 469 1081 358 507 903 619 153 682 384 217 433 195 657 505 604 116 888 998 733 904 820 424 889 1132 833 923 936 688 324 581 68 953 670 725 208 610 703 749 599 568 805 474 167 470 859 473 454 1041 279 920 650 348 969 1023 911 804 645 1058 556 618 460 381 131
859 873 983 196 193 650 113 825 628 901 722 261 287 738 438 949 528 375 53 716 717 455 927 767 571 1061 503 338 685 375 843 304 62 962 1040 0 677 620 42 698 600 218 653 887 453 927 917 759 1052 757 783 606 1104 743 41 326 209 236 617 324 152 600 800 113 724 747 490 975 149 756 690 1189 462 339 291 447 495 676 820 1149 838 638 821 877 59 770 193 510 868 181 221 642 703 508 130 499 841 756 913 938
837 322 636 497 577 661 712 652 52 241 909 621 624 819 256 531 293 671 729 291 344 326 510 270 664 680 350 342 304 608 224 462 622 681 505 677 0 118 714 371 99 638 118 388 547 664 304 561 629 754 647 102 611 924 639 479 634 529 300 688 810 800 980 605 758 413 207 465 654 213 766 708 228 414 422 373 411 311 651 665 662 843 651 679 703 370 505 177 588 689 580 886 837 176 645 226 231 79 651 477
722 283 551 429 495 543 672 542 82 283 792 528 528 701 251 457 177 565 673 196 243 220 434 199 547 604 235 306 199 503 341 371 572 586 469 620 118 0 660 264 42 550 214 330 434 566 302 450 561 637 535 169 564 806 581 383 547 444 184 588 742 684 862 535 640 311 130 417 576 327 648 660 159 322 343 264 296 401 541 616 553 726 541 573 638 279 469 183 489 607 562 770 720 178 610 129 348 170 552 413
892 914 1023 238 232 685 92 863 666 940 746 294 320 768 472 990 569 405 18 757 758 497 968 808 605 1101 544 374 727 409 876 345 93 1001 1081 42 714 660 0 739 639 249 687 928 491 967 957 799 1093 790 821 642 1146 768 83 367 241 276 658 351 135 627 824 153 757 789 530 1017 179 788 721 1231 502 380 333 488 536 701 858 1190 876 663 859 915 73 812 222 546 908 205 231 665 732 544 132 540 874 793 953 980
475 241 311 507 521 334 782 280 346 397 597 508 495 485 468 252 186 486 747 93 40 251 230 156 374 379 196 473 68 429 577 395 668 329 358 698 371 264 739 0 303 547 478 212 327 305 329 191 358 404 279 432 408 607 657 380 548 469 99 532 779 516 655 590 418 55 307 290 599 584 439 491 329 360 413 251 211 665 280 451 290 550 280 309 693 79 606 423 228 613 720 600 518 417 735 268 587 389 291 243
754 320 592 413 486 569 646 579 52 301 813 525 528 727 214 498 196 571 653 237 283 226 476 240 568 646 252 277 239 509 322 367 549 626 507 600 99 42 639 303 0 545 179 371 448 606 333 486 603 667 569 130 604 828 562 382 541 436 218 590 727 702 885 520 667 351 114 456 565 297 673 700 140 318 331 274 313 362 577 656 589 745 577 610 622 320 441 143 528 598 530 788 743 139 583 127 328 167 592 454
642 756 803 177 71 438 330 625 586 829 509 47 71 520 456 787 408 158 248 588 574 341 767 650 356 883 365 355 552 161 841 179 234 771 903 218 638 550 249 547 545 0 653 753 253 736 819 570 884 541 581 597 952 531 192 175 10 110 485 112 238 384 589 123 508 589 431 836 70 774 472 1029 410 228 219 311 336 735 620 991 638 424 621 677 180 625 300 505 684 66 391 434 487 500 329 421 842 711 722 789
932 438 752 493 586 744 669 756 132 331 981 644 652 902 215 648 368 712 703 403 454 382 627 387 736 798 421 317 411 652 191 487 594 795 619 653 118 214 687 478 179 653 0 506 607 777 412 664 747 844 748 59 727 998 619 513 647 544 397 719 796 866 1056 598 844 523 247 581 657 126 846 824 256 443 435 431 481 193 755 781 767 910 755 786 688 484 467 149 700 697 522 950 914 153 599 281 191 165 763 595
605 81 272 691 720 518 960 389 391 278 777 715 704 653 579 153 359 698 938 171 179 431 136 133 573 299 390 617 202 640 532 591 850 341 153 887 388 330 928 212 371 753 506 0 539 339 170 328 242 561 412 481 234 784 846 581 753 667 271 743 980 712 825 783 585 188 434 90 801 578 616 330 462 550 596 446 418 698 391 286 393 742 391 389 889 133 770 514 278 818 875 793 697 509 906 407 545 361 330 91
423 561 552 309 260 205 559 373 499 679 381 207 187 332 469 548 258 159 493 392 362 225 530 461 147 633 200 403 354 105 770 192 448 518 682 453 547 434 491 327 448 253 607 539 0 482 639 317 640 319 330 548 716 400 418 153 258 226 298 208 490 260 460 341 295 359 360 615 319 733 275 787 355 203 255 176 142 747 368 751 386 305 369 425 428 406 450 480 432 317 565 343 324 473 537 327 776 604 469 559
304 417 110 755 735 336 1026 124 646 614 537 690 668 404 770 208 476 618 970 374 323 527 212 404 422 180 463 763 367 581 849 632 911 36 384 927 664 566 967 305 606 736 777 339 482 0 509 168 225 307 172 735 339 536 889 603 740 692 402 677 972 522 560 814 346 255 609 340 801 874 392 367 629 611 671 508 444 967 129 347 116 535 128 82 908 294 876 729 77 799 994 585 462 722 991 569 861 664 15 271
769 96 437 722 774 660 974 554 330 115 923 788 781 805 544 316 410 794 969 248 289 479 303 179 702 452 458 608 286 732 388 643 871 511 217 917 304 302 957 329 333 819 412 170 639 509 0 485 385 716 573 406 332 932 876 644 817 720 343 831 1030 844 977 824 737 329 430 201 855 454 763 425 459 597 630 508 503 593 556 384 559 879 555 558 930 265 771 468 447 880 863 929 843 465 912 418 402 248 501 249
288 389 238 588 567 205 858 92 533 571 453 524 504 326 625 265 329 460 803 280 224 370 253 334 280 319 306 607 259 418 767 464 744 203 433 759 561 450 799 191 486 570 664 328 317 168 485 0 337 233 90 616 431 458 721 435 574 524 269 517 807 403 498 646 258 162 468 371 634 774 292 487 484 446 506 346 279 848 91 457 104 426 91 132 740 224 712 594 117 634 830 478 372 587 824 426 778 579 154 302
529 317 115 864 869 537 1139 338 629 500 759 841 824 626 802 108 542 791 1100 375 349 609 131 364 617 72 553 824 391 744 768 748 1025 201 195 1052 629 561 1093 358 603 884 747 242 640 225 385 337 0 528 382 719 116 759 1012 728 888 819 451 846 1122 733 785 942 565 306 647 185 943 819 608 151 673 716 771 607 557 940 343 123 333 750 342 306 1043 297 964 743 224 950 1076 801 682 738 1093 613 781 602 228 152
105 620 414 627 568 115 867 191 717 798 231 496 470 99 756 481 479 392 789 496 442 489 474 557 186 486 433 708 468 382 972 510 760 338 657 757 754 637 790 404 667 541 844 561 319 307 716 233 528 0 152 789 636 232 725 472 549 541 454 451 759 228 266 649 43 389 616 599 611 963 91 673 622 514 570 447 380 1012 186 651 195 232 187 225 721 452 769 746 312 594 884 280 155 738 851 575 981 786 301 528
198 476 272 625 590 164 887 49 617 661 381 534 511 250 694 329 400 453 823 370 314 431 322 424 252 349 368 666 347 422 856 501 774 207 505 783 647 535 821 279 569 581 748 412 330 172 573 90 382 152 0 698 487 384 747 468 587 551 351 512 814 352 418 671 185 252 541 447 649 860 226 531 554 490 550 400 330 928 43 505 59 368 44 99 758 314 757 669 161 642 875 419 302 662 860 499 866 668 163 376
879 419 717 440 531 688 630 708 91 339 923 587 594 845 171 618 312 653 657 363 412 323 596 356 678 767 363 269 368 593 244 429 549 755 604 606 102 169 642 432 130 597 59 481 548 735 406 616 719 789 698 0 708 939 572 454 591 488 347 661 747 807 998 546 788 480 188 561 603 186 789 805 197 385 378 372 423 233 706 762 719 851 707 740 639 446 425 97 657 642 490 890 856 100 561 222 245 172 721 568
643 289 229 911 928 635 1184 446 621 444 868 910 895 735 813 169 580 872 1154 397 388 651 186 367 710 183 602 849 422 821 720 803 1071 317 116 1104 611 564 1146 408 604 952 727 234 716 339 332 431 116 636 487 708 0 869 1063 787 954 877 489 924 1186 833 897 997 672 362 667 148 1006 783 713 97 694 766 816 658 617 916 450 54 442 853 449 418 1101 334 998 747 326 1017 1106 905 790 742 1133 638 733 571 340 166
253 838 645 670 582 273 856 423 880 1003 22 495 469 134 869 713 632 376 762 698 647 619 706 763 262 715 577 798 664 403 1147 576 765 565 888 743 924 806 768 607 828 531 998 784 400 536 932 458 759 232 384 939 869 0 722 537 540 576 635 420 699 150 61 653 200 604 754 828 595 1122 169 903 752 599 643 570 517 1146 419 882 426 107 419 454 695 667 812 878 544 563 916 109 89 871 860 717 1154 968 532 758
828 832 943 155 158 617 142 788 590 862 700 232 259 710 405 908 486 349 93 674 676 414 886 726 540 1021 462 303 644 344 810 263 49 923 998 41 639 581 83 657 562 192 619 846 418 889 876 721 1012 725 747 572 1063 722 0 287 182 198 576 302 179 576 780 77 694 707 451 934 127 725 661 1148 423 298 250 406 455 650 783 1108 801 615 784 840 72 729 168 475 829 166 218 623 678 473 140 459 809 718 875 897
576 582 656 158 141 357 423 506 427 657 517 146 146 483 342 627 234 200 372 414 404 167 606 475 299 735 191 261 379 145 692 39 309 637 733 326 479 383 367 380 382 175 513 581 153 603 644 435 728 472 468 454 787 537 287 0 174 91 312 209 400 390 598 214 449 426 273 666 220 638 427 868 258 70 106 137 171 627 501 829 519 435 502 557 315 456 297 371 542 238 413 464 470 365 392 255 696 548 589 622
650 756 807 169 63 445 321 631 581 826 519 53 79 529 449 790 407 167 240 588 575 339 770 649 364 887 365 347 553 168 835 176 225 776 904 209 634 547 241 548 541 10 647 753 258 740 817 574 888 549 587 591 954 540 182 174 0 105 485 122 234 394 599 113 516 591 427 837 62 767 481 1032 406 225 214 311 337 727 626 994 643 434 627 683 173 626 290 499 688 64 381 444 496 494 319 418 837 707 727 790
646 663 747 94 54 429 336 592 477 725 555 105 121 540 350 717 313 207 282 498 492 242 696 557 360 825 277 253 465 174 731 77 223 726 820 236 529 444 276 469 436 110 544 667 226 692 720 524 819 541 551 488 877 576 198 91 105 0 396 189 313 426 637 123 514 516 323 753 135 666 486 959 301 124 110 221 262 633 587 919 604 470 588 643 224 544 237 397 632 163 346 491 518 391 311 315 733 603 677 711
537 272 410 422 450 365 694 362 266 383 622 450 442 523 369 344 91 451 667 103 103 162 321 167 382 477 120 375 69 389 518 320 582 427 424 617 300 184 658 99 218 485 397 271 298 402 343 269 451 454 351 347 489 635 576 312 485 396 0 488 709 524 688 512 460 154 208 359 530 511 471 578 230 279 327 175 160 578 360 536 373 564 360 396 617 156 513 328 325 549 624 611 547 321 645 169 527 334 387 324
548 759 755 276 174 358 437 560 636 856 398 86 69 418 536 756 426 60 347 588 565 369 738 655 270 836 374 442 551 104 901 232 346 713 889 324 688 588 351 532 590 112 719 743 208 677 831 517 846 451 512 661 924 420 302 209 122 189 488 0 308 276 478 235 414 566 482 821 175 844 375 994 466 277 291 328 329 820 554 959 571 314 555 611 279 611 408 575 634 147 503 322 380 569 440 463 904 755 664 767
855 976 1041 314 260 664 216 860 760 1025 678 283 304 721 582 1023 626 368 118 812 804 554 1003 869 577 1121 590 479 778 393 987 390 214 1008 1132 152 810 742 135 779 727 238 796 980 490 972 1030 807 1122 759 814 747 1186 699 179 400 234 313 709 308 0 569 751 207 722 824 614 1066 180 904 681 1265 588 434 400 534 569 827 855 1227 872 600 856 912 109 856 344 651 922 174 366 592 677 648 266 615 986 888 959 1022
303 755 624 520 433 198 713 399 754 904 129 347 321 159 725 668 507 228 621 600 556 484 656 669 143 701 450 651 564 253 1024 428 618 556 833 600 800 684 627 516 702 384 866 712 260 522 844 403 733 228 352 807 833 150 576 390 394 426 524 276 569 0 211 506 185 524 619 769 451 991 137 882 615 453 495 435 389 1006 394 855 407 46 395 443 554 585 662 740 509 422 767 87 108 733 713 585 1030 850 514 701
263 882 670 730 642 324 913 454 937 1052 82 554 529 172 929 746 689 435 817 747 695 677 740 812 320 736 635 858 715 464 1202 637 824 587 923 800 980 862 824 655 885 589 1056 825 460 560 977 498 785 266 418 998 897 61 780 598 599 637 688 478 751 211 0 712 240 648 812 865 653 1180 218 925 811 660 704 629 574 1205 450 907 455 167 450 479 751 712 873 937 576 620 976 160 142 930 918 776 1210 1022 557 794
752 774 870 107 81 540 219 712 554 818 631 159 186 636 387 839 425 278 158 613 610 353 818 668 464 949 395 283 581 268 789 194 113 849 936 113 605 535 153 590 520 123 598 783 341 814 824 646 942 649 671 546 997 653 77 214 113 123 512 235 207 506 712 0 618 638 407 871 73 711 586 1080 380 233 194 339 384 652 707 1040 725 546 708 764 106 664 187 450 756 119 269 557 606 447 208 409 789 682 800 831
135 642 453 602 538 101 835 227 719 814 196 463 437 68 745 514 476 356 755 510 457 480 506 573 154 526 427 692 479 350 978 487 730 379 688 724 758 640 757 418 667 508 844 585 295 346 737 258 565 43 185 788 672 200 694 449 516 514 460 414 722 185 240 618 0 408 610 628 578 964 48 712 614 495 550 436 371 1007 222 689 232 190 223 265 687 472 744 739 346 559 859 239 117 732 822 570 986 793 340 558
450 234 256 558 567 334 833 245 392 410 595 548 534 476 522 201 240 518 796 123 69 304 180 172 385 325 247 528 112 463 610 444 719 277 324 747 413 311 789 55 351 589 523 188 359 255 329 162 306 389 252 480 362 604 707 426 591 516 154 566 824 524 648 638 408 0 362 256 644 625 435 442 384 411 465 302 255 712 245 403 254 555 245 267 741 64 660 476 178 655 774 607 515 469 788 323 621 422 241 201
711 400 616 300 372 509 543 560 155 412 737 414 418 664 161 540 141 468 543 273 302 135 516 302 492 680 183 184 258 408 420 255 442 635 581 490 207 130 530 307 114 431 247 434 360 609 430 468 647 616 541 188 667 754 451 273 427 323 208 482 614 619 812 407 610 362 0 523 451 374 608 761 29 207 217 184 240 397 557 717 572 664 557 599 509 351 342 130 533 484 442 702 672 123 483 42 424 280 595 506
629 143 250 780 806 572 1050 415 473 316 824 798 785 695 667 132 448 774 1026 260 262 520 129 221 635 252 476 707 290 718 586 678 939 332 68 975 465 417 1017 290 456 836 581 90 615 340 201 371 185 599 447 561 148 828 934 666 837 753 359 821 1066 769 865 871 628 256 523 0 886 643 663 245 552 638 685 532 501 771 419 201 417 796 418 404 976 211 859 599 295 902 964 848 743 595 996 496 599 428 335 72
712 799 865 164 82 508 262 692 602 857 573 116 141 589 450 844 448 226 178 633 624 377 823 692 426 944 411 346 599 231 847 212 173 836 953 149 654 576 179 599 565 70 657 801 319 801 855 634 943 611 649 603 1006 595 127 220 62 135 530 175 180 451 653 73 578 644 451 886 0 773 542 1086 427 259 234 355 389 721 687 1047 705 489 688 744 110 676 260 508 747 46 338 496 554 504 267 447 847 730 787 842
1048 502 838 609 706 866 760 865 246 351 1106 767 776 1024 324 727 491 837 804 502 556 508 708 473 861 876 545 428 517 778 107 611 696 889 670 756 213 327 788 584 297 774 126 578 733 874 454 774 819 963 860 186 783 1122 725 638 767 666 511 844 904 991 1180 711 964 625 374 643 773 0 969 878 382 568 557 557 605 156 864 836 875 1035 864 891 796 580 566 269 798 814 602 1075 1038 275 689 406 98 217 861 668
175 669 496 577 507 106 802 271 724 835 161 429 402 57 736 552 478 317 718 530 479 475 544 595 129 571 427 677 497 318 987 466 698 425 725 690 766 648 721 439 673 472 846 616 275 392 763 292 608 91 226 789 713 169 661 427 481 486 471 375 681 137 218 586 48 435 608 663 542 969 0 756 610 478 531 429 368 1004 266 732 277 143 267 310 650 498 720 736 387 521 833 193 81 729 792 569 996 805 385 593
665 386 259 998 1010 687 1272 485 718 535 904 986 970 771 909 242 669 940 1238 490 475 739 263 462 767 189 687 942 512 892 812 886 1158 338 208 1189 708 660 1231 491 700 1029 824 330 787 367 425 487 151 673 531 805 97 903 1148 868 1032 959 578 994 1265 882 925 1080 712 442 761 245 1086 878 756 0 788 851 903 742 698 1012 490 44 479 898 489 449 1183 422 1089 843 374 1095 1198 949 828 838 1223 731 825 667 372 255
719 429 639 274 349 514 514 575 176 439 735 395 400 667 142 565 155 456 515 300 327 135 542 331 492 704 190 155 283 396 435 236 413 656 610 462 228 159 502 329 140 410 256 462 355 629 459 484 673 622 554 197 694 752 423 258 406 301 230 466 588 615 811 380 614 384 29 552 427 382 610 788 0 189 193 182 243 395 572 745 587 660 572 615 482 376 313 126 554 461 413 697 672 119 454 61 438 303 614 534
618 542 654 148 177 399 423 525 361 602 579 207 211 535 274 612 192 270 389 379 378 120 590 435 351 729 164 200 348 214 624 49 308 644 703 339 414 322 380 360 318 228 443 550 203 611 597 446 716 514 490 385 766 599 298 70 225 124 279 277 434 453 660 233 495 411 207 638 259 568 478 851 189 0 60 109 168 558 520 810 538 499 521 573 339 432 267 301 545 286 385 530 527 295 381 193 627 485 597 600
674 582 711 95 156 455 368 585 369 625 623 211 222 587 246 665 237 296 343 425 429 165 643 476 402 786 218 157 395 247 621 67 255 703 749 291 422 343 333 413 331 219 435 596 255 671 630 506 771 570 550 378 816 643 250 106 214 110 327 291 400 495 704 194 550 465 217 685 234 557 531 903 193 60 0 165 227 531 580 862 598 541 581 634 299 482 207 287 604 268 325 568 575 282 324 215 623 497 656 650
547 445 546 257 274 335 532 429 324 528 553 279 274 486 309 503 99 301 496 278 271 49 481 338 310 621 56 267 244 238 595 145 418 539 599 447 373 264 488 251 274 311 431 446 176 508 508 346 607 447 400 372 658 570 406 137 311 221 175 328 534 435 629 339 436 302 184 532 355 557 429 742 182 109 165 0 70 577 425 702 442 479 426 476 444 324 369 308 440 375 486 519 490 301 489 151 601 434 493 492
479 430 488 313 312 270 587 360 365 538 501 297 286 424 376 456 118 291 543 259 239 109 435 326 255 565 61 337 222 229 635 192 472 476 568 495 411 296 536 211 313 336 481 418 142 444 503 279 557 380 330 423 617 517 455 171 337 262 160 329 569 389 574 384 371 255 240 501 389 605 368 698 243 168 227 70 0 637 356 658 373 432 357 408 486 289 433 368 378 401 551 475 433 361 549 201 641 464 429 453
1106 628 945 560 664 907 659 940 321 498 1128 738 752 1061 285 842 534 825 719 595 644 530 820 580 886 991 580 380 600 772 261 594 614 986 805 676 311 401 701 665 362 735 193 698 747 967 593 848 940 1012 928 233 916 1146 650 627 727 633 578 820 827 1006 1205 652 1007 712 397 771 721 156 1004 1012 395 558 531 577 637 0 938 969 951 1051 938 973 722 677 483 269 890 765 493 1086 1066 276 588 438 250 345 953 788
214 459 231 658 627 207 923 6 623 648 418 574 551 285 713 296 417 495 861 367 311 454 292 416 295 307 390 690 347 462 854 534 809 164 474 820 651 541 858 280 577 620 755 391 368 129 556 91 343 186 43 706 450 419 783 501 626 587 360 554 855 394 450 707 222 245 557 419 687 864 266 490 572 520 580 425 356 938 0 466 18 408 1 57 796 303 787 684 126 682 906 459 340 677 893 515 865 666 120 347
649 343 237 956 970 659 1230 461 674 495 883 949 933 749 865 204 627 906 1198 447 433 697 224 419 737 176 646 899 470 856 772 846 1117 321 167 1149 665 616 1190 451 656 991 781 286 751 347 384 457 123 651 505 762 54 882 1108 829 994 919 536 959 1227 855 907 1040 689 403 717 201 1047 836 732 44 745 810 862 702 658 969 466 0 457 873 465 428 1143 380 1047 799 346 1057 1155 924 806 795 1181 687 785 625 351 213
213 463 220 676 644 222 941 13 635 654 426 591 569 293 728 292 432 512 878 376 320 470 289 423 310 294 406 706 358 480 864 551 827 150 470 838 662 553 876 290 589 638 767 393 386 116 559 104 333 195 59 719 442 426 801 519 643 604 373 571 872 407 455 725 232 254 572 417 705 875 277 479 587 538 598 442 373 951 18 457 0 420 17 40 814 310 805 698 122 699 923 470 349 691 911 530 874 676 108 345
292 788 639 564 476 224 751 413 797 941 85 388 362 147 771 690 550 269 657 637 590 528 680 705 181 714 493 696 601 298 1066 473 659 568 859 638 843 726 663 550 745 424 910 742 305 535 879 426 750 232 368 851 853 107 615 435 434 470 564 314 600 46 167 546 190 555 664 796 489 1035 143 898 660 499 541 479 432 1051 408 873 420 0 409 453 590 617 706 785 528 458 810 52 88 778 753 629 1073 892 528 727
214 459 230 659 627 208 924 5 623 648 418 575 552 286 714 296 417 496 861 367 311 455 291 416 296 306 390 691 348 463 855 534 810 163 473 821 651 541 859 280 577 621 755 391 369 128 555 91 342 187 44 707 449 419 784 502 627 588 360 555 856 395 450 708 223 245 557 418 688 864 267 489 572 521 581 426 357 938 1 465 17 409 0 56 797 303 788 684 126 683 906 460 341 677 894 515 865 666 119 346
227 463 191 713 683 261 979 52 655 657 455 631 608 322 757 276 460 552 917 390 335 502 275 432 350 262 437 739 375 519 876 588 865 114 454 877 679 573 915 309 610 677 786 389 425 82 558 132 306 225 99 740 418 454 840 557 683 643 396 611 912 443 479 764 265 267 599 404 744 891 310 449 615 573 634 476 408 973 57 428 40 453 56 0 853 319 840 724 112 739 959 503 380 717 949 557 887 688 78 333
822 880 968 209 174 618 164 801 653 920 673 226 251 696 474 942 531 333 68 718 715 459 921 773 536 1047 500 371 686 341 879 298 114 943 1041 59 703 638 73 693 622 180 688 889 428 908 930 740 1043 721 758 639 1101 695 72 315 173 224 617 279 109 554 751 106 687 741 509 976 110 796 650 1183 482 339 299 444 486 722 796 1143 814 590 797 853 0 768 239 542 852 132 280 592 659 539 189 513 878 781 894 935
511 171 272 577 597 396 850 302 356 347 659 586 574 540 508 190 248 565 820 83 54 318 166 113 445 330 268 527 93 508 558 470 738 310 279 770 370 279 812 79 320 625 484 133 406 294 265 224 297 452 314 446 334 667 729 456 626 544 156 611 856 585 712 664 472 64 351 211 676 580 498 422 376 432 482 324 289 677 303 380 310 617 303 319 768 0 669 454 219 691 779 668 578 448 801 316 569 371 282 168
873 741 912 144 235 654 206 792 460 739 791 324 347 775 254 856 422 439 239 601 616 356 834 641 592 984 417 165 577 411 655 260 131 908 920 193 505 469 222 606 441 300 467 770 450 876 771 712 964 769 757 425 998 812 168 297 290 237 513 408 344 662 873 187 744 660 342 859 260 566 720 1089 313 267 207 369 433 483 787 1047 805 706 788 840 239 669 0 331 808 305 118 724 754 330 141 364 653 584 861 834
841 463 725 345 438 638 537 686 139 416 860 498 507 792 80 637 270 571 561 372 411 261 615 382 618 783 313 173 366 514 339 343 453 752 650 510 177 183 546 423 143 505 149 514 480 729 468 594 743 746 669 97 747 878 475 371 499 397 328 575 651 740 937 450 739 476 130 599 508 269 736 843 126 301 287 308 368 269 684 799 698 785 684 724 542 454 331 0 652 548 403 821 798 7 469 172 339 255 714 596
335 352 121 691 678 313 964 123 569 548 542 639 619 410 694 170 402 577 913 297 246 456 166 330 394 202 392 690 290 535 776 569 849 102 348 868 588 489 908 228 528 684 700 278 432 77 447 117 224 312 161 657 326 544 829 542 688 632 325 634 922 509 576 756 346 178 533 295 747 798 387 374 554 545 604 440 378 890 126 346 122 528 126 112 852 219 808 652 0 749 925 579 464 645 927 493 787 590 64 223
693 820 868 206 112 495 293 687 637 887 542 110 131 566 492 853 471 203 200 652 640 402 833 713 410 948 429 388 617 220 886 238 214 834 969 181 689 607 205 613 598 66 697 818 317 799 880 634 950 594 642 642 1017 563 166 238 64 163 549 147 174 422 620 119 559 655 484 902 46 814 521 1095 461 286 268 375 401 765 682 1057 699 458 683 739 132 691 305 548 749 0 381 461 527 544 305 477 887 764 786 854
989 841 1027 257 334 770 168 910 540 820 895 422 447 886 324 968 534 541 249 709 727 471 945 744 705 1099 533 258 687 519 701 377 169 1025 1023 221 580 562 231 720 530 391 522 875 565 994 863 830 1076 884 875 490 1106 916 218 413 381 346 624 503 366 767 976 269 859 774 442 964 338 602 833 1198 413 385 325 486 551 493 906 1155 923 810 906 959 280 779 118 403 925 381 0 824 863 404 101 468 696 658 979 943
332 839 690 584 491 276 754 464 839 990 89 401 377 190 804 742 593 284 658 686 641 568 732 755 229 764 536 725 650 322 1110 501 668 617 911 642 886 770 665 600 788 434 950 793 343 585 929 478 801 280 419 890 905 109 623 464 444 491 611 322 592 87 160 557 239 607 702 848 496 1075 193 949 697 530 568 519 475 1086 459 924 470 52 460 503 592 668 724 821 579 461 824 0 128 814 762 669 1116 937 578 779
205 750 569 611 531 184 816 345 795 914 81 446 420 62 793 631 547 329 727 609 558 537 622 674 180 642 493 727 575 344 1060 509 719 494 804 703 837 720 732 518 743 487 914 697 324 462 843 372 682 155 302 856 790 89 678 470 496 518 547 380 677 108 142 606 117 515 672 743 554 1038 81 828 672 527 575 490 433 1066 340 806 349 88 341 380 659 578 754 798 464 527 863 128 0 791 813 635 1068 880 456 673
834 459 719 341 433 631 536 679 137 415 853 492 502 785 81 632 263 565 559 366 405 254 609 377 611 777 305 170 360 508 343 337 451 746 645 508 176 178 544 417 139 500 153 509 473 722 465 587 738 738 662 100 742 871 473 365 494 391 321 569 648 733 930 447 732 469 123 595 504 275 729 838 119 295 282 301 361 276 677 795 691 778 677 717 539 448 330 7 645 544 404 814 791 0 469 165 344 255 708 590
955 881 1035 236 285 740 71 898 600 880 838 367 393 843 391 987 553 486 149 737 748 485 964 779 668 1110 541 306 711 474 784 360 95 1024 1058 130 645 610 132 735 583 329 599 906 537 991 912 824 1093 851 860 561 1133 860 140 392 319 311 645 440 266 713 918 208 822 788 483 996 267 689 792 1223 454 381 324 489 549 588 893 1181 911 753 894 949 189 801 141 469 927 305 101 762 813 469 0 502 780 724 977 968
669 379 579 305 366 469 560 517 175 411 701 400 401 625 201 505 99 445 552 241 266 102 482 277 456 644 143 212 223 383 445 242 454 595 556 499 226 129 540 268 127 421 281 407 327 569 418 426 613 575 499 222 638 717 459 255 418 315 169 463 615 585 776 409 570 323 42 496 447 406 569 731 61 193 215 151 201 438 515 687 530 629 515 557 513 316 364 172 493 477 468 669 635 165 502 0 450 293 554 475
1060 466 813 684 776 890 851 865 277 290 1140 831 838 1049 404 697 523 892 890 499 555 552 679 457 895 843 580 508 519 831 14 673 782 872 618 841 231 348 874 587 328 842 191 545 776 861 402 778 781 981 866 245 733 1154 809 696 837 733 527 904 986 1030 1210 789 986 621 424 599 847 98 996 825 438 627 623 601 641 250 865 785 874 1073 865 887 878 569 653 339 787 887 696 1116 1068 344 780 450 0 199 849 635
863 287 623 575 652 699 791 667 129 168 954 692 694 857 335 511 346 735 808 300 356 389 491 261 711 659 404 422 321 672 188 533 702 677 460 756 79 170 793 389 167 711 165 361 604 664 248 579 602 786 668 172 571 968 718 548 707 603 334 755 888 850 1022 682 793 422 280 428 730 217 805 667 303 485 497 434 464 345 666 625 676 892 666 688 781 371 584 255 590 764 658 937 880 255 724 293 199 0 652 452
304 407 113 740 721 326 1012 115 632 605 532 676 655 399 755 203 462 606 956 360 309 512 206 392 412 187 448 748 353 568 837 617 897 49 381 913 651 552 953 291 592 722 763 330 469 15 501 154 228 301 163 721 340 532 875 589 727 677 387 664 959 514 557 800 340 241 595 335 787 861 385 372 614 597 656 493 429 953 120 351 108 528 119 78 894 282 861 714 64 786 979 578 456 708 977 554 849 652 0 265
558 169 189 745 763 504 1018 344 478 361 753 748 734 624 658 67 415 717 988 234 222 485 59 214 570 208 436 687 257 663 621 637 905 266 131 938 477 413 980 243 454 789 595 91 559 271 249 302 152 528 376 568 166 758 897 622 790 711 324 767 1022 701 794 831 558 201 506 72 842 668 593 255 534 600 650 492 453 788 347 213 345 727 346 333 935 168 834 596 223 854 943 779 673 590 968 475 635 452 265 0
