# TTSP Euclidean complete-graph matrix instance
# seed: 2025
# depot: 1
# L_max is not stored in this file; pass it with --budget when running algorithms.
# coordinate rows: node x y
# coord 1 557.752170 645.844913
# coord 2 477.606214 173.284713
# coord 3 0.447403 973.292026
# coord 4 569.708804 65.785657
# coord 5 400.872820 43.351398
# coord 6 767.269203 982.004005
# coord 7 99.348265 49.230059
# coord 8 27.869549 510.219507
# coord 9 778.878122 194.263449
# coord 10 189.346269 708.229879
# coord 11 981.226174 940.304598
# coord 12 638.699877 921.280626
# coord 13 354.470756 912.177161
# coord 14 595.671446 546.132968
# coord 15 208.177448 243.451965
# coord 16 32.386207 784.456433
# coord 17 552.723989 367.960141
# coord 18 988.061358 460.617593
# coord 19 277.765382 812.653467
# coord 20 577.349053 822.386173
# coord 21 324.112829 446.658585
# coord 22 799.103110 456.478420
# coord 23 690.363333 757.019034
# coord 24 562.692809 654.793508
# coord 25 587.380842 757.911409
# coord 26 855.373231 839.829827
# coord 27 344.264353 543.962885
# coord 28 599.662858 160.922794
# coord 29 279.942513 331.182415
# coord 30 361.040928 557.756269
# coord 31 666.591569 275.682729
# coord 32 274.535198 638.536900
# coord 33 148.397572 351.042464
# coord 34 729.984142 623.910766
# coord 35 811.451752 539.102909
# coord 36 571.219684 502.311304
# coord 37 383.673957 343.347903
# coord 38 246.349508 588.017374
# coord 39 505.238443 573.653768
# coord 40 687.379390 205.692695
# coord 41 204.764092 143.419025
# coord 42 443.464218 572.805799
# coord 43 764.646807 258.454193
# coord 44 11.379429 582.213964
# coord 45 195.400178 142.293118
# coord 46 172.332100 680.663096
# coord 47 731.255146 259.366994
# coord 48 907.694451 136.484368
# coord 49 628.520640 741.380948
# coord 50 150.570448 946.748889
# coord 51 229.211551 751.446928
# coord 52 792.121263 77.502332
# coord 53 509.970294 240.554382
# coord 54 418.809558 799.559636
# coord 55 801.022968 675.362644
# coord 56 588.383597 228.210300
# coord 57 886.231070 353.006383
# coord 58 714.191905 516.458328
# coord 59 369.376000 475.523996
# coord 60 259.868167 66.654444
# coord 61 931.406290 307.565143
# coord 62 507.207323 616.991337
# coord 63 620.219697 417.299564
# coord 64 330.999085 778.956358
# coord 65 960.688034 963.417782
# coord 66 905.819406 155.666726
# coord 67 861.775421 334.139088
# coord 68 738.842004 495.394019
# coord 69 182.828715 513.917019
# coord 70 72.858416 183.389800
# coord 71 350.544936 793.094386
# coord 72 59.968977 825.980969
# coord 73 929.582690 121.497473
# coord 74 686.774132 595.699019
# coord 75 336.386724 297.269599
# coord 76 678.405495 607.357325
# coord 77 192.701806 54.354605
# coord 78 399.030302 584.679450
# coord 79 715.000255 283.911612
# coord 80 265.919526 317.914018
# coord 81 901.777471 458.944445
# coord 82 902.211350 995.598492
# coord 83 54.505582 23.432350
# coord 84 531.453272 820.862770
# coord 85 710.468811 465.977740
# coord 86 149.262553 884.248456
# coord 87 629.779891 828.829644
# coord 88 825.483012 399.796962
# coord 89 349.797006 48.963472
# coord 90 88.755741 844.776994
# coord 91 287.881204 811.140955
# coord 92 912.664599 932.446148
# coord 93 427.347314 543.633993
# coord 94 895.693914 253.398896
# coord 95 336.630551 366.585597
# coord 96 758.682091 27.474350
# coord 97 842.619584 544.859102
# coord 98 459.597147 307.296806
# coord 99 344.573351 259.488144
# coord 100 674.256150 1.158161
# reference_nearest_neighbor_tour_cost: 10036
TTSP_MATRIX
100
0 80 97 41 39 84 33 6 2 86 1 93 39 39 85 56 5 22 94 48 70 43 77 46 83 18 18 20 79 31 34 4 85 64 61 61 24 26 31 79 14 54 94 36 19 16 88 36 35 31 8 54 68 71 18 49 84 81 91 28 27 6 66 16 42 63 38 51 1 7 39 18 3 27 46 19 35 37 81 2 17 10 18 89 2 18 28 20 63 98 80 75 20 13 71 7 27 97 85 72
0 479 646 580 623 396 752 547 503 374 516 287 335 107 533 543 278 468 326 178 307 307 173 10 116 355 237 487 420 216 386 283 504 174 275 144 349 317 89 459 614 136 439 550 620 387 424 618 119 506 345 615 408 207 245 419 440 203 254 651 504 58 237 263 513 601 435 235 397 670 254 529 643 138 413 127 695 170 395 439 392 491 800 177 236 473 197 364 632 509 316 456 166 518 356 650 302 352 441 655
479 0 931 142 151 859 398 562 302 608 918 765 749 391 278 756 209 586 670 657 314 428 621 489 595 766 394 123 253 402 215 508 374 516 495 342 194 475 401 212 274 401 299 620 284 592 268 432 588 840 629 329 75 629 597 124 446 417 321 242 473 445 283 623 926 429 416 415 450 405 633 775 455 471 188 478 309 419 262 256 511 925 449 650 374 783 673 415 178 776 665 875 374 426 239 317 521 135 159 261
646 931 0 1071 1012 767 929 464 1101 325 981 640 359 733 759 192 819 1113 320 596 618 951 723 646 625 865 550 1009 700 550 965 433 640 809 920 740 737 457 644 1030 855 597 1046 391 854 339 1022 1234 670 152 319 1195 892 453 854 949 1081 847 620 943 1144 619 833 383 960 1220 1073 880 494 793 394 159 1260 783 755 770 939 557 993 707 1038 902 951 552 873 173 646 1005 988 156 330 913 606 1149 694 1212 945 809 792 1183
580 142 1071 0 170 937 471 701 245 747 967 858 873 481 403 897 303 575 802 757 453 453 702 589 692 825 529 100 393 534 231 644 509 581 531 437 334 614 512 183 373 523 274 761 382 732 252 345 678 976 766 223 185 749 652 163 427 473 456 310 435 555 355 752 979 348 397 462 592 511 760 915 364 543 329 552 377 546 262 395 515 987 517 756 424 920 765 421 221 916 797 932 499 376 381 193 551 265 297 123
623 151 1012 170 0 1008 302 598 407 698 1068 910 870 539 278 828 358 720 779 799 411 574 770 632 738 917 504 231 312 516 353 608 398 667 644 490 300 566 540 329 220 531 423 665 228 677 395 515 734 937 729 393 225 756 748 263 576 567 433 143 593 583 434 739 1077 517 545 564 519 357 751 854 534 622 262 629 208 541 396 306 651 1076 347 788 524 878 818 554 51 860 776 1026 501 538 330 358 668 270 223 277
396 859 767 937 1008 0 1147 877 788 639 218 142 419 468 926 761 650 566 518 248 695 526 238 386 287 167 609 838 813 587 713 601 884 360 445 518 745 653 485 780 1010 522 724 855 1016 667 724 857 278 618 585 905 785 393 308 775 640 469 644 1047 694 448 584 481 194 838 655 487 749 1058 458 724 876 395 809 385 1091 542 700 832 540 136 1195 286 519 626 206 585 1022 692 509 154 555 740 751 955 444 742 837 985
752 398 929 471 302 1147 0 466 695 665 1254 1025 900 702 223 738 554 979 784 909 457 810 922 762 860 1094 552 513 335 572 611 615 306 853 864 654 409 558 663 608 141 627 697 540 134 636 666 813 871 899 714 693 453 816 940 521 843 772 505 161 871 699 638 766 1256 813 814 780 472 137 785 778 833 802 343 804 93 614 659 316 901 1241 52 884 740 837 943 806 250 796 785 1201 593 822 396 660 893 443 323 577
547 562 464 701 598 877 466 0 815 256 1046 736 518 569 322 274 544 961 392 632 303 773 707 554 612 891 318 670 309 337 680 278 200 711 784 543 393 232 482 726 407 420 779 74 404 223 747 956 644 453 314 878 552 486 791 627 873 686 343 501 926 491 600 405 1037 947 852 711 155 330 429 317 982 664 375 658 485 379 723 306 875 1000 488 592 684 393 681 805 562 340 398 980 401 905 341 876 815 477 404 823
503 302 1101 245 407 788 695 815 0 782 773 740 834 397 573 952 285 339 796 660 520 263 570 509 595 650 558 182 517 554 139 672 650 432 346 372 422 662 468 92 576 506 66 860 586 777 81 141 567 980 783 118 273 704 482 193 192 329 497 534 190 502 274 737 790 133 163 304 676 706 736 957 167 412 454 425 603 545 110 528 292 811 744 674 280 934 652 211 453 948 788 750 496 131 475 168 356 339 439 220
374 608 325 747 698 639 665 256 782 0 825 497 262 437 465 174 498 836 137 404 294 660 503 377 401 679 226 684 388 228 644 110 360 547 645 434 413 133 343 708 565 288 730 218 566 32 704 918 440 242 59 872 567 247 613 624 782 559 294 645 843 331 520 158 812 905 769 589 194 538 182 175 945 510 436 499 654 243 676 398 755 769 698 360 575 181 457 707 679 170 142 757 289 840 372 887 673 484 475 857
516 918 981 967 1068 218 1254 1046 773 825 0 343 627 551 1041 962 715 480 715 421 822 517 344 507 434 161 750 868 929 729 735 768 1020 404 436 600 845 815 601 791 1113 651 715 1034 1120 850 725 807 405 831 775 883 844 580 320 813 595 501 768 1133 635 574 635 670 31 788 618 507 905 1182 648 928 820 453 911 450 1186 682 708 948 488 96 1304 465 546 834 369 562 1092 898 705 69 681 692 863 940 419 820 932 988
287 765 640 858 910 142 1025 736 740 497 343 0 284 378 803 622 560 578 377 116 569 492 172 277 171 231 479 761 691 457 646 461 752 311 419 424 632 515 372 717 891 399 675 713 896 525 668 830 180 489 443 858 693 251 295 695 620 412 521 935 680 331 504 339 325 811 628 438 611 930 315 587 851 329 693 316 975 413 642 709 532 274 1071 147 461 491 93 554 919 555 368 274 433 716 632 902 428 640 724 921
335 749 359 873 870 419 900 518 834 262 627 284 0 438 685 346 579 778 126 240 467 637 370 331 279 506 368 790 586 354 709 285 598 473 590 464 570 342 371 781 783 351 772 476 786 295 754 953 323 207 204 942 689 130 505 723 772 535 437 851 836 332 562 135 608 936 769 567 434 781 119 307 978 459 615 445 873 331 724 601 711 554 938 199 571 207 288 696 863 274 121 559 376 853 546 973 611 614 653 966
107 391 733 481 539 468 702 569 397 437 551 378 438 0 492 612 183 402 415 277 289 222 231 114 212 392 251 385 382 235 280 334 488 155 216 50 293 352 95 353 561 155 334 585 569 444 317 515 198 599 420 508 317 309 243 318 349 122 237 585 412 113 131 353 554 499 340 152 414 636 348 604 540 104 359 103 636 200 288 401 318 544 752 282 140 560 285 272 555 588 406 500 168 419 315 544 247 275 381 551
533 278 759 403 278 926 223 322 573 465 1041 803 685 492 0 569 366 810 573 687 234 628 704 543 639 880 330 400 113 350 460 401 123 646 672 446 202 347 444 481 100 405 557 392 102 439 523 708 652 706 508 607 302 595 733 381 687 575 283 184 726 478 447 549 1041 703 660 587 272 148 568 601 732 594 139 595 190 391 508 94 726 1023 268 662 549 643 721 637 241 613 573 985 372 688 178 591 702 259 137 525
543 756 192 897 828 761 738 274 952 174 962 622 346 612 569 0 666 1009 247 546 446 834 659 546 556 825 394 843 516 399 813 283 449 716 817 608 564 290 518 874 664 462 902 203 663 174 874 1089 598 201 200 1038 724 387 776 786 957 733 457 753 1018 503 693 299 945 1076 944 763 310 602 318 50 1116 681 574 670 747 418 846 522 928 895 761 500 749 154 599 881 801 83 257 893 463 1014 517 1049 845 640 611 1013
278 209 819 303 358 650 554 544 285 498 715 560 579 183 366 666 0 445 523 455 242 262 413 287 391 561 273 212 275 270 147 388 405 311 310 136 171 377 211 211 414 232 239 582 423 492 209 424 381 705 502 376 134 452 395 144 334 219 213 420 383 253 84 467 722 412 311 226 398 514 471 673 450 264 228 270 477 266 183 291 361 718 606 453 186 655 467 275 378 665 516 669 216 362 216 398 340 111 235 386
468 586 1113 575 720 566 979 961 339 836 480 578 778 402 810 1009 445 0 793 547 664 189 420 468 499 402 649 491 720 635 371 735 847 305 193 419 616 753 496 394 845 556 301 984 854 845 326 334 456 968 813 430 526 663 285 462 148 280 619 828 163 506 370 730 504 316 179 252 807 956 719 997 344 330 672 343 893 602 325 736 86 542 1031 582 278 940 514 174 760 978 783 478 567 227 658 490 168 550 674 556
326 670 320 802 779 518 784 392 796 137 715 377 126 415 573 247 523 793 0 300 369 631 416 326 314 578 277 727 481 268 663 174 479 490 600 427 481 227 330 732 673 292 738 352 675 169 715 924 358 185 78 897 617 142 541 662 763 527 349 746 826 302 523 63 699 909 755 560 313 662 75 218 950 463 519 450 763 258 686 495 717 651 820 254 554 147 352 686 767 192 10 646 308 833 450 921 625 537 557 903
178 657 596 757 799 248 909 632 660 404 421 116 240 277 687 546 455 547 300 0 453 428 131 168 65 279 363 662 574 342 554 354 637 250 367 320 517 406 259 626 774 283 594 615 780 429 584 761 96 445 355 775 586 160 268 594 562 335 404 820 625 217 407 250 408 743 565 365 501 814 229 517 784 252 578 238 859 297 556 593 487 368 955 46 380 433 53 490 806 489 290 353 317 652 515 815 384 528 609 827
307 314 618 453 411 695 457 303 520 294 822 569 467 289 234 446 242 664 369 453 0 475 480 317 408 661 99 397 124 117 383 198 200 443 496 253 119 161 221 436 326 174 479 341 330 279 448 661 424 529 319 596 278 365 529 343 570 396 54 385 623 250 298 332 820 650 549 418 156 364 347 462 687 392 150 389 414 157 423 141 578 797 502 428 387 471 489 504 399 462 366 763 142 603 81 604 528 194 188 567
307 428 951 453 574 526 810 773 263 660 517 492 637 222 628 834 262 189 631 428 475 0 320 309 368 387 463 357 534 450 224 555 659 181 84 232 431 568 316 275 672 374 201 798 681 666 208 338 332 813 642 379 361 512 219 311 135 104 430 665 199 333 183 568 532 319 137 72 619 776 561 826 359 179 489 193 728 420 192 551 103 549 861 452 89 778 409 63 607 810 622 489 382 225 471 431 99 371 495 472
173 621 723 702 770 238 922 707 570 503 344 172 370 231 704 659 413 420 416 131 480 320 0 164 103 185 406 603 591 385 482 432 677 139 249 281 515 475 261 551 783 308 504 701 789 524 499 657 64 572 461 687 547 275 138 539 449 242 427 814 510 231 347 360 340 639 456 266 563 843 342 634 679 161 580 150 861 338 474 611 365 319 971 171 292 556 94 382 786 608 406 283 339 544 527 733 261 505 606 756
10 489 646 589 632 386 762 554 509 377 507 277 331 114 543 546 287 468 326 168 317 309 164 0 106 346 245 495 430 224 393 289 514 170 274 153 359 323 99 466 624 145 445 556 631 391 430 623 109 505 347 621 418 204 239 427 442 205 264 662 506 67 244 263 504 606 438 238 405 680 253 531 647 137 423 125 705 178 401 449 392 481 810 169 240 473 187 366 642 511 316 447 175 522 366 657 301 362 451 663
116 595 625 692 738 287 860 612 595 401 434 171 279 212 639 556 391 499 314 65 408 368 103 106 0 280 324 597 526 302 489 335 599 196 313 256 462 381 202 561 724 234 530 602 730 422 519 699 44 476 358 711 523 174 229 530 503 273 357 765 567 162 342 257 426 681 505 303 472 771 239 532 723 190 525 176 807 256 491 545 434 394 907 84 317 456 83 430 748 506 304 369 267 591 465 750 332 468 554 762
355 766 865 825 917 167 1094 891 650 679 161 231 506 392 880 825 561 402 578 279 661 387 185 346 280 0 591 725 768 569 595 615 859 250 304 441 685 659 440 656 953 491 588 882 960 701 594 705 247 713 632 765 692 438 173 667 488 353 607 976 538 413 484 528 162 686 506 364 747 1021 507 796 722 297 751 292 1028 523 573 787 384 163 1144 324 401 708 226 441 939 767 568 109 521 588 702 818 295 663 773 858
237 394 550 529 504 609 552 318 558 226 750 479 368 251 330 394 273 649 277 363 99 463 406 245 324 591 0 460 222 22 419 118 275 394 467 231 204 107 164 482 424 103 508 335 428 220 480 695 346 447 237 647 346 266 475 399 575 371 73 485 633 179 304 235 746 683 558 398 164 451 249 400 722 346 247 340 513 68 453 239 564 718 596 334 374 392 403 502 495 395 273 688 83 623 178 662 498 263 284 635
487 123 1009 100 231 838 513 670 182 684 868 761 790 385 400 843 212 491 727 662 397 357 603 495 597 725 460 0 362 463 133 578 490 481 433 343 283 554 423 98 395 441 192 724 405 673 164 309 581 905 697 210 120 664 552 68 345 374 390 353 363 465 257 674 880 306 314 362 546 527 679 856 332 443 296 453 421 469 169 369 424 888 562 663 325 852 669 329 274 854 721 833 420 310 334 208 454 203 273 176
420 253 700 393 312 813 335 309 517 388 929 691 586 382 113 516 275 720 481 574 124 534 591 430 526 768 222 362 0 241 391 307 133 537 571 338 104 259 331 426 202 292 490 368 207 366 457 657 538 629 423 572 247 489 624 325 607 472 170 265 652 365 351 451 929 650 582 487 207 254 467 541 683 485 66 485 290 280 438 19 635 910 381 550 451 568 608 550 291 548 480 873 259 621 67 567 602 181 97 514
216 402 550 534 516 587 572 337 554 228 729 457 354 235 350 399 270 635 268 342 117 450 385 224 302 569 22 463 241 0 416 118 297 375 451 217 216 119 145 480 443 84 502 351 447 225 475 690 324 442 234 645 350 249 455 400 564 356 83 501 623 158 295 223 724 677 548 383 184 472 236 403 717 328 262 321 531 47 448 258 550 696 616 313 361 389 382 491 509 396 264 667 68 615 193 663 482 269 299 639
386 215 965 231 353 713 611 680 139 644 735 646 709 280 460 813 147 371 663 554 383 224 482 393 489 595 419 133 391 416 0 534 524 354 301 246 291 524 339 73 480 372 100 723 490 639 67 278 467 847 646 235 161 580 422 91 233 245 358 457 267 377 149 605 748 268 204 231 539 601 606 819 305 321 331 332 523 409 49 403 298 757 662 562 195 799 554 202 390 811 656 701 359 230 342 265 322 209 322 275
283 508 433 644 608 601 615 278 672 110 768 461 285 334 401 283 388 735 174 354 198 555 432 289 335 615 118 578 307 118 534 0 314 456 546 326 315 58 240 598 500 181 620 269 503 111 594 808 369 332 122 763 462 216 528 517 675 456 189 572 736 234 410 151 759 795 661 486 155 498 172 285 835 414 347 405 590 136 565 321 652 722 653 315 469 276 403 600 594 278 173 703 180 731 279 780 576 379 385 752
504 374 640 509 398 884 306 200 650 360 1020 752 598 488 123 449 405 847 479 637 200 659 677 514 599 859 275 490 133 297 524 314 0 642 689 449 235 256 421 558 215 369 623 269 214 330 590 789 619 596 408 699 378 524 729 457 738 589 254 305 784 447 476 465 1017 782 714 608 166 184 486 483 814 591 196 589 300 343 571 122 761 992 341 606 574 533 678 679 363 497 481 960 339 754 189 691 721 314 216 632
174 516 809 581 667 360 853 711 432 547 404 311 473 155 646 716 311 305 490 250 443 181 139 170 196 250 394 481 537 375 354 456 642 0 118 200 446 485 230 420 712 291 367 720 720 561 365 519 155 663 517 550 442 357 88 420 313 109 390 729 375 223 234 428 410 500 318 129 558 791 415 700 541 52 511 54 783 333 340 556 238 410 904 280 159 636 228 244 689 678 480 359 313 406 470 597 138 416 530 625
275 495 920 531 644 445 864 784 346 645 436 419 590 216 672 817 310 193 600 367 496 84 249 274 313 304 467 433 571 451 301 546 689 118 0 243 470 567 308 356 724 370 285 801 733 655 291 414 273 776 620 462 424 471 137 383 201 100 447 726 261 314 227 537 450 395 211 85 629 820 526 804 434 137 533 150 786 415 273 589 121 465 916 397 125 747 342 140 673 785 590 406 384 298 505 514 32 421 544 555
144 342 740 437 490 518 654 543 372 434 600 424 464 50 446 608 136 419 427 320 253 232 281 153 256 441 231 343 338 217 246 326 449 200 243 0 246 336 97 319 513 146 311 566 520 437 291 497 246 612 423 479 269 334 288 275 349 144 204 535 409 131 98 366 604 482 336 168 389 592 365 605 523 149 312 150 586 191 261 357 333 594 704 321 144 569 332 274 505 592 419 549 150 409 271 511 275 225 332 512
349 194 737 334 300 745 409 393 422 413 845 632 570 293 202 564 171 616 481 517 119 431 515 359 462 685 204 283 104 216 291 315 235 446 470 246 0 281 260 333 268 237 390 442 275 398 358 563 467 647 436 487 163 458 533 235 503 373 133 303 549 300 248 439 847 555 478 386 264 350 451 581 589 394 66 396 346 242 337 120 531 833 459 500 349 590 544 445 296 582 478 792 205 520 52 490 501 84 93 449
317 475 457 614 566 653 558 232 662 133 815 515 342 352 347 290 377 753 227 406 161 568 475 323 381 659 107 554 259 119 524 58 256 485 567 336 281 0 259 584 447 198 614 235 449 119 586 801 412 371 164 747 436 273 562 496 682 473 167 522 740 262 411 209 807 789 666 501 98 440 230 302 827 440 304 432 536 153 559 271 668 772 596 368 480 312 453 609 549 301 227 750 186 730 239 759 598 353 343 726
89 401 644 512 540 485 663 482 468 343 601 372 371 95 444 518 211 496 330 259 221 316 261 99 202 440 164 423 331 145 339 240 421 230 308 97 260 259 0 411 525 62 408 494 531 350 387 594 208 515 328 573 333 242 313 355 440 217 168 563 502 43 194 269 599 579 430 246 328 582 268 512 620 183 324 176 606 107 358 350 413 579 711 249 232 472 284 364 547 497 322 543 83 505 267 602 339 270 353 597
459 212 1030 183 329 780 608 726 92 708 791 717 781 353 481 874 211 394 732 626 436 275 551 466 561 656 482 98 426 480 73 598 558 420 356 319 333 584 411 0 487 441 94 774 496 701 69 231 539 915 713 166 181 652 483 102 247 312 417 450 264 449 222 675 806 224 217 294 591 615 677 882 256 390 363 402 517 476 83 436 332 819 659 635 261 866 626 238 372 876 725 761 426 214 386 192 373 249 347 205
614 274 855 373 220 1010 141 407 576 565 1113 891 783 561 100 664 414 845 673 774 326 672 783 624 724 953 424 395 202 443 480 500 215 712 724 513 268 447 525 487 0 491 572 480 9 538 539 703 733 805 609 591 320 690 799 393 713 631 371 94 745 562 498 648 1115 701 684 640 371 138 666 698 725 661 202 663 90 482 529 185 765 1101 192 752 600 743 806 672 173 711 673 1060 458 700 259 566 754 303 182 491
136 401 597 523 531 522 627 420 506 288 651 399 351 155 405 462 232 556 292 283 174 374 308 145 234 491 103 441 292 84 372 181 369 291 370 146 237 198 62 441 491 0 449 432 497 292 426 637 250 475 279 606 339 228 372 374 494 277 122 538 555 78 235 235 648 623 482 305 267 538 239 460 663 244 296 237 576 46 396 311 472 624 673 263 288 428 317 419 532 447 285 591 33 554 232 630 400 266 329 616
439 299 1046 274 423 724 697 779 66 730 715 675 772 334 557 902 239 301 738 594 479 201 504 445 530 588 508 192 490 502 100 620 623 367 285 311 390 614 408 94 572 449 0 820 581 727 33 188 502 922 728 183 255 642 418 179 154 263 451 540 174 441 215 677 732 175 123 238 635 696 676 905 214 346 430 359 607 490 56 502 243 750 748 609 214 878 586 154 465 895 730 690 442 131 441 231 297 309 420 273
550 620 391 761 665 855 540 74 860 218 1034 713 476 585 392 203 582 984 352 615 341 798 701 556 602 882 335 724 368 351 723 269 269 720 801 566 442 235 494 774 480 432 820 0 477 189 789 1001 637 390 276 930 604 462 795 677 904 706 374 572 960 497 631 375 1023 991 886 733 185 404 399 249 1027 676 432 667 558 388 764 367 899 982 560 572 709 332 666 834 632 274 359 967 418 943 390 931 832 526 464 881
620 284 854 382 228 1016 134 404 586 566 1120 896 786 569 102 663 423 854 675 780 330 681 789 631 730 960 428 405 207 447 490 503 214 720 733 520 275 449 531 496 9 497 581 477 0 539 548 712 739 806 610 600 330 694 807 402 722 640 376 99 754 568 506 651 1122 711 693 648 372 129 669 697 734 669 210 671 88 487 539 189 774 1108 184 757 608 743 812 681 180 711 675 1067 464 709 265 575 762 311 190 499
387 592 339 732 677 667 636 223 777 32 850 525 295 444 439 174 492 845 169 429 279 666 524 391 422 701 220 673 366 225 639 111 330 561 655 437 398 119 350 701 538 292 727 189 539 0 700 915 460 267 91 865 555 274 629 615 786 566 284 620 846 341 520 187 838 902 772 596 167 507 211 184 941 521 417 511 627 246 672 375 762 795 668 386 579 205 481 711 656 184 174 782 289 840 354 878 684 471 455 845
424 268 1022 252 395 724 666 747 81 704 725 668 754 317 523 874 209 326 715 584 448 208 499 430 519 594 480 164 457 475 67 594 590 365 291 291 358 586 387 69 539 426 33 789 548 700 0 215 493 900 703 192 222 624 422 146 181 258 422 509 206 422 193 656 740 203 150 236 605 663 656 878 242 339 397 352 576 465 29 469 263 756 717 596 208 854 578 169 436 869 708 697 416 165 409 234 306 276 387 264
618 432 1234 345 515 857 813 956 141 918 807 830 953 515 708 1089 424 334 924 761 661 338 657 623 699 705 695 309 657 690 278 808 789 519 414 497 563 801 594 231 703 637 188 1001 712 915 215 0 666 1109 916 130 411 824 549 332 218 426 636 652 173 626 402 863 829 19 203 397 817 836 861 1093 27 510 594 524 720 678 243 667 323 859 861 781 384 1065 746 276 565 1083 916 796 630 118 616 185 414 480 576 270
119 588 670 678 734 278 871 644 567 440 405 180 323 198 652 598 381 456 358 96 424 332 64 109 44 247 346 581 538 324 467 369 619 155 273 246 467 412 208 539 733 250 502 637 739 460 493 666 0 520 399 684 515 218 185 515 466 241 371 769 529 174 324 300 400 648 469 270 500 787 283 575 689 157 532 143 814 278 466 557 393 374 919 125 287 500 87 394 746 550 348 342 282 556 475 726 291 466 559 742
506 840 152 976 937 618 899 453 980 242 831 489 207 599 706 201 705 968 185 445 529 813 572 505 476 713 447 905 629 442 847 332 596 663 776 612 647 371 515 915 805 475 922 390 806 267 900 1109 520 0 211 1080 792 306 705 841 945 709 520 887 1009 486 708 246 810 1094 939 741 434 767 252 151 1135 641 676 628 893 439 871 639 896 753 928 401 738 63 494 869 920 119 193 762 489 1018 609 1102 800 710 714 1081
345 629 319 766 729 585 714 314 783 59 775 443 204 420 508 200 502 813 78 355 319 642 461 347 358 632 237 697 423 234 646 122 408 517 620 423 436 164 328 713 609 279 728 276 610 91 703 916 399 211 0 878 583 196 577 635 768 539 309 685 831 309 514 105 762 902 758 570 242 589 128 185 942 483 467 472 698 238 674 435 733 716 749 310 560 155 408 692 713 169 84 707 287 832 400 897 647 500 505 872
615 329 1195 223 393 905 693 878 118 872 883 858 942 508 607 1038 376 430 897 775 596 379 687 621 711 765 647 210 572 645 235 763 699 550 462 479 487 747 573 166 591 606 183 930 600 865 192 130 684 1080 878 0 326 813 598 253 291 446 581 532 269 610 381 839 902 138 266 421 749 727 841 1047 144 529 506 542 600 642 220 579 397 925 740 788 397 1032 769 324 443 1041 890 863 592 204 539 60 470 404 483 140
408 75 892 185 225 785 453 552 273 567 844 693 689 317 302 724 134 526 617 586 278 361 547 418 523 692 346 120 247 350 161 462 378 442 424 269 163 436 333 181 320 339 255 604 330 555 222 411 515 792 583 326 0 566 523 79 393 343 274 305 427 376 208 567 852 405 364 343 426 441 575 738 436 397 183 404 368 362 210 256 449 851 505 581 302 738 600 353 250 737 612 801 314 386 214 328 451 84 166 290
207 629 453 749 756 393 816 486 704 247 580 251 130 309 595 387 452 663 142 160 365 512 275 204 174 438 266 664 489 249 580 216 524 357 471 334 458 273 242 652 690 228 642 462 694 274 624 824 218 306 196 813 566 0 402 596 646 409 328 750 711 203 432 90 566 807 643 442 371 707 69 360 849 337 509 323 779 216 595 505 591 522 857 115 443 283 213 570 754 333 131 511 256 725 441 844 494 494 545 838
245 597 854 652 748 308 940 791 482 613 320 295 505 243 733 776 395 285 541 268 529 219 138 239 229 173 475 552 624 455 422 528 729 88 137 288 533 562 313 483 799 372 418 795 807 629 422 549 185 705 577 598 523 402 0 495 333 181 476 814 390 300 315 481 329 530 347 190 639 879 466 756 569 139 599 140 869 412 401 644 239 336 991 306 228 684 230 277 772 732 531 280 396 432 558 649 137 502 617 686
419 124 949 163 263 775 521 627 193 624 813 695 723 318 381 786 144 462 662 594 343 311 539 427 530 667 399 68 325 400 91 517 457 420 383 275 235 496 355 102 393 374 179 677 402 615 146 332 515 841 635 253 79 596 495 0 323 315 330 366 352 397 192 608 824 326 293 307 496 517 613 798 357 380 261 390 432 404 138 335 389 829 572 595 267 789 602 293 298 794 656 775 354 308 287 263 406 151 246 243
440 446 1081 427 576 640 843 873 192 782 595 620 772 349 687 957 334 148 763 562 570 135 449 442 503 488 575 345 607 564 233 675 738 313 201 349 503 682 440 247 713 494 154 904 722 786 181 218 466 945 768 291 393 646 333 323 0 237 531 689 64 462 274 700 615 198 31 205 722 831 693 952 236 314 553 328 755 539 185 621 107 643 895 587 209 908 541 77 617 937 754 580 497 100 550 350 197 429 550 411
203 417 847 473 567 469 772 686 329 559 501 412 535 122 575 733 219 280 527 335 396 104 242 205 273 353 371 374 472 356 245 456 589 109 100 144 373 473 217 312 631 277 263 706 640 566 258 426 241 709 539 446 343 409 181 315 237 0 347 639 301 230 137 464 510 409 235 32 531 723 457 724 450 84 437 98 697 322 233 490 196 515 824 355 51 674 324 161 593 706 518 461 288 320 406 491 132 329 450 517
254 321 620 456 433 644 505 343 497 294 768 521 437 237 283 457 213 619 349 404 54 430 427 264 357 607 73 390 170 83 358 189 254 390 447 204 133 167 168 417 371 122 451 374 376 284 422 636 371 520 309 581 274 328 476 330 531 347 0 423 587 198 258 306 767 625 512 370 190 416 318 467 663 339 181 336 457 113 395 189 533 745 551 381 341 464 439 462 427 464 345 710 89 571 114 594 478 191 217 564
651 242 943 310 143 1047 161 501 534 645 1133 935 851 585 184 753 420 828 746 820 385 665 814 662 765 976 485 353 265 501 457 572 305 729 726 535 303 522 563 450 94 538 540 572 99 620 509 652 769 887 685 532 305 750 814 366 689 639 423 0 713 603 503 716 1138 652 659 643 454 220 732 785 672 680 243 684 68 536 504 251 752 1129 210 802 602 825 847 656 92 797 745 1084 506 663 310 500 754 313 211 420
504 473 1144 435 593 694 871 926 190 843 635 680 836 412 726 1018 383 163 826 625 623 199 510 506 567 538 633 363 652 623 267 736 784 375 261 409 549 740 502 264 745 555 174 960 754 846 206 173 529 1009 831 269 427 711 390 352 64 301 587 713 0 525 330 763 657 154 75 269 776 867 757 1014 186 378 595 392 781 600 218 666 154 689 922 651 272 972 602 140 637 999 817 625 557 65 598 329 253 472 589 400
58 445 619 555 583 448 699 491 502 331 574 331 332 113 478 503 253 506 302 217 250 333 231 67 162 413 179 465 365 158 377 234 447 223 314 131 300 262 43 449 562 78 441 497 568 341 422 626 174 486 309 610 376 203 300 397 462 230 198 603 525 0 229 239 571 610 454 262 340 614 236 494 651 181 362 171 645 113 393 384 425 547 746 205 253 447 245 385 589 476 293 514 108 532 303 641 343 313 393 638
237 283 833 355 434 584 638 600 274 520 635 504 562 131 447 693 84 370 523 407 298 183 347 244 342 484 304 257 351 295 149 410 476 234 227 98 248 411 194 222 498 235 215 631 506 520 193 402 324 708 514 381 208 432 315 192 274 137 258 503 330 229 0 463 644 387 255 142 448 595 463 693 428 190 308 199 561 277 164 368 285 643 689 413 103 663 412 206 457 682 515 592 231 321 288 414 256 195 318 420
263 623 383 752 739 481 766 405 737 158 670 339 135 353 549 299 467 730 63 250 332 568 360 263 257 528 235 674 451 223 605 151 465 428 537 366 439 209 269 675 648 235 677 375 651 187 656 863 300 246 105 839 567 90 481 608 700 464 306 716 763 239 463 0 656 848 693 497 304 649 24 275 889 400 482 387 738 206 627 466 654 611 805 205 492 210 303 623 730 251 54 602 254 771 412 865 563 489 520 850
513 926 960 979 1077 194 1256 1037 790 812 31 325 608 554 1041 945 722 504 699 408 820 532 340 504 426 162 746 880 929 724 748 759 1017 410 450 604 847 807 599 806 1115 648 732 1023 1122 838 740 829 400 810 762 902 852 566 329 824 615 510 767 1138 657 571 644 656 0 810 637 518 898 1182 633 911 842 459 913 454 1190 677 723 948 508 67 1306 452 557 815 357 580 1100 880 690 57 679 713 864 957 435 826 935 1004
601 429 1220 348 517 838 813 947 133 905 788 811 936 499 703 1076 412 316 909 743 650 319 639 606 681 686 683 306 650 677 268 795 782 500 395 482 555 789 579 224 701 623 175 991 711 902 203 19 648 1094 902 138 405 807 530 326 198 409 625 652 154 610 387 848 810 0 184 379 807 833 845 1079 42 492 587 506 720 664 230 660 303 840 862 763 367 1050 728 257 566 1069 901 777 616 98 607 195 394 471 571 278
435 416 1073 397 545 655 814 852 163 769 618 628 769 340 660 944 311 179 755 565 549 137 456 438 505 506 558 314 582 548 204 661 714 318 211 336 478 666 430 217 684 482 123 886 693 772 150 203 469 939 758 266 364 643 347 293 31 235 512 659 75 454 255 693 637 184 0 203 702 803 687 941 223 315 527 329 725 526 155 596 131 663 865 588 201 900 546 75 586 926 746 600 482 88 526 324 212 403 523 382
235 415 880 462 564 487 780 711 304 589 507 438 567 152 587 763 226 252 560 365 418 72 266 238 303 364 398 362 487 383 231 486 608 129 85 168 386 501 246 294 640 305 238 733 648 596 236 397 270 741 570 421 343 442 190 307 205 32 370 643 269 262 142 497 518 379 203 0 556 735 489 755 420 113 449 127 702 351 213 505 167 526 831 386 41 706 351 129 592 738 551 470 315 288 422 468 115 337 459 498
397 450 494 592 519 749 472 155 676 194 905 611 434 414 272 310 398 807 313 501 156 619 563 405 472 747 164 546 207 184 539 155 166 558 629 389 264 98 328 591 371 267 635 185 372 167 605 817 500 434 242 749 426 371 639 496 722 531 190 454 776 340 448 304 898 807 702 556 0 348 326 335 844 511 266 504 460 227 580 213 721 866 507 464 530 372 547 653 494 344 315 841 246 759 213 754 661 345 301 710
670 405 793 511 357 1058 137 330 706 538 1182 930 781 636 148 602 514 956 662 814 364 776 843 680 771 1021 451 527 254 472 601 498 184 791 820 592 350 440 582 615 138 538 696 404 129 507 663 836 787 767 589 727 441 707 879 517 831 723 416 220 867 614 595 649 1182 833 803 735 348 0 670 643 859 740 287 739 176 517 650 235 874 1161 161 785 697 705 852 783 308 662 664 1125 505 826 321 703 850 406 282 628
254 633 394 760 751 458 785 429 736 182 648 315 119 348 568 318 471 719 75 229 347 561 342 253 239 507 249 679 467 236 606 172 486 415 526 365 451 230 268 677 666 239 676 399 669 211 656 861 283 252 128 841 575 69 466 613 693 457 318 732 757 236 463 24 633 845 687 489 326 670 0 292 887 390 496 377 755 214 626 483 645 588 825 183 486 221 282 617 744 267 65 579 261 767 427 868 551 498 534 856
529 775 159 915 854 724 778 317 957 175 928 587 307 604 601 50 673 997 218 517 462 826 634 531 532 796 400 856 541 403 819 285 483 700 804 605 581 302 512 882 698 460 905 249 697 184 878 1093 575 151 185 1047 738 360 756 798 952 724 467 785 1014 494 693 275 911 1079 941 755 335 643 292 0 1119 668 597 656 783 416 850 548 918 859 803 472 743 107 570 876 829 34 228 859 463 1013 536 1061 832 655 634 1028
643 455 1260 364 534 876 833 982 167 945 820 851 978 540 732 1116 450 344 950 784 687 359 679 647 723 722 722 332 683 717 305 835 814 541 434 523 589 827 620 256 725 663 214 1027 734 941 242 27 689 1135 942 144 436 849 569 357 236 450 663 672 186 651 428 889 842 42 223 420 844 859 887 1119 0 533 619 547 740 704 269 692 339 875 881 805 408 1091 768 297 584 1109 942 811 656 136 642 195 432 505 601 282
138 471 783 543 622 395 802 664 412 510 453 329 459 104 594 681 264 330 463 252 392 179 161 137 190 297 346 443 485 328 321 414 591 52 137 149 394 440 183 390 661 244 346 676 669 521 339 510 157 641 483 529 397 337 139 380 314 84 339 680 378 181 190 400 459 492 315 113 511 740 390 668 533 0 460 14 733 288 313 504 255 454 853 274 132 610 240 240 642 648 453 405 265 401 418 573 164 367 480 595
413 188 755 329 262 809 343 375 454 436 911 693 615 359 139 574 228 672 519 578 150 489 580 423 525 751 247 296 66 262 331 347 196 511 533 312 66 304 324 363 202 296 430 432 210 417 397 594 532 676 467 506 183 509 599 261 553 437 181 243 595 362 308 482 913 587 527 449 266 287 496 597 619 460 0 462 282 294 379 73 588 899 393 559 410 616 607 500 249 601 516 858 263 561 69 501 564 124 39 449
127 478 770 552 629 385 804 658 425 499 450 316 445 103 595 670 270 343 450 238 389 193 150 125 176 292 340 453 485 321 332 405 589 54 150 150 396 432 176 402 663 237 359 667 671 511 352 524 143 628 472 542 404 323 140 390 328 98 336 684 392 171 199 387 454 506 329 127 504 739 377 656 547 14 462 0 736 280 326 504 268 448 855 259 145 597 227 254 648 636 440 401 259 415 418 585 176 371 482 606
695 309 939 377 208 1091 93 485 603 654 1186 975 873 636 190 747 477 893 763 859 414 728 861 705 807 1028 513 421 290 531 523 590 300 783 786 586 346 536 606 517 90 576 607 558 88 627 576 720 814 893 698 600 368 779 869 432 755 697 457 68 781 645 561 738 1190 720 725 702 460 176 755 783 740 733 282 736 0 569 571 274 816 1179 142 838 661 831 889 721 157 797 763 1136 543 731 344 567 814 368 255 484
170 419 557 546 541 542 614 379 545 243 682 413 331 200 391 418 266 602 258 297 157 420 338 178 256 523 68 469 280 47 409 136 343 333 415 191 242 153 107 476 482 46 490 388 487 246 465 678 278 439 238 642 362 216 412 404 539 322 113 536 600 113 277 206 677 664 526 351 227 517 214 416 704 288 294 280 569 0 436 298 518 650 659 271 333 390 336 465 538 405 252 620 50 597 227 663 445 284 330 645
395 262 993 262 396 700 659 723 110 676 708 642 724 288 508 846 183 325 686 556 423 192 474 401 491 573 453 169 438 448 49 565 571 340 273 261 337 559 358 83 529 396 56 764 539 672 29 243 466 871 674 220 210 595 401 138 185 233 395 504 218 393 164 627 723 230 155 213 580 650 626 850 269 313 379 326 571 436 0 450 256 736 710 567 182 825 552 160 434 841 679 678 388 183 387 260 290 256 371 286
439 256 707 395 306 832 316 306 528 398 948 709 601 401 94 522 291 736 495 593 141 551 611 449 545 787 239 369 19 258 403 321 122 556 589 357 120 271 350 436 185 311 502 367 189 375 469 667 557 639 435 579 256 505 644 335 621 490 189 251 666 384 368 466 948 660 596 505 213 235 483 548 692 504 73 504 274 298 450 0 651 930 363 569 469 578 627 566 282 556 494 892 278 633 86 572 620 194 98 517
392 511 1038 515 651 540 901 875 292 755 488 532 711 318 726 928 361 86 717 487 578 103 365 392 434 384 564 424 635 550 298 652 761 238 121 333 531 668 413 332 765 472 243 899 774 762 263 323 393 896 733 397 449 591 239 389 107 196 533 752 154 425 285 654 508 303 131 167 721 874 645 918 339 255 588 268 816 518 256 651 0 537 953 518 191 864 459 97 688 900 708 474 482 206 573 455 104 467 592 511
491 925 902 987 1076 136 1241 1000 811 769 96 274 554 544 1023 895 718 542 651 368 797 549 319 481 394 163 718 888 910 696 757 722 992 410 465 594 833 772 579 819 1101 624 750 982 1108 795 756 859 374 753 716 925 851 522 336 829 643 515 745 1129 689 547 643 611 67 840 663 526 866 1161 588 859 875 454 899 448 1179 650 736 930 537 0 1290 410 563 761 319 601 1096 827 641 64 656 742 846 979 455 818 923 1020
800 449 951 517 347 1195 52 488 744 698 1304 1071 938 752 268 761 606 1031 820 955 502 861 971 810 907 1144 596 562 381 616 662 653 341 904 916 704 459 596 711 659 192 673 748 560 184 668 717 861 919 928 749 740 505 857 991 572 895 824 551 210 922 746 689 805 1306 862 865 831 507 161 825 803 881 853 393 855 142 659 710 363 953 1290 0 929 791 866 990 858 296 822 822 1250 640 872 444 704 945 495 374 620
177 650 552 756 788 286 884 592 674 360 465 147 199 282 662 500 453 582 254 46 428 452 171 169 84 324 334 663 550 313 562 315 606 280 397 321 500 368 249 635 752 263 609 572 757 386 596 781 125 401 310 788 581 115 306 595 587 355 381 802 651 205 413 205 452 763 588 386 464 785 183 472 805 274 559 259 838 271 567 569 518 410 929 0 397 387 99 514 793 443 244 397 296 674 494 825 416 519 592 832
236 374 873 424 524 519 740 684 280 575 546 461 571 140 549 749 186 278 554 380 387 89 292 240 317 401 374 325 451 361 195 469 574 159 125 144 349 480 232 261 600 288 214 709 608 579 208 384 287 738 560 397 302 443 228 267 209 51 341 602 272 253 103 492 557 367 201 41 530 697 486 743 408 132 410 145 661 333 182 469 191 563 791 397 0 700 372 133 551 728 546 508 294 282 387 441 154 297 420 466
473 783 173 920 878 626 837 393 934 181 834 491 207 560 643 154 655 940 147 433 471 778 556 473 456 708 392 852 568 389 799 276 533 636 747 569 590 312 472 866 743 428 878 332 743 205 854 1065 500 63 155 1032 738 283 684 789 908 674 464 825 972 447 663 210 815 1050 900 706 372 705 221 107 1091 610 616 597 831 390 825 578 864 761 866 387 700 0 484 832 859 72 157 765 440 977 551 1051 772 655 655 1027
197 673 646 765 818 206 943 681 652 457 369 93 288 285 721 599 467 514 352 53 489 409 94 187 83 226 403 669 608 382 554 403 678 228 342 332 544 453 284 626 806 317 586 666 812 481 578 746 87 494 408 769 600 213 230 602 541 324 439 847 602 245 412 303 357 728 546 351 547 852 282 570 768 240 607 227 889 336 552 627 459 319 990 99 372 484 0 472 829 541 342 301 350 634 547 812 355 549 637 829
364 415 1005 421 554 585 806 805 211 707 562 554 696 272 637 881 275 174 686 490 504 63 382 366 430 441 502 329 550 491 202 600 679 244 140 274 445 609 364 238 672 419 154 834 681 711 169 276 394 869 692 324 353 570 277 293 77 161 462 656 140 385 206 623 580 257 75 129 653 783 617 876 297 240 500 254 721 465 160 566 97 601 858 514 133 832 472 0 591 861 677 540 423 162 490 378 146 377 501 426
632 178 988 221 51 1022 250 562 453 679 1092 919 863 555 241 801 378 760 767 806 399 607 786 642 748 939 495 274 291 509 390 594 363 689 673 505 296 549 547 372 173 532 465 632 180 656 436 565 746 920 713 443 250 754 772 298 617 593 427 92 637 589 457 730 1100 566 586 592 494 308 744 829 584 642 249 648 157 538 434 282 688 1096 296 793 551 859 829 591 0 838 765 1048 501 583 318 409 699 281 211 328
509 776 156 916 860 692 796 340 948 170 898 555 274 588 613 83 665 978 192 489 462 810 608 511 506 767 395 854 548 396 811 278 497 678 785 592 582 301 497 876 711 447 895 274 711 184 869 1083 550 119 169 1041 737 333 732 794 937 706 464 797 999 476 682 251 880 1069 926 738 344 662 267 34 1109 648 601 636 797 405 841 556 900 827 822 443 728 72 541 861 838 0 202 829 453 1000 539 1057 811 653 639 1027
316 665 330 797 776 509 785 398 788 142 705 368 121 406 573 257 516 783 10 290 366 622 406 316 304 568 273 721 480 264 656 173 481 480 590 419 478 227 322 725 673 285 730 359 675 174 708 916 348 193 84 890 612 131 531 656 754 518 345 745 817 293 515 54 690 901 746 551 315 664 65 228 942 453 516 440 763 252 679 494 708 641 822 244 546 157 342 677 765 202 0 636 302 825 447 914 615 532 555 897
456 875 913 932 1026 154 1201 980 750 757 69 274 559 500 985 893 669 478 646 353 763 489 283 447 369 109 688 833 873 667 701 703 960 359 406 549 792 750 543 761 1060 591 690 967 1067 782 697 796 342 762 707 863 801 511 280 775 580 461 710 1084 625 514 592 602 57 777 600 470 841 1125 579 859 811 405 858 401 1136 620 678 892 474 64 1250 397 508 765 301 540 1048 829 636 0 622 679 807 918 394 772 881 961
166 374 606 499 501 555 593 401 496 289 681 433 376 168 372 463 216 567 308 317 142 382 339 175 267 521 83 420 259 68 359 180 339 313 384 150 205 186 83 426 458 33 442 418 464 289 416 630 282 489 287 592 314 256 396 354 497 288 89 506 557 108 231 254 679 616 482 315 246 505 261 463 656 265 263 259 543 50 388 278 482 656 640 296 294 440 350 423 501 453 302 622 0 551 199 613 415 239 296 596
518 426 1149 376 538 740 822 905 131 840 692 716 853 419 688 1014 362 227 833 652 603 225 544 522 591 588 623 310 621 615 230 731 754 406 298 409 520 730 505 214 700 554 131 943 709 840 165 118 556 1018 832 204 386 725 432 308 100 320 571 663 65 532 321 771 713 98 88 288 759 826 767 1013 136 401 561 415 731 597 183 633 206 742 872 674 282 977 634 162 583 1000 825 679 551 0 570 264 296 439 551 336
356 239 694 381 330 751 396 341 475 372 863 632 546 315 178 517 216 658 450 515 81 471 527 366 465 702 178 334 67 193 342 279 189 470 505 271 52 239 267 386 259 232 441 390 265 354 409 616 475 609 400 539 214 441 558 287 550 406 114 310 598 303 288 412 864 607 526 422 213 321 427 536 642 418 69 418 344 227 387 86 573 846 444 494 387 551 547 490 318 539 447 807 199 570 0 541 536 137 107 498
650 317 1212 193 358 955 660 876 168 887 940 902 973 544 591 1049 398 490 921 815 604 431 733 657 750 818 662 208 567 663 265 780 691 597 514 511 490 759 602 192 566 630 231 931 575 878 234 185 726 1102 897 60 328 844 649 263 350 491 594 500 329 641 414 865 957 195 324 468 754 703 868 1061 195 573 501 585 567 663 260 572 455 979 704 825 441 1051 812 378 409 1057 914 918 613 264 541 0 524 410 475 88
302 521 945 551 668 444 893 815 356 673 419 428 611 247 702 845 340 168 625 384 528 99 261 301 332 295 498 454 602 482 322 576 721 138 32 275 501 598 339 373 754 400 297 832 762 684 306 414 291 800 647 470 451 494 137 406 197 132 478 754 253 343 256 563 435 394 212 115 661 850 551 832 432 164 564 176 814 445 290 620 104 455 945 416 154 772 355 146 699 811 615 394 415 296 536 524 0 451 574 569
352 135 809 265 270 742 443 477 339 484 820 640 614 275 259 640 111 550 537 528 194 371 505 362 468 663 263 203 181 269 209 379 314 416 421 225 84 353 270 249 303 266 309 526 311 471 276 480 466 710 500 404 84 494 502 151 429 329 191 313 472 313 195 489 826 471 403 337 345 406 498 655 505 367 124 371 368 284 256 194 467 818 495 519 297 655 549 377 281 653 532 772 239 439 137 410 451 0 125 374
441 159 792 297 223 837 323 404 439 475 932 724 653 381 137 611 235 674 557 609 188 495 606 451 554 773 284 273 97 299 322 385 216 530 544 332 93 343 353 347 182 329 420 464 190 455 387 576 559 714 505 483 166 545 617 246 550 450 217 211 589 393 318 520 935 571 523 459 301 282 534 634 601 480 39 482 255 330 371 98 592 923 374 592 420 655 637 501 211 639 555 881 296 551 107 475 574 125 0 419
655 261 1183 123 277 985 577 823 220 857 988 921 966 551 525 1013 386 556 903 827 567 472 756 663 762 858 635 176 514 639 275 752 632 625 555 512 449 726 597 205 491 616 273 881 499 845 264 270 742 1081 872 140 290 838 686 243 411 517 564 420 400 638 420 850 1004 278 382 498 710 628 856 1028 282 595 449 606 484 645 286 517 511 1020 620 832 466 1027 829 426 328 1027 897 961 596 336 498 88 569 374 419 0
