# TTSP Euclidean complete-graph matrix instance
# seed: 2077
# depot: 1
# L_max is not stored in this file; pass it with --budget when running algorithms.
# coordinate rows: node x y
# coord 1 345.128553 892.593377
# coord 2 815.604866 285.508369
# coord 3 670.899108 404.008898
# coord 4 604.930461 930.466799
# coord 5 320.318631 990.796941
# coord 6 492.813119 787.037146
# coord 7 997.451947 672.495678
# coord 8 681.366128 474.018988
# coord 9 256.131830 640.778068
# coord 10 302.670476 365.630831
# coord 11 665.194461 387.754103
# coord 12 707.533380 190.297448
# coord 13 167.380055 685.618690
# coord 14 0.283767 374.623714
# coord 15 598.202357 811.331375
# coord 16 492.838941 761.205153
# coord 17 58.402377 350.547882
# coord 18 999.584021 144.542863
# coord 19 121.965747 229.699115
# coord 20 807.266015 547.969939
# coord 21 157.062620 393.659959
# coord 22 918.116831 797.567391
# coord 23 718.660506 775.359200
# coord 24 193.181509 79.863612
# coord 25 826.543163 343.894894
# coord 26 362.340990 638.114085
# coord 27 343.563649 279.323059
# coord 28 83.579672 648.417877
# coord 29 766.904122 41.663919
# coord 30 303.307757 208.486520
# coord 31 85.825114 794.836653
# coord 32 25.459489 207.016592
# coord 33 787.218624 79.385448
# coord 34 772.516242 501.436780
# coord 35 204.328992 59.860218
# coord 36 124.094920 946.851781
# coord 37 276.237424 423.719837
# coord 38 821.811288 736.180910
# coord 39 812.599824 144.752967
# coord 40 999.758301 838.466864
# coord 41 60.860107 524.584651
# coord 42 796.965199 360.748286
# coord 43 562.000998 172.672327
# coord 44 993.273905 626.631090
# coord 45 927.723982 676.648029
# coord 46 776.542237 507.488040
# coord 47 544.025335 17.867188
# coord 48 68.250970 990.008700
# coord 49 484.205826 288.570896
# coord 50 778.324281 208.808379
# coord 51 133.396190 296.907888
# coord 52 644.842582 650.924892
# coord 53 494.942559 770.367566
# coord 54 369.752073 930.604090
# coord 55 365.542631 406.788155
# coord 56 159.035927 467.907372
# coord 57 787.897148 209.418104
# coord 58 739.432553 854.649837
# coord 59 826.234711 360.323904
# coord 60 929.362216 621.575233
# coord 61 642.434735 333.151339
# coord 62 584.717905 655.002105
# coord 63 140.077800 437.560733
# coord 64 265.210621 302.806368
# coord 65 357.175071 637.196103
# coord 66 888.096078 8.753519
# coord 67 551.180266 640.444708
# coord 68 649.220946 432.746384
# coord 69 466.987127 357.245018
# coord 70 476.275762 17.646521
# coord 71 967.841504 572.334865
# coord 72 245.846145 844.435354
# coord 73 613.691809 548.362033
# coord 74 235.427184 91.434403
# coord 75 798.825577 811.081435
# coord 76 664.406141 203.933058
# coord 77 587.798840 517.610226
# coord 78 583.515447 705.990717
# coord 79 936.229717 59.948668
# coord 80 688.441455 881.765191
# coord 81 463.213916 941.277473
# coord 82 290.613546 47.591342
# coord 83 135.113662 135.735621
# coord 84 837.459746 348.313561
# coord 85 921.533176 526.609259
# coord 86 933.622200 774.391536
# coord 87 855.607935 622.412150
# coord 88 296.172121 944.477301
# coord 89 93.443005 331.165390
# coord 90 128.592132 873.688521
# coord 91 997.287343 105.784006
# coord 92 356.510919 322.944889
# coord 93 666.444629 206.329118
# coord 94 841.266418 823.833102
# coord 95 927.724987 442.024980
# coord 96 769.592076 200.958683
# coord 97 947.791116 820.822664
# coord 98 472.885931 778.342436
# coord 99 26.567424 335.154991
# coord 100 923.733687 633.629456
# reference_nearest_neighbor_tour_cost: 9386
TTSP_MATRIX
100
0 26 67 31 77 97 70 36 54 53 95 90 30 14 7 78 79 45 68 31 3 50 67 2 46 88 64 11 45 48 96 93 46 48 98 77 34 63 8 9 83 33 46 35 29 19 61 98 12 62 62 37 17 30 74 21 60 4 81 53 10 1 80 50 76 84 42 23 76 35 88 97 11 33 57 36 100 45 95 29 43 2 34 18 62 54 34 82 19 52 20 39 61 33 81 42 59 40 49 35
0 768 587 263 101 182 688 537 267 529 598 790 273 622 266 198 613 994 699 576 533 581 391 827 730 255 613 358 950 685 277 756 926 579 845 228 474 502 882 657 465 698 752 701 621 578 897 294 620 809 632 385 193 45 486 464 814 396 717 644 634 337 499 595 256 1037 326 551 549 885 700 110 437 809 461 759 447 303 1021 343 128 847 785 734 683 600 578 71 615 217 1022 570 758 501 736 811 607 171 642 634
768 0 187 678 862 596 428 231 663 519 182 144 762 820 569 575 760 232 696 263 667 522 499 656 59 574 472 817 249 518 890 794 208 220 652 957 557 451 141 583 792 78 278 385 407 225 381 1027 331 85 682 403 581 784 466 681 81 574 76 355 180 436 692 551 578 286 443 222 356 432 325 798 331 612 526 172 325 480 256 610 744 576 697 66 263 503 339 839 724 904 256 461 169 539 193 96 551 600 791 365
587 187 0 531 684 422 423 71 478 370 17 217 577 671 414 399 615 419 576 198 514 465 374 577 167 387 350 636 375 416 704 675 345 141 580 771 395 365 295 545 622 133 256 392 375 148 406 841 220 223 548 248 406 607 305 516 227 456 161 338 76 265 532 418 391 451 265 36 209 433 341 612 155 536 427 200 141 314 434 478 576 521 599 176 279 454 286 658 582 717 442 325 198 453 260 226 500 423 648 342
263 678 531 0 291 182 470 463 453 641 546 747 501 821 119 203 797 879 851 433 699 340 192 945 627 380 702 593 903 782 537 927 870 461 958 481 604 291 813 405 679 601 759 493 411 456 915 540 653 742 790 282 194 235 576 642 744 154 612 448 598 276 678 714 384 964 295 500 590 922 510 369 382 917 228 729 413 225 931 97 142 937 923 627 513 364 397 309 788 480 913 656 727 259 585 748 360 201 830 436
101 862 684 291 0 267 748 630 356 625 695 889 341 694 331 287 692 1085 787 658 619 628 453 920 821 355 712 416 1049 782 306 837 1024 666 938 201 569 562 979 696 534 790 853 765 684 665 998 252 721 906 719 470 281 78 586 547 911 441 808 712 732 427 582 690 356 1134 420 648 650 986 771 164 531 903 511 859 544 388 1116 384 151 944 875 825 760 650 650 52 698 225 1114 669 857 547 819 909 650 262 718 701
182 596 422 182 267 0 517 365 278 462 435 634 341 642 108 26 616 818 669 395 517 425 226 768 555 198 529 432 794 609 407 745 766 400 782 402 423 333 717 510 505 524 618 526 449 398 771 471 499 645 608 204 17 189 401 462 649 256 542 467 478 161 497 535 202 873 158 387 431 770 521 254 268 742 307 608 286 122 852 217 157 767 743 558 502 441 398 252 606 374 848 484 606 350 555 648 456 22 649 457
688 428 423 470 748 517 0 373 742 760 438 563 830 1041 423 512 993 528 981 227 885 148 297 999 370 636 763 914 672 835 920 1078 629 283 1002 915 763 187 559 166 948 371 663 46 70 276 796 982 641 513 942 353 512 679 685 863 508 316 356 85 491 413 889 820 641 673 447 423 617 837 104 771 403 958 242 575 438 415 616 373 598 943 1016 362 164 120 150 752 966 892 567 730 572 217 241 524 156 535 1028 83
537 231 71 463 630 365 373 0 457 394 88 285 556 688 347 344 635 458 610 146 530 401 304 627 195 359 390 623 441 462 676 708 409 95 632 731 408 297 354 484 623 162 324 347 319 101 476 801 271 282 576 181 350 553 323 522 285 385 184 289 146 205 543 450 363 509 211 52 244 500 303 572 101 588 357 271 103 252 486 408 516 578 643 200 246 392 229 608 605 682 485 358 268 385 248 287 437 369 669 290
267 663 478 453 356 278 742 457 0 279 481 638 99 369 382 266 351 894 432 559 266 680 482 564 643 106 372 173 787 435 230 491 773 535 583 333 218 574 745 769 227 609 559 737 673 537 686 397 420 678 365 389 272 311 258 198 685 529 635 674 494 329 234 338 101 894 295 445 353 661 715 204 369 550 569 598 354 334 894 495 365 594 519 651 675 691 600 306 350 266 914 333 598 613 700 676 715 257 382 668
529 519 370 641 625 462 760 394 279 0 363 441 347 303 535 439 245 731 226 537 148 752 584 306 524 279 96 358 566 157 481 319 563 489 321 608 64 638 556 842 289 494 323 738 698 495 423 667 197 501 183 446 448 569 75 176 510 656 524 677 341 404 178 73 277 686 371 353 165 389 697 482 361 282 667 396 323 441 703 644 598 318 284 535 639 752 610 579 212 537 742 69 397 707 630 495 790 446 278 676
598 182 17 546 695 435 438 88 481 363 0 202 580 665 429 411 608 413 566 214 508 482 391 564 167 393 339 637 361 404 708 665 332 156 566 778 391 382 284 561 620 135 239 406 390 164 389 848 206 212 540 264 419 618 300 512 216 473 163 353 59 279 527 409 396 440 277 48 201 416 354 620 169 522 444 184 151 329 425 495 589 506 587 177 292 471 302 668 575 724 436 315 181 470 268 214 517 435 641 357
790 144 217 747 889 634 563 285 638 441 202 0 733 731 631 610 669 296 587 371 587 643 585 526 194 565 375 774 160 405 867 682 137 318 520 955 490 558 115 711 728 192 147 522 534 325 238 1024 244 73 584 465 618 814 405 615 83 665 207 485 157 481 619 456 568 256 477 249 293 289 462 801 370 482 627 45 349 530 263 692 790 441 575 205 399 626 457 859 630 896 302 375 44 647 334 63 675 633 696 493
273 762 577 501 341 341 830 556 99 347 580 733 0 353 449 334 352 993 458 655 292 759 559 606 742 201 443 92 880 496 136 499 867 633 627 265 284 656 842 846 193 708 647 828 760 635 767 320 508 775 390 479 338 318 342 218 782 597 735 765 592 418 250 395 196 989 386 544 445 736 808 177 467 598 644 692 453 417 991 557 391 650 551 750 771 771 691 289 362 192 1012 409 692 688 798 773 792 319 378 758
622 820 671 821 694 642 1041 688 369 303 665 731 353 0 740 626 63 1025 189 825 158 1011 823 352 827 448 356 286 836 346 429 169 840 783 375 585 280 898 844 1102 162 797 597 1024 975 788 650 619 492 796 154 701 633 668 367 184 805 881 826 961 643 648 153 274 443 960 612 652 467 595 988 530 638 368 910 686 605 671 987 855 732 437 274 838 934 1015 890 642 103 515 1033 360 687 953 930 789 1047 622 47 959
266 569 414 119 331 108 423 347 382 535 429 631 449 740 0 117 710 778 752 336 607 320 126 836 520 293 590 540 788 671 513 833 756 356 848 493 504 236 700 402 609 492 640 436 356 352 795 559 535 629 693 167 111 258 467 558 631 148 505 382 480 157 591 608 297 853 177 382 473 803 440 354 263 806 201 611 294 106 824 114 187 823 819 521 431 337 319 330 697 474 811 545 609 243 495 634 350 130 744 371
198 575 399 203 287 26 512 344 266 439 411 610 334 626 117 0 598 798 648 380 498 427 226 744 534 179 504 425 770 584 408 725 743 382 758 413 401 330 694 513 493 503 593 518 443 381 745 482 473 622 587 188 9 209 377 444 626 264 521 458 453 140 479 512 184 850 134 364 405 744 511 261 245 718 310 583 261 106 830 230 182 742 721 538 489 441 388 269 587 381 827 459 581 354 539 625 459 26 632 449
613 760 615 797 692 616 993 635 351 245 608 669 352 63 710 598 0 963 137 774 108 969 785 302 768 418 294 299 773 283 445 147 778 730 325 600 230 855 782 1060 174 739 534 975 928 735 589 640 430 734 92 659 606 658 312 155 743 847 768 912 584 608 119 212 414 897 572 597 409 534 936 528 589 314 872 623 555 634 925 824 716 382 228 779 881 972 842 640 40 528 970 299 625 915 874 727 1006 596 35 910
994 232 419 879 1085 818 528 458 894 731 413 296 993 1025 778 798 963 0 882 447 879 658 691 809 264 806 670 1045 254 699 1122 976 222 423 800 1188 775 618 187 694 1013 296 438 482 537 426 473 1258 535 230 879 618 804 1007 686 901 221 756 277 482 404 658 908 751 810 176 669 454 573 538 429 1029 559 766 696 340 556 699 106 800 960 716 865 260 390 633 499 1065 925 1136 39 667 339 697 306 237 678 824 992 495
699 696 576 851 787 669 981 610 432 226 566 587 458 189 752 648 137 882 0 756 168 978 809 166 714 474 227 420 672 183 566 99 682 705 189 717 248 864 696 1068 301 688 444 957 921 711 472 762 367 657 68 671 657 743 301 241 666 879 716 897 531 629 209 161 471 797 594 565 368 413 913 627 586 179 892 543 548 663 832 864 789 248 95 725 853 977 832 736 105 644 884 252 545 933 833 648 1016 651 142 898
576 263 198 433 658 395 227 146 559 537 214 371 655 825 336 380 774 447 756 0 668 273 244 772 205 454 536 731 508 608 763 853 469 58 776 791 545 189 403 348 747 188 448 202 176 51 592 861 414 340 719 192 383 581 464 653 339 314 189 143 271 247 676 595 459 545 272 196 390 625 162 635 194 732 263 373 222 274 505 354 523 719 788 202 116 259 89 647 746 753 481 504 370 278 160 349 307 406 809 145
533 667 514 699 619 517 885 530 266 148 508 587 292 158 607 498 108 879 168 668 0 862 679 316 671 319 219 265 704 236 407 228 704 625 337 554 123 748 701 953 162 641 461 868 821 630 539 603 344 648 100 551 506 578 209 74 657 743 670 805 489 501 47 141 315 826 465 494 312 493 830 459 482 312 766 542 448 529 848 722 627 371 259 682 776 865 735 568 89 481 888 212 543 808 772 642 899 498 143 803
581 522 465 340 628 425 148 401 680 752 482 643 759 1011 320 427 969 658 978 273 862 0 201 1020 463 578 774 848 771 851 832 1070 730 330 1027 808 743 114 661 91 900 453 719 187 121 323 865 871 669 605 931 310 424 564 677 828 602 188 447 176 540 363 857 819 583 789 399 453 630 896 231 674 393 982 120 646 433 347 738 245 477 978 1025 456 271 28 186 639 947 793 696 735 643 81 356 615 38 446 1004 164
391 499 374 192 453 226 297 304 482 584 391 585 559 823 126 226 785 691 809 244 679 201 0 872 445 382 622 648 735 703 633 896 699 279 881 619 565 110 638 288 704 422 623 312 231 274 777 685 540 570 756 145 224 382 510 639 570 82 429 261 449 180 670 655 387 785 215 350 488 796 321 478 250 837 88 574 289 152 748 111 305 844 866 443 321 215 205 455 767 598 725 580 571 132 393 577 234 246 820 249
827 656 577 945 920 768 999 627 564 306 564 526 606 352 836 744 302 809 166 772 316 1020 872 0 686 583 250 579 575 169 723 210 594 716 23 870 354 909 623 1107 464 666 380 969 946 723 356 919 358 599 225 728 754 869 370 390 609 948 692 914 516 696 362 234 581 699 665 577 390 290 918 766 630 44 949 487 589 738 743 943 903 103 81 698 854 1015 856 871 270 796 805 293 490 987 819 589 1058 752 305 917
730 59 167 627 821 555 370 195 643 524 167 194 742 827 520 534 768 264 714 205 671 463 445 686 0 550 487 803 308 540 867 813 267 167 684 926 556 392 200 524 787 34 315 328 348 171 431 996 347 143 695 357 540 744 465 679 140 518 16 296 184 394 693 563 553 341 405 198 360 479 269 767 295 643 468 214 295 436 304 555 699 612 722 12 206 444 280 801 733 876 293 470 211 480 141 154 492 560 800 306
255 574 387 380 355 198 636 359 106 279 393 565 201 448 293 179 418 806 474 454 319 578 382 583 550 0 359 279 721 434 318 547 702 432 599 390 231 470 668 668 322 516 506 631 567 434 646 459 370 598 411 283 187 293 231 265 604 435 541 567 414 223 299 349 5 820 189 353 300 631 609 237 267 561 470 529 256 231 815 407 320 595 551 557 570 587 494 313 408 332 829 315 528 514 598 597 613 179 452 561
613 472 350 702 712 529 763 390 372 96 339 375 443 356 590 504 294 670 227 536 219 774 622 250 487 359 0 451 485 81 576 326 487 483 260 703 159 661 488 862 374 461 243 737 706 489 329 762 141 440 211 478 514 652 129 264 450 698 489 678 304 446 258 82 358 608 417 342 146 293 690 573 381 217 700 330 341 490 632 694 673 238 253 499 629 770 616 667 255 632 676 46 331 738 606 433 811 516 322 680
358 817 636 593 416 432 914 623 173 358 637 774 92 286 540 425 299 1045 420 731 265 848 648 579 803 279 451 0 914 492 146 445 905 704 601 301 296 743 886 936 126 769 675 910 845 707 781 342 539 822 355 561 429 402 371 196 830 688 797 846 642 501 218 390 274 1028 468 605 481 743 888 254 539 577 734 731 521 503 1036 648 479 635 515 811 847 859 772 364 317 230 1063 425 732 778 869 819 881 410 318 840
950 249 375 903 1049 794 672 441 787 566 361 160 880 836 788 770 773 254 672 508 704 771 735 575 308 721 485 914 0 493 1015 760 43 460 563 1110 622 697 113 830 855 320 243 627 655 466 224 1178 375 168 683 621 778 974 543 742 169 813 324 602 317 640 741 566 723 126 636 408 435 292 567 957 529 534 770 192 509 689 170 844 949 476 639 315 509 751 587 1018 733 1049 239 498 193 786 431 159 800 793 796 612
685 518 416 782 782 609 835 462 435 157 404 405 496 346 671 584 283 699 183 608 236 851 703 169 540 434 81 492 493 0 625 278 501 553 179 760 217 740 513 939 398 517 261 807 780 560 307 816 198 475 192 559 594 725 208 297 485 780 545 750 361 528 281 102 432 618 498 412 221 258 758 639 460 135 780 361 420 571 650 776 750 161 183 552 695 847 690 736 243 688 702 126 363 817 667 466 889 595 304 752
277 890 704 537 306 407 920 676 230 481 708 867 136 429 513 408 445 1122 566 763 407 832 633 723 867 318 576 146 1015 625 0 591 1002 747 744 157 417 738 975 915 271 833 783 923 850 748 902 196 644 907 500 577 410 315 478 335 914 656 858 861 723 518 361 524 314 1123 490 670 580 870 910 168 583 719 713 827 573 506 1124 609 405 775 661 874 878 848 789 258 464 90 1143 544 827 756 913 906 862 387 463 853
756 794 675 927 837 745 1078 708 491 319 665 682 499 169 833 725 147 976 99 853 228 1070 896 210 813 547 326 445 760 278 591 0 772 803 232 746 331 956 790 1161 320 787 538 1055 1017 809 552 784 466 753 140 762 733 801 394 293 762 964 815 994 630 717 257 258 543 885 681 663 466 489 1011 674 680 240 981 639 642 749 923 946 855 309 131 824 951 1071 928 786 142 675 977 351 641 1023 932 744 1108 726 128 994
926 208 345 870 1024 766 629 409 773 563 332 137 867 840 756 743 778 222 682 469 704 730 699 594 267 702 487 905 43 501 1002 772 0 422 583 1092 616 658 70 788 852 282 244 585 614 428 251 1160 368 130 689 589 750 948 534 739 130 777 284 561 292 610 740 568 704 123 609 379 424 317 525 937 500 552 732 175 481 659 150 808 921 498 655 274 467 710 547 995 738 1032 212 495 175 746 389 123 759 766 803 571
579 220 141 461 666 400 283 95 535 489 156 318 633 783 356 382 730 423 705 58 625 330 279 716 167 432 483 704 460 553 747 803 422 0 720 787 502 240 359 406 712 143 390 254 234 7 535 857 358 293 671 197 386 589 418 614 292 355 151 198 213 243 636 545 437 506 261 141 338 567 208 629 166 676 311 317 185 279 471 390 538 662 735 166 151 317 147 651 700 744 455 453 314 330 166 300 364 408 764 201
845 652 580 958 938 782 1002 632 583 321 566 520 627 375 848 758 325 800 189 776 337 1027 881 23 684 599 260 601 563 179 744 232 583 720 0 891 371 916 614 1113 486 665 375 971 951 726 342 940 361 593 247 737 768 886 383 411 602 958 691 917 516 706 383 250 597 686 676 580 397 275 920 786 637 44 958 482 597 749 732 954 919 87 103 696 856 1021 861 889 293 817 794 304 485 995 818 583 1064 767 328 920
228 957 771 481 201 402 915 731 333 608 778 955 265 585 493 413 600 1188 717 791 554 808 619 870 926 390 703 301 1110 760 157 746 1092 787 891 0 545 729 1057 882 427 892 889 926 848 787 1019 71 750 986 650 599 411 246 592 480 992 622 915 868 803 545 510 659 388 1210 526 735 682 994 923 159 631 863 688 919 632 519 1203 568 339 915 811 931 901 828 800 172 616 73 1212 666 918 728 949 986 833 387 619 859
474 557 395 604 569 423 763 408 218 64 391 490 284 280 504 401 230 775 248 545 123 743 565 354 556 231 159 296 622 217 417 331 616 502 371 545 0 629 605 834 238 525 380 745 699 507 486 603 248 546 191 433 410 515 91 125 555 633 554 682 377 386 137 121 228 739 350 373 202 453 707 422 360 335 650 446 325 417 754 616 550 376 321 566 653 745 612 521 205 474 788 129 447 692 652 541 780 405 265 681
502 451 365 291 562 333 187 297 574 638 382 558 656 898 236 330 855 618 864 189 748 114 110 909 392 470 661 743 697 740 738 956 658 240 916 729 629 0 591 205 790 376 621 203 121 233 770 795 561 529 817 196 329 492 563 715 528 144 376 157 441 251 744 705 475 730 287 349 519 797 219 586 280 872 78 555 320 240 686 197 413 870 912 388 232 118 119 565 833 707 654 622 552 90 313 538 152 351 891 145
882 141 295 813 979 717 559 354 745 556 284 115 842 844 700 694 782 187 696 403 701 661 638 623 200 668 488 886 113 513 975 790 70 359 614 1057 605 591 0 719 842 217 252 515 544 365 297 1126 359 73 696 533 702 902 518 729 69 714 216 491 254 559 734 570 671 156 560 331 406 360 455 900 450 580 666 160 435 606 150 747 870 531 678 205 397 641 480 952 743 1000 189 490 159 680 319 71 689 719 809 501
657 583 545 405 696 510 166 484 769 842 561 711 846 1102 402 513 1060 694 1068 348 953 91 288 1107 524 668 862 936 830 939 915 1161 788 406 1113 882 834 205 719 0 990 519 797 212 177 399 939 944 754 667 1022 401 509 637 767 919 664 261 509 228 619 454 949 909 673 837 490 536 718 974 268 754 483 1069 203 718 522 437 781 314 546 1062 1114 516 322 92 260 712 1039 872 733 824 715 159 403 678 55 530 1096 218
465 792 622 679 534 505 948 623 227 289 620 728 193 162 609 493 174 1013 301 747 162 900 704 464 787 322 374 126 855 398 271 320 852 712 486 427 238 790 842 990 0 754 612 938 880 716 700 465 485 784 239 597 499 510 327 113 792 755 783 874 612 540 118 302 317 975 504 595 439 655 908 369 553 467 792 683 527 553 991 722 579 529 396 796 861 908 801 481 196 356 1026 358 684 836 871 779 935 484 193 870
698 78 133 601 790 524 371 162 609 494 135 192 708 797 492 503 739 296 688 188 641 453 422 666 34 516 461 769 320 517 833 787 282 143 665 892 525 376 217 519 754 0 301 331 342 148 426 963 321 153 667 328 509 712 434 647 152 497 29 293 157 363 661 535 519 364 372 164 330 470 272 733 262 623 450 205 261 406 331 532 670 595 699 42 207 436 268 769 704 843 324 442 202 465 154 162 484 529 771 301
752 278 256 759 853 618 663 324 559 323 239 147 647 597 640 593 534 438 444 448 461 719 623 380 315 506 243 675 243 261 783 538 244 390 375 889 380 621 252 797 612 301 0 626 623 398 156 955 140 219 446 485 601 782 306 500 229 705 324 580 180 483 498 324 508 365 468 274 208 177 570 742 379 337 681 107 346 534 391 720 775 299 428 327 505 707 537 816 495 824 440 255 110 709 454 210 754 612 560 586
701 385 392 493 765 526 46 347 737 738 406 522 828 1024 436 518 975 482 957 202 868 187 312 969 328 631 737 910 627 807 923 1055 585 254 971 926 745 203 515 212 938 331 626 0 82 247 757 994 611 470 921 349 519 694 665 849 465 341 314 64 457 410 874 797 636 627 442 395 591 799 60 779 388 928 268 536 420 417 570 398 616 911 989 319 123 159 138 766 947 899 521 705 532 249 196 481 199 542 1010 70
621 407 375 411 684 449 70 319 673 698 390 534 760 975 356 443 928 537 921 176 821 121 231 946 348 567 706 845 655 780 850 1017 614 234 951 848 699 121 544 177 880 342 623 82 0 227 762 915 589 491 880 284 443 613 624 797 488 259 332 55 447 344 823 761 572 669 378 370 561 799 112 702 339 907 186 541 375 345 617 315 535 895 960 341 150 98 90 686 903 823 575 672 538 171 235 501 146 466 964 43
578 225 148 456 665 398 276 101 537 495 164 325 635 788 352 381 735 426 711 51 630 323 274 723 171 434 489 707 466 560 748 809 428 7 726 787 507 233 365 399 716 148 398 247 227 0 542 857 365 299 677 195 385 587 423 619 298 349 155 191 220 242 640 551 439 511 262 148 344 575 202 629 168 683 304 324 189 277 475 385 535 669 741 170 146 310 139 649 705 744 458 459 321 323 165 307 357 407 770 194
897 381 406 915 998 771 796 476 686 423 389 238 767 650 795 745 589 473 472 592 539 865 777 356 431 646 329 781 224 307 902 552 251 535 342 1019 486 770 297 939 700 426 156 757 762 542 0 1082 277 302 496 641 754 929 428 592 310 859 444 716 330 638 583 399 647 344 623 428 348 68 698 879 535 317 833 222 502 689 394 876 927 255 426 442 634 851 680 959 549 951 462 358 225 859 572 291 899 764 607 723
294 1027 841 540 252 471 982 801 397 667 848 1024 320 619 559 482 640 1258 762 861 603 871 685 919 996 459 762 342 1178 816 196 784 1160 857 940 71 603 795 1126 944 465 963 955 994 915 857 1082 0 815 1056 696 669 480 307 655 530 1062 685 985 937 872 616 557 715 456 1279 596 805 748 1055 992 230 702 914 752 987 702 588 1272 630 398 968 857 1002 971 892 869 232 659 131 1283 727 986 791 1019 1056 896 457 656 927
620 331 220 653 721 499 641 271 420 197 206 244 508 492 535 473 430 535 367 414 344 669 540 358 347 370 141 539 375 198 644 466 368 358 361 750 248 561 359 754 485 321 140 611 589 365 277 815 0 305 351 396 482 652 168 371 314 621 349 556 164 380 375 219 371 491 358 219 71 271 561 605 290 317 610 199 251 429 507 627 653 309 381 358 498 662 499 682 393 685 545 132 200 643 469 299 706 490 460 559
809 85 223 742 906 645 513 282 678 501 212 73 775 796 629 622 734 230 657 340 648 605 570 599 143 598 440 822 168 475 907 753 130 293 593 986 546 529 73 667 784 153 219 470 491 299 302 1056 305 0 651 462 629 829 458 671 10 647 159 440 184 486 678 522 601 228 488 258 345 357 410 829 377 555 603 114 363 534 217 679 797 514 647 152 349 587 421 880 696 930 242 437 112 618 277 12 635 646 762 449
632 682 548 790 719 608 942 576 365 183 540 584 390 154 693 587 92 879 68 719 100 931 756 225 695 411 211 355 683 192 500 140 689 671 247 650 191 817 696 1022 239 667 446 921 880 677 496 696 351 651 0 622 596 676 257 173 660 824 696 860 510 576 141 132 407 808 541 533 339 442 879 559 542 229 841 539 505 608 837 806 724 295 161 706 821 932 792 668 53 577 885 225 541 882 807 643 968 589 113 859
385 403 248 282 470 204 353 181 389 446 264 465 479 701 167 188 659 618 671 192 551 310 145 728 357 283 478 561 621 559 577 762 589 197 737 599 433 196 533 401 597 328 485 349 284 195 641 669 396 462 622 0 192 392 371 519 464 225 343 286 318 60 548 515 288 687 94 218 343 655 332 443 107 693 222 447 145 82 659 235 342 700 725 359 303 314 213 456 637 562 649 437 445 262 352 467 347 214 694 279
193 581 406 194 281 17 512 350 272 448 419 618 338 633 111 9 606 804 657 383 506 424 224 754 540 187 514 429 778 594 410 733 750 386 768 411 410 329 702 509 499 509 601 519 443 385 754 480 482 629 596 192 0 203 386 452 633 259 527 459 461 146 487 521 192 857 142 371 414 753 513 260 252 727 307 591 269 109 836 223 174 751 730 544 491 439 390 264 595 381 833 468 590 350 543 632 456 23 639 450
45 784 607 235 78 189 679 553 311 569 618 814 318 668 258 209 658 1007 743 581 578 564 382 869 744 293 652 402 974 725 315 801 948 589 886 246 515 492 902 637 510 712 782 694 613 587 929 307 652 829 676 392 203 0 524 508 834 377 730 639 657 350 544 636 294 1058 342 571 582 919 697 151 453 850 445 784 467 310 1039 322 94 887 829 747 684 585 575 75 660 248 1036 608 783 483 742 832 588 184 687 629
486 466 305 576 586 401 685 323 258 75 300 405 342 367 467 377 312 686 301 464 209 677 510 370 465 231 129 371 543 208 478 394 534 418 383 592 91 563 518 767 327 434 306 665 624 423 428 655 168 458 257 371 386 524 0 215 466 583 463 603 287 331 228 144 231 657 298 285 113 405 625 454 286 341 593 361 248 370 668 574 543 367 356 476 569 677 535 542 282 524 700 84 362 633 563 453 714 387 346 603
464 681 516 642 547 462 863 522 198 176 512 615 218 184 558 444 155 901 241 653 74 828 639 390 679 265 264 196 742 297 335 293 739 614 411 480 125 715 729 919 113 647 500 849 797 619 592 530 371 671 173 519 452 508 215 0 680 697 676 786 502 465 36 196 261 862 428 491 327 551 816 386 462 384 726 570 432 487 878 672 563 440 333 689 765 833 714 496 152 407 913 245 571 769 769 666 864 441 188 782
814 81 227 744 911 649 508 285 685 510 216 83 782 805 631 626 743 221 666 339 657 602 570 609 140 604 450 830 169 485 914 762 130 292 602 992 555 528 69 664 792 152 229 465 488 298 310 1062 314 10 660 464 633 834 466 680 0 647 156 436 191 490 687 531 607 224 492 263 353 366 405 835 381 565 602 124 367 537 211 680 801 523 657 147 344 583 419 884 705 936 234 446 121 617 271 20 632 650 772 445
396 574 456 154 441 256 316 385 529 656 473 665 597 881 148 264 847 756 879 314 743 188 82 948 518 435 698 688 813 780 656 964 777 355 958 622 633 144 714 261 755 497 705 341 259 349 859 685 621 647 824 225 259 377 583 697 647 0 502 301 530 253 730 728 440 859 285 431 567 877 363 494 331 915 74 655 370 215 819 58 289 923 939 516 375 210 260 452 831 611 792 655 652 106 454 654 211 277 882 288
717 76 161 612 808 542 356 184 635 524 163 207 735 826 505 521 768 277 716 189 670 447 429 692 16 541 489 797 324 545 858 815 284 151 691 915 554 376 216 509 783 29 324 314 332 155 444 985 349 159 696 343 527 730 463 676 156 502 0 281 186 381 690 564 545 357 393 191 359 490 255 756 284 649 452 225 286 422 320 539 685 620 727 16 192 428 264 789 733 866 307 471 222 464 130 169 476 547 800 290
644 355 338 448 712 467 85 289 674 677 353 485 765 961 382 458 912 482 897 143 805 176 261 914 296 567 678 846 602 750 861 994 561 198 917 868 682 157 491 228 874 293 580 64 55 191 716 937 556 440 860 286 459 639 603 786 436 301 281 0 407 346 810 737 572 614 379 338 533 755 62 719 324 873 230 495 357 356 562 355 565 859 931 288 95 153 74 711 885 840 520 646 491 221 180 450 200 483 947 13
634 180 76 598 732 478 491 146 494 341 59 157 592 643 480 453 584 404 531 271 489 540 449 516 184 414 304 642 317 361 723 630 292 213 516 803 377 441 254 619 612 157 180 457 447 220 330 872 164 184 510 318 461 657 287 502 191 530 186 407 0 327 513 378 417 407 321 100 177 357 404 647 217 473 503 131 192 377 401 551 634 453 544 196 340 529 359 703 549 746 421 286 129 529 305 183 575 476 616 412
337 436 265 276 427 161 413 205 329 404 279 481 418 648 157 140 608 658 629 247 501 363 180 696 394 223 446 501 640 528 518 717 610 243 706 545 386 251 559 454 540 363 483 410 344 242 638 616 380 486 576 60 146 350 331 465 490 253 381 346 327 0 495 476 228 714 37 231 320 647 392 388 111 663 265 458 137 51 691 249 311 675 687 397 360 369 273 409 588 506 687 403 456 307 404 490 399 166 643 340
499 692 532 678 582 497 889 543 234 178 527 619 250 153 591 479 119 908 209 676 47 857 670 362 693 299 258 218 741 281 361 257 740 636 383 510 137 744 734 949 118 661 498 874 823 640 583 557 375 678 141 548 487 544 228 36 687 730 690 810 513 495 0 184 295 862 458 509 337 538 839 420 486 359 757 574 455 518 881 706 598 418 302 703 787 862 739 530 116 436 919 245 575 801 788 673 894 476 153 808
595 551 418 714 690 535 820 450 338 73 409 456 395 274 608 512 212 751 161 595 141 819 655 234 563 349 82 390 566 102 524 258 568 545 250 659 121 705 570 909 302 535 324 797 761 551 399 715 219 522 132 515 521 636 144 196 531 728 564 737 378 476 184 0 347 689 442 405 209 355 753 542 426 213 737 411 388 514 714 717 668 256 212 574 693 818 671 642 174 587 758 93 413 777 677 515 857 519 241 737
256 578 391 384 356 202 641 363 101 277 396 568 196 443 297 184 414 810 471 459 315 583 387 581 553 5 358 274 723 432 314 543 704 437 597 388 228 475 671 673 317 519 508 636 572 439 647 456 371 601 407 288 192 294 231 261 607 440 545 572 417 228 295 347 0 823 194 356 301 631 614 235 271 559 475 531 260 237 818 412 322 593 548 560 575 593 499 313 404 329 832 314 530 519 603 600 619 183 448 567
1037 286 451 964 1134 873 673 509 894 686 440 256 989 960 853 850 897 176 797 545 826 789 785 699 341 820 608 1028 126 618 1123 885 123 506 686 1210 739 730 156 837 975 364 365 627 669 511 344 1279 491 228 808 687 857 1058 657 862 224 859 357 614 407 714 862 689 823 0 716 487 547 412 569 1054 605 658 807 297 591 761 70 896 1025 599 764 343 519 767 615 1107 858 1151 146 617 297 816 435 226 814 874 921 626
326 443 265 295 420 158 447 211 295 371 277 477 386 612 177 134 572 669 594 272 465 399 215 665 405 189 417 468 636 498 490 681 609 261 676 526 350 287 560 490 504 372 468 442 378 262 623 596 358 488 541 94 142 342 298 428 492 285 393 379 321 37 458 442 194 716 0 230 295 627 422 367 111 633 301 451 128 73 697 278 313 648 654 409 387 405 305 397 552 483 696 372 449 343 426 491 436 159 607 373
551 222 36 500 648 387 423 52 445 353 48 249 544 652 382 364 597 454 565 196 494 453 350 577 198 353 342 605 408 412 670 663 379 141 580 735 373 349 331 536 595 164 274 395 370 148 428 805 219 258 533 218 371 571 285 491 263 431 191 338 100 231 509 405 356 487 230 0 197 450 348 576 121 536 407 229 105 281 470 451 541 526 594 206 288 445 280 622 565 682 478 313 227 436 279 261 490 388 630 340
549 356 209 590 650 431 617 244 353 165 201 293 445 467 473 405 409 573 368 390 312 630 488 390 360 300 146 481 435 221 580 466 424 338 397 682 202 519 406 718 439 330 208 591 561 344 348 748 71 345 339 343 414 582 113 327 353 567 359 533 177 320 337 209 301 547 295 197 0 340 545 535 241 353 562 250 201 368 555 569 584 356 399 371 485 626 470 612 374 617 587 116 250 598 468 341 668 421 441 534
885 432 433 922 986 770 837 500 661 389 416 289 736 595 803 744 534 538 413 625 493 896 796 290 479 631 293 743 292 258 870 489 317 567 275 994 453 797 360 974 655 470 177 799 799 575 68 1055 271 357 442 655 753 919 405 551 366 877 490 755 357 647 538 355 631 412 627 450 340 0 741 858 548 252 856 265 512 697 462 890 924 188 361 490 676 884 714 944 495 924 528 328 268 885 620 346 931 761 550 761
700 325 341 510 771 521 104 303 715 697 354 462 808 988 440 511 936 429 913 162 830 231 321 918 269 609 690 888 567 758 910 1011 525 208 920 923 707 219 455 268 908 272 570 60 112 202 698 992 561 410 879 332 513 697 625 816 405 363 255 62 404 392 839 753 614 569 422 348 545 741 0 772 355 876 293 477 384 407 513 417 625 857 940 259 65 205 123 768 907 892 467 660 474 282 136 421 249 536 971 76
110 798 612 369 164 254 771 572 204 482 620 801 177 530 354 261 528 1029 627 635 459 674 478 766 767 237 573 254 957 639 168 674 937 629 786 159 422 586 900 754 369 733 742 779 702 629 879 230 605 829 559 443 260 151 454 386 835 494 756 719 647 388 420 542 235 1054 367 576 535 858 772 0 472 753 554 765 473 365 1045 444 238 798 717 772 747 691 649 112 535 121 1054 533 764 596 792 830 702 236 554 710
437 331 155 382 531 268 403 101 369 361 169 370 467 638 263 245 589 559 586 194 482 393 250 630 295 267 381 539 529 460 583 680 500 166 637 631 360 280 450 483 553 262 379 388 339 168 535 702 290 377 542 107 252 453 286 462 381 331 284 324 217 111 486 426 271 605 111 121 241 548 355 472 0 593 321 348 40 160 585 342 421 596 632 300 309 392 253 508 564 584 586 342 346 357 332 381 431 270 625 322
809 612 536 917 903 742 958 588 550 282 522 482 598 368 806 718 314 766 179 732 312 982 837 44 643 561 217 577 534 135 719 240 552 676 44 863 335 872 580 1069 467 623 337 928 907 683 317 914 317 555 229 693 727 850 341 384 565 915 649 873 473 663 359 213 559 658 633 536 353 252 876 753 593 0 914 443 553 706 702 911 880 70 110 655 812 977 816 855 279 790 762 261 446 950 776 545 1020 727 321 876
461 526 427 228 511 307 242 357 569 667 444 627 644 910 201 310 872 696 892 263 766 120 88 949 468 470 700 734 770 780 713 981 732 311 958 688 650 78 666 203 792 450 681 268 186 304 833 752 610 603 841 222 307 445 593 726 602 74 452 230 503 265 757 737 475 807 301 407 562 856 293 554 321 914 0 622 361 240 764 131 360 917 947 464 310 140 197 520 853 673 733 659 619 44 391 611 149 328 907 217
759 172 200 729 859 608 575 271 598 396 184 45 692 686 611 583 623 340 543 373 542 646 574 487 214 529 330 731 192 361 827 639 175 317 482 919 446 555 160 718 683 205 107 536 541 324 222 987 199 114 539 447 591 784 361 570 124 655 225 495 131 458 574 411 531 297 451 229 250 265 477 765 348 443 622 0 323 509 308 678 764 405 534 225 413 631 460 827 585 858 347 330 3 645 355 105 679 605 651 502
447 325 141 413 544 286 438 103 354 323 151 349 453 605 294 261 555 556 548 222 448 433 289 589 295 256 341 521 509 420 573 642 481 185 597 632 325 320 435 522 527 261 346 420 375 189 502 702 251 363 505 145 269 467 248 432 367 370 286 357 192 137 455 388 260 591 128 105 201 512 384 473 40 553 361 323 0 188 575 378 442 556 592 302 334 431 288 517 528 581 581 302 321 398 348 365 471 285 590 355
303 480 314 225 388 122 415 252 334 441 329 530 417 671 106 106 634 699 663 274 529 347 152 738 436 231 490 503 689 571 506 749 659 279 749 519 417 240 606 437 553 406 534 417 345 277 689 588 429 534 608 82 109 310 370 487 537 215 422 356 377 51 518 514 237 761 73 281 368 697 407 365 160 706 240 509 188 0 736 205 264 721 725 439 383 357 285 373 617 485 729 445 506 283 434 538 382 132 669 348
1021 256 434 931 1116 852 616 486 894 703 425 263 991 987 824 830 925 106 832 505 848 738 748 743 304 815 632 1036 170 650 1124 923 150 471 732 1203 754 686 150 781 991 331 391 570 617 475 394 1272 507 217 837 659 836 1039 668 878 211 819 320 562 401 691 881 714 818 70 697 470 555 462 513 1045 585 702 764 308 575 736 0 858 1000 646 805 305 467 714 568 1092 885 1146 76 637 307 770 382 218 761 855 950 574
343 610 478 97 384 217 373 408 495 644 495 692 557 855 114 230 824 800 864 354 722 245 111 943 555 407 694 648 844 776 609 946 808 390 954 568 616 197 747 314 722 532 720 398 315 385 876 630 627 679 806 235 223 322 574 672 680 58 539 355 551 249 706 717 412 896 278 451 569 890 417 444 342 911 131 678 378 205 858 0 233 924 929 554 425 268 309 397 811 560 835 650 676 163 501 686 266 239 858 342
128 744 576 142 151 157 598 516 365 598 589 790 391 732 187 182 716 960 789 523 627 477 305 903 699 320 673 479 949 750 405 855 921 538 919 339 550 413 870 546 579 670 775 616 535 535 927 398 653 797 724 342 174 94 543 563 801 289 685 565 634 311 598 668 322 1025 313 541 584 924 625 238 421 880 360 764 442 264 1000 233 0 910 870 701 618 499 506 167 713 341 992 627 763 396 682 801 499 163 747 554
847 576 521 937 944 767 943 578 594 318 506 441 650 437 823 742 382 716 248 719 371 978 844 103 612 595 238 635 476 161 775 309 498 662 87 915 376 870 531 1062 529 595 299 911 895 669 255 968 309 514 295 700 751 887 367 440 523 923 620 859 453 675 418 256 593 599 648 526 356 188 857 798 596 70 917 405 556 721 646 924 910 0 179 624 792 970 806 897 345 842 709 283 408 952 749 503 1015 753 390 863
785 697 599 923 875 743 1016 643 519 284 587 575 551 274 819 721 228 865 95 788 259 1025 866 81 722 551 253 515 639 183 661 131 655 735 103 811 321 912 678 1114 396 699 428 989 960 741 426 857 381 647 161 725 730 829 356 333 657 939 727 931 544 687 302 212 548 764 654 594 399 361 940 717 632 110 947 534 592 725 805 929 870 179 0 734 878 1022 869 825 200 738 863 290 536 986 850 638 1063 726 227 933
734 66 176 627 825 558 362 200 651 535 177 205 750 838 521 538 779 260 725 202 682 456 443 698 12 557 499 811 315 552 874 824 274 166 696 931 566 388 205 516 796 42 327 319 341 170 442 1002 358 152 706 359 544 747 476 689 147 516 16 288 196 397 703 574 560 343 409 206 371 490 259 772 300 655 464 225 302 439 305 554 701 624 734 0 197 437 275 805 744 882 290 482 222 476 130 162 485 564 811 298
683 263 279 513 760 502 164 246 675 639 292 399 771 934 431 489 881 390 853 116 776 271 321 854 206 570 629 847 509 695 878 951 467 151 856 901 653 232 397 322 861 207 505 123 150 146 634 971 498 349 821 303 491 684 569 765 344 375 192 95 340 360 787 693 575 519 387 288 485 676 65 747 309 812 310 413 334 383 467 425 618 792 878 197 0 248 116 752 851 866 428 601 409 308 85 359 295 514 915 107
600 503 454 364 650 441 120 392 691 752 471 626 771 1015 337 441 972 633 977 259 865 28 215 1015 444 587 770 859 751 847 848 1071 710 317 1021 828 745 118 641 92 908 436 707 159 98 310 851 892 662 587 932 314 439 585 677 833 583 210 428 153 529 369 862 818 593 767 405 445 626 884 205 691 392 977 140 631 431 357 714 268 499 970 1022 437 248 0 171 660 950 811 672 733 628 105 332 596 49 461 1008 141
578 339 286 397 650 398 150 229 600 610 302 457 691 890 319 388 842 499 832 89 735 186 205 856 280 494 616 772 587 690 789 928 547 147 861 800 612 119 480 260 801 268 537 138 90 139 680 869 499 421 792 213 390 575 535 714 419 260 264 74 359 273 739 671 499 615 305 280 470 714 123 649 253 816 197 460 288 285 568 309 506 806 869 275 116 171 0 646 816 769 536 582 457 202 194 430 219 413 877 69
71 839 658 309 52 252 752 608 306 579 668 859 289 642 330 269 640 1065 736 647 568 639 455 871 801 313 667 364 1018 736 258 786 995 651 889 172 521 565 952 712 481 769 816 766 686 649 959 232 682 880 668 456 264 75 542 496 884 452 789 711 703 409 530 642 313 1107 397 622 612 944 768 112 508 855 520 827 517 373 1092 397 167 897 825 805 752 660 646 0 646 182 1093 624 826 558 807 881 663 243 666 700
615 724 582 788 698 606 966 605 350 212 575 630 362 103 697 587 40 925 105 746 89 947 767 270 733 408 255 317 733 243 464 142 738 700 293 616 205 833 743 1039 196 704 495 947 903 705 549 659 393 696 53 637 595 660 282 152 705 831 733 885 549 588 116 174 404 858 552 565 374 495 907 535 564 279 853 585 528 617 885 811 713 345 200 744 851 950 816 646 0 544 932 263 586 896 842 689 985 586 67 884
217 904 717 480 225 374 892 682 266 537 724 896 192 515 474 381 528 1136 644 753 481 793 598 796 876 332 632 230 1049 688 90 675 1032 744 817 73 474 707 1000 872 356 843 824 899 823 744 951 131 685 930 577 562 381 248 524 407 936 611 866 840 746 506 436 587 329 1151 483 682 617 924 892 121 584 790 673 858 581 485 1146 560 341 842 738 882 866 811 769 182 544 0 1159 596 857 714 908 929 821 357 548 831
1022 256 442 913 1114 848 567 485 914 742 436 302 1012 1033 811 827 970 39 884 481 888 696 725 805 293 829 676 1063 239 702 1143 977 212 455 794 1212 788 654 189 733 1026 324 440 521 575 458 462 1283 545 242 885 649 833 1036 700 913 234 792 307 520 421 687 919 758 832 146 696 478 587 528 467 1054 586 762 733 347 581 729 76 835 992 709 863 290 428 672 536 1093 932 1159 0 677 346 735 343 247 717 853 997 533
570 461 325 656 669 484 730 358 333 69 315 375 409 360 545 459 299 667 252 504 212 735 580 293 470 315 46 425 498 126 544 351 495 453 304 666 129 622 490 824 358 442 255 705 672 459 358 727 132 437 225 437 468 608 84 245 446 655 471 646 286 403 245 93 314 617 372 313 116 328 660 533 342 261 659 330 302 445 637 650 627 283 290 482 601 733 582 624 263 596 677 0 331 697 583 431 773 470 330 647
758 169 198 727 857 606 572 268 598 397 181 44 692 687 609 581 625 339 545 370 543 643 571 490 211 528 331 732 193 363 827 641 175 314 485 918 447 552 159 715 684 202 110 532 538 321 225 986 200 112 541 445 590 783 362 571 121 652 222 491 129 456 575 413 530 297 449 227 250 268 474 764 346 446 619 3 321 506 307 676 763 408 536 222 409 628 457 826 586 857 346 331 0 642 352 103 676 604 653 499
501 539 453 259 547 350 217 385 613 707 470 647 688 953 243 354 915 697 933 278 808 81 132 987 480 514 738 778 786 817 756 1023 746 330 995 728 692 90 680 159 836 465 709 249 171 323 859 791 643 618 882 262 350 483 633 769 617 106 464 221 529 307 801 777 519 816 343 436 598 885 282 596 357 950 44 645 398 283 770 163 396 952 986 476 308 105 202 558 896 714 735 697 642 0 391 627 107 371 950 207
736 193 260 585 819 555 241 248 700 630 268 334 798 930 495 539 874 306 833 160 772 356 393 819 141 598 606 869 431 667 913 932 389 166 818 949 652 313 319 403 871 154 454 196 235 165 572 1019 469 277 807 352 543 742 563 769 271 454 130 180 305 404 788 677 603 435 426 279 468 620 136 792 332 776 391 355 348 434 382 501 682 749 850 130 85 332 194 807 842 908 343 583 352 391 0 288 379 566 907 192
811 96 226 748 909 648 524 287 676 495 214 63 773 789 634 625 727 237 648 349 642 615 577 589 154 597 433 819 159 466 906 744 123 300 583 986 541 538 71 678 779 162 210 481 501 307 291 1056 299 12 643 467 632 832 453 666 20 654 169 450 183 490 673 515 600 226 491 261 341 346 421 830 381 545 611 105 365 538 218 686 801 503 638 162 359 596 430 881 689 929 247 431 103 627 288 0 645 649 755 459
607 551 500 360 650 456 156 437 715 790 517 675 792 1047 350 459 1006 678 1016 307 899 38 234 1058 492 613 811 881 800 889 862 1108 759 364 1064 833 780 152 689 55 935 484 754 199 146 357 899 896 706 635 968 347 456 588 714 864 632 211 476 200 575 399 894 857 619 814 436 490 668 931 249 702 431 1020 149 679 471 382 761 266 499 1015 1063 485 295 49 219 663 985 821 717 773 676 107 379 645 0 477 1041 189
171 600 423 201 262 22 535 369 257 446 435 633 319 622 130 26 596 824 651 406 498 446 246 752 560 179 516 410 793 595 387 726 766 408 767 387 405 351 719 530 484 529 612 542 466 407 764 457 490 646 589 214 23 184 387 441 650 277 547 483 476 166 476 519 183 874 159 388 421 761 536 236 270 727 328 605 285 132 855 239 163 753 726 564 514 461 413 243 586 357 853 470 604 371 566 649 477 0 629 474
642 791 648 830 718 649 1028 669 382 278 641 696 378 47 744 632 35 992 142 809 143 1004 820 305 800 452 322 318 796 304 463 128 803 764 328 619 265 891 809 1096 193 771 560 1010 964 770 607 656 460 762 113 694 639 687 346 188 772 882 800 947 616 643 153 241 448 921 607 630 441 550 971 554 625 321 907 651 590 669 950 858 747 390 227 811 915 1008 877 666 67 548 997 330 653 950 907 755 1041 629 0 946
634 365 342 436 701 457 83 290 668 676 357 493 758 959 371 449 910 495 898 145 803 164 249 917 306 561 680 840 612 752 853 994 571 201 920 859 681 145 501 218 870 301 586 70 43 194 723 927 559 449 859 279 450 629 603 782 445 288 290 13 412 340 808 737 567 626 373 340 534 761 76 710 322 876 217 502 355 348 574 342 554 863 933 298 107 141 69 700 884 831 533 647 499 207 192 459 189 474 946 0
