# TTSP Euclidean complete-graph matrix instance
# seed: 2034
# depot: 1
# L_max is not stored in this file; pass it with --budget when running algorithms.
# coordinate rows: node x y
# coord 1 77.185209 359.818008
# coord 2 806.432661 49.664457
# coord 3 118.524558 310.597725
# coord 4 192.406458 8.549979
# coord 5 350.854292 195.489625
# coord 6 808.034109 38.503886
# coord 7 492.529196 844.812966
# coord 8 867.580972 799.670637
# coord 9 198.856986 14.057060
# coord 10 480.739456 926.191985
# coord 11 359.161663 6.732320
# coord 12 441.782228 29.699894
# coord 13 184.868361 294.879058
# coord 14 761.826090 138.633565
# coord 15 14.278552 214.929449
# coord 16 585.396934 622.376880
# coord 17 94.112725 113.306262
# coord 18 617.004635 725.830039
# coord 19 743.455572 207.596476
# coord 20 241.528245 453.943390
# coord 21 655.593673 161.351850
# coord 22 390.855303 295.596622
# coord 23 596.200228 323.946886
# coord 24 355.679706 215.624636
# coord 25 338.386435 391.074804
# coord 26 658.176646 927.251733
# coord 27 93.169470 531.263132
# coord 28 516.602338 545.676243
# coord 29 882.927734 80.161877
# coord 30 675.197261 579.927030
# coord 31 666.031742 815.907933
# coord 32 621.905782 861.238904
# coord 33 703.178934 853.970349
# coord 34 384.597682 787.880032
# coord 35 823.490109 740.834852
# coord 36 108.992589 239.731396
# coord 37 5.326950 831.657465
# coord 38 355.924830 100.794620
# coord 39 198.701614 595.251052
# coord 40 845.645725 288.985145
# coord 41 881.489746 547.603407
# coord 42 478.179839 113.870119
# coord 43 613.532974 189.866098
# coord 44 962.702144 403.396047
# coord 45 829.991061 532.418214
# coord 46 964.228410 359.371351
# coord 47 296.942872 885.570605
# coord 48 948.645686 807.612300
# coord 49 458.217237 772.948112
# coord 50 10.570065 754.052732
# coord 51 277.390508 156.067793
# coord 52 873.759336 576.469688
# coord 53 579.401710 330.154506
# coord 54 798.061950 811.035228
# coord 55 884.875357 60.196745
# coord 56 27.455177 106.508133
# coord 57 102.568512 86.989149
# coord 58 855.480904 735.344990
# coord 59 278.685252 806.137019
# coord 60 160.888043 980.111134
# coord 61 990.194428 53.640708
# coord 62 549.428349 950.441401
# coord 63 172.347283 282.212950
# coord 64 71.358743 941.780956
# coord 65 321.301397 118.252595
# coord 66 810.237607 627.414557
# coord 67 377.105134 25.341525
# coord 68 698.031215 985.974993
# coord 69 0.118869 977.967115
# coord 70 993.121817 748.523236
# coord 71 287.738117 603.245188
# coord 72 47.044350 441.133392
# coord 73 157.986217 309.132775
# coord 74 399.522942 714.914724
# coord 75 59.351026 932.991263
# coord 76 245.163889 569.739234
# coord 77 5.899412 178.947020
# coord 78 104.240595 39.009430
# coord 79 565.028783 774.116928
# coord 80 131.980275 620.611443
# coord 81 441.897234 642.759777
# coord 82 734.423350 886.137547
# coord 83 631.700247 911.851210
# coord 84 92.066074 909.697563
# coord 85 406.899743 65.226349
# coord 86 569.389534 440.601959
# coord 87 641.399076 227.158313
# coord 88 110.166637 458.550471
# coord 89 281.855071 361.596109
# coord 90 84.477571 204.346438
# coord 91 471.330220 82.623047
# coord 92 990.735214 717.209275
# coord 93 129.632126 819.019308
# coord 94 307.035808 44.615270
# coord 95 573.633646 737.740469
# coord 96 993.222425 166.255541
# coord 97 724.234858 889.462834
# coord 98 227.155979 376.513259
# coord 99 567.374784 251.119242
# coord 100 564.908715 205.506903
# reference_nearest_neighbor_tour_cost: 9709
TTSP_MATRIX
100
0 100 73 52 82 76 95 52 92 88 62 45 47 85 35 80 51 1 15 37 15 74 96 77 55 62 39 37 22 59 36 50 43 56 39 55 60 78 100 43 19 96 35 75 68 24 48 51 94 12 5 68 84 65 87 48 82 58 66 70 15 68 69 85 56 83 74 18 49 46 2 16 8 38 68 30 11 30 5 72 8 51 53 48 92 78 96 99 67 31 42 98 100 9 86 7 70 16 12 69
0 792 64 370 319 798 639 905 367 695 452 492 126 719 158 572 247 652 683 189 612 320 520 314 263 812 172 477 853 637 745 740 798 527 838 124 477 381 265 772 826 470 563 887 772 887 570 980 562 400 286 826 503 850 861 258 274 864 490 626 963 756 123 582 343 780 449 882 623 995 322 87 95 480 573 269 194 322 640 266 462 842 782 550 442 499 580 104 205 156 482 981 462 390 624 936 836 151 502 512
792 0 736 615 478 11 855 752 609 935 449 365 668 100 809 614 715 702 170 695 188 483 346 480 579 890 861 574 82 546 779 832 811 850 691 723 1120 453 817 243 504 334 238 387 483 348 979 771 803 1063 540 531 361 761 79 781 705 687 922 1132 184 937 675 1156 490 578 430 943 1230 723 759 854 698 780 1157 765 811 702 764 884 696 840 880 1118 400 457 242 807 610 738 337 693 1025 499 726 220 844 665 313 287
64 736 0 311 259 741 652 895 307 714 388 428 68 666 141 561 199 649 633 189 557 273 478 255 234 819 222 462 798 618 745 746 798 546 826 72 533 317 296 727 799 410 510 849 745 847 602 968 574 456 222 801 461 844 806 223 224 851 521 671 909 771 61 633 279 761 385 890 678 978 338 149 39 492 625 288 173 272 644 310 464 843 790 600 379 469 529 148 171 112 420 962 509 326 624 887 838 127 453 459
370 615 311 0 245 616 888 1040 8 962 167 250 286 584 273 729 144 834 586 448 488 349 512 264 409 1030 532 627 694 748 936 955 988 803 967 246 844 188 587 711 875 305 459 866 825 848 883 1100 809 767 170 887 503 1005 694 192 119 984 802 972 799 1007 274 941 169 874 185 1100 988 1090 602 456 303 736 934 564 253 93 851 615 682 1031 1004 907 222 573 499 457 364 224 289 1067 813 120 823 816 1029 370 447 421
319 478 259 245 0 483 665 795 237 742 189 189 193 415 337 487 270 593 393 281 307 108 277 21 196 794 423 387 544 503 696 719 747 593 722 246 724 95 428 504 637 151 263 646 586 635 692 856 587 654 83 647 265 761 551 335 271 739 615 807 655 781 198 797 83 631 172 863 857 848 413 391 224 522 793 389 345 292 617 478 456 790 769 760 142 328 292 357 180 267 165 826 662 157 586 643 788 219 224 214
798 11 741 616 483 0 866 763 610 946 450 366 674 110 813 625 718 713 181 703 196 490 355 486 587 901 868 585 86 557 790 844 822 861 703 727 1128 456 825 253 514 338 246 396 494 357 989 782 813 1071 544 542 371 773 80 784 707 698 932 1143 183 948 681 1166 493 589 431 954 1239 734 768 861 704 790 1166 774 814 704 775 892 707 851 891 1128 402 468 252 815 617 742 340 703 1034 501 737 225 855 672 321 295
639 855 652 888 665 866 0 378 881 82 849 817 630 756 791 241 833 172 685 465 703 559 531 644 479 185 508 300 859 322 176 130 211 122 347 716 487 756 386 659 490 731 666 645 460 677 200 458 80 490 722 466 522 307 877 873 852 379 217 358 935 120 647 432 746 385 828 249 510 510 317 601 632 160 442 370 825 894 101 425 208 245 154 406 784 411 635 544 527 759 762 514 364 821 134 843 236 538 598 643
905 752 895 1040 795 763 378 0 1032 407 942 880 849 669 1034 333 1034 261 605 715 673 694 548 777 669 245 820 433 720 292 202 253 173 483 74 943 863 866 699 511 252 789 661 408 270 451 577 81 410 858 873 223 551 70 740 1089 1046 65 589 729 756 352 867 809 873 182 917 252 886 136 612 895 863 476 819 664 1062 1078 304 757 454 159 261 783 867 467 616 831 731 984 819 148 738 940 300 646 169 768 625 667
367 609 307 8 237 610 881 1032 0 955 160 243 281 577 273 721 144 826 578 442 480 341 504 255 402 1022 528 619 687 740 928 947 980 796 958 243 840 179 581 703 866 297 450 857 817 840 877 1092 802 764 162 879 495 997 688 195 121 975 796 967 792 1000 269 936 161 866 179 1093 984 1082 596 453 298 729 929 558 254 98 844 610 674 1023 997 902 214 565 491 453 357 222 281 1059 808 112 815 809 1021 364 438 413
695 935 714 962 742 946 82 407 955 0 927 897 697 836 851 321 900 242 765 529 785 637 613 721 554 177 553 382 937 397 216 155 234 168 390 781 485 835 435 734 551 812 748 711 526 745 188 483 155 501 797 526 604 338 956 937 920 421 235 324 1010 73 714 410 824 445 907 225 483 542 376 651 696 226 421 427 885 964 174 464 286 257 152 389 864 494 717 597 599 823 844 551 367 899 210 917 246 605 681 726
452 449 388 167 189 450 849 942 160 927 0 86 337 424 403 656 286 764 434 462 334 291 396 209 385 968 588 561 529 655 865 894 914 782 869 342 898 94 610 562 752 160 313 722 706 700 881 994 773 825 170 768 391 916 528 346 269 882 803 993 633 963 333 978 118 767 26 1036 1035 976 601 535 363 709 974 574 393 257 795 655 641 956 945 942 76 482 358 516 363 338 135 951 844 64 762 654 955 393 321 286
492 365 428 250 189 366 817 880 243 897 86 0 369 338 466 610 358 718 350 469 251 271 332 205 376 923 611 521 444 598 818 851 865 760 807 394 913 111 616 480 679 92 235 641 635 618 868 928 743 843 207 697 330 859 444 421 344 818 793 991 549 927 369 984 150 702 65 990 1046 906 594 570 398 687 981 575 461 338 755 667 613 905 902 947 50 430 281 542 368 398 61 880 849 136 720 568 905 408 255 215
126 668 68 286 193 674 630 849 281 697 337 369 0 598 188 517 203 610 565 169 489 206 412 188 181 790 254 416 730 567 709 715 762 532 779 94 566 259 301 661 741 345 441 785 687 782 601 920 551 491 167 744 396 802 738 245 224 802 520 686 841 750 18 657 223 708 331 861 708 927 325 201 30 472 650 281 213 268 612 330 433 807 762 622 319 411 462 180 118 135 357 910 527 278 589 819 803 92 385 390
719 100 666 584 415 110 756 669 577 836 424 338 598 0 751 515 668 605 71 608 109 403 249 413 493 795 775 475 134 450 684 736 718 751 605 661 1026 408 725 172 426 285 157 332 400 299 880 695 703 971 485 452 264 673 146 735 661 604 824 1034 244 839 607 1059 441 491 401 850 1133 652 664 776 627 681 1060 673 757 665 665 793 597 748 784 1021 362 358 149 726 529 681 296 622 929 464 628 233 752 585 225 208
158 809 141 273 337 813 791 1034 273 851 403 466 188 751 0 702 129 790 729 330 644 385 592 341 369 960 326 601 879 755 887 887 940 682 965 98 617 360 423 835 929 475 600 967 875 961 728 1106 713 539 270 932 577 985 884 109 155 989 648 779 989 910 172 729 322 896 409 1031 763 1115 475 229 172 631 719 423 37 198 785 422 605 984 931 699 420 599 627 262 305 71 476 1098 615 339 766 980 979 267 554 551
572 614 561 729 487 625 241 333 721 321 656 610 517 515 702 0 707 108 444 383 466 380 299 467 338 313 501 103 618 99 210 242 260 260 266 611 617 570 388 423 305 520 433 436 261 461 390 408 197 590 559 292 292 284 637 760 721 293 358 555 698 330 535 605 569 225 632 381 685 427 298 568 530 208 611 344 730 756 153 453 145 303 293 571 585 182 399 503 400 652 552 416 496 641 116 612 301 434 372 417
247 715 199 144 270 718 833 1034 144 900 286 358 203 668 129 707 0 805 656 371 564 348 544 281 370 990 418 605 790 745 906 915 959 734 962 127 724 262 493 772 899 384 525 916 847 904 798 1101 753 646 188 907 532 991 793 67 28 983 717 869 898 953 186 829 227 882 296 1061 870 1101 527 331 206 675 820 481 110 75 811 509 633 1004 963 796 316 577 559 346 311 92 378 1081 707 224 787 901 1000 295 493 480
652 702 649 834 593 713 172 261 826 242 764 718 610 605 790 108 805 0 533 464 566 486 402 573 436 206 559 206 698 157 103 135 154 241 207 703 621 677 438 493 319 628 536 473 288 505 358 342 166 607 663 297 397 200 718 855 820 239 348 522 769 235 628 587 676 217 740 272 666 377 351 637 620 218 595 403 820 857 71 496 194 199 187 556 693 289 499 573 495 745 659 374 496 748 45 674 196 523 477 523
683 170 633 586 393 181 685 605 578 765 434 350 565 71 729 444 656 533 0 559 99 363 188 388 445 725 726 407 189 379 613 665 648 682 539 635 967 402 669 131 367 281 131 294 336 268 812 634 633 914 469 391 205 606 204 723 652 540 758 968 291 768 576 995 432 425 409 780 1071 596 604 735 594 613 997 616 738 661 594 738 529 679 713 958 365 291 104 681 487 659 299 566 866 466 557 253 682 543 181 179
189 695 189 448 281 703 465 715 442 529 462 469 169 608 330 383 371 464 559 0 507 218 378 264 115 631 167 290 742 452 558 557 611 363 649 252 445 371 148 626 647 414 456 723 594 729 435 791 386 379 300 644 360 661 754 408 392 675 354 532 849 584 185 517 345 595 450 701 577 807 156 195 167 305 513 116 362 437 455 199 275 656 602 480 422 328 460 131 101 295 437 794 382 415 437 805 650 79 384 408
612 188 557 488 307 196 703 673 480 785 334 251 489 109 644 466 564 566 99 507 0 297 173 305 392 766 673 409 241 419 655 701 694 683 603 552 934 306 630 229 447 184 51 391 410 367 808 710 643 876 378 469 185 665 251 631 558 608 747 957 352 796 498 975 337 491 310 826 1047 677 575 670 519 610 975 579 650 565 619 696 527 729 751 937 267 292 67 621 424 573 200 649 842 368 582 338 731 479 126 101
320 483 273 349 108 490 559 694 341 637 291 271 206 403 385 380 348 486 363 218 297 0 207 87 109 686 380 280 537 402 589 611 640 492 621 287 660 198 356 455 552 202 247 582 499 577 597 757 482 596 180 559 192 657 547 410 356 640 523 722 646 674 219 721 190 535 271 756 786 754 324 373 233 419 718 310 402 385 509 416 351 683 662 683 231 230 260 325 127 320 228 733 585 265 478 616 681 183 182 196
520 346 478 512 277 355 531 548 504 613 396 332 412 249 592 299 544 402 188 378 173 207 0 264 266 606 544 236 376 268 497 538 541 510 475 494 779 328 481 252 363 241 135 375 313 370 636 598 470 727 360 375 18 527 391 609 548 486 577 787 478 628 426 811 343 371 370 670 885 581 416 562 438 438 812 429 608 569 451 551 354 579 589 773 321 120 107 504 317 526 272 557 680 402 414 427 580 373 78 123
314 480 255 264 21 486 644 777 255 721 209 205 188 413 341 467 281 573 388 264 305 87 264 0 176 773 411 367 544 485 676 698 727 573 703 248 709 115 411 495 622 159 259 635 570 625 673 838 567 640 98 631 251 742 552 346 284 721 596 789 655 760 195 780 103 613 191 843 841 831 394 382 219 501 776 371 352 307 596 463 436 770 749 742 159 310 286 345 164 271 176 809 644 178 566 639 768 206 215 209
263 579 234 409 196 587 479 669 402 554 385 376 181 493 369 338 370 436 445 115 392 109 266 176 0 624 282 236 627 386 537 549 589 399 598 275 552 291 247 517 565 310 341 624 512 627 496 739 400 489 243 567 249 623 639 421 385 621 419 615 734 598 199 612 273 528 368 695 677 746 218 296 198 330 610 202 394 423 445 309 272 634 598 574 333 236 345 238 64 315 336 729 476 348 419 692 630 112 268 293
812 890 819 1030 794 901 185 245 1022 177 968 923 790 795 960 313 990 206 725 631 766 686 606 773 624 0 690 407 876 348 112 75 86 307 249 880 660 880 567 665 440 833 739 606 431 645 364 314 253 670 860 412 602 182 896 1035 1007 275 398 500 935 111 808 587 876 336 945 71 660 380 492 781 795 335 599 546 993 1047 179 609 357 87 31 566 898 495 700 721 679 923 865 393 540 950 208 831 76 699 682 728
172 861 222 532 423 868 508 820 528 553 588 611 254 775 326 501 418 559 726 167 673 380 544 411 282 690 0 424 910 584 640 623 690 388 760 292 313 504 123 791 788 568 622 879 737 888 409 899 438 238 418 782 526 758 921 430 444 789 332 454 1016 620 261 411 472 723 580 757 456 926 207 101 231 357 403 157 363 492 531 97 366 733 659 378 562 485 627 75 254 327 587 917 290 532 523 971 726 205 551 573
477 574 462 627 387 585 300 433 619 382 561 521 416 475 601 103 605 206 407 290 409 280 236 367 236 407 424 0 592 162 309 333 360 276 364 510 586 473 322 417 365 434 369 468 314 485 405 505 235 547 457 358 224 387 609 657 618 388 353 561 683 406 434 596 470 305 539 476 674 518 236 481 430 206 599 273 629 653 234 392 122 404 384 559 493 118 342 416 298 551 465 504 474 543 200 609 402 335 299 344
853 82 798 694 544 86 859 720 687 937 529 444 730 134 879 618 790 698 189 742 241 537 376 544 627 876 910 592 0 541 767 824 794 866 663 790 1155 527 856 212 467 406 291 333 455 291 996 730 813 1102 610 496 393 736 20 856 780 656 945 1154 110 932 739 1184 563 552 509 924 1259 677 792 910 760 798 1186 804 883 780 763 925 715 820 869 1146 476 478 283 860 664 808 412 646 1055 577 727 140 825 720 359 342
637 546 618 748 503 557 322 292 740 397 655 598 567 450 755 99 745 157 379 452 419 402 268 485 386 348 584 162 541 0 236 286 275 357 219 661 716 576 477 337 209 506 395 337 162 364 486 356 290 687 581 199 268 262 560 802 756 238 457 652 613 391 584 704 582 143 630 407 784 360 388 643 584 307 710 430 780 787 223 545 242 312 335 670 580 175 354 578 450 700 537 344 596 650 188 522 313 492 346 390
745 779 745 936 696 790 176 202 928 216 865 818 709 684 887 210 906 103 613 558 655 589 497 676 537 112 640 309 767 236 0 63 53 283 174 801 661 779 517 557 344 727 628 508 327 545 376 283 212 658 766 317 493 132 787 954 921 206 387 531 828 178 727 608 778 237 842 173 685 334 434 724 718 285 618 488 917 959 109 569 283 98 102 582 794 388 589 661 595 844 759 339 536 851 121 727 94 621 573 619
740 832 746 955 719 844 130 253 947 155 894 851 715 736 887 242 915 135 665 557 701 611 538 698 549 75 623 333 824 286 63 0 82 248 235 806 617 806 500 614 407 761 671 571 389 607 326 331 186 621 785 380 533 183 843 961 932 265 348 476 888 115 733 556 801 300 871 146 633 388 422 712 721 266 567 476 919 972 104 546 283 115 52 532 825 424 634 651 604 849 793 396 494 875 133 788 106 625 613 658
798 811 798 988 747 822 211 173 980 234 914 865 762 718 940 260 959 154 648 611 694 640 541 727 589 86 690 360 794 275 53 82 0 325 165 855 698 829 567 583 354 774 670 520 346 559 407 250 258 700 818 326 538 104 814 1008 974 193 427 557 850 182 780 638 829 251 890 132 714 309 485 775 771 334 649 539 970 1011 160 617 336 45 92 614 843 434 630 713 648 897 805 318 575 901 174 746 41 674 618 663
527 850 546 803 593 861 122 483 796 168 782 760 532 751 682 260 734 241 682 363 683 492 510 573 399 307 388 276 866 357 283 248 325 0 441 614 382 688 268 679 552 680 640 694 513 721 131 564 75 376 641 533 497 414 883 769 756 474 107 295 952 232 548 349 673 455 763 371 429 610 208 484 530 74 356 259 717 800 181 303 156 363 276 317 723 393 617 429 438 656 711 610 257 747 196 870 355 440 567 610
838 691 826 967 722 703 347 74 958 390 869 807 779 605 965 266 962 207 539 649 603 621 475 703 598 249 760 364 663 219 174 235 165 441 0 873 823 793 642 452 202 716 590 365 209 407 546 142 367 813 800 172 478 75 683 1018 973 32 549 704 707 345 796 779 800 114 843 275 857 170 553 832 793 425 788 603 992 1005 261 702 394 170 257 751 794 393 545 767 661 913 746 169 698 867 250 599 179 699 553 595
124 723 72 246 246 727 716 943 243 781 342 394 94 661 98 611 127 703 635 252 552 287 494 248 275 880 292 510 790 661 801 806 855 614 873 0 601 283 367 738 832 390 507 869 778 864 673 1014 637 524 188 836 479 895 796 156 153 896 591 742 901 836 76 703 245 801 343 951 746 1020 405 211 85 557 695 357 120 201 703 382 523 899 851 670 345 502 533 219 212 43 395 1003 580 278 681 887 895 181 459 457
477 1120 533 844 724 1128 487 863 840 485 898 913 566 1026 617 617 724 621 967 445 934 660 779 709 552 660 313 586 1155 716 661 617 698 382 823 601 0 811 305 1000 921 860 884 1049 877 1069 297 944 457 78 728 905 762 793 1170 725 751 856 275 215 1255 557 574 128 780 830 888 710 146 991 363 393 544 411 115 355 653 799 563 246 476 731 631 117 865 686 878 388 545 632 882 992 125 843 576 1191 721 506 808 840
381 453 317 188 95 456 756 866 179 835 94 111 259 408 360 570 262 677 402 371 306 198 328 115 291 880 504 473 527 576 779 806 829 688 793 283 811 0 519 525 690 123 273 678 641 661 787 922 680 739 96 703 320 837 531 329 254 808 710 901 636 871 258 888 39 696 78 949 947 909 507 460 287 616 883 482 359 259 705 566 549 872 857 851 62 401 312 434 271 291 117 885 753 74 673 641 870 304 259 234
265 817 296 587 428 825 386 699 581 435 610 616 301 725 423 388 493 438 669 148 630 356 481 411 247 567 123 322 856 477 517 500 567 268 642 367 305 519 0 716 684 557 580 788 634 801 306 779 315 246 446 675 464 637 870 518 517 672 226 387 959 499 314 369 493 612 597 634 431 809 89 216 289 234 365 53 459 564 408 71 248 610 536 332 569 402 576 163 248 407 581 801 234 561 401 903 602 221 504 535
772 243 727 711 504 253 659 511 703 734 562 480 661 172 835 423 772 493 131 626 229 455 252 495 517 665 791 417 212 337 557 614 583 679 452 738 1000 525 716 0 261 407 252 164 244 138 811 529 620 956 584 289 269 524 232 838 770 446 767 973 276 725 673 1013 551 340 538 712 1091 483 640 813 688 617 1016 663 847 782 560 787 537 607 659 976 493 315 213 755 568 766 427 452 891 591 525 192 613 625 281 293
826 504 799 875 637 514 490 252 866 551 752 679 741 426 929 305 899 319 367 647 447 552 363 622 565 440 788 365 467 209 344 407 354 552 202 832 921 690 684 261 0 592 447 166 54 206 675 269 480 895 720 30 372 276 487 961 905 190 656 840 506 522 757 901 706 107 726 475 981 230 596 841 762 510 908 637 950 929 389 753 450 369 442 869 677 330 400 776 628 868 620 202 799 764 362 397 376 676 432 466
470 334 410 305 151 338 731 789 297 812 160 92 345 285 475 520 384 628 281 414 184 202 241 159 310 833 568 434 406 506 727 761 774 680 716 390 860 123 557 407 592 0 155 564 547 545 793 838 659 793 205 609 239 767 410 451 377 727 720 923 516 840 349 922 157 612 134 899 988 817 525 541 375 606 920 512 477 381 666 614 530 814 813 885 86 339 199 504 316 404 32 792 787 185 631 518 814 363 164 126
563 238 510 459 263 246 666 661 450 748 313 235 441 157 600 433 525 536 131 456 51 247 135 259 341 739 622 369 291 395 628 671 670 640 590 507 884 273 580 252 447 155 0 409 405 390 764 703 603 826 338 466 144 648 301 592 521 597 701 911 401 763 451 927 301 480 288 801 999 675 526 620 471 567 927 529 608 531 586 646 484 707 722 889 241 255 47 571 373 529 178 648 794 339 549 380 708 429 77 51
887 387 849 866 646 396 645 408 857 711 722 641 785 332 967 436 916 473 294 723 391 582 375 635 624 606 879 468 333 337 508 571 520 694 365 869 1049 678 788 164 166 564 409 0 185 44 822 404 625 1015 729 195 390 440 352 981 916 349 794 988 351 686 800 1041 702 271 697 640 1121 346 704 916 810 644 1047 737 983 933 544 859 573 534 607 1007 651 395 366 854 682 900 587 315 931 747 513 239 541 736 424 444
772 483 745 825 586 494 460 270 817 526 706 635 687 400 875 261 847 288 336 594 410 499 313 570 512 431 737 314 455 162 327 389 346 513 209 778 877 641 634 244 54 547 405 185 0 219 639 300 443 849 669 62 322 280 475 909 853 205 616 805 505 503 704 862 656 97 680 472 942 271 547 788 708 468 869 586 897 878 359 704 403 366 428 829 630 276 359 724 574 815 575 245 757 715 328 401 372 623 385 421
887 348 847 848 635 357 677 451 840 745 700 618 782 299 961 461 904 505 268 729 367 577 370 625 627 645 888 485 291 364 545 607 559 721 407 864 1069 661 801 138 206 545 390 44 219 0 850 449 654 1032 716 235 386 481 310 970 904 391 818 1015 307 722 796 1066 687 309 675 681 1145 390 719 921 808 667 1071 749 975 918 576 872 594 575 645 1031 630 403 349 860 682 893 565 359 953 729 544 195 582 737 411 428
570 979 602 883 692 989 200 577 877 188 881 868 601 880 728 390 798 358 812 435 808 597 636 673 496 364 409 405 996 486 376 326 407 131 546 673 297 787 306 811 675 793 764 822 639 850 0 656 197 315 730 654 623 507 1013 824 822 578 82 166 1083 261 616 232 768 575 864 413 311 710 282 510 593 199 242 320 764 868 290 312 283 437 336 206 828 522 743 466 524 714 822 714 180 841 314 1001 427 514 690 731
980 771 968 1100 856 782 458 81 1092 483 994 928 920 695 1106 408 1101 342 634 791 710 757 598 838 739 314 899 505 730 356 283 331 250 564 142 1014 944 922 779 529 269 838 703 404 300 449 656 0 492 940 935 243 604 151 750 1158 1111 118 670 806 755 424 937 887 932 227 969 308 964 74 692 973 935 557 898 743 1133 1142 385 838 533 228 334 863 919 528 657 908 802 1054 868 100 819 997 381 643 239 840 675 714
562 803 574 809 587 813 80 410 802 155 773 743 551 703 713 197 753 166 633 386 643 482 470 567 400 253 438 235 813 290 212 186 258 75 367 637 457 680 315 620 480 659 603 625 443 654 197 492 0 448 643 460 459 342 831 794 773 399 183 362 895 200 568 422 669 381 752 321 502 535 241 528 553 83 430 294 747 815 107 360 131 298 222 391 710 350 576 469 448 680 690 535 332 744 121 809 290 459 533 577
400 1063 456 767 654 1071 490 858 764 501 825 843 491 971 539 590 646 607 914 379 876 596 727 640 489 670 238 547 1102 687 658 621 700 376 813 524 78 739 246 956 895 793 826 1015 849 1032 315 940 448 0 655 881 709 790 1116 648 673 845 273 271 1204 574 499 197 708 810 816 726 224 983 316 315 469 391 185 298 575 721 555 180 445 736 641 176 795 641 822 312 477 555 814 981 136 769 563 1145 726 435 750 780
286 540 222 170 83 544 722 873 162 797 170 207 167 485 270 559 188 663 469 300 378 180 360 98 243 860 418 457 610 581 766 785 818 641 800 188 728 96 446 584 720 205 338 729 669 716 730 935 643 655 0 730 349 837 615 255 188 818 650 832 720 840 164 812 58 711 164 930 867 929 447 366 194 572 807 415 272 209 682 487 514 861 835 776 158 408 371 346 206 199 207 908 679 115 653 716 859 226 305 292
826 531 801 887 647 542 466 223 879 526 768 697 744 452 932 292 907 297 391 644 469 559 375 631 567 412 782 358 496 199 317 380 326 533 172 836 905 703 675 289 30 609 466 195 62 235 654 243 460 881 730 0 384 246 516 968 913 160 638 819 536 495 761 882 718 81 742 446 961 209 587 838 764 494 889 629 955 939 367 743 437 340 414 850 692 333 420 773 630 873 637 183 783 777 341 427 347 677 447 483
503 361 461 503 265 371 522 551 495 604 391 330 396 264 577 292 532 397 205 360 185 192 18 251 249 602 526 224 393 268 493 533 538 497 478 479 762 320 464 269 372 239 144 390 322 386 623 604 459 709 349 384 0 528 408 596 535 490 563 773 495 621 410 795 334 376 366 666 869 588 400 544 422 425 796 411 593 557 444 533 342 577 584 757 316 111 120 486 299 511 270 565 664 395 408 445 578 355 80 125
850 761 844 1005 761 773 307 70 997 338 916 859 802 673 985 284 991 200 606 661 665 657 527 742 623 182 758 387 736 262 132 183 104 414 75 895 793 837 637 524 276 767 648 440 280 481 507 151 342 790 837 246 528 0 756 1044 1004 95 519 659 781 285 819 738 841 184 891 202 815 205 551 837 813 410 749 603 1013 1038 236 693 394 98 195 713 842 435 605 773 684 937 798 214 668 910 236 674 108 717 606 649
861 79 806 694 551 80 877 740 688 956 528 444 738 146 884 637 793 718 204 754 251 547 391 552 639 896 921 609 20 560 787 843 814 883 683 796 1170 531 870 232 487 410 301 352 475 310 1013 750 831 1116 615 516 408 756 0 859 783 676 961 1171 106 951 746 1200 567 572 509 944 1275 697 807 920 768 815 1201 818 887 781 782 939 732 840 888 1162 478 494 295 871 674 813 414 665 1071 578 746 152 845 730 370 351
258 781 223 192 335 784 873 1089 195 937 346 421 245 735 109 760 67 855 723 408 631 410 609 346 421 1035 430 657 856 802 954 961 1008 769 1018 156 725 329 518 838 961 451 592 981 909 970 824 1158 794 648 255 968 596 1044 859 0 78 1040 743 884 964 992 228 836 294 940 359 1106 872 1160 561 335 241 713 827 512 76 102 857 525 678 1052 1007 806 382 637 626 362 360 113 445 1141 720 286 835 968 1048 336 559 546
274 705 224 119 271 707 852 1046 121 920 269 344 224 661 155 721 28 820 652 392 558 356 548 284 385 1007 444 618 780 756 921 932 974 756 973 153 751 254 517 770 905 377 521 916 853 904 822 1111 773 673 188 913 535 1004 783 78 0 994 740 895 888 972 207 855 221 890 281 1078 897 1109 548 358 229 695 847 503 133 48 828 534 651 1019 980 823 305 586 557 372 328 119 369 1089 733 209 803 894 1015 315 493 477
864 687 851 984 739 698 379 65 975 421 882 818 802 604 989 293 983 239 540 675 608 640 486 721 621 275 789 388 656 238 206 265 193 474 32 896 856 808 672 446 190 727 597 349 205 391 578 118 399 845 818 160 490 95 676 1040 994 0 581 736 695 374 820 811 816 117 856 296 889 138 583 860 817 456 820 632 1016 1024 293 733 424 193 285 783 806 411 551 795 685 936 757 136 731 882 282 586 202 724 563 604
490 922 521 802 615 932 217 589 796 235 803 793 520 824 648 358 717 348 758 354 747 523 577 596 419 398 332 353 945 457 387 348 427 107 549 591 275 710 226 767 656 720 701 794 616 818 82 670 183 273 650 638 563 519 961 743 740 581 0 210 1036 307 535 248 689 561 787 456 327 717 203 432 511 151 253 239 684 787 288 237 231 463 369 213 752 467 683 386 445 632 749 718 150 762 303 959 453 433 626 665
626 1132 671 972 807 1143 358 729 967 324 993 991 686 1034 779 555 869 522 968 532 957 722 787 789 615 500 454 561 1154 652 531 476 557 295 704 742 215 901 387 973 840 923 911 988 805 1015 166 806 362 271 832 819 773 659 1171 884 895 736 210 0 1243 390 698 97 877 739 979 537 161 864 398 551 671 357 112 419 816 943 454 361 439 581 476 98 947 677 893 524 630 780 950 870 164 947 479 1164 571 607 835 874
963 184 909 799 655 183 935 756 792 1010 633 549 841 244 989 698 898 769 291 849 352 646 478 655 734 935 1016 683 110 613 828 888 850 952 707 901 1255 636 959 276 506 516 401 351 505 307 1083 755 895 1204 720 536 495 781 106 964 888 695 1036 1243 0 999 849 1278 672 601 614 977 1354 695 892 1020 871 887 1281 906 992 886 837 1029 805 871 930 1241 583 572 390 969 772 918 520 664 1152 683 801 113 877 829 467 452
756 937 771 1007 781 948 120 352 1000 73 963 927 750 839 910 330 953 235 768 584 796 674 628 760 598 111 620 406 932 391 178 115 182 232 345 836 557 871 499 725 522 840 763 686 503 722 261 424 200 574 840 495 621 285 951 992 972 374 307 390 999 0 767 478 863 415 941 153 550 487 435 715 751 279 490 487 944 1014 177 532 326 196 91 459 897 510 729 659 647 879 871 499 440 938 214 901 185 658 700 745
123 675 61 274 198 681 647 867 269 714 333 369 18 607 172 535 186 628 576 185 498 219 426 195 199 808 261 434 739 584 727 733 780 548 796 76 574 258 314 673 757 349 451 800 704 796 616 937 568 499 164 761 410 819 746 228 207 820 535 698 849 767 0 667 222 725 328 878 717 944 341 202 31 489 661 297 196 253 629 341 450 825 779 633 320 427 472 187 135 117 359 927 539 273 607 829 821 109 396 400
582 1156 633 941 797 1166 432 809 936 410 978 984 657 1059 729 605 829 587 995 517 975 721 811 780 612 587 411 596 1184 704 608 556 638 349 779 703 128 888 369 1013 901 922 927 1041 862 1066 232 887 422 197 812 882 795 738 1200 836 855 811 248 97 1278 478 667 0 861 803 966 628 80 942 402 501 639 399 15 411 766 903 521 327 476 665 561 38 939 707 914 485 617 738 948 946 136 928 542 1205 655 586 850 886
343 490 279 169 83 493 746 873 161 824 118 150 223 441 322 569 227 676 432 345 337 190 343 103 273 876 472 470 563 582 778 801 829 673 800 245 780 39 493 551 706 157 301 702 656 687 768 932 669 708 58 718 334 841 567 294 221 816 689 877 672 863 222 861 0 706 108 946 918 921 486 424 251 602 856 458 321 231 700 537 538 872 852 824 101 407 338 400 247 252 154 898 727 75 669 674 870 275 280 259
780 578 761 874 631 589 385 182 866 445 767 702 708 491 896 225 882 217 425 595 491 535 371 613 528 336 723 305 552 143 237 300 251 455 114 801 830 696 612 340 107 612 480 271 97 309 575 227 381 810 711 81 376 184 572 940 890 117 561 739 601 415 725 803 706 0 742 376 883 219 523 786 726 420 811 568 921 919 286 678 369 270 336 772 692 305 434 720 591 840 642 202 707 770 261 496 276 635 448 488
449 430 385 185 172 431 828 917 179 907 26 65 331 401 409 632 296 740 409 450 310 271 370 191 368 945 580 539 509 630 842 871 890 763 843 343 888 78 597 538 726 134 288 697 680 675 864 969 752 816 164 742 366 891 509 359 281 856 787 979 614 941 328 966 108 742 0 1013 1025 950 585 531 359 690 962 560 402 273 772 644 621 932 922 929 50 458 333 509 349 343 110 925 831 73 739 632 931 382 295 260
882 943 890 1100 863 954 249 252 1093 225 1036 990 861 850 1031 381 1061 272 780 701 826 756 670 843 695 71 757 476 924 407 173 146 132 371 275 951 710 949 634 712 475 899 801 640 472 681 413 308 321 726 930 446 666 202 944 1106 1078 296 456 537 977 153 878 628 946 376 1013 0 698 379 561 849 866 403 641 615 1063 1118 250 674 428 106 99 611 966 560 761 790 750 994 931 397 592 1019 278 871 100 770 746 792
623 1230 678 988 857 1239 510 886 984 483 1035 1046 708 1133 763 685 870 666 1071 577 1047 786 885 841 677 660 456 674 1259 784 685 633 714 429 857 746 146 947 431 1091 981 988 999 1121 942 1145 311 964 502 224 867 961 869 815 1275 872 897 889 327 161 1354 550 717 80 918 883 1025 698 0 1019 472 539 687 478 74 476 799 945 601 381 555 740 635 115 999 783 987 531 678 778 1012 1024 205 983 622 1283 730 643 922 957
995 723 978 1090 848 734 510 136 1082 542 976 906 927 652 1115 427 1101 377 596 807 677 754 581 831 746 380 926 518 677 360 334 388 309 610 170 1020 991 909 809 483 230 817 675 346 271 390 710 74 535 983 929 209 588 205 697 1160 1109 138 717 864 695 487 944 942 921 219 950 379 1019 0 720 995 944 595 952 769 1140 1137 429 871 561 293 397 915 900 524 629 929 810 1059 846 31 866 983 420 582 304 852 655 692
322 759 338 602 413 768 317 612 596 376 601 594 325 664 475 298 527 351 604 156 575 324 416 394 218 492 207 236 792 388 434 422 485 208 553 405 363 507 89 640 596 525 526 704 547 719 282 692 241 316 447 587 400 551 807 561 548 583 203 398 892 435 341 402 486 523 585 561 472 720 0 290 321 158 401 54 509 593 326 157 159 529 462 364 551 325 516 229 242 448 552 712 267 559 316 830 522 235 450 485
87 854 149 456 391 861 601 895 453 651 535 570 201 776 229 568 331 637 735 195 670 373 562 382 296 781 101 481 910 643 724 712 775 484 832 211 393 460 216 813 841 541 620 916 788 921 510 973 528 315 366 838 544 837 920 335 358 860 432 551 1020 715 202 501 424 786 531 849 539 995 290 0 172 446 492 236 265 406 616 199 443 819 751 471 520 522 632 65 248 240 555 983 387 474 604 985 812 191 554 569
95 698 39 303 224 704 632 863 298 696 363 398 30 627 172 530 206 620 594 167 519 233 438 219 198 795 231 430 760 584 718 721 771 530 793 85 544 287 289 688 762 375 471 810 708 808 593 935 553 469 194 764 422 813 768 241 229 817 511 671 871 751 31 639 251 726 359 866 687 944 321 172 0 472 632 275 200 275 618 313 438 816 767 604 348 432 490 157 135 128 387 927 511 304 597 847 811 97 413 420
480 780 492 736 522 790 160 476 729 226 709 687 472 681 631 208 675 218 613 305 610 419 438 501 330 335 357 206 798 307 285 266 334 74 425 557 411 616 234 617 510 606 567 644 468 667 199 557 83 391 572 494 425 410 815 713 695 456 151 357 887 279 489 399 602 420 690 403 478 595 158 446 472 0 404 212 665 738 176 284 84 376 304 364 650 323 544 387 372 600 636 591 289 677 176 808 369 380 493 536
573 1157 625 934 793 1166 442 819 929 421 974 981 650 1060 719 611 820 595 997 513 975 718 812 776 610 599 403 599 1186 710 618 567 649 356 788 695 115 883 365 1016 908 920 927 1047 869 1071 242 898 430 185 807 889 796 749 1201 827 847 820 253 112 1281 490 661 15 856 811 962 641 74 952 401 492 632 404 0 408 756 895 530 321 480 677 573 40 935 709 915 477 613 729 945 956 134 922 550 1208 666 581 850 886
269 765 288 564 389 774 370 664 558 427 574 575 281 673 423 344 481 403 616 116 579 310 429 371 202 546 157 273 804 430 488 476 539 259 603 357 355 482 53 663 637 512 529 737 586 749 320 743 294 298 415 629 411 603 818 512 503 632 239 419 906 487 297 411 458 568 560 615 476 769 54 236 275 212 408 0 458 549 380 124 210 583 516 373 530 349 524 175 211 399 537 760 275 529 369 850 576 194 453 485
194 811 173 253 345 814 825 1062 254 885 393 461 213 757 37 730 110 820 738 362 650 402 608 352 394 993 363 629 883 780 917 919 970 717 992 120 653 359 459 847 950 477 608 983 897 975 764 1133 747 575 272 955 593 1013 887 76 133 1016 684 816 992 944 196 766 321 921 402 1063 799 1140 509 265 200 665 756 458 0 171 817 459 637 1015 964 736 417 621 637 298 331 83 475 1122 652 330 797 987 1010 297 566 560
322 702 272 93 292 704 894 1078 98 964 257 338 268 665 198 756 75 857 661 437 565 385 569 307 423 1047 492 653 780 787 959 972 1011 800 1005 201 799 259 564 782 929 381 531 933 878 918 868 1142 815 721 209 939 557 1038 781 102 48 1024 787 943 886 1014 253 903 231 919 273 1118 945 1137 593 406 275 738 895 549 171 0 868 582 692 1056 1020 871 304 615 569 420 368 167 370 1116 780 203 842 898 1052 359 509 490
640 764 644 851 617 775 101 304 844 174 795 755 612 665 785 153 811 71 594 455 619 509 451 596 445 179 531 234 763 223 109 104 160 181 261 703 563 705 408 560 389 666 586 544 359 576 290 385 107 555 682 367 444 236 782 857 828 293 288 454 837 177 629 521 700 286 772 250 601 429 326 616 618 176 530 380 817 868 0 459 180 203 153 492 726 334 552 554 500 745 698 429 438 774 37 744 197 522 523 569
266 884 310 615 478 892 425 757 610 464 655 667 330 793 422 453 509 496 738 199 696 416 551 463 309 609 97 392 925 545 569 546 617 303 702 382 246 566 71 787 753 614 646 859 704 872 312 838 360 180 487 743 533 693 939 525 534 733 237 361 1029 532 341 327 537 678 644 674 381 871 157 199 313 284 321 124 459 582 459 0 311 658 578 292 620 473 644 164 299 419 636 864 198 602 457 974 650 262 571 600
462 696 464 682 456 707 208 454 674 286 641 613 433 597 605 145 633 194 529 275 527 351 354 436 272 357 366 122 715 242 283 283 336 156 394 523 476 549 248 537 450 530 484 573 403 594 283 533 131 445 514 437 342 394 732 678 651 424 231 439 805 326 450 476 538 369 621 428 555 561 159 443 438 84 480 210 637 692 180 311 0 381 329 440 579 239 461 379 324 566 561 554 359 613 162 729 375 342 411 454
842 840 843 1031 790 851 245 159 1023 257 956 905 807 748 984 303 1004 199 679 656 729 683 579 770 634 87 733 404 820 312 98 115 45 363 170 899 731 872 610 607 369 814 707 534 366 575 437 228 298 736 861 340 577 98 840 1052 1019 193 463 581 871 196 825 665 872 270 932 106 740 293 529 819 816 376 677 583 1015 1056 203 658 381 0 106 643 884 475 666 757 693 942 845 307 609 944 219 765 11 719 657 701
782 880 790 1004 769 891 154 261 997 152 945 902 762 784 931 293 963 187 713 602 751 662 589 749 598 31 659 384 869 335 102 52 92 276 257 851 631 857 536 659 442 813 722 607 428 645 336 334 222 641 835 414 584 195 888 1007 980 285 369 476 930 91 779 561 852 336 922 99 635 397 462 751 767 304 573 516 964 1020 153 578 329 106 0 540 876 475 685 691 652 894 845 408 511 926 184 829 95 671 664 709
550 1118 600 907 760 1128 406 783 902 389 942 947 622 1021 699 571 796 556 958 480 937 683 773 742 574 566 378 559 1146 670 582 532 614 317 751 670 117 851 332 976 869 885 889 1007 829 1031 206 863 391 176 776 850 757 713 1162 806 823 783 213 98 1241 459 633 38 824 772 929 611 115 915 364 471 604 364 40 373 736 871 492 292 440 643 540 0 901 669 876 452 580 705 910 919 98 891 511 1168 632 550 812 848
442 400 379 222 142 402 784 867 214 864 76 50 319 362 420 585 316 693 365 422 267 231 321 159 333 898 562 493 476 580 794 825 843 723 794 345 865 62 569 493 677 86 241 651 630 630 828 919 710 795 158 692 316 842 478 382 305 806 752 947 583 897 320 939 101 692 50 966 999 900 551 520 348 650 935 530 417 304 726 620 579 884 876 901 0 409 285 493 322 351 67 875 803 102 693 595 883 359 246 211
499 457 469 573 328 468 411 467 565 494 482 430 411 358 599 182 577 289 291 328 292 230 120 310 236 495 485 118 478 175 388 424 434 393 393 502 686 401 402 315 330 339 255 395 276 403 522 528 350 641 408 333 111 435 494 637 586 411 467 677 572 510 427 707 407 305 458 560 783 524 325 522 432 323 709 349 621 615 334 473 239 475 475 669 409 0 225 460 298 539 371 504 580 475 297 505 475 348 189 235
580 242 529 499 292 252 635 616 491 717 358 281 462 149 627 399 559 499 104 460 67 260 107 286 345 700 627 342 283 354 589 634 630 617 545 533 878 312 576 213 400 199 47 366 359 349 743 657 576 822 371 420 120 605 295 626 557 551 683 893 390 729 472 914 338 434 333 761 987 629 516 632 490 544 915 524 637 569 552 644 461 666 685 876 285 225 0 579 384 557 223 602 782 381 515 357 667 440 78 79
104 807 148 457 357 815 544 831 453 597 516 542 180 726 262 503 346 573 681 131 621 325 504 345 238 721 75 416 860 578 661 651 713 429 767 219 388 434 163 755 776 504 571 854 724 860 466 908 469 312 346 773 486 773 871 362 372 795 386 524 969 659 187 485 400 720 509 790 531 929 229 65 157 387 477 175 298 420 554 164 379 757 691 452 493 460 579 0 197 255 521 918 361 458 541 930 750 143 502 520
205 610 171 364 180 617 527 731 357 599 363 368 118 529 305 400 311 495 487 101 424 127 317 164 64 679 254 298 664 450 595 604 648 438 661 212 545 271 248 568 628 316 373 682 574 682 524 802 448 477 206 630 299 684 674 360 328 685 445 630 772 647 135 617 247 591 349 750 678 810 242 248 135 372 613 211 331 368 500 299 324 693 652 580 322 298 384 197 0 252 337 793 482 318 476 738 689 57 306 323
156 738 112 224 267 742 759 984 222 823 338 398 135 681 71 652 92 745 659 295 573 320 526 271 315 923 327 551 808 700 844 849 897 656 913 43 632 291 407 766 868 404 529 900 815 893 714 1054 680 555 199 873 511 937 813 113 119 936 632 780 918 879 117 738 252 840 343 994 778 1059 448 240 128 600 729 399 83 167 745 419 566 942 894 705 351 539 557 255 252 0 406 1041 616 274 724 910 937 224 485 480
482 337 420 289 165 340 762 819 281 844 135 61 357 296 476 552 378 659 299 437 200 228 272 176 336 865 587 465 412 537 759 793 805 711 746 395 882 117 581 427 620 32 178 587 575 565 822 868 690 814 207 637 270 798 414 445 369 757 749 950 520 871 359 948 154 642 110 931 1012 846 552 555 387 636 945 537 475 370 698 636 561 845 845 910 67 371 223 521 337 406 0 820 812 169 663 529 846 382 194 154
981 693 962 1067 826 703 514 148 1059 551 951 880 910 622 1098 416 1081 374 566 794 649 733 557 809 729 393 917 504 646 344 339 396 318 610 169 1003 992 885 801 452 202 792 648 315 245 359 714 100 535 981 908 183 565 214 665 1141 1089 136 718 870 664 499 927 946 898 202 925 397 1024 31 712 983 927 591 956 760 1122 1116 429 864 554 307 408 919 875 504 602 918 793 1041 820 0 867 959 418 551 317 836 630 666
462 1025 509 813 662 1034 364 738 808 367 844 849 527 929 615 496 707 496 866 382 842 585 680 644 476 540 290 474 1055 596 536 494 575 257 698 580 125 753 234 891 799 787 794 931 757 953 180 819 332 136 679 783 664 668 1071 720 733 731 150 164 1152 440 539 136 727 707 831 592 205 866 267 387 511 289 134 275 652 780 438 198 359 609 511 98 803 580 782 361 482 616 812 867 0 794 451 1083 599 453 717 752
390 499 326 120 157 501 821 940 112 899 64 136 278 464 339 641 224 748 466 415 368 265 402 178 348 950 532 543 577 650 851 875 901 747 867 278 843 74 561 591 764 185 339 747 715 729 841 997 744 769 115 777 395 910 578 286 209 882 762 947 683 938 273 928 75 770 73 1019 983 983 559 474 304 677 922 529 330 203 774 602 613 944 926 891 102 475 381 458 318 274 169 959 794 0 743 697 942 341 332 304
624 726 624 823 586 737 134 300 815 210 762 720 589 628 766 116 787 45 557 437 582 478 414 566 419 208 523 200 727 188 121 133 174 196 250 681 576 673 401 525 362 631 549 513 328 544 314 381 121 563 653 341 408 236 746 835 803 282 303 479 801 214 607 542 669 261 739 278 622 420 316 604 597 176 550 369 797 842 37 457 162 219 184 511 693 297 515 541 476 724 663 418 451 743 0 709 214 501 487 532
936 220 887 816 643 225 843 646 809 917 654 568 819 233 980 612 901 674 253 805 338 616 427 639 692 831 971 609 140 522 727 788 746 870 599 887 1191 641 903 192 397 518 380 239 401 195 1001 643 809 1145 716 427 445 674 152 968 894 586 959 1164 113 901 829 1205 674 496 632 871 1283 582 830 985 847 808 1208 850 987 898 744 974 729 765 829 1168 595 505 357 930 738 910 529 551 1083 697 709 0 772 794 434 430
836 844 838 1029 788 855 236 169 1021 246 955 905 803 752 979 301 1000 196 682 650 731 681 580 768 630 76 726 402 825 313 94 106 41 355 179 895 721 870 602 613 376 814 708 541 372 582 427 239 290 726 859 347 578 108 845 1048 1015 202 453 571 877 185 821 655 870 276 931 100 730 304 522 812 811 369 666 576 1010 1052 197 650 375 11 95 632 883 475 667 750 689 937 846 317 599 942 214 772 0 714 657 702
151 665 127 370 219 672 538 768 364 605 393 408 92 585 267 434 295 523 543 79 479 183 373 206 112 699 205 335 720 492 621 625 674 440 699 181 506 304 221 625 676 363 429 736 623 737 514 840 459 435 226 677 355 717 730 336 315 724 433 607 829 658 109 586 275 635 382 770 643 852 235 191 97 380 581 194 297 359 522 262 342 719 671 550 359 348 440 143 57 224 382 836 453 341 501 794 714 0 363 379
502 313 453 447 224 321 598 625 438 681 321 255 385 225 554 372 493 477 181 384 126 182 78 215 268 682 551 299 359 346 573 613 618 567 553 459 808 259 504 281 432 164 77 424 385 411 690 675 533 750 305 447 80 606 370 559 493 563 626 835 467 700 396 850 280 448 295 746 922 655 450 554 413 493 850 453 566 509 523 571 411 657 664 812 246 189 78 502 306 485 194 630 717 332 487 434 657 363 0 46
512 287 459 421 214 295 643 667 413 726 286 215 390 208 551 417 480 523 179 408 101 196 123 209 293 728 573 344 342 390 619 658 663 610 595 457 840 234 535 293 466 126 51 444 421 428 731 714 577 780 292 483 125 649 351 546 477 604 665 874 452 745 400 886 259 488 260 792 957 692 485 569 420 536 886 485 560 490 569 600 454 701 709 848 211 235 79 520 323 480 154 666 752 304 532 430 702 379 46 0
