# TTSP Euclidean complete-graph matrix instance
# seed: 2092
# depot: 1
# L_max is not stored in this file; pass it with --budget when running algorithms.
# coordinate rows: node x y
# coord 1 786.874286 720.724655
# coord 2 636.826086 387.322264
# coord 3 983.524549 503.414313
# coord 4 217.175755 100.965108
# coord 5 503.149726 542.799660
# coord 6 496.879514 684.645404
# coord 7 144.347689 922.077642
# coord 8 344.531460 324.062907
# coord 9 297.660334 435.322527
# coord 10 86.986524 110.843523
# coord 11 896.725402 522.623273
# coord 12 80.002667 263.390274
# coord 13 499.427219 278.887344
# coord 14 875.526857 552.928830
# coord 15 101.854022 613.060900
# coord 16 669.578727 963.235660
# coord 17 863.081302 926.266410
# coord 18 693.148367 787.359679
# coord 19 90.557341 186.262295
# coord 20 51.322017 510.609995
# coord 21 953.996760 791.624638
# coord 22 404.856280 478.281779
# coord 23 690.893433 362.115187
# coord 24 949.997462 434.150743
# coord 25 45.520827 137.819721
# coord 26 828.691600 85.905796
# coord 27 761.480899 692.996066
# coord 28 104.714797 95.107046
# coord 29 973.749070 623.508045
# coord 30 248.441359 445.875432
# coord 31 239.424321 386.282966
# coord 32 512.120810 937.188052
# coord 33 100.656354 571.747553
# coord 34 7.882202 37.448438
# coord 35 914.505285 237.138697
# coord 36 595.978659 613.639689
# coord 37 953.010203 830.395960
# coord 38 983.908703 170.587835
# coord 39 386.963156 996.946261
# coord 40 650.014769 488.728526
# coord 41 857.755244 325.620479
# coord 42 131.444451 23.576239
# coord 43 880.460675 632.962325
# coord 44 840.784053 724.093095
# coord 45 51.652216 847.672693
# coord 46 689.374857 733.125415
# coord 47 133.716344 799.702505
# coord 48 734.111319 713.973895
# coord 49 216.173720 745.992891
# coord 50 642.674384 278.942687
# coord 51 407.120079 738.587019
# coord 52 380.521903 25.558525
# coord 53 282.584314 257.018132
# coord 54 639.552848 867.538276
# coord 55 522.314733 307.806313
# coord 56 961.146541 786.841119
# coord 57 555.380078 224.953707
# coord 58 74.512444 363.839228
# coord 59 827.842501 149.156350
# coord 60 563.519140 666.900219
# coord 61 288.669946 167.714747
# coord 62 714.915532 678.149023
# coord 63 774.912773 352.918672
# coord 64 205.688438 445.312734
# coord 65 812.158980 137.536253
# coord 66 160.125131 646.113245
# coord 67 440.041306 529.787796
# coord 68 731.153150 833.009858
# coord 69 222.636872 866.222136
# coord 70 212.201803 731.481059
# coord 71 851.318292 662.734882
# coord 72 655.269586 251.156922
# coord 73 58.723178 145.771428
# coord 74 184.868535 790.874162
# coord 75 283.422608 421.791840
# coord 76 444.118942 782.857797
# coord 77 67.411097 835.003446
# coord 78 94.127477 976.934616
# coord 79 530.991003 287.008688
# coord 80 279.435955 982.285366
# coord 81 832.982017 378.481215
# coord 82 735.466282 461.612859
# coord 83 682.480773 811.243146
# coord 84 736.380417 298.196976
# coord 85 479.516766 287.194315
# coord 86 813.903939 21.496969
# coord 87 939.017158 573.010294
# coord 88 231.160366 802.173552
# coord 89 432.736253 305.864379
# coord 90 247.090764 382.275302
# coord 91 300.198033 576.871984
# coord 92 216.759745 678.074146
# coord 93 323.746129 254.839292
# coord 94 982.822286 588.441969
# coord 95 760.718944 168.117253
# coord 96 832.785885 731.816272
# coord 97 922.919492 930.776619
# coord 98 706.335685 713.477722
# coord 99 465.743245 900.557690
# coord 100 371.889716 997.676471
# reference_nearest_neighbor_tour_cost: 10147
TTSP_MATRIX
100
0 69 8 9 7 14 81 21 87 82 14 60 48 58 23 85 96 59 82 98 90 13 20 19 49 73 71 46 7 56 44 30 96 63 28 8 8 26 52 44 4 63 78 66 26 60 19 4 72 66 17 67 81 94 85 88 97 43 52 93 17 41 2 73 58 56 62 28 31 92 92 56 21 85 59 2 12 16 32 68 66 55 5 14 69 50 16 1 12 2 66 41 82 100 82 49 44 20 94 4
0 366 293 842 335 292 673 594 566 928 227 842 527 190 693 269 219 115 878 765 182 452 371 330 943 636 38 926 211 605 642 350 702 1036 500 219 199 584 486 269 401 957 128 54 746 98 658 53 571 465 380 805 685 208 490 186 547 797 573 230 744 84 368 643 584 631 396 125 583 575 87 488 928 606 586 348 728 739 504 571 345 264 138 426 531 700 212 562 545 637 507 572 657 236 553 47 250 81 368 499
366 0 366 508 205 329 727 299 343 615 293 570 175 291 581 577 585 404 582 598 514 249 60 317 642 357 330 607 411 393 397 564 567 720 316 230 544 409 659 102 229 623 346 394 745 350 651 341 553 109 420 443 377 480 139 515 182 563 305 289 412 301 142 435 305 542 243 456 633 547 349 137 627 606 355 440 724 801 146 694 196 123 426 134 186 406 355 580 220 390 386 511 340 400 252 396 614 333 541 665
293 366 0 866 482 519 938 664 689 979 89 935 534 119 888 557 440 406 948 932 290 579 325 77 1007 445 292 969 120 737 753 641 886 1081 275 403 328 333 774 334 218 978 166 263 993 373 900 326 805 408 623 769 743 501 501 284 511 920 387 451 772 320 257 780 404 836 544 415 843 804 207 414 992 849 705 607 974 1008 502 852 196 252 431 321 548 511 83 810 585 746 687 786 705 85 403 274 432 348 653 786
842 508 866 0 526 647 824 257 344 131 800 213 334 799 525 974 1048 835 153 442 1010 421 541 805 176 612 804 113 919 346 286 887 485 219 711 637 1036 770 912 581 679 115 850 882 765 789 704 802 645 461 665 180 169 875 369 1012 360 299 613 664 98 762 612 345 596 548 483 894 765 631 847 463 165 691 328 719 749 885 365 884 675 631 849 555 322 602 862 701 297 283 483 577 187 908 548 881 1089 784 837 910
335 205 482 526 0 142 522 270 232 600 394 507 264 373 407 452 526 310 545 453 515 118 261 460 611 561 299 599 477 273 307 394 404 708 512 117 534 608 469 157 416 639 388 383 545 266 450 287 352 298 218 532 361 352 236 519 322 464 510 138 432 251 332 313 510 358 64 369 428 347 368 329 596 404 251 247 525 596 257 493 368 246 323 338 257 607 437 376 247 302 206 317 339 482 455 380 572 265 360 473
292 329 519 647 142 0 425 391 319 705 431 593 406 401 401 328 439 222 643 478 469 226 376 518 709 685 265 708 481 345 394 253 412 811 612 122 479 708 331 249 509 755 387 346 474 199 381 239 287 431 105 669 478 232 378 475 463 530 630 69 557 218 433 377 631 339 165 277 329 289 355 462 695 330 339 111 455 498 399 369 455 327 225 455 398 735 456 291 384 392 224 280 463 495 580 339 492 211 218 337
673 727 938 824 522 425 0 631 510 813 852 662 735 819 312 527 719 565 738 422 820 515 782 942 790 1081 658 828 882 487 544 368 353 895 1031 547 814 1127 254 666 930 899 791 724 119 577 123 625 190 814 320 927 679 498 721 828 809 563 1032 491 768 621 849 481 1030 276 491 594 96 202 753 843 781 137 519 331 116 74 744 148 877 749 549 860 718 1122 868 148 680 549 379 255 691 902 974 714 779 599 322 240
594 299 664 257 270 391 631 0 121 334 587 271 161 578 377 717 795 580 289 348 768 166 348 615 352 540 557 332 697 155 122 636 348 442 577 384 792 658 674 347 513 368 619 637 600 535 520 551 441 302 419 301 91 618 179 771 233 273 514 407 166 512 431 184 503 371 227 639 556 428 610 319 337 493 115 469 581 699 190 661 491 414 593 393 140 558 645 491 90 114 257 376 72 691 444 636 838 532 589 674
566 343 689 344 232 319 510 121 0 387 605 277 255 590 264 646 749 529 324 258 747 115 400 652 390 636 531 391 702 50 76 546 240 492 648 348 765 736 569 356 571 444 615 615 480 492 400 518 321 379 322 418 179 551 258 751 333 234 602 353 268 483 484 93 594 252 171 588 437 308 599 402 375 373 20 377 461 579 276 547 538 439 538 460 235 662 656 373 187 73 142 256 182 702 535 612 798 494 495 567
928 615 979 131 600 705 813 334 387 0 908 153 445 904 502 1032 1126 908 76 401 1102 486 654 922 49 742 891 24 1024 372 315 929 461 108 837 715 1126 899 936 678 800 98 950 972 738 866 690 885 648 581 705 306 244 937 478 1105 482 253 742 732 210 846 729 355 726 540 548 968 767 633 943 585 45 687 368 761 724 866 478 892 793 737 919 676 430 732 969 706 397 315 512 582 277 1015 676 970 1171 864 876 931
227 293 89 800 394 431 852 587 605 908 0 857 466 37 800 496 405 334 874 845 275 494 261 103 934 442 218 900 127 653 671 565 798 1013 286 314 313 363 696 249 201 914 112 209 905 295 812 251 716 352 535 717 669 430 432 272 453 837 380 363 704 239 209 695 394 747 457 352 757 716 147 363 919 761 622 522 886 922 435 770 158 172 359 276 479 508 66 722 512 665 599 698 632 108 380 219 409 270 573 708
842 570 935 213 507 593 662 271 277 153 857 0 420 847 350 915 1026 807 78 249 1021 389 619 887 130 769 806 170 964 248 201 800 309 237 835 624 1041 909 795 613 780 245 882 889 585 769 539 794 501 563 577 383 203 823 445 1025 477 101 757 630 230 758 701 221 743 391 448 865 619 486 869 575 120 538 258 634 572 714 452 746 762 685 814 657 400 773 913 560 355 205 383 437 244 960 687 887 1075 771 745 790
527 175 534 334 264 406 735 161 255 445 466 420 0 465 519 705 743 544 419 504 685 221 209 477 475 382 490 435 586 301 281 658 495 548 417 348 714 496 727 258 361 448 520 561 724 492 636 494 546 143 469 280 218 605 37 686 78 433 353 393 238 454 285 338 343 500 258 601 649 536 521 158 460 601 259 507 704 807 33 737 348 299 563 238 22 406 529 588 72 273 358 489 177 574 284 562 777 481 623 730
190 291 119 799 373 401 819 578 590 904 37 847 465 0 776 459 374 297 866 825 251 477 266 140 928 469 181 897 121 636 658 529 775 1009 318 286 288 397 660 234 228 913 80 175 875 259 782 214 687 360 504 723 663 393 430 249 458 823 407 332 702 204 224 678 420 721 436 315 724 687 112 374 913 730 606 489 856 889 435 735 180 167 322 290 477 535 67 691 507 651 576 671 627 113 402 184 381 233 537 672
693 581 888 525 407 401 312 377 264 502 800 350 519 776 0 667 823 616 427 114 871 332 640 867 479 898 664 518 872 222 265 523 41 583 895 494 878 987 478 562 809 590 779 747 240 600 189 640 175 636 330 650 399 595 520 877 597 251 862 465 483 617 722 197 855 67 348 667 280 162 751 661 469 196 264 382 225 364 539 410 768 651 614 708 499 926 838 229 452 273 202 132 421 881 795 741 880 613 464 470
269 577 557 974 452 328 527 717 646 1032 496 915 705 459 667 0 197 177 969 766 332 553 601 599 1035 892 285 1036 456 667 720 160 691 1138 766 357 313 853 285 475 665 1083 392 294 629 231 560 257 503 685 345 981 805 100 672 341 747 845 829 315 882 289 619 695 838 600 490 144 457 513 351 712 1020 514 665 289 616 576 690 391 607 506 153 668 702 953 474 467 699 718 535 535 788 488 800 283 255 252 213 300
219 585 440 1048 526 439 719 795 749 1126 405 1026 743 374 823 197 0 219 1070 912 162 641 590 500 1136 841 254 1125 322 780 825 351 841 1233 691 411 131 765 481 487 601 1162 294 203 815 260 740 248 672 684 493 1022 886 231 706 170 766 969 778 396 951 289 580 815 790 757 580 162 643 679 264 706 1121 692 768 443 801 771 720 586 549 482 214 641 745 906 361 644 755 822 663 692 861 358 765 197 60 264 398 496
115 404 406 835 310 222 565 580 529 908 334 807 544 297 616 177 219 0 851 699 261 423 425 437 917 714 117 909 325 561 606 235 631 1016 593 199 263 682 371 302 490 948 243 161 644 54 560 84 479 511 290 823 671 96 509 268 579 750 652 177 740 111 442 595 661 551 361 59 477 484 201 538 902 508 549 249 628 628 526 457 432 328 26 491 544 775 326 462 547 603 446 489 648 351 623 150 271 75 254 384
878 582 948 153 545 643 738 289 324 76 874 78 419 866 427 969 1070 851 0 327 1055 429 626 894 66 745 841 92 986 304 249 861 386 170 826 662 1076 893 863 636 780 168 907 923 663 811 615 832 574 560 637 332 205 875 449 1058 466 178 738 674 199 795 704 283 723 465 490 910 693 559 898 568 52 612 304 693 649 791 452 818 767 701 861 655 402 742 932 632 362 251 443 508 243 979 670 921 1117 811 807 859
765 598 932 442 453 478 422 348 258 401 845 249 504 825 114 766 912 699 327 0 945 355 657 902 373 886 733 419 929 207 225 628 79 475 905 554 957 993 591 599 827 494 838 818 337 676 301 712 287 635 423 586 343 688 513 951 579 149 857 536 417 684 741 168 847 174 389 752 395 273 814 657 365 310 249 478 325 468 529 524 793 686 699 717 483 906 890 343 433 234 258 235 374 935 788 812 968 686 569 583
182 514 290 1010 515 469 820 768 747 1102 275 1021 685 251 871 332 162 261 1055 945 0 632 504 357 1119 717 216 1098 169 786 822 465 881 1210 556 400 39 622 603 429 476 1125 175 132 904 271 820 233 739 600 549 957 858 323 648 9 693 978 655 410 912 265 474 825 669 807 577 227 735 744 165 618 1104 769 766 510 888 880 658 701 431 396 272 539 693 783 219 723 713 817 688 746 828 205 653 135 143 260 500 617
452 249 579 421 118 226 515 166 115 486 494 389 221 477 332 553 641 423 429 355 632 0 309 547 495 578 416 487 587 160 189 471 318 593 564 234 652 656 519 245 478 531 500 500 511 382 421 405 328 310 260 453 253 455 207 636 295 350 536 246 332 369 391 202 531 297 62 482 429 318 483 338 480 382 134 307 491 588 229 519 440 331 434 377 205 613 542 368 175 185 144 274 238 588 472 497 688 382 427 520
371 60 325 541 261 376 782 348 400 654 261 619 209 266 640 601 590 425 626 657 504 309 0 269 683 309 338 644 385 450 452 602 626 756 256 269 537 350 704 133 171 654 331 392 803 371 708 355 611 96 471 458 422 508 177 503 193 616 253 330 447 317 85 492 255 602 302 473 688 605 341 117 668 663 412 488 783 857 177 744 143 109 449 78 224 362 326 636 264 444 446 570 382 369 206 396 614 352 584 711
330 317 77 805 460 518 942 615 652 922 103 887 477 140 867 599 500 437 894 902 357 547 269 0 952 369 320 911 191 702 712 667 860 1022 200 397 396 266 796 305 142 916 211 310 989 397 894 353 797 344 622 701 691 533 446 353 447 878 310 451 713 339 193 744 327 818 519 455 846 795 249 347 937 844 667 614 969 1013 444 866 130 216 462 253 493 435 139 808 533 705 665 773 651 158 326 320 497 371 672 807
943 642 1007 176 611 709 790 352 390 49 934 130 475 928 479 1035 1136 917 66 373 1119 495 683 952 0 785 906 73 1048 369 315 926 437 107 875 728 1142 939 924 699 834 143 971 988 710 877 668 898 632 614 701 353 265 941 506 1122 517 228 782 740 245 860 760 347 767 521 556 976 750 617 962 620 15 668 370 758 698 841 508 876 823 762 927 709 459 777 994 690 422 317 508 567 302 1040 716 986 1183 876 871 920
636 357 445 612 561 685 1081 540 636 742 442 769 382 469 898 892 841 714 745 886 717 578 309 369 785 0 611 724 557 683 661 908 875 822 174 577 755 177 1012 441 241 700 550 638 1088 662 996 635 900 268 777 452 572 804 378 713 307 804 63 639 546 603 272 719 54 872 590 753 988 893 577 240 772 955 640 796 1068 1155 359 1051 293 387 740 231 403 66 499 933 453 653 721 852 532 526 107 646 850 639 892 1020
38 330 292 804 299 265 658 557 531 891 218 806 490 181 664 285 254 117 841 733 216 416 338 320 906 611 0 888 223 569 605 349 672 999 481 184 236 568 482 233 380 919 133 85 726 83 637 34 548 431 357 769 648 213 453 221 511 762 548 200 707 49 340 608 558 603 361 143 566 551 95 454 891 585 550 330 708 725 467 562 323 233 142 396 494 674 214 541 508 601 476 545 619 245 525 81 287 59 361 495
926 607 969 113 599 708 828 332 391 24 900 170 435 897 518 1036 1125 909 92 419 1098 487 644 911 73 724 888 0 1017 379 321 935 477 113 822 714 1123 882 945 673 788 76 944 968 754 865 705 883 660 569 711 284 241 940 469 1101 469 270 725 733 198 844 718 364 709 554 549 968 780 645 938 572 68 700 372 767 741 882 467 904 781 730 920 664 421 713 961 718 390 321 520 594 271 1007 660 967 1170 863 883 941
211 411 120 919 477 481 882 697 702 1024 127 964 586 121 872 456 322 325 986 929 169 587 385 191 1048 557 223 1017 0 747 772 558 875 1130 391 378 208 453 696 351 320 1034 94 167 949 305 858 256 767 478 578 842 782 414 551 164 578 936 496 413 823 265 336 788 512 814 542 321 789 769 129 490 1032 806 719 553 931 948 556 782 283 288 347 403 598 623 61 764 627 766 675 759 747 36 503 178 311 282 579 709
605 393 737 346 273 345 487 155 50 372 653 248 301 636 222 667 780 561 304 207 786 160 450 702 369 683 569 379 747 0 60 558 194 474 698 386 803 785 568 404 621 438 659 654 447 526 372 555 302 428 333 441 192 575 307 790 378 192 651 385 281 521 535 43 643 219 209 619 421 288 641 451 355 351 42 390 429 553 324 537 588 487 567 510 280 707 702 357 231 64 141 234 205 748 583 651 831 530 504 565
642 397 753 286 307 394 544 122 76 315 671 201 281 658 265 720 825 606 249 225 822 189 452 712 315 661 605 321 772 60 0 615 232 419 691 423 841 775 628 423 621 378 687 690 498 568 427 593 360 417 390 387 136 626 294 825 355 166 634 429 224 558 537 68 624 272 247 664 480 346 671 437 301 408 57 446 481 608 308 597 594 502 614 505 260 681 724 416 209 9 200 293 156 770 565 687 874 570 562 626
350 564 641 887 394 253 368 636 546 929 565 800 658 529 523 160 351 235 861 628 465 471 602 667 926 908 349 935 558 558 615 0 550 1031 807 334 454 900 139 469 702 990 478 392 469 270 403 315 352 671 225 921 718 145 629 474 714 721 849 275 801 329 641 580 854 457 414 243 298 364 436 701 912 358 564 169 456 420 650 237 644 525 212 677 651 964 561 312 636 615 418 393 708 586 808 381 411 296 59 153
702 567 886 485 404 412 353 348 240 461 798 309 495 775 41 691 841 631 386 79 881 318 626 860 437 875 672 477 875 194 232 550 0 542 880 497 891 970 513 556 796 549 782 756 280 610 230 649 209 616 349 614 364 615 497 887 572 210 841 473 446 623 709 164 834 95 342 682 319 195 756 641 428 235 236 403 265 405 516 448 757 644 629 692 474 901 838 265 425 239 200 157 388 882 774 749 897 622 491 505
1036 720 1081 219 708 811 895 442 492 108 1013 237 548 1009 583 1138 1233 1016 170 475 1210 593 756 1022 107 822 999 113 1130 474 419 1031 542 0 928 823 1234 985 1032 785 897 124 1056 1079 811 974 773 993 739 679 807 373 352 1043 581 1213 579 333 828 840 310 954 829 453 810 627 655 1075 856 723 1050 682 120 774 473 864 800 943 580 983 893 842 1027 774 534 806 1074 797 503 420 614 674 383 1120 764 1078 1279 972 977 1027
500 316 275 711 512 612 1031 577 648 837 286 835 417 318 895 766 691 593 826 905 556 564 256 200 875 174 481 822 391 698 691 807 880 928 0 493 595 96 925 365 105 812 397 493 1057 545 962 510 864 275 713 574 632 688 399 552 359 849 123 555 630 484 181 739 143 858 557 623 935 859 430 260 861 916 658 720 1037 1105 387 979 163 287 619 188 438 238 337 887 487 683 702 825 591 358 169 501 694 520 801 934
219 230 403 637 117 122 547 384 348 715 314 624 348 286 494 357 411 199 662 554 400 234 269 397 728 577 184 714 378 386 423 334 497 823 493 0 418 589 437 136 389 751 285 269 593 152 498 171 402 338 226 626 475 258 315 404 391 578 519 62 542 135 316 425 523 437 177 258 451 401 260 367 712 448 367 227 573 620 333 486 334 206 216 345 347 631 345 411 348 419 298 385 450 388 475 265 455 149 315 445
199 544 328 1036 534 479 814 792 765 1126 313 1041 714 288 878 313 131 263 1076 957 39 652 537 396 1142 755 236 1123 208 803 841 454 891 1234 595 418 0 661 590 457 514 1151 210 155 902 281 820 248 742 633 554 988 882 316 677 44 724 995 693 422 938 283 510 841 707 814 595 222 731 747 196 651 1126 769 784 511 886 871 688 690 468 428 271 575 721 821 258 722 739 836 700 752 853 244 690 155 105 273 492 605
584 409 333 770 608 708 1127 658 736 899 363 909 496 397 987 853 765 682 893 993 622 656 350 266 939 177 568 882 453 785 775 900 970 985 96 589 661 0 1019 461 200 865 474 572 1152 635 1058 598 959 358 810 621 707 777 482 617 432 930 158 650 695 574 277 825 175 951 652 709 1031 954 510 338 926 1012 744 816 1132 1201 468 1075 257 383 708 278 518 226 405 983 568 767 795 920 666 418 223 581 763 610 895 1029
486 659 774 912 469 331 254 674 569 936 696 795 727 660 478 285 481 371 863 591 603 519 704 796 924 1012 482 945 696 568 628 139 513 1032 925 437 590 1019 0 572 820 1006 613 530 367 401 321 448 304 762 259 971 747 284 702 611 790 706 956 374 835 457 752 581 959 418 470 381 210 318 572 793 912 289 584 222 358 294 724 109 763 639 349 781 716 1065 696 249 693 630 429 361 745 722 909 519 540 427 124 15
269 102 334 581 157 249 666 347 356 678 249 613 258 234 562 475 487 302 636 599 429 245 133 305 699 441 233 673 351 404 423 469 556 785 365 136 457 461 572 0 264 697 272 303 698 248 603 240 504 210 348 536 434 379 221 431 280 589 383 198 483 200 185 446 387 515 214 354 570 501 266 238 684 555 373 359 678 740 234 617 214 90 324 209 264 495 301 523 284 417 361 473 401 347 339 304 520 232 451 580
401 229 218 679 416 509 930 513 571 800 201 780 361 228 809 665 601 490 780 827 476 478 171 142 834 241 380 788 320 621 621 702 796 897 105 389 514 200 820 264 0 787 308 399 960 441 865 408 767 220 611 564 579 584 336 473 319 784 179 451 591 380 87 663 194 768 465 523 834 763 337 216 819 818 582 617 940 1004 329 875 58 183 516 124 380 307 260 787 425 613 612 732 539 291 185 407 609 416 696 829
957 623 978 115 639 755 899 368 444 98 914 245 448 913 590 1083 1162 948 168 494 1125 531 654 916 143 700 919 76 1034 438 378 990 549 124 812 751 1151 865 1006 697 787 0 966 997 828 903 776 916 727 571 766 249 278 985 483 1127 469 345 708 775 213 877 723 428 690 623 593 1007 848 712 963 571 142 769 426 821 814 954 479 970 786 746 961 664 437 682 977 785 413 377 578 660 301 1022 646 997 1204 898 939 1003
128 346 166 850 388 387 791 619 615 950 112 882 520 80 779 392 294 243 907 838 175 500 331 211 971 550 133 944 94 659 687 478 782 1056 397 285 210 474 613 272 308 966 0 99 856 216 765 167 674 426 485 787 706 336 484 174 522 850 487 319 753 172 299 700 500 720 452 250 698 675 42 443 955 713 633 461 838 858 492 695 259 224 266 364 529 615 84 671 554 681 583 665 673 112 480 110 301 192 494 626
54 394 263 882 383 346 724 637 615 972 209 889 561 175 747 294 203 161 923 818 132 500 392 310 988 638 85 968 167 654 690 392 756 1079 493 269 155 572 530 303 399 997 99 0 799 152 711 107 625 487 434 837 728 247 524 136 575 847 575 283 784 134 377 694 587 685 445 155 634 629 62 508 973 659 634 401 781 788 536 618 346 283 181 439 567 703 180 615 584 685 560 626 698 196 562 11 222 135 414 543
746 745 993 765 545 474 119 600 480 738 905 585 724 875 240 629 815 644 663 337 904 511 803 989 710 1088 726 754 949 447 498 469 280 811 1057 593 902 1152 367 698 960 828 856 799 0 648 95 695 193 820 372 885 634 588 716 912 801 484 1044 543 720 685 876 431 1041 229 502 680 172 198 821 849 702 145 485 398 20 136 738 265 911 785 632 878 705 1124 929 185 662 505 368 237 652 967 982 790 875 668 417 354
98 350 373 789 266 199 577 535 492 866 295 769 492 259 600 231 260 54 811 676 271 382 371 397 877 662 83 865 305 526 568 270 610 974 545 152 281 635 401 248 441 903 216 152 648 0 560 49 473 457 282 772 626 143 457 277 526 717 600 142 693 61 390 563 608 536 322 108 485 477 177 483 862 508 512 250 630 643 473 480 383 275 78 437 493 722 297 463 498 565 419 476 602 327 569 143 306 26 279 413
658 651 900 704 450 381 123 520 400 690 812 539 636 782 189 560 740 560 615 301 820 421 708 894 668 996 637 705 858 372 427 403 230 773 962 498 820 1058 321 603 865 776 765 711 95 560 0 606 98 728 280 813 563 510 627 828 713 440 951 450 651 594 782 362 948 156 408 598 111 104 731 757 658 52 406 311 75 182 649 234 816 690 549 784 618 1034 837 97 577 433 278 147 577 875 890 702 800 579 347 310
53 341 326 802 287 239 625 551 518 885 251 794 494 214 640 257 248 84 832 712 233 405 355 353 898 635 34 883 256 555 593 315 649 993 510 171 248 598 448 240 408 916 167 107 695 49 606 0 519 445 328 774 642 180 458 238 521 747 573 177 705 41 363 593 582 578 347 119 534 522 128 469 883 555 537 298 678 692 473 528 350 252 110 416 497 697 249 511 507 589 455 519 616 279 547 100 287 28 327 460
571 553 805 645 352 287 190 441 321 648 716 501 546 687 175 503 672 479 574 287 739 328 611 797 632 900 548 660 767 302 360 352 209 739 864 402 742 959 304 504 767 727 674 625 193 473 98 519 0 632 191 739 493 440 535 746 622 408 855 356 583 503 683 301 852 115 311 522 120 15 641 662 621 55 331 231 173 261 557 245 718 592 471 686 529 939 743 58 491 365 189 68 503 783 794 617 731 491 294 296
465 109 408 461 298 431 814 302 379 581 352 563 143 360 636 685 684 511 560 635 600 310 96 344 614 268 431 569 478 428 417 671 616 679 275 338 633 358 762 210 220 571 426 487 820 457 728 445 632 0 516 365 361 589 124 599 103 574 226 396 371 406 152 468 221 606 322 561 722 625 437 31 599 687 387 542 800 888 112 792 215 205 534 96 163 309 417 666 212 409 454 584 320 460 162 491 710 439 646 768
380 420 623 665 218 105 320 419 322 705 535 577 469 504 330 345 493 290 637 423 549 260 471 622 701 777 357 711 578 333 390 225 349 807 713 226 554 810 259 348 611 766 485 434 372 282 280 328 191 516 0 714 497 266 446 556 535 501 724 172 583 314 533 356 725 264 211 338 224 195 451 547 688 228 340 58 353 393 468 275 558 430 285 550 457 824 557 187 433 391 194 200 491 595 671 426 550 300 172 261
805 443 769 180 532 669 927 301 418 306 717 383 280 723 650 981 1022 823 332 586 957 453 458 701 353 452 769 284 842 441 387 921 614 373 574 626 988 621 971 536 564 249 787 837 885 772 813 774 739 365 714 0 251 881 316 957 265 456 464 667 169 733 513 455 446 659 508 880 855 726 792 356 344 790 408 760 868 994 302 962 574 562 842 448 280 433 782 791 285 381 557 673 236 824 406 839 1055 761 879 972
685 377 743 169 361 478 679 91 179 244 669 203 218 663 399 805 886 671 205 343 858 253 422 691 265 572 648 241 782 192 136 718 364 352 632 475 882 707 747 434 579 278 706 728 634 626 563 642 493 361 497 251 0 707 245 861 275 234 556 497 90 604 502 203 543 408 315 730 612 480 699 373 250 543 165 550 617 744 250 725 564 497 683 456 199 581 729 548 158 130 320 426 41 775 486 727 930 623 669 746
208 480 501 875 352 232 498 618 551 937 430 823 605 393 595 100 231 96 875 688 323 455 508 533 941 804 213 940 414 575 626 145 615 1043 688 258 316 777 284 379 584 985 336 247 588 143 510 180 440 589 266 881 707 0 572 332 648 757 743 215 783 204 532 605 750 528 392 98 417 448 295 617 926 461 571 213 573 556 591 378 526 417 71 578 602 864 420 414 599 624 447 463 689 442 710 236 290 168 177 298
490 139 501 369 236 378 721 179 258 478 432 445 37 430 520 672 706 509 449 513 648 207 177 446 506 378 453 469 551 307 294 629 497 581 399 315 677 482 702 221 336 483 484 524 716 457 627 458 535 124 446 316 245 572 0 650 89 451 344 361 272 417 257 345 336 496 237 565 634 525 484 145 491 589 265 481 696 794 23 717 319 263 528 214 48 409 494 574 90 285 349 480 206 539 276 526 741 445 595 706
186 515 284 1012 519 475 828 771 751 1105 272 1025 686 249 877 341 170 268 1058 951 9 636 503 353 1122 713 221 1101 164 790 825 474 887 1213 552 404 44 617 611 431 473 1127 174 136 912 277 828 238 746 599 556 957 861 332 650 0 693 982 651 415 914 269 472 829 666 813 581 235 743 751 166 617 1107 776 770 517 895 888 659 709 428 396 280 538 694 779 215 730 715 821 693 752 830 200 650 140 149 265 508 626
547 182 511 360 322 463 809 233 333 482 453 477 78 458 597 747 766 579 466 579 693 295 193 447 517 307 511 469 578 378 355 714 572 579 359 391 724 432 790 280 319 469 522 575 801 526 713 521 622 103 535 265 275 648 89 693 0 501 283 442 273 480 254 413 271 578 326 633 722 612 528 103 503 676 336 569 781 882 67 806 317 297 600 195 98 329 518 662 147 346 435 566 234 561 213 578 796 511 682 794
797 563 920 299 464 530 563 273 234 253 837 101 433 823 251 845 969 750 178 149 978 350 616 878 228 804 762 270 936 192 166 721 210 333 849 578 995 930 706 589 784 345 850 847 484 717 440 747 408 574 501 456 234 757 451 982 501 0 783 575 290 713 700 154 772 295 401 807 524 393 832 592 219 441 217 559 471 613 463 652 759 668 755 665 412 815 889 465 363 174 310 345 272 936 714 843 1020 722 664 700
573 305 387 613 510 630 1032 514 602 742 380 757 353 407 862 829 778 652 738 857 655 536 253 310 782 63 548 725 496 651 634 849 841 828 123 519 693 158 956 383 179 708 487 575 1044 600 951 573 855 226 724 464 556 743 344 651 283 783 0 581 539 541 211 689 20 832 543 691 938 847 514 200 769 908 609 741 1024 1106 327 997 229 326 678 175 375 128 438 885 425 626 679 808 515 466 70 583 787 577 834 963
230 289 451 664 138 69 491 407 353 732 363 630 393 332 465 315 396 177 674 536 410 246 330 451 740 639 200 733 413 385 429 275 473 840 555 62 422 650 374 198 451 775 319 283 543 142 450 177 356 396 172 667 497 215 361 415 442 575 581 0 570 152 379 421 585 404 185 236 395 357 288 426 726 398 372 166 524 563 381 424 395 268 187 407 389 692 387 359 384 426 278 347 477 427 536 277 446 150 253 382
744 412 772 98 432 557 768 166 268 210 704 230 238 702 483 882 951 740 199 417 912 332 447 713 245 546 707 198 823 281 224 801 446 310 630 542 938 695 835 483 591 213 753 784 720 693 651 705 583 371 583 169 90 783 272 914 273 290 539 570 0 665 520 290 524 495 392 799 702 569 749 376 231 632 254 634 703 832 270 815 584 535 754 466 225 545 766 637 200 219 409 515 94 812 472 784 992 687 754 834
84 301 320 762 251 218 621 512 483 846 239 758 454 204 617 289 289 111 795 684 265 369 317 339 860 603 49 844 265 521 558 329 623 954 484 135 283 574 457 200 380 877 172 134 685 61 594 41 503 406 314 733 604 204 417 269 480 713 541 152 665 0 331 560 549 556 312 156 527 506 137 431 845 542 502 290 666 689 432 531 322 218 137 381 456 664 248 499 467 554 427 498 576 283 512 130 327 36 334 469
368 142 257 612 332 433 849 431 484 729 209 701 285 224 722 619 580 442 704 741 474 391 85 193 760 272 340 718 336 535 537 641 709 829 181 316 510 277 752 185 87 723 299 377 876 390 782 363 683 152 533 513 502 532 257 472 254 700 211 379 520 331 0 577 219 681 379 482 754 678 319 157 746 735 496 542 856 924 253 801 63 116 468 67 303 334 275 705 345 529 525 646 462 314 185 383 597 367 629 760
643 435 780 345 313 377 481 184 93 355 695 221 338 678 197 695 815 595 283 168 825 202 492 744 347 719 608 364 788 43 68 580 164 453 739 425 841 825 581 446 663 428 700 694 431 563 362 593 301 468 356 455 203 605 345 829 413 154 689 421 290 560 577 0 680 206 249 653 421 286 681 490 334 346 81 413 413 543 362 542 631 530 601 551 316 741 744 358 266 75 162 233 224 790 620 689 866 568 524 577
584 305 404 596 510 631 1030 503 594 726 394 743 343 420 855 838 790 661 723 847 669 531 255 327 767 54 558 709 512 643 624 854 834 810 143 523 707 175 959 387 194 690 500 587 1041 608 948 582 852 221 725 446 543 750 336 666 271 772 20 585 524 549 219 680 0 827 541 700 937 844 527 194 753 906 600 743 1020 1105 318 999 242 333 686 178 365 116 454 883 415 616 675 804 502 482 60 595 801 586 838 966
631 542 836 548 358 339 276 371 252 540 747 391 500 721 67 600 757 551 465 174 807 297 602 818 521 872 603 554 814 219 272 457 95 627 858 437 814 951 418 515 768 623 720 685 229 536 156 578 115 606 264 659 408 528 496 813 578 295 832 404 495 556 681 206 827 0 303 601 229 100 691 633 511 147 256 315 210 337 516 357 724 604 548 673 480 904 782 171 436 278 156 65 424 825 768 678 814 550 398 410
396 243 544 483 64 165 491 227 171 548 457 448 258 436 348 490 580 361 490 389 577 62 302 519 556 590 361 549 542 209 247 414 342 655 557 177 595 652 470 214 465 593 452 445 502 322 408 347 311 322 211 508 315 392 237 581 326 401 543 185 392 312 379 249 541 303 0 420 401 304 432 352 541 365 190 253 482 565 259 480 421 303 371 376 246 631 501 343 224 243 148 268 299 546 483 442 628 324 372 473
125 456 415 894 369 277 594 639 588 968 352 865 601 315 667 144 162 59 910 752 227 482 473 455 976 753 143 968 321 619 664 243 682 1075 623 258 222 709 381 354 523 1007 250 155 680 108 598 119 522 561 338 880 730 98 565 235 633 807 691 236 799 156 482 653 700 601 420 0 510 529 208 587 961 548 608 291 664 653 582 476 466 371 53 535 601 816 333 501 606 661 501 537 707 351 666 143 215 122 274 395
583 633 843 765 428 329 96 556 437 767 757 619 649 724 280 457 643 477 693 395 735 429 688 846 750 988 566 780 789 421 480 298 319 856 935 451 731 1031 210 570 834 848 698 634 172 485 111 534 120 722 224 855 612 417 634 743 722 524 938 395 702 527 754 421 937 229 401 510 0 135 661 752 739 84 449 237 158 170 656 129 781 653 463 766 633 1031 774 65 598 485 300 188 620 809 881 625 703 507 246 199
575 547 804 631 347 289 202 428 308 633 716 486 536 687 162 513 679 484 559 273 744 318 605 795 617 893 551 645 769 288 346 364 195 723 859 401 747 954 318 501 763 712 675 629 198 477 104 522 15 625 195 726 480 448 525 751 612 393 847 357 569 506 678 286 844 100 304 529 135 0 643 653 605 65 318 238 178 272 547 260 714 589 477 680 519 931 744 73 479 351 178 54 490 784 786 621 738 494 305 310
87 349 207 847 368 355 753 610 599 943 147 869 521 112 751 351 264 201 898 814 165 483 341 249 962 577 95 938 129 641 671 436 756 1050 430 260 196 510 572 266 337 963 42 62 821 177 731 128 641 437 451 792 699 295 484 166 528 832 514 288 749 137 319 681 527 691 432 208 661 643 0 456 946 679 617 425 803 820 494 655 285 232 225 382 528 642 125 636 550 666 558 635 667 151 503 72 277 154 453 585
488 137 414 463 329 462 843 319 402 585 363 575 158 374 661 712 706 538 568 657 618 338 117 347 620 240 454 572 490 451 437 701 641 682 260 367 651 338 793 238 216 571 443 508 849 483 757 469 662 31 547 356 373 617 145 617 103 592 200 426 376 431 157 490 194 633 352 587 752 653 456 0 606 716 409 572 829 917 129 822 219 225 561 94 179 279 429 695 229 429 482 612 332 470 134 512 730 465 676 798
928 627 992 165 596 695 781 337 375 45 919 120 460 913 469 1020 1121 902 52 365 1104 480 668 937 15 772 891 68 1032 355 301 912 428 120 861 712 1126 926 912 684 819 142 955 973 702 862 658 883 621 599 688 344 250 926 491 1107 503 219 769 726 231 845 746 334 753 511 541 961 739 605 946 606 0 657 356 745 689 832 493 865 808 747 912 695 444 765 978 679 407 302 494 555 287 1025 702 971 1168 861 858 908
606 606 849 691 404 330 137 493 373 687 761 538 601 730 196 514 692 508 612 310 769 382 663 844 668 955 585 700 806 351 408 358 235 774 916 448 769 1012 289 555 818 769 713 659 145 508 52 555 55 687 228 790 543 461 589 776 676 441 908 398 632 542 735 346 906 147 365 548 84 65 679 716 657 0 382 259 125 207 611 213 768 642 498 740 584 994 785 48 545 413 243 117 554 823 848 651 751 527 302 279
586 355 705 328 251 339 519 115 20 368 622 258 259 606 264 665 768 549 304 249 766 134 412 667 370 640 550 372 719 42 57 564 236 473 658 367 784 744 584 373 582 426 633 634 485 512 406 537 331 387 340 408 165 571 265 770 336 217 609 372 254 502 496 81 600 256 190 608 449 318 617 409 356 382 0 395 466 587 282 561 551 454 558 470 238 665 673 384 189 54 156 265 172 719 541 631 817 514 512 583
348 440 607 719 247 111 331 469 377 761 522 634 507 489 382 289 443 249 693 478 510 307 488 614 758 796 330 767 553 390 446 169 403 864 720 227 511 816 222 359 617 821 461 401 398 250 311 298 231 542 58 760 550 213 481 517 569 559 741 166 634 290 542 413 743 315 253 291 237 238 425 572 745 259 395 0 380 400 503 259 561 434 240 566 497 846 538 214 477 446 251 250 542 573 691 392 501 271 120 227
728 724 974 749 525 455 116 581 461 724 886 572 704 856 225 616 801 628 649 325 888 491 783 969 698 1068 708 741 931 429 481 456 265 800 1037 573 886 1132 358 678 940 814 838 781 20 630 75 678 173 800 353 868 617 573 696 895 781 471 1024 524 703 666 856 413 1020 210 482 664 158 178 803 829 689 125 466 380 0 144 718 258 891 765 616 858 686 1104 910 167 643 487 348 217 634 948 962 772 861 650 404 345
739 801 1008 885 596 498 74 699 579 866 922 714 807 889 364 576 771 628 791 468 880 588 857 1013 841 1155 725 882 948 553 608 420 405 943 1105 620 871 1201 294 740 1004 954 858 788 136 643 182 692 261 888 393 994 744 556 794 888 882 613 1106 563 832 689 924 543 1105 337 565 653 170 272 820 917 832 207 587 400 144 0 817 185 951 823 611 934 790 1196 936 222 752 614 450 323 758 970 1048 778 830 666 379 279
504 146 502 365 257 399 744 190 276 478 435 452 33 435 539 690 720 526 452 529 658 229 177 444 508 359 467 467 556 324 308 650 516 580 387 333 688 468 724 234 329 479 492 536 738 473 649 473 557 112 468 302 250 591 23 659 67 463 327 381 270 432 253 362 318 516 259 582 656 547 494 129 493 611 282 503 718 817 0 739 316 269 546 206 51 388 498 596 100 299 371 502 210 543 259 538 754 461 617 728
571 694 852 884 493 369 148 661 547 892 770 746 737 735 410 391 586 457 818 524 701 519 744 866 876 1051 562 904 782 537 597 237 448 983 979 486 690 1075 109 617 875 970 695 618 265 480 234 528 245 792 275 962 725 378 717 709 806 652 997 424 815 531 801 542 999 357 480 476 129 260 655 822 865 213 561 259 258 185 739 0 819 692 438 823 723 1099 776 186 694 601 406 311 729 806 946 607 646 504 203 94
345 196 196 675 368 455 877 491 538 793 158 762 348 180 768 607 549 432 767 793 431 440 143 130 823 293 323 781 283 588 594 644 757 893 163 334 468 257 763 214 58 786 259 346 911 383 816 350 718 215 558 574 564 526 319 428 317 759 229 395 584 322 63 631 242 724 421 466 781 714 285 219 808 768 551 561 891 951 316 819 0 128 458 126 365 357 222 736 407 586 569 685 524 258 222 353 560 358 638 772
264 123 252 631 246 327 749 414 439 737 172 685 299 167 651 506 482 328 701 686 396 331 109 216 762 387 233 730 288 487 502 525 644 842 287 206 428 383 639 90 183 746 224 283 785 275 690 252 592 205 430 562 497 417 263 396 297 668 326 268 535 218 116 530 333 604 303 371 653 589 232 225 747 642 454 434 765 823 269 692 128 0 354 163 310 447 232 609 340 495 450 562 461 278 295 287 505 254 515 648
138 426 431 849 323 225 549 593 538 919 359 814 563 322 614 153 214 26 861 699 272 434 449 462 927 740 142 920 347 567 614 212 629 1027 619 216 271 708 349 324 516 961 266 181 632 78 549 110 471 534 285 842 683 71 528 280 600 755 678 187 754 137 468 601 686 548 371 53 463 477 225 561 912 498 558 240 616 611 546 438 458 354 0 516 562 801 350 451 564 611 448 484 662 374 648 170 269 101 234 362
426 134 321 555 338 455 860 393 460 676 276 657 238 290 708 668 641 491 655 717 539 377 78 253 709 231 396 664 403 510 505 677 692 774 188 345 575 278 781 209 124 664 364 439 878 437 784 416 686 96 550 448 456 578 214 538 195 665 175 407 466 381 67 551 178 673 376 535 766 680 382 94 695 740 470 566 858 934 206 823 126 163 516 0 257 287 341 714 304 496 518 644 415 381 132 444 660 416 660 789
531 186 548 322 257 398 718 140 235 430 479 400 22 477 499 702 745 544 402 483 693 205 224 493 459 403 494 421 598 280 260 651 474 534 438 347 721 518 716 264 380 437 529 567 705 493 618 497 529 163 457 280 199 602 48 694 98 412 375 389 225 456 303 316 365 480 246 601 633 519 528 179 444 584 238 497 686 790 51 723 365 310 562 257 0 427 541 572 50 251 341 471 159 587 305 568 782 483 614 719
700 406 511 602 607 735 1122 558 662 732 508 773 406 535 926 953 906 775 742 906 783 613 362 435 777 66 674 713 623 707 681 964 901 806 238 631 821 226 1065 495 307 682 615 703 1124 722 1034 697 939 309 824 433 581 864 409 779 329 815 128 692 545 664 334 741 116 904 631 816 1031 931 642 279 765 994 665 846 1104 1196 388 1099 357 447 801 287 427 0 566 974 476 672 757 888 543 592 156 711 916 700 945 1072
212 355 83 862 437 456 868 645 656 969 66 913 529 67 838 474 361 326 932 890 219 542 326 139 994 499 214 961 61 702 724 561 838 1074 337 345 258 405 696 301 260 977 84 180 929 297 837 249 743 417 557 782 729 420 494 215 518 889 438 387 766 248 275 744 454 782 501 333 774 744 125 429 978 785 673 538 910 936 498 776 222 232 350 341 541 566 0 744 572 718 639 730 693 46 442 191 358 272 576 709
562 580 810 701 376 291 148 491 373 706 722 560 588 691 229 467 644 462 632 343 723 368 636 808 690 933 541 718 764 357 416 312 265 797 887 411 722 983 249 523 787 785 671 615 185 463 97 511 58 666 187 791 548 414 574 730 662 465 885 359 637 499 705 358 883 171 343 501 65 73 636 695 679 48 384 214 167 222 596 186 736 609 451 714 572 974 744 0 536 420 236 125 555 781 826 606 704 483 254 241
545 220 585 297 247 384 680 90 187 397 512 355 72 507 452 699 755 547 362 433 713 175 264 533 422 453 508 390 627 231 209 636 425 503 487 348 739 568 693 284 425 413 554 584 662 498 577 507 491 212 433 285 158 599 90 715 147 363 425 384 200 467 345 266 415 436 224 606 598 479 550 229 407 545 189 477 643 752 100 694 407 340 564 304 50 476 572 536 0 201 302 430 120 618 356 584 794 491 596 694
637 390 746 283 302 392 549 114 73 315 665 205 273 651 273 718 822 603 251 234 817 185 444 705 317 653 601 321 766 64 9 615 239 420 683 419 836 767 630 417 613 377 681 685 505 565 433 589 365 409 391 381 130 624 285 821 346 174 626 426 219 554 529 75 616 278 243 661 485 351 666 429 302 413 54 446 487 614 299 601 586 495 611 496 251 672 718 420 201 0 202 297 149 764 556 682 870 566 563 628
507 386 687 483 206 224 379 257 142 512 599 383 358 576 202 535 663 446 443 258 688 144 446 665 508 721 476 520 675 141 200 418 200 614 702 298 700 795 429 361 612 578 583 560 368 419 278 455 189 454 194 557 320 447 349 693 435 310 679 278 409 427 525 162 675 156 148 501 300 178 558 482 494 243 156 251 348 450 371 406 569 450 448 518 341 757 639 236 302 202 0 131 323 683 616 555 716 428 364 427
572 511 786 577 317 280 255 376 256 582 698 437 489 671 132 535 692 489 508 235 746 274 570 773 567 852 545 594 759 234 293 393 157 674 825 385 752 920 361 473 732 660 665 626 237 476 147 519 68 584 200 673 426 463 480 752 566 345 808 347 515 498 646 233 804 65 268 537 188 54 635 612 555 117 265 250 217 323 502 311 685 562 484 644 471 888 730 125 430 297 131 0 437 771 746 618 750 491 334 355
657 340 705 187 339 463 691 72 182 277 632 244 177 627 421 788 861 648 243 374 828 238 382 651 302 532 619 271 747 205 156 708 388 383 591 450 853 666 745 401 539 301 673 698 652 602 577 616 503 320 491 236 41 689 206 830 234 272 515 477 94 576 462 224 502 424 299 707 620 490 667 332 287 554 172 542 634 758 210 729 524 461 662 415 159 543 693 555 120 149 323 437 0 739 445 698 903 597 661 744
236 400 85 908 482 495 902 691 702 1015 108 960 574 113 881 488 358 351 979 935 205 588 369 158 1040 526 245 1007 36 748 770 586 882 1120 358 388 244 418 722 347 291 1022 112 196 967 327 875 279 783 460 595 824 775 442 539 200 561 936 466 427 812 283 314 790 482 825 546 351 809 784 151 470 1025 823 719 573 948 970 543 806 258 278 374 381 587 592 46 781 618 764 683 771 739 0 475 208 348 303 604 735
553 252 403 548 455 580 974 444 535 676 380 687 284 402 795 800 765 623 670 788 653 472 206 326 716 107 525 660 503 583 565 808 774 764 169 475 690 223 909 339 185 646 480 562 982 569 890 547 794 162 671 406 486 710 276 650 213 714 70 536 472 512 185 620 60 768 483 666 881 786 503 134 702 848 541 691 962 1048 259 946 222 295 648 132 305 156 442 826 356 556 616 746 445 475 0 568 780 548 790 916
47 396 274 881 380 339 714 636 612 970 219 887 562 184 741 283 197 150 921 812 135 497 396 320 986 646 81 967 178 651 687 381 749 1078 501 265 155 581 519 304 407 997 110 11 790 143 702 100 617 491 426 839 727 236 526 140 578 843 583 277 784 130 383 689 595 678 442 143 625 621 72 512 971 651 631 392 772 778 538 607 353 287 170 444 568 711 191 606 584 682 555 618 698 208 568 0 218 128 404 532
250 614 432 1089 572 492 779 838 798 1171 409 1075 777 381 880 255 60 271 1117 968 143 688 614 497 1183 850 287 1170 311 831 874 411 897 1279 694 455 105 763 540 520 609 1204 301 222 875 306 800 287 731 710 550 1055 930 290 741 149 796 1020 787 446 992 327 597 866 801 814 628 215 703 738 277 730 1168 751 817 501 861 830 754 646 560 505 269 660 782 916 358 704 794 870 716 750 903 348 780 218 0 307 458 555
81 333 348 784 265 211 599 532 494 864 270 771 481 233 613 252 264 75 811 686 260 382 352 371 876 639 59 863 282 530 570 296 622 972 520 149 273 610 427 232 416 898 192 135 668 26 579 28 491 439 300 761 623 168 445 265 511 722 577 150 687 36 367 568 586 550 324 122 507 494 154 465 861 527 514 271 650 666 461 504 358 254 101 416 483 700 272 483 491 566 428 491 597 303 548 128 307 0 305 439
368 541 653 837 360 218 322 589 495 876 573 745 623 537 464 213 398 254 807 569 500 427 584 672 871 892 361 883 579 504 562 59 491 977 801 315 492 895 124 451 696 939 494 414 417 279 347 327 294 646 172 879 669 177 595 508 682 664 834 253 754 334 629 524 838 398 372 274 246 305 453 676 858 302 512 120 404 379 617 203 638 515 234 660 614 945 576 254 596 563 364 334 661 604 790 404 458 305 0 135
499 665 786 910 473 337 240 674 567 931 708 790 730 672 470 300 496 384 859 583 617 520 711 807 920 1020 495 941 709 565 626 153 505 1027 934 445 605 1029 15 580 829 1003 626 543 354 413 310 460 296 768 261 972 746 298 706 626 794 700 963 382 834 469 760 577 966 410 473 395 199 310 585 798 908 279 583 227 345 279 728 94 772 648 362 789 719 1072 709 241 694 628 427 355 744 735 916 532 555 439 135 0
