# TTSP Euclidean complete-graph matrix instance
# seed: 2004
# depot: 1
# L_max is not stored in this file; pass it with --budget when running algorithms.
# coordinate rows: node x y
# coord 1 524.545521 789.640364
# coord 2 206.314228 370.308527
# coord 3 667.695782 611.078400
# coord 4 601.547756 904.921259
# coord 5 158.772484 518.800766
# coord 6 894.613805 797.588665
# coord 7 663.251589 889.270439
# coord 8 431.361624 615.452448
# coord 9 58.690766 627.247747
# coord 10 573.907600 345.887247
# coord 11 856.224074 113.251477
# coord 12 77.857533 124.613804
# coord 13 888.194793 501.721926
# coord 14 275.615952 609.942926
# coord 15 341.835809 557.555452
# coord 16 749.767740 297.957008
# coord 17 531.502596 426.331200
# coord 18 343.317167 588.063384
# coord 19 595.477358 536.832827
# coord 20 496.890158 950.623917
# coord 21 510.066621 459.792644
# coord 22 786.823670 555.146886
# coord 23 932.526070 820.753907
# coord 24 524.859936 870.534513
# coord 25 638.534246 800.810147
# coord 26 286.335867 339.834832
# coord 27 478.210973 945.832650
# coord 28 570.080863 764.806715
# coord 29 385.005061 524.785484
# coord 30 618.493592 464.178686
# coord 31 430.612791 655.273676
# coord 32 202.032040 807.621901
# coord 33 370.696118 77.501976
# coord 34 426.576056 777.387001
# coord 35 125.947706 866.651983
# coord 36 877.092248 391.421536
# coord 37 901.167960 758.873848
# coord 38 238.888027 525.306534
# coord 39 106.920023 221.928127
# coord 40 882.368908 308.608319
# coord 41 443.332347 816.712323
# coord 42 395.616514 397.324693
# coord 43 779.735261 297.275238
# coord 44 663.800827 9.096554
# coord 45 169.354718 219.311788
# coord 46 577.770566 74.329784
# coord 47 846.655934 906.171827
# coord 48 108.033130 191.890244
# coord 49 879.679696 419.381114
# coord 50 338.994987 491.741168
# coord 51 569.109402 389.548650
# coord 52 695.276568 484.266275
# coord 53 829.462250 683.488975
# coord 54 40.136167 997.304798
# coord 55 9.447726 321.811065
# coord 56 467.614188 192.418911
# coord 57 850.218776 175.205575
# coord 58 204.827891 22.405219
# coord 59 495.468661 956.266658
# coord 60 717.694092 433.839557
# coord 61 763.339872 363.706296
# coord 62 709.789918 680.601417
# coord 63 329.898368 223.332685
# coord 64 179.502521 183.777512
# coord 65 28.434900 293.417350
# coord 66 911.677608 732.707919
# coord 67 705.892327 57.092509
# coord 68 432.188055 936.958213
# coord 69 720.876824 459.690108
# coord 70 593.954875 57.088418
# coord 71 368.816252 458.188029
# coord 72 798.347872 608.174676
# coord 73 16.215791 340.664029
# coord 74 403.931643 931.604711
# coord 75 983.926048 677.357016
# coord 76 943.124815 820.228759
# coord 77 450.155429 639.529715
# coord 78 632.890174 555.070329
# coord 79 353.146272 658.676222
# coord 80 794.533365 448.912616
# coord 81 901.030011 392.153095
# coord 82 969.721113 224.453964
# coord 83 325.869105 842.217049
# coord 84 989.688609 590.347691
# coord 85 739.623728 237.443998
# coord 86 382.748492 65.285858
# coord 87 642.893908 907.539249
# coord 88 872.815271 603.104350
# coord 89 21.805274 843.287624
# coord 90 171.059850 766.342110
# coord 91 490.331202 73.139035
# coord 92 851.382665 330.521134
# coord 93 909.810628 576.254201
# coord 94 204.089091 222.072702
# coord 95 784.836546 823.234701
# coord 96 41.746314 579.184231
# coord 97 200.553866 411.842506
# coord 98 472.686468 440.581070
# coord 99 689.646198 928.713462
# coord 100 992.010399 722.133495
# reference_nearest_neighbor_tour_cost: 9783
TTSP_MATRIX
100
0 81 28 49 80 88 29 51 26 95 35 61 31 96 15 65 87 12 15 81 38 96 58 23 85 5 81 26 98 66 53 92 87 23 29 53 83 63 63 25 25 72 47 34 24 63 8 43 100 80 17 72 69 7 7 32 80 8 58 70 81 79 67 66 24 64 66 9 67 33 11 62 86 5 84 78 85 69 3 92 14 67 90 31 40 54 63 99 88 28 100 5 72 89 60 90 71 97 16 7
0 526 229 139 455 370 171 198 493 446 753 801 464 307 295 541 363 271 263 163 330 352 409 81 115 509 163 52 299 339 164 323 729 99 406 532 378 389 705 600 86 413 555 793 672 717 343 729 513 351 403 350 323 527 696 600 695 831 169 405 488 215 599 697 702 391 755 174 384 736 366 328 678 186 473 420 168 258 216 435 547 719 206 506 593 738 167 395 506 354 717 564 440 652 262 527 498 353 216 472
526 0 520 665 156 810 691 333 296 368 699 277 694 249 231 548 330 257 423 649 317 609 855 593 610 86 637 537 236 423 363 437 336 463 503 671 796 158 179 679 505 191 578 583 155 475 835 204 675 180 363 502 697 649 203 316 673 348 653 515 557 591 192 188 194 793 590 610 522 498 185 638 192 595 836 863 363 465 324 593 695 777 487 814 550 352 692 706 508 398 411 646 733 148 735 266 42 275 739 861
229 520 0 301 517 294 278 236 609 281 532 765 246 392 330 324 230 325 104 380 218 132 338 296 192 468 385 182 296 155 241 505 611 293 599 303 276 437 683 371 304 346 333 602 634 544 345 699 286 350 242 130 177 737 719 464 473 749 386 184 265 81 514 649 714 273 555 402 160 559 336 131 705 415 323 346 219 66 318 206 320 491 413 323 380 616 297 205 686 520 566 335 245 605 242 627 508 259 318 343
139 665 301 0 587 312 64 336 610 560 832 940 495 440 434 625 484 409 368 114 454 396 342 84 110 647 130 144 437 441 303 411 859 217 477 583 333 525 843 659 181 548 633 898 810 831 245 867 560 490 516 431 318 569 831 725 771 968 118 485 565 249 734 836 838 355 854 172 461 848 504 356 813 199 445 352 306 351 350 495 594 774 283 500 682 868 41 406 583 452 839 626 451 790 201 648 636 482 91 431
455 156 517 587 0 787 626 289 148 450 807 402 730 148 187 631 384 197 437 548 356 629 831 508 557 220 533 479 226 463 304 292 490 372 349 730 780 80 301 754 412 266 659 718 300 611 789 331 728 182 430 538 691 493 247 449 772 499 552 565 624 574 341 336 260 783 716 500 565 634 219 646 228 480 840 840 315 476 239 640 753 863 364 834 645 506 621 719 352 248 555 718 753 300 696 132 115 324 671 858
370 810 294 312 787 0 249 498 853 554 685 1058 296 647 603 520 519 590 397 426 512 265 44 377 256 761 442 326 578 433 485 693 891 468 772 407 39 710 976 489 452 640 513 822 928 790 119 993 379 634 522 371 131 878 1005 741 624 1038 430 404 453 219 805 942 1002 67 764 483 380 799 626 212 990 509 150 54 472 357 559 363 405 578 570 228 581 893 275 196 874 724 830 469 222 899 113 880 794 553 243 123
171 691 278 64 626 249 0 359 659 551 800 963 448 478 462 598 481 439 359 177 456 356 278 140 92 666 193 155 459 427 330 468 863 262 538 542 271 559 869 621 232 560 603 880 832 819 184 891 517 513 509 406 265 632 866 724 738 981 181 459 535 214 745 855 871 294 833 236 433 835 522 312 848 263 384 288 328 336 386 460 551 732 341 443 656 870 27 355 643 507 834 590 398 810 138 695 665 487 47 369
198 333 236 336 289 498 359 0 373 305 658 605 471 156 107 450 214 92 182 342 174 361 542 272 278 311 334 204 102 241 40 299 541 162 395 499 491 213 510 545 202 221 472 649 475 561 507 533 489 154 265 295 404 547 514 425 608 635 347 339 417 286 405 500 516 494 622 322 329 582 169 367 498 317 556 551 31 210 89 400 520 665 250 559 488 552 361 442 469 301 546 508 480 454 410 391 308 180 406 571
493 296 609 610 148 853 659 373 0 587 949 503 839 218 292 766 514 287 544 545 481 732 895 526 605 367 527 530 342 583 373 230 632 397 249 852 853 207 408 883 429 408 793 865 423 758 836 438 847 311 563 652 773 371 309 597 912 622 547 687 752 653 487 460 335 859 863 485 683 782 353 740 290 460 927 905 392 579 296 757 875 996 343 932 785 649 648 814 219 179 702 846 853 430 752 51 258 454 699 938
446 368 281 560 450 554 551 305 587 0 366 543 351 398 314 182 91 334 192 610 131 299 595 527 459 288 608 419 260 126 341 593 337 456 687 307 527 380 483 311 489 186 211 349 424 272 623 491 314 277 44 184 423 842 565 187 325 491 615 169 190 361 273 426 548 514 318 608 186 289 234 345 558 610 527 601 319 217 383 243 330 414 555 482 198 340 566 394 743 582 285 278 407 390 522 581 379 139 594 562
753 699 532 832 807 685 800 658 949 366 0 778 390 764 680 213 451 699 497 911 490 447 712 827 721 613 914 712 626 424 689 954 487 791 1049 279 647 742 757 197 816 541 199 219 695 281 793 752 307 641 398 404 571 1203 872 397 62 658 917 349 267 586 538 680 847 622 160 926 372 268 597 498 870 935 578 712 665 495 742 341 282 159 901 495 170 476 822 490 1109 947 368 217 466 661 714 938 720 504 832 624
801 277 765 940 402 1058 963 605 503 543 778 0 894 524 507 694 545 534 662 926 547 829 1102 870 878 300 914 808 504 638 637 694 297 740 744 843 1039 432 102 825 783 419 723 597 132 502 1096 74 854 451 558 715 937 874 209 396 774 163 931 711 726 842 271 118 176 1032 632 886 725 520 443 868 225 870 1061 1110 635 702 601 787 866 897 759 1024 671 311 966 928 721 648 416 800 947 159 994 456 312 506 1010 1092
464 694 246 495 730 296 448 471 839 351 390 894 0 622 549 246 365 552 295 596 380 115 322 518 390 623 604 413 504 272 483 751 669 538 845 111 257 650 830 193 545 504 231 541 772 528 407 839 83 549 338 194 191 982 897 522 329 835 601 184 186 253 624 777 885 232 481 630 173 533 521 139 887 648 200 323 459 261 558 108 110 289 657 135 303 668 474 103 931 764 585 175 78 739 338 850 693 420 471 244
307 249 392 440 148 647 478 156 218 398 764 524 622 0 84 568 315 71 328 406 278 514 690 361 410 270 392 333 139 373 161 211 541 225 297 640 643 92 423 677 266 244 593 715 405 615 643 450 633 134 367 438 559 453 392 460 721 592 410 476 546 440 390 437 402 648 701 363 470 638 178 523 374 346 712 700 177 361 92 543 662 794 238 714 595 555 473 597 345 188 578 640 635 394 552 236 212 260 523 725
295 231 330 434 187 603 462 107 292 314 680 507 549 84 0 484 231 31 254 423 195 445 647 363 384 225 412 308 54 292 132 286 481 236 377 560 594 108 410 595 278 169 509 636 380 538 613 434 555 66 283 361 504 533 408 386 636 552 427 396 464 388 334 408 410 596 619 390 391 560 103 459 391 379 653 656 136 291 102 466 583 711 285 649 511 494 462 533 429 270 507 558 568 363 517 301 203 176 509 671
541 548 324 625 631 520 598 450 766 182 213 694 246 568 484 0 253 499 284 700 289 260 554 615 515 465 702 500 430 212 479 748 439 578 844 158 485 559 647 133 603 368 30 301 586 282 616 650 178 454 203 194 394 996 741 301 159 611 706 140 67 385 426 582 721 464 245 714 164 287 413 314 735 722 446 557 454 282 536 157 178 232 690 378 61 435 619 329 910 745 343 107 321 551 526 762 561 312 634 488
363 330 230 484 384 519 481 214 514 91 451 545 365 315 231 253 0 248 128 525 40 286 562 444 389 260 522 341 177 95 250 504 384 366 599 347 497 309 471 370 400 139 280 438 417 355 574 484 348 203 53 174 394 753 532 242 406 519 531 186 240 311 286 427 520 488 408 520 192 374 166 323 522 521 517 570 228 164 293 264 371 482 464 487 281 390 494 384 659 496 356 334 407 386 471 513 331 61 527 547
271 257 325 409 197 590 439 92 287 334 699 534 552 71 31 499 248 0 257 394 210 445 633 336 364 255 382 288 76 302 110 261 511 207 353 569 583 122 436 607 250 198 524 662 408 565 595 461 562 96 301 367 495 509 427 415 654 582 398 405 476 378 365 436 431 586 643 360 399 587 132 455 410 349 647 643 119 291 71 472 591 724 255 646 529 524 438 530 410 248 535 570 567 392 500 302 227 196 486 662
263 423 104 368 437 397 359 182 544 192 497 662 295 328 254 284 128 257 0 425 115 192 441 341 267 367 425 229 211 76 203 478 511 294 574 317 378 357 581 367 319 244 302 532 531 463 447 597 308 260 150 113 276 721 624 367 442 646 431 160 241 184 411 546 617 372 492 432 147 480 240 215 612 439 413 449 178 42 271 218 338 487 407 398 332 517 374 285 650 482 475 329 317 502 343 555 414 156 403 438
163 649 380 114 548 426 177 342 545 610 911 926 596 406 423 700 525 394 425 0 491 490 455 85 206 646 19 200 440 501 303 328 882 187 380 676 447 497 826 749 144 562 712 956 801 880 353 853 655 485 566 507 427 459 796 759 852 973 6 562 645 344 746 830 807 469 918 66 540 899 509 456 777 95 558 465 315 418 325 583 689 867 202 610 753 893 152 512 487 374 878 714 557 785 315 587 615 511 194 545
330 317 218 454 356 512 456 174 481 131 490 547 380 278 195 289 40 210 115 491 0 293 556 411 364 254 487 311 141 109 211 465 407 328 560 373 492 279 468 402 363 130 315 476 417 391 559 483 372 174 92 187 390 714 519 271 444 533 497 209 271 298 297 431 510 486 448 483 211 411 141 324 508 484 521 563 189 155 253 285 397 516 424 497 320 415 467 390 621 457 387 365 416 387 456 483 313 42 502 549
352 609 132 396 629 265 356 361 732 299 447 829 115 514 445 260 286 445 192 490 293 0 303 410 287 545 498 302 403 191 370 637 633 423 731 187 234 549 757 264 432 422 258 560 703 524 356 770 164 452 274 116 135 868 812 483 385 789 496 140 193 147 565 712 802 217 505 521 116 534 429 54 800 537 232 308 347 154 446 107 199 378 543 206 321 635 381 98 817 651 566 234 125 671 268 745 604 334 386 265
409 855 338 342 831 44 278 542 895 595 712 1102 322 690 647 554 562 633 441 455 556 303 0 411 295 806 471 367 622 475 528 731 932 508 808 433 69 754 1020 515 489 684 545 855 972 826 121 1037 405 679 564 412 172 910 1049 782 651 1080 458 443 487 263 849 986 1047 90 797 514 419 835 670 251 1034 540 152 11 515 400 602 397 430 597 607 237 614 934 302 226 911 763 869 497 246 943 148 923 838 597 266 115
81 593 296 84 508 377 140 272 526 527 827 870 518 361 363 615 444 336 341 85 411 410 411 0 133 582 89 115 373 417 235 329 808 135 399 595 393 448 772 666 98 491 627 873 742 798 324 796 574 422 483 422 357 501 753 681 768 907 91 477 560 265 676 769 761 411 833 114 455 816 441 379 734 135 498 421 243 333 273 500 609 784 201 543 669 818 124 439 504 369 798 631 485 723 264 564 562 433 175 490
115 610 192 110 557 256 92 278 605 459 721 878 390 410 384 515 389 364 267 206 364 287 295 133 0 580 216 77 375 337 254 437 771 213 517 474 266 485 786 549 196 471 523 792 747 729 233 808 451 430 417 322 224 630 791 632 660 891 211 375 455 140 655 769 794 282 747 247 351 745 436 250 774 269 367 305 248 246 319 385 486 665 315 409 572 779 107 307 618 469 743 516 352 724 148 637 586 397 138 362
509 86 468 647 220 761 666 311 367 288 613 300 623 270 225 465 260 255 367 646 254 545 806 582 580 0 636 511 210 355 347 475 276 459 551 593 744 191 215 597 502 123 495 502 168 394 797 232 599 161 287 434 643 702 277 234 587 328 651 441 478 544 124 189 262 739 506 615 451 418 144 578 270 603 775 814 342 408 326 520 617 693 504 747 465 291 670 643 569 442 336 565 667 144 694 342 112 212 714 803
163 637 385 130 533 442 193 334 527 608 914 914 604 392 412 702 522 382 425 19 487 498 471 89 216 636 0 203 431 502 294 309 875 176 361 683 462 484 814 755 134 555 715 955 789 877 371 840 662 475 564 510 438 441 780 753 856 963 20 565 648 352 738 819 792 483 917 47 543 896 500 465 761 76 573 482 308 420 313 589 697 873 184 623 755 886 169 523 468 356 873 720 568 774 330 570 602 505 212 560
52 537 182 144 479 326 155 204 530 419 712 808 413 333 308 500 341 288 229 200 311 302 367 115 77 511 203 0 303 305 177 371 716 144 456 483 331 409 714 553 137 407 512 761 677 691 311 736 464 358 375 307 272 579 715 581 653 827 205 362 445 163 592 700 718 343 721 221 340 708 367 277 698 235 423 377 173 219 242 388 498 672 256 454 554 724 160 343 554 399 696 517 389 655 223 560 511 339 203 424
299 236 296 437 226 578 459 102 342 260 626 504 504 139 54 430 177 76 211 440 141 403 622 373 375 210 431 303 0 241 138 337 448 256 429 510 567 146 411 542 298 128 456 586 374 490 599 433 506 57 228 313 472 585 427 342 582 534 445 345 411 360 306 398 425 566 567 415 342 512 69 422 412 407 618 631 132 250 138 416 533 657 323 608 456 460 462 494 483 323 464 505 527 353 499 348 216 122 506 638
339 423 155 441 463 433 427 241 583 126 424 638 272 373 292 212 95 302 76 501 109 191 475 417 337 355 502 305 241 0 268 540 459 367 636 269 408 384 566 306 394 233 232 457 512 392 497 579 265 281 89 79 304 787 625 311 370 605 507 104 176 235 376 521 614 398 416 508 102 408 250 230 615 514 423 482 243 92 329 177 292 425 478 392 257 463 444 290 707 540 412 269 312 480 396 588 421 148 470 454
164 363 241 303 304 485 330 40 373 341 689 637 483 161 132 479 250 110 203 303 211 370 528 235 254 347 294 177 138 268 0 275 581 122 371 519 482 232 541 569 162 260 500 687 508 599 486 565 507 187 300 315 400 519 537 464 638 672 308 363 442 280 444 534 541 487 658 282 350 620 207 371 520 278 554 538 25 226 78 418 539 690 214 563 520 592 330 445 450 282 585 532 486 489 392 396 335 219 377 565
323 437 505 411 292 693 468 299 230 593 954 694 751 211 286 748 504 261 478 328 465 637 731 329 437 475 309 371 337 540 275 0 749 227 96 793 701 285 593 844 241 454 771 922 589 824 652 623 781 344 556 590 640 249 523 670 906 785 329 637 716 523 598 624 543 714 904 264 625 847 387 629 503 237 793 741 300 499 212 693 813 964 129 817 784 764 452 701 184 52 789 806 745 586 583 279 396 456 502 795
729 336 611 859 490 891 863 541 632 337 487 297 669 541 481 439 384 511 511 882 407 633 932 808 771 276 875 716 448 459 581 749 0 702 826 596 864 467 301 561 743 321 464 301 246 207 956 286 613 415 370 520 760 977 436 150 489 175 888 497 486 692 151 219 405 850 336 862 518 224 381 682 441 855 858 938 568 545 581 564 617 617 766 804 402 17 874 727 842 717 120 543 734 221 853 600 375 377 909 895
99 463 293 217 372 468 262 162 397 456 791 740 538 225 236 578 366 207 294 187 328 423 508 135 213 459 176 144 256 367 122 227 702 0 314 593 475 314 641 654 43 381 596 804 615 719 439 667 577 299 413 398 414 445 618 586 736 787 192 450 533 299 562 643 627 487 773 160 433 739 324 408 599 156 566 518 140 303 140 493 611 775 120 593 624 713 252 479 410 256 707 617 523 598 361 433 430 340 303 568
406 503 599 477 349 772 538 395 249 687 1049 744 845 297 377 844 599 353 574 380 560 731 808 399 517 551 361 456 429 636 371 96 826 314 0 889 783 360 645 940 321 541 867 1012 649 912 722 675 876 431 651 686 727 156 557 756 1001 848 380 733 812 613 675 685 581 797 996 314 721 935 475 720 537 285 879 818 396 595 308 788 909 1060 201 907 879 842 519 792 107 110 873 902 836 649 660 300 461 549 567 878
532 671 303 583 730 407 542 499 852 307 279 843 111 640 560 158 347 569 317 676 373 187 433 595 474 593 683 483 510 269 519 793 596 593 889 0 368 652 789 83 607 482 135 438 728 436 516 795 28 547 308 204 296 1033 870 455 218 767 682 165 117 334 572 728 854 343 376 704 170 438 513 231 862 718 305 434 494 294 588 101 24 191 712 229 206 592 567 212 967 799 501 66 188 694 442 856 677 407 569 350
378 796 276 333 780 39 271 491 853 527 647 1039 257 643 594 485 497 583 378 447 492 234 69 393 266 744 462 331 567 408 482 701 864 475 783 368 0 702 959 451 461 622 477 786 909 757 157 975 340 622 497 343 104 893 993 713 586 1014 451 373 419 207 783 923 989 28 728 502 349 766 611 182 979 526 116 74 467 337 557 328 367 539 581 190 546 866 298 158 883 730 799 431 183 880 133 878 782 534 271 98
389 158 437 525 80 710 559 213 207 380 742 432 650 92 108 559 309 122 357 497 279 549 754 448 485 191 484 409 146 384 232 285 467 314 360 652 702 0 331 679 356 202 587 669 314 564 717 358 649 106 357 458 611 512 307 404 704 504 502 487 549 496 315 347 313 704 661 455 486 588 146 566 289 439 760 763 240 395 176 561 675 790 329 754 578 482 556 639 385 250 517 643 673 305 622 204 120 249 605 778
705 179 683 843 301 976 869 510 408 483 757 102 830 423 410 647 471 436 581 826 468 757 1020 772 786 215 814 714 411 566 541 593 301 641 645 789 959 331 0 780 683 338 677 596 62 493 1008 30 798 356 492 644 857 778 140 362 745 222 831 646 672 758 223 82 106 953 621 786 658 514 353 792 149 769 988 1028 541 623 501 724 812 863 658 957 633 317 870 856 627 548 411 752 878 97 906 363 212 426 916 1017
600 679 371 659 754 489 621 545 883 311 197 825 193 677 595 133 370 607 367 749 402 264 515 666 549 597 755 553 542 306 569 844 561 654 940 83 451 679 780 0 672 495 103 371 719 384 599 783 111 573 324 257 379 1088 873 431 137 736 754 207 131 410 559 714 854 425 307 773 221 383 535 311 867 786 382 515 544 351 635 166 86 121 771 301 160 556 645 295 1013 846 457 38 269 684 524 883 690 430 649 428
86 505 304 181 412 452 232 202 429 489 816 783 545 266 278 603 400 250 319 144 363 432 489 98 196 502 134 137 298 394 162 241 743 43 321 607 461 356 683 672 0 422 619 837 657 754 413 709 590 341 445 417 408 442 658 625 760 829 149 471 555 299 604 686 668 476 804 121 452 774 366 412 640 121 558 500 177 323 182 509 624 792 120 591 651 754 219 480 422 277 745 635 525 641 342 467 472 377 271 557
413 191 346 548 266 640 560 221 408 186 541 419 504 244 169 368 139 198 244 562 130 422 684 491 471 123 555 407 128 233 260 454 321 381 541 482 622 202 338 495 422 0 397 472 288 371 680 353 485 110 174 312 520 697 393 217 506 421 568 324 369 423 186 304 382 615 460 541 331 394 67 455 384 534 652 692 248 285 265 402 505 600 450 625 379 332 567 520 582 432 338 461 544 260 577 398 196 88 607 679
555 578 333 633 659 513 603 472 793 211 199 723 231 593 509 30 280 524 302 712 315 258 545 627 523 495 715 512 456 232 500 771 464 596 867 135 477 587 677 103 619 397 0 311 615 301 613 680 158 482 230 205 389 1018 771 329 141 637 718 150 68 390 456 611 751 455 251 728 173 304 441 311 765 737 431 548 475 297 559 152 154 203 709 361 72 460 625 320 934 768 366 79 308 581 526 790 590 339 638 475
793 583 602 898 718 822 880 649 865 349 219 597 541 715 636 301 438 662 532 956 476 560 855 873 792 502 955 761 586 457 687 922 301 804 1012 438 786 669 596 371 837 472 311 0 537 108 916 585 464 582 392 476 694 1169 725 269 250 459 962 428 368 673 397 515 696 765 64 956 454 85 537 614 728 958 741 858 666 547 720 459 451 374 899 666 241 287 899 630 1053 903 185 372 618 507 823 844 614 472 920 785
672 155 634 810 300 928 832 475 423 424 695 132 772 405 380 586 417 408 531 801 417 703 972 742 747 168 789 677 374 512 508 589 246 615 649 728 909 314 62 719 657 288 615 537 0 433 965 67 738 321 434 589 807 789 190 299 682 200 806 589 611 711 161 37 159 903 561 764 602 455 311 739 195 750 935 980 505 572 476 666 752 800 642 900 571 263 835 801 641 547 353 691 822 35 862 382 195 375 880 964
717 475 544 831 611 790 819 561 758 272 281 502 528 615 538 282 355 565 463 880 391 524 826 798 729 394 877 691 490 392 599 824 207 719 912 436 757 564 493 384 754 371 301 108 433 0 874 484 458 481 315 426 659 1068 620 161 291 377 886 386 344 620 289 413 591 738 129 875 411 24 437 578 622 875 727 831 579 484 626 433 453 420 808 660 230 195 836 606 949 803 87 375 602 402 777 736 506 381 862 769
343 835 345 245 789 119 184 507 836 623 793 1096 407 643 613 616 574 595 447 353 559 356 121 324 233 797 371 311 599 497 486 652 956 439 722 516 157 717 1008 599 413 680 613 916 965 874 0 1028 488 655 586 448 223 812 1021 808 731 1092 355 490 549 264 856 983 1022 185 861 416 464 886 655 302 1005 443 267 129 478 411 552 460 517 693 525 347 677 960 204 304 827 690 906 576 336 939 103 869 814 597 159 235
729 204 699 867 331 993 891 533 438 491 752 74 839 450 434 650 484 461 597 853 483 770 1037 796 808 232 840 736 433 579 565 623 286 667 675 795 975 358 30 783 709 353 680 585 67 484 1028 0 804 378 502 656 873 808 163 360 742 195 857 656 677 775 224 72 129 969 613 813 669 504 373 806 175 797 1001 1045 563 638 527 733 818 862 686 968 633 302 893 868 657 578 400 756 889 101 926 393 239 441 939 1031
513 675 286 560 728 379 517 489 847 314 307 854 83 633 555 178 348 562 308 655 372 164 405 574 451 599 662 464 506 265 507 781 613 577 876 28 340 649 798 111 590 485 158 464 738 458 488 804 0 546 312 195 269 1019 876 470 246 783 660 163 129 312 584 739 861 315 402 684 164 461 512 206 867 699 278 406 483 282 578 90 35 215 697 203 230 610 543 184 957 789 521 93 160 704 415 853 679 408 544 323
351 180 350 490 182 634 513 154 311 277 641 451 549 134 66 454 203 96 260 485 174 452 679 422 430 161 475 358 57 281 187 344 415 299 431 547 622 106 356 573 341 110 482 582 321 481 655 378 546 0 252 356 527 587 371 326 601 488 490 383 443 416 269 347 368 621 569 455 383 504 45 474 356 445 671 688 185 301 168 458 571 685 351 658 475 429 515 545 473 322 445 537 577 302 556 310 160 143 560 692
403 363 242 516 430 522 509 265 563 44 398 558 338 367 283 203 53 301 150 566 92 274 564 483 417 287 564 375 228 89 300 556 370 413 651 308 497 357 492 324 445 174 230 392 434 315 586 502 312 252 0 158 393 806 564 222 354 517 571 155 196 323 291 441 549 485 359 564 167 333 212 317 555 567 505 570 277 177 345 233 332 433 514 466 228 374 523 371 711 548 326 288 389 402 484 560 369 109 552 538
350 502 130 431 538 371 406 295 652 184 404 715 194 438 361 194 174 367 113 507 187 116 412 422 322 434 510 307 313 79 315 590 520 398 686 204 343 458 644 257 417 312 205 476 589 426 448 656 195 356 158 0 240 832 705 370 346 674 513 55 138 197 449 597 694 329 427 524 35 439 328 161 694 534 347 417 290 94 384 105 225 378 514 313 251 523 427 214 763 595 459 219 233 557 351 660 500 227 444 380
323 697 177 318 691 131 265 404 773 423 571 937 191 559 504 394 394 495 276 427 390 135 172 357 224 643 438 272 472 304 400 640 760 414 727 296 104 611 857 379 408 520 389 694 807 659 223 873 269 527 393 240 0 849 896 610 509 910 431 274 327 120 679 820 891 96 638 471 249 669 513 81 883 493 155 178 382 235 477 237 300 480 528 185 455 763 292 91 823 664 698 354 134 777 147 795 685 432 282 167
527 649 737 569 493 878 632 547 371 842 1203 874 982 453 533 996 753 509 721 459 714 868 910 501 630 702 441 579 585 787 519 249 977 445 156 1033 893 512 778 1088 442 697 1018 1169 789 1068 812 808 1019 587 806 832 849 0 676 911 1154 989 457 881 961 741 826 825 704 911 1152 397 867 1091 631 852 657 370 997 920 544 740 461 933 1052 1209 325 1033 1033 993 609 921 155 265 1028 1050 966 792 765 418 607 705 653 991
696 203 719 831 247 1005 866 514 309 565 872 209 897 392 408 741 532 427 624 796 519 812 1049 753 791 277 780 715 427 625 537 523 436 618 557 870 993 307 140 873 658 393 771 725 190 620 1021 163 876 371 564 705 896 676 0 476 853 358 799 717 755 787 335 219 34 991 745 746 725 642 384 839 20 726 1037 1058 543 666 481 795 894 965 609 1016 735 453 863 908 522 473 541 842 936 219 923 259 211 478 912 1061
600 316 464 725 449 741 724 425 597 187 397 396 522 460 386 301 242 415 367 759 271 483 782 681 632 234 753 581 342 311 464 670 150 586 756 455 713 404 362 431 625 217 329 269 299 161 808 360 470 326 222 370 610 911 476 0 383 313 764 348 342 545 141 288 451 699 274 745 368 185 284 531 475 742 708 788 447 399 480 416 477 503 665 656 276 153 736 577 789 646 121 408 586 265 706 575 346 248 769 745
695 673 473 771 772 624 738 608 912 325 62 774 329 721 636 159 406 654 442 852 444 385 651 768 660 587 856 653 582 370 638 906 489 736 1001 218 586 704 745 137 760 506 141 250 682 291 731 742 246 601 354 346 509 1154 853 383 0 663 858 291 208 525 523 671 830 561 186 869 313 282 558 436 850 878 520 652 613 438 693 279 223 129 848 438 127 480 761 428 1064 900 374 155 405 648 651 904 691 461 770 565
831 348 749 968 499 1038 981 635 622 491 658 163 835 592 552 611 519 582 646 973 533 789 1080 907 891 328 963 827 534 605 672 785 175 787 848 767 1014 504 222 736 829 421 637 459 200 377 1092 195 783 488 517 674 910 989 358 313 663 0 978 658 655 830 237 163 323 1002 502 942 676 391 466 834 370 931 1018 1087 664 683 653 728 788 791 829 969 576 183 988 885 841 745 290 716 897 200 989 580 389 497 1028 1053
169 653 386 118 552 430 181 347 547 615 917 931 601 410 427 706 531 398 431 6 497 496 458 91 211 651 20 205 445 507 308 329 888 192 380 682 451 502 831 754 149 568 718 962 806 886 355 857 660 490 571 513 431 457 799 764 858 978 0 568 650 349 751 835 811 472 923 66 545 905 514 461 780 95 562 468 320 424 330 589 695 872 204 615 759 898 155 517 487 376 883 720 562 790 318 590 619 516 196 549
405 515 184 485 565 404 459 339 687 169 349 711 184 476 396 140 186 405 160 562 209 140 443 477 375 441 565 362 345 104 363 637 497 450 733 165 373 487 646 207 471 324 150 428 589 386 490 656 163 383 155 55 274 881 717 348 291 658 568 0 84 247 441 593 703 356 377 578 26 397 350 192 708 588 361 447 337 148 428 78 188 328 566 314 198 498 480 230 807 640 426 169 239 556 395 691 518 245 496 398
488 557 265 565 624 453 535 417 752 190 267 726 186 546 464 67 240 476 241 645 271 193 487 560 455 478 648 445 411 176 442 716 486 533 812 117 419 549 672 131 555 369 68 368 611 344 549 677 129 443 196 138 327 961 755 342 208 655 650 84 0 321 456 611 738 398 312 662 105 350 406 247 747 672 383 491 417 232 505 91 141 249 648 320 128 484 557 263 883 716 399 94 258 577 460 753 565 301 570 425
215 591 81 249 574 219 214 286 653 361 586 842 253 440 388 385 311 378 184 344 298 147 263 265 140 544 352 163 360 235 280 523 692 299 613 334 207 496 758 410 299 423 390 673 711 620 264 775 312 416 323 197 120 741 787 545 525 830 349 247 321 0 594 727 784 209 624 378 221 634 407 114 772 396 274 272 263 147 357 247 346 525 417 294 444 697 237 181 707 546 646 378 226 683 161 676 576 337 249 285
599 192 514 734 341 805 745 405 487 273 538 271 624 390 334 426 286 365 411 746 297 565 849 676 655 124 738 592 306 376 444 598 151 562 675 572 783 315 223 559 604 186 456 397 161 289 856 224 584 269 291 449 679 826 335 141 523 237 751 441 456 594 0 156 310 773 411 721 457 312 238 606 335 712 796 856 433 449 436 516 596 640 619 755 410 167 752 663 692 566 220 532 679 126 753 458 229 260 792 829
697 188 649 836 336 942 855 500 460 426 680 118 777 437 408 582 427 436 546 830 431 712 986 769 769 189 819 700 398 521 534 624 219 643 685 728 923 347 82 714 686 304 611 515 37 413 983 72 739 347 441 597 820 825 219 288 671 163 835 593 611 727 156 0 187 915 541 794 608 433 333 750 226 781 944 994 530 586 506 670 751 791 675 906 563 235 859 810 678 583 330 688 829 46 881 419 229 390 903 975
702 194 714 838 260 1002 871 516 335 548 847 176 885 402 410 721 520 431 617 807 510 802 1047 761 794 262 792 718 425 614 541 543 405 627 581 854 989 313 106 854 668 382 751 696 159 591 1022 129 861 368 549 694 891 704 34 451 830 323 811 703 738 784 310 187 0 986 717 760 712 613 378 832 49 740 1030 1056 546 659 489 782 878 944 624 1006 713 421 869 899 550 494 512 824 926 190 923 286 209 468 917 1055
391 793 273 355 783 67 294 494 859 514 622 1032 232 648 596 464 488 586 372 469 486 217 90 411 282 739 483 343 566 398 487 714 850 487 797 343 28 704 953 425 476 615 455 765 903 738 185 969 315 621 485 329 96 911 991 699 561 1002 472 356 398 209 773 915 986 0 706 521 333 747 608 168 978 545 91 93 471 331 563 307 341 512 596 162 524 852 321 135 897 741 783 407 156 873 156 883 780 527 296 81
755 590 555 854 716 764 833 622 863 318 160 632 481 701 619 245 408 643 492 918 448 505 797 833 747 506 917 721 567 416 658 904 336 773 996 376 728 661 621 307 804 460 251 64 561 129 861 613 402 569 359 427 638 1152 745 274 186 502 923 377 312 624 411 541 717 706 0 921 403 112 524 559 746 925 680 799 636 503 697 402 388 312 872 604 183 323 853 571 1042 888 216 310 558 528 770 845 617 449 872 724
174 610 402 172 500 483 236 322 485 608 926 886 630 363 390 714 520 360 432 66 483 521 514 114 247 615 47 221 415 508 282 264 862 160 314 704 502 455 786 773 121 541 728 956 764 875 416 813 684 455 564 524 471 397 746 745 869 942 66 578 662 378 721 794 760 521 921 0 558 895 483 492 727 29 610 524 298 431 289 608 719 893 142 656 764 873 213 553 421 312 866 737 599 750 371 530 574 498 258 600
384 522 160 461 565 380 433 329 683 186 372 725 173 470 391 164 192 399 147 540 211 116 419 455 351 451 543 340 342 102 350 625 518 433 721 170 349 486 658 221 452 331 173 454 602 411 464 669 164 383 167 35 249 867 725 368 313 676 545 26 105 221 457 608 712 333 403 558 0 422 352 167 715 568 341 424 325 130 418 74 192 342 550 299 223 520 455 209 797 630 450 184 222 569 369 690 523 249 470 377
736 498 559 848 634 799 835 582 782 289 268 520 533 638 560 287 374 587 480 899 411 534 835 816 745 418 896 708 512 408 620 847 224 739 935 438 766 588 514 383 774 394 304 85 455 24 886 504 461 504 333 439 669 1091 642 185 282 391 905 397 350 634 312 433 613 747 112 895 422 0 460 588 644 895 733 839 600 500 648 440 454 411 830 664 232 211 852 613 972 826 105 376 608 423 790 760 530 402 877 775
366 185 336 504 219 626 522 169 353 234 597 443 521 178 103 413 166 132 240 509 141 429 670 441 436 144 500 367 69 250 207 387 381 324 475 513 611 146 353 535 366 67 441 537 311 437 655 373 512 45 212 328 513 631 384 284 558 466 514 350 406 407 238 333 378 608 524 483 352 460 0 455 372 475 653 679 199 281 201 426 536 645 386 635 432 393 526 524 518 366 404 499 554 288 553 349 175 105 569 677
328 638 131 356 646 212 312 367 740 345 498 868 139 523 459 314 323 455 215 456 324 54 251 379 250 578 465 277 422 230 371 629 682 408 720 231 182 566 792 311 412 455 311 614 739 578 302 806 206 474 317 161 81 852 839 531 436 834 461 192 247 114 606 750 832 168 559 492 167 588 455 0 827 510 198 257 350 174 448 159 239 420 527 192 375 684 337 75 811 647 617 283 116 709 215 757 629 366 338 225
678 192 705 813 228 990 848 498 290 558 870 225 887 374 391 735 522 410 612 777 508 800 1034 734 774 270 761 698 412 615 520 503 441 599 537 862 979 289 149 867 640 384 765 728 195 622 1005 175 867 356 555 694 883 657 20 475 850 370 780 708 747 772 335 226 49 978 746 727 715 644 372 827 0 707 1025 1044 527 653 463 786 886 961 589 1005 731 458 845 896 503 453 544 835 924 222 908 240 198 467 894 1048
186 595 415 199 480 509 263 317 460 610 935 870 648 346 379 722 521 349 439 95 484 537 540 135 269 603 76 235 407 514 278 237 855 156 285 718 526 439 769 786 121 534 737 958 750 875 443 797 699 445 567 534 493 370 726 742 878 931 95 588 672 396 712 781 740 545 925 29 568 895 475 510 707 0 633 551 296 441 278 621 734 906 119 678 771 867 240 573 392 286 863 749 618 737 396 505 558 496 286 624
473 836 323 445 840 150 384 556 927 527 578 1061 200 712 653 446 517 647 413 558 521 232 152 498 367 775 573 423 618 423 554 793 858 566 879 305 116 760 988 382 558 652 431 741 935 727 267 1001 278 671 505 347 155 997 1037 708 520 1018 562 361 383 274 796 944 1030 91 680 610 341 733 653 198 1025 633 0 149 535 372 631 297 297 453 678 87 503 858 411 134 976 818 780 371 125 903 247 947 827 563 387 46
420 863 346 352 840 54 288 551 905 601 712 1110 323 700 656 557 570 643 449 465 563 308 11 421 305 814 482 377 631 482 538 741 938 518 818 434 74 763 1028 515 500 692 548 858 980 831 129 1045 406 688 570 417 178 920 1058 788 652 1087 468 447 491 272 856 994 1056 93 799 524 424 839 679 257 1044 551 149 0 525 408 612 400 430 596 618 235 617 940 313 228 922 774 874 498 246 951 158 933 847 605 276 110
168 363 219 306 315 472 328 31 392 319 665 635 459 177 136 454 228 119 178 315 189 347 515 243 248 342 308 173 132 243 25 300 568 140 396 494 467 240 541 544 177 248 475 666 505 579 478 563 483 185 277 290 382 544 543 447 613 664 320 337 417 263 433 530 546 471 636 298 325 600 199 350 527 296 535 525 0 201 99 394 514 665 238 542 495 578 330 424 474 307 568 506 464 485 382 413 338 200 375 548
258 465 66 351 476 357 336 210 579 217 495 702 261 361 291 282 164 291 42 418 155 154 400 333 246 408 420 219 250 92 226 499 545 303 595 294 337 395 623 351 323 285 297 547 572 484 411 638 282 301 177 94 235 740 666 399 438 683 424 148 232 147 449 586 659 331 503 431 130 500 281 174 653 441 372 408 201 0 298 193 314 472 420 359 335 550 353 245 676 508 503 313 278 543 308 592 455 197 378 396
216 324 318 350 239 559 386 89 296 383 742 601 558 92 102 536 293 71 271 325 253 446 602 273 319 326 313 242 138 329 78 212 581 140 308 588 557 176 501 635 182 265 559 720 476 626 552 527 578 168 345 384 477 461 481 480 693 653 330 428 505 357 436 506 489 563 697 289 418 648 201 448 463 278 631 612 99 298 0 489 609 754 186 640 572 594 382 523 379 212 601 597 563 461 462 321 290 249 431 642
435 593 206 495 640 363 460 400 757 243 341 787 108 543 466 157 264 472 218 583 285 107 397 500 385 520 589 388 416 177 418 693 564 493 788 101 328 561 724 166 509 402 152 459 666 433 460 733 90 458 233 105 237 933 795 416 279 728 589 78 91 247 516 670 782 307 402 608 74 440 426 159 786 621 297 400 394 193 489 0 121 285 612 241 218 563 483 173 868 700 483 131 172 633 374 764 595 322 491 337
547 695 320 594 753 405 551 520 875 330 282 866 110 662 583 178 371 591 338 689 397 199 430 609 486 617 697 498 533 292 539 813 617 611 909 24 367 675 812 86 624 505 154 451 752 453 517 818 35 571 332 225 300 1052 894 477 223 788 695 188 141 346 596 751 878 341 388 719 192 454 536 239 886 734 297 430 514 314 609 121 0 181 730 217 224 613 576 213 988 820 520 79 184 717 446 879 701 431 577 342
719 777 491 774 863 578 732 665 996 414 159 897 289 794 711 232 482 724 487 867 516 378 597 784 665 693 873 672 657 425 690 964 617 775 1060 191 539 790 863 121 792 600 203 374 800 420 693 862 215 685 433 378 480 1209 965 503 129 791 872 328 249 525 640 791 944 512 312 893 342 411 645 420 961 906 453 596 665 472 754 285 181 0 892 366 230 608 757 391 1132 965 503 159 357 766 627 993 792 542 758 498
206 487 413 283 364 570 341 250 343 555 901 759 657 238 285 690 464 255 407 202 424 543 607 201 315 504 184 256 323 478 214 129 766 120 201 712 581 329 658 771 120 450 709 899 642 808 525 686 697 351 514 514 528 325 609 665 848 829 204 566 648 417 619 675 624 596 872 142 550 830 386 527 589 119 678 618 238 420 186 612 730 892 0 710 733 779 324 597 304 172 786 733 642 632 459 387 448 428 374 677
506 814 323 500 834 228 443 559 932 482 495 1024 135 714 649 378 487 646 398 610 497 206 237 543 409 747 623 454 608 392 563 817 804 593 907 229 190 754 957 301 591 625 361 666 900 660 347 968 203 658 466 313 185 1033 1016 656 438 969 615 314 320 294 755 906 1006 162 604 656 299 664 635 192 1005 678 87 235 542 359 640 241 217 366 710 0 433 803 470 118 1000 837 719 294 81 868 310 948 809 538 452 132
593 550 380 682 645 581 656 488 785 198 170 671 303 595 511 61 281 529 332 753 320 321 614 669 572 465 755 554 456 257 520 784 402 624 879 206 546 578 633 160 651 379 72 241 571 230 677 633 230 475 228 251 455 1033 735 276 127 576 759 198 128 444 410 563 713 524 183 764 223 232 432 375 731 771 503 617 495 335 572 218 224 230 733 433 0 396 677 389 939 777 299 145 379 536 588 777 567 335 693 546
738 352 616 868 506 893 870 552 649 340 476 311 668 555 494 435 390 524 517 893 415 635 934 818 779 291 886 724 460 463 592 764 17 713 842 592 866 482 317 556 754 332 460 287 263 195 960 302 610 429 374 523 763 993 453 153 480 183 898 498 484 697 167 235 421 852 323 873 520 211 393 684 458 867 858 940 578 550 594 563 613 608 779 803 396 0 882 728 858 732 108 538 734 238 858 617 392 386 916 896
167 692 297 41 621 275 27 361 648 566 822 966 474 473 462 619 494 438 374 152 467 381 302 124 107 670 169 160 462 444 330 452 874 252 519 567 298 556 870 645 219 567 625 899 835 836 204 893 543 515 523 427 292 609 863 736 761 988 155 480 557 237 752 859 869 321 853 213 455 852 526 337 845 240 411 313 330 353 382 483 576 757 324 470 677 882 0 382 624 493 848 614 425 814 165 685 664 497 51 395
395 706 205 406 719 196 355 442 814 394 490 928 103 597 533 329 384 530 285 512 390 98 226 439 307 643 523 343 494 290 445 701 727 479 792 212 158 639 856 295 480 520 320 630 801 606 304 868 184 545 371 214 91 921 908 577 428 885 517 230 263 181 663 810 899 135 571 553 209 613 524 75 896 573 134 228 424 245 523 173 213 391 597 118 389 728 382 0 884 720 654 273 46 770 237 831 699 432 374 168
506 508 686 583 352 874 643 469 219 743 1109 721 931 345 429 910 659 410 650 487 621 817 911 504 618 569 468 554 483 707 450 184 842 410 107 967 883 385 627 1013 422 582 934 1053 641 949 827 657 957 473 711 763 823 155 522 789 1064 841 487 807 883 707 692 678 550 897 1042 421 797 972 518 811 503 392 976 922 474 676 379 868 988 1132 304 1000 939 858 624 884 0 168 901 975 927 647 763 265 467 605 673 978
354 398 520 452 248 724 507 301 179 582 947 648 764 188 270 745 496 248 482 374 457 651 763 369 469 442 356 399 323 540 282 52 717 256 110 799 730 250 548 846 277 432 768 903 547 803 690 578 789 322 548 595 664 265 473 646 900 745 376 640 716 546 566 583 494 741 888 312 630 826 366 647 453 286 818 774 307 508 212 700 820 965 172 837 777 732 493 720 168 0 763 808 763 545 616 227 356 444 543 822
717 411 566 839 555 830 834 546 702 285 368 416 585 578 507 343 356 535 475 878 387 566 869 798 743 336 873 696 464 412 585 789 120 707 873 501 799 517 411 457 745 338 366 185 353 87 906 400 521 445 326 459 698 1028 541 121 374 290 883 426 399 646 220 330 512 783 216 866 450 105 404 617 544 863 780 874 568 503 601 483 520 503 786 719 299 108 848 654 901 763 0 443 655 323 806 676 446 368 878 820
564 646 335 626 718 469 590 508 846 278 217 800 175 640 558 107 334 570 329 714 365 234 497 631 516 565 720 517 505 269 532 806 543 617 902 66 431 643 752 38 635 461 79 372 691 375 576 756 93 537 288 219 354 1050 842 408 155 716 720 169 94 378 532 688 824 407 310 737 184 376 499 283 835 749 371 498 506 313 597 131 79 159 733 294 145 538 614 273 975 808 443 0 253 656 497 847 656 394 620 416
440 733 245 451 753 222 398 480 853 407 466 947 78 635 568 321 407 567 317 557 416 125 246 485 352 667 568 389 527 312 486 745 734 523 836 188 183 673 878 269 525 544 308 618 822 602 336 889 160 577 389 233 134 966 936 586 405 897 562 239 258 226 679 829 926 156 558 599 222 608 554 116 924 618 125 246 464 278 563 172 184 357 642 81 379 734 425 46 927 763 655 253 0 790 277 868 728 458 416 167
652 148 605 790 300 899 810 454 430 390 661 159 739 394 363 551 386 392 502 785 387 671 943 723 724 144 774 655 353 480 489 586 221 598 649 694 880 305 97 684 641 260 581 507 35 402 939 101 704 302 402 557 777 792 219 265 648 200 790 556 577 683 126 46 190 873 528 750 569 423 288 709 222 737 903 951 485 543 461 633 717 766 632 868 536 238 814 770 647 545 323 656 790 0 836 392 190 346 857 933
262 735 242 201 696 113 138 410 752 522 714 994 338 552 517 526 471 500 343 315 456 268 148 264 148 694 330 223 499 396 392 583 853 361 660 442 133 622 906 524 342 577 526 823 862 777 103 926 415 556 484 351 147 765 923 706 651 989 318 395 460 161 753 881 923 156 770 371 369 790 553 215 908 396 247 158 382 308 462 374 446 627 459 310 588 858 165 237 763 616 806 497 277 836 0 782 715 494 142 231
527 266 627 648 132 880 695 391 51 581 938 456 850 236 301 762 513 302 555 587 483 745 923 564 637 342 570 560 348 588 396 279 600 433 300 856 878 204 363 883 467 398 790 844 382 736 869 393 853 310 560 660 795 418 259 575 904 580 590 691 753 676 458 419 286 883 845 530 690 760 349 757 240 505 947 933 413 592 321 764 879 993 387 948 777 617 685 831 265 227 676 847 868 392 782 0 231 453 736 961
498 42 508 636 115 794 665 308 258 379 720 312 693 212 203 561 331 227 414 615 313 604 838 562 586 112 602 511 216 421 335 396 375 430 461 677 782 120 212 690 472 196 590 614 195 506 814 239 679 160 369 500 685 607 211 346 691 389 619 518 565 576 229 229 209 780 617 574 523 530 175 629 198 558 827 847 338 455 290 595 701 792 448 809 567 392 664 699 467 356 446 656 728 190 715 231 0 274 712 850
353 275 259 482 324 553 487 180 454 139 504 506 420 260 176 312 61 196 156 511 42 334 597 433 397 212 505 339 122 148 219 456 377 340 549 407 534 249 426 430 377 88 339 472 375 381 597 441 408 143 109 227 432 705 478 248 461 497 516 245 301 337 260 390 468 527 449 498 249 402 105 366 467 496 563 605 200 197 249 322 431 542 428 538 335 386 497 432 605 444 368 394 458 346 494 453 274 0 534 591
216 739 318 91 671 243 47 406 699 594 832 1010 471 523 509 634 527 486 403 194 502 386 266 175 138 714 212 203 506 470 377 502 909 303 567 569 271 605 916 649 271 607 638 920 880 862 159 939 544 560 552 444 282 653 912 769 770 1028 196 496 570 249 792 903 917 296 872 258 470 877 569 338 894 286 387 276 375 378 431 491 577 758 374 452 693 916 51 374 673 543 878 620 416 857 142 736 712 534 0 366
472 861 343 431 858 123 369 571 938 562 624 1092 244 725 671 488 547 662 438 545 549 265 115 490 362 803 560 424 638 454 565 795 895 568 878 350 98 778 1017 428 557 679 475 785 964 769 235 1031 323 692 538 380 167 991 1061 745 565 1053 549 398 425 285 829 975 1055 81 724 600 377 775 677 225 1048 624 46 110 548 396 642 337 342 498 677 132 546 896 395 168 978 822 820 416 167 933 231 961 850 591 366 0
