# TTSP Euclidean complete-graph matrix instance
# seed: 2013
# depot: 1
# L_max is not stored in this file; pass it with --budget when running algorithms.
# coordinate rows: node x y
# coord 1 425.177439 51.906838
# coord 2 401.790744 900.617222
# coord 3 755.680277 388.714295
# coord 4 512.993689 409.598192
# coord 5 554.112179 565.202169
# coord 6 765.981587 898.448264
# coord 7 55.530623 393.784369
# coord 8 81.026187 825.026432
# coord 9 700.851116 557.641366
# coord 10 944.608531 697.146664
# coord 11 746.716994 499.001774
# coord 12 276.569461 182.330870
# coord 13 835.609152 584.214868
# coord 14 727.301557 217.454613
# coord 15 127.201703 331.303914
# coord 16 389.909472 798.915106
# coord 17 625.057769 642.094369
# coord 18 766.507241 242.772599
# coord 19 922.709701 875.568352
# coord 20 13.781179 248.332772
# coord 21 520.188750 164.788930
# coord 22 626.331528 869.633638
# coord 23 148.699298 205.460058
# coord 24 87.877623 35.049349
# coord 25 676.526363 506.065253
# coord 26 933.721251 960.310690
# coord 27 782.960469 127.367884
# coord 28 689.492092 573.936460
# coord 29 756.193157 898.289324
# coord 30 815.759945 689.077274
# coord 31 267.766225 298.059925
# coord 32 279.396178 162.654812
# coord 33 841.958587 125.351426
# coord 34 703.731191 515.463518
# coord 35 45.524338 898.236403
# coord 36 137.118936 162.212674
# coord 37 513.206943 524.986392
# coord 38 987.621224 459.026886
# coord 39 948.425099 694.765234
# coord 40 401.897429 797.146270
# coord 41 54.174376 317.405460
# coord 42 578.420512 902.053622
# coord 43 624.330688 893.978317
# coord 44 371.078459 493.569507
# coord 45 849.546080 242.135510
# coord 46 371.840820 988.111014
# coord 47 554.100509 978.352034
# coord 48 394.782547 125.476249
# coord 49 764.568737 526.563864
# coord 50 889.839816 315.365035
# coord 51 828.089816 837.787614
# coord 52 641.799774 857.809425
# coord 53 504.859996 461.613550
# coord 54 670.108520 900.922297
# coord 55 126.861545 655.003142
# coord 56 113.195533 787.067284
# coord 57 776.186140 929.012951
# coord 58 127.121257 277.664068
# coord 59 106.559593 895.726086
# coord 60 783.764335 398.267177
# coord 61 174.771731 726.541418
# coord 62 722.357642 622.184645
# coord 63 969.822805 3.787604
# coord 64 216.307079 597.948001
# coord 65 566.953819 836.810613
# coord 66 808.381179 459.830278
# coord 67 61.032231 605.396984
# coord 68 262.112940 415.617067
# coord 69 564.847226 154.414096
# coord 70 802.198847 540.440211
# coord 71 905.980171 775.070431
# coord 72 570.795267 538.468560
# coord 73 969.429500 888.840623
# coord 74 206.564242 48.748096
# coord 75 174.677054 37.044101
# coord 76 192.474579 840.368959
# coord 77 758.460068 696.686719
# coord 78 449.183324 871.359465
# coord 79 956.485997 245.545477
# coord 80 723.990080 646.273545
# coord 81 180.005556 6.692845
# coord 82 854.399255 217.916107
# coord 83 265.509395 128.882511
# coord 84 997.716301 974.718725
# coord 85 541.335894 835.366129
# coord 86 800.558614 530.294312
# coord 87 3.169327 764.636418
# coord 88 255.885162 297.672558
# coord 89 919.210825 753.219103
# coord 90 937.928479 83.696072
# coord 91 273.957598 600.980508
# coord 92 964.213956 407.248216
# coord 93 993.803981 486.196167
# coord 94 9.542579 306.514787
# coord 95 131.301144 236.663441
# coord 96 739.752861 459.840911
# coord 97 161.095513 270.907947
# coord 98 432.881982 403.790640
# coord 99 999.589087 424.373749
# coord 100 751.231939 101.800415
# reference_nearest_neighbor_tour_cost: 10165
TTSP_MATRIX
100
0 63 98 9 98 43 61 74 82 79 59 33 8 88 10 47 95 38 19 38 40 3 89 37 90 97 37 79 58 2 91 28 42 53 51 17 95 19 66 84 61 70 64 73 54 63 47 16 35 35 34 25 29 93 25 93 40 87 63 55 71 84 71 9 27 34 81 25 85 10 68 32 47 63 74 94 70 23 14 35 75 66 45 70 40 6 34 46 85 18 14 76 76 92 44 82 75 25 88 92
0 849 472 368 529 913 504 846 576 828 551 198 672 345 408 748 623 391 962 456 148 842 316 338 519 1041 366 585 909 747 292 183 423 541 928 308 481 694 829 746 456 864 865 445 465 938 935 80 584 534 883 835 417 884 673 799 945 374 902 499 720 643 547 585 798 560 663 399 173 617 868 508 998 219 251 822 726 820 565 665 249 460 177 1086 792 608 828 298 858 514 570 646 716 487 347 515 343 352 685 330
849 0 622 503 368 364 614 330 455 580 529 729 537 757 632 102 342 752 522 759 745 227 740 921 481 535 862 435 354 465 617 748 892 489 356 784 392 734 584 103 679 177 223 408 796 92 171 775 521 762 431 244 451 268 369 310 375 681 295 631 286 425 1062 355 177 600 451 505 764 539 520 400 568 874 893 218 411 56 858 410 921 819 784 601 154 544 421 620 538 977 326 748 723 712 717 555 674 498 764 872
472 622 0 244 268 510 700 803 178 362 111 522 211 174 631 550 285 146 515 755 325 498 634 756 142 599 263 197 510 306 496 527 277 137 874 659 278 242 362 540 705 543 522 399 174 712 623 447 138 153 455 483 261 519 683 756 541 638 824 30 672 236 440 579 486 89 728 494 302 159 415 238 544 646 679 722 308 572 247 260 691 197 555 634 495 149 841 508 400 355 526 209 257 751 643 73 606 323 247 287
368 503 244 0 161 550 458 599 239 519 250 328 367 288 394 408 258 303 620 525 245 474 418 567 190 693 391 241 546 412 269 340 435 218 676 450 115 477 521 403 468 497 497 165 376 595 570 308 277 388 532 466 53 516 458 550 582 408 634 271 464 298 611 351 431 300 493 251 260 317 537 141 662 473 503 537 378 466 473 317 523 392 374 745 427 312 621 280 532 536 306 451 487 514 419 232 378 80 487 389
529 368 268 161 0 395 527 540 147 412 204 473 282 388 487 286 105 386 482 626 402 313 542 706 136 548 494 136 390 289 392 487 526 158 608 580 57 446 415 277 558 338 336 197 438 461 413 468 214 418 386 305 115 355 437 494 426 515 556 284 412 178 699 339 272 275 495 328 411 249 410 32 527 623 650 454 243 324 514 188 672 459 523 604 270 249 586 401 411 616 282 439 447 603 535 213 491 202 467 504
913 364 510 550 395 0 871 689 347 269 400 867 322 682 854 389 293 656 158 994 774 143 928 1098 402 179 771 333 10 215 780 882 777 388 720 968 451 492 273 378 919 188 142 566 662 404 226 857 372 596 87 131 509 96 684 662 32 891 659 500 616 280 918 626 208 441 763 698 771 360 187 409 204 1017 1045 576 202 318 680 256 1067 686 918 244 233 370 774 788 211 833 575 530 471 961 917 439 872 596 529 797
504 614 700 458 527 871 0 432 666 939 699 306 803 695 95 525 621 727 992 151 518 743 210 360 631 1045 775 659 863 816 233 322 831 660 505 246 476 934 942 532 76 729 757 331 808 673 768 433 721 838 891 748 454 797 271 397 898 136 505 728 353 705 994 260 677 756 212 208 563 761 932 535 1039 377 376 467 765 619 913 715 407 818 338 1107 657 757 375 222 935 935 301 909 943 99 174 687 162 377 945 754
846 330 803 599 540 689 432 0 675 873 741 672 792 887 496 310 574 899 843 581 793 547 623 790 676 863 990 658 679 747 559 691 1034 695 81 665 526 978 877 322 508 503 548 440 965 333 497 767 746 956 747 562 558 594 176 50 703 549 75 822 136 673 1210 264 486 814 221 448 827 775 826 567 891 786 794 112 689 371 1050 667 824 983 720 929 460 778 99 556 841 1133 296 977 974 523 591 753 560 549 1002 986
576 455 178 239 147 347 666 675 0 281 74 566 137 341 617 394 113 322 388 753 432 321 655 806 57 465 438 20 345 175 505 578 455 42 739 689 190 303 283 383 690 366 345 336 349 542 446 530 71 307 308 306 218 345 582 631 379 638 684 180 553 68 616 486 310 145 642 461 426 103 299 131 426 709 740 582 151 402 403 92 758 373 611 512 320 103 728 515 293 530 429 303 302 736 654 105 611 309 327 459
828 580 362 519 412 269 939 873 281 0 280 843 157 527 896 564 324 488 180 1033 681 362 936 1083 329 263 592 283 276 129 786 853 581 302 921 969 464 242 4 552 968 420 376 609 465 642 481 793 248 386 183 343 499 342 819 836 287 919 861 339 770 235 694 735 403 274 888 738 662 212 87 406 193 982 1014 766 186 525 452 226 1030 488 885 283 426 220 944 796 62 613 678 291 217 1013 935 313 892 590 278 626
551 529 111 250 204 400 699 741 74 280 0 567 123 282 642 466 188 257 416 775 404 390 666 806 71 498 373 94 399 202 519 576 386 46 807 696 235 244 281 456 716 437 414 376 277 616 517 513 33 233 348 374 245 409 639 696 431 658 753 107 616 126 543 540 383 73 694 492 390 69 319 180 449 703 735 651 198 477 329 149 751 301 607 538 394 62 790 531 307 457 484 236 247 762 669 40 628 328 264 397
198 729 522 328 473 867 306 672 566 843 567 0 689 452 211 627 577 494 948 271 244 771 130 239 515 1018 509 569 862 740 116 20 568 542 752 141 416 763 845 627 260 780 792 325 576 811 843 131 597 628 857 768 361 819 496 626 898 177 733 551 554 626 716 420 716 600 475 234 290 636 865 462 990 151 177 663 705 710 683 645 200 579 55 1071 705 629 643 117 860 669 419 723 779 294 155 540 146 271 762 481
672 537 211 367 282 322 803 792 137 157 123 689 0 382 752 495 218 348 304 888 525 354 784 928 177 389 460 146 324 107 636 698 459 149 850 816 328 197 158 483 826 409 375 473 342 615 484 636 91 274 254 335 353 357 712 750 350 772 793 193 676 119 596 619 369 127 775 598 508 55 203 269 333 826 858 692 136 481 360 128 874 367 730 423 387 64 852 647 189 511 562 219 186 871 785 157 744 441 229 490
345 757 174 288 388 682 695 887 341 527 282 452 382 0 611 672 437 47 687 714 214 660 579 665 293 771 106 358 681 480 467 451 147 299 963 593 375 355 526 665 681 701 684 451 125 849 780 345 311 190 628 646 330 686 743 838 713 603 919 189 751 405 323 637 640 256 771 506 174 332 586 357 714 547 581 821 480 711 231 429 586 127 470 804 645 321 908 478 569 250 594 304 378 723 596 243 569 348 342 118
408 632 631 394 487 854 95 496 617 896 642 211 752 611 0 536 587 645 964 141 427 734 128 299 576 1023 687 612 847 776 144 227 744 605 573 169 432 870 898 541 74 728 751 293 728 701 775 338 667 763 865 736 400 787 324 456 882 54 565 660 398 662 904 281 670 693 282 159 472 707 896 490 1010 293 298 513 729 629 834 675 329 736 245 1082 652 702 451 133 897 848 307 840 880 120 95 626 69 314 877 665
748 102 550 408 286 389 525 310 394 564 466 627 495 672 536 0 283 672 538 667 647 247 641 821 410 567 778 375 380 440 516 646 811 423 358 685 300 688 568 12 587 215 253 306 722 190 243 673 463 696 440 259 356 298 300 277 408 584 299 562 227 377 984 266 181 539 382 404 668 487 517 317 586 772 792 202 382 94 792 367 820 744 681 633 156 491 388 519 531 901 229 695 680 622 619 487 575 397 716 785
623 342 285 258 105 293 621 574 113 324 188 577 218 437 587 283 0 424 378 727 489 228 646 811 145 443 538 94 288 196 496 591 560 149 634 684 162 406 328 272 657 264 252 294 459 429 344 566 181 421 282 216 217 263 498 532 324 617 577 291 458 99 725 411 203 259 565 428 491 204 311 117 424 726 754 476 144 289 517 99 776 482 627 500 211 208 634 505 314 640 353 413 400 701 639 215 594 306 433 555
391 752 146 303 386 656 727 899 322 488 257 494 348 47 645 672 424 0 652 753 258 642 619 710 278 737 117 340 656 449 502 494 140 280 974 635 379 309 487 664 716 686 667 468 83 843 766 390 284 143 598 628 341 665 761 850 686 640 928 156 764 382 314 655 627 221 793 533 220 300 550 355 677 593 627 829 454 704 190 406 632 91 514 768 634 290 925 514 533 234 609 257 333 760 635 219 606 370 295 142
962 522 515 620 482 158 992 843 388 180 416 948 304 687 964 538 378 652 0 1104 817 296 1024 1185 444 85 761 381 168 215 873 960 755 421 877 1061 539 422 183 527 1032 345 299 671 638 562 383 917 383 561 102 281 588 254 826 814 156 995 816 497 763 323 873 759 358 431 903 805 805 356 102 487 49 1094 1124 731 243 474 631 303 1143 661 995 124 383 366 926 882 122 792 704 470 396 1076 1017 454 972 680 458 793
456 759 755 525 626 994 151 581 753 1033 775 271 888 714 141 667 727 753 1104 0 513 872 142 226 711 1163 779 750 987 915 259 279 837 740 651 150 571 996 1036 672 80 864 889 433 836 822 908 400 801 879 1005 875 535 926 422 548 1022 117 654 784 505 801 987 404 808 822 360 299 559 841 1036 628 1150 277 266 618 869 760 943 814 293 841 279 1223 789 836 516 247 1037 939 438 964 1008 58 118 756 149 447 1001 752
148 745 325 245 402 774 518 793 432 681 404 244 525 214 427 647 489 258 817 513 0 713 374 451 375 897 265 443 771 602 285 241 324 396 874 383 360 552 681 643 490 740 737 361 338 837 814 131 437 399 740 704 297 751 629 744 806 409 840 352 659 500 478 529 674 412 636 360 46 470 722 377 852 334 368 751 583 710 444 523 375 338 257 940 671 461 792 296 711 426 501 506 572 530 395 368 374 254 545 239
842 227 498 474 313 143 743 547 321 362 390 771 354 660 734 247 228 642 296 872 713 0 818 993 367 320 759 302 133 262 675 788 775 363 582 860 363 547 367 236 795 58 24 455 666 281 131 779 370 614 204 19 426 54 544 520 161 774 520 497 474 265 931 492 68 448 624 582 718 373 295 336 344 922 947 435 218 177 706 244 972 690 824 386 92 381 632 681 315 845 443 573 531 835 804 425 758 504 581 778
316 740 634 418 542 928 210 623 655 936 666 130 784 579 128 641 646 619 1024 142 374 818 0 181 607 1089 639 654 921 824 151 138 698 636 700 45 485 876 938 644 147 818 837 364 702 814 873 259 695 749 928 818 439 869 450 583 958 75 692 664 522 709 846 398 757 707 409 239 419 734 948 538 1068 167 170 636 783 731 809 725 201 706 140 1146 742 728 578 141 945 799 415 840 891 172 36 643 67 347 879 611
338 921 756 567 706 1098 360 790 806 1083 806 239 928 665 299 821 811 710 1185 226 451 993 181 0 754 1254 701 808 1092 979 319 230 759 781 864 136 649 995 1084 824 284 996 1013 539 789 994 1052 320 836 850 1092 992 597 1043 621 752 1128 246 861 785 697 864 882 577 934 836 571 419 492 875 1103 698 1227 119 87 812 942 911 894 882 96 788 201 1308 920 868 734 312 1099 851 596 952 1012 283 206 778 247 505 991 667
519 481 142 190 136 402 631 676 57 329 71 515 177 293 576 410 145 278 444 711 375 367 607 754 0 522 393 69 400 230 459 525 415 29 743 640 164 315 331 400 650 408 391 306 316 570 488 474 90 286 365 353 177 395 569 630 435 595 690 152 548 125 582 469 348 140 623 424 369 130 354 111 482 656 687 588 207 430 382 148 704 339 558 568 356 126 721 469 346 497 414 304 318 696 608 78 567 264 333 411
1041 535 599 693 548 179 1045 863 465 263 498 1018 389 771 1023 567 443 737 85 1163 897 320 1089 1254 522 0 846 457 188 296 939 1032 840 501 890 1128 605 504 266 556 1089 360 316 731 723 563 380 994 466 646 162 309 658 270 863 839 161 1057 830 582 794 399 957 804 387 516 942 865 886 440 187 556 80 1166 1195 751 317 493 715 378 1216 747 1067 66 412 450 951 948 208 877 751 554 478 1132 1081 537 1035 749 540 878
366 862 263 391 494 771 775 990 438 592 373 509 460 106 687 778 538 117 761 779 265 759 639 701 393 846 0 456 771 563 543 505 59 396 1067 647 480 390 591 771 753 801 783 551 133 954 881 388 400 216 712 744 435 782 842 940 802 673 1024 271 854 499 224 737 742 333 866 595 220 414 659 463 784 582 615 926 570 815 210 522 615 115 517 874 748 403 1007 554 641 161 695 333 416 794 661 335 638 446 368 41
585 435 197 241 136 333 659 658 20 283 94 569 146 358 612 375 94 340 381 750 443 302 654 808 69 457 456 0 331 171 504 581 474 60 721 689 183 320 286 364 685 346 327 328 368 522 426 537 89 327 298 288 216 328 568 614 366 636 666 199 537 58 635 474 290 165 629 456 438 118 296 124 421 713 744 564 141 382 423 80 762 392 615 506 300 119 712 514 291 550 416 321 317 731 652 125 609 308 344 476
909 354 510 546 390 10 863 679 345 276 399 862 324 681 847 380 288 656 168 987 771 133 921 1092 400 188 771 331 0 218 774 877 778 386 711 962 445 496 280 368 911 178 132 559 663 395 217 853 372 598 94 121 504 86 675 653 37 884 650 501 606 278 920 618 199 442 754 691 768 361 194 405 213 1012 1039 567 202 308 683 254 1062 687 913 253 224 371 765 782 218 835 567 533 476 953 910 439 865 591 533 797
747 465 306 412 289 215 816 747 175 129 202 740 107 480 776 440 196 449 215 915 602 262 824 979 230 296 563 171 218 0 673 752 564 207 798 859 344 287 133 428 847 319 280 486 448 535 390 703 170 381 149 242 385 257 690 709 243 802 739 293 642 115 702 606 289 229 759 617 591 149 125 288 252 884 914 641 58 409 465 101 933 473 785 339 311 160 816 683 122 618 549 319 270 892 820 242 777 477 322 591
292 617 496 269 392 780 233 559 505 786 519 116 636 467 144 516 496 502 873 259 285 675 151 319 459 939 543 504 774 673 0 136 600 487 640 188 334 738 788 517 214 679 694 221 584 698 738 214 547 622 778 673 288 725 384 513 810 142 619 526 438 558 761 304 616 564 370 118 330 587 797 387 917 257 277 548 632 601 691 574 304 592 169 995 603 581 536 12 795 704 303 705 750 258 150 499 110 196 743 522
183 748 527 340 487 882 322 691 578 853 576 20 698 451 227 646 591 494 960 279 241 788 138 230 525 1032 505 581 877 752 136 0 564 552 772 142 431 768 855 646 273 798 809 343 576 831 861 121 606 629 870 784 374 835 515 646 913 191 753 557 574 638 708 440 733 607 494 254 286 645 876 476 1002 135 164 683 717 729 682 657 185 578 37 1084 722 638 662 137 871 663 438 727 784 306 166 548 160 286 766 476
423 892 277 435 526 777 831 1034 455 581 386 568 459 147 744 811 560 140 755 837 324 775 698 759 415 840 59 474 778 564 600 564 0 414 1110 706 517 364 579 803 811 820 799 598 117 983 900 447 409 196 713 759 476 794 890 984 806 731 1065 279 898 511 176 784 763 336 917 648 279 417 653 494 774 640 673 966 577 843 166 534 673 93 576 864 771 407 1055 611 633 105 741 307 391 852 719 350 696 495 338 94
541 489 137 218 158 388 660 695 42 302 46 542 149 299 605 423 149 280 421 740 396 363 636 781 29 501 396 60 386 207 487 552 414 0 761 668 191 289 303 413 679 406 387 333 310 578 486 498 62 273 345 348 206 387 594 650 420 624 708 142 570 108 577 494 349 119 649 453 387 102 329 135 458 682 713 606 189 438 370 132 730 334 584 545 359 98 744 498 321 491 438 282 292 725 637 66 595 293 310 416
928 356 874 676 608 720 505 81 739 921 807 752 850 963 573 358 634 974 877 651 874 582 700 864 743 890 1067 721 711 798 640 772 1110 761 0 742 598 1039 926 370 581 533 579 519 1038 338 515 848 809 1026 785 598 634 625 256 130 731 626 61 892 215 731 1286 345 525 880 293 529 907 837 869 637 924 865 871 158 741 405 1121 724 902 1057 800 955 500 840 140 636 886 1208 375 1042 1034 593 667 821 638 628 1065 1064
308 784 659 450 580 968 246 665 689 969 696 141 816 593 169 685 684 635 1061 150 383 860 45 136 640 1128 647 689 962 859 188 142 706 668 742 0 523 901 970 688 176 861 879 406 717 859 916 260 726 768 966 859 474 911 493 625 998 116 734 688 566 744 848 443 800 734 450 283 428 765 983 574 1105 133 131 680 820 775 824 761 161 719 133 1184 785 759 617 180 980 805 460 863 916 193 75 672 111 382 901 617
481 392 278 115 57 451 476 526 190 464 235 416 328 375 432 300 162 379 539 571 360 363 485 649 164 605 480 183 445 344 334 431 517 191 598 523 0 479 467 294 504 383 385 146 439 484 455 417 251 431 444 357 64 407 408 478 482 459 550 299 394 231 693 306 316 302 459 274 374 289 466 59 584 566 594 450 299 352 524 243 616 459 467 661 312 287 564 343 466 612 251 466 482 549 479 236 434 145 497 486
694 734 242 477 446 492 934 978 303 242 244 763 197 355 870 688 406 309 422 996 552 547 876 995 315 504 390 320 496 287 738 768 364 289 1039 901 479 0 239 676 944 603 567 618 257 812 676 680 233 174 411 528 483 544 883 934 515 879 983 213 856 311 456 784 565 179 938 727 521 203 326 424 430 882 916 882 330 678 216 323 926 275 794 516 584 200 1031 749 302 379 728 57 28 990 885 248 848 557 37 428
829 584 362 521 415 273 942 877 283 4 281 845 158 526 898 568 328 487 183 1036 681 367 938 1084 331 266 591 286 280 133 788 855 579 303 926 970 467 239 0 556 971 424 380 611 463 647 486 794 249 384 187 347 501 346 823 840 291 921 866 339 774 237 691 738 407 274 892 741 663 213 91 409 195 984 1016 770 190 530 449 230 1031 486 887 284 431 221 948 798 65 611 681 288 213 1016 937 314 894 592 275 625
746 103 540 403 277 378 532 322 383 552 456 627 483 665 541 12 272 664 527 672 643 236 644 824 400 556 771 364 368 428 517 646 803 413 370 688 294 676 556 0 593 205 243 305 713 193 237 672 452 686 428 247 351 288 310 289 397 588 311 552 238 365 976 272 170 528 391 406 663 476 505 309 575 773 793 214 370 88 782 356 821 735 682 622 145 480 400 520 519 892 234 684 669 628 622 477 579 395 704 778
456 679 705 468 558 919 76 508 690 968 716 260 826 681 74 587 657 716 1032 80 490 795 147 284 650 1089 753 685 911 847 214 273 811 679 581 176 504 944 971 593 0 785 811 363 799 742 829 391 741 836 933 798 473 848 345 473 946 83 581 734 427 734 968 324 730 768 288 230 536 781 967 562 1079 309 305 541 800 680 905 746 335 806 283 1150 711 776 450 203 969 914 359 914 955 46 112 700 117 388 951 730
864 177 543 497 338 188 729 503 366 420 437 780 409 701 728 215 264 686 345 864 740 58 818 996 408 360 801 346 178 319 679 798 820 406 533 861 383 603 424 205 785 0 47 458 713 224 80 798 419 664 258 77 447 92 515 479 200 770 472 544 440 315 980 473 66 498 596 580 748 425 351 364 391 931 955 391 273 133 758 294 980 738 834 426 76 433 591 685 372 894 428 627 588 824 802 471 757 519 637 819
865 223 522 497 336 142 757 548 345 376 414 792 375 684 751 253 252 667 299 889 737 24 837 1013 391 316 783 327 132 280 694 809 799 387 579 879 385 567 380 243 811 47 0 474 690 269 110 802 393 637 211 40 449 46 552 522 156 792 518 521 480 289 955 504 81 472 633 600 742 396 306 360 345 943 968 435 239 177 729 267 992 714 845 382 102 404 634 701 327 869 457 594 550 850 822 449 776 526 601 802
445 408 399 165 197 566 331 440 336 609 376 325 473 451 293 306 294 468 671 433 361 455 364 539 306 731 551 328 559 486 221 343 598 333 519 406 146 618 611 305 363 458 474 0 541 495 518 369 395 549 572 454 138 505 293 391 595 326 481 424 305 374 774 187 395 439 330 134 391 434 604 205 717 474 497 390 437 386 636 385 523 556 380 790 382 431 457 227 607 700 145 599 623 407 351 370 306 109 632 546
465 796 174 376 438 662 808 965 349 465 277 576 342 125 728 722 459 83 638 836 338 666 702 789 316 723 133 368 663 448 584 576 117 310 1038 717 439 257 463 713 799 713 690 541 0 886 793 469 297 84 596 650 409 683 832 916 691 723 990 169 831 401 267 726 658 222 868 613 298 302 536 407 658 671 705 889 464 746 107 423 710 25 595 747 669 292 995 596 516 181 678 201 284 842 718 244 689 447 236 171
938 92 712 595 461 404 673 333 542 642 616 811 615 849 701 190 429 843 562 822 837 281 814 994 570 563 954 522 395 535 698 831 983 578 338 859 484 812 647 193 742 224 269 495 886 0 183 863 606 849 480 300 543 311 413 328 409 751 281 719 327 507 1152 420 247 685 493 583 856 621 575 492 606 954 971 232 484 140 945 491 1000 909 866 626 228 627 431 700 596 1067 399 830 799 772 789 644 748 588 844 964
935 171 623 570 413 226 768 497 446 481 517 843 484 780 775 243 344 766 383 908 814 131 873 1052 488 380 881 426 217 390 738 861 900 486 515 916 455 676 486 237 829 80 110 518 793 183 0 868 498 743 308 149 519 139 536 481 228 821 455 624 455 394 1060 509 142 578 618 634 824 503 406 440 425 992 1015 387 348 150 836 373 1041 818 897 444 144 511 591 743 429 974 470 703 660 865 854 551 809 587 711 898
80 775 447 308 468 857 433 767 530 793 513 131 636 345 338 673 566 390 917 400 131 779 259 320 474 994 388 537 853 703 214 121 447 498 848 260 417 680 794 672 391 798 802 369 469 863 868 0 546 530 834 773 354 823 593 719 889 308 822 475 640 595 588 505 732 532 585 319 173 582 827 449 955 203 237 743 677 748 574 616 245 469 129 1042 725 573 750 221 818 545 491 635 699 426 286 480 275 281 675 357
584 521 138 277 214 372 721 746 71 248 33 597 91 311 667 463 181 284 383 801 437 370 695 836 90 466 400 89 372 170 547 606 409 62 809 726 251 233 249 452 741 419 393 395 297 606 498 546 0 246 318 353 268 386 651 702 403 684 754 130 623 105 562 553 368 80 708 515 422 40 286 194 416 735 767 653 170 467 340 126 782 321 638 505 381 36 798 558 274 476 496 233 233 786 696 71 655 354 256 425
534 762 153 388 418 596 838 956 307 386 233 628 274 190 763 696 421 143 561 879 399 614 749 850 286 646 216 327 598 381 622 629 196 273 1026 768 431 174 384 686 836 664 637 549 84 849 743 530 246 0 526 596 412 625 835 909 624 764 975 135 825 350 322 730 613 166 878 636 363 242 460 389 579 733 767 873 403 709 97 370 774 104 652 668 626 233 994 634 439 237 679 118 200 880 763 208 730 465 155 255
883 431 455 532 386 87 891 747 308 183 348 857 254 628 865 440 282 598 102 1005 740 204 928 1092 365 162 712 298 94 149 778 870 713 345 785 966 444 411 187 428 933 258 211 572 596 480 308 834 318 526 0 187 496 170 725 717 105 897 724 442 663 240 846 657 261 378 801 706 732 298 100 395 150 1004 1034 636 157 380 606 218 1054 620 905 218 287 309 828 787 124 762 603 452 389 976 920 388 875 587 448 740
835 244 483 466 305 131 748 562 306 343 374 768 335 646 736 259 216 628 281 875 704 19 818 992 353 309 744 288 121 242 673 784 759 348 598 859 357 528 347 247 798 77 40 454 650 300 149 773 353 596 187 0 419 52 553 533 152 776 537 481 485 249 915 499 78 431 633 583 708 356 277 327 329 919 944 450 199 193 688 227 968 674 820 375 103 364 645 680 296 829 449 554 512 839 804 410 759 500 562 764
417 451 261 53 115 509 454 558 218 499 245 361 353 330 400 356 217 341 588 535 297 426 439 597 177 658 435 216 504 385 288 374 476 206 634 474 64 483 501 351 473 447 449 138 409 543 519 354 268 412 496 419 0 469 425 509 540 420 589 286 423 270 653 319 380 304 467 247 313 308 509 101 631 509 538 491 346 414 501 287 559 426 410 711 376 304 586 298 507 575 270 463 490 519 436 235 393 92 496 436
884 268 519 516 355 96 797 594 345 342 409 819 357 686 787 298 263 665 254 926 751 54 869 1043 395 270 782 328 86 257 725 835 794 387 625 911 407 544 346 288 848 92 46 505 683 311 139 823 386 625 170 52 469 0 596 568 110 827 564 515 525 284 946 546 121 462 677 634 754 384 267 376 300 970 996 481 223 223 715 260 1020 707 872 336 144 393 681 732 290 860 497 575 526 889 855 447 810 551 579 803
673 369 683 458 437 684 271 176 582 819 639 496 712 743 324 300 498 761 826 422 629 544 450 621 569 863 842 568 675 690 384 515 890 594 256 493 408 883 823 310 345 515 552 293 832 413 536 593 651 835 725 553 425 596 0 133 705 377 242 705 86 596 1065 106 476 709 82 275 665 685 788 459 874 611 620 197 633 388 925 597 650 849 544 928 452 685 165 380 798 992 157 873 883 368 418 643 386 396 903 834
799 310 756 550 494 662 397 50 631 836 696 626 750 838 456 277 532 850 814 548 744 520 583 752 630 839 940 614 653 709 513 646 984 650 130 625 478 934 840 289 473 479 522 391 916 328 481 719 702 909 717 533 509 568 133 0 678 510 109 775 86 631 1161 215 456 768 189 400 777 732 793 521 862 744 753 96 652 346 1002 627 783 935 676 904 431 734 112 510 807 1084 246 932 931 492 551 707 518 499 958 936
945 375 541 582 426 32 898 703 379 287 431 898 350 713 882 408 324 686 156 1022 806 161 958 1128 435 161 802 366 37 243 810 913 806 420 731 998 482 515 291 397 946 200 156 595 691 409 228 889 403 624 105 152 540 110 705 678 0 920 670 531 635 312 945 650 229 470 785 727 803 389 201 441 197 1048 1076 590 233 332 707 288 1098 715 949 226 253 399 790 818 227 861 600 555 493 988 946 471 901 627 552 828
374 681 638 408 515 891 136 549 638 919 658 177 772 603 54 584 617 640 995 117 409 774 75 246 595 1057 673 636 884 802 142 191 731 624 626 116 459 879 921 588 83 770 792 326 723 751 821 308 684 764 897 776 420 827 377 510 920 0 618 668 451 688 886 332 711 705 334 193 455 724 924 515 1041 242 245 566 758 675 830 702 276 730 203 1115 695 719 502 130 924 834 355 847 891 121 41 639 35 331 885 648
902 295 824 634 556 659 505 75 684 861 753 733 793 919 565 299 577 928 816 654 840 520 692 861 690 830 1024 666 650 739 619 753 1065 708 61 734 550 983 866 311 581 472 518 481 990 281 455 822 754 975 724 537 589 564 242 109 670 618 0 840 182 674 1241 317 464 826 294 505 872 781 808 586 863 853 861 102 682 343 1070 666 892 1009 783 895 439 784 167 616 825 1162 339 987 977 597 660 769 627 590 1010 1023
499 631 30 271 284 500 728 822 180 339 107 551 193 189 660 562 291 156 497 784 352 497 664 785 152 582 271 199 501 293 526 557 279 142 892 688 299 213 339 552 734 544 521 424 169 719 624 475 130 135 442 481 286 515 705 775 531 668 840 0 692 232 436 602 489 66 752 522 328 143 396 255 525 675 708 738 299 579 231 255 720 194 584 615 500 133 862 537 380 350 549 181 228 780 672 76 636 351 217 298
720 286 672 464 412 616 353 136 553 770 616 554 676 751 398 227 458 764 763 505 659 474 522 697 548 794 854 537 606 642 438 574 898 570 215 566 394 856 774 238 427 440 480 305 831 327 455 640 623 825 663 485 423 525 86 86 635 451 182 692 0 557 1074 135 407 687 166 323 692 654 733 438 811 679 689 115 584 310 918 555 720 849 605 860 382 656 176 436 745 998 160 852 854 451 492 625 456 413 878 850
643 425 236 298 178 280 705 673 68 235 126 626 119 405 662 377 99 382 323 801 500 265 709 864 125 399 499 58 278 115 558 638 511 108 731 744 231 311 237 365 734 315 289 374 401 507 394 595 105 350 240 249 270 284 596 631 312 688 674 232 557 0 666 507 265 184 662 504 494 114 239 173 364 771 801 573 83 370 443 24 820 425 672 447 280 121 733 568 236 580 449 324 304 780 706 163 662 363 341 521
547 1062 440 611 699 918 994 1210 616 694 543 716 596 323 904 984 725 314 873 987 478 931 846 882 582 957 224 635 920 702 761 708 176 577 1286 848 693 456 691 976 968 980 955 774 267 1152 1060 588 562 322 846 915 653 946 1065 1161 945 886 1241 436 1074 666 0 960 925 484 1090 819 432 562 774 667 885 765 796 1142 724 1012 242 688 790 243 715 971 935 553 1230 772 751 86 917 403 483 1007 870 511 852 670 422 240
585 355 579 351 339 626 260 264 486 735 540 420 619 637 281 266 411 655 759 404 529 492 398 577 469 804 737 474 618 606 304 440 784 494 345 443 306 784 738 272 324 473 504 187 726 420 509 505 553 730 657 499 319 546 106 215 650 332 317 602 135 507 960 0 424 608 155 188 564 589 712 359 807 549 562 244 551 359 820 510 592 743 472 868 403 588 271 303 720 886 58 772 785 357 371 541 332 291 802 730
798 177 486 431 272 208 677 486 310 403 383 716 369 640 670 181 203 627 358 808 674 68 757 934 348 387 742 290 199 289 616 733 763 349 525 800 316 565 407 170 730 66 81 395 658 247 142 732 368 613 261 78 380 121 476 456 229 711 464 489 407 265 925 424 0 448 556 520 682 378 345 298 406 867 891 374 237 123 708 247 916 682 769 452 26 385 568 622 362 840 376 585 552 769 742 415 696 453 598 758
560 600 89 300 275 441 756 814 145 274 73 600 127 256 693 539 259 221 431 822 412 448 707 836 140 516 333 165 442 229 564 607 336 119 880 734 302 179 274 528 768 498 472 439 222 685 578 532 80 166 378 431 304 462 709 768 470 705 826 66 687 184 484 608 448 0 761 548 391 81 330 250 458 729 762 724 242 546 260 205 775 246 636 549 461 71 861 576 314 398 553 164 187 813 713 69 674 380 194 363
663 451 728 493 495 763 212 221 642 888 694 475 775 771 282 382 565 793 903 360 636 624 409 571 623 942 866 629 754 759 370 494 917 649 293 450 459 938 892 391 288 596 633 330 868 493 618 585 708 878 801 633 467 677 82 189 785 334 294 752 166 662 1090 155 556 761 0 276 676 744 862 514 952 575 580 269 703 471 965 664 610 883 519 1007 533 743 169 364 871 1020 213 925 940 303 375 694 349 423 956 854
399 505 494 251 328 698 208 448 461 738 492 234 598 506 159 404 428 533 805 299 360 582 239 419 424 865 595 456 691 617 118 254 648 453 529 283 274 727 741 406 230 580 600 134 613 583 634 319 515 636 706 583 247 634 275 400 727 193 505 522 323 504 819 188 520 548 276 0 400 554 737 332 851 371 389 430 570 493 715 516 417 624 287 924 504 551 435 118 739 753 186 702 735 275 222 480 176 171 738 581
173 764 302 260 411 771 563 827 426 662 390 290 508 174 472 668 491 220 805 559 46 718 419 492 369 886 220 438 768 591 330 286 279 387 907 428 374 521 663 663 536 748 742 391 298 856 824 173 422 363 732 708 313 754 665 777 803 455 872 328 692 494 432 564 682 391 676 400 0 453 708 384 838 374 407 781 576 726 402 517 412 296 300 928 681 444 829 341 696 380 533 473 542 576 441 352 420 282 512 194
617 539 159 317 249 360 761 775 103 212 69 636 55 332 707 487 204 300 356 841 470 373 734 875 130 440 414 118 361 149 587 645 417 102 837 765 289 203 213 476 781 425 396 434 302 621 503 582 40 242 298 356 308 384 685 732 389 724 781 143 654 114 562 589 378 81 744 554 453 0 257 231 386 772 804 680 162 484 333 132 820 327 676 476 394 10 830 598 243 476 532 210 199 826 736 102 695 394 229 442
868 520 415 537 410 187 932 826 299 87 319 865 203 586 896 517 311 550 102 1036 722 295 948 1103 354 187 659 296 194 125 797 876 653 329 869 983 466 326 91 505 967 351 306 604 536 575 406 827 286 460 100 277 509 267 788 793 201 924 808 396 733 239 774 712 345 330 862 737 708 257 0 410 130 1008 1039 716 167 467 532 223 1057 560 910 220 370 267 903 807 26 692 656 372 302 1012 943 356 899 601 363 691
508 400 238 141 32 409 535 567 131 406 180 462 269 357 490 317 117 355 487 628 377 336 538 698 111 556 463 124 405 288 387 476 494 135 637 574 59 424 409 309 562 364 360 205 407 492 440 449 194 389 395 327 101 376 459 521 441 515 586 255 438 173 667 359 298 250 514 332 384 231 410 0 531 610 639 484 245 354 484 187 660 428 511 610 298 230 611 396 409 584 303 415 426 607 533 186 489 193 444 472
998 568 544 662 527 204 1039 891 426 193 449 990 333 714 1010 586 424 677 49 1150 852 344 1068 1227 482 80 784 421 213 252 917 1002 774 458 924 1105 584 430 195 575 1079 391 345 717 658 606 425 955 416 579 150 329 631 300 874 862 197 1041 863 525 811 364 885 807 406 458 952 851 838 386 130 531 0 1135 1165 778 285 521 643 345 1184 681 1036 90 431 396 974 927 145 806 753 482 403 1123 1062 487 1017 723 465 817
219 874 646 473 623 1017 377 786 709 982 703 151 826 547 293 772 726 593 1094 277 334 922 167 119 656 1166 582 713 1012 884 257 135 640 682 865 133 566 882 984 773 309 931 943 474 671 954 992 203 735 733 1004 919 509 970 611 744 1048 242 853 675 679 771 765 549 867 729 575 371 374 772 1008 610 1135 0 34 792 851 858 775 790 50 670 99 1218 855 765 744 254 1002 732 556 838 901 324 202 673 227 421 877 547
251 893 679 503 650 1045 376 794 740 1014 735 177 858 581 298 792 754 627 1124 266 368 947 170 87 687 1195 615 744 1039 914 277 164 673 713 871 131 594 916 1016 793 305 955 968 497 705 971 1015 237 767 767 1034 944 538 996 620 753 1076 245 861 708 689 801 796 562 891 762 580 389 407 804 1039 639 1165 34 0 804 881 878 809 820 31 703 129 1248 878 797 748 273 1033 765 573 872 934 316 204 706 234 449 911 580
822 218 722 537 454 576 467 112 582 766 651 663 692 821 513 202 476 829 731 618 751 435 636 812 588 751 926 564 567 641 548 683 966 606 158 680 450 882 770 214 541 391 435 390 889 232 387 743 653 873 636 450 491 481 197 96 590 566 102 738 115 573 1142 244 374 724 269 430 781 680 716 484 778 792 804 0 584 259 968 566 834 909 715 816 349 683 204 546 732 1062 253 885 876 564 607 667 570 498 908 926
726 411 308 378 243 202 765 689 151 186 198 705 136 480 729 382 144 454 243 869 583 218 783 942 207 317 570 141 202 58 632 717 577 189 741 820 299 330 190 370 800 273 239 437 464 484 348 677 170 403 157 199 346 223 633 652 233 758 682 299 584 83 724 551 237 242 703 570 576 162 167 245 285 851 881 584 0 355 493 61 900 488 752 367 258 172 758 642 170 639 494 355 316 844 778 238 734 438 364 595
820 56 572 466 324 318 619 371 402 525 477 710 481 711 629 94 289 704 474 760 710 177 731 911 430 493 815 382 308 409 601 729 843 438 405 775 352 678 530 88 680 133 177 386 746 140 150 748 467 709 380 193 414 223 388 346 332 675 343 579 310 370 1012 359 123 546 471 493 726 484 467 354 521 858 878 259 355 0 806 355 906 769 765 558 99 490 459 605 485 927 322 693 667 716 710 504 666 468 709 827
565 858 247 473 514 680 913 1050 403 452 329 683 360 231 834 792 517 190 631 943 444 706 809 894 382 715 210 423 683 465 691 682 166 370 1121 824 524 216 449 782 905 758 729 636 107 945 836 574 340 97 606 688 501 715 925 1002 707 830 1070 231 918 443 242 820 708 260 965 715 402 333 532 484 643 775 809 968 493 806 0 463 812 106 701 730 721 325 1085 703 509 163 770 162 244 949 825 305 796 547 184 251
665 410 260 317 188 256 715 667 92 226 149 645 128 429 675 367 99 406 303 814 523 244 725 882 148 378 522 80 254 101 574 657 534 132 724 761 243 323 230 356 746 294 267 385 423 491 373 616 126 370 218 227 287 260 597 627 288 702 666 255 555 24 688 510 247 205 664 516 517 132 223 187 345 790 820 566 61 355 463 0 840 448 691 428 263 139 730 584 223 602 452 339 314 791 720 187 677 379 354 545
249 921 691 523 672 1067 407 824 758 1030 751 200 874 586 329 820 776 632 1143 293 375 972 201 96 704 1216 615 762 1062 933 304 185 673 730 902 161 616 926 1031 821 335 980 992 523 710 1000 1041 245 782 774 1054 968 559 1020 650 783 1098 276 892 720 720 820 790 592 916 775 610 417 412 820 1057 660 1184 50 31 834 900 906 812 840 0 707 149 1267 904 812 778 301 1051 762 602 881 945 345 235 720 265 471 920 579
460 819 197 392 459 686 818 983 373 488 301 579 367 127 736 744 482 91 661 841 338 690 706 788 339 747 115 392 687 473 592 578 93 334 1057 719 459 275 486 735 806 738 714 556 25 909 818 469 321 104 620 674 426 707 849 935 715 730 1009 194 849 425 243 743 682 246 883 624 296 327 560 428 681 670 703 909 488 769 106 448 707 0 596 770 692 317 1012 604 539 158 695 219 302 849 723 268 695 461 252 155
177 784 555 374 523 918 338 720 611 885 607 55 730 470 245 681 627 514 995 279 257 824 140 201 558 1067 517 615 913 785 169 37 576 584 800 133 467 794 887 682 283 834 845 380 595 866 897 129 638 652 905 820 410 872 544 676 949 203 783 584 605 672 715 472 769 636 519 287 300 676 910 511 1036 99 129 715 752 765 701 691 149 596 0 1119 758 669 688 169 904 674 472 752 811 312 172 578 176 322 791 486
1086 601 634 745 604 244 1107 929 512 283 538 1071 423 804 1082 633 500 768 124 1223 940 386 1146 1308 568 66 874 506 253 339 995 1084 864 545 955 1184 661 516 284 622 1150 426 382 790 747 626 444 1042 505 668 218 375 711 336 928 904 226 1115 895 615 860 447 971 868 452 549 1007 924 928 476 220 610 90 1218 1248 816 367 558 730 428 1267 770 1119 0 477 486 1016 1004 235 893 815 568 489 1193 1138 576 1093 803 550 907
792 154 495 427 270 233 657 460 320 426 394 705 387 645 652 156 211 634 383 789 671 92 742 920 356 412 748 300 224 311 603 722 771 359 500 785 312 584 431 145 711 76 102 382 669 228 144 725 381 626 287 103 376 144 452 431 253 695 439 500 382 280 935 403 26 461 533 504 681 394 370 298 431 855 878 349 258 99 721 263 904 692 758 477 0 400 543 609 387 850 356 602 572 750 726 425 681 445 616 763
608 544 149 312 249 370 757 778 103 220 62 629 64 321 702 491 208 290 366 836 461 381 728 868 126 450 403 119 371 160 581 638 407 98 840 759 287 200 221 480 776 433 404 431 292 627 511 573 36 233 309 364 304 393 685 734 399 719 784 133 656 121 553 588 385 71 743 551 444 10 267 230 396 765 797 683 172 490 325 139 812 317 669 486 400 0 831 592 253 467 531 205 198 822 731 93 690 389 225 431
828 421 841 621 586 774 375 99 728 944 790 643 852 908 451 388 634 925 926 516 792 632 578 734 721 951 1007 712 765 816 536 662 1055 744 140 617 564 1031 948 400 450 591 634 457 995 431 591 750 798 994 828 645 586 681 165 112 790 502 167 862 176 733 1230 271 568 861 169 435 829 830 903 611 974 744 748 204 758 459 1085 730 778 1012 688 1016 543 831 0 531 916 1156 316 1025 1029 458 543 797 518 561 1053 999
298 620 508 280 401 788 222 556 515 796 531 117 647 478 133 519 505 514 882 247 296 681 141 312 469 948 554 514 782 683 12 137 611 498 636 180 343 749 798 520 203 685 701 227 596 700 743 221 558 634 787 680 298 732 380 510 818 130 616 537 436 568 772 303 622 576 364 118 341 598 807 396 927 254 273 546 642 605 703 584 301 604 169 1004 609 592 531 0 805 715 304 717 762 247 139 510 98 206 754 533
858 538 400 532 411 211 935 841 293 62 307 860 189 569 897 531 314 533 122 1037 711 315 945 1099 346 208 641 291 218 122 795 871 633 321 886 980 466 302 65 519 969 372 327 607 516 596 429 818 274 439 124 296 507 290 798 807 227 924 825 380 745 236 751 720 362 314 871 739 696 243 26 409 145 1002 1033 732 170 485 509 223 1051 539 904 235 387 253 916 805 0 670 663 349 277 1013 942 344 899 599 339 673
514 977 355 536 616 833 935 1133 530 613 457 669 511 250 848 901 640 234 792 939 426 845 799 851 497 877 161 550 835 618 704 663 105 491 1208 805 612 379 611 892 914 894 869 700 181 1067 974 545 476 237 762 829 575 860 992 1084 861 834 1162 350 998 580 86 886 840 398 1020 753 380 476 692 584 806 732 765 1062 639 927 163 602 762 158 674 893 850 467 1156 715 670 0 842 325 406 955 821 425 799 598 346 188
570 326 526 306 282 575 301 296 429 678 484 419 562 594 307 229 353 609 704 438 501 443 415 596 414 751 695 416 567 549 303 438 741 438 375 460 251 728 681 234 359 428 457 145 678 399 470 491 496 679 603 449 270 497 157 246 600 355 339 549 160 449 917 58 376 553 213 186 533 532 656 303 753 556 573 253 494 322 770 452 602 695 472 815 356 531 316 304 663 842 0 717 729 396 391 487 349 253 747 691
646 748 209 451 439 530 909 977 303 291 236 723 219 304 840 695 413 257 470 964 506 573 840 952 304 554 333 321 533 319 705 727 307 282 1042 863 466 57 288 684 914 627 594 599 201 830 703 635 233 118 452 554 463 575 873 932 555 847 987 181 852 324 403 772 585 164 925 702 473 210 372 415 482 838 872 885 355 693 162 339 881 219 752 568 602 205 1025 717 349 325 717 0 84 960 850 231 815 531 39 372
716 723 257 487 447 471 943 974 302 217 247 779 186 378 880 680 400 333 396 1008 572 531 891 1012 318 478 416 317 476 270 750 784 391 292 1034 916 482 28 213 669 955 588 550 623 284 799 660 699 233 200 389 512 490 526 883 931 493 891 977 228 854 304 483 785 552 187 940 735 542 199 302 426 403 901 934 876 316 667 244 314 945 302 811 489 572 198 1029 762 277 406 729 84 0 1001 898 255 860 567 62 455
487 712 751 514 603 961 99 523 736 1013 762 294 871 723 120 622 701 760 1076 58 530 835 172 283 696 1132 794 731 953 892 258 306 852 725 593 193 549 990 1016 628 46 824 850 407 842 772 865 426 786 880 976 839 519 889 368 492 988 121 597 780 451 780 1007 357 769 813 303 275 576 826 1012 607 1123 324 316 564 844 716 949 791 345 849 312 1193 750 822 458 247 1013 955 396 960 1001 0 140 746 156 434 997 769
347 717 643 419 535 917 174 591 654 935 669 155 785 596 95 619 639 635 1017 118 395 804 36 206 608 1081 661 652 910 820 150 166 719 637 667 75 479 885 937 622 112 802 822 351 718 789 854 286 696 763 920 804 436 855 418 551 946 41 660 672 492 706 870 371 742 713 375 222 441 736 943 533 1062 202 204 607 778 710 825 720 235 723 172 1138 726 731 543 139 942 821 391 850 898 140 0 648 45 345 888 634
515 555 73 232 213 439 687 753 105 313 40 540 157 243 626 487 215 219 454 756 368 425 643 778 78 537 335 125 439 242 499 548 350 66 821 672 236 248 314 477 700 471 449 370 244 644 551 480 71 208 388 410 235 447 643 707 471 639 769 76 625 163 511 541 415 69 694 480 352 102 356 186 487 673 706 667 238 504 305 187 720 268 578 576 425 93 797 510 344 425 487 231 255 746 648 0 609 312 262 358
343 674 606 378 491 872 162 560 611 892 628 146 744 569 69 575 594 606 972 149 374 758 67 247 567 1035 638 609 865 777 110 160 696 595 638 111 434 848 894 579 117 757 776 306 689 748 809 275 655 730 875 759 393 810 386 518 901 35 627 636 456 662 852 332 696 674 349 176 420 695 899 489 1017 227 234 570 734 666 796 677 265 695 176 1093 681 690 518 98 899 799 349 815 860 156 45 609 0 303 852 614
352 498 323 80 202 596 377 549 309 590 328 271 441 348 314 397 306 370 680 447 254 504 347 505 264 749 446 308 591 477 196 286 495 293 628 382 145 557 592 395 388 519 526 109 447 588 587 281 354 465 587 500 92 551 396 499 627 331 590 351 413 363 670 291 453 380 423 171 282 394 601 193 723 421 449 498 438 468 547 379 471 461 322 803 445 389 561 206 599 598 253 531 567 434 345 312 303 0 567 439
685 764 247 487 467 529 945 1002 327 278 264 762 229 342 877 716 433 295 458 1001 545 581 879 991 333 540 368 344 533 322 743 766 338 310 1065 901 497 37 275 704 951 637 601 632 236 844 711 675 256 155 448 562 496 579 903 958 552 885 1010 217 878 341 422 802 598 194 956 738 512 229 363 444 465 877 911 908 364 709 184 354 920 252 791 550 616 225 1053 754 339 346 747 39 62 997 888 262 852 567 0 407
330 872 287 389 504 797 754 986 459 626 397 481 490 118 665 785 555 142 793 752 239 778 611 667 411 878 41 476 797 591 522 476 94 416 1064 617 486 428 625 778 730 819 802 546 171 964 898 357 425 255 740 764 436 803 834 936 828 648 1023 298 850 521 240 730 758 363 854 581 194 442 691 472 817 547 580 926 595 827 251 545 579 155 486 907 763 431 999 533 673 188 691 372 455 769 634 358 614 439 407 0
