# TTSP Euclidean complete-graph matrix instance
# seed: 2022
# depot: 1
# L_max is not stored in this file; pass it with --budget when running algorithms.
# coordinate rows: node x y
# coord 1 531.625750 442.605961
# coord 2 310.053569 60.789850
# coord 3 783.625332 982.027752
# coord 4 412.367640 634.043577
# coord 5 810.879208 861.082389
# coord 6 761.000636 308.599879
# coord 7 625.235390 549.647330
# coord 8 519.541417 37.997095
# coord 9 745.025731 264.952563
# coord 10 905.650599 875.748127
# coord 11 367.935980 405.513063
# coord 12 66.778346 417.010950
# coord 13 441.464366 13.981030
# coord 14 229.182248 483.074698
# coord 15 70.130771 114.527223
# coord 16 106.303629 389.721316
# coord 17 997.030880 276.419296
# coord 18 31.443684 984.675285
# coord 19 632.248642 436.889126
# coord 20 256.287880 941.928290
# coord 21 432.062061 27.893362
# coord 22 743.918739 421.407870
# coord 23 679.132140 699.458463
# coord 24 322.141450 422.529670
# coord 25 92.785096 106.513870
# coord 26 183.154419 757.692956
# coord 27 413.350891 764.427565
# coord 28 958.028953 778.078828
# coord 29 127.125343 270.257127
# coord 30 434.655098 159.603895
# coord 31 194.787583 130.963549
# coord 32 71.848664 126.977275
# coord 33 99.234292 542.994274
# coord 34 917.482912 620.622717
# coord 35 433.427206 811.833671
# coord 36 132.278523 744.125759
# coord 37 654.256808 206.016633
# coord 38 546.882568 858.741759
# coord 39 331.387567 314.816562
# coord 40 500.042617 101.704430
# coord 41 496.733685 399.534407
# coord 42 853.492904 630.367378
# coord 43 539.743682 442.563098
# coord 44 219.441709 144.814917
# coord 45 679.943902 462.220925
# coord 46 284.919747 240.591617
# coord 47 703.102370 565.032477
# coord 48 186.209983 961.489158
# coord 49 936.631031 727.038168
# coord 50 776.910523 183.856205
# coord 51 210.337031 674.881778
# coord 52 294.060977 2.738797
# coord 53 315.985546 643.486281
# coord 54 687.111916 400.665790
# coord 55 683.550087 670.316413
# coord 56 797.810077 592.878680
# coord 57 761.522315 56.126316
# coord 58 168.053332 835.144495
# coord 59 213.786877 805.299052
# coord 60 939.662324 910.117003
# coord 61 820.642958 844.857115
# coord 62 850.221589 365.511073
# coord 63 458.283007 924.375938
# coord 64 745.273015 910.744746
# coord 65 678.180239 217.227704
# coord 66 497.747948 339.293174
# coord 67 246.283020 499.698759
# coord 68 28.824031 478.909122
# coord 69 741.657448 206.804076
# coord 70 81.724995 292.789332
# coord 71 511.428440 706.161807
# coord 72 317.433666 707.087557
# coord 73 796.345620 630.731108
# coord 74 695.465976 138.792092
# coord 75 978.401899 820.952241
# coord 76 946.142134 47.919697
# coord 77 518.605743 108.087078
# coord 78 52.770063 421.248606
# coord 79 13.259416 767.443596
# coord 80 597.646090 59.818433
# coord 81 669.001263 222.408542
# coord 82 872.130161 473.792903
# coord 83 8.732547 979.950384
# coord 84 383.036226 737.759335
# coord 85 951.226734 26.631778
# coord 86 465.700781 912.710258
# coord 87 669.053944 826.784649
# coord 88 964.289101 744.588143
# coord 89 424.467527 893.820429
# coord 90 393.281727 222.851358
# coord 91 820.366777 126.135865
# coord 92 878.063472 212.825223
# coord 93 287.717814 239.480745
# coord 94 51.900999 262.133502
# coord 95 852.702123 898.766836
# coord 96 917.978382 741.321521
# coord 97 456.632894 547.489323
# coord 98 666.244488 723.036963
# coord 99 951.343578 757.531927
# coord 100 29.956017 93.015639
# reference_nearest_neighbor_tour_cost: 9761
TTSP_MATRIX
100
0 60 47 47 86 79 58 71 46 7 43 27 91 59 97 93 86 99 68 19 39 18 47 40 44 37 100 5 43 39 88 13 69 27 47 91 18 78 41 88 37 8 8 26 61 81 53 18 9 95 68 64 85 39 80 69 74 94 65 73 49 4 19 13 67 67 81 78 10 56 85 77 85 52 99 4 28 66 24 59 56 34 29 59 30 11 2 54 9 52 51 81 78 22 64 66 62 56 67 80
0 441 595 226 503 266 142 405 278 572 168 466 438 305 566 429 494 738 101 570 426 213 296 210 553 470 343 543 440 299 459 558 444 425 382 500 266 416 238 342 55 373 8 431 150 319 211 623 495 357 396 500 295 161 274 306 450 535 482 621 495 328 487 515 269 109 291 504 316 474 264 340 325 345 585 572 335 479 612 388 260 342 750 330 591 475 408 528 464 260 428 416 317 513 558 488 129 311 525 611
441 0 1036 582 944 515 582 211 481 1009 350 431 139 430 246 387 720 965 495 883 126 564 738 362 222 708 711 967 278 159 135 247 526 826 761 706 374 832 255 194 387 787 446 124 546 182 639 909 915 483 622 60 583 508 715 722 451 787 751 1057 936 620 876 955 400 336 444 504 456 326 676 646 749 393 1012 636 214 443 766 288 394 697 967 681 642 866 846 946 841 182 514 588 180 327 998 913 508 752 947 282
595 1036 0 509 124 674 460 980 718 162 711 913 1027 746 1123 900 737 752 566 529 1017 562 301 725 1115 641 429 268 968 893 1035 1113 813 385 389 693 787 267 806 925 649 359 592 1010 530 894 425 598 297 798 650 1095 577 589 327 389 926 633 597 172 142 620 330 81 772 703 722 907 776 984 388 541 352 848 253 948 913 921 800 941 768 516 775 469 970 325 193 298 370 854 857 775 893 1026 108 276 544 284 280 1165
226 582 509 0 459 477 229 606 497 549 233 408 621 237 622 392 685 518 295 345 606 394 275 230 617 260 130 564 462 475 548 611 326 505 179 301 492 262 329 540 249 441 230 526 318 414 299 398 532 579 206 642 97 360 274 388 675 316 262 595 459 514 294 433 494 307 214 414 539 475 123 120 384 570 596 793 537 418 421 603 485 487 532 108 812 284 321 563 260 412 651 628 414 518 514 517 97 269 553 663
503 944 124 459 0 555 363 873 600 96 635 867 924 694 1052 848 614 789 460 560 915 445 209 657 1042 636 409 169 904 796 955 1042 779 263 381 689 674 264 727 821 558 235 499 929 420 813 315 633 184 678 629 1002 541 477 229 269 806 643 600 138 19 497 358 82 657 609 670 870 658 924 337 517 231 731 172 824 808 876 803 829 654 392 811 445 846 349 146 193 388 763 735 652 812 967 56 161 473 200 175 1095
266 515 674 477 555 0 277 363 46 585 405 703 435 560 718 660 238 995 182 810 432 114 399 453 698 732 573 509 635 359 593 713 702 349 600 765 148 590 430 333 279 335 259 566 174 481 263 870 454 126 661 558 557 118 370 287 252 793 739 627 540 106 686 602 123 265 549 752 104 679 469 596 324 182 557 320 315 717 877 298 126 199 1008 572 340 672 526 481 675 378 192 151 478 711 597 460 387 425 488 762
142 582 460 229 363 277 0 522 309 430 295 574 566 402 705 543 461 736 113 539 556 175 159 329 693 489 302 404 571 434 600 696 526 301 325 530 345 319 376 465 198 242 137 573 103 460 79 602 358 396 433 639 323 161 134 178 512 539 484 478 354 291 410 381 337 246 382 601 362 601 194 346 189 417 445 596 454 587 650 491 330 258 752 307 616 397 281 391 398 401 466 421 458 641 417 350 169 178 387 750
405 211 980 606 873 363 522 0 320 922 398 590 82 531 456 543 534 1065 415 941 88 444 680 432 432 794 734 860 456 148 338 456 657 706 779 805 215 821 335 67 362 680 405 319 454 310 558 982 805 296 708 228 639 400 653 621 243 871 826 968 861 465 888 901 239 302 537 660 279 507 668 699 654 203 908 427 70 604 888 81 237 561 1072 713 432 876 803 835 861 224 313 399 307 519 923 808 513 701 839 493
278 481 718 497 600 46 309 320 0 632 402 695 394 560 691 651 252 1014 206 835 393 156 439 451 671 747 600 556 618 328 566 687 703 395 629 778 108 626 417 294 282 381 271 539 208 461 303 893 500 87 674 522 572 148 410 332 209 811 758 674 585 146 719 646 82 258 551 747 58 664 499 615 369 136 603 296 275 710 888 253 87 244 1026 595 315 705 567 527 706 354 158 143 458 693 643 507 404 465 534 735
572 1009 162 549 96 585 430 922 632 0 714 956 979 782 1130 936 606 881 517 653 971 482 287 739 1119 732 505 111 986 857 1030 1121 872 255 477 784 715 359 803 874 628 251 567 1003 471 888 371 725 152 704 724 1066 634 523 303 303 832 739 695 48 90 513 450 164 697 674 759 962 689 1009 429 612 268 766 91 829 860 966 899 872 695 403 903 541 850 441 242 144 482 830 754 663 887 1051 58 135 556 284 127 1175
168 350 711 233 635 405 295 398 402 714 0 301 398 159 416 262 642 670 266 548 383 376 428 49 406 398 362 698 276 255 325 407 302 590 412 413 349 487 98 331 129 535 176 300 317 185 371 585 653 465 312 409 244 319 412 469 526 474 428 763 631 484 527 631 363 146 154 347 423 308 333 306 484 422 738 680 333 316 507 415 352 509 677 333 696 517 518 686 492 184 532 545 184 347 692 644 167 436 681 460
466 431 913 408 867 703 574 590 695 956 301 0 550 175 303 48 941 569 566 558 534 677 674 255 312 360 491 962 159 449 313 290 130 875 539 334 624 652 284 536 430 815 474 312 615 281 653 557 923 747 295 473 337 621 667 752 783 430 415 1003 867 785 641 839 643 438 198 73 707 125 530 383 760 687 997 954 547 15 354 640 633 807 566 450 967 636 728 955 596 380 808 837 283 156 922 911 411 673 948 326
438 139 1027 621 924 435 566 82 394 979 398 550 0 515 385 504 614 1054 464 946 17 507 726 426 361 787 751 922 406 146 273 387 630 771 798 793 287 851 320 105 389 741 440 258 508 275 610 981 868 376 700 148 642 458 700 680 323 865 823 1025 913 539 911 947 312 330 523 622 357 455 696 704 712 283 969 506 122 563 867 163 309 630 1058 726 510 899 844 898 880 214 395 480 273 462 976 870 534 744 902 419
305 430 746 237 694 560 402 531 560 782 159 175 515 0 401 154 795 539 406 460 498 518 499 111 401 278 336 786 236 383 354 389 143 702 387 278 507 492 197 468 280 641 313 338 451 249 481 480 748 624 193 485 182 465 491 579 682 357 323 829 693 632 497 670 522 305 24 200 582 241 360 241 586 580 822 839 474 187 357 561 511 643 544 298 854 490 558 780 455 308 691 703 251 283 749 736 236 499 773 438
566 246 1123 622 1052 718 705 456 691 1130 416 303 385 401 0 278 941 871 648 848 372 740 844 398 24 653 735 1108 166 367 126 13 429 987 786 633 591 884 329 430 513 938 573 152 702 249 777 855 1061 710 578 250 583 680 828 871 694 727 706 1179 1047 819 898 1044 617 483 424 367 678 179 738 642 891 626 1151 879 449 307 655 530 609 879 868 697 885 891 931 1094 856 341 750 814 251 149 1108 1054 580 852 1091 46
429 387 900 392 848 660 543 543 651 936 262 48 504 154 278 0 898 600 528 572 487 638 651 218 284 376 484 936 121 401 273 265 153 843 534 355 578 643 237 488 391 785 437 270 578 233 622 577 896 701 304 430 329 581 642 721 735 450 429 982 847 744 640 824 597 395 178 118 661 100 514 381 731 640 973 907 499 62 389 592 587 770 598 445 920 635 713 928 596 332 761 792 236 139 903 885 384 652 922 306
494 720 737 685 614 238 461 534 252 606 642 941 614 795 941 898 0 1197 399 996 617 292 529 691 920 946 761 503 870 574 815 937 937 353 777 983 350 736 667 527 515 382 487 789 368 713 412 1061 455 239 882 754 774 334 503 374 322 1000 945 636 595 172 843 682 324 503 783 989 265 915 648 805 407 331 545 234 507 955 1100 454 332 234 1213 768 254 829 641 469 842 606 232 135 710 945 639 472 605 556 483 984
738 965 752 518 789 995 736 1065 1014 881 670 569 1054 539 871 600 1197 0 813 229 1037 908 708 633 880 273 441 949 721 918 869 859 447 958 438 261 997 531 734 1000 748 895 743 861 833 786 792 156 941 1094 358 1016 444 878 724 861 1181 203 256 911 801 1027 431 718 1004 796 530 506 1053 694 555 399 843 1075 961 1309 1003 564 218 1084 994 984 23 430 1328 440 657 963 403 843 1166 1146 788 723 826 919 610 687 948 892
101 495 566 295 460 182 113 415 206 517 266 566 464 406 648 528 399 813 0 630 455 113 267 310 633 552 394 472 532 340 534 640 543 339 424 587 232 430 325 360 141 294 93 506 54 399 146 689 421 291 484 550 378 66 239 227 402 612 558 564 449 229 518 487 224 166 391 605 255 569 295 415 254 305 517 500 348 580 702 379 218 243 827 391 520 504 392 453 502 321 363 333 397 606 512 418 208 288 452 694
570 883 529 345 560 810 539 941 835 653 548 558 946 460 848 572 996 229 630 0 931 713 487 524 851 198 237 721 684 802 813 836 429 735 220 233 837 302 632 875 593 674 574 798 640 702 585 73 713 920 271 940 304 692 506 644 1020 139 143 684 573 828 203 490 839 649 442 516 881 672 347 243 623 915 732 1129 874 559 299 946 829 774 250 240 1149 211 429 735 175 732 992 958 703 710 598 691 442 465 719 879
426 126 1017 606 915 432 556 88 393 971 383 534 17 498 372 487 617 1037 455 931 0 502 716 410 348 771 737 916 390 132 259 374 613 766 784 776 285 839 304 100 377 735 428 243 500 259 602 965 862 378 684 140 626 452 690 673 331 849 807 1018 905 537 897 937 311 318 507 605 358 439 683 689 704 286 963 514 118 546 850 169 307 626 1042 712 519 885 833 893 866 199 401 483 256 447 967 863 520 734 896 407
213 564 562 394 445 114 175 444 156 482 376 677 507 518 740 638 292 908 113 713 502 0 285 422 723 654 476 416 635 405 621 734 656 264 499 692 233 480 426 402 248 236 205 593 76 493 149 776 361 240 591 615 482 60 256 180 366 709 655 526 430 120 578 489 215 260 504 717 215 675 368 513 216 287 463 425 386 691 808 390 213 139 923 480 446 565 412 391 570 403 305 248 491 710 490 364 314 311 395 786
296 738 301 275 209 399 159 680 439 287 428 674 726 499 844 651 529 708 267 487 716 285 0 452 834 499 274 290 699 593 747 835 601 251 270 549 494 207 519 624 351 188 292 720 237 605 137 558 259 525 469 796 367 299 29 160 649 529 477 335 203 375 315 221 482 403 477 687 497 723 168 362 136 561 323 704 613 685 669 645 477 297 727 299 726 302 128 289 320 556 590 526 604 765 264 242 269 27 278 888
210 362 725 230 657 453 329 432 451 739 49 255 426 111 398 218 691 633 310 524 410 422 452 0 390 363 354 729 247 286 318 387 253 627 405 373 396 491 108 367 176 571 219 296 360 186 407 556 686 514 276 421 221 366 438 505 572 440 398 787 653 531 520 646 411 194 108 299 472 273 341 285 518 469 768 728 371 269 463 455 400 552 639 321 743 511 533 718 482 212 580 594 186 314 713 676 184 457 713 440
553 222 1115 617 1042 698 693 432 671 1119 406 312 361 401 24 284 920 880 633 851 348 723 834 390 0 657 732 1095 167 346 105 29 437 972 783 639 570 879 317 407 499 924 559 132 687 234 763 860 1047 688 580 226 582 663 817 857 671 733 709 1167 1037 800 896 1036 596 467 422 378 657 187 731 641 877 604 1138 855 426 317 666 507 588 862 877 695 862 888 922 1080 854 322 728 792 236 161 1098 1041 572 842 1077 64
470 708 641 260 636 732 489 794 747 732 398 360 787 278 653 376 946 273 552 198 771 654 499 363 657 0 230 775 491 649 627 640 231 747 256 53 725 378 467 729 476 682 476 614 578 527 554 204 754 826 87 763 175 618 508 636 909 79 57 772 643 774 322 583 733 523 266 319 784 476 332 143 626 803 798 1042 731 361 170 812 723 745 283 201 1060 322 491 781 277 575 897 883 529 513 684 735 345 484 768 682
343 711 429 130 409 573 302 734 600 505 362 491 751 336 735 484 761 441 394 237 737 476 274 354 732 230 0 545 571 605 670 723 384 524 51 282 608 163 457 668 374 460 346 649 403 539 352 301 525 685 222 771 155 455 286 421 789 255 204 546 415 592 166 363 608 433 313 479 647 577 114 112 406 686 568 893 665 498 400 728 599 543 458 40 913 157 263 551 130 542 757 721 540 619 459 505 221 256 538 773
543 967 268 564 169 509 404 860 556 111 698 962 922 786 1108 936 503 949 472 721 916 416 290 729 1095 775 545 0 974 810 1001 1100 890 163 526 826 648 419 779 817 597 181 536 973 421 861 332 793 55 621 755 1021 656 465 295 245 748 792 745 133 153 426 521 251 627 636 764 976 611 1002 452 645 219 691 47 730 801 973 945 804 626 316 971 576 751 510 293 34 546 792 666 571 860 1043 160 54 552 297 22 1154
440 278 968 462 904 635 571 456 618 986 276 159 406 236 166 121 870 721 532 684 390 635 699 247 167 491 571 974 0 327 155 154 274 865 622 474 531 723 209 409 392 811 447 156 585 161 647 694 929 656 413 315 418 575 685 744 670 566 542 1034 901 729 733 890 554 377 259 231 618 51 581 476 760 583 1014 849 424 168 510 515 544 772 720 533 859 726 777 962 691 270 708 753 164 76 960 921 431 704 957 202
299 159 893 475 796 359 434 148 328 857 255 449 146 383 367 401 574 918 340 802 132 405 593 286 346 649 605 810 327 0 242 364 509 668 652 658 224 708 186 87 248 630 302 216 390 170 486 839 758 343 562 211 498 349 568 565 343 726 682 905 786 464 765 813 250 190 389 516 311 377 552 560 594 262 856 524 98 463 740 191 243 539 924 580 533 754 707 789 734 76 387 447 167 396 849 756 389 609 790 410
459 135 1035 548 955 593 600 338 566 1030 325 313 273 354 126 273 815 869 534 813 259 621 747 318 105 627 670 1001 155 242 0 123 423 873 721 616 466 808 229 307 404 827 465 28 587 142 668 831 952 585 544 162 527 561 728 760 572 705 675 1078 949 696 836 955 491 368 372 385 552 197 657 589 782 501 1044 756 325 323 662 409 483 759 869 635 764 827 842 984 797 219 626 688 143 194 1011 946 492 757 982 169
558 247 1113 611 1042 713 696 456 687 1121 407 290 387 389 13 265 937 859 640 836 374 734 835 387 29 640 723 1100 154 364 123 0 417 979 774 620 588 872 320 429 505 930 564 149 694 241 768 842 1053 707 565 255 571 673 818 863 693 715 693 1169 1037 814 886 1033 613 476 412 355 675 166 727 630 882 624 1142 878 447 295 643 530 605 872 855 685 885 879 920 1085 844 335 749 811 243 137 1098 1046 570 842 1082 54
444 526 813 326 779 702 526 657 703 872 302 130 630 143 429 153 937 447 543 429 613 656 601 253 437 231 384 890 274 509 423 417 0 822 429 204 649 548 326 596 423 759 452 416 586 355 604 427 857 767 172 574 239 605 598 700 822 300 286 917 782 772 524 743 664 448 153 95 725 251 443 273 703 720 922 981 604 130 240 694 654 776 446 344 996 521 637 888 478 435 833 846 357 285 833 842 357 595 879 455
425 826 385 505 263 349 301 706 395 255 590 875 771 702 987 843 353 958 339 735 766 264 251 627 972 747 524 163 865 668 873 979 822 0 520 795 491 441 661 666 475 65 418 845 286 738 221 807 108 459 709 878 602 319 239 123 586 780 728 290 244 264 551 337 469 505 682 900 450 898 415 606 122 531 209 573 649 887 916 646 469 154 977 547 595 538 323 133 564 658 504 410 736 937 286 121 467 271 141 1033
382 761 389 179 381 600 325 779 629 477 412 539 798 387 786 534 777 438 424 220 784 499 270 405 783 256 51 526 622 652 721 774 429 520 0 309 645 123 507 713 417 458 384 701 428 590 366 289 510 716 262 821 205 483 287 425 824 266 220 516 389 611 115 327 643 477 364 524 679 627 131 156 406 722 545 920 709 545 423 770 635 554 457 90 941 106 236 535 82 590 787 746 591 669 428 490 265 249 521 824
500 706 693 301 689 765 530 805 778 784 413 334 793 278 633 355 983 261 587 233 776 692 549 373 639 53 282 826 474 658 616 620 204 795 309 0 750 430 473 740 502 730 507 606 616 526 598 224 805 854 104 759 209 653 556 683 932 98 102 824 696 812 373 635 759 545 270 285 812 454 381 189 674 827 850 1071 744 333 121 828 749 788 266 251 1089 374 543 832 328 583 925 916 528 489 737 786 379 534 819 659
266 374 787 492 674 148 345 215 108 715 349 624 287 507 591 578 350 997 232 837 285 233 494 396 570 725 608 648 531 224 466 588 649 491 645 750 0 661 341 186 250 469 263 439 257 371 362 889 593 125 646 414 553 197 465 413 184 795 744 760 660 253 745 711 26 206 503 682 87 579 520 604 448 79 695 332 167 639 852 157 22 345 1008 597 347 731 621 621 725 262 184 224 368 605 721 597 395 517 626 634
416 832 267 262 264 590 319 821 626 359 487 652 851 492 884 643 736 531 430 302 839 480 207 491 879 378 163 419 723 708 808 872 548 441 123 430 661 0 585 758 462 382 416 785 418 671 333 375 411 713 383 893 316 479 233 366 831 380 337 396 274 579 110 205 655 522 468 642 680 733 157 275 338 735 433 904 751 660 541 801 648 504 552 204 925 97 126 433 127 654 782 726 671 775 308 389 324 181 417 924
238 255 806 329 727 430 376 335 417 803 98 284 320 197 329 237 667 734 325 632 304 426 519 108 317 467 457 779 209 186 229 320 326 661 507 473 341 585 0 272 186 610 244 204 378 88 448 663 732 464 380 314 329 366 500 543 502 545 504 851 721 521 623 726 360 168 204 344 424 251 431 393 562 404 821 670 279 298 553 369 350 564 739 426 684 613 613 765 586 111 524 556 87 284 783 725 264 528 762 374
342 194 925 540 821 333 465 67 294 874 331 536 105 468 430 488 527 1000 360 875 100 402 624 367 407 729 668 817 409 87 307 429 596 666 713 740 186 758 272 0 298 636 343 284 403 256 506 915 763 289 642 229 572 353 597 574 265 805 760 920 809 438 824 845 212 238 472 604 263 460 605 632 606 199 864 449 20 550 825 106 208 526 1006 647 457 812 745 793 796 161 321 394 253 476 872 764 448 643 796 470
55 387 649 249 558 279 198 362 282 628 129 430 389 280 513 391 515 748 141 593 377 248 351 176 499 476 374 597 392 248 404 505 423 475 417 502 250 462 186 298 0 425 61 377 194 265 265 642 548 354 397 446 304 190 329 358 434 546 495 676 551 355 526 568 257 60 270 475 312 429 307 356 378 328 640 571 292 444 608 354 247 383 758 357 588 514 461 581 500 205 424 425 263 466 613 542 153 365 579 558
373 787 359 441 235 335 242 680 381 251 535 815 741 641 938 785 382 895 294 674 735 236 188 571 924 682 460 181 811 630 827 930 759 65 458 730 469 382 610 636 425 0 366 799 242 689 164 745 128 453 645 841 538 284 175 67 582 715 663 293 217 265 493 301 449 460 621 838 438 842 350 542 57 516 228 590 620 828 851 625 448 158 914 483 612 480 269 159 503 615 505 418 688 882 268 128 405 209 160 983
8 446 592 230 499 259 137 405 271 567 176 474 440 313 573 437 487 743 93 574 428 205 292 219 559 476 346 536 447 302 465 564 452 418 384 507 263 416 244 343 61 366 0 437 142 325 204 628 488 351 403 504 301 153 269 299 446 541 488 615 491 320 489 511 264 111 299 512 310 482 265 346 318 341 579 566 335 487 619 387 255 334 755 334 585 476 405 521 466 264 423 409 324 520 553 482 134 308 518 618
431 124 1010 526 929 566 573 319 539 1003 300 312 258 338 152 270 789 861 506 798 243 593 720 296 132 614 649 973 156 216 28 149 416 845 701 606 439 785 204 284 377 799 437 0 559 116 641 817 924 559 530 160 508 533 701 732 549 692 661 1051 923 668 815 929 464 340 356 385 526 202 633 571 754 476 1016 733 301 323 656 388 456 731 861 615 741 806 817 956 777 191 601 662 117 205 985 919 467 731 955 196
150 546 530 318 420 174 103 454 208 471 317 615 508 451 702 578 368 833 54 640 500 76 237 360 687 578 403 421 585 390 587 694 586 286 428 616 257 418 378 403 194 242 142 559 0 453 105 702 369 295 516 600 407 62 208 176 414 633 579 518 408 196 513 453 245 220 435 651 263 622 296 437 205 324 467 492 389 629 733 411 240 193 848 405 513 499 365 401 502 373 364 319 451 659 469 367 239 261 401 748
319 182 894 414 813 481 460 310 461 888 185 281 275 249 249 233 713 786 399 702 259 493 605 186 234 527 539 861 161 170 142 241 355 738 590 526 371 671 88 256 265 689 325 116 453 0 529 728 813 495 441 238 404 433 586 622 511 606 569 936 808 579 705 813 394 235 262 350 458 210 518 468 643 423 904 689 269 294 593 361 385 632 789 507 700 696 701 846 668 110 548 594 3 234 869 807 352 615 843 295
211 639 425 299 315 263 79 558 303 371 371 653 610 481 777 622 412 792 146 585 602 149 137 407 763 554 352 332 647 486 668 768 604 221 366 598 362 333 448 506 265 164 204 641 105 529 0 651 284 388 505 695 395 165 107 99 512 599 545 418 304 248 435 348 349 305 461 680 360 678 238 411 114 426 376 571 493 666 719 516 344 192 809 364 593 421 264 317 431 462 454 393 528 718 366 278 247 162 314 822
623 909 598 398 633 870 602 982 893 725 585 557 981 480 855 577 1061 156 689 73 965 776 558 556 860 204 301 793 694 839 831 842 427 807 289 224 889 375 663 915 642 745 628 817 702 728 651 0 786 977 288 965 343 752 576 714 1073 128 159 755 645 892 275 561 892 696 466 508 937 677 413 286 694 968 805 1188 916 556 260 991 883 842 178 298 1208 284 501 808 248 767 1049 1019 729 712 669 764 494 536 792 882
495 915 297 532 184 454 358 805 500 152 653 923 868 748 1061 896 455 941 421 713 862 361 259 686 1047 754 525 55 929 758 952 1053 857 108 510 805 593 411 732 763 548 128 488 924 369 813 284 786 0 566 728 968 626 411 259 193 693 776 727 183 165 372 517 265 572 586 727 941 556 959 426 620 170 636 103 679 747 935 924 748 571 261 962 554 701 506 286 33 539 741 612 518 812 999 191 23 512 270 34 1106
357 483 798 579 678 126 396 296 87 704 465 747 376 624 710 701 239 1094 291 920 378 240 525 514 688 826 685 621 656 343 585 707 767 459 716 854 125 713 464 289 354 453 351 559 295 495 388 977 566 0 750 516 651 235 495 410 129 892 839 744 662 196 806 728 104 320 618 804 42 704 586 696 447 93 668 217 269 762 961 218 115 305 1106 680 235 793 652 591 793 386 72 105 492 729 719 575 485 550 600 752
396 622 650 206 629 661 433 708 674 724 312 295 700 193 578 304 882 358 484 271 684 591 469 276 580 87 222 755 413 562 544 565 172 709 262 104 646 383 380 642 397 645 403 530 516 441 505 288 728 750 0 677 110 550 473 593 829 166 130 766 634 711 352 585 654 442 179 267 708 403 303 112 588 723 782 967 645 299 218 727 644 692 366 184 984 349 483 757 306 488 821 812 442 442 680 711 277 458 746 609
500 60 1095 642 1002 558 639 228 522 1066 409 473 148 485 250 430 754 1016 550 940 140 615 796 421 226 763 771 1021 315 211 162 255 574 878 821 759 414 893 314 229 446 841 504 160 600 238 695 965 968 516 677 0 641 559 773 776 471 842 807 1114 993 664 936 1014 440 393 499 545 492 359 736 705 804 424 1067 654 248 483 815 309 435 746 1018 740 658 926 905 1000 901 241 541 621 237 355 1056 967 568 811 1001 279
295 583 577 97 541 557 323 639 572 634 244 337 642 182 583 329 774 444 378 304 626 482 367 221 582 175 155 656 418 498 527 571 239 602 205 209 553 316 329 572 304 538 301 508 407 404 395 343 626 651 110 641 0 444 369 484 737 242 191 678 543 602 315 506 559 354 160 331 610 422 205 64 481 631 686 867 572 344 327 648 549 581 456 116 885 308 398 656 273 428 723 708 405 464 594 610 170 359 646 620
161 508 589 360 477 118 161 400 148 523 319 621 458 465 680 581 334 878 66 692 452 60 299 366 663 618 455 465 575 349 561 673 605 319 483 653 197 479 366 353 190 284 153 533 62 433 165 752 411 235 550 559 444 0 270 222 352 677 623 569 464 167 572 513 184 199 452 663 201 615 352 480 255 262 511 438 338 635 767 352 179 199 892 454 458 558 427 442 559 343 305 268 431 650 525 412 273 323 444 726
274 715 327 274 229 370 134 653 410 303 412 667 700 491 828 642 503 724 239 506 690 256 29 438 817 508 286 295 685 568 728 818 598 239 287 556 465 233 500 597 329 175 269 701 208 586 107 576 259 495 473 773 369 270 0 138 619 541 489 351 222 347 340 248 453 380 469 682 467 710 176 368 120 532 331 676 586 678 677 617 448 272 742 308 697 326 157 290 342 533 561 497 585 752 284 245 258 55 282 872
306 722 389 388 269 287 178 621 332 303 469 752 680 579 871 721 374 861 227 644 673 180 160 505 857 636 421 245 744 565 760 863 700 123 425 683 413 366 543 574 358 67 299 732 176 622 99 714 193 410 593 776 484 222 138 0 538 675 621 348 253 233 475 322 394 393 559 777 390 776 308 494 38 465 291 565 559 765 804 569 392 140 879 439 587 461 267 225 480 548 467 388 621 816 311 191 344 185 225 916
450 451 926 675 806 252 512 243 209 832 526 783 323 682 694 735 322 1181 402 1020 331 366 649 572 671 909 789 748 670 343 572 693 822 586 824 932 184 831 502 265 434 582 446 549 414 511 512 1073 693 129 829 471 737 352 619 538 0 979 928 872 791 322 920 855 181 387 680 846 152 720 696 788 576 106 795 185 248 797 1032 164 190 432 1192 780 192 906 776 718 903 404 91 195 508 739 848 703 578 674 727 732
535 787 633 316 643 793 539 871 811 739 474 430 865 357 727 450 1000 203 612 139 849 709 529 440 733 79 255 792 566 726 705 715 300 780 266 98 795 380 545 805 546 715 541 692 633 606 599 128 776 892 166 842 242 677 541 675 979 0 55 775 653 828 304 582 801 595 344 382 851 549 367 197 661 874 810 1107 807 430 169 886 791 791 215 236 1126 308 501 801 263 652 963 944 608 585 688 756 407 511 787 755
482 751 597 262 600 739 484 826 758 695 428 415 823 323 706 429 945 256 558 143 807 655 477 398 709 57 204 745 542 682 675 693 286 728 220 102 744 337 504 760 495 663 488 661 579 569 545 159 727 839 130 807 191 623 489 621 928 55 0 733 608 774 272 542 749 546 307 375 798 529 314 143 608 822 765 1054 761 416 204 839 740 737 269 182 1072 274 456 753 229 609 911 890 571 567 646 707 354 460 739 736
621 1057 172 595 138 627 478 968 674 48 763 1003 1025 829 1179 982 636 911 564 684 1018 526 335 787 1167 772 546 133 1034 905 1078 1169 917 290 516 824 760 396 851 920 676 293 615 1051 518 936 418 755 183 744 766 1114 678 569 351 348 872 775 733 0 136 552 482 194 741 722 806 1008 731 1057 474 655 314 809 97 862 906 1013 937 917 739 442 934 583 884 474 283 167 515 878 793 700 935 1099 88 170 604 331 153 1223
495 936 142 459 19 540 354 861 585 90 631 867 913 693 1047 847 595 801 449 573 905 430 203 653 1037 643 415 153 901 786 949 1037 782 244 389 696 660 274 721 809 551 217 491 923 408 808 304 645 165 662 634 993 543 464 222 253 791 653 608 136 0 480 371 100 644 600 670 872 643 922 339 522 216 717 160 807 796 877 811 816 641 375 823 451 829 361 153 175 399 755 719 635 807 965 63 142 470 197 157 1091
328 620 620 514 497 106 291 465 146 513 484 785 539 632 819 744 172 1027 229 828 537 120 375 531 800 774 592 426 729 464 696 814 772 264 611 812 253 579 521 438 355 265 320 668 196 579 248 892 372 196 711 664 602 167 347 233 322 828 774 552 480 0 683 555 227 353 619 829 192 772 480 633 271 275 473 332 420 799 928 397 231 110 1042 597 354 669 496 396 679 479 241 155 576 805 533 382 434 402 405 864
487 876 330 294 358 686 410 888 719 450 527 641 911 497 898 640 843 431 518 203 897 578 315 520 896 322 166 521 733 765 836 886 524 551 115 373 745 110 623 824 526 493 489 815 513 705 435 275 517 806 352 936 315 572 340 475 920 304 272 482 371 683 0 287 741 586 475 619 771 735 225 259 448 821 530 1003 819 646 472 876 733 612 453 201 1024 14 232 537 46 705 877 826 706 777 395 495 377 289 521 935
515 955 81 433 82 602 381 901 646 164 631 839 947 670 1044 824 682 718 487 490 937 489 221 646 1036 583 363 251 890 813 955 1033 743 337 327 635 711 205 726 845 568 301 511 929 453 813 348 561 265 728 585 1014 506 513 248 322 855 582 542 194 100 555 287 0 697 623 646 837 704 907 311 474 285 774 250 886 834 848 746 864 693 455 740 401 908 280 113 275 321 773 788 710 812 949 108 242 464 204 257 1086
269 400 772 494 657 123 337 239 82 697 363 643 312 522 617 597 324 1004 224 839 311 215 482 411 596 733 608 627 554 250 491 613 664 469 643 759 26 655 360 212 257 449 264 464 245 394 349 892 572 104 654 440 559 184 453 394 181 801 749 741 644 227 741 697 0 218 516 700 64 601 517 608 430 80 674 317 193 658 863 177 11 322 1015 598 333 727 610 600 723 285 169 200 391 628 704 576 398 506 605 660
109 336 703 307 609 265 246 302 258 674 146 438 330 305 483 395 503 796 166 649 318 260 403 194 467 523 433 636 377 190 368 476 448 505 477 545 206 522 168 238 60 460 111 340 220 235 305 696 586 320 442 393 354 199 380 393 387 595 546 722 600 353 586 623 218 0 298 489 278 419 367 410 417 282 680 535 232 452 647 297 207 398 806 415 551 574 517 618 559 156 387 401 233 452 663 582 212 419 617 529
291 444 722 214 670 549 382 537 551 759 154 198 523 24 424 178 783 530 391 442 507 504 477 108 422 266 313 764 259 389 372 412 153 682 364 270 503 468 204 472 270 621 299 356 435 262 461 466 727 618 179 499 160 452 469 559 680 344 307 806 670 619 475 646 516 298 0 218 575 264 336 219 565 576 800 833 477 209 355 563 506 626 536 275 849 468 535 759 433 313 685 694 263 307 726 714 216 476 751 461
504 504 907 414 870 752 601 660 747 962 347 73 622 200 367 118 989 506 605 516 605 717 687 299 378 319 479 976 231 516 385 355 95 900 524 285 682 642 344 604 475 838 512 385 651 350 680 508 941 804 267 545 331 663 682 777 846 382 375 1008 872 829 619 837 700 489 218 0 763 193 533 368 782 748 1009 1014 614 62 289 707 690 843 501 439 1027 616 729 972 573 445 867 890 353 218 925 927 433 683 964 386
316 456 776 539 658 104 362 279 58 689 423 707 357 582 678 661 265 1053 255 881 358 215 497 472 657 784 647 611 618 311 552 675 725 450 679 812 87 680 424 263 312 438 310 526 263 458 360 937 556 42 708 492 610 201 467 390 152 851 798 731 643 192 771 704 64 278 575 763 0 666 550 656 427 82 658 259 244 721 919 206 74 297 1065 641 276 758 624 582 757 349 113 137 455 692 701 563 444 522 589 721
474 326 984 475 924 679 601 507 664 1009 308 125 455 241 179 100 915 694 569 672 439 675 723 273 187 476 577 1002 51 377 197 166 251 898 627 454 579 733 251 460 429 842 482 202 622 210 678 677 959 704 403 359 422 615 710 776 720 549 529 1057 922 772 735 907 601 419 264 193 666 0 596 477 790 633 1041 898 474 132 480 566 591 811 691 537 909 729 794 991 692 319 757 800 213 43 981 949 453 726 986 206
264 676 388 123 337 469 194 668 499 429 333 530 696 360 738 514 648 555 295 347 683 368 168 341 731 332 114 452 581 552 657 727 443 415 131 381 520 157 431 605 307 350 265 633 296 518 238 413 426 586 303 736 205 352 176 308 696 367 314 474 339 480 225 311 517 367 336 533 550 596 0 194 295 596 481 789 598 540 502 652 509 429 572 132 809 212 198 454 207 498 657 615 518 639 392 408 168 156 443 780
340 646 541 120 517 596 346 699 615 612 306 383 704 241 642 381 805 399 415 243 689 513 362 285 641 143 112 645 476 560 589 630 273 606 156 189 604 275 393 632 356 542 346 571 437 468 411 286 620 696 112 705 64 480 368 494 788 197 143 655 522 633 259 474 608 410 219 368 656 477 194 0 485 683 671 911 632 390 310 705 599 602 412 72 930 254 371 648 215 490 768 747 469 518 569 602 212 349 636 678
325 749 352 384 231 324 189 654 369 268 484 760 712 586 891 731 407 843 254 623 704 216 136 518 877 626 406 219 760 594 782 882 703 122 406 674 448 338 562 606 378 57 318 754 205 643 114 694 170 447 588 804 481 255 120 38 576 661 608 314 216 271 448 285 430 417 565 782 427 790 295 485 0 502 263 602 592 773 795 605 428 174 862 427 624 435 234 203 456 573 505 426 642 831 274 164 350 160 200 936
345 393 848 570 731 182 417 203 136 766 422 687 283 580 626 640 331 1075 305 915 286 287 561 469 604 803 686 691 583 262 501 624 720 531 722 827 79 735 404 199 328 516 341 476 324 423 426 968 636 93 723 424 631 262 532 465 106 874 822 809 717 275 821 774 80 282 576 748 82 633 596 683 502 0 739 267 180 702 928 126 88 379 1086 676 279 807 688 663 802 314 126 197 420 655 776 642 473 585 670 667
585 1012 253 596 172 557 445 908 603 91 738 997 969 822 1151 973 545 961 517 732 963 463 323 768 1138 798 568 47 1014 856 1044 1142 922 209 545 850 695 433 821 864 640 228 579 1016 467 904 376 805 103 668 782 1067 686 511 331 291 795 810 765 97 160 473 530 250 674 680 800 1009 658 1041 481 671 263 739 0 774 848 1008 967 851 674 363 983 601 795 521 309 78 559 837 713 616 903 1082 148 100 589 327 69 1196
572 636 948 793 824 320 596 427 296 829 680 954 506 839 879 907 234 1309 500 1129 514 425 704 728 855 1042 893 730 849 524 756 878 981 573 920 1071 332 904 670 449 571 590 566 733 492 689 571 1188 679 217 967 654 867 438 676 565 185 1107 1054 862 807 332 1003 886 317 535 833 1014 259 898 789 911 602 267 774 0 432 968 1178 349 327 432 1322 890 22 989 827 697 994 580 148 178 686 920 856 694 699 731 710 917
335 214 913 537 808 315 454 70 275 860 333 547 122 474 449 499 507 1003 348 874 118 386 613 371 426 731 665 801 424 98 325 447 604 649 709 744 167 751 279 20 292 620 335 301 389 269 493 916 747 269 645 248 572 338 586 559 248 807 761 906 796 420 819 834 193 232 477 614 244 474 598 632 592 180 848 432 0 561 831 93 189 509 1010 644 440 806 734 777 791 170 302 374 266 491 858 749 444 632 780 489
479 443 921 418 876 717 587 604 710 966 316 15 563 187 307 62 955 564 580 559 546 691 685 269 317 361 498 973 168 463 323 295 130 887 545 333 639 660 298 550 444 828 487 323 629 294 666 556 935 762 299 483 344 635 678 765 797 430 416 1013 877 799 646 848 658 452 209 62 721 132 540 390 773 702 1008 968 561 0 348 654 648 821 560 457 981 642 738 967 601 394 822 851 297 159 932 923 423 684 959 329
612 766 800 421 803 877 650 888 888 899 507 354 867 357 655 389 1100 218 702 299 850 808 669 463 666 170 400 945 510 740 662 643 240 916 423 121 852 541 553 825 608 851 619 656 733 593 719 260 924 961 218 815 327 767 677 804 1032 169 204 937 811 928 472 746 863 647 355 289 919 480 502 310 795 928 967 1178 831 348 0 918 853 908 213 371 1195 475 658 951 430 664 1031 1027 595 507 850 905 495 654 938 675
388 288 941 603 829 298 491 81 253 872 415 640 163 561 530 592 454 1084 379 946 169 390 645 455 507 812 728 804 515 191 409 530 694 646 770 828 157 801 369 106 354 625 387 388 411 361 516 991 748 218 727 309 648 352 617 569 164 886 839 917 816 397 876 864 177 297 563 707 206 566 652 705 605 126 851 349 93 654 918 0 178 497 1092 711 355 863 770 777 852 261 232 319 358 582 877 753 508 667 782 569
260 394 768 485 654 126 330 237 87 695 352 633 309 511 609 587 332 994 218 829 307 213 477 400 588 723 599 626 544 243 483 605 654 469 635 749 22 648 350 208 247 448 255 456 240 385 344 883 571 115 644 435 549 179 448 392 190 791 740 739 641 231 733 693 11 207 506 690 74 591 509 599 428 88 674 327 189 648 853 178 0 323 1005 589 343 720 604 600 715 276 179 209 382 618 701 576 388 501 605 652
342 697 516 487 392 199 258 561 244 403 509 807 630 643 879 770 234 984 243 774 626 139 297 552 862 745 543 316 772 539 759 872 776 154 554 788 345 504 564 526 383 158 334 731 193 632 192 842 261 305 692 746 581 199 272 140 432 791 737 442 375 110 612 455 322 398 626 843 297 811 429 602 174 379 363 432 509 821 908 497 323 0 1001 556 454 598 407 286 614 541 351 261 630 847 425 271 422 323 295 924
750 967 775 532 811 1008 752 1072 1026 903 677 566 1058 544 868 598 1213 23 827 250 1042 923 727 639 877 283 458 971 720 924 869 855 446 977 457 266 1008 552 739 1006 758 914 755 861 848 789 809 178 962 1106 366 1018 456 892 742 879 1192 215 269 934 823 1042 453 740 1015 806 536 501 1065 691 572 412 862 1086 983 1322 1010 560 213 1092 1005 1001 0 446 1341 462 678 984 425 849 1178 1159 791 719 848 940 623 706 968 887
330 681 469 108 445 572 307 713 595 541 333 450 726 298 697 445 768 430 391 240 712 480 299 321 695 201 40 576 533 580 635 685 344 547 90 251 597 204 426 647 357 483 334 615 405 507 364 298 554 680 184 740 116 454 308 439 780 236 182 583 451 597 201 401 598 415 275 439 641 537 132 72 427 676 601 890 644 457 371 711 589 556 446 0 910 193 300 581 161 515 752 722 507 580 496 535 204 284 569 735
591 642 970 812 846 340 616 432 315 850 696 967 510 854 885 920 254 1328 520 1149 519 446 726 743 862 1060 913 751 859 533 764 885 996 595 941 1089 347 925 684 457 588 612 585 741 513 700 593 1208 701 235 984 658 885 458 697 587 192 1126 1072 884 829 354 1024 908 333 551 849 1027 276 909 809 930 624 279 795 22 440 981 1195 355 343 454 1341 910 0 1010 848 718 1015 591 164 200 697 930 878 715 718 752 731 924
475 866 325 284 349 672 397 876 705 441 517 636 899 490 891 635 829 440 504 211 885 565 302 511 888 322 157 510 726 754 827 879 521 538 106 374 731 97 613 812 514 480 476 806 499 696 421 284 506 793 349 926 308 558 326 461 906 308 274 474 361 669 14 280 727 574 468 616 758 729 212 254 435 807 521 989 806 642 475 863 720 598 462 193 1010 0 221 526 45 694 863 812 696 771 387 484 365 276 510 928
408 846 193 321 146 526 281 803 567 242 518 728 844 558 931 713 641 657 392 429 833 412 128 533 922 491 263 293 777 707 842 920 637 323 236 543 621 126 613 745 461 269 405 817 365 701 264 501 286 652 483 905 398 427 157 267 776 501 456 283 153 496 232 113 610 517 535 729 624 794 198 371 234 688 309 827 734 738 658 770 604 407 678 300 848 221 0 306 254 664 717 649 700 836 197 263 351 104 291 973
528 946 298 563 193 481 391 835 527 144 686 955 898 780 1094 928 469 963 453 735 893 391 289 718 1080 781 551 34 962 789 984 1085 888 133 535 832 621 433 765 793 581 159 521 956 401 846 317 808 33 591 757 1000 656 442 290 225 718 801 753 167 175 396 537 275 600 618 759 972 582 991 454 648 203 663 78 697 777 967 951 777 600 286 984 581 718 526 306 0 560 773 635 539 844 1032 190 46 545 299 18 1139
464 841 370 260 388 675 398 861 706 482 492 596 880 455 856 596 842 403 502 175 866 570 320 482 854 277 130 546 691 734 797 844 478 564 82 328 725 127 586 796 500 503 466 777 502 668 431 248 539 793 306 901 273 559 342 480 903 263 229 515 399 679 46 321 723 559 433 573 757 692 207 215 456 802 559 994 791 601 430 852 715 614 425 161 1015 45 254 560 0 672 864 818 668 733 428 517 348 296 544 893
260 182 854 412 763 378 401 224 354 830 184 380 214 308 341 332 606 843 321 732 199 403 556 212 322 575 542 792 270 76 219 335 435 658 590 583 262 654 111 161 205 615 264 191 373 110 462 767 741 386 488 241 428 343 533 548 404 652 609 878 755 479 705 773 285 156 313 445 349 319 498 490 573 314 837 580 170 394 664 261 276 541 849 515 591 694 664 773 672 0 438 485 107 344 817 738 331 570 773 386
428 514 857 651 735 192 466 313 158 754 532 808 395 691 750 761 232 1166 363 992 401 305 590 580 728 897 757 666 708 387 626 749 833 504 787 925 184 782 524 321 424 505 423 601 364 548 454 1049 612 72 821 541 723 305 561 467 91 963 911 793 719 241 877 788 169 387 685 867 113 757 657 768 505 126 713 148 302 822 1031 232 179 351 1178 752 164 863 717 635 864 438 0 104 545 780 773 623 557 616 645 791
416 588 775 628 652 151 421 399 143 663 545 837 480 703 814 792 135 1146 333 958 483 248 526 594 792 883 721 571 753 447 688 811 846 410 746 916 224 726 556 394 425 418 409 662 319 594 393 1019 518 105 812 621 708 268 497 388 195 944 890 700 635 155 826 710 200 401 694 890 137 800 615 747 426 197 616 178 374 851 1027 319 209 261 1159 722 200 812 649 539 818 485 104 0 591 828 686 530 538 552 550 857
317 180 893 414 812 478 458 307 458 887 184 283 273 251 251 236 710 788 397 703 256 491 604 186 236 529 540 860 164 167 143 243 357 736 591 528 368 671 87 253 263 688 324 117 451 3 528 729 812 492 442 237 405 431 585 621 508 608 571 935 807 576 706 812 391 233 263 353 455 213 518 469 642 420 903 686 266 297 595 358 382 630 791 507 697 696 700 844 668 107 545 591 0 237 868 806 351 614 842 296
513 327 1026 518 967 711 641 519 693 1051 347 156 462 283 149 139 945 723 606 710 447 710 765 314 161 513 619 1043 76 396 194 137 285 937 669 489 605 775 284 476 466 882 520 205 659 234 718 712 999 729 442 355 464 650 752 816 739 585 567 1099 965 805 777 949 628 452 307 218 692 43 639 518 831 655 1082 920 491 159 507 582 618 847 719 580 930 771 836 1032 733 344 780 828 237 0 1023 990 495 768 1027 171
558 998 108 514 56 597 417 923 643 58 692 922 976 749 1108 903 639 826 512 598 967 490 264 713 1098 684 459 160 960 849 1011 1098 833 286 428 737 721 308 783 872 613 268 553 985 469 869 366 669 191 719 680 1056 594 525 284 311 848 688 646 88 63 533 395 108 704 663 726 925 701 981 392 569 274 776 148 856 858 932 850 877 701 425 848 496 878 387 197 190 428 817 773 686 868 1023 0 170 529 256 172 1152
488 913 276 517 161 460 350 808 507 135 644 911 870 736 1054 885 472 919 418 691 863 364 242 676 1041 735 505 54 921 756 946 1046 842 121 490 786 597 389 725 764 542 128 482 919 367 807 278 764 23 575 711 967 610 412 245 191 703 756 707 170 142 382 495 242 576 582 714 927 563 949 408 602 164 642 100 694 749 923 905 753 576 271 940 535 715 484 263 46 517 738 623 530 806 990 170 0 500 252 37 1099
129 508 544 97 473 387 169 513 404 556 167 411 534 236 580 384 605 610 208 442 520 314 269 184 572 345 221 552 431 389 492 570 357 467 265 379 395 324 264 448 153 405 134 467 239 352 247 494 512 485 277 568 170 273 258 344 578 407 354 604 470 434 377 464 398 212 216 433 444 453 168 212 350 473 589 699 444 423 495 508 388 422 623 204 718 365 351 545 348 331 557 538 351 495 529 500 0 273 537 623
311 752 284 269 200 425 178 701 465 284 436 673 744 499 852 652 556 687 288 465 734 311 27 457 842 484 256 297 704 609 757 842 595 271 249 534 517 181 528 643 365 209 308 731 261 615 162 536 270 550 458 811 359 323 55 185 674 511 460 331 197 402 289 204 506 419 476 683 522 726 156 349 160 585 327 731 632 684 654 667 501 323 706 284 752 276 104 299 296 570 616 552 614 768 256 252 273 0 287 895
525 947 280 553 175 488 387 839 534 127 681 948 902 773 1091 922 483 948 452 719 896 395 278 713 1077 768 538 22 957 790 982 1082 879 141 521 819 626 417 762 796 579 160 518 955 401 843 314 792 34 600 746 1001 646 444 282 225 727 787 739 153 157 405 521 257 605 617 751 964 589 986 443 636 200 670 69 710 780 959 938 782 605 295 968 569 731 510 291 18 544 773 645 550 842 1027 172 37 537 287 0 1136
611 282 1165 663 1095 762 750 493 735 1175 460 326 419 438 46 306 984 892 694 879 407 786 888 440 64 682 773 1154 202 410 169 54 455 1033 824 659 634 924 374 470 558 983 618 196 748 295 822 882 1106 752 609 279 620 726 872 916 732 755 736 1223 1091 864 935 1086 660 529 461 386 721 206 780 678 936 667 1196 917 489 329 675 569 652 924 887 735 924 928 973 1139 893 386 791 857 296 171 1152 1099 623 895 1136 0
