# TTSP Euclidean complete-graph matrix instance
# seed: 2002
# depot: 1
# L_max is not stored in this file; pass it with --budget when running algorithms.
# coordinate rows: node x y
# coord 1 727.491140 500.283437
# coord 2 777.503071 564.057247
# coord 3 880.507426 884.878802
# coord 4 598.366549 1.684816
# coord 5 267.221935 512.547361
# coord 6 993.583911 52.387039
# coord 7 773.481163 877.284977
# coord 8 26.688371 15.266567
# coord 9 174.885471 396.804167
# coord 10 365.781483 515.161026
# coord 11 574.226645 397.208152
# coord 12 41.627470 538.918570
# coord 13 14.443139 350.552825
# coord 14 985.531267 847.792274
# coord 15 921.946253 596.218005
# coord 16 995.487339 787.264381
# coord 17 326.407082 261.646196
# coord 18 384.461182 441.493799
# coord 19 39.195442 289.308136
# coord 20 389.308657 476.387713
# coord 21 811.317890 83.342690
# coord 22 131.132328 172.098782
# coord 23 47.850866 658.222620
# coord 24 825.928325 146.088110
# coord 25 232.644422 557.578203
# coord 26 336.761600 269.927204
# coord 27 219.266147 65.631712
# coord 28 510.505003 811.015455
# coord 29 312.785181 320.768800
# coord 30 615.414094 0.797454
# coord 31 624.964782 542.516908
# coord 32 740.750483 713.274595
# coord 33 91.220342 724.607189
# coord 34 916.046289 913.143599
# coord 35 887.135968 461.037196
# coord 36 338.655985 615.957036
# coord 37 496.294393 411.329438
# coord 38 458.438574 387.663814
# coord 39 579.171015 739.149516
# coord 40 821.448547 362.204977
# coord 41 473.556341 827.845404
# coord 42 648.846261 999.525316
# coord 43 898.123974 705.394478
# coord 44 369.881506 296.764330
# coord 45 232.811182 218.841150
# coord 46 819.761229 597.318740
# coord 47 999.975896 702.025334
# coord 48 311.026619 413.470561
# coord 49 185.940212 165.340803
# coord 50 393.044772 895.322140
# coord 51 744.132752 564.105104
# coord 52 352.674161 155.930768
# coord 53 805.756005 231.541044
# coord 54 1.836368 169.353300
# coord 55 780.052748 344.509644
# coord 56 10.687182 703.283231
# coord 57 968.550224 870.575098
# coord 58 730.558717 988.271057
# coord 59 721.316084 362.903481
# coord 60 383.979794 140.854654
# coord 61 715.691448 42.098742
# coord 62 320.959857 858.805513
# coord 63 208.170762 934.053879
# coord 64 635.498986 638.942304
# coord 65 583.837735 589.100924
# coord 66 760.066739 831.468098
# coord 67 143.310240 997.893470
# coord 68 305.826427 367.805424
# coord 69 751.500191 268.570112
# coord 70 989.717362 541.977586
# coord 71 39.630380 912.348870
# coord 72 161.919962 924.595692
# coord 73 780.437907 981.463316
# coord 74 888.083384 489.728532
# coord 75 28.232412 819.353559
# coord 76 249.698610 975.504293
# coord 77 739.941663 347.451241
# coord 78 729.935559 156.999671
# coord 79 349.679567 978.193912
# coord 80 202.899541 805.321579
# coord 81 809.809152 797.643574
# coord 82 3.673461 246.495107
# coord 83 653.634580 989.056594
# coord 84 819.311266 842.542805
# coord 85 708.846263 943.987780
# coord 86 181.271923 33.401789
# coord 87 168.503722 2.385006
# coord 88 461.420547 227.462182
# coord 89 973.147041 523.729770
# coord 90 88.953306 81.444768
# coord 91 15.307748 758.716818
# coord 92 370.256787 854.157061
# coord 93 391.665338 646.401097
# coord 94 920.513064 130.919115
# coord 95 148.275765 632.261738
# coord 96 637.333804 732.538172
# coord 97 391.662566 478.196103
# coord 98 355.123802 164.507879
# coord 99 563.969240 295.040054
# coord 100 58.240253 862.279519
# reference_nearest_neighbor_tour_cost: 10718
TTSP_MATRIX
100
0 54 8 54 16 58 56 50 97 75 42 66 96 63 18 10 41 91 95 42 25 24 50 6 26 21 55 47 14 85 96 29 19 6 22 78 66 57 45 68 14 49 24 96 67 86 24 35 7 8 60 44 66 93 58 56 90 28 43 42 49 55 15 88 5 18 8 13 20 60 43 40 82 51 33 29 70 32 63 14 37 96 2 1 33 81 57 27 63 10 65 67 77 93 20 44 65 10 2 32
0 81 414 515 460 521 380 852 562 362 185 687 729 433 217 393 467 348 720 339 425 681 698 368 498 454 669 379 452 512 111 213 675 454 164 406 248 292 281 167 414 505 267 411 569 134 339 425 637 518 66 509 280 798 164 745 442 488 138 497 458 542 677 166 169 333 767 442 233 266 802 707 484 161 769 674 153 343 609 607 309 767 494 354 444 719 749 381 247 764 758 503 366 417 594 249 337 501 262 761
81 0 337 590 513 555 313 930 625 415 263 736 792 352 148 312 543 412 788 398 482 756 736 421 545 530 748 364 525 586 154 154 705 376 150 442 320 365 265 207 402 454 186 487 645 54 262 490 713 507 33 589 334 870 220 779 361 427 209 578 526 543 679 161 195 268 768 511 297 213 816 713 417 133 792 669 220 410 595 623 236 836 443 282 386 798 828 462 200 841 787 500 395 456 633 219 395 581 343 779
414 337 0 927 717 840 107 1219 858 634 576 907 1018 111 292 151 834 665 1031 639 805 1034 863 741 726 821 1053 377 800 923 427 221 805 45 424 605 610 652 335 526 411 258 180 779 929 294 218 739 1000 488 349 900 658 1133 550 889 89 182 546 894 859 560 674 347 419 132 746 773 630 360 841 720 139 395 855 637 556 743 539 682 112 1085 250 74 182 1102 1134 780 373 1128 874 511 544 755 775 287 636 892 669 823
515 590 927 0 609 398 893 572 579 564 396 774 680 930 677 880 376 489 629 519 228 497 857 270 665 375 384 814 428 17 541 726 883 965 543 667 422 411 738 424 836 999 765 373 425 635 807 502 444 917 581 290 310 620 388 915 944 995 382 256 124 901 1011 638 588 845 1095 469 308 667 1068 1021 997 568 997 1034 374 204 1008 896 824 643 989 869 949 418 430 264 643 516 956 882 677 347 775 732 519 293 295 1016
460 513 717 609 0 860 624 552 148 99 328 227 300 793 660 778 258 137 319 127 693 367 263 668 57 252 449 385 197 619 359 514 276 763 622 126 250 228 386 574 377 619 660 239 296 559 757 108 357 403 480 367 607 434 540 320 787 664 478 390 650 350 426 389 326 587 501 150 542 723 460 425 695 621 389 463 501 584 473 300 613 374 613 643 617 487 520 345 706 467 352 357 183 757 169 431 129 359 368 407
521 555 840 398 860 0 854 968 888 780 543 1069 1024 795 549 735 699 723 983 738 185 871 1123 192 913 692 774 899 732 382 613 708 1125 864 422 864 613 631 802 354 934 1008 660 670 779 572 650 772 816 1035 569 649 260 999 362 1179 819 972 413 616 278 1050 1181 687 675 813 1272 757 325 490 1284 1205 953 450 1233 1186 389 284 1128 1092 768 1009 996 809 936 813 827 560 472 905 1207 1016 846 107 1025 768 737 648 493 1237
380 313 107 893 624 854 0 1141 768 545 520 806 924 214 318 240 761 584 941 555 795 954 758 733 628 748 983 271 722 891 366 167 699 147 431 507 542 582 238 517 304 175 212 707 852 284 286 655 923 381 315 835 647 1047 533 782 195 119 517 833 837 453 568 275 345 48 642 692 609 399 735 613 104 404 747 533 531 722 436 575 88 995 164 58 93 1031 1064 721 406 1050 767 404 446 761 672 199 552 826 619 715
852 930 1219 572 552 968 1141 0 409 604 668 524 336 1270 1067 1239 388 556 274 587 788 188 643 810 580 401 199 931 419 589 797 999 712 1264 969 677 614 570 911 867 927 1164 1112 444 290 984 1191 489 219 953 903 355 809 156 822 688 1272 1201 777 379 690 893 937 872 800 1097 990 450 768 1098 897 919 1225 983 804 986 787 717 1016 809 1107 232 1158 1146 1152 156 142 484 1074 91 744 907 729 901 629 942 589 361 606 848
562 625 858 579 148 888 768 409 0 225 399 195 167 928 773 909 203 214 173 229 709 229 291 698 171 206 334 533 157 592 473 648 338 903 715 274 322 284 530 647 524 767 786 219 187 675 880 137 232 544 593 299 652 286 607 348 924 812 547 331 647 485 538 520 452 729 602 134 591 828 533 528 842 719 447 584 567 605 607 409 751 228 762 784 765 363 394 333 808 327 396 497 331 792 237 571 232 294 402 480
362 415 634 564 99 780 545 604 225 0 240 325 388 703 562 686 257 76 397 45 620 416 349 590 140 247 473 329 201 572 261 424 345 679 524 104 167 158 309 481 331 561 565 218 325 461 661 115 393 381 382 359 523 502 448 402 700 597 387 375 588 347 448 297 230 505 532 159 458 625 514 457 624 523 454 475 410 511 463 333 526 451 554 559 549 516 549 303 607 515 427 339 134 675 247 348 45 351 296 464
185 263 576 396 328 543 520 668 399 240 0 551 562 610 401 574 282 195 546 201 393 497 588 356 377 269 486 419 272 399 154 357 584 619 319 321 79 116 342 250 442 607 447 228 385 317 524 264 452 530 238 328 285 616 212 641 616 611 151 319 382 527 650 249 192 472 739 270 219 440 742 669 620 327 690 663 173 286 623 552 465 590 597 508 563 536 566 204 419 579 666 500 309 437 487 341 200 320 103 695
687 736 907 774 227 1069 806 524 195 325 551 0 190 993 882 986 397 356 250 353 894 378 119 877 192 399 506 542 348 787 583 721 192 951 849 307 472 443 574 800 520 762 873 408 373 780 972 297 400 501 703 493 824 372 764 167 984 823 702 525 837 425 429 602 545 776 470 315 760 948 373 404 861 848 281 484 724 787 537 311 811 295 760 835 781 524 551 523 932 460 221 455 366 969 142 626 355 488 576 324
729 792 1018 680 300 1024 924 336 167 388 562 190 0 1091 940 1074 324 381 66 395 840 213 309 837 301 332 351 677 300 695 640 812 382 1063 880 419 486 446 686 807 662 908 952 359 255 842 1046 303 252 663 760 390 800 182 766 353 1087 959 707 425 766 594 615 685 617 887 660 292 742 994 562 593 992 885 469 668 726 741 712 492 912 105 903 943 913 358 381 464 974 279 408 617 479 932 312 731 398 388 552 514
433 352 111 930 793 795 214 1270 928 703 610 993 1091 0 259 61 882 726 1099 702 784 1089 957 720 807 869 1095 476 855 924 472 279 903 95 399 687 656 700 421 513 512 369 167 826 981 300 146 802 1051 594 372 938 642 1195 544 985 28 291 552 928 850 665 782 408 478 226 855 832 625 306 948 827 245 371 958 747 557 737 649 784 183 1151 361 166 293 1145 1176 812 324 1179 974 615 627 720 865 367 699 930 695 927
217 148 292 677 660 549 318 1067 773 562 401 882 940 259 0 205 683 559 935 546 525 897 876 460 690 670 881 464 669 670 302 216 841 317 140 584 464 508 371 255 505 487 112 628 786 102 131 638 853 608 181 720 383 1014 289 918 278 436 308 705 591 656 790 290 338 286 876 657 369 87 937 828 410 112 921 772 308 479 688 749 231 983 476 267 408 930 959 590 89 979 921 609 533 465 775 316 543 713 468 904
393 312 151 880 778 735 240 1239 909 686 574 986 1074 61 205 0 851 702 1078 681 728 1061 956 663 797 838 1060 486 827 873 444 265 906 149 344 679 625 669 419 459 524 406 127 795 951 259 85 780 1021 612 336 901 587 1170 492 988 88 333 505 890 796 678 801 389 457 240 878 807 573 245 964 845 290 316 968 769 509 684 673 793 186 1130 397 185 327 1110 1140 774 264 1149 981 629 620 661 861 362 678 893 655 940
467 543 834 376 258 699 761 388 203 257 282 397 324 882 683 851 0 189 289 224 517 215 485 513 310 13 223 579 61 389 410 613 519 879 595 355 226 183 540 505 585 805 724 56 103 597 805 153 170 637 516 109 480 337 461 543 885 831 408 134 447 597 683 488 417 716 759 108 425 720 711 683 851 606 632 718 422 417 717 558 722 323 798 762 782 270 304 139 698 298 586 594 390 608 411 564 226 101 240 658
348 412 665 489 137 723 584 556 214 76 195 356 381 726 559 702 189 0 377 35 557 370 400 531 191 178 411 390 140 498 261 448 408 711 503 180 116 91 356 444 396 617 577 145 269 462 668 79 340 454 380 287 471 470 407 456 725 647 346 301 519 422 523 319 248 541 606 108 406 614 584 532 670 506 519 551 368 448 538 407 555 428 610 592 598 456 489 227 594 466 487 413 205 620 304 386 37 279 232 532
720 788 1031 629 319 983 941 274 173 397 546 250 66 1099 935 1078 289 377 0 397 799 149 369 800 331 298 287 703 275 644 638 820 438 1076 865 443 473 431 703 786 692 936 954 331 206 839 1046 299 192 702 757 341 769 126 743 415 1096 983 686 375 720 635 667 691 622 902 716 278 713 984 623 647 1014 872 530 718 703 703 756 541 923 56 931 956 937 293 315 427 963 214 470 655 502 895 360 744 400 340 525 573
339 398 639 519 127 738 555 587 229 45 201 353 395 702 546 681 224 35 397 0 577 399 387 547 176 213 445 356 173 527 245 424 388 684 498 148 125 112 324 447 361 584 558 181 301 447 651 100 372 419 366 323 483 494 412 441 701 615 351 336 543 388 492 295 225 513 577 137 418 604 559 503 639 499 498 518 374 467 503 378 529 449 577 565 566 489 523 259 586 496 469 378 170 634 287 357 3 314 252 508
425 482 805 228 693 185 795 788 709 620 393 894 840 784 525 728 517 557 799 577 0 686 956 64 748 510 592 787 552 213 496 634 964 836 385 712 455 466 696 279 818 930 628 490 594 514 647 599 631 913 485 464 148 814 263 1013 803 909 294 431 104 917 1043 583 555 750 1133 580 195 492 1133 1063 899 414 1075 1054 274 110 1007 944 714 824 919 759 867 632 648 378 469 722 1044 888 702 119 861 672 576 463 326 1083
681 756 1034 497 367 871 954 188 229 416 497 378 213 1089 897 1061 215 370 149 399 686 0 493 695 399 228 138 743 235 514 617 815 554 1079 809 490 437 392 723 716 740 976 934 269 112 809 1018 301 55 769 728 222 677 129 671 545 1090 1013 620 255 599 712 766 687 615 911 826 262 628 935 746 753 1038 821 655 812 634 599 835 637 923 148 970 961 964 147 174 335 912 100 598 723 541 790 460 755 402 224 450 694
698 736 863 857 263 1123 758 643 291 349 588 119 309 957 876 956 485 400 369 387 956 493 0 931 210 484 617 487 429 869 589 695 79 905 862 294 512 492 537 828 458 691 852 484 477 774 953 359 512 419 703 588 870 491 797 58 945 758 735 617 909 339 319 588 540 733 353 388 804 949 254 290 801 857 162 376 759 846 440 214 775 414 690 793 720 639 667 597 935 578 106 377 344 1020 104 594 388 582 631 204
368 421 741 270 668 192 733 810 698 590 356 877 837 720 460 663 513 531 800 547 64 695 931 0 722 505 612 736 542 256 444 574 935 772 321 677 423 440 642 216 767 872 564 480 598 451 583 580 640 865 426 473 88 824 204 987 738 848 241 442 152 873 1001 528 505 689 1092 565 143 428 1098 1023 837 349 1044 1010 219 97 959 907 652 828 860 696 806 654 673 373 405 740 1016 842 662 96 834 616 547 471 301 1050
498 545 726 665 57 913 628 580 171 140 377 192 301 807 690 797 310 191 331 176 748 399 210 722 0 306 492 376 250 676 393 531 219 770 662 121 301 283 391 620 362 607 682 295 339 588 781 164 395 374 512 419 659 452 587 266 800 658 526 443 706 314 377 411 353 594 449 203 594 757 404 374 693 659 332 418 549 639 437 250 625 386 603 652 613 527 559 402 741 497 296 327 182 809 113 441 178 412 423 351
454 530 821 375 252 692 748 401 206 247 269 399 332 869 670 838 13 178 298 213 510 228 484 505 306 0 236 568 56 387 397 600 517 866 583 346 213 169 528 493 574 794 710 43 116 584 792 146 184 628 502 115 471 350 450 542 872 819 396 137 442 589 676 475 404 703 753 103 415 707 708 678 839 594 630 711 411 409 708 552 709 334 786 749 770 283 316 132 685 311 585 585 380 600 408 552 215 107 229 655
669 748 1053 384 449 774 983 199 334 473 486 506 351 1095 881 1060 223 411 287 445 592 138 617 612 492 236 0 800 272 401 626 831 671 1097 776 563 443 401 764 671 804 1028 933 276 154 802 1007 360 105 848 724 161 610 241 626 671 1100 1055 583 181 497 800 868 708 638 938 935 314 570 906 866 861 1074 792 778 910 592 519 922 740 941 281 1020 982 1006 50 81 291 882 131 722 803 606 704 571 787 447 168 414 813
379 364 377 814 385 899 271 931 533 329 419 542 677 476 464 486 579 390 703 356 787 743 487 736 376 568 800 0 529 817 292 250 428 418 514 260 400 427 99 546 41 234 402 533 654 376 501 445 723 145 340 674 650 819 539 511 462 283 495 682 796 195 326 213 234 250 412 488 594 550 482 367 319 496 482 308 517 690 232 308 300 759 228 310 239 844 878 586 545 843 498 147 203 794 404 149 353 665 519 455
452 525 800 428 197 732 722 419 157 201 272 348 300 855 669 827 61 140 275 173 552 235 429 542 250 56 272 529 0 440 383 581 461 845 591 296 205 160 496 510 532 757 700 62 130 577 786 93 201 580 495 170 501 346 468 487 856 787 411 193 490 538 622 453 381 679 698 48 442 712 652 622 809 600 574 658 428 448 658 497 689 318 750 727 738 316 350 175 691 328 529 536 335 637 352 524 176 162 252 598
512 586 923 17 619 382 891 589 592 572 399 787 695 924 670 873 389 498 644 527 213 514 869 256 676 387 401 817 440 0 542 723 894 961 534 675 427 418 739 416 839 999 759 385 440 631 800 513 460 922 578 305 299 636 381 927 939 994 377 271 108 907 1018 638 589 843 1103 480 300 658 1078 1029 994 560 1007 1041 368 194 1013 904 820 659 989 866 948 435 447 274 634 533 967 888 683 332 785 732 527 307 299 1026
111 154 427 541 359 613 366 797 473 261 154 583 640 472 302 444 410 261 638 245 496 617 589 444 393 397 626 292 383 542 0 206 564 471 275 296 184 227 202 267 323 458 318 354 508 202 408 339 579 422 121 473 360 726 252 635 475 458 204 468 509 439 572 97 62 319 663 364 302 365 692 600 466 268 658 573 226 400 515 497 315 688 447 357 410 675 707 355 349 707 647 402 255 507 485 190 242 464 255 651
213 154 221 726 514 708 167 999 648 424 357 721 812 279 216 265 613 448 820 424 634 815 695 574 531 600 831 250 581 723 206 0 650 266 292 414 388 431 164 360 291 301 158 558 709 140 259 524 780 392 149 679 486 918 371 730 277 275 351 674 672 444 577 129 200 120 662 555 445 302 729 616 271 268 720 557 366 556 472 546 109 872 289 151 233 880 913 560 300 908 727 396 355 609 598 105 421 671 454 699
675 705 805 883 276 1125 699 712 338 345 584 192 382 903 841 906 519 408 438 388 964 554 79 935 219 517 671 428 461 894 564 650 0 846 838 270 512 498 488 815 396 622 807 511 525 740 909 381 567 347 672 626 868 562 787 83 889 692 727 653 925 266 240 551 511 677 278 416 802 917 195 212 736 831 114 297 750 854 362 138 722 486 621 738 655 697 726 620 905 643 83 308 310 1020 109 546 389 619 639 142
454 376 45 965 763 864 147 1264 903 679 619 951 1063 95 317 149 879 711 1076 684 836 1079 905 772 770 866 1097 418 845 961 471 266 846 0 453 649 654 697 379 559 451 281 209 824 974 330 227 785 1045 523 389 944 690 1179 585 929 68 200 584 938 894 598 708 392 464 176 777 818 665 378 876 754 152 424 893 669 592 779 570 721 157 1130 273 120 209 1146 1178 823 394 1173 914 549 588 782 818 332 681 935 711 859
164 150 424 543 622 422 431 969 715 524 319 849 880 399 140 344 595 503 865 498 385 809 862 321 662 583 776 514 591 534 275 292 838 453 0 570 394 435 415 119 553 589 245 543 698 152 266 578 761 658 176 615 243 932 158 909 418 550 193 596 453 692 827 308 329 392 917 589 235 131 960 861 531 29 931 819 186 342 746 766 345 909 577 387 515 825 853 486 106 884 921 649 529 332 758 369 496 609 363 921
406 442 605 667 126 864 507 677 274 104 321 307 419 687 584 679 355 180 443 148 712 490 294 677 121 346 563 260 296 675 296 414 270 649 570 0 258 258 270 545 251 493 567 321 411 481 667 204 476 285 409 460 605 559 518 339 679 541 459 477 687 243 344 298 247 473 429 250 540 655 421 356 573 564 371 370 483 603 362 233 505 499 488 531 495 603 637 407 641 590 353 240 61 758 191 321 148 452 392 373
248 320 610 422 250 613 542 614 322 167 79 472 486 656 464 625 226 116 473 125 455 437 512 423 301 213 443 400 205 427 184 388 512 654 394 258 0 45 338 329 417 608 498 171 326 373 582 185 396 495 291 293 358 550 292 567 659 623 230 293 429 481 597 267 198 496 685 195 292 510 678 613 637 400 621 616 252 345 586 491 498 519 599 539 574 492 524 187 490 524 593 460 257 509 412 351 124 284 135 629
292 365 652 411 228 631 582 570 284 158 116 443 446 700 508 669 183 91 431 112 466 392 492 440 283 169 401 427 160 418 227 431 498 697 435 258 45 0 372 364 440 641 542 127 282 418 626 150 352 512 336 255 381 506 324 548 702 659 264 258 431 491 601 307 237 537 687 154 316 553 671 613 675 442 609 624 284 356 600 490 540 476 632 581 610 450 482 160 532 480 578 475 267 529 395 389 112 246 140 621
281 265 335 738 386 802 238 911 530 309 342 574 686 421 371 419 540 356 703 324 696 723 537 642 391 528 764 99 496 739 202 164 488 379 415 270 338 372 0 448 138 270 321 489 625 279 422 422 696 243 241 626 556 811 443 570 411 292 402 629 710 285 419 115 150 203 507 461 501 455 567 457 315 397 557 405 423 601 331 382 238 758 261 261 242 810 843 525 449 820 564 238 209 697 444 59 321 617 444 535
167 207 526 424 574 354 517 867 647 481 250 800 807 513 255 459 505 444 786 447 279 716 828 216 620 493 671 546 510 416 267 360 815 559 119 545 329 364 448 0 581 660 352 456 606 235 384 513 665 684 216 512 132 842 45 880 529 633 100 490 337 705 839 333 329 473 930 516 117 246 956 867 621 144 916 838 83 225 776 761 436 826 649 480 593 720 746 384 222 784 898 668 515 252 725 414 445 507 266 912
414 402 411 836 377 934 304 927 524 331 442 520 662 512 505 524 585 396 692 361 818 740 458 767 362 574 804 41 532 839 323 291 396 451 553 251 417 440 138 581 0 245 442 541 655 416 541 445 722 105 378 683 683 810 572 479 497 303 527 693 822 156 286 249 263 287 371 490 625 590 442 326 343 535 445 268 549 718 195 272 338 748 242 346 262 847 880 601 585 840 463 107 199 828 380 189 359 674 540 417
505 454 258 999 619 1008 175 1164 767 561 607 762 908 369 487 406 805 617 936 584 930 976 691 872 607 794 1028 234 757 999 458 301 622 281 589 493 608 641 270 660 245 0 386 756 885 437 460 676 954 276 446 894 784 1053 668 704 345 82 641 899 960 357 446 361 416 202 506 719 738 571 615 493 133 563 646 400 658 846 300 486 258 992 12 232 82 1073 1107 794 576 1075 678 314 437 910 621 267 581 885 710 606
267 186 180 765 660 660 212 1112 786 565 447 873 952 167 112 127 724 577 954 558 628 934 852 564 682 710 933 402 700 759 318 158 807 209 245 567 498 542 321 352 442 386 0 668 824 133 102 656 894 540 209 774 483 1044 380 887 180 329 385 764 688 597 727 271 335 187 810 682 461 187 883 768 300 216 877 702 391 574 613 702 128 1005 374 158 305 983 1013 647 197 1022 884 548 510 575 753 262 555 766 529 854
411 487 779 373 239 670 707 444 219 218 228 408 359 826 628 795 56 145 331 181 490 269 484 480 295 43 276 533 62 385 354 558 511 824 543 321 171 127 489 456 541 756 668 0 158 541 749 131 226 599 460 142 441 389 413 542 829 780 358 157 429 564 657 433 362 662 737 96 383 667 699 661 798 553 624 689 374 386 682 535 667 370 748 707 731 324 357 115 645 354 582 557 350 575 402 511 183 133 194 646
569 645 929 425 296 779 852 290 187 325 385 373 255 981 786 951 103 269 206 301 594 112 477 598 339 116 154 654 130 440 508 709 525 974 698 411 326 282 625 606 655 885 824 158 0 698 907 210 71 695 617 135 573 236 561 533 983 916 509 170 514 646 716 582 510 808 784 166 521 823 720 709 939 709 634 757 523 501 768 587 817 231 878 856 867 192 226 229 801 199 582 650 456 693 422 654 304 134 340 667
134 54 294 635 559 572 284 984 675 461 317 780 842 300 102 259 597 462 839 447 514 809 774 451 588 584 802 376 577 631 202 140 740 330 152 481 373 418 279 235 416 437 133 541 698 0 208 541 767 520 83 643 366 923 256 816 311 401 254 631 565 563 698 189 236 242 786 563 336 179 841 735 386 127 822 684 262 449 605 651 201 888 426 245 364 852 882 515 170 895 820 518 431 477 672 227 444 635 396 806
339 262 218 807 757 650 286 1191 880 661 524 972 1046 146 131 85 805 668 1046 651 647 1018 953 583 781 792 1007 501 786 800 408 259 909 227 266 667 582 626 422 384 541 460 102 749 907 208 0 747 975 637 291 847 509 1131 420 989 171 393 439 833 719 697 825 370 431 273 906 770 500 160 983 867 355 240 979 799 440 608 707 804 213 1096 450 229 379 1057 1087 718 180 1102 986 648 611 577 855 364 648 839 596 955
425 490 739 502 108 772 655 489 137 115 264 297 303 802 638 780 153 79 299 100 599 301 359 580 164 146 360 445 93 513 339 524 381 785 578 204 185 150 422 513 445 676 656 131 210 541 747 0 278 489 459 261 527 394 474 417 801 712 413 282 549 445 531 395 324 613 608 46 464 691 568 532 737 582 495 565 434 491 566 406 630 350 670 665 663 402 435 239 671 399 455 445 246 672 273 456 103 253 279 515
637 713 1000 444 357 816 923 219 232 393 452 400 252 1051 853 1021 170 340 192 372 631 55 512 640 395 184 105 723 201 460 579 780 567 1045 761 476 396 352 696 665 722 954 894 226 71 767 975 278 0 759 686 167 623 184 621 566 1053 987 571 200 544 706 769 653 581 879 834 235 575 888 761 760 1010 773 673 813 583 544 829 640 888 200 947 927 938 132 164 282 865 128 617 713 523 735 468 725 374 169 400 709
518 507 488 917 403 1035 381 953 544 381 530 501 663 594 608 612 637 454 702 419 913 769 419 865 374 628 848 145 580 922 422 392 347 523 658 285 495 512 243 684 105 276 540 599 695 520 637 489 759 0 483 740 782 825 673 428 576 350 625 755 912 81 189 353 361 373 270 535 722 693 354 233 397 640 373 164 648 812 94 210 428 757 277 430 320 888 921 671 689 869 402 47 249 929 359 294 417 732 624 336
66 33 349 581 480 569 315 903 593 382 238 703 760 372 181 336 516 380 757 366 485 728 703 426 512 502 724 340 495 578 121 149 672 389 176 409 291 336 241 216 378 446 209 460 617 83 291 459 686 483 0 566 338 841 223 747 380 424 202 556 523 516 651 132 162 268 741 480 296 247 786 685 419 162 760 643 217 407 572 593 243 806 434 288 382 774 804 440 233 814 754 473 362 468 600 199 363 558 324 748
509 589 900 290 367 649 835 355 299 359 328 493 390 938 720 901 109 287 341 323 464 222 588 473 419 115 161 674 170 305 473 679 626 944 615 460 293 255 626 512 683 894 774 142 135 643 847 261 167 740 566 0 459 351 467 645 943 914 423 35 380 704 791 560 491 789 868 217 414 745 819 792 930 631 739 826 432 377 822 666 788 361 886 830 865 211 240 130 721 274 691 698 492 568 518 643 325 9 253 765
280 334 658 310 607 260 647 809 652 523 285 824 800 642 383 587 480 471 769 483 148 677 870 88 659 471 610 650 501 299 360 486 868 690 243 605 358 381 556 132 683 784 483 441 573 366 509 527 623 782 338 459 0 806 116 924 659 760 156 431 210 793 922 442 421 602 1013 518 66 361 1025 946 750 271 975 929 133 106 875 832 566 802 773 611 719 655 677 344 337 732 950 760 586 153 770 529 482 456 250 978
798 870 1133 620 434 999 1047 156 286 502 616 372 182 1195 1014 1170 337 470 126 494 814 129 491 824 452 350 241 819 346 636 726 918 562 1179 932 559 550 506 811 842 810 1053 1044 389 236 923 1131 394 184 825 841 351 806 0 798 534 1194 1096 745 383 725 760 792 789 718 1007 841 363 756 1056 744 772 1125 942 651 843 759 728 880 667 1024 77 1047 1059 1049 225 236 463 1034 124 590 778 616 919 486 849 497 353 576 695
164 220 550 388 540 362 533 822 607 448 212 764 766 544 289 492 461 407 743 412 263 671 797 204 587 450 626 539 468 381 252 371 787 585 158 518 292 324 443 45 572 668 380 413 561 256 420 474 621 673 223 467 116 798 0 849 559 646 62 445 309 689 821 328 314 487 912 475 81 288 933 848 637 181 889 824 40 194 766 739 454 783 657 500 604 675 701 339 263 739 870 654 492 256 694 413 411 461 222 888
745 779 889 915 320 1179 782 688 348 402 641 167 353 985 918 988 543 456 415 441 1013 545 58 987 266 542 671 511 487 927 635 730 83 929 909 339 567 548 570 880 479 704 887 542 533 816 989 417 566 428 747 645 924 534 849 0 972 774 788 675 967 347 304 628 584 760 323 447 859 992 211 268 818 903 117 362 811 903 436 218 805 457 704 821 738 691 718 655 979 627 56 390 385 1075 155 627 443 639 688 166
442 361 89 944 787 819 195 1272 924 700 616 984 1087 28 278 88 885 725 1096 701 803 1090 945 738 800 872 1100 462 856 939 475 277 889 68 418 679 659 702 411 529 497 345 180 829 983 311 171 801 1053 576 380 943 659 1194 559 972 0 266 565 935 866 648 763 406 477 212 835 832 640 329 930 808 218 389 942 726 571 752 628 768 175 1149 336 152 270 1149 1181 819 347 1182 960 599 619 741 854 359 698 935 704 910
488 427 182 995 664 972 119 1201 812 597 611 823 959 291 436 333 831 647 983 615 909 1013 758 848 658 819 1055 283 787 994 458 275 692 200 550 541 623 659 292 633 303 82 329 780 916 401 393 712 987 350 424 914 760 1096 646 774 266 0 625 916 946 430 525 362 425 160 587 752 720 516 695 572 50 523 722 481 641 831 381 558 206 1039 77 171 49 1102 1135 807 524 1111 751 384 481 878 682 272 612 905 713 684
138 209 546 382 478 413 517 777 547 387 151 702 707 552 308 505 408 346 686 351 294 620 735 241 526 396 583 495 411 377 204 351 727 584 193 459 230 264 402 100 527 641 385 358 509 254 439 413 571 625 202 423 156 745 62 788 565 625 0 404 321 637 768 289 265 470 859 416 99 323 876 793 621 210 830 773 24 206 719 682 444 727 630 490 581 633 660 293 299 692 809 604 435 306 633 379 349 416 171 830
497 578 894 256 390 616 833 379 331 375 319 525 425 928 705 890 134 301 375 336 431 255 617 442 443 137 181 682 193 271 468 674 653 938 596 477 293 258 629 490 693 899 764 157 170 631 833 282 200 755 556 35 431 383 445 675 935 916 404 0 346 721 812 558 491 786 890 240 389 727 845 815 929 613 766 845 412 346 838 689 783 395 890 826 866 229 256 116 703 301 719 713 506 537 545 644 337 37 237 792
458 526 859 124 650 278 837 690 647 588 382 837 766 850 591 796 447 519 720 543 104 599 909 152 706 442 497 796 490 108 509 672 925 894 453 687 429 431 710 337 822 960 688 429 514 565 719 549 544 912 523 380 210 725 309 967 866 946 321 346 0 907 1026 602 563 791 1114 524 229 570 1102 1042 942 480 1038 1043 306 116 1005 919 761 741 949 807 902 534 549 315 546 628 1002 882 686 223 819 695 543 381 295 1051
542 543 560 901 350 1050 453 893 485 347 527 425 594 665 656 678 597 422 635 388 917 712 339 873 314 589 800 195 538 907 439 444 266 598 692 243 481 491 285 705 156 357 597 564 646 563 697 445 706 81 516 704 793 760 689 347 648 430 637 721 907 0 136 384 377 440 226 491 731 740 286 172 476 677 295 137 661 812 123 130 493 690 357 499 397 837 870 647 733 811 322 50 224 943 285 341 387 695 614 263
677 679 674 1011 426 1181 568 937 538 448 650 429 615 782 790 801 683 523 667 492 1043 766 319 1001 377 676 868 326 622 1018 572 577 240 708 827 344 597 601 419 839 286 446 727 657 716 698 825 531 769 189 651 791 922 792 821 304 763 525 768 812 1026 136 0 519 510 561 91 575 859 874 170 47 574 812 213 59 792 936 148 129 617 717 449 618 501 901 933 751 868 861 261 181 341 1074 308 474 491 783 731 166
166 161 347 638 389 687 275 872 520 297 249 602 685 408 290 389 488 319 691 295 583 687 588 528 411 475 708 213 453 638 97 129 551 392 308 298 267 307 115 333 249 361 271 433 582 189 370 395 653 353 132 560 442 789 328 628 406 362 289 558 602 384 519 0 72 229 609 427 388 367 656 553 372 293 633 512 310 491 444 463 236 744 351 274 314 757 789 447 357 781 632 342 244 583 487 94 292 551 351 619
169 195 419 588 326 675 345 800 452 230 192 545 617 478 338 457 417 248 622 225 555 615 540 505 353 404 638 234 381 589 62 200 511 464 329 247 198 237 150 329 263 416 335 362 510 236 431 324 581 361 162 491 421 718 314 584 477 425 265 491 563 377 510 72 0 300 601 355 362 409 633 539 439 320 601 511 288 456 454 438 307 674 406 346 376 686 719 382 395 709 593 340 201 569 438 153 222 482 295 592
333 268 132 845 587 813 48 1097 729 505 472 776 887 226 286 240 716 541 902 513 750 911 733 689 594 703 938 250 679 843 319 120 677 176 392 473 496 537 203 473 287 202 187 662 808 242 273 613 879 373 268 789 602 1007 487 760 212 160 470 786 791 440 561 229 300 0 639 649 563 370 725 605 151 365 732 530 484 675 436 558 60 956 190 60 124 986 1018 674 374 1006 748 390 412 719 643 158 510 780 571 703
767 768 746 1095 501 1272 642 990 602 532 739 470 660 855 876 878 759 606 716 577 1133 826 353 1092 449 753 935 412 698 1103 663 662 278 777 917 429 685 687 507 930 371 506 810 737 784 786 906 608 834 270 741 868 1013 841 912 323 835 587 859 890 1114 226 91 609 601 639 0 651 950 961 134 76 637 902 212 109 883 1025 207 202 696 764 510 694 568 965 996 834 956 918 271 269 430 1164 366 561 576 860 819 160
442 511 773 469 150 757 692 450 134 159 270 315 292 832 657 807 108 108 278 137 580 262 388 565 203 103 314 488 48 480 364 555 416 818 589 250 195 154 461 516 490 719 682 96 166 563 770 46 235 535 480 217 518 363 475 447 832 752 416 240 524 491 575 427 355 649 651 0 457 706 606 575 776 595 530 610 435 474 612 449 662 326 712 699 703 357 390 210 685 359 487 491 292 659 308 493 140 209 268 553
233 297 630 308 542 325 609 768 591 458 219 760 742 625 369 573 425 406 713 418 195 628 804 143 594 415 570 594 442 300 302 445 802 665 235 540 292 316 501 117 625 738 461 383 521 336 500 464 575 722 296 414 66 756 81 859 640 720 99 389 229 731 859 388 362 563 950 457 0 363 960 882 713 260 909 867 80 114 815 768 532 748 727 578 677 617 641 293 338 688 884 699 522 218 704 478 416 410 189 913
266 213 360 667 723 490 399 1098 828 625 440 948 994 306 87 245 720 614 984 604 492 935 949 428 757 707 906 550 712 658 365 302 917 378 131 655 510 553 455 246 590 571 187 667 823 179 160 691 888 693 247 745 361 1056 288 992 329 516 323 727 570 740 874 367 409 370 961 706 363 0 1020 912 487 114 1001 858 317 464 775 830 313 1029 559 346 490 955 983 615 25 1012 998 694 607 417 846 401 601 738 492 985
802 816 841 1068 460 1284 735 897 533 514 742 373 562 948 937 964 711 584 623 559 1133 746 254 1098 404 708 866 482 652 1078 692 729 195 876 960 421 678 671 567 956 442 615 883 699 720 841 983 568 761 354 786 819 1025 744 933 211 930 695 876 845 1102 286 170 656 633 725 134 606 960 1020 0 123 744 948 94 219 900 1023 317 195 779 667 619 783 670 890 919 804 1011 832 156 336 441 1178 300 624 559 812 810 53
707 713 720 1021 425 1205 613 919 528 457 669 404 593 827 828 845 683 532 647 503 1063 753 290 1023 374 678 861 367 622 1029 600 616 212 754 861 356 613 613 457 867 326 493 768 661 709 735 867 532 760 233 685 792 946 772 848 268 808 572 793 815 1042 172 47 553 539 605 76 575 882 912 123 0 621 846 170 101 817 955 195 126 660 696 496 662 547 891 922 759 905 846 221 220 361 1098 293 513 502 784 747 121
484 417 139 997 695 953 104 1225 842 624 620 861 992 245 410 290 851 670 1014 639 899 1038 801 837 693 839 1074 319 809 994 466 271 736 152 531 573 637 675 315 621 343 133 300 798 939 386 355 737 1010 397 419 930 750 1125 637 818 218 50 621 929 942 476 574 372 439 151 637 776 713 487 744 621 0 503 769 531 635 826 431 604 186 1069 127 144 81 1122 1155 819 497 1135 797 429 513 862 722 287 636 921 720 732
161 133 395 568 621 450 404 983 719 523 327 848 885 371 112 316 606 506 872 499 414 821 857 349 659 594 792 496 600 560 268 268 831 424 29 564 400 442 397 144 535 563 216 553 709 127 240 582 773 640 162 631 271 942 181 903 389 523 210 613 480 677 812 293 320 365 902 595 260 114 948 846 503 0 921 802 205 368 727 754 318 917 552 359 488 841 869 501 92 897 913 633 521 360 753 349 497 624 378 910
769 792 855 997 389 1233 747 804 447 454 690 281 469 958 921 968 632 519 530 498 1075 655 162 1044 332 630 778 482 574 1007 658 720 114 893 931 371 621 609 557 916 445 646 877 624 634 822 979 495 673 373 760 739 975 651 889 117 942 722 830 766 1038 295 213 633 601 732 212 530 909 1001 94 170 769 921 0 271 854 965 359 175 782 573 648 791 692 801 829 733 990 740 62 344 402 1127 222 615 498 732 750 52
674 669 637 1034 463 1186 533 986 584 475 663 484 668 747 772 769 718 551 718 518 1054 812 376 1010 418 711 910 308 658 1041 573 557 297 669 819 370 616 624 405 838 268 400 702 689 757 684 799 565 813 164 643 826 929 843 824 362 726 481 773 845 1043 137 59 512 511 530 109 610 867 858 219 101 531 802 271 0 797 949 100 177 588 769 404 585 460 945 977 777 853 908 319 171 358 1079 358 457 517 818 750 222
153 220 556 374 501 389 531 787 567 410 173 724 726 557 308 509 422 368 703 374 274 634 759 219 549 411 592 517 428 368 226 366 750 592 186 483 252 284 423 83 549 658 391 374 523 262 440 434 583 648 217 432 133 759 40 811 571 641 24 412 306 661 792 310 288 484 883 435 80 317 900 817 635 205 854 797 0 191 742 706 456 743 647 501 597 641 668 303 292 703 833 627 459 282 657 399 372 426 184 854
343 410 743 204 584 284 722 717 605 511 286 787 741 737 479 684 417 448 703 467 110 599 846 97 639 409 519 690 448 194 400 556 854 779 342 603 345 356 601 225 718 846 574 386 501 449 608 491 544 812 407 377 106 728 194 903 752 831 206 346 116 812 936 491 456 675 1025 474 114 464 1023 955 826 368 965 949 191 0 905 836 646 732 836 691 787 562 582 278 440 645 934 784 595 192 751 583 466 375 216 974
609 595 539 1008 473 1128 436 1016 607 463 623 537 712 649 688 673 717 538 756 503 1007 835 440 959 437 708 922 232 658 1013 515 472 362 570 746 362 586 600 331 776 195 300 613 682 768 605 707 566 829 94 572 822 875 880 766 436 628 381 719 838 1005 123 148 444 454 436 207 612 815 775 317 195 431 727 359 100 742 905 0 227 494 809 304 489 361 960 992 759 772 934 400 126 334 1022 400 378 502 814 716 314
607 623 682 896 300 1092 575 809 409 333 552 311 492 784 749 793 558 407 541 378 944 637 214 907 250 552 740 308 497 904 497 546 138 721 766 233 491 490 382 761 272 486 702 535 587 651 804 406 640 210 593 666 832 667 739 218 768 558 682 689 919 130 129 463 438 558 202 449 768 830 195 126 604 754 175 177 706 836 227 0 607 593 487 618 525 772 804 633 820 733 193 174 247 985 181 440 378 659 625 155
309 236 112 824 613 768 88 1107 751 526 465 811 912 183 231 186 722 555 923 529 714 923 775 652 625 709 941 300 689 820 315 109 722 157 345 505 498 540 238 436 338 258 128 667 817 201 213 630 888 428 243 788 566 1024 454 805 175 206 444 783 761 493 617 236 307 60 696 662 532 313 779 660 186 318 782 588 456 646 494 607 0 977 247 46 178 990 1022 668 319 1016 795 443 445 676 682 184 526 779 560 754
767 836 1085 643 374 1009 995 232 228 451 590 295 105 1151 983 1130 323 428 56 449 824 148 414 828 386 334 281 759 318 659 688 872 486 1130 909 499 519 476 758 826 748 992 1005 370 231 888 1096 350 200 757 806 361 802 77 783 457 1149 1039 727 395 741 690 717 744 674 956 764 326 748 1029 667 696 1069 917 573 769 743 732 809 593 977 0 987 1010 992 277 295 458 1008 186 512 710 557 924 412 799 452 361 562 618
494 443 250 989 613 996 164 1158 762 554 597 760 903 361 476 397 798 610 931 577 919 970 690 860 603 786 1020 228 750 989 447 289 621 273 577 488 599 632 261 649 242 12 374 748 878 426 450 670 947 277 434 886 773 1047 657 704 336 77 630 890 949 357 449 351 406 190 510 712 727 559 619 496 127 552 648 404 647 836 304 487 247 987 0 221 71 1066 1099 785 564 1069 679 314 431 899 619 257 574 877 700 609
354 282 74 869 643 809 58 1146 784 559 508 835 943 166 267 185 762 592 956 565 759 961 793 696 652 749 982 310 727 866 357 151 738 120 387 531 539 581 261 480 346 232 158 707 856 245 229 665 927 430 288 830 611 1059 500 821 152 171 490 826 807 499 618 274 346 60 694 699 578 346 783 662 144 359 791 585 501 691 489 618 46 1010 221 0 150 1030 1063 712 354 1055 808 449 470 719 703 213 562 822 604 761
444 386 182 949 617 936 93 1152 765 549 563 781 913 293 408 327 782 598 937 566 867 964 720 806 613 770 1006 239 738 948 410 233 655 209 515 495 574 610 242 593 262 82 305 731 867 364 379 663 938 320 382 865 719 1049 604 738 270 49 581 866 902 397 501 314 376 124 568 703 677 490 670 547 81 488 692 460 597 787 361 525 178 992 71 150 0 1052 1086 758 496 1062 718 350 435 840 641 223 564 856 665 656
719 798 1102 418 487 813 1031 156 363 516 536 524 358 1145 930 1110 270 456 293 489 632 147 639 654 527 283 50 844 316 435 675 880 697 1146 825 603 492 450 810 720 847 1073 983 324 192 852 1057 402 132 888 774 211 655 225 675 691 1149 1102 633 229 534 837 901 757 686 986 965 357 617 955 890 891 1122 841 801 945 641 562 960 772 990 277 1066 1030 1052 0 34 341 931 104 744 842 648 746 600 835 492 218 464 838
749 828 1134 430 520 827 1064 142 394 549 566 551 381 1176 959 1140 304 489 315 523 648 174 667 673 559 316 81 878 350 447 707 913 726 1178 853 637 524 482 843 746 880 1107 1013 357 226 882 1087 435 164 921 804 240 677 236 701 718 1181 1135 660 256 549 870 933 789 719 1018 996 390 641 983 919 922 1155 869 829 977 668 582 992 804 1022 295 1099 1063 1086 34 0 369 959 112 772 875 682 763 630 868 526 247 492 867
381 462 780 264 345 560 721 484 333 303 204 523 464 812 590 774 139 227 427 259 378 335 597 373 402 132 291 586 175 274 355 560 620 823 486 407 187 160 525 384 601 794 647 115 229 515 718 239 282 671 440 130 344 463 339 655 819 807 293 116 315 647 751 447 382 674 834 210 293 615 804 759 819 501 733 777 303 278 759 633 668 458 785 712 758 341 369 0 591 400 694 633 425 469 512 535 260 124 123 752
247 200 373 643 706 472 406 1074 808 607 419 932 974 324 89 264 698 594 963 586 469 912 935 405 741 685 882 545 691 634 349 300 905 394 106 641 490 532 449 222 585 576 197 645 801 170 180 671 865 689 233 721 337 1034 263 979 347 524 299 703 546 733 868 357 395 374 956 685 338 25 1011 905 497 92 990 853 292 440 772 820 319 1008 564 354 496 931 959 591 0 989 986 688 594 396 832 395 583 715 469 976
764 841 1128 516 467 905 1050 91 327 515 579 460 279 1179 979 1149 298 466 214 496 722 100 578 740 497 311 131 843 328 533 707 908 643 1173 884 590 524 480 820 784 840 1075 1022 354 199 895 1102 399 128 869 814 274 732 124 739 627 1182 1111 692 301 628 811 861 781 709 1006 918 359 688 1012 832 846 1135 897 740 908 703 645 934 733 1016 186 1069 1055 1062 104 112 400 989 0 681 822 641 833 554 851 499 279 521 781
758 787 874 956 352 1207 767 744 396 427 666 221 408 974 921 981 586 487 470 469 1044 598 106 1016 296 585 722 498 529 967 647 727 83 914 921 353 593 578 564 898 463 678 884 582 582 820 986 455 617 402 754 691 950 590 870 56 960 751 809 719 1002 322 261 632 593 748 271 487 884 998 156 221 797 913 62 319 833 934 400 193 795 512 679 808 718 744 772 694 986 681 0 368 393 1102 183 623 469 685 718 112
503 500 511 882 357 1016 404 907 497 339 500 455 617 615 609 629 594 413 655 378 888 723 377 842 327 585 803 147 536 888 402 396 308 549 649 240 460 475 238 668 107 314 548 557 650 518 648 445 713 47 473 698 760 778 654 390 599 384 604 713 882 50 181 342 340 390 269 491 699 694 336 220 429 633 344 171 627 784 126 174 443 710 314 449 350 842 875 633 688 822 368 0 209 909 314 293 377 690 592 312
366 395 544 677 183 846 446 729 331 134 309 366 479 627 533 620 390 205 502 170 702 541 344 662 182 380 606 203 335 683 255 355 310 588 529 61 257 267 209 515 199 437 510 350 456 431 611 246 523 249 362 492 586 616 492 385 619 481 435 506 686 224 341 244 201 412 430 292 522 607 441 361 513 521 402 358 459 595 334 247 445 557 431 470 435 648 682 425 594 641 393 209 0 739 244 260 168 483 391 397
417 456 755 347 757 107 761 901 792 675 437 969 932 720 465 661 608 620 895 634 119 790 1020 96 809 600 704 794 637 332 507 609 1020 782 332 758 509 529 697 252 828 910 575 575 693 477 577 672 735 929 468 568 153 919 256 1075 741 878 306 537 223 943 1074 583 569 719 1164 659 218 417 1178 1098 862 360 1127 1079 282 192 1022 985 676 924 899 719 840 746 763 469 396 833 1102 909 739 0 921 665 633 566 393 1131
594 633 775 775 169 1025 672 629 237 247 487 142 312 865 775 861 411 304 360 287 861 460 104 834 113 408 571 404 352 785 485 598 109 818 758 191 412 395 444 725 380 621 753 402 422 672 855 273 468 359 600 518 770 486 694 155 854 682 633 545 819 285 308 487 438 643 366 308 704 846 300 293 722 753 222 358 657 751 400 181 682 412 619 703 641 600 630 512 832 554 183 314 244 921 0 499 288 511 535 247
249 219 287 732 431 768 199 942 571 348 341 626 731 367 316 362 564 386 744 357 672 755 594 616 441 552 787 149 524 732 190 105 546 332 369 321 351 389 59 414 189 267 262 511 654 227 364 456 725 294 199 643 529 849 413 627 359 272 379 644 695 341 474 94 153 158 561 493 478 401 624 513 287 349 615 457 399 583 378 440 184 799 257 213 223 835 868 535 395 851 623 293 260 665 499 0 354 634 444 593
337 395 636 519 129 737 552 589 232 45 200 355 398 699 543 678 226 37 400 3 576 402 388 547 178 215 447 353 176 527 242 421 389 681 496 148 124 112 321 445 359 581 555 183 304 444 648 103 374 417 363 325 482 497 411 443 698 612 349 337 543 387 491 292 222 510 576 140 416 601 559 502 636 497 498 517 372 466 502 378 526 452 574 562 564 492 526 260 583 499 469 377 168 633 288 354 0 316 251 509
501 581 892 293 359 648 826 361 294 351 320 488 388 930 713 893 101 279 340 314 463 224 582 471 412 107 168 665 162 307 464 671 619 935 609 452 284 246 617 507 674 885 766 133 134 635 839 253 169 732 558 9 456 353 461 639 935 905 416 37 381 695 783 551 482 780 860 209 410 738 812 784 921 624 732 818 426 375 814 659 779 361 877 822 856 218 247 124 715 279 685 690 483 566 511 634 316 0 246 758
262 343 669 295 368 493 619 606 402 296 103 576 552 695 468 655 240 232 525 252 326 450 631 301 423 229 414 519 252 299 255 454 639 711 363 392 135 140 444 266 540 710 529 194 340 396 596 279 400 624 324 253 250 576 222 688 704 713 171 237 295 614 731 351 295 571 819 268 189 492 810 747 720 378 750 750 184 216 716 625 560 562 700 604 665 464 492 123 469 521 718 592 391 393 535 444 251 246 0 760
761 779 823 1016 407 1237 715 848 480 464 695 324 514 927 904 940 658 532 573 508 1083 694 204 1050 351 655 813 455 598 1026 651 699 142 859 921 373 629 621 535 912 417 606 854 646 667 806 955 515 709 336 748 765 978 695 888 166 910 684 830 792 1051 263 166 619 592 703 160 553 913 985 53 121 732 910 52 222 854 974 314 155 754 618 609 761 656 838 867 752 976 781 112 312 397 1131 247 593 509 758 760 0
