# TTSP Euclidean complete-graph matrix instance
# seed: 2049
# depot: 1
# L_max is not stored in this file; pass it with --budget when running algorithms.
# coordinate rows: node x y
# coord 1 522.841426 108.559360
# coord 2 581.243254 412.227493
# coord 3 433.058954 598.563761
# coord 4 120.409797 347.887490
# coord 5 527.642703 612.706980
# coord 6 672.766592 177.786957
# coord 7 611.899191 442.735506
# coord 8 310.192853 941.645146
# coord 9 241.559666 511.888944
# coord 10 283.107333 711.112598
# coord 11 650.436013 877.425584
# coord 12 537.735420 87.144990
# coord 13 188.904035 841.204961
# coord 14 803.806398 261.300320
# coord 15 395.875414 883.478383
# coord 16 80.216028 922.055045
# coord 17 217.201282 573.458969
# coord 18 400.082077 629.252483
# coord 19 312.135660 910.514467
# coord 20 5.834197 581.440828
# coord 21 997.474122 378.915311
# coord 22 754.886481 503.474624
# coord 23 853.437539 394.976394
# coord 24 898.910995 519.148673
# coord 25 523.068544 274.544885
# coord 26 82.387573 187.338816
# coord 27 154.217468 111.363095
# coord 28 174.747074 132.829974
# coord 29 727.837328 615.473939
# coord 30 517.191629 224.883128
# coord 31 556.884252 810.964965
# coord 32 230.800569 538.740471
# coord 33 255.703287 192.857253
# coord 34 801.102585 665.281001
# coord 35 940.040294 133.319391
# coord 36 175.181620 0.392061
# coord 37 882.953733 877.625066
# coord 38 781.689715 168.121018
# coord 39 500.886055 870.606099
# coord 40 710.798409 809.548257
# coord 41 492.710919 748.958550
# coord 42 412.574980 938.024682
# coord 43 110.325317 282.062715
# coord 44 72.013458 937.478017
# coord 45 906.332309 47.752495
# coord 46 872.817528 105.133736
# coord 47 224.633826 859.429550
# coord 48 425.200107 371.283817
# coord 49 583.053277 772.187072
# coord 50 734.594103 886.821024
# coord 51 303.020663 227.894771
# coord 52 302.758223 679.775458
# coord 53 611.845910 21.138628
# coord 54 693.083840 114.354059
# coord 55 851.593743 23.728733
# coord 56 545.690052 718.761025
# coord 57 995.124696 45.903263
# coord 58 955.201128 398.625175
# coord 59 840.192432 137.390021
# coord 60 828.945993 898.595121
# coord 61 985.013664 771.751291
# coord 62 564.955404 221.528891
# coord 63 547.876098 315.311909
# coord 64 349.456033 39.569516
# coord 65 261.929412 47.998255
# coord 66 275.657302 881.075164
# coord 67 346.888516 843.077387
# coord 68 796.342975 904.256868
# coord 69 998.654495 546.310139
# coord 70 302.444850 759.892961
# coord 71 92.760959 442.259015
# coord 72 914.987619 475.324928
# coord 73 179.561748 281.080103
# coord 74 43.946357 893.859419
# coord 75 790.480190 847.347385
# coord 76 882.053061 649.544945
# coord 77 977.284676 442.680920
# coord 78 609.774635 990.243866
# coord 79 412.379954 812.304903
# coord 80 388.902988 585.134481
# coord 81 643.005700 716.959990
# coord 82 559.393079 337.980114
# coord 83 398.013776 104.907235
# coord 84 905.284157 335.627997
# coord 85 477.504709 176.148453
# coord 86 312.962332 102.838049
# coord 87 641.611035 213.682673
# coord 88 606.058438 217.061098
# coord 89 632.554616 267.740572
# coord 90 591.929624 411.277736
# coord 91 674.126269 982.291736
# coord 92 30.002875 498.835959
# coord 93 543.421203 491.437594
# coord 94 392.018291 297.505247
# coord 95 569.982988 398.116429
# coord 96 609.004081 608.751244
# coord 97 661.376173 72.394941
# coord 98 180.154366 536.828867
# coord 99 614.281034 378.310027
# coord 100 102.522571 241.065627
# reference_nearest_neighbor_tour_cost: 9145
TTSP_MATRIX
100
0 19 42 75 99 1 39 63 53 1 85 82 99 41 72 68 47 53 22 86 28 12 5 47 35 57 61 92 19 25 62 26 14 57 68 38 76 92 27 40 88 5 35 5 96 35 77 52 31 87 62 71 22 43 30 9 86 81 76 82 21 6 87 39 5 30 41 8 60 66 96 18 66 58 23 15 53 75 50 70 100 21 88 95 32 52 35 60 9 97 66 79 88 85 35 45 83 11 64 66
0 309 498 468 504 165 346 860 492 648 779 26 805 320 785 926 556 535 829 701 546 458 437 557 166 447 369 349 547 116 703 520 280 622 418 364 849 266 762 726 641 837 448 944 388 350 808 280 666 807 250 612 125 170 340 611 476 521 319 847 808 121 208 187 268 811 755 841 647 688 544 537 384 920 786 649 564 886 712 495 620 232 125 445 81 210 159 137 193 311 887 629 383 230 293 508 143 548 285 441
309 0 238 465 208 252 43 595 354 422 470 328 581 269 506 715 398 283 566 600 418 196 273 335 149 547 522 493 251 198 399 373 393 335 454 578 555 316 465 418 348 552 489 732 488 423 572 161 360 499 334 386 392 318 473 309 553 374 378 546 541 191 102 439 484 560 490 537 438 446 489 340 423 722 483 383 397 579 434 259 311 77 358 333 258 410 208 197 153 11 578 558 88 221 18 198 349 420 47 508
498 238 0 401 96 484 237 364 210 187 354 522 344 501 287 479 217 45 335 428 606 336 467 473 336 540 561 533 295 383 246 211 443 374 688 651 529 554 280 349 162 340 452 495 726 661 334 227 229 417 393 154 604 550 711 165 788 559 615 497 578 399 306 565 577 323 259 475 568 208 374 497 406 488 435 452 566 430 215 46 241 290 495 540 425 510 438 419 386 246 453 415 154 304 243 176 574 260 285 487
468 465 401 0 486 578 501 623 204 398 749 492 498 689 602 576 245 397 594 260 878 653 735 797 409 165 239 222 664 415 636 220 206 751 847 352 928 685 647 749 547 659 67 592 841 791 522 306 628 817 219 379 590 618 800 564 925 836 750 897 963 462 429 384 332 555 545 875 900 450 98 805 89 551 836 819 862 808 549 358 640 439 369 785 396 312 538 503 518 476 842 176 447 276 452 554 607 198 495 108
504 208 96 486 0 458 190 394 303 264 292 526 409 447 301 544 313 129 368 523 525 252 392 383 338 616 625 596 200 388 200 306 500 278 632 707 443 512 259 269 141 345 532 560 680 614 391 262 169 343 446 235 598 525 672 108 735 478 569 415 484 393 298 600 624 368 293 396 476 269 467 411 481 559 352 356 481 386 230 141 155 277 524 468 439 553 415 403 361 211 398 511 122 343 219 81 557 356 250 565
165 252 484 578 458 0 272 846 545 661 700 163 821 155 758 951 603 527 817 780 382 336 283 409 178 590 523 500 441 163 644 571 417 504 271 528 731 109 714 633 599 804 572 969 267 213 816 314 601 712 373 624 168 67 236 556 348 359 172 738 671 116 186 352 431 808 741 737 492 690 637 384 504 953 680 516 404 815 686 496 540 196 284 281 195 368 48 77 99 247 805 718 339 305 243 436 106 610 209 574
346 43 237 501 190 272 0 583 377 424 436 363 581 264 491 716 416 282 556 622 391 155 246 297 190 588 565 536 208 238 372 393 435 292 451 622 512 323 442 380 329 534 527 732 493 427 569 200 331 461 376 390 422 338 483 284 552 346 381 505 497 226 143 481 528 552 480 497 400 443 519 305 462 725 442 340 365 548 420 265 276 117 400 312 299 453 231 226 176 37 543 585 84 264 61 166 374 442 64 548
860 595 364 623 394 846 583 0 435 232 346 884 157 841 104 231 380 325 31 472 888 624 771 725 700 788 845 820 530 746 279 411 751 563 1025 951 576 906 203 422 265 102 689 238 1074 1008 119 582 321 428 714 262 969 912 1066 324 1128 843 963 521 696 764 670 903 895 70 105 488 794 182 545 764 673 271 489 642 833 303 165 365 402 653 841 849 784 839 800 783 747 601 366 524 507 649 602 447 938 425 640 731
492 354 210 204 303 545 377 435 0 204 548 518 333 616 402 441 66 197 405 246 768 513 623 657 368 361 410 385 497 398 435 29 319 580 794 516 738 640 443 556 345 459 265 458 811 751 348 231 429 619 291 179 615 602 781 368 886 723 706 703 788 435 364 484 464 371 348 680 758 255 164 674 239 430 643 655 739 604 346 165 451 362 436 687 410 415 499 469 461 365 639 212 303 262 348 380 608 66 396 304
648 422 187 398 264 661 424 232 204 0 403 674 161 688 206 293 153 143 202 306 788 515 652 645 498 561 613 588 455 540 291 180 519 520 875 719 623 737 270 439 213 261 463 310 910 846 159 368 306 484 484 37 764 724 892 263 974 741 800 577 705 565 476 675 663 170 147 548 734 52 329 674 442 301 525 602 744 430 164 165 360 464 617 727 569 609 613 590 565 430 476 330 341 428 425 342 742 202 470 504
779 470 354 749 292 700 436 346 548 403 0 798 463 635 255 572 529 353 340 709 607 388 523 436 616 894 913 884 273 666 115 539 790 260 798 998 233 721 150 91 203 245 804 582 868 804 426 554 125 85 737 400 857 764 877 190 900 568 764 180 351 661 571 890 916 375 305 148 481 367 707 481 760 607 143 325 544 120 247 392 161 547 813 599 722 845 664 662 610 470 108 727 401 635 486 272 805 581 500 840
26 328 522 492 526 163 363 884 518 674 798 0 831 318 809 952 582 559 854 726 545 470 441 563 188 466 384 366 561 139 724 546 301 635 405 373 863 257 784 743 663 860 470 970 371 336 833 306 687 824 274 638 99 158 320 632 459 521 307 862 818 137 228 194 279 836 780 857 651 713 569 541 407 946 801 659 565 906 736 520 639 252 141 444 107 225 164 147 204 329 905 654 404 256 313 526 125 575 301 462
805 581 344 498 409 821 581 157 333 161 463 831 0 845 211 135 269 299 141 318 931 659 800 780 658 662 731 709 584 698 369 305 652 637 1032 841 695 897 313 523 318 244 565 151 1070 1005 40 526 400 548 624 198 923 885 1052 377 1132 885 959 643 799 725 637 818 797 95 158 611 862 140 410 813 560 154 602 719 883 446 225 325 471 625 765 877 725 749 774 751 725 589 505 377 498 580 584 480 902 305 629 606
320 269 501 689 447 155 264 841 616 688 635 318 845 0 744 980 664 546 814 860 227 247 143 275 281 725 667 642 362 289 603 637 552 404 187 681 621 96 680 556 578 782 694 996 237 171 833 394 557 629 502 653 307 184 242 525 288 204 129 638 542 242 262 506 582 814 740 643 345 707 734 241 625 989 586 396 251 754 676 526 483 256 435 126 337 516 169 203 171 260 733 809 348 413 271 398 237 682 223 702
785 506 287 602 301 758 491 104 402 206 255 809 211 744 0 318 358 254 88 493 785 523 669 621 622 763 809 783 427 670 177 382 705 460 927 910 487 813 106 323 166 57 666 328 979 913 173 513 218 339 662 224 889 825 973 223 1030 740 868 433 600 683 588 845 846 120 63 401 691 155 535 660 640 352 396 540 730 239 73 298 298 569 779 748 712 785 713 699 660 511 295 531 419 586 516 348 853 408 550 706
926 715 479 576 544 951 716 231 441 293 572 952 135 980 318 0 375 434 232 349 1066 794 936 912 784 735 814 795 717 823 489 412 750 765 1167 927 804 1030 424 641 447 333 641 17 1203 1138 157 650 525 655 729 329 1046 1014 1184 508 1267 1020 1092 749 917 852 766 923 893 200 278 716 992 275 480 947 649 46 714 847 1017 534 350 457 599 755 877 1012 845 852 904 880 856 723 597 426 632 698 717 615 1029 398 762 681
556 398 217 245 313 603 416 380 66 153 529 582 269 664 358 375 0 191 350 212 804 542 661 684 428 409 466 443 512 460 414 37 383 591 846 575 732 695 411 547 327 414 310 392 867 806 286 290 416 605 356 136 679 661 839 359 940 758 760 693 793 495 420 550 527 313 299 667 782 205 181 705 295 364 635 669 771 573 308 172 449 415 502 728 475 480 556 527 516 408 613 202 336 327 394 393 670 52 442 352
535 283 45 397 129 527 282 325 197 143 353 559 299 546 254 434 191 0 295 397 648 376 510 511 375 544 573 545 328 421 240 192 460 403 733 668 543 599 262 359 151 309 452 450 771 706 289 259 232 422 413 110 644 592 755 171 833 601 660 506 602 440 347 592 597 281 220 482 604 163 360 537 412 444 447 482 607 417 183 46 258 332 524 584 460 534 481 461 430 290 447 392 199 332 287 210 615 239 330 489
829 566 335 594 368 817 556 31 405 202 340 854 141 814 88 232 350 295 0 450 867 601 748 705 670 759 815 790 510 716 264 381 720 547 999 920 572 878 193 411 242 104 660 242 1048 981 101 551 304 423 683 231 939 883 1038 302 1102 822 936 517 687 734 640 872 864 47 76 484 777 151 517 744 643 269 482 627 813 308 140 334 383 624 810 826 753 808 771 753 718 572 369 499 479 618 574 423 908 396 612 701
701 600 428 260 523 780 622 472 246 306 709 726 318 860 493 349 212 397 450 0 1012 753 868 895 601 401 493 479 723 623 597 229 462 800 1036 605 926 879 573 741 515 541 317 362 1047 989 354 469 608 790 462 313 825 831 1013 557 1125 967 945 882 998 665 604 642 592 403 430 854 993 346 164 915 347 315 828 879 981 729 468 383 651 605 617 932 622 569 734 702 701 610 779 86 545 479 593 604 830 180 641 354
546 418 606 878 525 382 391 888 768 788 607 545 931 227 785 1066 804 648 867 1012 0 273 145 171 486 935 885 859 359 504 617 783 765 347 252 905 512 302 699 517 626 809 892 1081 343 301 910 572 571 572 711 757 526 403 384 565 333 47 288 546 393 460 454 731 807 879 799 563 167 793 907 127 824 1084 512 294 67 724 728 643 490 440 659 102 558 738 392 424 381 407 685 975 468 611 428 451 455 832 383 906
458 196 336 653 252 336 155 624 513 515 388 470 659 247 523 794 542 376 601 753 273 0 147 145 326 743 717 688 115 366 366 525 588 168 414 768 395 336 446 309 359 553 682 809 480 415 639 355 319 384 529 485 503 394 489 300 517 226 376 402 353 340 280 616 671 610 531 403 248 520 665 163 617 811 346 194 231 508 461 375 241 256 535 225 429 596 311 323 266 187 486 725 212 417 213 180 441 576 188 703
437 273 467 735 392 283 246 771 623 652 523 441 800 143 669 936 661 510 748 868 145 147 0 132 352 799 755 728 254 377 511 639 631 275 276 785 484 238 592 438 505 699 752 951 351 290 782 429 464 506 575 620 445 323 371 447 377 102 258 504 399 337 316 617 686 755 676 512 210 661 762 101 683 951 457 256 133 643 607 502 385 300 540 79 435 614 279 305 255 262 614 830 325 472 283 325 375 688 240 767
557 335 473 797 383 409 297 725 657 645 436 563 780 275 621 912 684 511 705 895 171 145 132 0 448 881 849 821 196 482 450 668 721 176 388 890 359 370 531 346 467 642 823 927 471 415 755 496 405 403 663 617 575 454 498 406 483 133 386 386 267 447 406 729 792 721 640 399 103 643 810 47 758 933 346 131 109 553 568 514 323 385 650 184 543 719 399 421 366 325 515 869 357 553 350 303 506 719 318 844
166 149 336 409 338 178 190 700 368 498 616 188 658 281 622 784 428 375 670 601 486 326 352 448 0 449 403 376 398 50 537 394 280 480 440 443 702 280 596 567 475 673 413 802 445 389 657 138 501 648 225 461 269 234 413 445 525 450 346 695 679 68 48 292 346 655 595 686 548 533 462 440 344 783 632 519 484 721 549 338 458 73 211 387 108 271 133 101 110 153 724 542 218 133 132 345 245 432 138 422
447 547 540 165 616 590 588 788 361 561 894 466 662 725 763 735 409 544 759 401 935 743 799 881 449 0 105 107 775 436 784 381 173 863 859 209 1057 700 801 884 696 820 99 750 836 795 687 389 770 956 224 539 555 615 786 705 924 898 759 1031 1075 484 483 305 227 720 707 1012 984 613 255 881 135 708 968 924 931 961 707 502 771 500 326 836 395 246 560 525 556 557 991 316 552 329 531 674 590 363 565 57
369 522 561 239 625 523 565 845 410 613 913 384 731 667 809 814 466 573 815 493 885 717 755 849 403 105 0 30 764 380 807 434 130 852 786 113 1057 630 835 893 722 866 176 830 755 719 751 375 788 969 189 588 466 539 703 723 843 851 686 1037 1061 425 443 208 125 779 757 1020 950 665 337 843 172 790 973 905 887 990 747 529 778 464 244 784 330 159 498 464 503 531 1014 407 544 302 505 674 509 426 532 140
349 493 533 222 596 500 536 820 385 588 884 366 709 642 783 795 443 545 790 479 859 688 728 821 376 107 30 0 734 355 778 410 101 822 765 132 1028 608 807 863 693 840 163 811 737 699 728 346 759 939 160 562 451 519 686 693 825 824 665 1007 1032 400 415 198 122 755 731 991 922 640 320 816 148 772 943 876 860 961 720 500 749 436 225 758 306 141 474 439 477 502 985 394 514 273 476 644 490 404 503 130
547 251 295 664 200 441 208 530 497 455 273 561 584 362 427 717 512 328 510 723 359 115 254 196 398 775 764 734 0 444 260 503 634 89 527 827 305 451 341 195 270 451 702 731 595 531 559 389 213 271 575 430 606 502 605 209 629 314 491 301 301 426 350 689 734 524 444 297 280 449 658 234 642 738 240 158 303 393 372 340 132 325 608 331 506 659 411 417 361 245 371 708 222 462 269 119 547 553 263 729
116 198 383 415 388 163 238 746 398 540 666 139 698 289 670 823 460 421 716 623 504 366 377 482 50 436 380 355 444 0 587 425 263 524 433 409 748 271 646 616 525 721 411 840 428 375 699 173 551 697 214 503 225 208 390 495 510 471 335 742 720 48 95 250 311 699 641 734 579 576 477 470 342 819 680 560 509 771 597 382 508 121 169 404 63 238 125 89 123 201 773 559 268 145 181 395 210 459 182 415
703 399 246 636 200 644 372 279 435 291 115 724 369 603 177 489 414 240 264 597 617 366 511 450 537 784 807 778 260 587 0 425 688 284 778 896 333 681 82 154 89 192 692 501 839 773 336 459 47 193 636 286 792 710 841 93 882 573 731 286 430 589 496 799 818 290 212 257 515 260 593 491 650 520 236 363 559 187 145 281 127 473 724 589 640 749 603 596 548 401 208 612 320 539 413 209 746 466 436 729
520 373 211 220 306 571 393 411 29 180 539 546 305 637 382 412 37 192 381 229 783 525 639 668 394 381 434 410 503 425 425 0 347 584 817 541 735 664 428 551 336 439 284 429 835 775 321 257 423 612 319 158 643 628 807 363 909 738 730 698 789 461 388 513 492 345 326 673 768 232 168 687 263 401 639 661 753 589 328 165 449 385 465 704 439 444 524 494 485 383 627 205 316 290 367 385 635 51 416 324
280 393 443 206 500 417 435 751 319 519 790 301 652 552 705 750 383 460 720 462 765 588 631 721 280 173 130 101 634 263 688 347 0 722 687 209 929 527 721 766 605 762 171 767 667 623 667 246 665 843 59 489 395 444 619 601 754 729 587 909 931 311 317 180 145 689 657 894 823 569 298 717 117 732 845 775 764 872 639 414 652 337 167 665 222 107 386 351 384 401 893 380 415 172 375 546 423 352 404 161
622 335 374 751 278 504 292 563 580 520 260 635 637 404 460 765 591 403 547 800 347 168 275 176 480 863 852 822 89 524 284 584 722 0 550 913 228 498 364 170 320 475 790 778 626 565 608 477 243 231 663 499 671 561 644 261 649 308 529 235 213 503 432 772 820 568 488 239 231 508 743 221 731 791 182 82 284 377 416 420 166 407 690 346 586 745 479 489 432 329 341 789 311 550 353 200 609 634 342 817
418 454 688 847 632 271 451 1025 794 875 798 405 1032 187 927 1167 846 733 999 1036 252 414 276 388 440 859 786 765 527 433 778 817 687 550 0 776 746 162 858 714 761 962 843 1183 92 73 1019 567 732 781 644 839 347 248 141 706 103 266 100 773 640 385 432 598 683 1000 925 784 417 894 902 343 775 1175 730 519 312 918 860 713 655 432 543 205 465 628 309 344 336 445 890 981 534 572 455 579 285 860 408 844
364 578 651 352 707 528 622 951 516 719 998 373 841 681 910 927 575 668 920 605 905 768 785 890 443 209 113 132 827 409 896 541 209 913 776 0 1127 629 929 970 813 967 289 943 733 705 860 447 873 1048 261 691 437 530 677 808 821 876 679 1111 1118 448 488 179 99 886 860 1097 988 770 449 879 281 903 1047 960 916 1081 846 623 856 511 246 803 350 172 513 482 530 585 1101 519 614 368 560 747 491 536 579 251
849 555 529 928 443 731 512 576 738 623 233 863 695 621 487 804 732 543 572 926 512 395 484 359 702 1057 1057 1028 305 748 333 735 929 228 746 1127 0 717 382 185 411 474 976 813 830 773 659 683 318 149 871 613 898 787 854 373 839 484 741 58 147 729 655 993 1036 607 537 91 351 592 902 404 922 839 97 228 445 295 475 574 289 629 912 542 810 962 706 716 659 550 234 933 514 760 573 384 835 781 567 1007
266 316 554 685 512 109 323 906 640 737 721 257 897 96 813 1030 695 599 878 879 302 336 238 370 280 700 630 608 451 271 681 664 527 498 162 629 717 0 757 645 649 854 681 1047 173 111 888 410 636 720 482 701 225 104 160 599 246 289 66 732 637 223 276 451 533 874 803 736 436 761 741 335 613 1035 679 492 337 840 743 573 566 280 389 208 304 473 147 182 179 308 821 821 402 411 313 473 154 706 269 683
762 465 280 647 259 714 442 203 443 270 150 784 313 680 106 424 411 262 193 573 699 446 592 531 596 801 835 807 341 646 82 428 721 364 858 929 382 757 0 219 122 111 706 434 917 851 276 505 128 234 672 275 857 780 917 158 961 655 808 329 494 652 557 845 857 225 156 297 594 227 592 572 671 458 291 441 640 162 106 307 209 536 773 671 695 790 672 662 617 468 206 600 382 583 478 283 814 463 505 745
726 418 349 749 269 633 380 422 556 439 91 743 523 556 323 641 547 359 411 741 517 309 438 346 567 884 893 863 195 616 154 551 766 170 714 970 185 645 219 0 226 325 799 651 786 723 489 523 133 81 710 428 795 695 798 188 815 478 684 148 277 606 520 851 884 441 365 128 390 411 719 392 749 672 88 234 453 207 298 392 115 495 771 512 675 811 600 602 547 416 177 748 359 603 435 225 739 597 442 833
641 348 162 547 141 599 329 265 345 213 203 663 318 578 166 447 327 151 242 515 626 359 505 467 475 696 722 693 270 525 89 336 605 320 761 813 411 649 122 226 0 205 603 461 814 748 290 384 93 278 555 202 738 665 809 61 864 580 703 368 493 532 437 724 738 254 174 341 545 191 504 503 563 472 314 402 573 268 102 194 154 416 651 584 573 671 556 544 501 352 296 526 262 463 359 182 697 378 390 640
837 552 340 659 345 804 534 102 459 261 245 860 244 782 57 333 414 309 104 541 809 553 699 642 673 820 866 840 451 721 192 439 762 475 962 967 474 854 111 325 205 0 722 341 1018 952 204 567 238 326 719 281 938 870 1014 257 1065 765 908 418 596 733 637 901 903 148 115 385 705 209 590 683 697 371 389 551 751 204 126 354 319 618 833 778 765 841 760 746 705 556 265 582 465 641 562 383 901 464 595 763
448 489 452 67 532 572 527 689 265 463 804 470 565 694 666 641 310 452 660 317 892 682 752 823 413 99 176 163 702 411 692 284 171 790 843 289 976 681 706 799 603 722 0 657 830 783 589 327 681 869 200 442 565 606 785 617 916 853 744 947 1002 459 439 341 279 621 609 926 927 515 161 828 69 615 884 855 882 867 610 412 688 453 338 797 382 271 536 500 522 499 899 231 481 282 474 596 590 264 513 42
944 732 495 592 560 969 732 238 458 310 582 970 151 996 328 17 392 450 242 362 1081 809 951 927 802 750 830 811 731 840 501 429 767 778 1183 943 813 1047 434 651 461 341 657 0 1220 1155 171 667 537 665 746 346 1064 1031 1201 522 1283 1035 1109 758 928 869 783 940 910 211 291 725 1006 291 496 961 665 52 724 860 1032 540 363 474 612 773 894 1028 863 869 921 897 873 740 604 441 649 716 734 630 1047 415 779 697
388 488 726 841 680 267 493 1074 811 910 868 371 1070 237 979 1203 867 771 1048 1047 343 480 351 471 445 836 755 737 595 428 839 835 667 626 92 733 830 173 917 786 814 1018 830 1220 0 66 1060 580 793 856 630 874 296 223 60 762 89 354 111 854 728 383 447 557 644 1045 972 864 507 934 904 428 763 1208 808 602 401 988 910 746 719 452 512 288 448 596 312 345 351 481 963 986 573 572 486 635 246 876 441 827
350 423 661 791 614 213 427 1008 751 846 804 336 1005 171 913 1138 806 706 981 989 301 415 290 415 389 795 719 699 531 375 773 775 623 565 73 705 773 111 851 723 748 952 783 1155 66 0 995 521 727 794 583 809 274 180 84 695 136 305 46 795 676 329 387 527 614 979 906 803 459 868 850 373 715 1144 747 544 353 923 844 682 654 390 475 233 402 560 255 289 290 415 899 930 508 518 421 569 214 816 376 782
808 572 334 522 391 816 569 119 348 159 426 833 40 833 173 157 286 289 101 354 910 639 782 755 657 687 751 728 559 699 336 321 667 608 1019 860 659 888 276 489 290 204 589 171 1060 995 0 528 369 511 636 196 923 880 1045 351 1120 864 949 606 765 723 633 829 812 55 123 573 835 126 438 790 580 184 566 690 860 407 194 320 442 620 774 859 729 762 769 747 719 579 466 410 487 586 576 459 900 326 619 630
280 161 227 306 262 314 200 582 231 368 554 306 526 394 513 650 290 259 551 469 572 355 429 496 138 389 375 346 389 173 459 257 246 477 567 447 683 410 505 523 384 567 327 667 580 521 528 0 431 601 188 332 397 371 550 368 656 531 476 664 688 205 135 340 362 531 478 649 600 408 340 501 262 647 600 535 557 646 441 217 409 138 268 481 202 291 268 238 232 171 660 415 169 81 147 300 381 296 189 348
666 360 229 628 169 601 331 321 429 306 125 687 400 557 218 525 416 232 304 608 571 319 464 405 501 770 788 759 213 551 47 423 665 243 732 873 318 636 128 133 93 238 681 537 793 727 369 431 0 190 612 295 752 667 795 65 835 527 685 276 402 551 458 769 792 326 247 251 473 281 591 445 636 553 221 323 514 220 175 270 82 435 692 543 605 722 562 556 507 361 229 617 284 512 374 165 704 467 395 716
807 499 417 817 343 712 461 428 619 484 85 824 548 629 339 655 605 422 423 790 572 384 506 403 648 956 969 939 271 697 193 612 843 231 781 1048 149 720 234 81 278 326 869 665 856 794 511 601 190 0 788 479 874 774 871 253 880 536 757 95 276 687 601 931 963 459 390 64 431 450 781 449 822 691 68 279 506 162 331 459 193 576 851 577 756 890 680 682 627 496 113 804 439 682 516 305 818 656 523 904
250 334 393 219 446 373 376 714 291 484 737 274 624 502 662 729 356 413 683 462 711 529 575 663 225 224 189 160 575 214 636 319 59 663 644 261 871 482 672 710 555 719 200 746 630 583 636 188 612 788 0 452 372 406 585 548 716 674 545 852 872 262 260 194 185 654 617 837 765 532 300 660 134 715 788 716 708 822 595 367 596 279 155 612 182 125 339 303 332 342 841 385 357 113 317 489 391 332 346 201
612 386 154 379 235 624 390 262 179 37 400 638 198 653 224 329 136 110 231 313 757 485 620 617 461 539 588 562 430 503 286 158 489 499 839 691 613 701 275 428 202 281 442 346 874 809 196 332 295 479 452 0 728 687 855 246 939 710 764 570 688 528 439 642 633 203 169 542 709 80 317 645 417 336 516 580 715 437 172 128 342 427 583 694 533 577 576 553 528 395 479 327 306 393 388 314 705 188 434 482
125 392 604 590 598 168 422 969 615 764 857 99 923 307 889 1046 679 644 939 825 526 503 445 575 269 555 466 451 606 225 792 643 395 671 347 437 898 225 857 795 738 938 565 1064 296 274 923 397 752 874 372 728 0 124 240 701 384 510 256 904 838 206 301 263 351 923 864 902 652 801 668 546 504 1041 845 684 558 969 816 606 697 321 230 430 205 310 195 196 247 391 963 753 475 353 379 588 71 673 357 555
170 318 550 618 525 67 338 912 602 724 764 158 885 184 825 1014 661 592 883 831 403 394 323 454 234 615 539 519 502 208 710 628 444 561 248 530 787 104 780 695 665 870 606 1031 223 180 880 371 667 774 406 687 124 0 183 622 310 387 149 796 719 167 248 352 436 873 807 797 529 755 684 424 540 1014 739 568 434 880 752 560 605 261 295 307 224 380 112 135 165 314 868 766 406 352 309 501 53 665 275 604
340 473 711 800 672 236 483 1066 781 892 877 320 1052 242 973 1184 839 755 1038 1013 384 489 371 498 413 786 703 686 605 390 841 807 619 644 141 677 854 160 917 798 809 1014 785 1201 60 84 1045 550 795 871 585 855 240 183 0 759 145 389 114 875 760 348 421 502 590 1033 962 882 543 918 867 456 720 1187 826 627 437 996 903 728 724 429 461 316 404 544 283 313 328 466 975 949 560 535 468 633 196 845 427 780
611 309 165 564 108 556 284 324 368 263 190 632 377 525 223 508 359 171 302 557 565 300 447 406 445 705 723 693 209 495 93 363 601 261 706 808 373 599 158 188 61 257 617 522 762 695 351 368 65 253 548 246 701 622 759 0 809 520 652 336 443 498 403 707 728 315 234 312 485 247 531 442 571 531 277 343 512 279 163 206 97 381 631 525 547 658 514 505 459 311 293 561 227 448 322 127 657 408 347 652
476 553 788 925 735 348 552 1128 886 974 900 459 1132 288 1030 1267 940 833 1102 1125 333 517 377 483 525 924 843 825 629 510 882 909 754 649 103 821 839 246 961 815 864 1065 916 1283 89 136 1120 656 835 880 716 939 384 310 145 809 0 355 180 869 726 465 522 646 733 1102 1027 881 500 995 986 437 849 1274 827 614 397 1020 963 811 758 525 600 303 534 685 391 425 425 544 990 1066 634 653 552 683 335 951 506 914
521 374 559 836 478 359 346 843 723 741 568 521 885 204 740 1020 758 601 822 967 47 226 102 133 450 898 851 824 314 471 573 738 729 308 266 876 484 289 655 478 580 765 853 1035 354 305 864 531 527 536 674 710 510 387 389 520 355 0 285 516 374 429 416 704 777 833 753 530 154 746 864 87 784 1037 478 261 49 685 682 596 446 400 630 80 527 707 364 394 348 363 648 931 422 572 385 405 439 787 342 867
319 378 615 750 569 172 381 963 706 800 764 307 959 129 868 1092 760 660 936 945 288 376 258 386 346 759 686 665 491 335 731 730 587 529 100 679 741 66 808 684 703 908 744 1109 111 46 949 476 685 757 545 764 256 149 114 652 180 285 0 761 651 288 342 500 585 934 861 768 439 823 807 346 676 1098 712 514 335 883 799 636 612 345 443 209 365 528 213 247 245 370 861 887 462 476 375 525 190 771 330 745
847 546 497 897 415 738 505 521 703 577 180 862 643 638 433 749 693 506 517 882 546 402 504 386 695 1031 1037 1007 301 742 286 698 909 235 773 1111 58 732 329 148 368 418 947 758 854 795 606 664 276 95 852 570 904 796 875 336 869 516 761 0 201 727 647 984 1022 554 485 33 391 544 866 432 896 785 64 255 479 238 425 540 260 622 903 568 803 948 710 717 661 542 176 893 497 743 564 364 843 743 563 980
808 541 578 963 484 671 497 696 788 705 351 818 799 542 600 917 793 602 687 998 393 353 399 267 679 1075 1061 1032 301 720 430 789 931 213 640 1118 147 637 494 277 493 596 1002 928 728 676 765 688 402 276 872 688 838 719 760 443 726 374 651 201 0 692 632 970 1023 718 642 231 226 683 951 305 943 949 209 160 329 434 574 625 346 608 888 443 783 948 655 672 615 533 375 993 523 759 558 410 771 838 541 1030
121 191 399 462 393 116 226 764 435 565 661 137 725 242 683 852 495 440 734 665 460 340 337 447 68 484 425 400 426 48 589 461 311 503 385 448 729 223 652 606 532 733 459 869 383 329 723 205 551 687 262 528 206 167 348 498 465 429 288 727 692 0 95 282 349 720 659 721 542 599 521 432 390 851 665 533 468 770 610 404 502 117 204 359 99 279 77 41 82 192 769 603 271 189 177 390 178 497 164 463
208 102 306 429 298 186 143 670 364 476 571 228 637 262 588 766 420 347 640 604 454 280 316 406 48 483 443 415 350 95 496 388 317 432 432 488 655 276 557 520 437 637 439 783 447 387 633 135 458 601 260 439 301 248 421 403 522 416 342 647 632 95 0 340 391 628 565 639 507 508 472 400 370 767 585 473 448 678 515 313 413 25 258 358 156 317 138 114 97 106 679 549 176 157 86 300 268 429 92 452
187 439 565 384 600 352 481 903 484 675 890 194 818 506 845 923 550 592 872 642 731 616 617 729 292 305 208 198 689 250 799 513 180 772 598 179 993 451 845 851 724 901 341 940 557 527 829 340 769 931 194 642 263 352 502 707 646 704 500 984 970 282 340 0 88 845 804 973 824 722 478 714 295 907 920 810 746 986 775 547 738 365 81 630 187 73 340 312 364 444 997 559 492 261 421 626 314 525 430 319
268 484 577 332 624 431 528 895 464 663 916 279 797 582 846 893 527 597 864 592 807 671 686 792 346 227 125 122 734 311 818 492 145 820 683 99 1036 533 857 884 738 903 279 910 644 614 812 362 792 963 185 633 351 436 590 728 733 777 585 1022 1023 349 391 88 0 833 800 1009 889 713 429 780 247 873 958 864 817 1004 779 552 770 415 148 705 251 75 414 383 431 491 1021 507 525 281 466 659 400 496 483 250
811 560 323 555 368 808 552 70 371 170 375 836 95 814 120 200 313 281 47 403 879 610 755 721 655 720 779 755 524 699 290 345 689 568 1000 886 607 874 225 441 254 148 621 211 1045 979 55 531 326 459 654 203 923 873 1033 315 1102 833 934 554 718 720 628 845 833 0 81 521 797 124 475 757 608 232 516 649 827 351 153 317 402 613 786 833 733 779 761 742 710 566 411 454 473 595 566 430 896 357 606 663
755 490 259 545 293 741 480 105 348 147 305 780 158 740 63 278 299 220 76 430 799 531 676 640 595 707 757 731 444 641 212 326 657 488 925 860 537 803 156 365 174 115 609 291 972 906 123 478 247 390 617 169 864 807 962 234 1027 753 861 485 642 659 565 804 800 81 0 454 716 94 475 677 586 307 444 569 747 301 72 261 322 548 740 755 680 741 695 678 642 496 356 468 403 547 498 352 832 349 536 650
841 537 475 875 396 737 497 488 680 548 148 857 611 643 401 716 667 482 484 854 563 403 512 399 686 1012 1020 991 297 734 257 673 894 239 784 1097 91 736 297 128 341 385 926 725 864 803 573 649 251 64 837 542 902 797 882 312 881 530 768 33 231 721 639 973 1009 521 454 0 411 515 842 445 877 752 57 269 496 205 395 518 242 614 893 579 795 936 708 713 657 534 145 867 484 729 554 350 843 717 557 960
647 438 568 900 476 492 400 794 758 734 481 651 862 345 691 992 782 604 777 993 167 248 210 103 548 984 950 922 280 579 515 768 823 231 417 988 351 436 594 390 545 705 927 1006 507 459 835 600 473 431 765 709 652 529 543 485 500 154 439 391 226 542 507 824 889 797 716 411 0 728 912 110 861 1016 366 156 106 590 644 611 394 486 745 230 639 817 488 512 460 429 544 970 459 656 454 395 582 819 419 947
688 446 208 450 269 690 443 182 255 52 367 713 140 707 155 275 205 163 151 346 793 520 661 643 533 613 665 640 449 576 260 232 569 508 894 770 592 761 227 411 191 209 515 291 934 868 126 408 281 450 532 80 801 755 918 247 995 746 823 544 683 599 508 722 713 124 94 515 728 0 381 675 494 291 496 590 746 384 122 195 343 494 662 737 609 657 643 622 593 453 433 377 361 471 450 342 776 254 493 556
544 489 374 98 467 637 519 545 164 329 707 569 410 734 535 480 181 360 517 164 907 665 762 810 462 255 337 320 658 477 593 168 298 743 902 449 902 741 592 719 504 590 161 496 904 850 438 340 591 781 300 317 668 684 867 531 986 864 807 866 951 521 472 478 429 475 475 842 912 381 0 823 183 454 807 816 885 753 489 329 615 478 455 819 468 405 595 561 567 500 793 84 453 332 479 542 678 129 525 201
537 340 497 805 411 384 305 764 674 674 481 541 813 241 660 947 705 537 744 915 127 163 101 47 440 881 843 816 234 470 491 687 717 221 343 879 404 335 572 392 503 683 828 961 428 373 790 501 445 449 660 645 546 424 456 442 437 87 346 432 305 432 400 714 780 757 677 445 110 675 823 0 761 966 392 177 70 599 605 537 364 381 636 140 530 708 378 403 351 329 561 885 372 552 354 334 476 737 316 846
384 423 406 89 481 504 462 673 239 442 760 407 560 625 640 649 295 412 643 347 824 617 683 758 344 135 172 148 642 342 650 263 117 731 775 281 922 613 671 749 563 697 69 665 763 715 580 262 636 822 134 417 504 540 720 571 849 784 676 896 943 390 370 295 247 608 586 877 861 494 183 761 0 628 833 793 814 829 580 369 636 384 281 728 316 223 467 431 453 432 858 264 420 213 408 540 525 256 445 87
920 722 488 551 559 953 725 271 430 301 607 946 154 989 352 46 364 444 269 315 1084 811 951 933 783 708 790 772 738 819 520 401 732 791 1175 903 839 1035 458 672 472 371 615 52 1208 1144 184 647 553 691 715 336 1041 1014 1187 531 1274 1037 1098 785 949 851 767 907 873 232 307 752 1016 291 454 966 628 0 748 873 1037 574 377 463 625 758 865 1026 838 836 905 880 859 730 636 395 641 691 723 633 1028 382 769 655
786 483 435 836 352 680 442 489 643 525 143 801 602 586 396 714 635 447 482 828 512 346 457 346 632 968 973 943 240 680 236 639 845 182 730 1047 97 679 291 88 314 389 884 724 808 747 566 600 221 68 788 516 845 739 826 277 827 478 712 64 209 665 585 920 958 516 444 57 366 496 807 392 833 748 0 218 446 230 380 480 197 559 840 524 741 884 651 657 601 479 178 837 433 679 500 300 786 685 501 917
649 383 452 819 356 516 340 642 655 602 325 659 719 396 540 847 669 482 627 879 294 194 256 131 519 924 905 876 158 560 363 661 775 82 519 960 228 492 441 234 402 551 855 860 602 544 690 535 323 279 716 580 684 568 627 343 614 261 514 255 160 533 473 810 864 649 569 269 156 590 816 177 793 873 218 0 228 436 497 497 248 449 729 315 623 789 498 513 456 375 392 865 374 603 401 276 618 711 381 880
564 397 566 862 481 404 365 833 739 744 544 565 883 251 730 1017 771 607 813 981 67 231 133 109 484 931 887 860 303 509 559 753 764 284 312 916 445 337 640 453 573 751 882 1032 401 353 860 557 514 506 708 715 558 434 437 512 397 49 335 479 329 468 448 746 817 827 747 496 106 746 885 70 814 1037 446 228 0 659 675 605 432 431 671 129 566 746 406 434 387 387 619 949 437 603 410 404 487 803 369 898
886 579 430 808 386 815 548 303 604 430 120 906 446 754 239 534 573 417 308 729 724 508 643 553 721 961 990 961 393 771 187 589 872 377 918 1081 295 840 162 207 268 204 867 540 988 923 407 646 220 162 822 437 969 880 996 279 1020 685 883 238 434 770 678 986 1004 351 301 205 590 384 753 599 829 574 230 436 659 0 266 461 275 654 910 718 825 936 777 773 723 579 65 760 503 726 593 381 919 625 612 905
712 434 215 549 230 686 420 165 346 164 247 736 225 676 73 350 308 183 140 468 728 461 607 568 549 707 747 720 372 597 145 328 639 416 860 846 475 743 106 298 102 126 610 363 910 844 194 441 175 331 595 172 816 752 903 163 963 682 799 425 574 610 515 775 779 153 72 395 644 122 489 605 580 377 380 497 675 266 0 228 250 497 708 686 639 716 641 626 587 439 312 494 347 515 443 283 781 360 479 650
495 259 46 358 141 496 265 365 165 165 392 520 325 526 298 457 172 46 334 383 643 375 502 514 338 502 529 500 340 382 281 165 414 420 713 623 574 573 307 392 194 354 412 474 746 682 320 217 270 459 367 128 606 560 728 206 811 596 636 540 625 404 313 547 552 317 261 518 611 195 329 537 369 463 480 497 605 461 228 0 286 300 480 574 418 488 449 427 400 267 489 369 181 288 260 221 581 214 306 448
620 311 241 640 155 540 276 402 451 360 161 639 471 483 298 599 449 258 383 651 490 241 385 323 458 771 778 749 132 508 127 449 652 166 655 856 289 566 209 115 154 319 688 612 719 654 442 409 82 193 596 342 697 605 724 97 758 446 612 260 346 502 413 738 770 402 322 242 394 343 615 364 636 625 197 248 432 275 250 286 0 388 659 463 566 697 503 501 449 310 267 651 247 489 327 113 645 497 340 720
232 77 290 439 277 196 117 653 362 464 547 252 625 256 569 755 415 332 624 605 440 256 300 385 73 500 464 436 325 121 473 385 337 407 432 511 629 280 536 495 416 618 453 773 452 390 620 138 435 576 279 427 321 261 429 381 525 400 345 622 608 117 25 365 415 613 548 614 486 494 478 381 384 758 559 449 431 654 497 300 388 0 283 346 181 341 149 130 101 80 654 553 154 172 61 275 284 428 68 467
125 358 495 369 524 284 400 841 436 617 813 141 765 435 779 877 502 524 810 617 659 535 540 650 211 326 244 225 608 169 724 465 167 690 543 246 912 389 773 771 651 833 338 894 512 475 774 268 692 851 155 583 230 295 461 631 600 630 443 903 888 204 258 81 148 786 740 893 745 662 455 636 281 865 840 729 671 910 708 480 659 283 0 557 107 85 267 236 286 363 920 539 413 193 340 546 265 484 349 325
445 333 540 785 468 281 312 849 687 727 599 444 877 126 748 1012 728 584 826 932 102 225 79 184 387 836 784 758 331 404 589 704 665 346 205 803 542 208 671 512 584 778 797 1028 288 233 859 481 543 577 612 694 430 307 316 525 303 80 209 568 443 359 358 630 705 833 755 579 230 737 819 140 728 1026 524 315 129 718 686 574 463 346 557 0 457 636 291 322 281 322 687 890 394 515 341 403 359 753 294 808
81 258 425 396 439 195 299 784 410 569 722 107 725 337 712 845 475 460 753 622 558 429 435 543 108 395 330 306 506 63 640 439 222 586 465 350 810 304 695 675 573 765 382 863 448 402 729 202 605 756 182 533 205 224 404 547 534 527 365 803 783 99 156 187 251 733 680 795 639 609 468 530 316 838 741 623 566 825 639 418 566 181 107 457 0 180 168 135 180 261 830 552 322 148 240 452 211 467 244 381
210 410 510 312 553 368 453 839 415 609 845 225 749 516 785 852 480 534 808 569 738 596 614 719 271 246 159 141 659 238 749 444 107 745 628 172 962 473 790 811 671 841 271 869 596 560 762 291 722 890 125 577 310 380 544 658 685 707 528 948 948 279 317 73 75 779 741 936 817 657 405 708 223 836 884 789 746 936 716 488 697 341 85 636 180 0 347 315 360 416 951 487 452 210 391 586 350 454 408 252
159 208 438 538 415 48 231 800 499 613 664 164 774 169 713 904 556 481 771 734 392 311 279 399 133 560 498 474 411 125 603 524 386 479 309 513 706 147 672 600 556 760 536 921 312 255 769 268 562 680 339 576 195 112 283 514 391 364 213 710 655 77 138 340 414 761 695 708 488 643 595 378 467 905 651 498 406 777 641 449 503 149 267 291 168 347 0 36 55 204 769 675 295 263 198 396 143 563 167 540
137 197 419 503 403 77 226 783 469 590 662 147 751 203 699 880 527 461 753 702 424 323 305 421 101 525 464 439 417 89 596 494 351 489 344 482 716 182 662 602 544 746 500 897 345 289 747 238 556 682 303 553 196 135 313 505 425 394 247 717 672 41 114 312 383 742 678 713 512 622 561 403 431 880 657 513 434 773 626 427 501 130 236 322 135 315 36 0 57 195 768 641 281 229 185 392 155 533 161 504
193 153 386 518 361 99 176 747 461 565 610 204 725 171 660 856 516 430 718 701 381 266 255 366 110 556 503 477 361 123 548 485 384 432 336 530 659 179 617 547 501 705 522 873 351 290 719 232 507 627 332 528 247 165 328 459 425 348 245 661 615 82 97 364 431 710 642 657 460 593 567 351 453 859 601 456 387 723 587 400 449 101 286 281 180 360 55 57 0 149 716 645 241 242 145 342 197 526 112 531
311 11 246 476 211 247 37 601 365 430 470 329 589 260 511 723 408 290 572 610 407 187 262 325 153 557 531 502 245 201 401 383 401 329 445 585 550 308 468 416 352 556 499 740 481 415 579 171 361 496 342 395 391 314 466 311 544 363 370 542 533 192 106 444 491 566 496 534 429 453 500 329 432 730 479 375 387 579 439 267 310 80 363 322 261 416 204 195 149 0 577 569 94 230 26 198 346 430 40 518
887 578 453 842 398 805 543 366 639 476 108 905 505 733 295 597 613 447 369 779 685 486 614 515 724 991 1014 985 371 773 208 627 893 341 890 1101 234 821 206 177 296 265 899 604 963 899 466 660 229 113 841 479 963 868 975 293 990 648 861 176 375 769 679 997 1021 411 356 145 544 433 793 561 858 636 178 392 619 65 312 489 267 654 920 687 830 951 769 768 716 577 0 805 508 741 593 379 910 665 607 936
629 558 415 176 511 718 585 524 212 330 727 654 377 809 531 426 202 392 499 86 975 725 830 869 542 316 407 394 708 559 612 205 380 789 981 519 933 821 600 748 526 582 231 441 986 930 410 415 617 804 385 327 753 766 949 561 1066 931 887 893 993 603 549 559 507 454 468 867 970 377 84 885 264 395 837 865 949 760 494 369 651 553 539 890 552 487 675 641 645 569 805 0 513 414 549 589 762 155 597 268
383 88 154 447 122 339 84 507 303 341 401 404 498 348 419 632 336 199 479 545 468 212 325 357 218 552 544 514 222 268 320 316 415 311 534 614 514 402 382 359 262 465 481 649 573 508 487 169 284 439 357 306 475 406 560 227 634 422 462 497 523 271 176 492 525 473 403 484 459 361 453 372 420 641 433 374 437 503 347 181 247 154 413 394 322 452 295 281 241 94 508 513 0 246 97 134 435 366 133 507
230 221 304 276 343 305 264 649 262 428 635 256 580 413 586 698 327 332 618 479 611 417 472 553 133 329 302 273 462 145 539 290 172 550 572 368 760 411 583 603 463 641 282 716 572 518 586 81 512 682 113 393 353 352 535 448 653 572 476 743 759 189 157 261 281 595 547 729 656 471 332 552 213 691 679 603 603 726 515 288 489 172 193 515 148 210 263 229 242 230 741 414 246 0 204 379 351 320 236 295
293 18 243 452 219 243 61 602 348 425 486 313 584 271 516 717 394 287 574 593 428 213 283 350 132 531 505 476 269 181 413 367 375 353 455 560 573 313 478 435 359 562 474 734 486 421 576 147 374 516 317 388 379 309 468 322 552 385 375 564 558 177 86 421 466 566 498 554 454 450 479 354 408 723 500 401 410 593 443 260 327 61 340 341 240 391 198 185 145 26 593 549 97 204 0 214 338 414 49 493
508 198 176 554 81 436 166 447 380 342 272 526 480 398 348 615 393 210 423 604 451 180 325 303 345 674 674 644 119 395 209 385 546 200 579 747 384 473 283 225 182 383 596 630 635 569 459 300 165 305 489 314 588 501 633 127 683 405 525 364 410 390 300 626 659 430 352 350 395 342 542 334 540 633 300 276 404 381 283 221 113 275 546 403 452 586 396 392 342 198 379 589 134 379 214 0 539 435 231 626
143 349 574 607 557 106 374 938 608 742 805 125 902 237 853 1029 670 615 908 830 455 441 375 506 245 590 509 490 547 210 746 635 423 609 285 491 835 154 814 739 697 901 590 1047 246 214 900 381 704 818 391 705 71 53 196 657 335 439 190 843 771 178 268 314 400 896 832 843 582 776 678 476 525 1028 786 618 487 919 781 581 645 284 265 359 211 350 143 155 197 346 910 762 435 351 338 539 0 669 310 584
548 420 260 198 356 610 442 425 66 202 581 575 305 682 408 398 52 239 396 180 832 576 688 719 432 363 426 404 553 459 466 51 352 634 860 536 781 706 463 597 378 464 264 415 876 816 326 296 467 656 332 188 673 665 845 408 951 787 771 743 838 497 429 525 496 357 349 717 819 254 129 737 256 382 685 711 803 625 360 214 497 428 484 753 467 454 563 533 526 430 665 155 366 320 414 435 669 0 462 306
285 47 285 495 250 209 64 640 396 470 500 301 629 223 550 762 442 330 612 641 383 188 240 318 138 565 532 503 263 182 436 416 404 342 408 579 567 269 505 442 390 595 513 779 441 376 619 189 395 523 346 434 357 275 427 347 506 342 330 563 541 164 92 430 483 606 536 557 419 493 525 316 445 769 501 381 369 612 479 306 340 68 349 294 244 408 167 161 112 40 607 597 133 236 49 231 310 462 0 530
441 508 487 108 565 574 548 731 304 504 840 462 606 702 706 681 352 489 701 354 906 703 767 844 422 57 140 130 729 415 729 324 161 817 844 251 1007 683 745 833 640 763 42 697 827 782 630 348 716 904 201 482 555 604 780 652 914 867 745 980 1030 463 452 319 250 663 650 960 947 556 201 846 87 655 917 880 898 905 650 448 720 467 325 808 381 252 540 504 531 518 936 268 507 295 493 626 584 306 530 0
