# TTSP Euclidean complete-graph matrix instance
# seed: 2006
# depot: 1
# L_max is not stored in this file; pass it with --budget when running algorithms.
# coordinate rows: node x y
# coord 1 554.854970 71.217072
# coord 2 911.088549 323.077915
# coord 3 561.781173 68.654929
# coord 4 246.280106 443.197402
# coord 5 190.696695 561.258047
# coord 6 777.767706 200.541249
# coord 7 682.482474 211.318317
# coord 8 317.596372 365.633852
# coord 9 284.482852 464.082504
# coord 10 403.297492 801.845019
# coord 11 173.343736 654.366120
# coord 12 755.629602 671.830385
# coord 13 595.718776 196.642040
# coord 14 103.521866 106.389925
# coord 15 475.140394 544.262028
# coord 16 393.970062 605.508489
# coord 17 526.777736 905.577220
# coord 18 675.150309 457.084133
# coord 19 604.333033 622.001804
# coord 20 480.812972 926.024318
# coord 21 202.803809 985.678576
# coord 22 461.869302 426.539696
# coord 23 970.598226 8.743424
# coord 24 904.395413 708.646525
# coord 25 176.881088 244.882985
# coord 26 743.060698 192.804319
# coord 27 145.899112 335.958695
# coord 28 556.983157 454.968808
# coord 29 562.441619 512.873917
# coord 30 194.834470 643.743417
# coord 31 855.905785 986.426412
# coord 32 93.361904 129.963197
# coord 33 854.175911 104.227018
# coord 34 942.741883 613.317328
# coord 35 470.904781 88.173668
# coord 36 5.796117 709.206477
# coord 37 463.646790 541.006866
# coord 38 523.242740 796.832290
# coord 39 735.629416 621.212624
# coord 40 372.961580 677.657480
# coord 41 666.067178 593.529345
# coord 42 806.710144 503.931353
# coord 43 37.622531 516.155931
# coord 44 111.532768 966.526947
# coord 45 174.654563 541.973631
# coord 46 898.007056 741.974671
# coord 47 931.841351 296.845006
# coord 48 229.670184 916.031516
# coord 49 769.438904 390.886549
# coord 50 683.865760 889.653283
# coord 51 142.405493 752.615461
# coord 52 431.537088 616.227980
# coord 53 479.122653 973.038967
# coord 54 805.130890 527.571165
# coord 55 263.244035 53.906622
# coord 56 89.130149 416.017283
# coord 57 794.096103 813.477733
# coord 58 179.403926 216.265580
# coord 59 733.582476 207.141899
# coord 60 73.623211 685.850499
# coord 61 260.733871 164.802037
# coord 62 835.276709 904.903764
# coord 63 159.092346 889.239645
# coord 64 324.199435 76.961789
# coord 65 267.035052 969.990716
# coord 66 862.354783 805.427523
# coord 67 806.672242 284.871333
# coord 68 493.370537 346.072256
# coord 69 894.569645 676.217768
# coord 70 464.640966 908.145842
# coord 71 64.943662 813.386927
# coord 72 322.773868 639.363937
# coord 73 707.026509 532.825419
# coord 74 654.491221 735.562498
# coord 75 637.033759 404.522090
# coord 76 996.129437 893.706998
# coord 77 398.113609 377.811121
# coord 78 111.349489 833.758720
# coord 79 700.396926 562.427598
# coord 80 389.812543 614.674040
# coord 81 229.691207 42.006908
# coord 82 385.760852 802.701647
# coord 83 122.389112 724.922238
# coord 84 791.413090 503.506153
# coord 85 848.789643 261.155732
# coord 86 97.695462 183.180814
# coord 87 308.986669 63.537803
# coord 88 538.769890 655.965991
# coord 89 320.822651 95.609508
# coord 90 751.752490 731.771611
# coord 91 81.140331 396.789743
# coord 92 418.894933 873.109368
# coord 93 251.821900 479.291246
# coord 94 152.989132 601.058771
# coord 95 940.496658 230.348100
# coord 96 875.012692 960.150100
# coord 97 402.895708 176.435981
# coord 98 269.263975 298.734446
# coord 99 222.044767 406.706403
# coord 100 915.519804 730.668633
# reference_nearest_neighbor_tour_cost: 9099
TTSP_MATRIX
100
0 14 53 1 34 87 49 13 56 23 81 72 95 13 22 65 30 29 65 99 17 98 68 30 97 15 24 60 64 36 98 81 61 95 10 15 71 81 60 45 47 70 8 48 96 2 62 97 39 43 10 39 9 88 50 73 6 14 49 40 1 43 6 77 12 74 68 24 71 59 62 68 98 95 22 31 86 1 53 75 9 63 7 67 99 60 29 74 57 23 19 37 34 28 45 87 56 7 43 21
0 436 7 483 611 258 190 378 477 746 697 633 132 453 480 558 835 404 553 858 980 367 420 727 416 224 487 384 442 676 963 465 301 667 86 842 479 726 579 633 534 501 682 999 605 753 439 905 385 829 797 559 905 520 292 579 780 402 225 781 309 880 909 231 944 796 330 282 694 842 889 614 486 672 343 933 344 882 512 568 326 751 784 493 350 471 246 585 235 689 575 813 508 665 417 945 185 365 473 752
436 0 432 676 759 181 254 595 642 698 809 382 340 836 489 589 698 271 428 741 970 461 320 386 738 213 765 378 397 785 666 840 226 292 499 984 498 612 346 644 365 209 895 1026 768 419 33 903 157 610 881 562 780 230 702 827 504 739 212 913 669 587 941 636 913 485 111 418 354 736 978 668 293 486 286 577 516 949 319 597 737 711 885 217 88 825 656 499 633 439 833 738 678 807 97 638 529 642 694 408
7 432 0 490 617 253 187 384 483 750 703 634 132 460 483 562 838 405 555 861 985 372 413 726 423 220 494 386 444 682 964 472 295 665 93 848 482 729 579 638 535 499 689 1004 611 753 435 910 383 830 802 563 908 519 299 587 780 410 221 787 316 880 914 238 948 796 327 286 693 845 895 619 486 673 344 932 350 888 513 572 333 755 790 492 346 478 253 588 242 690 582 817 514 671 412 945 192 372 479 751
483 676 490 0 130 584 494 105 44 392 223 558 428 366 250 219 541 429 400 537 544 216 845 710 210 556 147 311 324 207 817 349 696 717 420 359 238 449 521 266 446 564 221 540 122 717 701 473 526 625 326 253 579 565 390 159 661 237 541 298 279 748 454 374 527 715 582 265 689 514 412 211 469 502 393 875 165 413 470 224 402 386 308 548 629 299 385 362 355 582 172 463 37 183 726 814 309 146 44 728
611 759 617 130 0 689 604 233 135 321 95 576 545 463 285 208 481 496 418 466 425 303 956 729 317 664 230 381 375 83 789 442 806 754 550 237 274 408 548 216 476 619 160 413 25 730 787 357 603 593 197 247 503 615 513 177 654 345 648 171 403 730 330 502 416 715 675 371 713 442 282 153 517 495 473 871 277 284 510 206 521 310 177 603 723 389 512 361 483 586 198 386 102 55 820 792 439 274 158 744
258 181 253 584 689 0 96 489 559 708 756 472 182 681 458 558 748 276 456 784 973 388 272 524 603 36 646 337 379 732 790 688 123 445 327 924 463 648 423 626 409 305 805 1015 693 555 182 901 191 695 842 541 828 328 535 722 613 599 45 855 518 707 926 470 924 611 89 319 490 774 940 632 340 549 248 727 419 919 370 567 571 719 839 303 93 680 488 514 469 532 724 762 595 742 165 766 376 518 593 548
190 254 187 494 604 96 0 396 471 653 675 466 88 588 392 488 712 246 418 743 911 308 352 545 507 63 551 274 325 652 794 595 202 479 245 840 396 607 413 560 383 318 713 947 606 573 264 838 200 678 765 476 788 339 448 628 612 503 51 772 424 710 856 383 865 621 144 232 511 730 862 559 322 525 198 751 330 845 352 498 483 662 760 312 174 585 402 467 380 525 629 712 507 657 259 773 282 422 500 569
378 595 384 105 233 489 396 0 104 445 323 534 325 336 238 252 579 369 385 584 631 157 744 680 185 459 174 256 286 304 822 325 597 672 317 464 228 478 490 317 416 508 318 635 227 692 618 557 453 639 425 275 629 514 316 234 654 203 445 403 209 748 547 289 606 700 496 177 655 562 514 274 424 500 322 860 81 512 430 259 335 442 409 493 541 286 302 365 270 568 238 517 131 287 637 815 208 83 104 701
477 642 483 44 135 559 471 104 0 358 220 515 410 401 207 179 504 391 357 502 528 181 823 666 244 533 189 273 282 201 774 385 674 675 420 371 195 410 478 231 403 524 252 531 135 674 669 455 490 584 322 212 545 525 411 201 618 269 517 306 300 705 443 389 506 671 552 240 646 479 413 179 428 459 358 831 143 408 427 184 426 353 307 508 600 337 401 319 370 539 214 431 36 190 696 771 311 166 85 685
746 698 750 392 321 708 653 445 358 0 273 376 635 757 267 197 161 439 270 146 272 380 975 510 601 697 532 379 330 262 489 740 831 571 717 408 268 120 378 128 335 501 464 335 346 498 731 208 550 294 265 188 187 487 761 498 391 627 680 349 653 444 259 729 216 459 656 465 507 123 339 181 406 260 461 600 424 294 382 188 779 18 291 490 701 690 744 199 711 355 518 73 356 321 784 498 625 521 435 517
697 809 703 223 95 756 675 323 220 273 0 583 623 552 321 226 434 539 432 410 333 368 1026 733 409 733 320 432 414 24 759 530 875 770 640 176 312 378 563 201 496 651 194 318 112 730 839 268 652 562 103 261 442 644 607 253 641 438 717 105 497 708 235 597 329 705 733 444 722 386 192 150 547 488 527 857 356 190 535 220 615 259 87 636 782 477 606 365 578 584 274 329 192 57 877 765 530 368 252 746
633 382 634 558 576 472 466 534 515 376 583 0 501 863 308 368 327 229 159 374 636 383 697 153 719 479 696 294 250 561 330 856 576 196 649 751 320 264 54 383 119 175 735 708 595 159 414 580 281 229 619 329 409 153 790 714 147 735 465 682 709 246 635 735 572 171 390 418 139 375 705 434 147 120 292 327 463 664 123 370 821 392 635 172 421 820 755 217 722 60 728 392 539 607 479 312 608 613 596 170
132 340 132 428 545 182 88 325 410 635 623 501 0 500 368 456 712 272 425 738 881 266 419 598 422 147 471 261 318 601 832 507 274 542 165 781 369 605 447 530 403 373 643 909 545 624 351 807 261 699 717 451 785 392 362 552 648 417 138 715 336 748 819 297 840 665 229 181 565 723 814 520 354 542 212 804 268 800 380 466 397 641 709 364 261 498 316 463 293 557 552 699 445 600 346 813 194 342 429 622
453 836 460 366 463 681 588 336 401 757 552 863 500 0 574 577 904 671 719 902 885 481 873 1002 157 645 233 572 613 545 1158 26 751 980 368 611 564 808 815 632 744 808 415 860 441 1017 850 819 724 975 647 606 945 818 168 310 988 134 638 580 168 1083 785 223 879 1032 725 458 975 879 708 576 739 836 611 1190 401 727 751 583 142 751 619 794 761 77 210 701 218 901 291 829 401 497 846 1151 307 254 323 1024
480 489 483 250 285 458 392 238 207 267 321 308 368 574 0 102 365 218 151 382 519 118 730 460 423 442 390 121 93 297 584 563 581 473 456 497 12 257 272 168 197 334 438 557 300 467 519 445 332 404 393 84 429 330 534 407 417 442 425 426 436 510 468 491 474 467 421 199 440 364 491 180 232 262 214 627 183 465 226 111 559 273 396 319 469 522 509 129 474 334 421 334 233 327 561 577 375 320 288 478
558 589 562 219 208 558 488 252 179 197 226 368 456 577 102 0 328 318 211 332 426 191 830 521 421 541 366 222 192 203 599 563 680 549 523 402 95 231 342 75 272 425 367 458 228 522 620 351 432 406 291 39 377 418 567 359 451 444 523 330 460 533 368 533 386 509 523 278 506 311 389 79 321 291 315 668 228 363 309 10 587 197 297 410 570 516 549 153 515 379 376 269 190 241 663 598 429 331 263 536
835 698 838 541 481 748 712 579 504 161 434 327 712 904 365 328 0 472 294 50 334 483 1001 426 748 745 685 452 394 423 339 888 866 508 819 557 370 109 353 275 342 490 625 420 506 406 731 297 569 158 414 305 83 469 892 657 283 772 728 504 787 308 368 853 268 350 681 561 433 62 471 335 414 213 513 470 543 422 385 322 913 175 443 481 720 840 870 250 836 284 676 113 507 482 792 352 740 659 585 426
404 271 405 429 496 276 246 369 391 439 539 229 272 671 218 318 472 0 179 508 709 215 537 340 542 273 543 118 126 515 559 667 396 310 422 715 228 372 175 374 137 140 640 760 508 362 303 640 115 433 609 291 552 148 576 587 376 551 257 644 507 476 673 517 655 395 217 213 310 498 707 397 82 279 65 542 288 678 108 326 609 451 614 125 262 639 538 241 506 285 597 489 424 542 349 541 391 436 456 364
553 428 555 400 418 456 418 385 357 270 432 159 425 719 151 211 294 179 0 328 542 242 714 312 570 451 540 174 117 410 443 709 575 339 550 605 162 193 131 238 68 234 577 601 437 317 462 476 284 279 480 173 373 222 663 555 270 588 435 535 572 365 519 613 485 317 393 297 295 318 572 282 136 124 220 477 320 537 113 215 690 284 493 221 436 670 632 74 598 184 570 312 380 452 516 433 489 466 439 330
858 741 861 537 466 784 743 584 502 146 410 374 738 902 382 332 50 508 328 0 284 500 1040 476 746 779 678 477 421 402 380 885 903 558 838 522 385 136 397 271 381 533 604 371 491 456 774 251 608 206 380 314 47 514 899 643 333 771 762 473 792 355 324 863 218 400 719 580 483 24 431 327 454 258 544 516 554 381 425 324 919 156 411 524 760 836 879 276 846 333 663 81 502 462 834 396 754 662 580 477
980 970 985 544 425 973 911 631 528 272 333 636 881 885 519 426 334 709 542 284 0 616 1243 754 741 959 652 638 594 342 653 863 1096 828 937 339 516 372 646 352 607 773 498 93 445 737 1003 75 821 491 241 435 277 757 934 581 616 770 942 326 823 638 106 917 66 684 925 703 758 273 221 367 678 516 725 799 638 177 653 415 944 259 273 761 971 809 928 471 898 605 601 244 509 388 1056 673 834 690 579 757
367 461 372 216 303 388 308 157 181 380 368 383 266 481 118 191 483 215 242 500 616 0 658 525 338 366 329 99 133 344 685 473 508 516 338 537 114 375 336 266 264 353 434 644 310 538 488 542 310 514 456 192 547 358 422 373 510 352 349 467 330 607 553 376 577 551 373 86 500 482 554 254 267 364 177 710 80 537 275 201 449 384 452 338 421 438 394 242 360 421 382 449 217 355 517 675 257 231 241 546
420 320 413 845 956 272 352 744 823 975 1026 697 419 873 730 830 1001 537 714 1040 1243 658 0 703 828 293 887 608 649 1003 984 886 151 605 506 1192 735 906 656 897 659 522 1062 1287 958 737 291 1171 432 926 1113 812 1082 545 709 971 824 818 309 1124 727 906 1197 650 1191 804 321 584 672 1032 1211 904 587 793 518 885 681 1191 616 839 742 986 1110 526 280 890 664 778 656 755 970 1025 859 1010 224 956 592 759 848 724
727 386 726 710 729 524 545 680 666 510 733 153 598 1002 460 521 426 340 312 476 754 525 703 0 863 540 845 430 394 713 282 996 607 103 757 899 472 391 190 532 265 227 888 834 749 34 413 706 345 285 763 482 501 206 916 866 152 876 530 831 843 208 767 858 689 106 435 548 34 483 846 586 264 251 405 207 605 803 251 523 948 527 782 234 451 963 878 369 846 154 880 513 692 759 480 253 731 756 746 25
416 738 423 210 317 603 507 185 244 601 409 719 422 157 423 421 748 542 570 746 741 338 828 863 0 569 96 434 470 399 1005 142 692 850 333 495 412 652 674 475 601 681 305 725 297 876 757 673 610 820 509 450 788 689 210 192 839 29 558 453 116 932 645 223 731 885 631 332 837 723 579 421 603 685 487 1045 258 593 612 427 210 596 483 667 672 100 224 548 207 753 180 673 246 357 764 999 236 107 168 884
224 213 220 556 664 36 63 459 533 697 733 479 147 645 442 541 745 273 451 779 959 366 293 540 569 0 614 321 368 710 802 653 142 466 292 900 446 643 428 610 408 318 776 999 667 571 216 887 200 699 821 526 824 340 500 691 623 564 17 831 483 718 909 435 911 624 112 293 507 768 919 613 342 550 237 745 391 900 372 550 535 707 818 314 126 645 453 506 433 539 693 754 569 718 201 779 341 485 563 565
487 765 494 147 230 646 551 174 189 532 320 696 471 233 390 366 685 543 540 678 652 329 887 845 96 614 0 428 453 312 963 213 745 844 409 399 378 596 655 410 580 682 210 632 208 855 787 586 626 772 417 400 719 687 305 98 805 124 602 357 206 894 553 314 646 857 663 348 822 655 484 351 595 647 496 1017 256 499 599 370 306 525 390 667 707 160 318 507 297 724 89 603 178 265 802 960 302 129 104 865
384 378 386 311 381 337 274 256 273 379 432 294 261 572 121 222 452 118 174 477 638 99 608 430 434 321 428 0 58 408 610 566 460 417 377 607 127 344 244 289 176 254 523 678 392 446 407 565 222 453 510 204 524 259 497 469 430 447 304 536 415 529 589 444 591 465 302 126 404 462 609 298 169 297 95 621 177 585 179 231 527 388 512 239 350 534 463 202 430 338 479 440 306 430 444 597 318 327 338 452
442 397 444 324 375 379 325 286 282 330 414 250 318 613 93 192 394 126 117 421 594 133 649 394 470 368 453 58 0 390 557 606 502 393 434 590 103 287 204 251 131 244 525 640 389 406 428 523 240 396 484 167 468 243 548 483 380 484 350 519 461 478 552 497 544 419 334 181 370 407 581 271 146 241 132 577 213 554 147 200 577 339 488 229 381 570 516 145 482 289 495 388 312 419 472 546 372 363 357 415
676 785 682 207 83 732 652 304 201 262 24 561 601 545 297 203 423 515 410 402 342 344 1003 713 399 710 312 408 390 0 745 524 852 749 620 200 288 362 541 181 474 628 202 333 104 710 815 275 628 547 121 238 435 621 594 251 623 428 693 128 483 692 248 581 334 687 709 422 700 378 214 128 524 469 503 839 335 208 512 197 603 248 109 613 758 471 591 344 562 564 272 321 174 60 853 750 512 353 239 726
963 666 964 817 789 790 794 822 774 489 759 330 832 1158 584 599 339 559 443 380 653 685 984 282 1005 802 963 610 557 745 0 1147 882 383 977 894 594 383 385 573 436 485 944 745 813 248 694 630 602 197 751 563 377 462 1105 956 184 1025 789 838 1015 84 704 1053 589 181 703 736 313 399 810 636 477 322 622 168 762 760 452 596 1133 505 779 487 725 1105 1073 458 1039 275 974 451 789 802 761 32 928 904 859 263
465 840 472 349 442 688 595 325 385 740 530 856 507 26 563 563 888 667 709 885 863 473 886 996 142 653 213 566 606 524 1147 0 761 977 380 586 553 793 809 615 737 805 390 837 420 1011 855 798 725 962 625 592 927 815 186 286 979 122 645 556 171 1073 762 237 858 1024 730 455 970 862 684 559 734 826 609 1182 393 704 745 568 162 734 596 792 767 53 226 689 230 892 267 811 384 475 853 1140 313 244 305 1018
301 226 295 696 806 123 202 597 674 831 875 576 274 751 581 680 866 396 575 903 1096 508 151 607 692 142 745 460 502 852 882 761 0 517 384 1042 586 768 530 749 524 403 915 1138 808 639 208 1024 299 804 963 664 946 426 593 826 712 684 159 973 597 801 1049 531 1046 701 187 434 573 893 1061 754 453 662 371 802 532 1041 483 690 628 841 960 404 157 761 547 636 533 636 827 884 710 859 153 856 457 616 701 629
667 292 665 717 754 445 479 672 675 571 770 196 542 980 473 549 508 310 339 558 828 516 605 103 850 466 844 417 393 749 383 977 517 0 706 942 485 458 207 573 277 175 910 903 771 136 317 775 282 379 812 511 587 162 880 876 249 860 457 872 816 311 831 819 764 208 356 523 79 562 900 621 249 313 370 285 593 860 248 553 914 588 828 187 364 948 839 406 809 225 888 585 704 790 383 353 694 743 750 120
86 499 93 420 550 327 245 317 420 717 640 649 165 368 456 523 819 422 550 838 937 338 506 757 333 292 409 377 434 620 977 380 384 706 0 776 453 711 595 598 542 534 609 949 542 781 506 862 425 829 741 530 885 552 210 503 794 318 288 718 224 894 860 147 905 817 389 259 725 820 831 571 503 673 357 962 299 828 527 533 246 720 726 525 416 385 164 572 150 702 497 787 448 603 491 961 111 292 404 781
842 984 848 359 237 924 840 464 371 408 176 751 781 611 497 402 557 715 605 522 339 537 1192 899 495 900 399 607 590 200 894 586 1042 942 776 0 488 525 735 369 670 827 196 278 238 893 1014 305 827 702 143 436 542 820 704 305 795 523 884 72 601 852 236 708 369 862 906 608 889 500 120 325 723 649 701 1007 514 163 710 395 704 391 118 812 955 534 713 536 690 746 321 444 337 183 1050 905 664 488 372 910
479 498 482 238 274 463 396 228 195 268 312 320 369 564 12 95 370 228 162 385 516 114 735 472 412 446 378 127 103 288 594 553 586 485 453 488 0 263 284 164 209 345 427 552 289 479 528 442 341 412 385 82 432 342 527 395 428 432 429 416 427 520 463 485 472 478 428 197 452 367 483 172 244 273 221 639 176 458 238 104 551 273 388 330 476 512 502 137 468 346 409 335 221 316 569 587 370 311 276 490
726 612 729 449 408 648 607 478 410 120 378 264 605 808 257 231 109 372 193 136 372 375 906 391 652 643 596 344 287 362 383 793 768 458 711 525 263 0 276 192 248 408 561 445 432 379 646 317 475 186 383 203 182 390 787 577 271 675 626 463 684 330 376 747 309 339 585 452 390 126 459 255 322 145 408 483 437 414 294 226 810 138 407 397 627 747 764 142 730 238 596 129 418 419 704 388 632 559 493 398
579 346 579 521 548 423 413 490 478 378 563 54 447 815 272 342 353 175 131 397 646 336 656 190 674 428 655 244 204 541 385 809 530 207 595 735 284 276 0 367 75 137 706 713 567 202 379 586 233 273 608 304 435 117 738 678 201 688 414 665 659 301 636 682 584 224 344 367 168 395 698 413 93 140 238 377 416 659 69 346 769 394 622 130 377 774 702 200 670 112 692 405 504 583 441 366 555 567 557 211
633 644 638 266 216 626 560 317 231 128 201 383 530 632 168 75 275 374 238 271 352 266 897 532 475 610 410 289 251 181 573 615 749 573 598 369 164 192 367 0 305 467 372 390 240 529 676 278 489 376 242 85 314 457 633 386 442 500 593 299 525 515 301 603 311 506 585 353 522 248 337 63 364 287 380 660 301 305 347 65 652 126 255 453 632 566 617 167 584 383 405 201 232 233 723 576 502 393 310 545
534 365 535 446 476 409 383 416 403 335 496 119 403 744 197 272 342 137 68 381 607 264 659 265 601 408 580 176 131 474 436 737 524 277 542 670 209 248 75 305 0 167 633 668 494 275 398 543 227 297 547 236 423 154 673 604 254 616 392 600 590 354 587 619 549 289 339 302 243 374 640 346 73 143 191 446 344 605 46 277 703 350 559 154 379 701 639 142 606 163 617 373 430 513 455 422 493 494 482 285
501 209 499 564 619 305 318 508 524 501 651 175 373 808 334 425 490 140 234 533 773 353 522 227 681 318 682 254 244 628 485 805 403 175 534 827 345 408 137 467 167 0 769 835 633 255 242 709 119 405 709 392 572 24 706 723 310 690 306 755 643 402 754 644 713 307 219 351 193 530 804 503 104 277 197 433 428 770 121 431 739 516 719 15 246 778 665 308 635 234 733 535 555 661 305 461 520 575 593 251
682 895 689 221 160 805 713 318 252 464 194 735 643 415 438 367 625 640 577 604 498 434 1062 888 305 776 210 523 525 202 944 390 915 910 609 196 427 561 706 372 633 769 0 456 139 890 921 444 742 746 259 406 635 768 514 113 813 332 761 173 416 887 392 524 509 874 803 486 872 580 298 311 670 655 610 1030 386 326 664 366 512 451 225 754 850 338 528 520 507 746 127 522 217 143 947 948 499 318 214 904
999 1026 1004 540 413 1015 947 635 531 335 318 708 909 860 557 458 420 760 601 371 93 644 1287 834 725 999 632 678 640 333 745 837 1138 903 949 278 552 445 713 390 668 835 456 0 429 818 1059 128 874 577 216 474 368 821 925 551 700 753 982 283 815 726 91 915 156 768 974 729 835 358 160 389 737 590 769 888 655 133 714 449 932 319 242 823 1020 783 924 528 896 682 571 321 507 368 1109 764 842 686 571 838
605 768 611 122 25 693 606 227 135 346 112 595 545 441 300 228 506 508 437 491 445 310 958 749 297 667 208 392 389 104 813 420 808 771 542 238 289 432 567 240 494 633 139 429 0 750 796 378 614 617 213 267 528 631 496 152 676 326 652 176 387 754 348 488 438 736 682 374 732 467 293 177 532 517 482 894 277 299 526 227 503 335 190 618 730 367 497 382 470 608 173 411 99 63 827 816 431 261 143 765
753 419 753 717 730 555 573 692 674 498 730 159 624 1017 467 522 406 362 317 456 737 538 737 34 876 571 855 446 406 710 248 1011 639 136 781 893 479 379 202 529 275 255 890 818 750 0 446 691 374 260 756 483 478 234 936 872 126 890 560 826 860 175 753 878 671 73 466 566 66 464 836 584 283 244 427 181 618 792 267 524 968 516 776 261 483 976 898 369 867 147 887 497 698 758 513 219 752 769 755 21
439 33 435 701 787 182 264 618 669 731 839 414 351 850 519 620 731 303 462 774 1003 488 291 413 757 216 787 407 428 815 694 855 208 317 506 1014 528 646 379 676 398 242 921 1059 796 446 0 936 188 643 912 594 814 263 711 851 535 757 218 942 684 616 974 646 946 513 126 441 381 769 1009 699 326 519 314 600 540 981 352 628 747 744 916 250 90 842 665 532 643 471 857 771 704 836 67 666 542 663 718 434
905 903 910 473 357 901 838 557 455 208 268 580 807 819 445 351 297 640 476 251 75 542 1171 706 673 887 586 565 523 275 630 798 1024 775 862 305 442 317 586 278 543 709 444 128 378 691 936 0 753 455 185 361 256 694 863 519 574 702 870 278 752 606 75 844 66 642 855 628 707 235 194 292 612 462 654 767 564 144 589 341 874 193 219 697 901 745 856 404 825 554 540 194 437 324 988 647 760 619 509 710
385 157 383 526 603 191 200 453 490 550 652 281 261 724 332 432 569 115 284 608 821 310 432 345 610 200 626 222 240 628 602 725 299 282 425 827 341 475 233 489 227 119 742 874 614 374 188 753 0 506 724 406 651 141 608 681 423 615 187 756 557 518 788 545 767 425 112 280 312 600 821 511 155 363 133 552 372 793 185 441 643 563 728 115 152 703 565 351 537 341 688 596 525 651 235 579 425 509 548 370
829 610 830 625 593 695 678 639 584 294 562 229 699 975 404 406 158 433 279 206 491 514 926 285 820 699 772 453 396 547 197 962 804 379 829 702 412 186 273 376 297 405 746 577 617 260 643 455 506 0 559 372 221 382 936 760 134 841 684 643 839 152 525 889 425 197 617 576 300 220 624 439 358 157 487 312 586 575 328 403 962 311 585 401 650 918 907 275 873 172 779 265 596 604 707 204 767 722 668 281
797 881 802 326 197 842 765 425 322 265 103 619 717 647 393 291 414 609 480 380 241 456 1113 763 509 821 417 510 484 121 751 625 963 812 741 143 385 383 608 242 547 709 259 216 213 756 912 185 724 559 0 320 402 700 709 341 655 538 804 96 600 709 138 700 251 722 812 537 756 358 98 213 606 512 605 865 454 87 590 283 716 248 34 695 861 571 709 408 681 610 361 302 294 152 954 761 632 471 355 773
559 562 563 253 247 541 476 275 212 188 261 329 451 606 84 39 305 291 173 314 435 192 812 482 450 526 400 204 167 238 563 592 664 511 530 436 82 203 304 85 236 392 406 474 267 483 594 361 406 372 320 0 360 384 587 397 413 473 509 365 483 496 386 550 390 471 501 277 467 294 416 111 288 253 295 629 241 387 274 42 609 192 328 377 548 547 566 114 532 340 413 257 226 279 639 561 441 357 296 497
905 780 908 579 503 828 788 629 545 187 442 409 785 945 429 377 83 552 373 47 277 547 1082 501 788 824 719 524 468 435 377 927 946 587 885 542 432 182 435 314 423 572 635 368 528 478 814 256 651 221 402 360 0 552 944 680 353 814 807 497 837 363 331 909 212 418 762 627 511 66 444 368 496 295 590 523 601 393 466 369 964 194 435 564 802 877 925 323 892 364 700 117 544 495 874 396 800 706 622 499
520 230 519 565 615 328 339 514 525 487 644 153 392 818 330 418 469 148 222 514 757 358 545 206 689 340 687 259 243 621 462 815 426 162 552 820 342 390 117 457 154 24 768 821 631 234 263 694 141 382 700 384 552 0 720 725 286 699 328 748 654 379 740 659 697 284 243 361 173 511 793 495 98 257 208 413 434 758 110 424 753 502 711 28 270 787 679 296 649 211 736 518 555 656 327 438 534 583 595 231
292 702 299 390 513 535 448 316 411 761 607 790 362 168 534 567 892 576 663 899 934 422 709 916 210 500 305 497 548 594 1105 186 593 880 210 704 527 787 738 633 673 706 514 925 496 936 711 863 608 936 709 587 944 720 0 402 927 183 495 660 111 1025 842 65 916 961 590 372 886 878 785 588 653 786 512 1115 351 795 671 575 36 759 686 694 621 210 47 662 71 836 388 834 426 558 700 1093 186 245 355 940
579 827 587 159 177 722 628 234 201 498 253 714 552 310 407 359 657 587 555 643 581 373 971 866 192 691 98 469 483 251 956 286 826 876 503 305 395 577 678 386 604 723 113 551 152 872 851 519 681 760 341 397 680 725 402 0 809 219 677 270 304 892 478 413 582 866 729 410 846 619 398 323 629 649 548 1025 311 418 629 360 400 487 311 708 775 233 415 510 395 734 21 564 175 196 871 956 395 215 133 884
780 504 780 661 654 613 612 654 618 391 641 147 648 988 417 451 283 376 270 333 616 510 824 152 839 623 805 430 380 623 184 979 712 249 794 795 428 271 201 442 254 310 813 700 676 126 535 574 423 134 655 413 353 286 927 809 0 857 609 732 840 100 640 874 550 69 529 556 170 343 729 502 294 160 438 217 589 683 268 451 956 408 678 310 555 939 893 300 860 92 826 380 637 675 601 168 748 735 702 147
402 739 410 237 345 599 503 203 269 627 438 735 417 134 442 444 772 551 588 771 770 352 818 876 29 564 124 447 484 428 1025 122 684 860 318 523 432 675 688 500 616 690 332 753 326 890 757 702 615 841 538 473 814 699 183 219 857 0 554 481 96 951 673 201 759 902 631 340 850 748 608 447 615 704 495 1061 272 621 626 451 181 622 512 676 671 88 200 568 186 770 206 699 273 386 761 1018 227 122 195 898
225 212 221 541 648 45 51 445 517 680 717 465 138 638 425 523 728 257 435 762 942 349 309 530 558 17 602 304 350 693 789 645 159 457 288 884 429 626 414 593 392 306 761 982 652 560 218 870 187 684 804 509 807 328 495 677 609 554 0 815 475 705 892 430 894 612 107 277 496 751 903 596 327 534 220 735 376 883 357 533 530 690 801 302 127 636 448 489 428 525 679 737 553 702 208 766 332 473 549 554
781 913 787 298 171 855 772 403 306 349 105 682 715 580 426 330 504 644 535 473 326 467 1124 831 453 831 357 536 519 128 838 556 973 872 718 72 416 463 665 299 600 755 173 283 176 826 942 278 756 643 96 365 497 748 660 270 732 481 815 0 554 793 221 658 344 798 836 540 821 450 128 253 652 583 630 946 447 153 639 324 662 333 62 741 884 503 665 466 640 680 289 393 273 116 979 847 607 434 316 843
309 669 316 279 403 518 424 209 300 653 497 709 336 168 436 460 787 507 572 792 823 330 727 843 116 483 206 415 461 483 1015 171 597 816 224 601 427 684 659 525 590 643 416 815 387 860 684 752 557 839 600 483 837 654 111 304 840 96 475 554 0 937 732 108 805 879 559 295 814 771 677 479 578 693 446 1035 253 685 593 468 127 650 577 630 596 164 112 564 92 750 293 726 315 449 683 1005 143 134 245 865
880 587 880 748 730 707 710 748 705 444 708 246 748 1083 510 533 308 476 365 355 638 607 906 208 932 718 894 529 478 692 84 1073 801 311 894 852 520 330 301 515 354 402 887 726 754 175 616 606 518 152 709 496 363 379 1025 892 100 951 705 793 937 0 676 973 572 103 621 655 236 371 776 577 394 248 538 161 685 727 368 532 1054 461 735 404 644 1032 992 387 959 192 909 418 722 747 683 68 847 829 790 192
909 941 914 454 330 926 856 547 443 259 235 635 819 785 468 368 368 673 519 324 106 553 1197 767 645 909 553 589 552 248 704 762 1049 831 860 236 463 376 636 301 587 754 392 91 348 753 974 75 788 525 138 386 331 740 842 478 640 673 892 221 732 676 0 829 135 708 886 638 766 306 121 299 654 519 681 837 565 73 632 359 850 243 168 741 933 709 839 446 810 613 499 260 420 288 1022 719 753 601 487 773
231 636 238 374 502 470 383 289 389 729 597 735 297 223 491 533 853 517 613 863 917 376 650 858 223 435 314 444 497 581 1053 237 531 819 147 708 485 747 682 603 619 644 524 915 488 878 646 844 545 889 700 550 909 659 65 413 874 201 430 658 108 973 829 0 895 906 525 318 827 843 781 562 595 737 453 1058 310 786 614 542 101 728 679 633 556 250 20 617 19 782 402 802 409 551 635 1041 127 228 345 881
944 913 948 527 416 924 865 606 506 216 329 572 840 879 474 386 268 655 485 218 66 577 1191 689 731 911 646 591 544 334 589 858 1046 764 905 369 472 309 584 311 549 713 509 156 438 671 946 66 767 425 251 390 212 697 916 582 550 759 894 344 805 572 135 895 0 618 872 664 693 207 256 335 620 453 676 733 607 207 595 376 929 205 285 702 917 805 907 415 876 540 603 180 491 386 1000 608 805 671 565 691
796 485 796 715 715 611 621 700 671 459 705 171 665 1032 467 509 350 395 317 400 684 551 804 106 885 624 857 465 419 687 181 1024 701 208 817 862 478 339 224 506 289 307 874 768 736 73 513 642 425 197 722 471 418 284 961 866 69 902 612 798 879 103 708 906 618 0 524 589 133 411 797 565 314 219 460 160 631 752 292 510 992 477 744 310 544 986 926 356 893 133 882 449 692 738 580 155 779 780 754 92
330 111 327 582 675 89 144 496 552 656 733 390 229 725 421 523 681 217 393 719 925 373 321 435 631 112 663 302 334 709 703 730 187 356 389 906 428 585 344 585 339 219 803 974 682 466 126 855 112 617 812 501 762 243 590 729 529 631 107 836 559 621 886 525 872 524 0 319 401 711 911 600 267 476 208 638 419 886 297 532 626 667 814 219 48 716 545 458 521 450 734 705 588 726 145 679 418 538 597 459
282 418 286 265 371 319 232 177 240 465 444 418 181 458 199 278 561 213 297 580 703 86 584 548 332 293 348 126 181 422 736 455 434 523 259 608 197 452 367 353 302 351 486 729 374 566 441 628 280 576 537 277 627 361 372 410 556 340 277 540 295 655 638 318 664 589 319 0 520 563 634 339 284 422 155 743 100 619 299 288 402 469 530 337 365 428 337 313 304 464 415 532 276 425 462 723 192 229 278 571
694 354 693 689 713 490 511 655 646 507 722 139 565 975 440 506 433 310 295 483 758 500 672 34 837 507 822 404 370 700 313 970 573 79 725 889 452 390 168 522 243 193 872 835 732 66 381 707 312 300 756 467 511 173 886 846 170 850 496 821 814 236 766 827 693 133 401 520 0 488 841 573 236 247 374 240 579 799 225 508 919 524 774 201 418 937 848 356 816 153 860 515 672 745 448 285 701 730 725 58
842 736 845 514 442 774 730 562 479 123 386 375 723 879 364 311 62 498 318 24 273 482 1032 483 723 768 655 462 407 378 399 862 893 562 820 500 367 126 395 248 374 530 580 358 467 464 769 235 600 220 358 294 66 511 878 619 343 748 751 450 771 371 306 843 207 411 711 563 488 0 411 304 447 257 532 532 534 361 418 303 897 132 388 520 752 813 859 263 825 337 639 58 479 438 828 414 734 640 557 485
889 978 895 412 282 940 862 514 413 339 192 705 814 708 491 389 471 707 572 431 221 554 1211 846 579 919 484 609 581 214 810 684 1061 900 831 120 483 459 698 337 640 804 298 160 293 836 1009 194 821 624 98 416 444 793 785 398 729 608 903 128 677 776 121 781 256 797 911 634 841 411 0 311 701 595 703 935 548 51 683 381 789 321 105 790 959 631 789 499 762 692 417 359 383 230 1052 823 721 554 436 855
614 668 619 211 153 632 559 274 179 181 150 434 520 576 180 79 335 397 282 327 367 254 904 586 421 613 351 298 271 128 636 559 754 621 571 325 172 255 413 63 346 503 311 389 177 584 699 292 511 439 213 111 368 495 588 323 502 447 596 253 479 577 299 562 335 565 600 339 573 304 311 0 399 345 392 720 272 287 385 71 605 175 218 488 648 509 576 217 544 439 342 253 175 174 741 639 470 345 254 600
486 293 486 469 517 340 322 424 428 406 547 147 354 739 232 321 414 82 136 454 678 267 587 264 603 342 595 169 146 524 477 734 453 249 503 723 244 322 93 364 73 104 670 737 532 283 326 612 155 358 606 288 496 98 653 629 294 615 327 652 578 394 654 595 620 314 267 284 236 447 701 399 0 209 146 462 346 667 30 328 685 420 615 89 306 703 615 209 583 204 640 446 458 558 382 459 469 496 501 287
672 486 673 502 495 549 525 500 459 260 488 120 542 836 262 291 213 279 124 258 516 364 793 251 685 550 647 297 241 469 322 826 662 313 673 649 273 145 140 287 143 277 655 590 517 244 519 462 363 157 512 253 295 257 786 649 160 704 534 583 693 248 519 737 453 219 476 422 247 257 595 345 209 0 332 376 440 552 179 291 813 277 532 269 513 784 756 140 722 97 666 273 477 519 581 315 613 582 543 261
343 286 344 393 473 248 198 322 358 461 527 292 212 611 214 315 513 65 220 544 725 177 518 405 487 237 496 95 132 503 622 609 371 370 357 701 221 408 238 380 191 197 610 769 482 427 314 654 133 487 605 295 590 208 512 548 438 495 220 630 446 538 681 453 676 460 208 155 374 532 703 392 146 332 0 607 240 679 170 324 545 471 606 183 256 583 473 270 442 347 556 517 392 522 350 604 327 383 415 429
933 577 932 875 871 727 751 860 831 600 857 327 804 1190 627 668 470 542 477 516 799 710 885 207 1045 745 1017 621 577 839 168 1182 802 285 962 1007 639 483 377 660 446 433 1030 888 894 181 600 767 552 312 865 629 523 413 1115 1025 217 1061 735 946 1035 161 837 1058 733 160 638 743 240 532 935 720 462 376 607 0 790 887 444 667 1146 617 890 441 649 1145 1078 515 1045 293 1041 578 852 892 666 138 931 939 915 182
344 516 350 165 277 419 330 81 143 424 356 463 268 401 183 228 543 288 320 554 638 80 681 605 258 391 256 177 213 335 762 393 532 593 299 514 176 437 416 301 344 428 386 655 277 618 540 564 372 586 454 241 601 434 351 311 589 272 376 447 253 685 565 310 607 631 419 100 579 534 548 272 346 440 240 790 0 539 354 237 376 425 443 413 466 358 327 312 293 500 318 496 178 332 562 753 201 151 178 626
882 949 888 413 284 919 845 512 408 294 190 664 800 727 465 363 422 678 537 381 177 537 1191 803 593 900 499 585 554 208 760 704 1041 860 828 163 458 414 659 305 605 770 326 133 299 792 981 144 793 575 87 387 393 758 795 418 683 621 883 153 685 727 73 786 207 752 886 619 799 361 51 287 667 552 679 887 539 0 649 354 801 276 109 756 934 651 795 463 767 648 438 310 381 236 1025 774 719 558 441 811
512 319 513 470 510 370 352 430 427 382 535 123 380 751 226 309 385 108 113 425 653 275 616 251 612 372 599 179 147 512 452 745 483 248 527 710 238 294 69 347 46 121 664 714 526 267 352 589 185 328 590 274 466 110 671 629 268 626 357 639 593 368 632 614 595 292 297 299 225 418 683 385 30 179 170 444 354 649 0 315 702 396 600 108 336 712 634 187 602 177 641 419 456 549 410 434 487 505 503 273
568 597 572 224 206 567 498 259 184 188 220 370 466 583 111 10 322 326 215 324 415 201 839 523 427 550 370 231 200 197 596 568 690 553 533 395 104 226 346 65 277 431 366 449 227 524 628 341 441 403 283 42 369 424 575 360 451 451 533 324 468 532 359 542 376 510 532 288 508 303 381 71 328 291 324 667 237 354 315 0 595 188 289 417 579 521 557 155 524 380 378 260 193 237 672 596 438 338 267 538
326 737 333 402 521 571 483 335 426 779 615 821 397 142 559 587 913 609 690 919 944 449 742 948 210 535 306 527 577 603 1133 162 628 914 246 704 551 810 769 652 703 739 512 932 503 968 747 874 643 962 716 609 964 753 36 400 956 181 530 662 127 1054 850 101 929 992 626 402 919 897 789 605 685 813 545 1146 376 801 702 595 0 777 691 727 657 193 82 687 106 865 385 852 438 564 735 1122 219 260 365 972
751 711 755 386 310 719 662 442 353 18 259 392 641 751 273 197 175 451 284 156 259 384 986 527 596 707 525 388 339 248 505 734 841 588 720 391 273 138 394 126 350 516 451 319 335 516 744 193 563 311 248 192 194 502 759 487 408 622 690 333 650 461 243 728 205 477 667 469 524 132 321 175 420 277 471 617 425 276 396 188 777 0 275 504 713 683 743 212 710 373 508 78 350 308 797 514 627 517 429 535
784 885 790 308 177 839 760 409 307 291 87 635 709 619 396 297 443 614 493 411 273 452 1110 782 483 818 390 512 488 109 779 596 960 828 726 118 388 407 622 255 559 719 225 242 190 776 916 219 728 585 34 328 435 711 686 311 678 512 801 62 577 735 168 679 285 744 814 530 774 388 105 218 615 532 606 890 443 109 600 289 691 275 0 705 862 542 687 422 660 629 331 331 278 128 956 789 616 451 333 793
493 217 492 548 603 303 312 493 508 490 636 172 364 794 319 410 481 125 221 524 761 338 526 234 667 314 667 239 229 613 487 792 404 187 525 812 330 397 130 453 154 15 754 823 618 261 250 697 115 401 695 377 564 28 694 708 310 676 302 741 630 404 741 633 702 310 219 337 201 520 790 488 89 269 183 441 413 756 108 417 727 504 705 0 249 764 653 295 623 232 718 525 540 646 311 464 508 561 578 259
350 88 346 629 723 93 174 541 600 701 782 421 261 761 469 570 720 262 436 760 971 421 280 451 672 126 707 350 381 758 725 767 157 364 416 955 476 627 377 632 379 246 850 1020 730 483 90 901 152 650 861 548 802 270 621 775 555 671 127 884 596 644 933 556 917 544 48 365 418 752 959 648 306 513 256 649 466 934 336 579 657 713 862 249 0 755 575 502 553 481 780 748 636 774 97 699 454 581 643 474
471 825 478 299 389 680 585 286 337 690 477 820 498 77 522 516 840 639 670 836 809 438 890 963 100 645 160 534 570 471 1105 53 761 948 385 534 512 747 774 566 701 778 338 783 367 976 842 745 703 918 571 547 877 787 210 233 939 88 636 503 164 1032 709 250 805 986 716 428 937 813 631 509 703 784 583 1145 358 651 712 521 193 683 542 764 755 0 243 647 240 854 214 761 334 422 844 1099 305 207 256 984
246 656 253 385 512 488 402 302 401 744 606 755 316 210 509 549 870 538 632 879 928 394 664 878 224 453 318 463 516 591 1073 226 547 839 164 713 502 764 702 617 639 665 528 924 497 898 665 856 565 907 709 566 925 679 47 415 893 200 448 665 112 992 839 20 907 926 545 337 848 859 789 576 615 756 473 1078 327 795 634 557 82 743 687 653 575 243 0 635 34 802 404 817 420 560 653 1060 147 239 354 902
585 499 588 362 361 514 467 365 319 199 365 217 463 701 129 153 250 241 74 276 471 242 778 369 548 506 507 202 145 344 458 689 636 406 572 536 137 142 200 167 142 308 520 528 382 369 532 404 351 275 408 114 323 296 662 510 300 568 489 466 564 387 446 617 415 356 458 313 356 263 499 217 209 140 270 515 312 463 187 155 687 212 422 295 502 647 635 0 601 226 526 248 337 390 585 453 498 447 403 384
235 633 242 355 483 469 380 270 370 711 578 722 293 218 474 515 836 506 598 846 898 360 656 846 207 433 297 430 482 562 1039 230 533 809 150 690 468 730 670 584 606 635 507 896 470 867 643 825 537 873 681 532 892 649 71 395 860 186 428 640 92 959 810 19 876 893 521 304 816 825 762 544 583 722 442 1045 293 767 602 524 106 710 660 623 553 240 34 601 0 768 385 784 390 533 634 1027 115 210 326 870
689 439 690 582 586 532 525 568 539 355 584 60 557 901 334 379 284 285 184 333 605 421 755 154 753 539 724 338 289 564 275 892 636 225 702 746 346 238 112 383 163 234 746 682 608 147 471 554 341 172 610 340 364 211 836 734 92 770 525 680 750 192 613 782 540 133 450 464 153 337 692 439 204 97 347 293 500 648 177 380 865 373 629 232 481 854 802 226 768 0 750 362 560 613 536 260 656 648 621 164
575 833 582 172 198 724 629 238 214 518 274 728 552 291 421 376 676 597 570 663 601 382 970 880 180 693 89 479 495 272 974 267 827 888 497 321 409 596 692 405 617 733 127 571 173 887 857 540 688 779 361 413 700 736 388 21 826 206 679 289 293 909 499 402 603 882 734 415 860 639 417 342 640 666 556 1041 318 438 641 378 385 508 331 718 780 214 404 526 385 750 0 584 190 217 875 973 390 212 141 899
813 738 817 463 386 762 712 517 431 73 329 392 699 829 334 269 113 489 312 81 244 449 1025 513 673 754 603 440 388 321 451 811 884 585 787 444 335 129 405 201 373 535 522 321 411 497 771 194 596 265 302 257 117 518 834 564 380 699 737 393 726 418 260 802 180 449 705 532 515 58 359 253 446 273 517 578 496 310 419 260 852 78 331 525 748 761 817 248 784 362 584 0 428 380 828 464 697 594 506 517
508 678 514 37 102 595 507 131 36 356 192 539 445 401 233 190 507 424 380 502 509 217 859 692 246 569 178 306 312 174 789 384 710 704 448 337 221 418 504 232 430 555 217 507 99 698 704 437 525 596 294 226 544 555 426 175 637 273 553 273 315 722 420 409 491 692 588 276 672 479 383 175 458 477 392 852 178 381 456 193 438 350 278 540 636 334 420 337 390 560 190 428 0 157 732 787 338 181 78 710
665 807 671 183 55 742 657 287 190 321 57 607 600 497 327 241 482 542 452 462 388 355 1010 759 357 718 265 430 419 60 802 475 859 790 603 183 316 419 583 233 513 661 143 368 63 758 836 324 651 604 152 279 495 656 558 196 675 386 702 116 449 747 288 551 386 738 726 425 745 438 230 174 558 519 522 892 332 236 549 237 564 308 128 646 774 422 560 390 533 613 217 380 157 0 870 806 493 324 206 773
417 97 412 726 820 165 259 637 696 784 877 479 346 846 561 663 792 349 516 834 1056 517 224 480 764 201 802 444 472 853 761 853 153 383 491 1050 569 704 441 723 455 305 947 1109 827 513 67 988 235 707 954 639 874 327 700 871 601 761 208 979 683 683 1022 635 1000 580 145 462 448 828 1052 741 382 581 350 666 562 1025 410 672 735 797 956 311 97 844 653 585 634 536 875 828 732 870 0 733 540 675 740 501
945 638 945 814 792 766 773 815 771 498 765 312 813 1151 577 598 352 541 433 396 673 675 956 253 999 779 960 597 546 750 32 1140 856 353 961 905 587 388 366 576 422 461 948 764 816 219 666 647 579 204 761 561 396 438 1093 956 168 1018 766 847 1005 68 719 1041 608 155 679 723 285 414 823 639 459 315 604 138 753 774 434 596 1122 514 789 464 699 1099 1060 453 1027 260 973 464 787 806 733 0 915 897 856 233
185 529 192 309 439 376 282 208 311 625 530 608 194 307 375 429 740 391 489 754 834 257 592 731 236 341 302 318 372 512 928 313 457 694 111 664 370 632 555 502 493 520 499 842 431 752 542 760 425 767 632 441 800 534 186 395 748 227 332 607 143 847 753 127 805 779 418 192 701 734 721 470 469 613 327 931 201 719 487 438 219 627 616 508 454 305 147 498 115 656 390 697 338 493 540 915 0 181 293 755
365 642 372 146 274 518 422 83 166 521 368 613 342 254 320 331 659 436 466 662 690 231 759 756 107 485 129 327 363 353 904 244 616 743 292 488 311 559 567 393 494 575 318 686 261 769 663 619 509 722 471 357 706 583 245 215 735 122 473 434 134 829 601 228 671 780 538 229 730 640 554 345 496 582 383 939 151 558 505 338 260 517 451 561 581 207 239 447 210 648 212 594 181 324 675 897 181 0 118 777
473 694 479 44 158 593 500 104 85 435 252 596 429 323 288 263 585 456 439 580 579 241 848 746 168 563 104 338 357 239 859 305 701 750 404 372 276 493 557 310 482 593 214 571 143 755 718 509 548 668 355 296 622 595 355 133 702 195 549 316 245 790 487 345 565 754 597 278 725 557 436 254 501 543 415 915 178 441 503 267 365 429 333 578 643 256 354 403 326 621 141 506 78 206 740 856 293 118 0 765
752 408 751 728 744 548 569 701 685 517 746 170 622 1024 478 536 426 364 330 477 757 546 724 25 884 565 865 452 415 726 263 1018 629 120 781 910 490 398 211 545 285 251 904 838 765 21 434 710 370 281 773 497 499 231 940 884 147 898 554 843 865 192 773 881 691 92 459 571 58 485 855 600 287 261 429 182 626 811 273 538 972 535 793 259 474 984 902 384 870 164 899 517 710 773 501 233 755 777 765 0
