# TTSP Euclidean complete-graph matrix instance
# seed: 2084
# depot: 1
# L_max is not stored in this file; pass it with --budget when running algorithms.
# coordinate rows: node x y
# coord 1 434.466081 609.366650
# coord 2 323.921274 737.332864
# coord 3 211.385894 392.990552
# coord 4 108.804697 561.501089
# coord 5 963.054266 152.460719
# coord 6 160.379325 592.205350
# coord 7 536.652318 860.626764
# coord 8 297.724748 478.753506
# coord 9 345.302110 287.944419
# coord 10 347.000656 235.862291
# coord 11 775.288756 951.817530
# coord 12 756.211521 199.994754
# coord 13 871.429024 622.632956
# coord 14 978.726473 75.941723
# coord 15 224.629096 258.760582
# coord 16 168.559878 797.025995
# coord 17 220.515546 180.392315
# coord 18 344.375158 192.233634
# coord 19 337.438574 133.420724
# coord 20 637.023089 235.331144
# coord 21 31.299622 882.052792
# coord 22 970.623123 232.539461
# coord 23 72.547441 529.903782
# coord 24 797.331238 890.499670
# coord 25 260.158318 574.927050
# coord 26 489.756579 449.654809
# coord 27 784.009589 730.446403
# coord 28 78.594785 78.382997
# coord 29 188.695950 8.473155
# coord 30 497.950985 676.655412
# coord 31 397.564564 156.238934
# coord 32 893.837381 712.847236
# coord 33 916.808891 866.535605
# coord 34 332.681955 742.736759
# coord 35 594.874852 455.081197
# coord 36 163.853441 639.406734
# coord 37 106.501671 467.964532
# coord 38 619.601418 759.568029
# coord 39 786.178885 253.782380
# coord 40 411.224148 473.635432
# coord 41 658.705564 68.819276
# coord 42 204.887810 653.811079
# coord 43 21.735337 235.144112
# coord 44 759.536005 312.892373
# coord 45 752.434939 373.946275
# coord 46 749.908836 209.872359
# coord 47 246.131602 15.684696
# coord 48 716.815376 885.838593
# coord 49 240.697726 726.009876
# coord 50 235.276130 843.529457
# coord 51 400.631783 593.732994
# coord 52 979.377696 642.707101
# coord 53 337.274421 393.622826
# coord 54 433.038367 222.445603
# coord 55 617.267743 505.809023
# coord 56 423.239577 548.464227
# coord 57 14.393676 85.119133
# coord 58 784.675207 892.331141
# coord 59 81.826409 102.533706
# coord 60 178.863759 342.055458
# coord 61 473.597128 295.941587
# coord 62 181.006007 108.444771
# coord 63 655.357200 796.635852
# coord 64 105.174163 346.123161
# coord 65 53.646472 110.905784
# coord 66 562.936735 939.797760
# coord 67 637.386630 329.808694
# coord 68 140.563493 154.864024
# coord 69 596.613953 773.288324
# coord 70 293.934728 354.354216
# coord 71 212.403168 374.955320
# coord 72 214.565786 518.057467
# coord 73 697.288823 725.784879
# coord 74 553.293784 645.306650
# coord 75 588.536247 999.973464
# coord 76 846.835545 435.331349
# coord 77 776.342419 240.774993
# coord 78 138.889122 924.875759
# coord 79 941.635900 65.696197
# coord 80 9.494111 948.707194
# coord 81 782.577231 890.342352
# coord 82 640.207555 434.504501
# coord 83 910.192939 680.791638
# coord 84 803.968023 779.782451
# coord 85 619.190825 985.224745
# coord 86 924.925866 246.063874
# coord 87 446.024821 584.443738
# coord 88 811.552417 522.130840
# coord 89 81.456842 782.910441
# coord 90 887.364856 245.654666
# coord 91 16.246240 375.633219
# coord 92 788.786648 285.682928
# coord 93 823.253427 576.745757
# coord 94 23.863832 986.364576
# coord 95 856.220678 147.533961
# coord 96 939.021484 534.457395
# coord 97 651.021875 169.529449
# coord 98 134.105902 779.740491
# coord 99 990.331741 893.225353
# coord 100 634.063152 52.252907
# reference_nearest_neighbor_tour_cost: 10137
TTSP_MATRIX
100
0 31 27 62 84 74 3 4 98 39 44 80 93 19 25 65 27 61 43 18 20 62 81 63 83 30 10 12 55 80 45 1 90 77 43 33 94 8 34 2 4 96 41 91 22 34 43 7 56 23 48 34 9 28 98 2 8 6 67 73 69 1 51 90 26 49 51 7 54 24 22 19 75 2 38 63 56 28 41 58 63 49 4 52 97 94 100 99 83 51 45 35 98 1 98 19 45 18 5 66
0 169 311 329 699 275 271 189 334 384 483 521 437 762 409 325 479 427 486 425 487 655 371 459 178 169 370 639 649 93 455 471 547 168 223 272 357 238 500 138 585 234 557 440 396 509 623 395 226 307 37 546 237 387 210 62 672 450 617 370 316 561 290 422 627 355 345 541 231 291 323 238 287 124 420 448 503 432 744 544 447 270 481 407 419 610 27 387 393 581 479 480 390 557 625 510 490 345 624 592
169 0 362 278 866 219 246 260 450 502 500 690 559 931 489 166 566 545 604 592 326 820 326 498 174 332 460 703 741 184 586 570 607 10 391 188 346 297 669 278 748 145 586 608 562 678 726 420 84 138 163 662 344 526 374 213 722 486 679 421 466 645 337 448 682 313 514 611 275 384 379 245 374 247 373 604 672 263 913 379 484 438 589 482 386 776 196 533 247 748 475 648 525 390 794 648 655 194 684 752
311 362 0 197 789 206 570 122 170 208 794 578 699 830 135 406 213 241 289 454 521 776 195 769 188 284 665 341 385 403 301 754 850 370 388 251 129 549 591 215 552 261 247 554 541 569 379 706 334 451 276 808 126 280 421 263 366 760 318 60 280 286 600 116 323 650 431 248 541 91 18 125 589 425 715 637 585 537 800 591 757 431 756 708 719 729 303 614 411 692 196 587 639 622 690 741 493 394 926 543
329 278 197 0 947 60 522 206 362 403 772 742 765 996 324 243 397 438 485 621 330 922 48 763 152 397 696 484 559 406 498 799 864 288 498 95 94 548 744 315 738 133 338 697 670 731 563 689 211 309 294 874 284 469 512 315 486 752 460 230 451 459 595 215 454 591 577 408 532 278 213 114 611 452 650 749 741 365 969 400 750 546 810 729 663 875 338 704 223 840 208 734 715 433 854 831 669 220 942 732
699 866 789 947 0 915 827 741 632 622 821 212 479 78 746 1023 743 620 626 336 1183 80 967 756 820 559 605 888 788 701 566 565 716 864 477 936 913 698 204 638 316 909 945 259 306 221 730 774 922 1004 715 491 671 535 494 669 951 761 883 807 510 783 714 879 910 883 371 822 721 699 783 833 632 641 927 306 207 1130 89 1242 760 429 531 647 901 101 674 400 1084 120 973 219 447 1256 107 383 312 1040 741 344
275 219 206 60 915 0 462 178 356 402 712 713 712 968 340 205 416 440 492 595 317 886 108 703 101 359 639 520 584 348 496 743 805 229 456 47 135 489 711 277 723 76 383 661 631 703 583 629 156 262 240 821 266 459 465 266 528 693 496 251 431 484 536 252 493 532 544 438 472 273 223 92 553 396 591 704 709 333 942 387 690 505 755 670 604 839 286 655 206 805 260 699 663 417 826 781 648 189 883 718
271 246 570 522 827 462 0 450 604 653 255 696 411 901 678 374 750 695 754 633 506 763 570 262 398 414 280 906 920 188 718 387 380 236 410 433 582 131 656 407 801 391 810 591 532 685 893 182 325 302 300 493 508 647 364 332 935 250 884 630 568 832 135 671 892 83 540 809 106 561 584 470 210 216 149 526 665 403 892 534 248 439 415 279 149 727 291 436 462 708 711 628 403 528 781 518 700 411 455 814
189 260 122 206 741 178 450 0 197 248 672 537 591 791 232 343 308 290 348 418 483 717 231 647 103 194 548 456 483 282 338 640 731 266 298 209 192 427 538 114 546 198 368 491 467 526 466 584 254 370 154 701 94 290 321 144 485 639 434 181 254 388 478 234 441 532 371 360 420 124 134 92 470 305 597 551 535 474 765 551 636 345 645 589 600 669 182 516 373 634 300 528 535 577 649 644 470 343 807 543
334 450 170 362 632 356 604 197 0 52 791 420 624 668 124 539 165 96 155 296 672 628 365 753 299 217 623 339 320 418 142 694 813 455 300 396 299 546 442 197 382 392 328 415 416 412 290 704 450 566 311 727 106 109 348 272 388 747 322 175 129 243 596 247 341 687 295 244 547 84 159 265 562 413 752 523 434 670 636 741 744 329 688 673 749 581 313 522 561 544 341 443 558 769 530 643 328 535 885 373
384 502 208 403 622 402 653 248 52 0 834 411 652 652 124 589 138 44 103 290 719 624 402 795 350 257 660 311 277 466 94 726 850 507 331 443 334 590 440 246 354 441 325 420 428 404 242 748 502 618 362 752 158 87 382 322 365 789 297 199 140 209 640 266 319 736 305 222 593 130 194 312 602 458 801 538 429 720 619 789 786 354 718 710 797 578 362 546 608 540 359 445 586 817 517 663 311 584 920 341
483 500 794 772 821 712 255 672 791 834 0 752 343 899 885 626 950 873 928 730 747 745 820 65 638 578 222 1117 1111 391 881 267 165 490 528 687 825 247 698 601 891 644 1040 639 578 742 1075 88 580 551 518 370 710 806 473 535 1153 60 1096 853 722 1032 196 903 1108 213 637 1019 253 767 806 709 239 378 193 521 711 637 902 766 62 535 303 174 160 721 493 431 714 715 953 666 378 752 808 448 792 664 223 911
521 690 578 742 212 713 696 537 420 411 752 0 438 255 535 838 536 412 424 124 995 217 759 692 622 365 531 688 599 542 361 531 686 688 302 738 703 576 62 440 163 714 735 113 174 12 542 687 737 828 531 496 462 324 336 482 751 693 681 595 298 582 605 667 708 765 176 617 595 487 571 628 529 489 817 252 45 952 229 1057 691 262 505 582 797 175 494 327 892 139 761 92 383 1075 113 381 110 850 732 192
437 559 699 765 479 712 411 591 624 652 343 438 0 557 742 724 787 680 724 453 879 403 804 278 613 419 139 962 918 377 665 93 248 552 323 708 780 287 379 484 593 667 934 329 276 430 871 305 639 673 472 110 581 594 280 454 1012 283 946 747 515 861 277 815 965 442 375 868 313 637 704 665 202 319 472 189 394 792 561 922 282 298 70 171 442 380 427 117 806 377 890 347 67 922 475 111 504 754 296 618
762 931 830 996 78 968 901 791 668 652 899 255 557 0 776 1085 765 645 644 377 1244 157 1014 835 875 615 683 900 793 769 587 643 793 928 540 991 956 772 262 693 320 966 970 323 374 265 735 851 984 1069 776 567 716 565 562 729 964 839 897 843 551 798 790 914 926 959 425 842 795 739 823 883 708 711 1003 383 261 1194 38 1304 838 493 609 725 978 178 736 476 1142 193 1008 283 524 1319 142 460 341 1099 817 345
409 489 135 324 746 340 678 232 124 124 885 535 742 776 0 541 78 137 169 413 653 746 311 853 318 327 732 232 253 499 201 809 921 496 419 385 240 638 562 285 474 396 204 538 540 528 244 797 468 585 378 847 176 212 464 351 273 846 212 95 252 157 689 148 226 760 419 134 635 118 117 259 664 507 826 647 552 672 743 723 843 451 805 779 827 700 394 643 543 663 239 565 678 755 641 766 436 529 994 459
325 166 406 243 1023 205 374 343 539 589 626 838 724 1085 541 0 619 630 685 731 161 981 284 636 240 473 619 724 789 351 680 730 751 173 547 158 335 453 823 404 878 148 581 764 721 826 785 555 101 81 309 825 437 633 535 356 728 623 700 455 587 689 487 455 696 419 662 643 429 460 424 283 534 414 466 769 824 131 1064 220 621 595 751 636 488 936 350 699 88 906 448 804 691 238 946 814 792 39 827 878
479 566 213 397 743 416 750 308 165 138 950 536 787 765 78 619 0 124 126 420 727 752 380 915 397 381 787 175 175 569 179 858 978 573 464 462 309 703 570 350 452 474 206 555 566 530 167 863 546 663 451 889 243 217 513 420 227 908 159 167 278 82 754 202 181 833 443 84 702 189 195 338 724 572 898 676 559 749 730 797 906 491 852 836 898 707 463 683 618 670 283 578 721 830 637 801 431 606 1049 433
427 545 241 438 620 440 695 290 96 44 873 412 680 645 137 630 124 0 59 296 758 628 433 832 392 296 695 289 241 508 64 757 885 551 363 482 364 631 446 289 338 482 325 432 447 406 202 787 544 660 405 779 202 94 416 365 347 827 277 223 166 184 680 284 302 779 324 207 633 170 225 351 640 499 844 558 435 761 611 827 824 382 748 746 839 583 405 572 647 546 376 454 614 856 514 686 307 624 953 322
486 604 289 485 626 492 754 348 155 103 928 424 724 644 169 685 126 59 0 316 809 641 477 886 448 351 746 265 194 566 64 803 934 609 412 535 407 687 465 348 328 537 332 459 480 419 149 843 600 717 465 819 260 131 466 424 327 881 257 262 212 158 735 315 285 837 359 198 690 225 272 404 693 556 902 592 452 816 608 879 878 427 792 797 897 598 464 613 698 561 402 476 658 909 519 723 316 678 1002 308
425 592 454 621 336 595 633 418 296 290 730 124 453 377 413 731 420 296 316 0 886 334 637 674 507 260 516 580 502 463 252 542 690 592 224 622 579 525 150 328 168 602 615 145 180 116 448 655 631 729 429 532 339 204 271 379 640 673 571 470 174 473 562 543 596 708 94 503 539 363 447 508 494 418 766 290 139 851 349 950 671 199 523 569 750 288 398 336 780 251 636 160 389 970 236 425 67 741 747 183
487 326 521 330 1183 317 506 483 672 719 747 995 879 1244 653 161 727 758 809 886 0 1142 355 766 383 630 768 805 888 510 813 879 886 332 707 276 421 601 982 558 1027 287 647 924 882 984 893 686 261 208 469 978 576 772 696 515 797 753 781 560 734 788 630 541 771 535 820 735 576 589 538 408 684 573 570 930 983 116 1223 70 751 756 902 779 597 1097 510 859 111 1067 507 964 849 105 1105 972 944 145 959 1026
655 820 776 922 80 886 763 717 628 624 745 217 403 157 746 981 752 628 641 334 1142 0 946 680 789 528 532 905 813 649 578 486 636 817 437 904 896 633 186 609 352 874 949 226 260 222 756 701 881 956 675 410 654 538 447 632 968 685 898 799 501 799 646 873 925 816 347 834 657 688 771 808 564 587 857 238 194 1082 169 1199 684 387 452 572 831 48 632 330 1046 84 965 189 374 1210 143 304 326 1000 661 382
371 326 195 48 967 108 570 231 365 402 820 759 804 1014 311 284 380 433 477 637 355 946 0 810 193 425 739 452 534 450 495 841 909 336 528 143 71 593 765 343 746 181 299 720 698 749 543 736 258 353 334 914 298 474 545 351 449 799 427 216 464 435 641 187 419 639 599 381 578 283 209 143 655 494 698 780 761 401 985 424 796 576 851 773 711 898 377 739 253 863 164 757 752 459 872 866 682 257 987 737
459 498 769 763 756 703 262 647 753 795 65 692 278 835 853 636 915 832 886 674 766 680 810 0 623 538 161 1084 1072 368 836 202 122 488 480 681 810 221 637 568 833 638 1015 579 519 682 1034 81 580 564 495 307 677 761 425 507 1123 13 1064 827 677 996 170 881 1077 240 583 986 232 735 780 692 193 346 236 458 650 659 837 790 15 482 238 111 202 657 466 369 724 651 936 605 315 779 745 383 736 672 193 854
178 174 188 152 820 101 398 103 299 350 638 622 613 875 318 240 397 392 448 507 383 789 193 623 0 262 546 529 571 259 441 649 718 183 356 116 187 404 616 182 644 96 415 564 532 611 559 552 152 270 142 722 197 393 364 165 548 613 505 247 351 473 453 276 508 474 450 437 391 223 206 73 462 301 537 603 615 370 851 450 610 405 659 581 545 742 186 554 274 708 315 603 563 474 733 680 563 240 797 643
169 332 284 397 559 359 414 194 217 257 578 365 419 615 327 473 381 296 351 260 630 528 425 538 262 0 407 554 534 227 308 482 597 333 105 377 384 336 355 82 417 350 515 302 273 354 498 492 372 469 169 526 162 234 139 119 599 532 536 329 155 460 384 398 552 496 190 457 341 218 287 284 345 206 559 357 355 591 593 693 529 151 480 456 551 480 142 330 527 447 479 341 357 711 475 457 323 485 669 423
370 460 665 696 605 639 280 548 623 660 222 531 139 683 732 619 787 695 746 516 768 532 739 161 546 407 0 961 936 291 692 111 190 451 334 627 727 167 477 453 673 584 909 418 358 522 895 169 543 560 407 214 559 617 280 404 1004 162 942 719 534 866 145 780 958 304 427 863 192 618 673 608 87 246 333 302 490 674 683 805 160 329 136 53 303 504 368 210 705 496 846 445 159 802 587 250 576 652 263 695
639 703 341 484 888 520 906 456 339 311 1117 688 962 900 232 724 175 289 265 580 805 905 452 1084 529 554 961 0 130 731 328 1033 1151 711 639 567 391 870 729 517 580 589 167 720 736 684 179 1029 668 781 608 1063 408 383 688 583 65 1078 24 282 451 107 921 269 41 988 613 98 867 350 325 460 895 739 1053 847 716 849 863 873 1075 665 1027 1009 1056 863 625 857 705 826 304 740 896 910 781 974 580 704 1223 556
649 741 385 559 788 584 920 483 320 277 1111 599 918 793 253 789 175 241 194 502 888 813 534 1072 571 534 936 130 0 736 256 997 1125 748 604 631 467 866 646 516 474 646 282 647 672 596 58 1024 719 836 622 1014 413 325 657 589 190 1066 142 334 405 100 916 348 170 1004 552 154 867 362 367 510 879 734 1069 784 632 918 755 957 1063 621 986 987 1067 774 631 807 782 738 406 661 852 992 682 916 490 773 1194 448
93 184 403 406 701 348 188 282 418 466 391 542 377 769 499 351 569 508 566 463 510 649 450 368 259 227 291 731 736 0 530 398 460 178 242 336 444 147 512 221 629 294 649 448 395 530 707 303 262 311 128 483 325 459 208 148 764 359 709 462 381 651 198 513 719 271 374 632 138 381 415 325 205 64 336 424 517 437 755 559 356 281 412 323 332 606 106 350 430 581 568 487 340 566 639 463 530 378 538 639
455 586 301 498 566 496 718 338 142 94 881 361 665 587 201 680 179 64 64 252 813 578 495 836 441 308 692 328 256 530 0 746 880 590 358 537 426 643 401 318 275 534 384 394 416 356 207 796 591 706 438 758 245 75 413 393 390 832 320 287 159 222 690 349 347 801 296 257 648 224 287 405 644 513 865 529 388 811 552 882 829 369 733 744 858 535 431 553 702 498 440 412 598 910 459 660 254 677 946 258
471 570 754 799 565 743 387 640 694 726 267 531 93 643 809 730 858 757 803 542 879 486 841 202 649 482 111 1033 997 398 746 0 155 562 395 734 825 278 472 539 686 691 994 422 367 523 952 248 653 671 507 111 642 673 345 498 1080 210 1016 805 592 935 253 870 1034 401 461 937 303 699 761 707 197 347 419 281 486 784 649 915 209 377 36 112 387 468 466 208 815 467 940 440 153 912 567 184 595 763 205 710
547 607 850 864 716 805 380 731 813 850 165 686 248 793 921 751 978 885 934 690 886 636 909 122 718 597 190 1151 1125 460 880 155 0 597 522 786 903 316 627 640 838 743 1095 576 519 678 1083 201 691 682 584 232 748 806 469 587 1194 135 1132 905 723 1056 271 964 1147 361 605 1053 333 806 859 784 261 426 354 437 641 780 801 911 136 513 186 142 320 621 549 360 840 622 1026 595 305 901 722 333 746 788 78 862
168 10 370 288 864 229 236 266 455 507 490 688 552 928 496 173 573 551 609 592 332 817 336 488 183 333 451 711 748 178 590 562 597 0 389 198 356 287 667 280 749 156 595 606 559 677 732 410 93 140 164 654 349 530 370 214 731 476 688 429 468 652 327 457 691 303 513 618 266 390 387 254 365 241 363 599 670 266 911 383 473 435 581 473 375 773 195 527 254 745 485 646 518 393 793 641 656 202 675 753
223 391 388 498 477 456 410 298 300 331 528 302 323 540 419 547 464 363 412 224 707 437 528 480 356 105 334 639 604 242 358 395 522 389 0 469 489 305 278 185 392 438 614 218 177 290 561 448 446 529 239 428 265 283 55 195 688 477 623 431 200 540 347 502 641 486 132 545 318 317 391 385 289 195 545 253 281 655 521 766 474 50 388 386 531 391 197 227 609 360 584 257 259 780 404 353 291 564 590 405
272 188 251 95 936 47 433 209 396 443 687 738 708 991 385 158 462 482 535 622 276 904 143 681 116 377 627 567 631 336 537 734 786 198 469 0 181 471 732 298 755 43 429 679 646 727 629 605 116 216 241 816 301 496 473 275 574 670 543 298 463 531 516 299 540 500 566 485 453 313 269 132 540 389 557 713 731 287 966 346 668 519 747 655 572 857 287 658 165 824 302 718 662 374 849 782 677 143 865 752
357 346 129 94 913 135 582 192 299 334 825 703 780 956 240 335 309 364 407 579 421 896 71 810 187 384 727 391 467 444 426 825 903 356 489 181 0 590 713 305 681 210 248 671 653 693 473 740 291 397 320 890 242 409 512 327 394 800 366 145 405 367 640 122 361 656 549 315 577 219 141 119 645 481 718 741 707 458 927 490 797 535 831 764 728 848 359 707 316 812 129 706 725 525 815 835 621 313 981 672
238 297 549 548 698 489 131 427 546 590 247 576 287 772 638 453 703 631 687 525 601 633 593 221 404 336 167 870 866 147 643 278 316 287 305 471 590 0 533 354 692 428 795 468 408 565 832 159 380 393 275 378 462 569 254 288 906 212 849 607 486 785 52 660 861 189 430 771 27 520 560 472 85 132 242 396 542 508 765 639 209 326 301 185 226 597 247 305 539 579 715 503 274 637 656 391 591 486 394 707
500 669 591 744 204 711 656 538 442 440 698 62 379 262 562 823 570 446 465 150 982 186 765 637 616 355 477 729 646 512 401 472 627 667 278 732 713 533 0 435 225 706 765 65 125 57 590 636 721 807 514 434 470 355 303 468 790 639 720 614 315 622 558 687 746 721 167 653 553 502 586 630 480 456 772 191 16 932 244 1042 637 232 445 526 750 139 474 270 881 102 780 32 325 1057 127 320 159 838 671 252
138 278 215 315 638 277 407 114 197 246 601 440 484 693 285 404 350 289 348 328 558 609 343 568 182 82 453 517 516 221 318 539 640 280 185 298 305 354 435 0 474 274 457 384 355 429 487 513 305 410 121 593 109 252 209 76 555 561 496 267 188 432 405 332 509 490 268 418 352 167 222 202 381 223 555 437 433 527 669 622 558 232 540 498 552 562 116 403 452 528 407 422 425 643 552 531 387 413 715 477
585 748 552 738 316 723 801 546 382 354 891 163 593 320 474 878 452 338 328 168 1027 352 746 833 644 417 673 580 474 629 275 686 838 749 392 755 681 692 225 474 0 740 658 264 319 168 416 819 779 883 585 657 457 273 439 534 645 833 578 552 293 479 728 619 607 876 262 525 707 463 541 632 658 586 934 412 208 1002 283 1093 831 366 662 726 917 320 558 478 918 289 712 253 534 1116 213 544 101 884 889 30
234 145 261 133 909 76 391 198 392 441 644 714 667 966 396 148 474 482 537 602 287 874 181 638 96 350 584 589 646 294 534 691 743 156 438 43 210 428 706 274 740 0 457 651 615 703 639 562 81 192 205 775 292 488 438 242 600 627 565 313 448 546 473 323 564 458 540 503 410 312 279 136 498 349 517 678 705 279 943 354 624 487 706 612 531 827 251 621 179 795 336 690 623 379 825 744 658 144 821 739
557 586 247 338 945 383 810 368 328 325 1040 735 934 970 204 581 206 325 332 615 647 949 299 1015 415 515 909 167 282 649 384 994 1095 595 614 429 248 795 765 457 658 457 0 742 744 729 314 952 537 645 522 1041 353 411 654 509 150 1007 146 190 456 204 847 139 128 889 623 143 787 297 236 342 835 671 952 849 755 700 935 714 1004 650 994 953 959 903 550 840 551 866 141 769 871 751 839 965 633 556 1171 639
440 608 554 697 259 661 591 491 415 420 639 113 329 323 538 764 555 432 459 145 924 226 720 579 564 302 418 720 647 448 394 422 576 606 218 679 671 468 65 384 264 651 742 0 61 103 593 575 663 746 456 396 430 339 240 411 779 580 710 581 286 614 495 655 734 657 123 639 488 467 551 582 418 391 708 150 74 872 307 983 578 170 398 469 687 178 415 216 825 144 746 40 271 997 192 285 180 780 625 289
396 562 541 670 306 631 532 467 416 428 578 174 276 374 540 721 566 447 480 180 882 260 698 519 532 273 358 736 672 395 416 367 519 559 177 646 653 408 125 355 319 615 744 61 0 164 620 513 621 699 415 352 416 354 189 373 793 519 723 574 290 630 434 648 747 597 123 650 429 459 540 557 356 337 647 113 135 825 362 939 517 128 345 409 626 215 372 160 786 186 736 95 215 952 249 246 228 740 571 343
509 678 569 731 221 703 685 526 412 404 742 12 430 265 528 826 530 406 419 116 984 222 749 682 611 354 522 684 596 530 356 523 678 677 290 727 693 565 57 429 168 703 729 103 164 0 540 677 725 816 519 490 452 317 324 470 746 683 677 586 289 578 594 659 703 753 164 612 584 478 562 618 519 478 806 245 41 941 240 1046 681 250 497 572 786 179 482 318 880 142 752 85 374 1063 123 376 107 839 724 196
623 726 379 563 730 583 893 466 290 242 1075 542 871 735 244 785 167 202 149 448 893 756 543 1034 559 498 895 179 58 707 207 952 1083 732 561 629 473 832 590 487 416 639 314 593 620 540 0 989 710 828 598 965 389 279 615 561 242 1029 186 333 361 113 882 359 215 977 502 175 835 342 361 503 841 701 1042 733 576 915 697 963 1026 575 940 946 1039 717 603 759 785 681 427 606 805 996 624 866 433 772 1151 390
395 420 706 689 774 629 182 584 704 748 88 687 305 851 797 555 863 787 843 655 686 701 736 81 552 492 169 1029 1024 303 796 248 201 410 448 605 740 159 636 513 819 562 952 575 513 677 989 0 502 483 430 358 622 722 393 447 1065 68 1008 765 638 944 108 816 1020 163 562 931 165 679 718 623 161 291 172 469 648 579 850 710 66 458 282 137 139 673 405 376 644 663 867 604 327 700 751 416 719 592 274 838
226 84 334 211 922 156 325 254 450 502 580 737 639 984 468 101 546 544 600 631 261 881 258 580 152 372 543 668 719 262 591 653 691 93 446 116 291 380 721 305 779 81 537 663 621 725 710 502 0 118 208 743 346 539 436 255 680 569 643 389 489 620 421 403 643 387 561 580 359 375 352 210 457 323 443 672 723 223 963 321 566 495 671 566 459 836 249 606 169 806 416 703 601 339 845 724 691 119 768 780
307 138 451 309 1004 262 302 370 566 618 551 828 673 1069 585 81 663 660 717 729 208 956 353 564 270 469 560 781 836 311 706 671 682 140 529 216 397 393 807 410 883 192 645 746 699 816 828 483 118 0 300 771 461 652 510 350 790 552 757 505 597 737 423 514 755 342 652 695 368 493 469 326 477 375 386 735 810 126 1051 249 549 576 694 572 409 912 334 660 165 885 517 786 646 255 933 769 792 120 757 886
37 163 276 294 715 240 300 154 311 362 518 531 472 776 378 309 451 405 465 429 469 675 334 495 142 169 407 608 622 128 438 507 584 164 239 241 320 275 514 121 585 205 522 456 415 519 598 430 208 300 0 581 210 373 234 51 639 486 586 335 307 533 326 385 595 382 355 510 266 262 289 201 325 161 448 473 515 422 756 528 484 288 517 444 448 629 46 417 371 598 442 496 423 544 638 542 493 325 661 590
546 662 808 874 491 821 493 701 727 752 370 496 110 567 847 825 889 779 819 532 978 410 914 307 722 526 214 1063 1014 483 758 111 232 654 428 816 890 378 434 593 657 775 1041 396 352 490 965 358 743 771 581 0 689 689 387 564 1114 317 1048 855 613 961 359 923 1068 512 464 970 404 744 812 775 294 426 530 246 450 887 578 1017 316 398 79 223 497 400 537 207 909 408 999 405 169 1015 510 116 576 856 251 684
237 344 126 284 671 266 508 94 106 158 710 462 581 716 176 437 243 202 260 339 576 654 298 677 197 162 559 408 413 325 245 642 748 349 265 301 242 462 470 109 457 292 353 430 416 452 389 622 346 461 210 689 0 196 302 177 447 670 387 167 168 325 513 237 400 591 307 309 460 58 126 175 490 332 656 511 465 567 688 645 667 306 641 606 655 606 220 491 466 570 322 464 519 670 574 618 386 436 822 452
387 526 280 469 535 459 647 290 109 87 806 324 594 565 212 633 217 94 131 204 772 538 474 761 393 234 617 383 325 459 75 673 806 530 283 496 409 569 355 252 273 488 411 339 354 317 279 722 539 652 373 689 196 0 338 326 441 757 371 281 84 277 616 350 395 729 231 300 575 192 268 368 568 440 793 465 344 762 532 841 754 296 662 669 785 492 362 483 662 455 444 361 527 867 430 594 224 632 872 263
210 374 421 512 494 465 364 321 348 382 473 336 280 562 464 535 513 416 466 271 696 447 545 425 364 139 280 688 657 208 413 345 469 370 55 473 512 254 303 209 439 438 654 240 189 324 615 393 436 510 234 387 302 338 0 199 735 421 670 468 254 590 293 536 688 437 177 592 268 357 425 403 234 153 495 240 309 636 547 752 419 75 341 332 479 403 188 195 603 375 615 279 218 764 431 323 338 555 538 454
62 213 263 315 669 266 332 144 272 322 535 482 454 729 351 356 420 365 424 379 515 632 351 507 165 119 404 583 589 148 393 498 587 214 195 275 327 288 468 76 534 242 509 411 373 470 561 447 255 350 51 564 177 326 199 0 618 499 562 320 257 502 340 377 573 416 306 485 284 233 273 211 326 162 481 438 468 472 708 576 496 245 505 445 479 586 43 389 414 554 442 450 401 593 590 516 442 370 664 539
672 722 366 486 951 528 935 485 388 365 1153 751 1012 964 273 728 227 347 327 640 797 968 449 1123 548 599 1004 65 190 764 390 1080 1194 731 688 574 394 906 790 555 645 600 150 779 793 746 242 1065 680 790 639 1114 447 441 735 618 0 1116 70 305 505 168 958 276 47 1016 669 144 901 388 351 477 936 777 1080 903 778 849 927 864 1113 717 1076 1052 1084 925 660 909 701 888 291 800 947 901 844 1028 642 705 1267 621
450 486 760 752 761 693 250 639 747 789 60 693 283 839 846 623 908 827 881 673 753 685 799 13 613 532 162 1078 1066 359 832 210 135 476 477 670 800 212 639 561 833 627 1007 580 519 683 1029 68 569 552 486 317 670 757 421 499 1116 0 1057 818 673 989 161 872 1070 227 581 979 223 728 771 682 188 338 224 461 652 647 841 777 3 480 246 114 190 661 458 371 712 655 926 607 318 767 748 390 735 660 206 853
617 679 318 460 883 496 884 434 322 297 1096 681 946 897 212 700 159 277 257 571 781 898 427 1064 505 536 942 24 142 709 320 1016 1132 688 623 543 366 849 720 496 578 565 146 710 723 677 186 1008 643 757 586 1048 387 371 670 562 70 1057 0 258 437 99 900 245 29 966 600 79 846 329 302 436 876 719 1031 834 708 824 861 849 1054 650 1010 990 1033 855 604 842 680 818 281 730 880 886 776 960 573 679 1204 555
370 421 60 230 807 251 630 181 175 199 853 595 747 843 95 455 167 223 262 470 560 799 216 827 247 329 719 282 334 462 287 805 905 429 431 298 145 607 614 267 552 313 190 581 574 586 333 765 389 505 335 855 167 281 468 320 305 818 258 0 298 234 659 74 263 710 459 191 600 116 47 180 645 482 775 674 606 584 811 630 816 471 806 763 779 752 361 658 451 715 166 613 686 663 705 784 503 440 981 540
316 466 280 451 510 431 568 254 129 140 722 298 515 551 252 587 278 166 212 174 734 501 464 677 351 155 534 451 405 381 159 592 723 468 200 463 405 486 315 188 293 448 456 286 290 289 361 638 489 597 307 613 168 84 254 257 505 673 437 298 0 348 533 372 459 650 167 362 493 189 273 341 485 358 713 398 308 712 522 801 670 217 582 586 704 454 290 407 625 417 464 315 448 824 410 523 218 591 790 292
561 645 286 459 783 484 832 388 243 209 1032 582 861 798 157 689 82 184 158 473 788 799 435 996 473 460 866 107 100 651 222 935 1056 652 540 531 367 785 622 432 479 546 204 614 630 578 113 944 620 737 533 961 325 277 590 502 168 989 99 234 348 0 836 249 127 915 507 62 784 271 268 411 805 653 980 742 610 818 762 858 987 563 927 916 980 757 545 754 682 720 314 633 795 892 676 870 474 673 1127 457
290 337 600 595 714 536 135 478 596 640 196 605 277 790 689 487 754 680 735 562 630 646 641 170 453 384 145 921 916 198 690 253 271 327 347 516 640 52 558 405 728 473 847 495 434 594 882 108 421 423 326 359 513 616 293 340 958 161 900 659 533 836 0 711 912 170 467 823 63 571 612 521 82 183 214 409 569 532 785 664 158 362 280 150 192 613 298 316 574 598 765 528 277 659 679 386 627 522 349 745
422 448 116 215 879 252 671 234 247 266 903 667 815 914 148 455 202 284 315 543 541 873 187 881 276 398 780 269 348 513 349 870 964 457 502 299 122 660 687 332 619 323 139 655 648 659 359 816 403 514 385 923 237 350 536 377 276 872 245 74 372 249 711 0 241 750 532 195 651 189 111 204 703 539 813 747 679 580 882 610 869 542 872 822 820 826 416 728 437 789 94 686 754 645 777 855 574 435 1041 605
627 682 323 454 910 493 892 441 341 319 1108 708 965 926 226 696 181 302 285 596 771 925 419 1077 508 552 958 41 170 719 347 1034 1147 691 641 540 361 861 746 509 607 564 128 734 747 703 215 1020 643 755 595 1068 400 395 688 573 47 1070 29 263 459 127 912 241 0 973 623 97 856 342 308 438 890 732 1038 857 734 818 889 839 1067 670 1029 1005 1041 882 615 862 673 845 267 756 900 876 803 981 600 674 1220 583
355 313 650 591 883 532 83 532 687 736 213 765 442 959 760 419 833 779 837 708 535 816 639 240 474 496 304 988 1004 271 801 401 361 303 486 500 656 189 721 490 876 458 889 657 597 753 977 163 387 342 382 512 591 729 437 416 1016 227 966 710 650 915 170 750 973 0 615 891 170 644 665 547 253 295 65 579 731 424 953 554 225 511 433 289 72 782 374 486 506 766 786 692 447 541 845 553 775 458 430 890
345 514 431 577 371 544 540 371 295 305 637 176 375 425 419 662 443 324 359 94 820 347 599 583 450 190 427 613 552 374 296 461 605 513 132 566 549 430 167 268 262 540 623 123 123 164 502 562 561 652 355 464 307 231 177 306 669 581 600 459 167 507 467 532 623 615 0 527 445 344 427 463 400 327 672 235 165 776 403 882 579 105 445 480 656 299 319 259 717 264 623 158 309 899 285 365 161 675 665 278
541 611 248 408 822 438 809 360 244 222 1019 617 868 842 134 643 84 207 198 503 735 834 381 986 437 457 863 98 154 632 257 937 1053 618 545 485 315 771 653 418 525 503 143 639 650 612 175 931 580 695 510 970 309 300 592 485 144 979 79 191 362 62 823 195 97 891 527 0 768 252 232 371 797 641 956 760 642 770 806 805 976 573 932 911 958 790 527 765 631 752 253 661 803 840 716 884 511 625 1126 504
231 275 541 532 721 472 106 420 547 593 253 595 313 795 635 429 702 633 690 539 576 657 578 232 391 341 192 867 867 138 648 303 333 266 318 453 577 27 553 352 707 410 787 488 429 584 835 165 359 368 266 404 460 575 268 284 901 223 846 600 493 784 63 651 856 170 445 768 0 517 553 459 111 135 227 421 562 482 787 613 220 342 327 207 213 621 242 331 515 602 704 524 300 611 677 417 606 463 412 722
291 384 91 278 699 273 561 124 84 130 767 487 637 739 118 460 189 170 225 363 589 688 283 735 223 218 618 350 362 381 224 699 806 390 317 313 219 520 502 167 463 312 297 467 459 478 342 679 375 493 262 744 58 192 357 233 388 728 329 116 189 271 571 189 342 644 344 252 517 0 84 182 548 390 710 559 496 591 709 659 725 355 697 664 710 640 276 544 478 603 279 500 574 687 599 670 402 454 881 455
323 379 18 213 783 223 584 134 159 194 806 571 704 823 117 424 195 225 272 447 538 771 209 780 206 287 673 325 367 415 287 761 859 387 391 269 141 560 586 222 541 279 236 551 540 562 361 718 352 469 289 812 126 268 425 273 351 771 302 47 273 268 612 111 308 665 427 232 553 84 0 143 598 435 729 637 580 555 792 609 769 432 762 717 733 724 314 617 428 687 196 583 643 640 683 744 484 412 935 531
238 245 125 114 833 92 470 92 265 312 709 628 665 883 259 283 338 351 404 508 408 808 143 692 73 284 608 460 510 325 405 707 784 254 385 132 119 472 630 202 632 136 342 582 557 618 503 623 210 326 201 775 175 368 403 211 477 682 436 180 341 411 521 204 438 547 463 371 459 182 143 0 526 362 610 638 626 414 856 477 679 434 714 645 618 761 241 597 296 726 244 619 612 506 741 725 559 274 862 627
287 374 589 611 632 553 210 470 562 602 239 529 202 708 664 534 724 640 693 494 684 564 655 193 462 345 87 895 879 205 644 197 261 365 289 540 645 85 480 381 658 498 835 418 356 519 841 161 457 477 325 294 490 568 234 326 936 188 876 645 485 805 82 703 890 253 400 797 111 548 598 526 0 165 295 327 491 593 704 723 185 297 218 120 271 531 288 234 618 516 766 450 195 722 600 308 558 566 338 676
124 247 425 452 641 396 216 305 413 458 378 489 319 711 507 414 572 499 556 418 573 587 494 346 301 206 246 739 734 64 513 347 426 241 195 389 481 132 456 223 586 349 671 391 337 478 701 291 323 375 161 426 332 440 153 162 777 338 719 482 358 653 183 539 732 295 327 641 135 390 435 362 165 0 356 361 462 500 698 623 336 228 359 284 346 545 123 286 491 521 601 430 279 630 583 401 486 440 502 599
420 373 715 650 927 591 149 597 752 801 193 817 472 1003 826 466 898 844 902 766 570 857 698 236 537 559 333 1053 1069 336 865 419 354 363 545 557 718 242 772 555 934 517 952 708 647 806 1042 172 443 386 448 530 656 793 495 481 1080 224 1031 775 713 980 214 813 1038 65 672 956 227 710 729 610 295 356 0 621 782 456 999 581 223 568 453 308 34 826 439 527 552 811 847 742 484 565 893 583 833 505 416 949
448 604 637 749 306 704 526 551 523 538 521 252 189 383 647 769 676 558 592 290 930 238 780 458 603 357 302 847 784 424 529 281 437 599 253 713 741 396 191 437 412 678 849 150 113 245 733 469 672 735 473 246 511 465 240 438 903 461 834 674 398 742 409 747 857 579 235 760 421 559 637 638 327 361 621 0 207 861 382 982 460 207 254 347 595 205 428 94 841 194 833 161 143 990 288 135 330 792 480 438
503 672 585 741 207 709 665 535 434 429 711 45 394 261 552 824 559 435 452 139 983 194 761 650 615 355 490 716 632 517 388 486 641 670 281 731 707 542 16 433 208 705 755 74 135 41 576 648 723 810 515 450 465 344 309 468 778 652 708 606 308 610 569 679 734 731 165 642 562 496 580 626 491 462 782 207 0 935 241 1044 650 237 460 540 761 149 477 284 881 111 772 47 339 1059 123 336 144 838 687 236
432 263 537 365 1130 333 403 474 670 720 637 952 792 1194 672 131 749 761 816 851 116 1082 401 659 370 591 674 849 918 437 811 784 780 266 655 287 458 508 932 527 1002 279 700 872 825 941 915 579 223 126 422 887 567 762 636 472 849 647 824 584 712 818 532 580 818 424 776 770 482 591 555 414 593 500 456 861 935 0 1176 132 645 701 809 681 484 1039 459 784 153 1011 563 912 768 130 1058 890 913 145 852 1003
744 913 800 969 89 942 892 765 636 619 902 229 561 38 743 1064 730 611 608 349 1223 169 985 837 851 593 683 863 755 755 552 649 801 911 521 966 927 765 244 669 283 943 935 307 362 240 697 850 963 1051 756 578 688 532 547 708 927 841 861 811 522 762 785 882 889 953 403 806 787 709 792 856 704 698 999 382 241 1176 0 1284 840 476 616 727 974 181 717 475 1120 188 976 268 525 1300 118 469 309 1078 829 308
544 379 591 400 1242 387 534 551 741 789 766 1057 922 1304 723 220 797 827 879 950 70 1199 424 790 450 693 805 873 957 559 882 915 911 383 766 346 490 639 1042 622 1093 354 714 983 939 1046 963 710 321 249 528 1017 645 841 752 576 864 777 849 630 801 858 664 610 839 554 882 805 613 659 609 477 723 623 581 982 1044 132 1284 0 775 814 940 812 611 1154 569 908 181 1125 573 1023 895 40 1166 1018 1009 210 982 1093
447 484 757 750 760 690 248 636 744 786 62 691 282 838 843 621 906 824 878 671 751 684 796 15 610 529 160 1075 1063 356 829 209 136 473 474 668 797 209 637 558 831 624 1004 578 517 681 1026 66 566 549 484 316 667 754 419 496 1113 3 1054 816 670 987 158 869 1067 225 579 976 220 725 769 679 185 336 223 460 650 645 840 775 0 478 245 113 189 660 455 369 709 653 923 605 316 765 746 389 733 658 208 851
270 438 431 546 429 505 439 345 329 354 535 262 298 493 451 595 491 382 427 199 756 387 576 482 405 151 329 665 621 281 369 377 513 435 50 519 535 326 232 232 366 487 650 170 128 250 575 458 495 576 288 398 306 296 75 245 717 480 650 471 217 563 362 542 670 511 105 573 342 355 432 434 297 228 568 207 237 701 476 814 478 0 365 382 551 341 245 192 658 311 627 210 232 827 359 315 265 613 577 382
481 589 756 810 531 755 415 645 688 718 303 505 70 609 805 751 852 748 792 523 902 452 851 238 659 480 136 1027 986 412 733 36 186 581 388 747 831 301 445 540 662 706 994 398 345 497 940 282 671 694 517 79 641 662 341 505 1076 246 1010 806 582 927 280 872 1029 433 445 932 327 697 762 714 218 359 453 254 460 809 616 940 245 365 0 145 421 435 474 187 835 436 945 413 136 938 536 149 573 782 227 687
407 482 708 729 647 670 279 589 673 710 174 582 171 725 779 636 836 746 797 569 779 572 773 111 581 456 53 1009 987 323 744 112 142 473 386 655 764 185 526 498 726 612 953 469 409 572 946 137 566 572 444 223 606 669 332 445 1052 114 990 763 586 916 150 822 1005 289 480 911 207 664 717 645 120 284 308 347 540 681 727 812 113 382 145 0 276 547 408 258 723 541 885 494 204 807 634 280 629 670 218 747
419 386 719 663 901 604 149 600 749 797 160 797 442 978 827 488 898 839 897 750 597 831 711 202 545 551 303 1056 1067 332 858 387 320 375 531 572 728 226 750 552 917 531 959 687 626 786 1039 139 459 409 448 497 655 785 479 479 1084 190 1033 779 704 980 192 820 1041 72 656 958 213 710 733 618 271 346 34 595 761 484 974 611 189 551 421 276 0 800 437 501 575 787 857 720 457 595 871 553 816 527 382 933
610 776 729 875 101 839 727 669 581 578 721 175 380 178 700 936 707 583 598 288 1097 48 898 657 742 480 504 863 774 606 535 468 621 773 391 857 848 597 139 562 320 827 903 178 215 179 717 673 836 912 629 400 606 492 403 586 925 661 855 752 454 757 613 826 882 782 299 790 621 640 724 761 531 545 826 205 149 1039 181 1154 660 341 435 547 800 0 586 298 1000 38 918 142 346 1166 120 289 284 954 650 350
27 196 303 338 674 286 291 182 313 362 493 494 427 736 394 350 463 405 464 398 510 632 377 466 186 142 368 625 631 106 431 466 549 195 197 287 359 247 474 116 558 251 550 415 372 482 603 405 249 334 46 537 220 362 188 43 660 458 604 361 290 545 298 416 615 374 319 527 242 276 314 241 288 123 439 428 477 459 717 569 455 245 474 408 437 586 0 371 415 556 478 455 377 583 599 496 463 368 626 564
387 533 614 704 400 655 436 516 522 546 431 327 117 476 643 699 683 572 613 336 859 330 739 369 554 330 210 857 807 350 553 208 360 527 227 658 707 305 270 403 478 621 840 216 160 318 759 376 606 660 417 207 491 483 195 389 909 371 842 658 407 754 316 728 862 486 259 765 331 544 617 597 234 286 527 94 284 784 475 908 369 192 187 258 501 298 371 0 775 287 809 238 56 914 377 128 387 725 412 502
393 247 411 223 1084 206 462 373 561 608 714 892 806 1142 543 88 618 647 698 780 111 1046 253 724 274 527 705 705 782 430 702 815 840 254 609 165 316 539 881 452 918 179 551 825 786 880 785 644 169 165 371 909 466 662 603 414 701 712 680 451 625 682 574 437 673 506 717 631 515 478 428 296 618 491 552 841 881 153 1120 181 709 658 835 723 575 1000 415 775 0 969 412 865 770 211 1002 893 837 53 916 916
581 748 692 840 120 805 708 634 544 540 715 139 377 193 663 906 670 546 561 251 1067 84 863 651 708 447 496 826 738 581 498 467 622 745 360 824 812 579 102 528 289 795 866 144 186 142 681 663 806 885 598 408 570 455 375 554 888 655 818 715 417 720 598 789 845 766 264 752 602 603 687 726 516 521 811 194 111 1011 188 1125 653 311 436 541 787 38 556 287 969 0 881 106 337 1138 103 293 248 923 656 319
479 475 196 208 973 260 711 300 341 359 953 761 890 1008 239 448 283 376 402 636 507 965 164 936 315 479 846 304 406 568 440 940 1026 485 584 302 129 715 780 407 712 336 141 746 736 752 427 867 416 517 442 999 322 444 615 442 291 926 281 166 464 314 765 94 267 786 623 253 704 279 196 244 766 601 847 833 772 563 976 573 923 627 945 885 857 918 478 809 412 881 0 778 832 611 870 936 667 421 1103 697
480 648 587 734 219 699 628 528 443 445 666 92 347 283 565 804 578 454 476 160 964 189 757 605 603 341 445 740 661 487 412 440 595 646 257 718 706 503 32 422 253 690 769 40 95 85 606 604 703 786 496 405 464 361 279 450 800 607 730 613 315 633 528 686 756 692 158 661 524 500 583 619 450 430 742 161 47 912 268 1023 605 210 413 494 720 142 455 238 865 106 778 0 293 1037 154 291 180 820 640 280
390 525 639 715 447 663 403 535 558 586 378 383 67 524 678 691 721 614 658 389 849 374 752 315 563 357 159 896 852 340 598 153 305 518 259 662 725 274 325 425 534 623 871 271 215 374 805 327 601 646 423 169 519 527 218 401 947 318 880 686 448 795 277 754 900 447 309 803 300 574 643 612 195 279 484 143 339 768 525 895 316 232 136 204 457 346 377 56 770 337 832 293 0 898 430 123 442 718 358 558
557 390 622 433 1256 417 528 577 769 817 752 1075 922 1319 755 238 830 856 909 970 105 1210 459 779 474 711 802 910 992 566 910 912 901 393 780 374 525 637 1057 643 1116 379 751 997 952 1063 996 700 339 255 544 1015 670 867 764 593 901 767 886 663 824 892 659 645 876 541 899 840 611 687 640 506 722 630 565 990 1059 130 1300 40 765 827 938 807 595 1166 583 914 211 1138 611 1037 898 0 1182 1021 1030 234 971 1116
625 794 690 854 107 826 781 649 530 517 808 113 475 142 641 946 637 514 519 236 1105 143 872 745 733 475 587 781 682 639 459 567 722 793 404 849 815 656 127 552 213 825 839 192 249 123 624 751 845 933 638 510 574 430 431 590 844 748 776 705 410 676 679 777 803 845 285 716 677 599 683 741 600 583 893 288 123 1058 118 1166 746 359 536 634 871 120 599 377 1002 103 870 154 430 1182 0 396 206 960 758 242
510 648 741 831 383 781 518 644 643 663 448 381 111 460 766 814 801 686 723 425 972 304 866 383 680 457 250 974 916 463 660 184 333 641 353 782 835 391 320 531 544 744 965 285 246 376 866 416 724 769 542 116 618 594 323 516 1028 390 960 784 523 870 386 855 981 553 365 884 417 670 744 725 308 401 583 135 336 890 469 1018 389 315 149 280 553 289 496 128 893 293 936 291 123 1021 396 0 465 841 362 571
490 655 493 669 312 648 700 470 328 311 792 110 504 341 436 792 431 307 316 67 944 326 682 736 563 323 576 580 490 530 254 595 746 656 291 677 621 591 159 387 101 658 633 180 228 107 433 719 691 792 493 576 386 224 338 442 642 735 573 503 218 474 627 574 600 775 161 511 606 402 484 559 558 486 833 330 144 913 309 1009 733 265 573 629 816 284 463 387 837 248 667 180 442 1030 206 465 0 800 799 118
345 194 394 220 1040 189 411 343 535 584 664 850 754 1099 529 39 606 624 678 741 145 1000 257 672 240 485 652 704 773 378 677 763 788 202 564 143 313 486 838 413 884 144 556 780 740 839 772 592 119 120 325 856 436 632 555 370 705 660 679 440 591 673 522 435 674 458 675 625 463 454 412 274 566 440 505 792 838 145 1078 210 658 613 782 670 527 954 368 725 53 923 421 820 718 234 960 841 800 0 864 883
624 684 926 942 741 883 455 807 885 920 223 732 296 817 994 827 1049 953 1002 747 959 661 987 193 797 669 263 1223 1194 538 946 205 78 675 590 865 981 394 671 715 889 821 1171 625 571 724 1151 274 768 757 661 251 822 872 538 664 1267 206 1204 981 790 1127 349 1041 1220 430 665 1126 412 881 935 862 338 502 416 480 687 852 829 982 208 577 227 218 382 650 626 412 916 656 1103 640 358 971 758 362 799 864 0 913
592 752 543 732 344 718 814 543 373 341 911 192 618 345 459 878 433 322 308 183 1026 382 737 854 643 423 695 556 448 639 258 710 862 753 405 752 672 707 252 477 30 739 639 289 343 196 390 838 780 886 590 684 452 263 454 539 621 853 555 540 292 457 745 605 583 890 278 504 722 455 531 627 676 599 949 438 236 1003 308 1093 851 382 687 747 933 350 564 502 916 319 697 280 558 1116 242 571 118 883 913 0
