# TTSP Euclidean complete-graph matrix instance
# seed: 2095
# depot: 1
# L_max is not stored in this file; pass it with --budget when running algorithms.
# coordinate rows: node x y
# coord 1 560.342359 491.755500
# coord 2 884.974854 214.348615
# coord 3 357.740846 685.380949
# coord 4 687.140750 586.076705
# coord 5 970.543205 297.144633
# coord 6 505.318653 416.085202
# coord 7 585.357716 248.260636
# coord 8 470.169997 750.099083
# coord 9 236.142011 244.350856
# coord 10 324.481195 561.246372
# coord 11 262.502918 67.753285
# coord 12 815.389647 891.906473
# coord 13 46.100821 369.315487
# coord 14 303.817053 304.119137
# coord 15 859.581972 354.206521
# coord 16 143.746548 494.685888
# coord 17 140.140195 883.961848
# coord 18 136.316566 187.981466
# coord 19 580.260263 378.538521
# coord 20 32.559199 917.541989
# coord 21 58.458447 812.666874
# coord 22 338.634067 237.765102
# coord 23 586.754524 782.168025
# coord 24 662.950292 621.997380
# coord 25 116.809341 74.859544
# coord 26 835.215930 661.907893
# coord 27 979.237672 731.161257
# coord 28 576.637017 572.169390
# coord 29 659.568185 71.081574
# coord 30 323.527595 287.299192
# coord 31 482.376138 327.121635
# coord 32 875.284524 22.947473
# coord 33 972.189273 226.920092
# coord 34 606.964915 745.084716
# coord 35 424.991755 109.653922
# coord 36 59.975425 822.524792
# coord 37 2.952313 353.323699
# coord 38 246.716455 802.937483
# coord 39 405.940583 107.913327
# coord 40 187.344411 127.818028
# coord 41 74.056815 446.766674
# coord 42 570.112902 735.899367
# coord 43 363.863935 351.733878
# coord 44 656.192260 112.724929
# coord 45 481.162556 943.086053
# coord 46 949.612992 745.592953
# coord 47 680.826674 182.773913
# coord 48 190.566371 245.235492
# coord 49 393.441132 899.550142
# coord 50 382.599543 948.408012
# coord 51 295.563960 241.161225
# coord 52 725.731964 736.728464
# coord 53 738.736040 2.827393
# coord 54 49.843410 661.266676
# coord 55 251.711781 32.693616
# coord 56 369.296339 637.428046
# coord 57 176.032825 205.606534
# coord 58 815.334077 687.867097
# coord 59 111.695206 61.801665
# coord 60 496.360314 643.486382
# coord 61 5.842733 240.337435
# coord 62 622.737491 153.229799
# coord 63 205.740346 22.463744
# coord 64 394.334448 93.963728
# coord 65 581.455995 911.105104
# coord 66 819.424155 105.484531
# coord 67 818.665775 393.734324
# coord 68 146.417509 965.472092
# coord 69 968.941918 595.067483
# coord 70 117.675815 184.359428
# coord 71 7.975525 864.776680
# coord 72 519.860777 882.533321
# coord 73 901.102427 182.959547
# coord 74 103.555537 871.200415
# coord 75 303.695585 673.095437
# coord 76 464.539647 846.418735
# coord 77 181.634657 496.780543
# coord 78 599.396205 268.656522
# coord 79 164.622636 513.813094
# coord 80 679.680763 476.161106
# coord 81 752.887957 957.727884
# coord 82 811.593032 628.734851
# coord 83 815.046605 898.138401
# coord 84 289.734348 809.590126
# coord 85 621.435993 544.787683
# coord 86 236.895165 182.658950
# coord 87 295.715236 3.027104
# coord 88 420.287546 856.068209
# coord 89 725.097109 648.732655
# coord 90 523.749805 658.454751
# coord 91 247.816208 672.704762
# coord 92 618.185322 375.498013
# coord 93 151.131132 803.576444
# coord 94 176.277589 803.256824
# coord 95 762.199181 729.066209
# coord 96 300.150015 977.535330
# coord 97 254.475899 977.182524
# coord 98 493.783228 982.215255
# coord 99 563.277189 389.325301
# coord 100 162.653161 651.195301
# reference_nearest_neighbor_tour_cost: 9304
TTSP_MATRIX
100
0 95 26 35 11 2 8 57 36 92 64 71 3 61 85 24 2 8 30 85 65 17 27 7 87 1 19 6 74 15 9 33 68 91 51 15 73 34 88 59 25 50 80 41 23 16 63 4 71 90 80 68 24 56 78 16 97 2 42 18 97 38 43 89 52 10 49 82 91 63 68 19 81 41 7 4 69 17 66 27 24 21 86 81 52 45 94 80 85 45 38 78 2 14 64 12 37 72 3 73
0 427 280 158 454 94 245 274 408 246 518 475 529 318 329 417 575 522 115 678 596 337 292 166 609 323 482 82 432 313 182 565 490 258 405 600 574 442 414 521 488 244 241 391 458 465 332 444 441 490 365 296 520 538 553 240 479 322 621 165 609 344 588 431 420 465 276 629 421 539 667 393 460 594 314 367 379 226 396 120 504 286 480 417 81 447 556 390 228 171 361 130 514 495 312 551 574 495 102 428
427 0 707 421 119 430 302 678 650 659 640 681 853 588 142 792 1002 749 346 1105 1020 547 641 464 781 450 525 472 267 566 418 192 88 599 472 1025 893 868 491 703 844 609 539 250 833 535 207 695 843 890 590 546 257 947 659 667 709 479 788 579 880 269 706 505 760 127 191 1053 390 768 1092 761 35 1021 740 759 758 291 780 333 755 421 687 842 423 649 626 792 463 572 785 312 941 921 529 961 990 862 366 844
280 707 0 344 725 307 493 130 457 129 625 502 444 385 601 287 295 544 379 400 325 448 249 312 656 478 623 246 684 400 379 841 767 256 580 328 486 162 579 583 371 218 334 646 286 595 597 471 217 264 449 372 782 309 661 49 513 458 670 145 567 594 680 593 318 741 545 351 618 556 393 255 740 315 55 193 258 482 258 384 480 457 504 142 299 517 685 182 369 168 111 405 238 216 407 298 310 327 360 198
158 421 344 0 405 249 353 272 566 364 670 332 677 476 289 551 623 680 233 734 668 493 220 43 766 166 326 111 516 471 330 594 459 178 544 670 723 491 555 678 629 190 399 474 412 307 403 602 430 473 522 156 586 642 704 322 637 164 778 199 764 438 741 573 342 498 233 661 282 697 734 340 456 650 393 343 513 329 527 110 377 132 337 456 78 605 702 380 73 179 448 222 578 555 161 550 583 441 232 529
454 119 725 405 0 480 388 675 736 698 744 615 927 667 125 850 1017 841 399 1125 1048 635 618 447 882 389 434 480 384 647 489 290 70 577 577 1051 969 883 595 801 909 594 609 364 810 449 311 782 834 877 677 503 375 990 766 691 800 420 891 587 966 376 813 611 727 244 180 1061 298 860 1117 739 134 1040 766 747 814 372 835 342 696 368 621 852 428 743 736 784 429 575 814 361 963 942 480 955 988 835 418 882
94 430 307 249 480 0 186 336 319 232 425 568 462 231 360 370 594 434 84 689 597 244 375 259 517 411 569 172 378 223 92 540 504 344 317 603 506 465 324 429 432 326 155 339 528 553 292 358 496 546 273 389 475 517 460 260 391 412 530 228 529 288 495 341 501 442 314 656 497 452 670 467 459 607 327 432 334 175 354 184 596 373 573 449 173 356 463 448 320 243 364 120 525 508 405 598 615 566 64 416
245 302 493 353 388 186 0 515 349 407 370 684 553 287 294 506 776 453 130 868 772 247 534 382 500 483 623 324 192 265 130 367 387 497 212 778 592 650 228 416 548 488 244 153 703 616 116 395 679 729 290 508 289 676 397 445 412 496 509 405 580 102 442 246 663 274 275 841 517 472 845 638 322 788 510 610 474 25 498 247 729 443 689 634 299 355 380 630 424 415 542 131 705 689 512 783 801 740 143 584
274 678 130 272 675 336 515 0 557 239 713 373 570 476 555 414 356 654 388 469 416 529 121 231 762 376 509 207 705 485 423 832 725 137 642 417 613 230 645 684 499 101 412 664 193 479 605 577 168 217 538 256 794 430 750 151 619 351 776 110 690 616 774 661 196 733 498 389 522 667 476 141 712 386 183 96 384 498 386 345 351 362 375 190 255 614 767 117 274 106 235 403 323 299 293 284 313 233 373 323
408 650 457 566 736 319 349 557 0 329 179 869 227 90 633 267 647 115 369 703 595 103 642 570 207 730 888 473 458 97 260 676 736 623 232 604 257 559 218 126 259 594 167 440 740 872 449 46 674 719 60 694 558 457 212 415 72 729 221 476 230 397 224 218 751 600 601 727 812 133 661 698 668 641 434 644 258 364 279 500 881 692 873 568 489 62 249 639 635 504 429 404 566 562 715 736 733 782 358 413
246 659 129 364 698 232 407 239 329 0 497 592 338 258 574 193 372 418 314 461 366 324 343 344 529 521 676 252 594 274 282 770 729 337 463 372 383 254 461 455 275 301 213 558 413 652 520 343 345 391 321 438 695 292 534 88 385 507 543 191 452 505 552 472 434 673 522 442 645 430 439 376 690 381 114 318 157 401 167 365 584 492 595 251 297 389 559 310 410 222 135 348 298 284 469 417 422 454 294 185
518 640 625 670 744 425 370 713 179 497 0 992 371 240 662 443 825 174 444 880 772 186 785 684 146 825 977 594 397 228 340 614 727 760 168 781 386 735 149 96 423 736 302 396 902 965 434 192 842 889 177 814 481 630 37 580 163 831 151 621 309 370 73 134 902 558 645 905 882 186 837 854 649 819 607 804 437 392 457 584 1016 785 997 742 597 118 73 804 743 646 605 470 744 741 829 911 909 943 440 592
475 681 502 332 615 568 684 373 869 592 992 0 930 779 540 780 675 978 565 783 761 809 254 310 1075 231 230 399 835 779 656 871 683 255 874 759 975 576 884 989 865 291 704 795 338 199 722 899 422 436 833 179 892 800 1028 514 938 204 1088 404 1039 763 1062 902 235 786 498 673 334 994 808 296 714 712 557 354 747 660 753 437 91 263 6 532 398 915 1030 397 259 374 608 553 670 645 171 522 567 334 562 696
529 853 444 677 927 462 553 570 227 338 371 930 0 266 814 159 523 203 534 548 444 321 680 667 303 842 1001 568 682 289 438 899 937 675 459 453 46 478 445 280 82 640 318 662 720 979 662 190 634 670 280 773 784 292 394 420 209 833 314 527 135 616 382 444 762 817 773 605 950 198 497 698 875 505 398 635 186 562 187 643 920 808 933 503 601 267 443 614 734 558 364 572 447 453 801 659 643 759 518 305
318 588 385 476 667 231 287 476 90 258 240 779 266 0 558 249 603 204 286 671 565 75 556 480 296 641 799 382 425 26 180 637 673 535 229 573 305 502 221 211 270 507 77 401 663 782 396 128 602 649 63 604 529 438 276 340 161 639 309 390 305 353 298 229 667 553 523 680 726 221 634 617 609 601 369 566 228 298 252 413 793 603 784 506 399 139 301 564 544 417 373 322 522 515 625 673 675 704 273 375
329 142 601 289 125 360 294 555 633 574 662 540 814 558 0 729 893 742 280 1001 923 534 508 332 794 309 395 357 347 540 378 332 170 465 499 927 857 760 516 709 791 479 496 316 700 402 248 678 717 762 575 405 372 866 688 566 700 337 803 464 861 311 733 533 622 252 57 939 265 761 993 628 176 916 641 631 693 274 713 217 613 279 546 729 305 646 664 667 324 453 690 242 839 818 387 838 868 727 298 758
417 792 287 551 850 370 506 414 267 193 443 780 159 249 729 0 389 307 452 437 329 322 528 535 421 711 868 440 667 274 378 870 871 527 477 338 200 325 467 369 85 490 262 639 561 844 621 254 476 513 296 630 772 191 474 267 291 699 434 383 289 588 476 473 604 780 682 471 831 311 394 540 819 379 240 476 38 509 28 536 765 681 783 347 480 326 515 455 601 414 206 489 309 310 661 508 495 600 433 158
575 1002 295 623 1017 594 776 356 647 372 825 675 523 603 893 389 0 696 670 113 108 676 458 585 809 730 853 536 965 624 654 1132 1060 487 825 101 548 134 820 758 442 455 577 928 346 821 885 641 254 251 661 604 1065 240 859 337 679 703 823 430 657 876 864 830 442 1033 837 82 878 700 134 380 1035 39 267 327 389 768 371 676 617 718 675 167 589 708 895 282 630 445 237 698 81 88 641 185 148 367 651 234
522 749 544 680 841 434 453 654 115 418 174 978 203 204 742 307 696 0 483 737 630 208 746 682 115 844 1003 584 536 212 373 757 837 729 299 639 212 625 281 79 266 699 280 525 830 986 545 79 757 799 168 805 630 481 193 506 43 843 129 581 141 488 179 275 849 688 713 778 927 19 689 793 765 684 513 736 312 470 327 615 986 806 982 640 602 101 244 726 748 609 497 517 616 617 827 806 798 871 472 464
115 346 379 233 399 84 130 388 369 314 444 565 534 286 280 452 670 483 0 768 679 280 404 257 554 381 532 194 318 272 111 462 420 368 310 684 578 540 322 466 511 358 218 276 573 521 220 412 553 603 316 387 408 601 477 334 440 389 566 278 591 229 517 340 533 363 239 730 445 502 751 508 376 686 404 482 416 112 437 139 604 341 570 520 171 395 471 504 307 286 444 38 604 586 395 661 682 610 20 499
678 1105 400 734 1125 689 868 469 703 461 880 783 548 671 1001 437 113 737 768 0 108 746 570 696 847 842 965 644 1053 694 742 1229 1166 600 898 99 565 243 892 805 473 567 656 1018 449 933 980 691 361 351 726 716 1156 257 912 438 726 816 859 539 678 966 912 900 549 1131 945 124 990 738 58 489 1138 85 365 438 446 862 425 783 721 831 783 279 697 763 952 393 743 555 326 798 164 184 754 274 230 466 749 296
596 1020 325 668 1048 597 772 416 595 366 772 761 444 565 923 329 108 630 679 108 0 640 529 634 740 791 924 571 955 588 645 1136 1085 553 793 10 463 189 786 697 366 517 553 920 442 894 885 583 346 351 619 672 1058 152 804 357 618 767 753 469 575 868 804 793 532 1039 868 176 936 631 73 467 1052 74 282 407 339 767 317 707 709 775 761 231 623 655 844 364 686 490 235 710 93 118 709 293 256 467 659 192
337 547 448 493 635 244 247 529 103 324 186 809 321 75 534 322 676 208 280 746 640 0 598 503 275 653 809 410 362 52 169 578 634 574 154 648 355 573 146 187 337 549 117 341 720 794 347 148 664 712 43 632 464 513 223 401 166 656 287 435 333 296 253 154 716 499 505 753 725 227 709 670 565 676 437 622 303 263 326 416 831 614 814 574 417 116 239 624 564 460 444 312 596 588 649 741 744 760 271 449
292 641 249 220 618 375 534 121 642 343 785 254 680 556 508 528 458 746 404 570 529 598 0 177 849 276 396 210 715 561 467 812 676 42 692 528 724 341 698 767 613 49 485 673 192 365 607 667 226 263 614 146 794 550 821 261 708 247 863 166 794 630 850 715 129 716 452 477 426 760 585 121 677 491 303 138 496 514 500 320 242 272 256 298 240 694 832 182 192 139 356 408 436 411 183 347 385 221 394 444
166 464 312 43 447 259 382 231 570 344 684 310 667 480 332 535 585 682 257 696 634 503 177 0 773 177 335 100 551 477 346 636 502 135 565 635 713 454 575 686 614 147 403 509 369 312 440 604 387 430 529 131 624 614 719 294 641 166 786 168 760 470 754 592 300 540 276 620 307 699 699 297 499 612 363 300 497 359 510 147 348 149 315 418 88 612 720 337 68 144 418 251 543 519 146 508 541 398 253 501
609 781 656 766 882 517 500 762 207 529 146 1075 303 296 794 421 809 115 554 847 740 275 849 773 0 928 1084 677 543 296 444 760 869 830 310 750 301 740 291 88 374 802 371 541 942 1069 574 186 870 913 244 899 626 590 141 617 144 929 14 684 199 512 103 278 957 703 771 891 998 110 797 903 792 796 627 846 427 520 442 691 1088 889 1080 755 690 161 193 838 836 711 612 585 730 731 919 921 913 983 546 578
323 450 478 166 389 411 483 376 730 521 825 231 842 641 309 711 730 844 381 842 791 653 276 177 928 0 160 274 616 634 486 640 456 243 688 792 888 605 701 840 791 275 564 578 452 142 503 768 502 536 684 133 666 785 858 467 802 33 940 339 930 551 897 719 356 557 269 753 150 862 852 385 483 761 532 414 674 459 687 242 307 41 237 565 244 767 852 458 111 311 587 359 699 674 99 621 661 468 385 673
482 525 623 326 434 569 623 509 888 676 977 230 1001 799 395 868 853 1003 532 965 924 809 396 335 1084 160 0 433 733 792 640 716 504 373 833 924 1047 736 847 996 949 409 723 698 541 33 624 926 610 635 841 254 767 932 1009 617 960 170 1096 491 1090 679 1049 865 437 646 374 865 136 1020 980 484 554 887 678 527 831 598 843 393 320 196 234 694 403 923 999 573 267 461 734 507 831 806 217 722 765 547 538 820
82 472 246 111 480 172 324 207 473 252 594 399 568 382 357 440 536 584 194 644 571 410 210 100 677 274 433 0 508 381 263 625 525 176 487 574 614 403 495 591 518 164 306 466 383 411 403 506 375 423 434 222 592 534 630 217 543 265 690 107 660 421 663 512 339 526 301 583 393 601 640 316 507 560 291 296 402 304 416 141 424 242 404 372 53 517 635 324 167 101 344 201 484 462 243 491 518 418 183 421
432 267 684 516 384 378 192 705 458 594 397 835 682 425 347 667 965 536 318 1053 955 362 715 551 543 616 733 508 0 400 311 221 349 676 238 961 715 840 256 476 696 671 408 42 890 734 114 500 870 920 402 669 105 849 410 636 502 636 548 595 675 90 456 266 844 164 360 1031 609 554 1027 823 266 974 699 799 640 207 664 406 892 578 842 826 475 437 370 821 581 603 729 307 892 877 666 975 993 926 332 764
313 566 400 471 647 223 265 485 97 274 228 779 289 26 540 274 624 212 272 694 588 52 561 477 296 634 792 381 400 0 164 612 651 538 205 597 327 521 197 210 296 512 76 376 674 776 372 139 616 664 54 603 503 463 265 353 169 634 309 396 321 328 290 206 675 528 506 701 715 230 658 627 587 624 386 577 253 276 277 403 796 596 784 523 394 136 286 577 540 422 393 308 544 537 623 691 693 715 261 398
182 418 379 330 489 92 130 423 260 282 340 656 438 180 378 378 654 373 111 742 645 169 467 346 444 486 640 263 311 164 0 497 500 436 225 651 480 531 232 356 425 418 121 276 616 627 245 303 579 629 206 476 413 547 374 330 330 491 456 317 484 223 412 249 592 403 343 721 555 392 717 557 443 663 389 520 345 131 369 247 686 446 661 520 258 285 374 533 403 334 418 144 580 566 490 675 689 655 102 455
565 192 841 594 290 540 367 832 676 770 614 871 899 637 332 870 1132 757 462 1229 1136 578 812 636 760 640 716 625 221 612 497 0 226 770 459 1142 933 1002 477 696 906 776 608 237 1001 726 252 720 1000 1048 619 729 138 1043 624 796 723 668 765 727 896 284 670 486 935 100 375 1191 580 775 1209 930 162 1147 866 920 840 369 864 494 943 609 877 981 580 658 580 949 644 726 903 436 1065 1048 715 1114 1138 1032 481 950
490 88 767 459 70 504 387 725 736 729 727 683 937 673 170 871 1060 837 420 1166 1085 634 676 502 869 456 504 525 349 651 500 226 0 634 560 1089 977 926 579 791 925 649 621 336 868 519 295 782 887 932 677 566 324 1019 746 729 796 487 876 632 966 357 793 593 788 195 227 1108 368 856 1156 797 84 1081 804 801 835 375 857 384 763 433 689 897 473 737 713 837 489 622 851 384 1003 983 544 1008 1038 894 440 914
258 599 256 178 577 344 497 137 623 337 760 255 675 535 465 527 487 729 368 600 553 574 42 135 830 243 373 176 676 538 436 770 634 0 661 552 720 365 668 746 611 38 462 634 235 343 567 651 264 303 592 119 754 563 796 261 690 216 844 150 785 592 827 685 168 674 410 511 392 744 611 163 634 519 312 175 493 476 499 279 258 235 258 324 201 673 805 217 152 120 366 370 460 435 156 385 422 263 358 454
405 472 580 544 577 317 212 642 232 463 168 874 459 229 499 477 825 299 310 898 793 154 692 565 310 688 833 487 238 205 225 459 560 661 0 801 487 716 19 238 487 643 250 231 835 824 266 271 791 840 185 695 331 667 190 531 267 698 317 539 439 202 236 34 817 394 485 900 729 316 863 779 482 827 576 738 457 236 481 446 909 647 880 713 477 202 168 746 617 558 590 329 746 737 705 877 884 875 312 602
600 1025 328 670 1051 603 778 417 604 372 781 759 453 573 927 338 101 639 684 99 10 648 528 635 750 792 924 574 961 597 651 1142 1089 552 801 0 473 188 794 706 376 517 560 927 438 893 891 592 342 346 627 671 1064 162 813 360 628 767 762 472 585 874 813 802 529 1044 871 167 937 641 67 464 1057 65 286 405 348 773 326 710 706 776 759 230 626 664 853 362 687 492 240 715 93 118 708 286 248 462 664 200
574 893 486 723 969 506 592 613 257 383 386 975 46 305 857 200 548 212 578 565 463 355 724 713 301 888 1047 614 715 327 480 933 977 720 487 473 0 511 472 291 117 684 361 696 759 1025 699 217 671 706 313 818 815 311 406 464 228 879 311 572 113 651 388 470 804 853 817 629 996 204 511 740 914 528 439 675 229 602 228 688 963 854 978 539 647 290 457 653 780 604 402 616 474 482 847 691 673 798 561 338
442 868 162 491 883 465 650 230 559 254 735 576 478 502 760 325 134 625 540 243 189 573 341 454 740 605 736 403 840 521 531 1002 926 365 716 188 511 0 713 678 396 330 466 803 273 705 757 561 176 199 564 484 939 243 770 206 601 580 753 296 612 751 782 724 352 902 703 191 752 632 247 285 901 159 142 222 313 640 301 542 529 591 576 44 455 620 801 182 503 312 130 566 96 70 521 183 174 305 521 173
414 491 579 555 595 324 228 645 218 461 149 884 445 221 516 467 820 281 322 892 786 146 698 575 291 701 847 495 256 197 232 477 579 668 19 794 472 713 0 220 474 649 247 250 839 838 285 255 792 841 173 705 349 658 172 531 250 710 298 543 421 221 218 18 822 413 502 896 745 298 855 783 501 821 574 741 449 252 472 459 918 660 890 711 487 185 152 748 628 563 587 342 741 732 716 876 882 879 322 595
521 703 583 678 801 429 416 684 126 455 96 989 280 211 709 369 758 79 466 805 697 187 767 686 88 840 996 591 476 210 356 696 791 746 238 706 291 678 220 0 338 719 285 469 867 981 497 117 799 844 157 813 565 551 115 541 79 841 100 601 214 436 107 210 877 632 685 839 911 90 758 825 716 748 558 770 369 435 387 603 1004 800 994 689 602 74 165 765 749 628 548 497 677 676 832 857 852 908 458 524
488 844 371 629 909 432 548 499 259 275 423 865 82 270 791 85 442 266 511 473 366 337 613 614 374 791 949 518 696 296 425 906 925 611 487 376 117 396 474 338 0 574 305 671 642 925 662 233 554 589 302 713 799 216 451 351 262 780 387 466 217 622 444 476 688 820 746 524 907 266 423 623 868 425 322 559 119 555 113 606 850 760 868 422 556 310 496 536 682 497 285 549 365 371 744 577 560 680 493 223
244 609 218 190 594 326 488 101 594 301 736 291 640 507 479 490 455 699 358 567 517 549 49 147 802 275 409 164 671 512 418 776 649 38 643 517 684 330 649 719 574 0 436 629 225 380 564 620 241 283 566 156 752 526 772 224 661 250 815 118 751 585 801 666 176 678 423 482 423 713 577 155 644 486 274 153 456 468 462 282 287 264 294 290 198 646 783 192 178 90 328 364 424 400 192 362 397 258 347 416
241 539 334 399 609 155 244 412 167 213 302 704 318 77 496 262 577 280 218 656 553 117 485 403 371 564 723 306 408 76 121 608 621 462 250 560 361 466 247 285 305 436 0 378 603 706 359 203 549 597 130 528 512 441 338 286 238 563 384 320 375 326 365 260 600 518 457 651 652 298 624 553 563 581 327 505 233 250 257 339 720 526 709 464 322 211 355 507 468 346 341 255 499 489 549 629 635 644 203 361
391 250 646 474 364 339 153 664 440 558 396 795 662 401 316 639 928 525 276 1018 920 341 673 509 541 578 698 466 42 376 276 237 336 634 231 927 696 803 250 469 671 629 378 0 849 698 74 484 830 879 383 628 137 818 412 598 489 597 547 554 663 53 459 263 802 163 325 994 575 543 993 782 255 938 662 758 610 166 634 364 851 539 801 787 433 425 377 780 540 562 693 266 856 841 625 935 953 885 292 730
458 833 286 412 810 528 703 193 740 413 902 338 720 663 700 561 346 830 573 449 442 720 192 369 942 452 541 383 890 674 616 1001 868 235 835 438 759 273 839 867 642 225 603 849 0 508 786 756 98 99 726 320 975 515 939 325 798 420 956 300 848 802 961 854 105 903 645 335 599 841 480 72 868 384 323 98 537 685 533 507 272 456 337 233 422 799 958 106 382 288 357 584 358 335 353 184 229 41 560 432
465 535 595 307 449 553 616 479 872 652 965 199 979 782 402 844 821 986 521 933 894 794 365 312 1069 142 33 411 734 776 627 726 519 343 824 893 1025 705 838 981 925 380 706 698 508 0 624 909 577 602 826 224 772 904 998 590 943 146 1082 465 1071 677 1037 856 404 653 375 833 152 1004 949 451 565 855 650 495 807 592 818 381 289 181 203 663 385 908 989 541 245 435 706 497 801 775 188 690 733 514 526 793
332 207 597 403 311 292 116 605 449 520 434 722 662 396 248 621 885 545 220 980 885 347 607 440 574 503 624 403 114 372 245 252 295 567 266 891 699 757 285 497 662 564 359 74 786 624 0 494 772 822 390 556 189 792 455 551 505 523 582 496 677 65 501 300 735 159 252 948 503 563 958 718 220 898 619 698 590 118 613 293 778 465 728 739 367 444 425 722 468 501 654 203 816 800 552 881 902 821 238 699
444 695 471 602 782 358 395 577 46 343 192 899 190 128 678 254 641 79 412 691 583 148 667 604 186 768 926 506 500 139 303 720 782 651 271 592 217 561 255 117 233 620 203 484 756 909 494 0 685 729 105 727 599 439 221 431 42 766 200 502 185 442 223 254 772 644 645 722 853 95 646 717 713 632 443 661 252 410 270 541 908 730 903 573 525 78 264 653 670 531 431 447 560 558 749 740 735 797 400 407
441 843 217 430 834 496 679 168 674 345 842 422 634 602 717 476 254 757 553 361 346 664 226 387 870 502 610 375 870 616 579 1000 887 264 791 342 671 176 792 799 554 241 549 830 98 577 772 685 0 50 666 370 961 418 878 263 727 472 884 276 765 781 897 806 188 901 661 256 651 767 387 128 878 291 244 89 455 664 448 511 364 498 422 137 422 734 902 51 416 274 270 570 261 238 406 122 159 130 538 339
490 890 264 473 877 546 729 217 719 391 889 436 670 649 762 513 251 799 603 351 351 712 263 430 913 536 635 423 920 664 629 1048 932 303 840 346 706 199 841 844 589 283 597 879 99 602 822 729 50 0 713 403 1010 440 925 311 771 505 927 325 802 831 943 855 202 949 706 237 685 809 384 152 925 290 286 131 494 713 486 558 370 535 435 167 469 779 949 100 455 322 307 619 273 252 438 87 131 116 588 370
365 590 449 522 677 273 290 538 60 321 177 833 280 63 575 296 661 168 316 726 619 43 614 529 244 684 841 434 402 54 206 619 677 592 185 627 313 564 173 157 302 566 130 383 726 826 390 105 666 713 0 656 503 487 213 403 125 685 257 450 290 339 236 177 728 541 545 740 761 187 687 679 608 659 432 628 280 305 302 450 850 645 838 568 445 83 238 627 592 476 434 349 581 575 675 736 737 767 306 431
296 546 372 156 503 389 508 256 694 438 814 179 773 604 405 630 604 805 387 716 672 632 146 131 899 133 254 222 669 603 476 729 566 119 695 671 818 484 705 813 713 156 528 628 320 224 556 727 370 403 656 0 734 680 849 370 764 102 912 248 874 593 883 723 226 638 355 623 281 821 729 252 581 637 427 283 595 485 604 265 223 138 184 442 218 739 850 328 88 217 482 377 578 553 37 489 529 338 384 570
520 257 782 586 375 475 289 794 558 695 481 892 784 529 372 772 1065 630 408 1156 1058 464 794 624 626 666 767 592 105 503 413 138 324 754 331 1064 815 939 349 565 799 752 512 137 975 772 189 599 961 1010 503 734 0 953 488 734 598 689 630 685 770 190 533 356 922 131 399 1130 635 647 1130 907 243 1076 799 887 745 300 769 477 955 630 899 923 555 533 443 911 646 690 831 392 993 978 727 1069 1088 1010 424 867
538 947 309 642 990 517 676 430 457 292 630 800 292 438 866 191 240 481 601 257 152 513 550 614 590 785 932 534 849 463 547 1043 1019 563 667 162 311 243 658 551 216 526 441 818 515 904 792 439 418 440 487 680 953 0 660 320 473 766 603 447 423 766 658 664 587 949 814 319 921 482 208 519 976 217 254 454 211 675 187 656 763 762 801 282 583 514 703 419 675 474 198 636 175 190 716 403 376 548 581 113
553 659 661 704 766 460 397 750 212 534 37 1028 394 276 688 474 859 193 477 912 804 223 821 719 141 858 1009 630 410 265 374 624 746 796 190 813 406 770 172 115 451 772 338 412 939 998 455 221 878 925 213 849 488 660 0 616 189 864 143 658 322 390 47 155 938 572 672 939 911 202 867 891 667 851 643 841 469 420 489 616 1052 818 1033 778 632 151 53 840 777 682 640 502 777 774 863 946 944 980 474 625
240 667 49 322 691 260 445 151 415 88 580 514 420 340 566 267 337 506 334 438 357 401 261 294 617 467 617 217 636 353 330 796 729 261 531 360 464 206 531 541 351 224 286 598 325 590 551 431 263 311 403 370 734 320 616 0 473 449 631 127 538 547 636 544 346 697 511 397 601 518 427 288 700 354 75 230 235 435 239 350 500 442 516 190 269 474 639 225 356 156 126 361 274 254 403 347 359 367 315 207
479 709 513 637 800 391 412 619 72 385 163 938 209 161 700 291 679 43 440 726 618 166 708 641 144 802 960 543 502 169 330 723 796 690 267 628 228 601 250 79 262 661 238 489 798 943 505 42 727 771 125 764 598 473 189 473 0 801 158 543 174 450 186 245 814 651 670 760 883 62 680 759 725 670 485 703 291 428 308 572 948 764 942 615 560 65 235 695 706 571 473 474 598 598 786 782 776 839 429 446
322 479 458 164 420 412 496 351 729 507 831 204 833 639 337 699 703 843 389 816 767 656 247 166 929 33 170 265 636 634 491 668 487 216 698 767 879 580 710 841 780 250 563 597 420 146 523 766 472 505 685 102 689 766 864 449 801 0 942 322 925 568 902 728 323 582 294 724 179 860 827 354 512 735 512 385 662 472 674 251 277 59 210 540 241 768 860 429 98 293 568 369 674 649 67 591 631 436 391 654
621 788 670 778 891 530 509 776 221 543 151 1088 314 309 803 434 823 129 566 859 753 287 863 786 14 940 1096 690 548 309 456 765 876 844 317 762 311 753 298 100 387 815 384 547 956 1082 582 200 884 927 257 912 630 603 143 631 158 942 0 697 208 519 102 284 971 709 781 904 1010 123 810 917 799 809 641 860 441 530 455 703 1102 901 1093 769 702 174 193 852 849 725 626 596 743 744 932 935 926 997 558 592
165 579 145 199 587 228 405 110 476 191 621 404 527 390 464 383 430 581 278 539 469 435 166 168 684 339 491 107 595 396 317 727 632 150 539 472 572 296 543 601 466 118 320 554 300 465 496 502 276 325 450 248 685 447 658 127 543 322 697 0 635 506 686 559 281 628 408 476 475 595 536 240 613 454 195 205 347 389 356 248 406 316 408 265 159 529 671 226 229 31 250 294 381 358 279 387 412 339 263 334
609 880 567 764 966 529 580 690 230 452 309 1039 135 305 861 289 657 141 591 678 575 333 794 760 199 930 1090 660 675 321 484 896 966 785 439 585 113 612 421 214 217 751 375 663 848 1071 677 185 765 802 290 874 770 423 322 538 174 925 208 635 0 623 296 415 884 825 827 739 1026 125 624 823 897 638 525 760 311 594 316 714 1036 894 1043 636 687 238 375 742 827 666 495 627 582 588 901 794 778 888 577 440
344 269 594 438 376 288 102 616 397 505 370 763 616 353 311 588 876 488 229 966 868 296 630 470 512 551 679 421 90 328 223 284 357 592 202 874 651 751 221 436 622 585 326 53 802 677 65 442 781 831 339 593 190 766 390 547 450 568 519 506 623 0 437 236 759 202 310 942 561 506 940 737 280 886 610 711 559 118 583 328 815 512 769 736 392 387 360 731 506 515 641 222 803 789 592 885 903 839 243 678
588 706 680 741 813 495 442 774 224 552 73 1062 382 298 733 476 864 179 517 912 804 253 850 754 103 897 1049 663 456 290 412 670 793 827 236 813 388 782 218 107 444 801 365 459 961 1037 501 223 897 943 236 883 533 658 47 636 186 902 102 686 296 437 0 202 965 619 717 945 954 184 865 916 714 855 658 864 475 464 493 656 1084 857 1067 792 668 163 92 861 814 711 652 543 783 781 899 960 956 1002 512 630
431 505 593 573 611 341 246 661 218 472 134 902 444 229 533 473 830 275 340 900 793 154 715 592 278 719 865 512 266 206 249 486 593 685 34 802 470 724 18 210 476 666 260 263 854 856 300 254 806 855 177 723 356 664 155 544 245 728 284 559 415 236 202 0 838 425 520 906 762 291 862 798 515 830 586 756 456 269 479 477 935 678 908 723 505 181 134 763 646 579 597 360 750 742 734 889 894 894 340 603
420 760 318 342 727 501 663 196 751 434 902 235 762 667 622 604 442 849 533 549 532 716 129 300 957 356 437 339 844 675 592 935 788 168 817 529 804 352 822 877 688 176 600 802 105 404 735 772 188 202 728 226 922 587 938 346 814 323 971 281 884 759 965 838 0 840 569 438 500 862 575 68 795 480 366 134 576 643 576 446 178 364 234 309 368 806 952 170 299 259 410 537 444 419 257 289 334 113 522 493
465 127 741 498 244 442 274 733 600 673 558 786 817 553 252 780 1033 688 363 1131 1039 499 716 540 703 557 646 526 164 528 403 100 195 674 394 1044 853 902 413 632 820 678 518 163 903 653 159 644 901 949 541 638 131 949 572 697 651 582 709 628 825 202 619 425 840 0 288 1092 512 706 1111 833 113 1048 767 822 748 274 772 396 855 523 793 881 482 588 534 850 551 627 805 337 966 949 626 1015 1039 935 382 854
276 191 545 233 180 314 275 498 601 522 645 498 773 523 57 682 837 713 239 945 868 505 452 276 771 269 374 301 360 506 343 375 227 410 485 871 817 703 502 685 746 423 457 325 645 375 252 645 661 706 545 355 399 814 672 511 670 294 781 408 827 310 717 520 569 288 0 882 251 732 938 573 226 860 586 575 645 252 665 162 568 235 504 673 248 619 653 610 272 396 635 201 783 762 340 781 812 672 255 705
629 1053 351 661 1061 656 841 389 727 442 905 673 605 680 939 471 82 778 730 124 176 753 477 620 891 753 865 583 1031 701 721 1191 1108 511 900 167 629 191 896 839 524 482 651 994 335 833 948 722 256 237 740 623 1130 319 939 397 760 724 904 476 739 942 945 906 438 1092 882 0 902 782 171 383 1087 104 332 340 470 831 452 724 607 746 672 212 635 788 974 295 660 486 310 755 162 165 660 154 109 348 711 315
421 390 618 282 298 497 517 522 812 645 882 334 950 726 265 831 878 927 445 990 936 725 426 307 998 150 136 393 609 715 555 580 368 392 729 937 996 752 745 911 907 423 652 575 599 152 503 853 651 685 761 281 635 921 911 601 883 179 1010 475 1026 561 954 762 500 512 251 902 0 945 998 533 418 908 670 564 793 493 808 313 422 161 340 712 351 840 897 608 250 450 725 414 844 820 246 770 810 613 455 808
539 768 556 697 860 452 472 667 133 430 186 994 198 221 761 311 700 19 502 738 631 227 760 699 110 862 1020 601 554 230 392 775 856 744 316 641 204 632 298 90 266 713 298 543 841 1004 563 95 767 809 187 821 647 482 202 518 62 860 123 595 125 506 184 291 862 706 732 782 945 0 689 806 783 687 523 747 319 489 333 633 1001 824 998 648 619 119 254 737 765 624 505 536 620 622 844 814 805 882 490 469
667 1092 393 734 1117 670 845 476 661 439 837 808 497 634 993 394 134 689 751 58 73 709 585 699 797 852 980 640 1027 658 717 1209 1156 611 863 67 511 247 855 758 423 577 624 993 480 949 958 646 387 384 687 729 1130 208 867 427 680 827 810 536 624 940 865 862 575 1111 938 171 998 689 0 512 1124 96 352 457 407 840 384 776 751 838 808 287 692 720 909 412 749 556 307 782 156 179 766 313 271 500 731 264
393 761 255 340 739 467 638 141 698 376 854 296 698 617 628 540 380 793 508 489 467 670 121 297 903 385 484 316 823 627 557 930 797 163 779 464 740 285 783 825 623 155 553 782 72 451 718 717 128 152 679 252 907 519 891 288 759 354 917 240 823 737 916 798 68 833 573 383 533 806 512 0 797 416 301 66 513 619 512 437 245 387 296 241 353 755 908 103 311 224 344 516 377 353 287 239 282 103 495 426
460 35 740 456 134 459 322 712 668 690 649 714 875 609 176 819 1035 765 376 1138 1052 565 677 499 792 483 554 507 266 587 443 162 84 634 482 1057 914 901 501 716 868 644 563 255 868 565 220 713 878 925 608 581 243 976 667 700 725 512 799 613 897 280 714 515 795 113 226 1087 418 783 1124 797 0 1053 773 794 785 314 807 367 789 455 720 875 457 664 632 827 498 607 816 342 973 954 563 996 1024 897 396 874
594 1021 315 650 1040 607 788 386 641 381 819 712 505 601 916 379 39 684 686 85 74 676 491 612 796 761 887 560 974 624 663 1147 1081 519 827 65 528 159 821 748 425 486 581 938 384 855 898 632 291 290 659 637 1076 217 851 354 670 735 809 454 638 886 855 830 480 1048 860 104 908 687 96 416 1053 0 282 362 382 780 363 699 655 748 712 196 612 701 889 317 660 471 245 715 83 100 674 224 184 406 666 228
314 740 55 393 766 327 510 183 434 114 607 557 398 369 641 240 267 513 404 365 282 437 303 363 627 532 678 291 699 386 389 866 804 312 576 286 439 142 574 558 322 274 327 662 323 650 619 443 244 286 432 427 799 254 643 75 485 512 641 195 525 610 658 586 366 767 586 332 670 523 352 301 773 282 0 236 214 501 211 424 532 510 559 137 343 495 670 217 422 221 56 433 201 182 462 304 308 363 385 143
367 759 193 343 747 432 610 96 644 318 804 354 635 566 631 476 327 736 482 438 407 622 138 300 846 414 527 296 799 577 520 920 801 175 738 405 675 222 741 770 559 153 505 758 98 495 698 661 89 131 628 283 887 454 841 230 703 385 860 205 760 711 864 756 134 822 575 340 564 747 457 66 794 362 236 0 450 593 448 428 309 410 354 179 340 702 860 45 327 197 278 495 316 291 320 210 247 139 468 360
379 758 258 513 814 334 474 384 258 157 437 747 186 228 693 38 389 312 416 446 339 303 496 497 427 674 831 402 640 253 345 840 835 493 457 348 229 313 449 369 119 456 233 610 537 807 590 252 455 494 280 595 745 211 469 235 291 662 441 347 311 559 475 456 576 748 645 470 793 319 407 513 785 382 214 450 0 476 24 498 734 644 750 331 442 319 507 431 564 378 188 453 308 307 625 495 486 577 396 156
226 291 482 329 372 175 25 498 364 401 392 660 562 298 274 509 768 470 112 862 767 263 514 359 520 459 598 304 207 276 131 369 375 476 236 773 602 640 252 435 555 468 250 166 685 592 118 410 664 713 305 485 300 675 420 435 428 472 530 389 594 118 464 269 643 274 252 831 493 489 840 619 314 780 501 593 476 0 499 222 706 418 665 623 277 373 403 614 400 397 536 108 698 682 488 769 788 721 126 581
396 780 258 527 835 354 498 386 279 167 457 753 187 252 713 28 371 327 437 425 317 326 500 510 442 687 843 416 664 277 369 864 857 499 481 326 228 301 472 387 113 462 257 634 533 818 613 270 448 486 302 604 769 187 489 239 308 674 455 356 316 583 493 479 576 772 665 452 808 333 384 512 807 363 211 448 24 499 0 516 737 657 755 321 458 339 527 427 576 387 179 474 290 290 635 483 472 572 418 137
120 333 384 110 342 184 247 345 500 365 584 437 643 413 217 536 676 615 139 783 707 416 320 147 691 242 393 141 406 403 247 494 384 279 446 710 688 542 459 603 606 282 339 364 507 381 293 541 511 558 450 265 477 656 616 350 572 251 703 248 714 328 656 477 446 396 162 724 313 633 776 437 367 699 424 428 498 222 516 0 487 202 443 513 90 531 609 460 178 240 474 118 622 600 266 629 657 539 145 546
504 755 480 377 696 596 729 351 881 584 1016 91 920 793 613 765 617 986 604 721 709 831 242 348 1088 307 320 424 892 796 686 943 763 258 909 706 963 529 918 1004 850 287 720 851 272 289 778 908 364 370 850 223 955 763 1052 500 948 277 1102 406 1036 815 1084 935 178 855 568 607 422 1001 751 245 789 655 532 309 734 706 737 487 0 334 86 486 433 931 1059 348 310 377 580 598 621 597 229 453 499 260 599 665
286 421 457 132 368 373 443 362 692 492 785 263 808 603 279 681 718 806 341 831 775 614 272 149 889 41 196 242 578 596 446 609 433 235 647 776 854 591 660 800 760 264 526 539 456 181 465 730 498 535 645 138 630 762 818 442 764 59 901 316 894 512 857 678 364 523 235 746 161 824 838 387 455 748 510 410 644 418 657 202 334 0 269 552 208 728 811 453 89 289 565 319 683 659 112 619 657 475 345 649
480 687 504 337 621 573 689 375 873 595 997 6 933 784 546 783 675 982 570 783 761 814 256 315 1080 237 234 404 842 784 661 877 689 258 880 759 978 576 890 994 868 294 709 801 337 203 728 903 422 435 838 184 899 801 1033 516 942 210 1093 408 1043 769 1067 908 234 793 504 672 340 998 808 296 720 712 559 354 750 665 755 443 86 269 0 533 403 920 1035 397 265 377 610 558 671 646 177 521 566 332 568 698
417 842 142 456 852 449 634 190 568 251 742 532 503 506 729 347 167 640 520 279 231 574 298 418 755 565 694 372 826 523 520 981 897 324 713 230 539 44 711 689 422 290 464 787 233 663 739 573 137 167 568 442 923 282 778 190 615 540 769 265 636 736 792 723 309 881 673 212 712 648 287 241 875 196 137 179 331 623 321 513 486 552 533 0 424 629 807 139 464 279 143 544 139 114 479 168 171 267 501 203
81 423 299 78 428 173 299 255 489 297 597 398 601 399 305 480 589 602 171 697 623 417 240 88 690 244 403 53 475 394 258 580 473 201 477 626 647 455 487 602 556 198 322 433 422 385 367 525 422 469 445 218 555 583 632 269 560 241 702 159 687 392 668 505 368 482 248 635 351 619 692 353 457 612 343 340 442 277 458 90 433 208 403 424 0 528 632 371 147 150 395 169 537 515 232 539 567 456 166 471
447 649 517 605 743 356 355 614 62 389 118 915 267 139 646 326 708 101 395 763 655 116 694 612 161 767 923 517 437 136 285 658 737 673 202 664 290 620 185 74 310 646 211 425 799 908 444 78 734 779 83 739 533 514 151 474 65 768 174 529 238 387 163 181 806 588 619 788 840 119 720 755 664 701 495 702 319 373 339 531 931 728 920 629 528 0 189 698 675 556 490 427 627 624 758 797 795 840 386 474
556 626 685 702 736 463 380 767 249 559 73 1030 443 301 664 515 895 244 471 952 844 239 832 720 193 852 999 635 370 286 374 580 713 805 168 853 457 801 152 165 496 783 355 377 958 989 425 264 902 949 238 850 443 703 53 639 235 860 193 671 375 360 92 134 952 534 653 974 897 254 909 908 632 889 670 860 507 403 527 609 1059 811 1035 807 632 189 0 862 775 694 671 493 814 809 863 975 975 999 470 662
390 792 182 380 784 448 630 117 639 310 804 397 614 564 667 455 282 726 504 393 364 624 182 337 838 458 573 324 821 577 533 949 837 217 746 362 653 182 748 765 536 192 507 780 106 541 722 653 51 100 627 328 911 419 840 225 695 429 852 226 742 731 861 763 170 850 610 295 608 737 412 103 827 317 217 45 431 614 427 460 348 453 397 139 371 698 862 0 369 223 252 520 274 250 365 171 205 146 488 329
228 463 369 73 429 320 424 274 635 410 743 259 734 544 324 601 630 748 307 743 686 564 192 68 836 111 267 167 581 540 403 644 489 152 617 687 780 503 628 749 682 178 468 540 382 245 468 670 416 455 592 88 646 675 777 356 706 98 849 229 827 506 814 646 299 551 272 660 250 765 749 311 498 660 422 327 564 400 576 178 310 89 265 464 147 675 775 369 0 202 478 293 594 570 88 537 574 406 306 562
171 572 168 179 575 243 415 106 504 222 646 374 558 417 453 414 445 609 286 555 490 460 139 144 711 311 461 101 603 422 334 726 622 120 558 492 604 312 563 628 497 90 346 562 288 435 501 531 274 322 476 217 690 474 682 156 571 293 725 31 666 515 711 579 259 627 396 486 450 624 556 224 607 471 221 197 378 397 387 240 377 289 377 279 150 556 694 223 202 0 276 298 400 376 249 390 417 325 272 361
361 785 111 448 814 364 542 235 429 135 605 608 364 373 690 206 237 497 444 326 235 444 356 418 612 587 734 344 729 393 418 903 851 366 590 240 402 130 587 548 285 328 341 693 357 706 654 431 270 307 434 482 831 198 640 126 473 568 626 250 495 641 652 597 410 805 635 310 725 505 307 344 816 245 56 278 188 536 179 474 580 565 610 143 395 490 671 252 478 276 0 475 163 149 517 309 305 395 424 88
130 312 405 222 361 120 131 403 404 348 470 553 572 322 242 489 698 517 38 798 710 312 408 251 585 359 507 201 307 308 144 436 384 370 329 715 616 566 342 497 549 364 255 266 584 497 203 447 570 619 349 377 392 636 502 361 474 369 596 294 627 222 543 360 537 337 201 755 414 536 782 516 342 715 433 495 453 108 474 118 598 319 558 544 169 427 493 520 293 298 475 0 634 615 382 681 703 619 57 532
514 941 238 578 963 525 705 323 566 298 744 670 447 522 839 309 81 616 604 164 93 596 436 543 730 699 831 484 892 544 580 1065 1003 460 746 93 474 96 741 677 365 424 499 856 358 801 816 560 261 273 581 578 993 175 777 274 598 674 743 381 582 803 783 750 444 966 783 162 844 620 156 377 973 83 201 316 308 698 290 622 621 683 671 139 537 627 814 274 594 400 163 634 0 25 616 229 202 386 584 153
495 921 216 555 942 508 689 299 562 284 741 645 453 515 818 310 88 617 586 184 118 588 411 519 731 674 806 462 877 537 566 1048 983 435 737 118 482 70 732 676 371 400 489 841 335 775 800 558 238 252 575 553 978 190 774 254 598 649 744 358 588 789 781 742 419 949 762 165 820 622 179 353 954 100 182 291 307 682 290 600 597 659 646 114 515 624 809 250 570 376 149 615 25 0 591 214 191 364 567 153
312 529 407 161 480 405 512 293 715 469 829 171 801 625 387 661 641 827 395 754 709 649 183 146 919 99 217 243 666 623 490 715 544 156 705 708 847 521 716 832 744 192 549 625 353 188 552 749 406 438 675 37 727 716 863 403 786 67 932 279 901 592 899 734 257 626 340 660 246 844 766 287 563 674 462 320 625 488 635 266 229 112 177 479 232 758 863 365 88 249 517 382 616 591 0 525 565 369 394 605
551 961 298 550 955 598 783 284 736 417 911 522 659 673 838 508 185 806 661 274 293 741 347 508 921 621 722 491 975 691 675 1114 1008 385 877 286 691 183 876 857 577 362 629 935 184 690 881 740 122 87 736 489 1069 403 946 347 782 591 935 387 794 885 960 889 289 1015 781 154 770 814 313 239 996 224 304 210 495 769 483 629 453 619 521 168 539 797 975 171 537 390 309 681 229 214 525 0 46 194 644 354
574 990 310 583 988 615 801 313 733 422 909 567 643 675 868 495 148 798 682 230 256 744 385 541 913 661 765 518 993 693 689 1138 1038 422 884 248 673 174 882 852 560 397 635 953 229 733 902 735 159 131 737 529 1088 376 944 359 776 631 926 412 778 903 956 894 334 1039 812 109 810 805 271 282 1024 184 308 247 486 788 472 657 499 657 566 171 567 795 975 205 574 417 305 703 202 191 565 46 0 239 664 339
495 862 327 441 835 566 740 233 782 454 943 334 759 704 727 600 367 871 610 466 467 760 221 398 983 468 547 418 926 715 655 1032 894 263 875 462 798 305 879 908 680 258 644 885 41 514 821 797 130 116 767 338 1010 548 980 367 839 436 997 339 888 839 1002 894 113 935 672 348 613 882 500 103 897 406 363 139 577 721 572 539 260 475 332 267 456 840 999 146 406 325 395 619 386 364 369 194 239 0 597 468
102 366 360 232 418 64 143 373 358 294 440 562 518 273 298 433 651 472 20 749 659 271 394 253 546 385 538 183 332 261 102 481 440 358 312 664 561 521 322 458 493 347 203 292 560 526 238 400 538 588 306 384 424 581 474 315 429 391 558 263 577 243 512 340 522 382 255 711 455 490 731 495 396 666 385 468 396 126 418 145 599 345 568 501 166 386 470 488 306 272 424 57 584 567 394 644 664 597 0 479
428 844 198 529 882 416 584 323 413 185 592 696 305 375 758 158 234 464 499 296 192 449 444 501 578 673 820 421 764 398 455 950 914 454 602 200 338 173 595 524 223 416 361 730 432 793 699 407 339 370 431 570 867 113 625 207 446 654 592 334 440 678 630 603 493 854 705 315 808 469 264 426 874 228 143 360 156 581 137 546 665 649 698 203 471 474 662 329 562 361 88 532 153 153 605 354 339 468 479 0
