# TTSP Euclidean complete-graph matrix instance
# seed: 2073
# depot: 1
# L_max is not stored in this file; pass it with --budget when running algorithms.
# coordinate rows: node x y
# coord 1 882.129850 589.411026
# coord 2 505.025064 788.242244
# coord 3 25.312588 196.744017
# coord 4 97.572855 275.108944
# coord 5 352.519096 776.171212
# coord 6 458.331667 232.993329
# coord 7 51.585387 366.075153
# coord 8 328.695073 268.748002
# coord 9 953.119884 357.124971
# coord 10 969.652496 601.737720
# coord 11 546.999512 679.735765
# coord 12 974.831231 514.546084
# coord 13 824.921274 902.914280
# coord 14 309.953044 702.714086
# coord 15 517.283583 661.396160
# coord 16 956.764859 263.609681
# coord 17 19.072402 887.381360
# coord 18 168.488039 887.870172
# coord 19 614.536749 271.283573
# coord 20 721.854133 606.748431
# coord 21 763.858598 450.501161
# coord 22 571.103214 22.938216
# coord 23 886.621798 341.283169
# coord 24 752.479517 605.230499
# coord 25 221.138607 319.011675
# coord 26 681.662481 758.458511
# coord 27 579.277247 31.186020
# coord 28 244.840424 77.160829
# coord 29 157.782443 781.267438
# coord 30 476.712279 741.044693
# coord 31 738.821717 356.600535
# coord 32 494.292542 305.942669
# coord 33 930.418485 376.844237
# coord 34 123.976054 611.555108
# coord 35 932.055134 642.738593
# coord 36 341.106883 219.452089
# coord 37 428.053157 188.733227
# coord 38 106.333620 841.804131
# coord 39 17.467868 726.003449
# coord 40 79.638351 415.942915
# coord 41 915.045336 657.847257
# coord 42 498.758112 803.970978
# coord 43 603.115739 252.599128
# coord 44 180.389440 43.689991
# coord 45 388.025566 548.097886
# coord 46 190.471433 354.262724
# coord 47 507.128536 344.548529
# coord 48 469.933350 931.518463
# coord 49 510.647521 209.061715
# coord 50 718.146669 94.038356
# coord 51 386.319416 714.268860
# coord 52 187.599711 222.327884
# coord 53 873.929506 15.720171
# coord 54 781.117411 688.567636
# coord 55 759.288397 70.365082
# coord 56 297.279233 189.843055
# coord 57 898.854498 84.721901
# coord 58 555.828830 635.678728
# coord 59 163.049814 307.350375
# coord 60 934.920770 749.309620
# coord 61 649.400636 861.278632
# coord 62 502.113198 85.739131
# coord 63 81.576182 465.970274
# coord 64 422.005269 813.250924
# coord 65 515.900465 457.862867
# coord 66 692.386093 202.852311
# coord 67 763.350201 981.889616
# coord 68 780.413300 634.187014
# coord 69 270.913436 453.699001
# coord 70 295.908972 482.559934
# coord 71 31.736236 141.498247
# coord 72 370.686403 2.066700
# coord 73 450.465425 166.209711
# coord 74 203.592424 964.099755
# coord 75 441.086764 41.546848
# coord 76 528.851308 231.343757
# coord 77 948.335969 751.840664
# coord 78 551.091274 811.130798
# coord 79 938.839639 791.644300
# coord 80 171.160434 878.247078
# coord 81 447.269538 467.805788
# coord 82 74.702598 12.120614
# coord 83 105.173319 748.105600
# coord 84 947.198723 947.199530
# coord 85 707.308727 235.451130
# coord 86 614.557096 325.272990
# coord 87 21.643427 850.694018
# coord 88 516.057783 925.753746
# coord 89 65.720461 555.603145
# coord 90 476.550392 87.857754
# coord 91 152.839738 420.247087
# coord 92 563.707640 960.577858
# coord 93 19.210926 100.051042
# coord 94 459.559414 93.768541
# coord 95 210.758560 923.719725
# coord 96 591.352589 980.184644
# coord 97 343.438008 573.572301
# coord 98 254.857460 248.936908
# coord 99 50.173537 804.043223
# coord 100 220.901792 515.681044
# reference_nearest_neighbor_tour_cost: 10315
TTSP_MATRIX
100
0 53 67 10 53 34 2 42 87 95 16 1 67 60 61 26 57 75 1 4 28 40 81 40 99 25 40 1 53 27 86 81 51 43 57 15 15 2 56 25 17 10 71 53 92 57 75 96 55 21 51 22 91 63 54 46 27 37 9 99 65 96 49 59 54 29 45 84 47 62 43 78 55 64 21 7 44 79 89 84 52 58 58 65 13 99 28 49 56 52 56 9 13 2 93 61 10 79 32 44
0 426 943 845 562 554 860 640 243 88 347 119 319 583 372 334 913 774 416 161 182 646 248 131 714 262 635 818 749 433 273 480 218 758 73 655 606 816 875 821 76 439 437 889 496 731 448 536 532 522 511 786 574 142 533 708 505 330 772 168 358 631 810 512 389 431 410 111 626 596 961 779 605 775 703 503 175 398 210 767 452 993 793 364 395 376 899 497 817 645 749 489 992 651 750 487 539 714 859 665
426 0 762 655 153 557 620 549 622 501 116 544 340 213 127 692 496 351 528 283 426 768 588 308 548 179 761 757 347 55 491 482 592 420 451 592 604 402 492 565 430 17 545 812 267 536 444 148 579 726 140 649 856 294 762 633 806 161 590 432 162 703 532 87 331 615 323 316 408 370 801 798 624 349 749 557 445 51 434 346 326 887 402 470 589 476 487 138 497 701 509 182 842 696 324 210 269 595 455 394
943 762 0 107 665 435 171 312 942 1028 711 1001 1067 581 677 934 691 706 594 808 781 573 873 834 231 864 578 250 599 707 731 482 923 426 1010 317 403 650 529 226 1002 770 580 218 505 228 504 859 485 700 631 164 868 902 745 272 881 689 177 1064 912 490 275 733 556 667 1078 873 355 394 56 396 426 788 444 505 1077 809 1090 697 502 191 557 1189 683 603 654 879 361 464 257 935 97 446 750 967 493 235 608 374
845 655 107 0 562 363 102 231 859 931 605 909 961 477 570 859 617 617 517 707 689 536 792 733 131 758 540 247 510 601 646 398 839 337 912 250 342 567 458 142 903 664 506 246 399 122 415 755 418 646 526 104 819 799 693 217 824 583 73 962 805 447 192 628 457 599 971 771 249 287 149 386 369 697 415 433 975 702 987 608 399 264 473 1083 611 519 581 774 282 423 155 829 192 405 658 861 387 159 531 270
562 153 665 562 0 553 509 508 732 641 217 675 489 85 201 792 352 215 569 406 525 784 689 435 476 330 779 707 195 129 570 491 702 282 595 557 592 255 339 452 575 149 580 752 231 452 458 195 589 774 71 578 922 437 815 589 881 247 506 583 309 706 412 79 358 666 459 451 333 299 711 774 618 240 740 573 596 202 587 208 323 813 249 619 647 522 339 222 362 699 408 280 754 691 205 314 203 536 304 292
554 557 435 363 553 0 428 134 510 630 455 588 764 493 432 499 788 716 161 457 375 238 442 474 252 571 235 264 625 508 307 81 494 505 626 118 54 703 661 421 624 572 146 336 323 294 122 699 58 295 487 271 469 558 342 167 465 414 305 703 657 154 443 581 232 236 809 514 290 298 436 247 67 774 192 71 714 586 737 706 235 443 625 865 249 181 756 695 508 146 358 735 459 139 734 759 359 204 702 369
860 620 171 102 509 428 0 294 902 948 586 935 941 424 551 911 522 535 571 712 717 623 835 741 176 742 625 348 429 567 687 447 879 256 923 325 416 479 362 57 911 626 563 347 383 139 456 703 485 720 483 198 894 798 767 302 893 572 126 963 776 531 104 581 473 661 941 777 236 271 225 484 446 617 507 496 976 669 984 526 409 355 386 1068 669 564 486 727 190 508 115 785 268 491 580 818 358 235 438 226
640 549 312 231 508 134 294 0 631 722 465 691 805 434 436 628 692 640 286 518 472 345 563 541 119 604 345 209 540 495 419 170 611 399 710 51 128 615 553 289 704 562 275 270 286 163 194 678 191 427 449 149 601 617 474 85 599 432 170 774 674 252 316 552 266 370 835 581 194 216 323 270 159 707 253 204 786 586 804 630 232 361 529 918 380 291 658 683 389 234 232 731 352 219 666 758 305 76 603 269
243 622 942 859 732 510 902 631 0 245 519 159 561 730 532 94 1074 947 349 340 211 508 68 319 733 485 496 762 901 612 214 462 30 867 286 627 551 976 1006 875 303 637 365 834 596 763 446 751 467 353 670 777 350 373 346 677 278 485 792 393 589 526 878 700 449 303 653 326 689 669 946 682 538 964 601 443 395 606 435 940 518 944 934 590 274 340 1054 717 909 547 803 718 969 559 934 720 647 707 1007 749
88 501 1028 931 641 630 948 722 245 0 430 87 334 667 456 338 993 851 485 248 255 703 273 217 800 328 691 895 831 512 337 560 228 846 56 736 681 896 960 909 78 512 506 967 584 818 529 599 604 567 594 869 594 208 571 789 522 415 859 152 412 696 898 587 476 486 433 192 714 684 1045 848 678 847 770 576 152 468 192 845 539 1072 877 346 451 450 980 557 905 712 837 542 1075 720 824 535 627 797 941 754
347 116 711 605 217 455 586 465 519 430 0 459 356 238 35 584 567 432 414 189 316 657 479 219 486 156 649 674 402 93 376 377 489 428 387 504 505 470 532 537 369 133 431 734 206 483 338 263 472 610 164 582 740 234 645 550 691 45 535 394 208 596 512 183 224 499 372 238 357 319 745 700 523 446 647 449 408 131 408 425 234 818 447 481 472 361 552 248 497 596 472 281 784 592 415 304 230 521 512 365
119 544 1001 909 675 588 935 691 159 87 459 0 416 691 481 252 1026 889 435 269 220 636 194 240 779 381 625 851 859 547 284 524 145 856 135 699 636 928 980 901 155 557 455 923 588 801 498 655 556 493 621 840 509 260 494 751 436 436 838 238 476 638 895 628 462 421 513 228 707 680 1014 792 630 893 713 528 239 517 279 882 530 1031 900 434 387 407 1011 616 910 656 827 607 1042 665 867 603 634 767 969 754
319 340 1067 961 489 764 941 805 561 334 356 416 0 553 391 653 806 657 666 314 457 916 565 306 840 203 906 1009 678 384 553 682 537 759 281 837 817 721 827 890 261 341 687 1074 563 839 642 356 762 816 477 932 889 219 835 887 822 379 890 189 180 879 862 413 542 712 100 272 713 676 1099 1009 826 624 943 734 195 289 159 654 576 1165 736 130 678 615 805 310 835 886 827 268 1137 888 615 246 583 868 781 717
583 213 581 477 85 493 424 434 730 667 238 691 553 0 211 782 345 233 528 423 519 728 681 453 394 376 724 629 171 171 551 438 701 207 625 484 527 247 293 368 607 214 537 672 173 368 409 279 533 733 77 496 889 471 776 513 854 255 422 627 375 646 329 157 320 629 532 475 252 221 626 703 555 282 674 520 640 264 635 224 272 730 210 683 613 485 324 304 285 637 323 362 669 627 242 395 133 457 279 207
372 127 677 570 201 432 551 436 532 456 35 481 391 211 0 593 547 416 402 212 324 641 489 242 453 191 633 645 379 89 377 356 502 396 415 476 481 449 504 502 398 144 418 704 172 448 317 274 452 602 141 549 738 265 639 520 691 46 501 427 240 576 478 179 204 491 404 265 322 285 711 675 500 436 625 430 440 154 441 408 206 786 421 516 466 350 531 264 464 575 437 303 750 571 403 327 195 489 488 330
334 692 934 859 792 499 911 628 94 338 584 252 653 782 593 0 1126 1006 342 416 269 455 105 398 738 566 443 736 952 677 237 464 116 903 380 617 534 1028 1047 890 396 708 354 807 636 772 457 827 449 293 727 770 261 460 276 664 188 547 795 486 672 488 898 767 482 271 744 410 712 696 933 642 516 1029 561 429 488 681 528 997 549 917 980 684 251 348 1104 795 938 511 819 800 952 525 996 804 687 702 1055 778
913 496 691 617 352 788 522 692 1074 993 567 1026 806 345 547 1126 0 149 857 757 863 1026 1025 786 603 675 1023 841 175 480 894 751 1045 295 945 742 810 98 161 475 925 487 863 859 501 560 730 453 838 1057 406 686 1221 788 1102 751 1191 593 598 926 631 936 426 410 657 960 750 802 502 490 746 953 840 200 945 831 939 537 925 152 599 877 164 930 948 819 37 498 335 921 486 550 787 908 195 580 451 681 89 423
774 351 706 617 215 716 535 640 947 851 432 889 657 233 416 1006 149 0 761 621 739 954 902 649 571 529 950 814 107 341 779 667 917 280 802 690 746 77 221 480 781 341 770 844 405 534 640 305 760 966 279 666 1122 644 1009 710 1086 462 581 779 482 869 431 264 553 862 602 662 446 425 759 909 775 84 889 749 792 390 776 10 504 881 153 781 846 718 151 350 348 857 468 402 802 846 55 433 360 645 145 376
416 528 594 517 569 161 571 286 349 485 414 435 666 528 402 342 857 761 0 352 233 252 281 361 396 492 243 418 685 490 151 125 333 597 489 278 204 764 751 554 490 545 22 490 358 432 130 676 121 205 498 430 364 449 248 328 340 369 453 575 591 217 567 575 211 104 726 399 389 382 597 363 195 806 288 95 585 544 613 752 258 599 698 753 99 54 829 662 618 230 485 691 619 236 767 709 406 360 776 463
161 283 808 707 406 457 712 518 340 248 189 269 314 423 212 416 757 621 352 0 162 603 312 31 578 157 593 713 590 280 251 377 310 598 213 543 511 659 714 670 200 298 374 781 339 588 339 411 450 513 352 658 610 101 538 595 551 169 634 256 265 565 656 364 254 405 377 65 476 444 832 699 517 630 631 422 269 266 285 614 308 879 633 408 372 301 741 380 658 574 599 388 866 576 601 396 380 588 700 509
182 426 781 689 525 375 717 472 211 255 316 220 457 519 324 269 863 739 233 162 0 469 164 155 558 319 458 639 690 408 97 306 182 660 255 482 426 765 796 685 257 442 255 711 388 581 278 564 350 359 461 620 448 239 380 534 390 279 618 344 426 449 682 498 248 258 531 184 493 469 795 596 423 760 521 321 353 419 383 731 317 817 723 529 222 195 843 536 706 463 612 548 823 469 728 557 438 547 796 547
646 768 573 536 784 238 623 345 508 703 657 636 916 728 641 455 1026 954 252 603 469 0 448 610 458 744 12 331 864 724 373 293 504 739 717 303 219 942 895 629 722 784 232 391 556 505 328 914 196 163 716 432 303 698 194 321 334 613 497 812 842 93 660 804 438 217 978 646 525 536 552 202 187 1010 131 213 821 788 852 944 462 497 862 998 252 305 994 904 734 115 577 938 557 132 970 957 596 389 939 605
248 588 873 792 689 442 835 563 68 273 479 194 565 681 489 105 1025 902 281 312 164 448 0 296 666 465 437 694 851 573 149 394 56 809 305 559 483 927 950 810 318 604 297 766 540 696 380 723 399 299 624 709 326 363 299 608 257 443 724 411 572 462 815 662 389 239 652 312 626 607 878 617 470 924 537 374 415 577 453 895 457 876 881 609 208 273 1004 692 848 482 738 698 900 494 892 704 591 638 956 688
131 308 834 733 435 474 741 541 319 217 219 240 306 453 242 398 786 649 361 31 155 610 296 0 604 169 600 732 620 307 249 395 290 629 183 564 528 688 745 699 171 322 383 802 369 615 358 432 464 512 382 682 602 88 535 616 541 199 660 232 276 577 685 390 279 407 377 40 505 473 857 714 533 656 644 436 245 288 264 642 335 901 663 394 373 312 771 398 689 586 628 402 890 589 628 408 410 612 730 539
714 548 231 131 476 252 176 119 733 800 486 779 840 394 453 738 603 571 396 578 558 458 666 604 0 637 459 243 467 493 519 273 712 308 781 156 245 535 455 172 772 559 388 278 283 47 287 661 310 546 428 102 720 671 593 150 717 461 59 833 691 365 203 533 326 485 856 642 144 180 260 350 276 645 354 320 846 592 859 561 271 340 444 960 493 393 568 675 283 344 122 727 298 328 605 758 282 78 514 197
262 179 864 758 330 571 742 604 485 328 156 381 203 376 191 566 675 529 492 157 319 744 465 169 637 0 734 809 524 206 406 490 456 577 276 638 624 581 665 693 254 188 512 873 361 636 449 273 575 665 299 729 767 122 692 686 708 176 687 253 108 696 668 265 343 556 238 159 511 474 896 818 636 520 756 549 267 141 259 524 373 962 577 326 524 438 666 235 648 701 628 234 934 701 499 239 385 665 633 521
635 761 578 540 779 235 625 345 496 691 649 625 906 724 633 443 1023 950 243 593 458 12 437 600 459 734 0 338 860 717 362 288 493 738 706 304 218 938 894 631 711 777 223 399 551 506 322 907 191 152 710 436 295 688 184 324 324 605 500 801 833 95 661 798 431 206 968 636 523 533 559 211 187 1006 139 206 810 780 841 940 456 505 860 987 241 296 991 897 734 117 577 930 564 135 966 949 591 391 937 603
818 757 250 247 707 264 348 209 762 895 674 851 1009 629 645 736 841 814 418 713 639 331 694 732 243 809 338 0 709 703 568 338 748 548 890 172 215 777 688 377 887 770 399 73 492 282 375 884 297 474 653 156 632 813 514 124 654 639 244 963 882 257 422 757 467 465 1043 773 377 409 223 147 224 888 199 323 975 795 996 804 440 182 685 1118 489 445 805 891 511 232 355 939 227 215 847 967 506 172 752 439
749 347 599 510 195 625 429 540 901 831 402 859 678 171 379 952 175 107 685 590 690 864 851 620 467 524 860 709 0 321 720 582 872 173 787 591 651 79 151 374 767 342 691 738 328 428 559 346 672 887 238 560 1048 630 931 608 1017 424 474 778 498 776 324 266 483 788 638 640 347 329 652 808 681 188 792 663 791 394 781 98 427 774 62 807 775 645 153 386 244 763 361 444 695 751 152 477 279 541 110 273
433 55 707 601 129 508 567 495 612 512 93 547 384 171 89 677 480 341 490 280 408 724 573 307 493 206 717 703 321 0 465 435 582 376 466 539 554 384 459 513 446 67 505 758 212 481 398 191 533 691 94 594 827 309 728 580 780 132 535 458 210 656 481 91 286 580 374 322 353 315 747 747 575 353 700 512 472 102 465 335 275 832 372 514 556 438 468 189 451 653 456 236 788 648 323 265 214 540 431 341
273 491 731 646 570 307 687 419 214 337 376 284 553 551 377 237 894 779 151 251 97 373 149 249 519 406 362 568 720 465 0 250 193 666 345 421 353 797 810 662 349 508 171 640 400 548 232 635 272 263 502 567 367 335 287 472 315 334 578 439 513 360 666 556 245 161 626 281 478 460 739 511 346 810 433 244 447 492 479 771 312 748 745 626 125 128 871 611 702 376 589 629 764 383 775 641 451 496 821 542
480 482 482 398 491 81 447 170 462 560 377 524 682 438 356 464 751 667 125 377 306 293 394 395 273 490 288 338 582 435 250 0 442 480 552 176 135 662 635 429 549 498 121 409 264 308 41 626 98 308 422 318 478 478 355 229 461 335 331 625 577 220 443 512 153 223 728 435 268 266 491 328 146 719 270 82 636 508 658 657 169 512 589 785 224 122 721 620 496 219 360 658 518 215 680 681 307 246 667 345
218 592 923 839 702 494 879 611 30 228 489 145 537 701 502 116 1045 917 333 310 182 504 56 290 712 456 493 748 872 582 193 442 0 840 266 610 536 946 977 852 281 607 350 821 569 740 425 721 452 354 640 759 366 346 351 660 294 455 771 372 560 518 854 670 422 295 628 298 664 643 929 674 524 934 593 427 375 577 415 910 492 930 905 571 264 320 1025 688 883 538 779 689 952 549 904 692 619 688 978 723
758 420 426 337 282 505 256 399 867 846 428 856 759 207 396 903 295 280 597 598 660 739 809 629 308 577 738 548 173 376 666 480 840 0 809 448 521 231 156 201 792 421 599 571 272 266 467 471 558 788 282 394 958 662 835 456 937 433 307 823 582 648 152 360 421 700 739 657 216 215 479 658 552 361 652 555 836 471 835 271 354 601 138 889 694 568 260 502 81 631 193 561 522 617 324 595 223 386 206 136
73 451 1010 912 595 626 923 710 286 56 387 135 281 625 415 380 945 802 489 213 255 717 305 183 781 276 706 890 787 466 345 552 266 809 0 727 678 849 918 882 23 462 510 961 552 796 519 545 605 589 550 855 630 158 598 780 559 376 839 107 357 704 869 538 455 501 379 152 688 656 1030 852 678 796 776 576 110 417 149 797 515 1064 834 305 465 449 934 503 871 718 810 487 1062 724 774 480 593 783 897 722
655 592 317 250 557 118 325 51 627 736 504 699 837 484 476 617 742 690 278 543 482 303 559 564 156 638 304 172 591 539 421 176 610 448 727 0 92 665 601 327 722 605 264 238 332 202 208 724 170 397 497 154 570 643 444 53 574 468 199 796 712 209 358 599 296 352 872 604 245 267 319 219 122 757 204 188 808 628 827 680 270 338 579 947 367 293 707 728 435 189 275 774 343 173 716 801 354 91 653 320
606 604 403 342 592 54 416 128 551 681 505 636 817 527 481 534 810 746 204 511 426 219 483 528 245 624 218 215 651 554 353 135 536 521 678 92 0 728 676 416 676 619 186 287 362 290 175 744 85 305 527 243 478 612 352 131 482 465 290 756 708 127 444 625 283 265 861 568 308 322 399 195 32 807 148 109 767 634 790 736 280 395 646 919 283 231 777 742 516 112 360 784 418 100 766 808 394 183 722 387
816 402 650 567 255 703 479 615 976 896 470 928 721 247 449 1028 98 77 764 659 765 942 927 688 535 581 938 777 79 384 797 662 946 231 849 665 728 0 146 427 829 394 771 802 407 495 639 375 751 966 308 625 1128 692 1011 679 1096 495 537 834 543 853 377 317 561 867 672 705 422 406 704 880 758 156 867 742 847 446 834 74 506 830 94 847 854 725 85 418 289 840 424 473 747 827 133 504 358 611 68 346
875 492 529 458 339 661 362 553 1006 960 532 980 827 293 504 1047 161 221 751 714 796 895 950 745 455 665 894 688 151 459 810 635 977 156 918 601 676 146 0 316 900 488 753 701 411 410 621 497 714 944 369 532 1113 765 990 605 1090 546 443 918 646 803 268 414 566 854 789 768 372 370 585 806 708 302 805 711 931 540 924 216 501 716 90 956 846 719 125 537 177 786 334 594 626 771 277 628 360 533 85 293
821 565 226 142 452 421 57 289 875 909 537 901 890 368 502 890 475 480 554 670 685 629 810 699 172 693 631 377 374 513 662 429 852 201 882 327 416 427 316 0 870 571 548 386 336 127 433 647 478 715 428 222 889 753 762 314 884 524 137 918 723 536 50 524 438 649 888 734 195 226 279 506 447 562 520 486 931 615 938 471 371 404 333 1017 653 543 439 671 140 515 73 729 322 498 524 762 307 242 389 173
76 430 1002 903 575 624 911 704 303 78 369 155 261 607 398 396 925 781 490 200 257 722 318 171 772 254 711 887 767 446 349 549 281 792 23 722 676 829 900 870 0 441 511 958 538 786 514 523 604 597 532 848 643 137 608 775 573 360 830 94 335 706 855 517 446 507 358 137 676 643 1023 852 676 775 777 575 100 395 136 776 505 1060 815 291 471 448 914 481 855 719 798 464 1055 725 753 457 578 777 877 709
439 17 770 664 149 572 626 562 637 512 133 557 341 214 144 708 487 341 545 298 442 784 604 322 559 188 777 770 342 67 508 498 607 421 462 605 619 394 488 571 441 0 561 824 279 545 459 131 595 743 144 660 873 305 778 646 823 178 599 440 161 718 537 77 347 632 319 329 418 380 811 812 640 336 765 573 453 53 440 336 340 898 398 471 606 493 479 123 499 716 517 170 852 711 312 199 278 606 449 400
437 545 580 506 580 146 563 275 365 506 431 455 687 537 418 354 863 770 22 374 255 232 297 383 388 512 223 399 691 505 171 121 350 599 510 264 186 771 753 548 511 561 0 472 365 425 133 692 102 196 510 417 360 471 240 312 340 386 443 597 610 195 563 589 223 102 747 421 388 384 582 342 175 816 266 77 607 561 635 760 266 581 702 775 106 74 834 679 617 208 480 709 604 214 777 728 413 348 781 464
889 812 218 246 752 336 347 270 834 967 734 923 1074 672 704 807 859 844 490 781 711 391 766 802 278 873 399 73 738 758 640 409 821 571 961 238 287 802 701 386 958 824 472 0 545 311 444 934 369 540 701 179 694 881 580 187 720 701 264 1033 943 324 434 807 533 536 1105 842 420 454 178 195 297 921 261 396 1045 852 1065 835 501 110 708 1185 561 517 822 944 525 299 378 994 171 284 881 1023 554 218 771 474
496 267 505 399 231 323 383 286 596 584 206 588 563 173 172 636 501 405 358 339 388 556 540 369 283 361 551 492 328 212 400 264 569 272 552 332 362 407 411 336 538 279 365 545 0 277 236 392 361 561 166 382 721 417 605 370 690 189 330 583 408 476 317 267 157 460 574 402 150 113 541 546 387 455 509 347 596 309 602 395 100 621 346 687 447 318 475 399 322 469 268 448 580 460 415 478 51 327 424 170
731 536 228 122 452 294 139 163 763 818 483 801 839 368 448 772 560 534 432 588 581 505 696 615 47 636 506 282 428 481 548 308 740 266 796 202 290 495 410 127 786 545 425 311 277 0 317 641 352 588 410 132 763 679 636 196 758 461 54 843 684 411 156 514 342 524 850 653 128 166 265 396 321 610 401 360 856 582 867 524 281 361 403 961 530 425 524 658 237 391 76 712 307 375 570 743 267 123 471 164
448 444 504 415 458 122 456 194 446 529 338 498 642 409 317 457 730 640 130 339 278 328 380 358 287 449 322 375 559 398 232 41 425 467 519 208 175 639 621 433 514 459 133 444 236 317 0 588 136 328 389 342 493 440 373 261 470 295 346 589 536 259 443 476 114 233 687 398 260 252 517 369 187 690 310 115 600 469 622 631 137 545 570 746 228 109 701 581 489 259 362 619 546 255 651 641 282 270 648 333
536 148 859 755 195 699 703 678 751 599 263 655 356 279 274 827 453 305 676 411 564 914 723 432 661 273 907 884 346 191 635 626 721 471 545 724 744 375 497 647 523 131 692 934 392 641 588 0 724 873 233 763 1001 395 908 762 949 308 696 499 193 846 606 128 476 762 298 430 518 482 903 935 766 268 890 703 511 145 489 303 464 1001 408 478 735 623 456 46 552 844 602 98 946 838 259 131 380 716 439 485
532 579 485 418 589 58 485 191 467 604 472 556 762 533 452 449 838 760 121 450 350 196 399 464 310 575 191 297 672 533 272 98 452 558 605 170 85 751 714 478 604 595 102 369 361 352 136 724 0 237 520 323 412 551 285 214 408 429 361 687 667 124 500 611 249 182 813 503 343 348 484 250 74 815 181 29 697 603 723 750 266 478 675 858 198 156 807 717 564 126 415 753 503 126 775 775 401 259 752 422
522 726 700 646 774 295 720 427 353 567 610 493 816 733 602 293 1057 966 205 513 359 163 299 512 546 665 152 474 887 691 263 308 354 788 589 397 305 966 944 715 597 743 196 540 561 588 328 873 237 0 703 546 174 598 47 432 181 565 595 690 770 216 737 778 416 112 889 544 574 574 688 359 277 1011 282 234 697 736 732 956 462 649 896 883 142 253 1028 856 799 242 653 880 699 259 973 895 609 488 975 652
511 140 631 526 71 487 483 449 670 594 164 621 477 77 141 727 406 279 498 352 461 716 624 382 428 299 710 653 238 94 502 422 640 282 550 497 527 308 369 428 532 144 510 701 166 410 389 233 520 703 0 531 852 396 744 532 812 187 464 550 301 639 393 105 287 596 462 402 285 249 674 712 552 310 675 504 563 191 558 271 254 768 283 607 576 451 389 248 358 633 375 304 716 625 273 336 147 484 348 258
786 649 164 104 578 271 198 149 777 869 582 840 932 496 549 770 686 666 430 658 620 432 709 682 102 729 436 156 560 594 567 318 759 394 855 154 243 625 532 222 848 660 417 179 382 132 342 763 323 546 531 0 717 755 592 114 724 554 88 914 788 343 266 636 404 505 953 722 246 282 176 286 269 742 311 341 927 692 943 656 357 239 532 1050 520 439 650 776 355 319 201 829 208 301 702 859 384 72 598 295
574 856 868 819 922 469 894 601 350 594 740 509 889 889 738 261 1221 1122 364 610 448 303 326 602 720 767 295 632 1048 827 367 478 366 958 630 570 478 1128 1113 889 643 873 360 694 721 763 493 1001 412 174 852 717 0 679 127 602 73 697 768 736 875 378 911 917 569 261 972 625 745 743 852 503 449 1161 434 407 740 858 779 1113 622 799 1062 934 276 404 1193 978 972 404 827 994 859 422 1124 1005 770 662 1140 822
142 294 902 799 437 558 798 617 373 208 234 260 219 471 265 460 788 644 449 101 239 698 363 88 671 122 688 813 630 309 335 478 346 662 158 643 612 692 765 753 137 305 471 881 417 679 440 395 551 598 396 755 679 0 619 695 615 231 726 165 217 664 734 380 352 494 294 54 562 527 928 800 618 640 731 522 179 261 188 639 400 978 679 307 459 400 777 356 728 674 683 348 963 676 617 348 453 686 740 586
533 762 745 693 815 342 767 474 346 571 645 494 835 776 639 276 1102 1009 248 538 380 194 299 535 593 692 184 514 931 728 287 355 351 835 598 444 352 1011 990 762 608 778 240 580 605 636 373 908 285 47 744 592 127 619 0 477 140 601 642 701 799 258 785 816 458 148 912 564 621 620 731 395 323 1052 320 281 707 769 743 999 505 687 942 897 173 293 1074 889 846 283 700 911 741 301 1014 925 653 535 1020 699
708 633 272 217 589 167 302 85 677 789 550 751 887 513 520 664 751 710 328 595 534 321 608 616 150 686 324 124 608 580 472 229 660 456 780 53 131 679 605 314 775 646 312 187 370 196 261 762 214 432 532 114 602 695 477 0 611 515 178 848 758 230 350 636 346 395 919 656 265 293 270 202 155 780 207 235 860 671 880 700 316 285 590 998 413 345 716 768 433 206 272 815 292 189 739 843 386 73 662 335
505 806 881 824 881 465 893 599 278 522 691 436 822 854 691 188 1191 1086 340 551 390 334 257 541 717 708 324 654 1017 780 315 461 294 937 559 574 482 1096 1090 884 573 823 340 720 690 758 470 949 408 181 812 724 73 615 140 611 0 649 769 666 816 397 902 871 535 238 907 562 728 722 869 535 456 1121 460 398 669 805 708 1077 592 827 1034 864 244 372 1165 924 957 422 818 938 880 439 1085 947 740 665 1113 803
330 161 689 583 247 414 572 432 485 415 45 436 379 255 46 547 593 462 369 169 279 613 443 199 461 176 605 639 424 132 334 335 455 433 376 468 465 495 546 524 360 178 386 701 189 461 295 308 429 565 187 554 697 231 601 515 649 0 512 396 244 553 504 222 182 454 404 225 338 302 720 660 481 482 605 405 409 176 414 455 200 788 464 500 428 316 576 293 497 554 457 325 758 550 449 346 221 490 533 356
772 590 177 73 506 305 126 170 792 859 535 838 890 422 501 795 598 581 453 634 618 497 724 660 59 687 500 244 474 535 578 331 771 307 839 199 290 537 443 137 830 599 443 264 330 54 346 696 361 595 464 88 768 726 642 178 769 512 0 889 737 405 178 568 384 540 903 699 182 220 212 369 320 658 385 374 902 636 915 571 326 308 445 1012 549 452 561 712 267 383 113 766 252 365 618 798 322 109 509 216
168 432 1064 962 583 703 963 774 393 152 394 238 189 627 427 486 926 779 575 256 344 812 411 232 833 253 801 963 778 458 439 625 372 823 107 796 756 834 918 918 94 440 597 1033 583 843 589 499 687 690 550 914 736 165 701 848 666 396 889 0 307 792 899 517 510 598 289 193 727 692 1089 936 758 762 863 658 14 389 43 775 563 1133 830 198 562 531 919 455 891 805 848 427 1123 810 745 414 617 844 886 751
358 162 912 805 309 657 776 674 589 412 208 476 180 375 240 672 631 482 591 265 426 842 572 276 691 108 833 882 498 210 513 577 560 582 357 712 708 543 646 723 335 161 610 943 408 684 536 193 667 770 301 788 875 217 799 758 816 244 737 307 0 789 692 232 425 660 166 262 556 518 948 903 723 458 846 641 318 110 298 479 442 1025 556 310 629 537 628 148 659 793 664 131 988 791 443 132 420 728 602 550
631 703 490 447 706 154 531 252 526 696 596 638 879 646 576 488 936 869 217 565 449 93 462 577 365 696 95 257 776 656 360 220 518 648 704 209 127 853 803 536 706 718 195 324 476 411 259 846 124 216 639 343 378 664 258 230 397 553 405 792 789 0 567 732 372 223 933 615 435 447 474 156 96 928 75 148 802 727 830 859 386 434 772 970 254 265 903 840 641 26 484 877 483 43 887 899 513 296 849 514
810 532 275 192 412 443 104 316 878 898 512 895 862 329 478 898 426 431 567 656 682 660 815 685 203 668 661 422 324 481 666 443 854 152 869 358 444 377 268 50 855 537 563 434 317 156 443 606 500 737 393 266 911 734 785 350 902 504 178 899 692 567 0 486 434 665 855 719 190 215 328 547 475 513 556 505 913 583 917 422 366 454 283 990 667 551 389 633 91 547 85 691 371 530 476 724 283 278 340 148
512 87 733 628 79 581 581 552 700 587 183 628 413 157 179 767 410 264 575 364 498 804 662 390 533 265 798 757 266 91 556 512 670 360 538 599 625 317 414 524 517 77 589 807 267 514 476 128 611 778 105 636 917 380 816 636 871 222 568 517 232 732 486 0 368 668 381 401 390 354 777 813 648 265 772 592 530 129 517 259 346 873 323 542 644 525 402 147 440 727 476 204 819 720 238 238 252 589 372 359
389 331 556 457 358 232 473 266 449 476 224 462 542 320 204 482 657 553 211 254 248 438 389 279 326 343 431 467 483 286 245 153 422 421 455 296 283 561 566 438 446 347 223 533 157 342 114 476 249 416 287 404 569 352 458 346 535 182 384 510 425 372 434 368 0 310 580 318 245 221 578 478 299 595 423 227 523 355 539 544 69 627 503 652 293 165 631 468 461 372 365 505 612 368 557 528 208 334 580 301
431 615 667 599 666 236 661 370 303 486 499 421 712 629 491 271 960 862 104 405 258 217 239 407 485 556 206 465 788 580 161 223 295 700 501 352 265 867 854 649 507 632 102 536 460 524 233 762 182 112 596 505 261 494 148 395 238 454 540 598 660 223 665 668 310 0 782 440 490 485 663 379 245 905 299 166 606 624 638 853 361 646 801 787 36 145 933 744 719 245 582 769 681 257 867 784 509 440 880 566
410 323 1078 971 459 809 941 835 653 433 372 513 100 532 404 744 750 602 726 377 531 978 652 377 856 238 968 1043 638 374 626 728 628 739 379 872 861 672 789 888 358 319 747 1105 574 850 687 298 813 889 462 953 972 294 912 919 907 404 903 289 166 933 855 381 580 782 0 348 722 684 1114 1056 874 560 994 786 295 272 259 601 603 1189 698 187 749 673 753 254 818 939 830 201 1154 939 556 172 586 892 735 715
111 316 873 771 451 514 777 581 326 192 238 228 272 475 265 410 802 662 399 65 184 646 312 40 642 159 636 773 640 322 281 435 298 657 152 604 568 705 768 734 137 329 421 842 402 653 398 430 503 544 402 722 625 54 564 656 562 225 699 193 262 615 719 401 318 440 348 0 541 508 896 753 573 665 683 475 205 290 223 656 372 941 685 355 405 351 789 394 719 625 663 392 930 628 639 394 441 652 750 572
626 408 355 249 333 290 236 194 689 714 357 707 713 252 322 712 502 446 389 476 493 525 626 505 144 511 523 377 347 353 478 268 664 216 688 245 308 422 372 195 676 418 388 420 150 128 260 518 343 574 285 246 745 562 621 265 728 338 182 727 556 435 190 390 245 490 722 541 0 38 393 463 339 515 446 341 740 454 749 436 177 483 338 837 488 367 469 532 229 420 123 585 434 406 474 616 140 205 414 80
596 370 394 287 299 298 271 216 669 684 319 680 676 221 285 696 490 425 382 444 469 536 607 473 180 474 533 409 329 315 460 266 643 215 656 267 322 406 370 226 643 380 384 454 113 166 252 482 348 574 249 282 743 527 620 293 722 302 220 692 518 447 215 354 221 485 684 508 38 0 431 486 352 490 464 343 706 416 713 415 152 520 327 800 480 355 459 495 241 434 156 548 472 422 449 579 103 237 405 82
961 801 56 149 711 436 225 323 946 1045 745 1014 1099 626 711 933 746 759 597 832 795 552 878 857 260 896 559 223 652 747 739 491 929 479 1030 319 399 704 585 279 1023 811 582 178 541 265 517 903 484 688 674 176 852 928 731 270 869 720 212 1089 948 474 328 777 578 663 1114 896 393 431 0 367 419 840 421 505 1101 847 1116 750 528 136 611 1220 682 611 709 922 415 448 304 977 43 430 802 1008 533 248 663 419
779 798 396 386 774 247 484 270 682 848 700 792 1009 703 675 642 953 909 363 699 596 202 617 714 350 818 211 147 808 747 511 328 674 658 852 219 195 880 806 506 852 812 342 195 546 396 369 935 250 359 712 286 503 800 395 202 535 660 369 936 903 156 547 813 478 379 1056 753 463 486 367 0 183 976 81 279 946 829 973 899 472 296 792 1107 410 405 918 935 632 136 472 978 365 128 935 1003 572 273 864 535
605 624 426 369 618 67 446 159 538 678 523 630 826 555 500 516 840 775 195 517 423 187 470 533 276 636 187 224 681 575 346 146 524 552 678 122 32 758 708 447 676 640 175 297 387 321 187 766 74 277 552 269 449 618 323 155 456 481 320 758 723 96 475 648 299 245 874 573 339 352 419 183 0 835 125 102 769 653 794 765 302 406 677 926 266 229 808 762 547 83 391 802 436 73 795 826 421 212 753 418
775 349 788 697 240 774 617 707 964 847 446 893 624 282 436 1029 200 84 806 630 760 1010 924 656 645 520 1006 888 188 353 810 719 934 361 796 757 807 156 302 562 775 336 816 921 455 610 690 268 815 1011 310 742 1161 640 1052 780 1121 482 658 762 458 928 513 265 595 905 560 665 515 490 840 976 835 0 953 802 774 380 755 92 553 961 237 744 886 760 214 315 431 918 546 360 884 907 41 388 415 717 222 449
703 749 444 415 740 192 507 253 601 770 647 713 943 674 625 561 945 889 288 631 521 131 537 644 354 756 139 199 792 700 433 270 593 652 776 204 148 867 805 520 777 765 266 261 509 401 310 890 181 282 675 311 434 731 320 207 460 605 385 863 846 75 556 772 423 299 994 683 446 464 421 81 125 953 0 209 873 777 900 879 426 368 782 1037 329 333 911 887 637 58 476 927 426 55 912 951 541 279 857 523
503 557 505 433 573 71 496 204 443 576 449 528 734 520 430 429 831 749 95 422 321 213 374 436 320 549 206 323 663 512 244 82 427 555 576 188 109 742 711 486 575 573 77 396 347 360 115 703 29 234 504 341 407 522 281 235 398 405 374 658 641 148 505 592 227 166 786 475 341 343 505 279 102 802 209 0 668 580 694 739 250 504 668 829 179 127 801 695 565 153 421 730 526 154 762 751 389 275 746 419
175 445 1077 975 596 714 976 786 395 152 408 239 195 640 440 488 939 792 585 269 353 821 415 245 846 267 810 975 791 472 447 636 375 836 110 808 767 847 931 931 100 453 607 1045 596 856 600 511 697 697 563 927 740 179 707 860 669 409 902 14 318 802 913 530 523 606 295 205 740 706 1101 946 769 774 873 668 0 402 41 787 576 1145 843 195 570 542 932 466 904 815 862 438 1135 820 757 424 631 857 900 765
398 51 809 702 202 586 669 586 606 468 131 517 289 264 154 681 537 390 544 266 419 788 577 288 592 141 780 795 394 102 492 508 577 471 417 628 634 446 540 615 395 53 561 852 309 582 469 145 603 736 191 692 858 261 769 671 805 176 636 389 110 727 583 129 355 624 272 290 454 416 847 829 653 380 777 580 402 0 388 386 359 930 450 419 596 490 531 120 549 727 558 150 888 723 358 174 316 635 501 443
210 434 1090 987 587 737 984 804 435 192 408 279 159 635 441 528 925 776 613 285 383 852 453 264 859 259 841 996 781 465 479 658 415 835 149 827 790 834 924 938 136 440 635 1065 602 867 622 489 723 732 558 943 779 188 743 880 708 414 915 43 298 830 917 517 539 638 259 223 749 713 1116 973 794 755 900 694 41 388 0 773 589 1164 835 156 602 568 919 444 904 842 869 411 1151 847 740 395 634 873 889 769
767 346 697 608 208 706 526 630 940 845 425 882 654 224 408 997 152 10 752 614 731 944 895 642 561 524 940 804 98 335 771 657 910 271 797 680 736 74 216 471 776 336 760 835 395 524 631 303 750 956 271 656 1113 639 999 700 1077 455 571 775 479 859 422 259 544 853 601 656 436 415 750 899 765 92 879 739 787 386 773 0 495 871 146 779 837 709 152 348 339 847 458 401 793 836 60 432 350 635 142 366
452 326 502 399 323 235 409 232 518 539 234 530 576 272 206 549 599 504 258 308 317 462 457 335 271 373 456 440 427 275 312 169 492 354 515 270 280 506 501 371 505 340 266 501 100 281 137 464 266 462 254 357 622 400 505 316 592 200 326 563 442 386 366 346 69 361 603 372 177 152 528 472 302 553 426 250 576 359 589 495 0 589 442 693 349 220 573 463 392 381 298 506 564 374 514 532 148 291 520 231
993 887 191 264 813 443 355 361 944 1072 818 1031 1165 730 786 917 877 881 599 879 817 497 876 901 340 962 505 182 774 832 748 512 930 601 1064 338 395 830 716 404 1060 898 581 110 621 361 545 1001 478 649 768 239 799 978 687 285 827 788 308 1133 1025 434 454 873 627 646 1189 941 483 520 136 296 406 961 368 504 1145 930 1164 871 589 0 737 1279 671 624 840 1015 544 409 416 1067 104 393 922 1097 622 298 792 524
793 402 557 473 249 625 386 529 934 877 447 900 736 210 421 980 164 153 698 633 723 862 881 663 444 577 860 685 62 372 745 589 905 138 834 579 646 94 90 333 815 398 702 708 346 403 570 408 675 896 283 532 1062 679 942 590 1034 464 445 830 556 772 283 323 503 801 698 685 338 327 611 792 677 237 782 668 843 450 835 146 442 737 0 865 791 662 132 448 197 758 331 505 654 744 205 539 295 521 78 260
364 470 1189 1083 619 865 1068 918 590 346 481 434 130 683 516 684 930 781 753 408 529 998 609 394 960 326 987 1118 807 514 626 785 571 889 305 947 919 847 956 1017 291 471 775 1185 687 961 746 478 858 883 607 1050 934 307 897 998 864 500 1012 198 310 970 990 542 652 787 187 355 837 800 1220 1107 926 744 1037 829 195 419 156 779 693 1279 865 0 751 705 931 432 965 980 953 384 1257 983 737 357 710 983 908 845
395 589 683 611 647 249 669 380 274 451 472 387 678 613 466 251 948 846 99 372 222 252 208 373 493 524 241 489 775 556 125 224 264 694 465 367 283 854 846 653 471 606 106 561 447 530 228 735 198 142 576 520 276 459 173 413 244 428 549 562 629 254 667 644 293 36 749 405 488 480 682 410 266 886 329 179 570 596 602 837 349 671 791 751 0 129 921 716 717 274 584 739 701 285 849 754 497 453 869 561
376 476 603 519 522 181 564 291 340 450 361 407 615 485 350 348 819 718 54 301 195 305 273 312 393 438 296 445 645 438 128 122 320 568 449 293 231 725 719 543 448 493 74 517 318 425 109 623 156 253 451 439 404 400 293 345 372 316 452 531 537 265 551 525 165 145 673 351 367 355 611 405 229 760 333 127 542 490 568 709 220 624 662 705 129 0 792 609 595 275 471 637 637 279 722 655 368 368 740 437
899 487 654 581 339 756 486 658 1054 980 552 1011 805 324 531 1104 37 151 829 741 843 994 1004 771 568 666 991 805 153 468 871 721 1025 260 934 707 777 85 125 439 914 479 834 822 475 524 701 456 807 1028 389 650 1193 777 1074 716 1165 576 561 919 628 903 389 402 631 933 753 789 469 459 709 918 808 214 911 801 932 531 919 152 573 840 132 931 921 792 0 500 298 888 450 553 751 874 203 584 425 645 55 390
497 138 879 774 222 695 727 683 717 557 248 616 310 304 264 795 498 350 662 380 536 904 692 398 675 235 897 891 386 189 611 620 688 502 503 728 742 418 537 671 481 123 679 944 399 658 581 46 717 856 248 776 978 356 889 768 924 293 712 455 148 840 633 147 468 744 254 394 532 495 922 935 762 315 887 695 466 120 444 348 463 1015 448 432 716 609 500 0 583 839 622 59 964 834 305 93 392 725 482 505
817 497 361 282 362 508 190 389 909 905 497 910 835 285 464 938 335 348 618 658 706 734 848 689 283 648 734 511 244 451 702 496 883 81 871 435 516 289 177 140 855 499 617 525 322 237 489 552 564 799 358 355 972 728 846 433 957 497 267 891 659 641 91 440 461 719 818 719 229 241 415 632 547 431 637 565 904 549 904 339 392 544 197 965 717 595 298 583 0 623 161 642 458 607 396 676 278 360 249 160
645 701 464 423 699 146 508 234 547 712 596 656 886 637 575 511 921 857 230 574 463 115 482 586 344 701 117 232 763 653 376 219 538 631 718 189 112 840 786 515 719 716 208 299 469 391 259 844 126 242 633 319 404 674 283 206 422 554 383 805 793 26 547 727 372 245 939 625 420 434 448 136 83 918 58 153 815 727 842 847 381 409 758 980 274 275 888 839 623 0 464 877 458 18 877 900 504 274 833 498
749 509 257 155 408 358 115 232 803 837 472 827 827 323 437 819 486 468 485 599 612 577 738 628 122 628 577 355 361 456 589 360 779 193 810 275 360 424 334 73 798 517 480 378 268 76 362 602 415 653 375 201 827 683 700 272 818 457 113 848 664 484 85 476 365 582 830 663 123 156 304 472 391 546 476 421 862 558 869 458 298 416 331 953 584 471 450 622 161 464 0 679 347 448 507 711 245 199 397 117
489 182 935 829 280 735 785 731 718 542 281 607 268 362 303 800 550 402 691 388 548 938 698 402 727 234 930 939 444 236 629 658 689 561 487 774 784 473 594 729 464 170 709 994 448 712 619 98 753 880 304 829 994 348 911 815 938 325 766 427 131 877 691 204 505 769 201 392 585 548 977 978 802 360 927 730 438 150 411 401 506 1067 505 384 739 637 553 59 642 877 679 0 1018 873 355 34 445 776 537 562
992 842 97 192 754 459 268 352 969 1075 784 1042 1137 669 750 952 787 802 619 866 823 557 900 890 298 934 564 227 695 788 764 518 952 522 1062 343 418 747 626 322 1055 852 604 171 580 307 546 946 503 699 716 208 859 963 741 292 880 758 252 1123 988 483 371 819 612 681 1154 930 434 472 43 365 436 884 426 526 1135 888 1151 793 564 104 654 1257 701 637 751 964 458 458 347 1018 0 440 846 1050 574 279 705 462
651 696 446 405 691 139 491 219 559 720 592 665 888 627 571 525 908 846 236 576 469 132 494 589 328 701 135 215 751 648 383 215 549 617 724 173 100 827 771 498 725 711 214 284 460 375 255 838 126 259 625 301 422 676 301 189 439 550 365 810 791 43 530 720 368 257 939 628 406 422 430 128 73 907 55 154 820 723 847 836 374 393 744 983 285 279 874 834 607 18 448 873 440 0 866 896 494 257 820 485
750 324 750 658 205 734 580 666 934 824 415 867 615 242 403 996 195 55 767 601 728 970 892 628 605 499 966 847 152 323 775 680 904 324 774 716 766 133 277 524 753 312 777 881 415 570 651 259 775 973 273 702 1124 617 1014 739 1085 449 618 745 443 887 476 238 557 867 556 639 474 449 802 935 795 41 912 762 757 358 740 60 514 922 205 737 849 722 203 305 396 877 507 355 846 866 0 385 374 676 200 408
487 210 967 861 314 759 818 758 720 535 304 603 246 395 327 804 580 433 709 396 557 957 704 408 758 239 949 967 477 265 641 681 692 595 480 801 808 504 628 762 457 199 728 1023 478 743 641 131 775 895 336 859 1005 348 925 843 947 346 798 414 132 899 724 238 528 784 172 394 616 579 1008 1003 826 388 951 751 424 174 395 432 532 1097 539 357 754 655 584 93 676 900 711 34 1050 896 385 0 476 805 569 594
539 269 493 387 203 359 358 305 647 627 230 634 583 133 195 687 451 360 406 380 438 596 591 410 282 385 591 506 279 214 451 307 619 223 593 354 394 358 360 307 578 278 413 554 51 267 282 380 401 609 147 384 770 453 653 386 740 221 322 617 420 513 283 252 208 509 586 441 140 103 533 572 421 415 541 389 631 316 634 350 148 622 295 710 497 368 425 392 278 504 245 445 574 494 374 476 0 337 373 136
714 595 235 159 536 204 235 76 707 797 521 767 868 457 489 702 681 645 360 588 547 389 638 612 78 665 391 172 541 540 496 246 688 386 783 91 183 611 533 242 777 606 348 218 327 123 270 716 259 488 484 72 662 686 535 73 665 490 109 844 728 296 278 589 334 440 892 652 205 237 248 273 212 717 279 275 857 635 873 635 291 298 521 983 453 368 645 725 360 274 199 776 279 257 676 805 337 0 592 269
859 455 608 531 304 702 438 603 1007 941 512 969 781 279 488 1055 89 145 776 700 796 939 956 730 514 633 937 752 110 431 821 667 978 206 897 653 722 68 85 389 877 449 781 771 424 471 648 439 752 975 348 598 1140 740 1020 662 1113 533 509 886 602 849 340 372 580 880 735 750 414 405 663 864 753 222 857 746 900 501 889 142 520 792 78 908 869 740 55 482 249 833 397 537 705 820 200 569 373 592 0 335
665 394 374 270 292 369 226 269 749 754 365 754 717 207 330 778 423 376 463 509 547 605 688 539 197 521 603 439 273 341 542 345 723 136 722 320 387 346 293 173 709 400 464 474 170 164 333 485 422 652 258 295 822 586 699 335 803 356 216 751 550 514 148 359 301 566 715 572 80 82 419 535 418 449 523 419 765 443 769 366 231 524 260 845 561 437 390 505 160 498 117 562 462 485 408 594 136 269 335 0
