# TTSP Euclidean complete-graph matrix instance
# seed: 2086
# depot: 1
# L_max is not stored in this file; pass it with --budget when running algorithms.
# coordinate rows: node x y
# coord 1 629.141584 724.735893
# coord 2 273.334733 592.978419
# coord 3 543.772373 500.010744
# coord 4 842.121115 680.030532
# coord 5 181.203709 76.957007
# coord 6 960.973302 503.964450
# coord 7 771.157122 220.711427
# coord 8 424.970666 20.066453
# coord 9 345.125790 135.627091
# coord 10 39.886595 597.901621
# coord 11 918.016515 803.009812
# coord 12 219.249116 350.185688
# coord 13 131.425711 136.361624
# coord 14 391.601360 742.220137
# coord 15 335.620722 725.854108
# coord 16 112.120386 673.342034
# coord 17 547.386449 553.827082
# coord 18 950.841039 768.519831
# coord 19 806.034103 972.964746
# coord 20 111.193298 218.721589
# coord 21 686.084686 610.411692
# coord 22 663.406591 77.409731
# coord 23 537.371278 995.846835
# coord 24 24.595039 661.743317
# coord 25 755.634358 507.423113
# coord 26 124.116933 945.992521
# coord 27 911.913373 366.731768
# coord 28 57.523879 971.394962
# coord 29 368.879374 162.887189
# coord 30 119.150878 875.664273
# coord 31 311.591106 722.597479
# coord 32 832.642176 243.072344
# coord 33 204.208585 605.766054
# coord 34 755.057800 84.388788
# coord 35 969.973841 711.663189
# coord 36 951.655101 675.498029
# coord 37 27.752683 259.397234
# coord 38 298.801004 306.438634
# coord 39 146.361770 441.541406
# coord 40 493.044980 765.794678
# coord 41 237.540939 582.213161
# coord 42 720.594658 647.339588
# coord 43 499.171878 472.609981
# coord 44 471.635781 939.854569
# coord 45 511.802504 383.642568
# coord 46 608.138785 966.021325
# coord 47 39.228394 510.322933
# coord 48 947.677894 327.974177
# coord 49 160.447783 491.803135
# coord 50 872.548711 563.396617
# coord 51 135.389801 813.984936
# coord 52 168.962252 768.653188
# coord 53 251.045132 692.348271
# coord 54 667.650283 516.321153
# coord 55 219.158778 477.902555
# coord 56 101.540741 799.856635
# coord 57 507.239522 497.823347
# coord 58 851.002287 585.244640
# coord 59 120.222442 625.770334
# coord 60 49.243343 284.976841
# coord 61 951.971643 154.599958
# coord 62 719.877697 263.637536
# coord 63 827.332066 776.862942
# coord 64 329.929285 602.038665
# coord 65 315.485178 34.772404
# coord 66 571.700670 465.461094
# coord 67 230.140174 724.356370
# coord 68 837.142218 695.722526
# coord 69 471.933065 180.495886
# coord 70 797.406421 781.130614
# coord 71 419.007360 133.328170
# coord 72 420.630131 100.789930
# coord 73 616.928711 789.138291
# coord 74 505.030378 592.923436
# coord 75 477.271184 624.592462
# coord 76 204.908135 646.734389
# coord 77 496.544190 71.184262
# coord 78 146.986201 634.940980
# coord 79 12.636615 145.663214
# coord 80 901.915675 237.806768
# coord 81 488.563634 946.749743
# coord 82 484.337872 682.369743
# coord 83 171.198330 15.930613
# coord 84 147.545036 185.869368
# coord 85 840.685892 873.177270
# coord 86 913.090370 508.291636
# coord 87 282.426932 852.883977
# coord 88 372.624249 666.345252
# coord 89 81.384732 76.702808
# coord 90 885.048817 165.969992
# coord 91 769.068169 994.125051
# coord 92 14.800472 187.659038
# coord 93 176.955335 642.836931
# coord 94 133.175913 545.428986
# coord 95 520.022753 721.376830
# coord 96 312.647517 343.176314
# coord 97 724.571622 592.682894
# coord 98 221.504722 701.150046
# coord 99 810.629002 711.413394
# coord 100 80.336503 870.245257
# reference_nearest_neighbor_tour_cost: 9257
TTSP_MATRIX
100
0 70 38 59 41 75 85 71 37 42 69 50 56 54 1 61 63 60 96 7 32 84 92 34 72 94 26 82 47 35 26 41 74 97 59 39 36 59 83 8 29 35 93 51 59 36 83 63 94 66 93 9 87 14 91 19 55 76 48 73 19 46 75 21 47 66 42 47 57 21 68 9 2 53 75 15 96 45 35 10 82 17 14 31 60 20 64 61 36 17 28 29 4 34 24 21 74 19 76 11
0 379 240 218 788 399 524 734 654 603 299 555 771 238 294 520 189 325 305 724 128 648 286 608 251 551 456 623 619 532 318 523 441 653 341 326 760 533 560 142 417 120 284 267 361 242 628 509 523 292 502 462 379 212 479 533 258 262 518 728 655 470 205 323 758 266 399 210 566 177 628 658 66 181 182 431 667 490 846 558 263 151 844 723 258 357 370 263 849 615 304 816 460 527 109 496 163 408 182 568
379 0 286 575 524 693 622 593 463 234 678 249 478 190 147 180 277 700 654 408 413 647 482 258 490 383 677 436 441 322 135 660 70 701 707 683 414 288 198 280 37 451 256 400 317 501 248 725 152 600 261 204 102 402 127 269 253 578 157 381 808 555 584 57 560 324 138 573 458 557 482 514 396 232 206 87 568 133 518 722 414 229 586 426 633 645 260 123 551 746 638 481 109 148 278 253 451 120 550 338
240 286 0 348 557 417 360 494 415 513 482 357 550 286 307 465 54 488 541 516 180 439 496 544 212 612 392 677 380 567 322 387 356 466 476 444 569 312 402 271 317 230 52 446 121 470 505 439 383 335 515 461 350 125 325 534 37 319 442 539 535 295 396 237 518 44 386 353 327 379 387 418 298 101 141 369 431 419 638 444 450 192 611 506 477 369 439 239 627 478 543 614 394 413 223 279 203 380 340 593
218 575 348 0 895 212 465 781 737 806 145 705 895 455 509 730 321 140 295 864 171 629 439 818 193 766 321 837 701 749 532 437 642 602 132 110 917 659 735 359 612 126 401 453 444 370 821 368 707 121 719 679 591 239 655 750 381 95 724 886 537 434 98 518 833 345 614 16 622 111 691 716 250 348 369 638 700 697 987 446 443 358 944 852 193 186 586 470 971 516 322 963 666 722 325 628 146 621 44 785
788 524 557 895 0 889 607 250 174 540 1034 276 78 698 667 600 601 1035 1092 158 734 482 986 605 718 871 786 903 206 801 659 672 529 574 1012 976 238 258 366 756 508 785 508 910 451 986 456 807 415 845 738 692 619 655 403 727 532 841 552 246 775 570 953 546 141 551 649 902 309 936 244 241 835 609 623 570 315 559 182 738 923 677 62 114 1034 850 783 620 100 709 1089 200 566 471 728 297 749 625 894 800
399 693 417 212 889 0 341 722 718 926 302 757 907 617 664 866 417 265 494 896 295 520 649 950 205 946 146 1017 683 920 685 291 764 467 208 172 965 691 817 536 728 280 463 655 465 581 922 176 801 107 882 835 734 294 742 909 454 137 850 938 349 340 304 639 798 391 763 228 586 322 657 674 447 465 499 769 635 824 1014 273 647 509 928 873 388 48 763 610 978 346 526 998 796 829 492 668 253 765 256 954
524 622 360 465 607 341 0 400 434 823 601 567 645 645 667 800 401 577 753 660 399 179 810 867 287 972 203 1036 406 924 681 65 685 137 530 489 744 480 663 612 645 430 371 779 306 763 787 207 668 357 870 814 702 313 609 885 383 373 767 725 193 67 559 583 492 316 739 480 302 561 363 370 589 458 499 709 313 749 762 132 779 544 634 625 656 321 799 598 705 126 773 757 729 716 560 475 375 730 492 948
734 593 494 781 250 722 400 0 140 694 925 389 316 723 711 724 548 915 1026 371 646 245 982 756 589 974 598 1020 153 909 712 465 626 336 881 841 464 313 505 749 593 693 459 921 374 964 624 607 541 704 845 791 694 552 502 844 485 708 678 460 544 382 857 590 110 469 731 791 167 847 113 81 793 578 607 664 88 675 431 524 929 665 254 323 949 690 845 648 348 483 1033 443 670 601 708 342 646 711 792 917
654 463 415 737 174 718 434 140 0 554 880 249 214 608 590 586 465 876 956 248 585 324 881 616 554 840 612 884 36 774 588 499 491 413 850 812 341 177 365 647 459 635 371 814 299 871 484 633 401 679 710 657 565 499 365 707 397 677 539 331 607 396 802 467 105 400 600 746 135 788 74 83 708 484 507 530 165 537 333 566 824 564 211 204 889 679 720 531 270 541 957 334 534 461 611 210 594 579 740 781
603 234 513 806 540 926 823 694 554 0 902 306 471 380 322 104 509 927 853 386 646 812 637 66 721 358 902 374 545 289 299 869 165 880 937 915 339 390 189 483 198 683 476 551 518 677 88 947 161 833 236 214 231 633 216 211 478 811 85 313 1014 758 808 290 627 548 228 803 601 779 600 626 608 465 438 172 697 113 453 934 568 452 597 426 847 878 352 340 523 949 830 411 144 107 496 373 685 209 779 275
299 678 482 145 1034 302 601 925 880 902 0 833 1031 530 587 816 447 48 204 996 301 769 427 905 337 807 436 877 843 802 612 566 741 737 105 132 1043 794 852 427 715 251 533 467 584 350 926 476 819 244 783 750 676 381 771 816 512 228 817 1011 649 575 94 621 976 484 692 134 766 123 835 861 301 463 475 730 845 789 1119 565 453 450 1085 987 104 295 638 562 1108 638 242 1093 758 826 406 760 286 704 141 840
555 249 357 705 276 757 567 389 249 306 833 0 231 428 393 340 386 843 856 170 534 521 720 367 559 603 693 642 240 535 384 623 256 598 833 801 212 91 117 498 233 583 306 641 294 728 241 729 153 687 471 421 344 478 128 465 324 674 293 182 758 508 743 275 330 371 374 708 304 721 295 321 592 375 377 297 393 294 291 692 655 425 338 179 812 712 507 351 306 691 847 261 296 213 478 94 560 351 693 538
771 478 550 895 78 907 645 316 214 471 1031 231 0 659 624 537 589 1035 1075 85 730 535 951 536 726 810 814 838 239 739 613 709 475 626 1017 982 161 239 306 726 458 780 498 873 454 957 385 838 357 855 678 633 569 657 353 664 521 848 490 170 821 602 946 506 210 550 596 901 343 927 288 291 814 590 598 516 371 499 119 777 886 650 127 52 1023 866 732 582 78 754 1069 127 509 409 702 275 748 572 890 736
238 190 286 455 698 617 645 723 608 380 530 428 659 0 58 288 244 560 474 594 323 718 293 376 433 336 642 405 580 303 82 666 232 752 579 564 605 446 388 104 222 342 290 213 378 311 422 693 341 513 266 224 149 357 316 296 270 485 295 571 812 580 437 153 712 330 162 448 567 408 610 642 230 187 146 210 679 267 707 718 226 110 759 608 468 572 155 78 734 759 454 670 237 325 130 407 365 175 420 337
294 147 307 509 667 664 667 711 590 322 587 393 624 58 0 230 273 617 531 555 369 727 337 318 473 305 679 371 564 263 24 693 178 766 635 618 559 421 342 162 174 393 301 254 385 363 366 730 292 561 219 172 91 393 274 245 285 534 238 526 840 601 494 124 691 351 105 502 562 465 598 631 288 215 174 153 674 209 664 748 269 155 729 572 526 617 138 70 697 784 510 627 179 271 184 383 411 117 475 293
520 180 465 730 600 866 800 724 586 104 816 340 537 288 230 0 451 844 756 455 577 812 534 88 665 273 857 303 571 202 205 839 114 872 859 840 422 412 234 392 155 609 436 448 494 576 179 904 188 768 143 111 140 577 223 127 432 744 48 393 987 733 723 229 670 504 129 725 610 694 621 650 518 401 368 97 714 52 537 902 465 372 660 489 755 818 247 261 597 925 731 495 72 130 411 386 618 113 700 199
189 277 54 321 601 417 401 548 465 509 447 386 589 244 273 451 0 457 493 550 150 490 442 534 213 577 410 644 430 536 290 422 347 513 451 422 597 351 416 219 311 197 94 393 174 417 510 460 392 325 487 435 327 126 337 509 69 305 433 566 568 338 358 223 569 92 360 323 381 338 440 470 245 58 100 355 485 409 673 475 397 143 656 543 434 369 400 208 667 514 493 646 381 414 170 315 181 358 307 564
325 700 488 140 1035 265 577 915 876 927 48 843 1035 560 617 844 457 0 251 1004 308 748 472 932 326 846 404 916 840 839 641 539 764 712 60 93 1054 799 868 458 737 260 540 509 584 396 947 441 837 220 817 782 704 379 787 850 520 209 843 1023 614 555 124 643 971 485 722 135 758 154 828 853 335 479 495 756 832 815 1126 533 495 474 1084 992 152 263 674 587 1111 606 290 1102 784 848 433 767 287 732 151 876
305 654 541 295 1092 494 753 1026 956 853 204 856 1075 474 531 756 493 251 0 1026 382 907 270 841 468 682 615 749 921 694 554 730 705 890 308 331 1056 838 847 375 690 337 587 336 659 198 896 660 805 415 689 669 622 477 768 725 561 390 769 1023 831 715 197 604 1059 559 627 279 860 192 925 954 264 485 479 684 953 741 1146 741 319 434 1148 1026 106 477 537 531 1153 811 43 1115 710 797 381 800 389 645 262 733
724 408 516 864 158 896 660 371 248 386 996 170 85 594 555 455 550 1004 1026 0 696 570 886 451 706 727 814 755 264 657 542 722 398 658 990 957 93 207 226 667 385 745 464 806 433 897 300 844 277 836 596 553 494 631 281 581 485 826 407 91 843 610 908 441 275 522 519 869 363 887 319 331 762 543 547 438 413 418 123 791 820 595 211 49 980 853 657 518 145 776 1017 101 429 327 648 237 718 495 856 652
128 413 180 171 734 295 399 646 585 646 301 534 730 323 369 577 150 308 382 696 0 533 413 663 124 655 332 725 549 626 391 395 482 531 301 273 746 492 566 248 449 51 232 393 286 364 655 385 539 192 587 541 443 96 485 614 211 167 566 715 528 348 218 356 685 185 470 173 480 204 547 575 192 182 209 483 572 540 818 431 390 214 786 686 305 249 471 318 807 487 393 793 510 557 200 459 42 473 160 659
648 647 439 629 482 520 179 245 324 812 769 521 535 718 727 812 490 748 907 570 533 0 927 866 440 1022 381 1080 307 966 735 237 700 92 704 664 661 431 632 709 660 573 428 884 342 890 760 379 652 529 906 850 740 439 598 915 448 541 772 648 299 195 718 622 351 399 779 642 217 716 251 244 713 539 578 731 167 760 654 287 887 631 496 527 815 498 864 657 582 239 923 658 746 707 660 440 519 764 651 984
286 482 496 439 986 649 810 982 881 637 427 720 951 293 337 534 442 472 270 886 413 927 0 612 535 416 732 480 850 435 354 809 513 937 518 524 896 730 678 234 511 394 525 86 613 77 696 784 629 547 441 433 417 497 608 478 499 517 558 862 938 755 363 445 986 531 410 424 818 337 871 903 221 404 376 482 926 532 999 841 69 318 1046 899 327 616 292 368 1026 900 232 962 504 605 275 690 445 432 394 474
608 258 544 818 605 950 867 756 616 66 905 367 536 376 318 88 534 932 841 451 663 866 612 0 747 301 935 311 606 234 293 910 188 931 947 927 402 449 252 480 227 696 511 526 561 658 152 982 218 854 188 180 229 659 268 158 510 830 102 378 1057 801 811 311 691 581 215 813 657 782 659 687 606 485 454 181 756 125 516 974 545 460 662 492 843 902 321 348 588 993 815 474 154 159 499 429 703 201 788 216
251 490 212 193 718 205 287 589 554 721 337 559 726 433 473 665 213 326 468 706 124 440 535 747 0 769 210 838 518 735 493 275 560 423 296 258 769 499 613 368 523 144 259 517 273 482 716 263 595 130 692 642 537 88 537 716 249 123 646 741 404 246 279 436 646 189 569 205 433 277 503 527 314 265 302 568 507 622 826 307 514 323 764 688 376 157 586 415 800 365 487 807 594 624 318 472 91 568 211 767
551 383 612 766 871 946 972 974 840 358 807 603 810 336 305 273 577 846 682 727 655 1022 416 301 769 0 978 71 820 71 292 998 350 1068 878 871 693 663 505 411 381 667 604 348 683 484 444 1030 456 841 132 183 284 693 478 148 590 811 320 665 1145 906 723 401 931 657 246 756 841 693 865 896 517 519 478 310 951 312 808 1052 364 446 931 760 720 902 184 374 870 1090 647 766 308 401 455 632 697 263 725 87
456 677 392 321 786 146 203 598 612 902 436 693 814 642 679 857 410 404 615 814 332 381 732 935 210 978 0 1047 580 942 698 147 747 323 350 311 891 616 769 579 708 340 426 723 400 672 884 53 762 201 896 845 737 286 702 919 425 227 833 867 216 218 419 628 683 354 770 337 478 430 545 559 515 466 505 760 510 811 926 129 718 531 820 785 511 142 795 617 880 203 643 915 785 799 529 600 294 767 359 972
623 436 677 837 903 1017 1036 1020 884 374 877 642 838 405 371 303 644 916 749 755 725 1080 480 311 838 71 1047 0 866 114 356 1064 394 1128 949 942 713 707 537 482 429 738 666 415 743 551 461 1098 491 911 176 231 340 761 519 177 653 882 351 686 1211 969 794 459 971 721 301 827 893 764 913 943 588 586 544 357 1002 348 827 1119 432 515 962 791 789 973 254 439 895 1155 712 785 350 433 526 678 767 316 797 104
619 441 380 701 206 683 406 153 36 545 843 240 239 580 564 571 430 840 921 264 549 307 850 606 518 820 580 866 0 755 563 471 473 394 814 776 355 160 357 616 439 599 336 784 263 838 479 602 389 643 692 638 542 463 349 691 362 641 525 342 583 365 766 441 139 364 578 709 105 752 58 81 674 451 474 511 157 522 357 538 793 532 246 223 853 645 695 503 300 516 923 355 517 449 579 189 558 558 704 764
532 322 567 749 801 920 924 909 774 289 802 535 739 303 263 202 536 839 694 657 626 966 435 234 735 71 942 114 755 0 246 954 283 1015 866 856 623 597 435 390 316 643 554 358 629 497 374 993 386 816 64 118 226 656 410 78 542 787 250 595 1102 858 715 345 864 611 188 740 780 685 801 831 505 478 437 244 889 242 738 1010 376 413 861 690 722 875 165 329 800 1044 661 696 240 331 430 567 668 202 711 39
318 135 322 532 659 685 681 712 588 299 612 384 613 82 24 205 290 641 554 542 391 735 354 293 493 292 698 356 563 246 0 708 159 777 658 642 543 416 326 187 159 416 313 270 394 384 345 749 276 583 198 150 68 411 262 224 298 557 214 510 856 614 519 122 688 366 81 526 565 489 599 631 313 233 192 131 677 186 650 764 286 177 720 561 550 639 134 83 686 799 532 612 156 251 208 379 433 93 499 274
523 660 387 437 672 291 65 465 499 869 566 623 709 666 693 839 422 539 730 722 395 237 809 910 275 998 147 1064 471 954 708 0 726 177 488 449 805 538 714 623 685 420 405 785 350 757 837 143 717 323 901 847 735 319 657 919 413 343 809 785 149 115 534 618 558 343 771 453 366 539 428 436 587 479 521 746 378 790 826 69 783 561 699 687 630 277 821 625 769 93 754 820 768 762 571 530 366 764 469 979
441 70 356 642 529 764 685 626 491 165 741 256 475 232 178 114 347 764 705 398 482 700 513 188 560 350 747 394 473 283 159 726 0 758 773 751 389 314 174 330 41 518 324 428 379 541 191 794 122 670 219 167 98 472 129 220 322 647 86 356 873 619 646 126 582 393 121 639 503 619 519 549 452 301 274 41 609 64 498 789 444 290 591 424 690 716 259 179 543 811 685 459 46 93 336 284 521 97 616 292
653 701 466 602 574 467 137 336 413 880 737 598 626 752 766 872 513 712 890 658 531 92 937 931 423 1068 323 1128 394 1015 777 177 758 0 663 623 748 507 706 730 718 564 465 901 386 894 833 311 721 493 957 901 790 441 665 969 482 510 834 734 209 183 696 670 442 423 828 617 299 698 340 335 718 567 607 787 259 820 745 212 903 656 588 616 793 452 902 696 674 153 910 747 804 774 679 513 509 816 629 1036
341 707 476 132 1012 208 530 881 850 937 105 833 1017 579 635 859 451 60 308 990 301 704 518 947 296 878 350 949 814 866 658 488 773 663 0 41 1045 784 867 480 744 258 528 548 563 442 952 384 839 177 841 803 719 360 786 873 510 174 854 1015 557 513 157 649 942 468 740 134 728 186 799 822 361 480 500 768 796 827 1112 479 536 487 1059 976 207 211 702 599 1092 552 347 1089 796 853 450 754 273 749 159 904
326 683 444 110 976 172 489 841 812 915 132 801 982 564 618 840 422 93 331 957 273 664 524 927 258 871 311 942 776 856 642 449 751 623 41 0 1013 750 839 467 720 233 496 548 528 450 927 348 812 137 828 788 701 326 759 859 479 135 833 983 521 473 160 626 903 434 723 116 689 187 760 782 353 454 477 747 757 806 1078 441 537 467 1022 941 227 172 692 579 1056 514 367 1056 775 829 434 720 242 731 146 893
760 414 569 917 238 965 744 464 341 339 1043 212 161 605 559 422 597 1054 1056 93 746 661 896 402 769 693 891 713 355 623 543 805 389 748 1045 1013 0 275 217 688 385 794 517 812 500 914 251 922 268 898 565 528 487 690 290 545 535 885 378 33 930 692 952 457 365 582 507 920 451 930 411 424 792 582 579 426 505 394 115 874 828 622 283 141 1019 920 646 533 190 862 1044 73 411 305 675 297 772 482 904 613
533 288 312 659 258 691 480 313 177 390 794 91 239 446 421 412 351 799 838 207 492 431 730 449 499 663 616 707 160 597 416 538 314 507 784 750 275 0 204 499 282 542 260 657 227 729 330 649 231 629 533 480 389 424 189 531 283 619 366 250 671 423 708 297 272 316 424 664 214 688 211 239 578 353 365 353 307 362 328 607 668 419 317 193 784 647 547 367 316 603 833 308 358 291 470 39 513 402 653 605
560 198 402 735 366 817 663 505 365 189 852 117 306 388 342 234 416 868 847 226 566 632 678 252 613 505 769 537 357 435 326 714 174 706 867 839 217 204 0 475 168 610 354 595 370 699 127 809 52 736 373 328 272 527 81 361 365 719 186 184 855 600 759 244 441 426 295 736 417 734 411 437 585 389 378 213 510 193 325 783 610 415 426 256 818 770 433 319 371 788 833 286 204 105 467 193 598 270 717 434
142 280 271 359 756 536 612 749 647 483 427 498 726 104 162 392 219 458 375 667 248 709 234 480 368 411 579 482 616 390 187 623 330 730 480 467 688 499 475 0 315 257 293 175 383 231 521 631 431 430 361 324 253 305 397 393 268 401 398 654 764 551 334 231 752 310 266 351 586 305 637 669 126 173 142 312 695 370 784 668 181 84 816 675 364 493 228 156 803 717 358 750 339 422 52 460 289 279 322 426
417 37 317 612 508 728 645 593 459 198 715 233 458 222 174 155 311 737 690 385 449 660 511 227 523 381 708 429 439 316 159 685 41 718 744 720 385 282 168 315 0 487 284 427 339 534 211 754 119 635 253 199 111 435 106 257 283 613 125 352 833 578 621 94 553 354 142 610 465 594 484 515 432 268 243 72 573 105 491 748 443 266 570 406 670 680 274 159 529 770 672 453 86 111 315 251 487 120 587 328
120 451 230 126 785 280 430 693 635 683 251 583 780 342 393 609 197 260 337 745 51 573 394 696 144 667 340 738 599 643 416 420 518 564 258 233 794 542 610 257 487 0 282 384 336 338 695 392 581 174 608 565 472 141 529 638 261 144 601 763 544 384 168 393 734 235 496 126 529 154 596 623 176 222 244 516 618 574 868 448 379 239 837 736 256 237 484 348 857 509 350 842 544 596 214 509 55 502 111 678
284 256 52 401 508 463 371 459 371 476 533 306 498 290 301 436 94 540 587 464 232 428 525 511 259 604 426 666 336 554 313 405 324 465 528 496 517 260 354 293 284 282 0 468 90 505 461 471 339 384 499 443 331 174 280 515 26 369 409 487 553 304 448 213 475 73 368 405 293 429 349 380 338 120 154 342 401 388 586 466 474 210 562 454 526 415 438 231 576 493 587 562 364 373 250 227 255 360 392 578
267 400 446 453 910 655 779 921 814 551 467 641 873 213 254 448 393 509 336 806 393 884 86 526 517 348 723 415 784 358 270 785 428 901 548 548 812 657 595 175 427 384 468 0 558 139 609 775 546 550 359 348 332 467 526 396 443 519 471 779 921 720 391 366 918 485 324 440 759 362 808 841 209 349 315 396 869 445 917 823 18 258 972 821 375 617 208 291 947 877 302 880 418 520 224 617 430 346 409 397
361 317 121 444 451 465 306 374 299 518 584 294 454 378 385 494 174 584 659 433 286 342 613 561 273 683 400 743 263 629 394 350 379 386 563 528 500 227 370 383 339 336 90 558 0 590 489 439 368 403 572 516 404 205 307 584 114 395 460 473 496 240 504 284 400 101 442 451 207 489 267 297 419 209 243 404 313 443 553 416 564 300 501 414 590 420 522 315 529 432 662 534 423 412 338 203 298 430 444 650
242 501 470 370 986 581 763 964 871 677 350 728 957 311 363 576 417 396 198 897 364 890 77 658 482 484 672 551 838 497 384 757 541 894 442 450 914 729 699 231 534 338 505 139 590 0 729 723 652 482 497 481 450 454 624 533 479 452 595 881 881 711 290 458 976 502 449 354 797 265 854 885 177 387 366 514 902 568 1014 785 121 309 1046 906 250 550 345 381 1034 847 163 979 539 634 260 689 391 469 325 536
628 248 505 821 456 922 787 624 484 88 926 241 385 422 366 179 510 947 896 300 655 760 696 152 716 444 884 461 479 374 345 837 191 833 952 927 251 330 127 521 211 695 461 609 489 729 0 927 123 835 319 289 279 628 183 296 468 815 141 226 980 724 832 305 550 534 287 819 544 805 535 560 641 473 453 215 634 165 366 905 626 477 512 342 880 874 420 368 436 913 876 324 191 100 525 320 690 264 797 362
509 725 439 368 807 176 207 607 633 947 476 729 838 693 730 904 460 441 660 844 385 379 784 982 263 1030 53 1098 602 993 749 143 794 311 384 348 922 649 809 631 754 392 471 775 439 723 927 0 804 247 947 895 786 337 744 969 472 275 879 899 173 237 465 676 697 400 820 384 498 477 563 574 568 516 556 808 519 858 953 101 770 583 837 813 556 184 847 667 902 174 690 943 833 843 581 635 346 816 407 1023
523 152 383 707 415 801 668 541 401 161 819 153 357 341 292 188 392 837 805 277 539 652 629 218 595 456 762 491 389 386 276 717 122 721 839 812 268 231 52 431 119 581 339 546 368 652 123 804 0 716 323 277 220 508 60 314 347 697 140 235 860 604 725 202 483 412 243 707 440 700 442 470 545 359 344 161 538 144 376 784 561 376 476 306 780 753 381 275 423 794 789 337 152 60 427 213 573 218 686 387
292 600 335 121 845 107 357 704 679 833 244 687 855 513 561 768 325 220 415 836 192 529 547 854 130 841 201 911 643 816 583 323 670 493 177 137 898 629 736 430 635 174 384 550 403 482 835 247 716 0 779 733 635 210 659 806 371 31 755 869 416 336 218 544 768 316 662 137 554 230 625 647 341 369 400 673 619 729 956 327 543 406 890 817 311 68 657 510 929 398 443 936 700 740 386 602 151 665 160 850
502 261 515 719 738 882 870 845 710 236 783 471 678 266 219 143 487 817 689 596 587 906 441 188 692 132 896 176 692 64 198 901 219 957 841 828 565 533 373 361 253 608 499 359 572 497 319 947 323 779 0 56 168 610 346 37 488 751 189 536 1050 803 693 288 800 558 130 712 717 663 737 768 482 431 391 181 826 179 680 959 377 373 799 628 708 836 152 279 739 991 659 638 176 269 396 503 629 142 683 79
462 204 461 679 692 835 814 791 657 214 750 421 633 224 172 111 435 782 669 553 541 850 433 180 642 183 845 231 638 118 150 847 167 901 803 788 528 480 328 324 199 565 443 348 516 481 289 895 277 733 56 0 112 559 295 74 433 706 151 498 995 747 658 232 748 504 76 672 662 629 683 714 448 379 340 127 771 136 642 905 366 327 753 583 680 788 141 228 697 936 641 601 126 226 354 449 583 86 644 135
379 102 350 591 619 734 702 694 565 231 676 344 569 149 91 140 327 704 622 494 443 740 417 229 537 284 737 340 542 226 68 735 98 790 719 701 487 389 272 253 111 472 331 332 404 450 279 786 220 635 168 112 0 452 217 184 322 609 147 455 883 635 582 120 661 393 38 586 557 554 584 615 378 273 236 65 668 119 596 794 348 234 681 517 617 687 164 124 639 824 600 557 89 188 271 355 484 31 560 247
212 402 125 239 655 294 313 552 499 633 381 478 657 357 393 577 126 379 477 631 96 439 497 659 88 693 286 761 463 656 411 319 472 441 360 326 690 424 527 305 435 141 174 467 205 454 628 337 508 210 610 559 452 0 450 633 161 196 558 660 460 258 306 348 597 109 484 247 389 295 457 483 277 180 219 481 477 534 753 364 466 247 705 616 397 246 512 331 733 412 488 731 507 535 253 395 95 483 242 686
479 127 325 655 403 742 609 502 365 216 771 128 353 316 274 223 337 787 768 281 485 598 608 268 537 478 702 519 349 410 262 657 129 665 786 759 290 189 81 397 106 529 280 526 307 624 183 744 60 659 346 295 217 450 0 343 289 641 178 257 801 545 678 166 453 353 247 655 390 653 398 428 505 308 297 169 492 173 391 724 541 335 464 301 737 695 380 243 424 735 754 355 170 109 387 164 518 223 636 416
533 269 534 750 727 909 885 844 707 211 816 465 664 296 245 127 509 850 725 581 614 915 478 158 716 148 919 177 691 78 224 919 220 969 873 859 545 531 361 393 257 638 515 396 584 533 296 969 314 806 37 74 184 633 343 0 506 780 175 518 1068 818 726 302 794 577 149 743 722 696 738 768 515 453 415 185 829 171 660 978 414 400 787 616 743 862 188 302 723 1008 695 618 174 256 426 503 657 155 715 74
258 253 37 381 532 454 383 485 397 478 512 324 521 270 285 432 69 520 561 485 211 448 499 510 249 590 425 653 362 542 298 413 322 482 510 479 535 283 365 268 283 261 26 443 114 479 468 472 347 371 488 433 322 161 289 506 0 355 408 505 562 316 425 206 501 72 358 385 319 406 375 406 311 95 130 337 427 385 607 473 449 186 587 476 502 406 420 216 599 503 561 582 361 377 224 249 237 351 371 567
262 578 319 95 841 137 373 708 677 811 228 674 848 485 534 744 305 209 390 826 167 541 517 830 123 811 227 882 641 787 557 343 647 510 174 135 885 619 719 401 613 144 369 519 395 452 815 275 697 31 751 706 609 196 641 780 355 0 732 856 442 347 193 521 768 304 636 111 555 203 625 648 310 346 376 649 624 706 947 351 512 379 887 809 288 99 628 485 922 421 417 926 677 719 358 590 127 640 132 822
518 157 442 724 552 850 767 678 539 85 817 293 490 295 238 48 433 843 769 407 566 772 558 102 646 320 833 351 525 250 214 809 86 834 854 833 378 366 186 398 125 601 409 471 460 595 141 879 140 755 189 151 147 558 178 175 408 732 0 348 956 701 723 211 622 479 148 720 567 695 576 605 523 386 357 87 670 28 492 873 489 368 612 441 762 802 279 256 550 892 746 451 59 81 411 342 605 126 696 248
728 381 539 886 246 938 725 460 331 313 1011 182 170 571 526 393 566 1023 1023 91 715 648 862 378 741 665 867 686 342 595 510 785 356 734 1015 983 33 250 184 654 352 763 487 779 473 881 226 899 235 869 536 498 455 660 257 518 505 856 348 0 912 671 921 423 365 553 475 889 435 898 400 415 759 550 546 394 496 363 144 854 794 589 295 140 986 892 614 500 211 844 1010 103 380 274 642 270 742 450 873 586
655 808 535 537 775 349 193 544 607 1014 649 758 821 812 840 987 568 614 831 843 528 299 938 1057 404 1145 216 1211 583 1102 856 149 873 209 557 521 930 671 855 764 833 544 553 921 496 881 980 173 860 416 1050 995 883 460 801 1068 562 442 956 912 0 256 635 766 648 491 920 553 481 645 533 534 718 626 668 895 463 937 939 97 918 705 793 805 727 356 967 773 874 68 859 938 916 907 713 667 494 912 574 1128
470 555 295 434 570 340 67 382 396 758 575 508 602 580 601 733 338 555 715 610 348 195 755 801 246 906 218 969 365 858 614 115 619 183 513 473 692 423 600 551 578 384 304 720 240 711 724 237 604 336 803 747 635 258 545 818 316 347 701 671 256 0 524 516 465 250 672 448 262 523 328 341 535 393 435 642 295 683 717 184 721 480 602 578 621 312 734 532 665 192 732 709 662 651 499 415 329 663 457 881
205 584 396 98 953 304 559 857 802 808 94 743 946 437 494 723 358 124 197 908 218 718 363 811 279 723 419 794 766 715 519 534 646 696 157 160 952 708 759 334 621 168 448 391 504 290 832 465 725 218 693 658 582 306 678 726 425 193 723 921 635 524 0 527 901 403 599 82 694 30 762 789 211 371 382 636 779 695 1031 544 379 356 1005 901 97 282 550 468 1023 614 225 1004 664 732 312 673 211 611 68 753
323 57 237 518 546 639 583 590 467 290 621 275 506 153 124 229 223 643 604 441 356 622 445 311 436 401 628 459 441 345 122 618 126 670 649 626 457 297 244 231 94 393 213 366 284 458 305 676 202 544 288 232 120 348 166 302 206 521 211 423 766 516 527 0 567 278 158 516 445 501 477 509 343 175 149 133 556 186 556 678 379 174 607 454 578 591 255 77 581 706 589 521 158 205 224 259 395 147 493 366
758 560 518 833 141 798 492 110 105 627 976 330 210 712 691 670 569 971 1059 275 685 351 986 691 646 931 683 971 139 864 688 558 582 442 942 903 365 272 441 752 553 734 475 918 400 976 550 697 483 768 800 748 661 597 453 794 501 768 622 365 648 465 901 567 0 501 695 842 214 888 143 124 812 589 612 622 185 623 323 621 928 669 146 226 989 762 819 634 238 584 1061 337 624 542 716 308 692 673 838 868
266 324 44 345 551 391 316 469 400 548 484 371 550 330 351 504 92 485 559 522 185 399 531 581 189 657 354 721 364 611 366 343 393 423 468 434 582 316 426 310 354 235 73 485 101 502 534 400 412 316 558 504 393 109 353 577 72 304 479 553 491 250 403 278 501 0 429 351 302 388 366 395 327 144 185 409 401 457 644 401 488 234 602 508 488 344 484 283 626 433 564 622 433 446 261 286 199 422 343 637
399 138 386 614 649 763 739 731 600 228 692 374 596 162 105 129 360 722 627 519 470 779 410 215 569 246 770 301 578 188 81 771 121 828 740 723 507 424 295 266 142 496 368 324 442 449 287 820 243 662 130 76 38 484 247 149 358 636 148 475 920 672 599 158 695 429 0 608 595 570 620 652 392 305 267 82 705 122 618 829 341 258 711 545 628 716 139 154 665 861 603 578 97 204 290 390 512 25 581 209
210 573 353 16 902 228 480 791 746 803 134 708 901 448 502 725 323 135 279 869 173 642 424 813 205 756 337 827 709 740 526 453 639 617 134 116 920 664 736 351 610 126 405 440 451 354 819 384 707 137 712 672 586 247 655 743 385 111 720 889 553 448 82 516 842 351 608 0 632 94 701 726 239 348 367 634 711 693 991 462 430 353 952 858 177 202 577 465 977 532 306 967 662 720 318 632 153 616 31 777
566 458 327 622 309 586 302 167 135 601 766 304 343 567 562 610 381 758 860 363 480 217 818 657 433 841 478 893 105 780 565 366 503 299 728 689 451 214 417 586 465 529 293 759 207 797 544 498 440 554 717 662 557 389 390 722 319 555 567 435 481 262 694 445 214 302 595 632 0 683 71 95 626 414 444 537 112 559 461 434 766 502 343 324 785 550 699 496 404 413 866 457 548 498 543 228 483 578 630 793
177 557 379 111 936 322 561 847 788 779 123 721 927 408 465 694 338 154 192 887 204 716 337 782 277 693 430 764 752 685 489 539 619 698 186 187 930 688 734 305 594 154 429 362 489 265 805 477 700 230 663 629 554 295 653 696 406 203 695 898 645 523 30 501 888 388 570 94 683 0 750 778 181 348 356 608 771 667 1010 553 350 328 989 881 102 296 520 440 1004 621 215 982 636 705 284 653 202 581 71 723
628 482 387 691 244 657 363 113 74 600 835 295 288 610 598 621 440 828 925 319 547 251 871 659 503 865 545 913 58 801 599 428 519 340 799 760 411 211 411 637 484 596 349 808 267 854 535 563 442 625 737 683 584 457 398 738 375 625 576 400 533 328 762 477 143 366 620 701 71 750 0 33 685 468 495 556 99 571 407 494 816 553 274 277 852 620 732 535 342 467 929 408 564 502 597 235 552 601 698 811
658 514 418 716 241 674 370 81 83 626 861 321 291 642 631 650 470 853 954 331 575 244 903 687 527 896 559 943 81 831 631 436 549 335 822 782 424 239 437 669 515 623 380 841 297 885 560 574 470 647 768 714 615 483 428 768 406 648 605 415 534 341 789 509 124 395 652 726 95 778 33 0 716 499 527 587 81 600 410 500 849 585 263 286 879 639 765 568 340 469 959 415 594 529 628 265 578 633 725 841
66 396 298 250 835 447 589 793 708 608 301 592 814 230 288 518 245 335 264 762 192 713 221 606 314 517 515 588 674 505 313 587 452 718 361 353 792 578 585 126 432 176 338 209 419 177 641 568 545 341 482 448 378 277 505 515 311 310 523 759 718 535 211 343 812 327 392 239 626 181 685 716 0 226 216 436 728 495 883 621 203 170 892 764 239 408 341 273 891 678 255 851 464 542 118 540 224 405 209 543
181 232 101 348 609 465 458 578 484 465 463 375 590 187 215 401 58 479 485 543 182 539 404 485 265 519 466 586 451 478 233 479 301 567 480 454 582 353 389 173 268 222 120 349 209 387 473 516 359 369 431 379 273 180 308 453 95 346 386 550 626 393 371 175 589 144 305 348 414 348 468 499 226 0 42 305 522 361 665 533 354 92 667 542 437 417 342 151 668 572 480 636 332 375 129 315 220 303 328 507
182 206 141 369 623 499 499 607 507 438 475 377 598 146 174 368 100 495 479 547 209 578 376 454 302 478 505 544 474 437 192 521 274 607 500 477 579 365 378 142 243 244 154 315 243 366 453 556 344 400 391 340 236 219 297 415 130 376 357 546 668 435 382 149 612 185 267 367 444 356 495 527 216 42 0 273 554 330 667 574 322 58 681 549 440 451 300 113 676 614 471 636 301 353 106 326 249 267 344 467
431 87 369 638 570 769 709 664 530 172 730 297 516 210 153 97 355 756 684 438 483 731 482 181 568 310 760 357 511 244 131 746 41 787 768 747 426 353 213 312 72 516 342 396 404 514 215 808 161 673 181 127 65 481 169 185 337 649 87 394 895 642 636 133 622 409 82 634 537 608 556 587 436 305 273 0 645 59 537 808 413 282 632 464 675 722 220 169 583 833 663 497 28 124 324 322 522 57 609 256
667 568 431 700 315 635 313 88 165 697 845 393 371 679 674 714 485 832 953 413 572 167 926 756 507 951 510 1002 157 889 677 378 609 259 796 757 505 307 510 695 573 618 401 869 313 902 634 519 538 619 826 771 668 477 492 829 427 624 670 496 463 295 779 556 185 401 705 711 112 771 99 81 728 522 554 645 0 663 490 438 876 611 330 367 873 604 810 608 415 400 962 496 655 597 651 328 569 687 713 901
490 133 419 697 559 824 749 675 537 113 789 294 499 267 209 52 409 815 741 418 540 760 532 125 622 312 811 348 522 242 186 790 64 820 827 806 394 362 193 370 105 574 388 445 443 568 165 858 144 729 179 136 119 534 173 171 385 706 28 363 937 683 695 186 623 457 122 693 559 667 571 600 495 361 330 59 663 0 507 853 462 341 619 449 733 777 257 228 562 874 718 466 31 91 383 336 579 100 668 245
846 518 638 987 182 1014 762 431 333 453 1119 291 119 707 664 537 673 1126 1146 123 818 654 999 516 826 808 926 827 357 738 650 826 498 745 1112 1078 115 328 325 784 491 868 586 917 553 1014 366 953 376 956 680 642 596 753 391 660 607 947 492 144 939 717 1031 556 323 644 618 991 461 1010 407 410 883 665 667 537 490 507 0 894 932 715 205 141 1102 971 757 633 97 873 1137 42 524 418 767 359 841 593 978 728
558 722 444 446 738 273 132 524 566 934 565 692 777 718 748 902 475 533 741 791 431 287 841 974 307 1052 129 1119 538 1010 764 69 789 212 479 441 874 607 783 668 748 448 466 823 416 785 905 101 784 327 959 905 794 364 724 978 473 351 873 854 97 184 544 678 621 401 829 462 434 553 494 500 621 533 574 808 438 853 894 0 821 610 764 756 638 271 873 681 836 74 768 889 830 828 616 599 397 823 482 1037
263 414 450 443 923 647 779 929 824 568 453 655 886 226 269 465 397 495 319 820 390 887 69 545 514 364 718 432 793 376 286 783 444 903 536 537 828 668 610 181 443 379 474 18 564 121 626 770 561 543 377 366 348 466 541 414 449 512 489 794 918 721 379 379 928 488 341 430 766 350 816 849 203 354 322 413 876 462 932 821 0 264 983 834 360 610 227 303 961 876 284 895 435 536 228 629 426 363 399 415
151 229 192 358 677 509 544 665 564 452 450 425 650 110 155 372 143 474 434 595 214 631 318 460 323 446 531 515 532 413 177 561 290 656 487 467 622 419 415 84 266 239 210 258 300 309 477 583 376 406 373 327 234 247 335 400 186 379 368 589 705 480 356 174 669 234 258 353 502 328 553 585 170 92 58 282 611 341 715 610 264 0 736 600 404 463 264 113 727 654 422 682 310 377 53 380 256 264 328 446
844 586 611 944 62 928 634 254 211 597 1085 338 127 759 729 660 656 1084 1148 211 786 496 1046 662 764 931 820 962 246 861 720 699 591 588 1059 1022 283 317 426 816 570 837 562 972 501 1046 512 837 476 890 799 753 681 705 464 787 587 887 612 295 793 602 1005 607 146 602 711 952 343 989 274 263 892 667 681 632 330 619 205 764 983 736 0 172 1088 890 844 681 108 729 1146 232 627 531 787 357 799 687 945 859
723 426 506 852 114 873 625 323 204 426 987 179 52 608 572 489 543 992 1026 49 686 527 899 492 688 760 785 791 223 690 561 687 424 616 976 941 141 193 256 675 406 736 454 821 414 906 342 813 306 817 628 583 517 616 301 616 476 809 441 140 805 578 901 454 226 508 545 858 324 881 277 286 764 542 549 464 367 449 141 756 834 600 172 0 976 831 681 531 128 738 1020 133 458 360 652 228 706 521 846 688
258 633 477 193 1034 388 656 949 889 847 104 812 1023 468 526 755 434 152 106 980 305 815 327 843 376 720 511 789 853 722 550 630 690 793 207 227 1019 784 818 364 670 256 526 375 590 250 880 556 780 311 708 680 617 397 737 743 502 288 762 986 727 621 97 578 989 488 628 177 785 102 852 879 239 437 440 675 873 733 1102 638 360 404 1088 976 0 372 559 512 1100 709 141 1073 703 780 355 748 304 643 165 760
357 645 369 186 850 48 321 690 679 878 295 712 866 572 617 818 369 263 477 853 249 498 616 902 157 902 142 973 645 875 639 277 716 452 211 172 920 647 770 493 680 237 415 617 420 550 874 184 753 68 836 788 687 246 695 862 406 99 802 892 356 312 282 591 762 344 716 202 550 296 620 639 408 417 451 722 604 777 971 271 610 463 890 831 372 0 719 563 937 343 507 954 748 781 447 623 207 718 228 908
370 260 439 586 783 763 799 845 720 352 638 507 732 155 138 247 400 674 537 657 471 864 292 321 586 184 795 254 695 165 134 821 259 902 702 692 646 547 433 228 274 484 438 208 522 345 420 847 381 657 152 141 164 512 380 188 420 628 279 614 967 734 550 255 819 484 139 577 699 520 732 765 341 342 300 220 810 257 757 873 227 264 844 681 559 719 0 207 802 914 507 717 235 342 272 511 513 164 547 203
263 123 239 470 620 610 598 648 531 340 562 351 582 78 70 261 208 587 531 518 318 657 368 348 415 374 617 439 503 329 83 625 179 696 599 579 533 367 319 156 159 348 231 291 315 381 368 667 275 510 279 228 124 331 243 302 216 485 256 500 773 532 468 77 634 283 154 465 496 440 535 568 273 151 113 169 608 228 633 681 303 113 681 531 512 563 207 0 658 716 514 598 197 268 157 329 360 155 440 356
849 551 627 971 100 978 705 348 270 523 1108 306 78 734 697 597 667 1111 1153 145 807 582 1026 588 800 870 880 895 300 800 686 769 543 674 1092 1056 190 316 371 803 529 857 576 947 529 1034 436 902 423 929 739 697 639 733 424 723 599 922 550 211 874 665 1023 581 238 626 665 977 404 1004 342 340 891 668 676 583 415 562 97 836 961 727 108 128 1100 937 802 658 0 809 1147 129 574 472 780 353 825 640 967 794
615 746 478 516 709 346 126 483 541 949 638 691 754 759 784 925 514 606 811 776 487 239 900 993 365 1090 203 1155 516 1044 799 93 811 153 552 514 862 603 788 717 770 509 493 877 432 847 913 174 794 398 991 936 824 412 735 1008 503 421 892 844 68 192 614 706 584 433 861 532 413 621 467 469 678 572 614 833 400 874 873 74 876 654 729 738 709 343 914 716 809 0 836 871 854 842 665 599 456 852 550 1069
304 638 543 322 1089 526 773 1033 957 830 242 847 1069 454 510 731 493 290 43 1017 393 923 232 815 487 647 643 712 923 661 532 754 685 910 347 367 1044 833 833 358 672 350 587 302 662 163 876 690 789 443 659 641 600 488 754 695 561 417 746 1010 859 732 225 589 1061 564 603 306 866 215 929 959 255 480 471 663 962 718 1137 768 284 422 1146 1020 141 507 507 514 1147 836 0 1104 688 778 369 795 404 621 286 700
816 481 614 963 200 998 757 443 334 411 1093 261 127 670 627 495 646 1102 1115 101 793 658 962 474 807 766 915 785 355 696 612 820 459 747 1089 1056 73 308 286 750 453 842 562 880 534 979 324 943 337 936 638 601 557 731 355 618 582 926 451 103 938 709 1004 521 337 622 578 967 457 982 408 415 851 636 636 497 496 466 42 889 895 682 232 133 1073 954 717 598 129 871 1104 0 483 377 735 336 817 554 953 686
460 109 394 666 566 796 729 670 534 144 758 296 509 237 179 72 381 784 710 429 510 746 504 154 594 308 785 350 517 240 156 768 46 804 796 775 411 358 204 339 86 544 364 418 423 539 191 833 152 700 176 126 89 507 170 174 361 677 59 380 916 662 664 158 624 433 97 662 548 636 564 594 464 332 301 28 655 31 524 830 435 310 627 458 703 748 235 197 574 854 688 483 0 107 352 329 550 73 637 247
527 148 413 722 471 829 716 601 461 107 826 213 409 325 271 130 414 848 797 327 557 707 605 159 624 401 799 433 449 331 251 762 93 774 853 829 305 291 105 422 111 596 373 520 412 634 100 843 60 740 269 226 188 535 109 256 377 719 81 274 907 651 732 205 542 446 204 720 498 705 502 529 542 375 353 124 597 91 418 828 536 377 531 360 780 781 342 268 472 842 778 377 107 0 425 270 593 179 697 329
109 278 223 325 728 492 560 708 611 496 406 478 702 130 184 411 170 433 381 648 200 660 275 499 318 455 529 526 579 430 208 571 336 679 450 434 675 470 467 52 315 214 250 224 338 260 525 581 427 386 396 354 271 253 387 426 224 358 411 642 713 499 312 224 716 261 290 318 543 284 597 628 118 129 106 324 651 383 767 616 228 53 787 652 355 447 272 157 780 665 369 735 352 425 0 431 242 299 291 464
496 253 279 628 297 668 475 342 210 373 760 94 275 407 383 386 315 767 800 237 459 440 690 429 472 632 600 678 189 567 379 530 284 513 754 720 297 39 193 460 251 509 227 617 203 689 320 635 213 602 503 449 355 395 164 503 249 590 342 270 667 415 673 259 308 286 390 632 228 653 235 265 540 315 326 322 328 336 359 599 629 380 357 228 748 623 511 329 353 599 795 336 329 270 431 0 482 369 619 576
163 451 203 146 749 253 375 646 594 685 286 560 748 365 411 618 181 287 389 718 42 519 445 703 91 697 294 767 558 668 433 366 521 509 273 242 772 513 598 289 487 55 255 430 298 391 690 346 573 151 629 583 484 95 518 657 237 127 605 742 494 329 211 395 692 199 512 153 483 202 552 578 224 220 249 522 569 579 841 397 426 256 799 706 304 207 513 360 825 456 404 817 550 593 242 482 0 515 147 701
408 120 380 621 625 765 730 711 579 209 704 351 572 175 117 113 358 732 645 495 473 764 432 201 568 263 767 316 558 202 93 764 97 816 749 731 482 402 270 279 120 502 360 346 430 469 264 816 218 665 142 86 31 483 223 155 351 640 126 450 912 663 611 147 673 422 25 616 578 581 601 633 405 303 267 57 687 100 593 823 363 264 687 521 643 718 164 155 640 852 621 554 73 179 299 369 515 0 589 220
182 550 340 44 894 256 492 792 740 779 141 693 890 420 475 700 307 151 262 856 160 651 394 788 211 725 359 797 704 711 499 469 616 629 159 146 904 653 717 322 587 111 392 409 444 325 797 407 686 160 683 644 560 242 636 715 371 132 696 873 574 457 68 493 838 343 581 31 630 71 698 725 209 328 344 609 713 668 978 482 399 328 945 846 165 228 547 440 967 550 286 953 637 697 291 619 147 589 0 747
568 338 593 785 800 954 948 917 781 275 840 538 736 337 293 199 564 876 733 652 659 984 474 216 767 87 972 104 764 39 274 979 292 1036 904 893 613 605 434 426 328 678 578 397 650 536 362 1023 387 850 79 135 247 686 416 74 567 822 248 586 1128 881 753 366 868 637 209 777 793 723 811 841 543 507 467 256 901 245 728 1037 415 446 859 688 760 908 203 356 794 1069 700 686 247 329 464 576 701 220 747 0
