# TTSP Euclidean complete-graph matrix instance
# seed: 2063
# depot: 1
# L_max is not stored in this file; pass it with --budget when running algorithms.
# coordinate rows: node x y
# coord 1 835.663735 151.748323
# coord 2 512.398845 373.641810
# coord 3 842.254960 930.511938
# coord 4 65.516153 486.024591
# coord 5 676.637768 989.720150
# coord 6 142.744387 712.949819
# coord 7 448.186523 669.742922
# coord 8 74.553390 66.105064
# coord 9 408.165390 601.473241
# coord 10 469.059651 748.591805
# coord 11 387.370848 359.117728
# coord 12 578.523854 394.242141
# coord 13 753.344616 344.521141
# coord 14 25.300579 682.346125
# coord 15 406.397121 462.161828
# coord 16 492.666448 230.105446
# coord 17 402.169548 947.397119
# coord 18 773.460632 933.937805
# coord 19 712.781665 486.974188
# coord 20 389.904919 266.602467
# coord 21 618.141128 94.418803
# coord 22 718.288786 102.629909
# coord 23 274.995346 539.519528
# coord 24 487.246509 475.664652
# coord 25 140.907294 890.913722
# coord 26 9.482056 368.557240
# coord 27 30.814376 100.788126
# coord 28 124.952297 1.640101
# coord 29 561.615644 2.911758
# coord 30 696.424051 862.443478
# coord 31 969.244153 638.746114
# coord 32 468.948276 287.930542
# coord 33 184.265809 868.810682
# coord 34 73.253046 284.917034
# coord 35 134.210076 259.043335
# coord 36 286.459498 345.328993
# coord 37 780.136626 372.333025
# coord 38 998.788403 310.348494
# coord 39 274.083858 99.593773
# coord 40 925.964174 351.008905
# coord 41 636.590926 151.357759
# coord 42 256.330418 302.895031
# coord 43 159.295444 221.880246
# coord 44 184.521822 79.355380
# coord 45 134.591195 950.066409
# coord 46 287.788475 881.155860
# coord 47 556.295400 70.235773
# coord 48 195.697059 992.516490
# coord 49 978.755837 112.924338
# coord 50 988.160833 386.309611
# coord 51 949.520170 314.896292
# coord 52 761.634994 943.384135
# coord 53 585.507061 579.870875
# coord 54 621.997265 346.918002
# coord 55 689.062023 462.569872
# coord 56 655.175153 19.595276
# coord 57 827.282382 599.418903
# coord 58 17.226211 302.611674
# coord 59 856.970113 117.990227
# coord 60 800.627764 640.844563
# coord 61 464.880294 931.579895
# coord 62 454.814700 337.045493
# coord 63 824.052578 690.655070
# coord 64 87.938356 712.202517
# coord 65 941.419473 875.497526
# coord 66 164.363714 578.912402
# coord 67 471.772103 834.213403
# coord 68 855.025610 651.432917
# coord 69 70.240757 70.318926
# coord 70 663.383092 804.076600
# coord 71 957.290305 542.159347
# coord 72 629.962724 320.572682
# coord 73 390.086413 367.022608
# coord 74 641.740674 903.980426
# coord 75 780.219213 520.211337
# coord 76 988.507088 248.082128
# coord 77 615.339554 817.598754
# coord 78 581.118437 353.891412
# coord 79 514.119038 159.152044
# coord 80 460.021777 575.453534
# coord 81 295.065382 830.543232
# coord 82 53.744545 89.353592
# coord 83 906.718910 333.082084
# coord 84 243.248716 738.585345
# coord 85 875.242828 737.819906
# coord 86 173.554226 955.518053
# coord 87 537.510954 706.815145
# coord 88 77.513155 823.870692
# coord 89 471.867767 5.809300
# coord 90 146.723878 616.107111
# coord 91 99.788832 263.152017
# coord 92 113.448304 660.477510
# coord 93 452.201854 308.818828
# coord 94 802.584281 347.487129
# coord 95 351.695918 414.407094
# coord 96 515.804547 872.039998
# coord 97 461.741927 492.623239
# coord 98 70.983578 136.312224
# coord 99 502.378101 617.741524
# coord 100 683.588856 978.699920
# reference_nearest_neighbor_tour_cost: 9356
TTSP_MATRIX
100
0 97 5 3 17 13 69 28 18 81 7 82 21 6 20 60 41 38 12 74 22 68 16 31 11 42 56 50 94 60 45 40 14 77 37 10 62 25 73 93 47 86 50 47 31 45 17 52 90 74 21 84 42 38 27 20 13 7 70 43 35 83 25 55 95 75 21 53 92 41 40 10 53 81 98 47 69 18 65 85 9 45 84 44 95 28 69 91 34 89 51 82 82 93 7 71 57 18 1 75
0 392 779 840 853 892 647 766 620 700 494 353 210 969 530 352 906 785 357 460 225 127 682 476 1014 854 806 726 312 724 505 391 969 774 710 582 227 228 564 219 199 599 680 655 1062 912 291 1057 148 280 199 795 496 289 344 224 448 832 40 490 863 424 539 934 731 796 773 500 770 675 409 266 495 777 373 181 701 325 322 566 868 784 195 834 587 1041 630 1013 392 831 744 883 414 199 551 788 506 765 573 841
392 0 647 461 638 502 303 535 251 377 126 69 243 577 138 145 584 618 230 163 299 340 290 105 637 503 554 537 374 522 528 96 594 448 395 228 268 490 363 414 255 266 384 441 689 555 307 695 534 476 441 622 219 113 198 382 387 500 429 393 560 68 445 543 660 404 462 441 536 456 476 129 122 546 305 492 456 72 214 208 506 540 396 453 514 673 334 626 370 439 427 491 88 291 166 498 129 501 244 629
779 647 0 895 176 733 473 1156 545 415 730 598 593 854 640 783 440 69 462 803 866 837 689 577 702 1005 1161 1174 969 161 318 743 661 1004 976 807 562 640 1007 586 806 859 984 1076 708 557 907 650 829 563 625 82 435 624 492 930 331 1037 813 293 377 709 241 785 113 764 383 279 1156 219 405 646 722 202 415 698 253 633 838 522 556 1153 601 629 195 669 378 772 996 763 998 777 734 584 712 332 580 1107 462 166
840 461 895 0 792 240 424 420 362 481 346 521 702 200 342 498 571 838 647 392 677 757 216 422 412 130 387 488 692 735 917 449 401 201 237 262 724 950 439 871 662 264 280 424 469 453 643 523 987 928 900 833 528 574 624 752 770 190 873 751 598 417 786 227 959 136 535 807 416 677 894 588 346 712 716 953 642 532 555 405 414 397 855 309 848 482 521 338 629 153 225 181 425 750 295 593 396 350 456 790
853 638 176 792 0 601 393 1103 472 318 694 604 650 720 593 782 278 112 504 778 897 888 603 548 545 912 1099 1132 993 129 457 732 507 928 910 753 626 752 977 686 839 805 926 1035 543 404 927 481 927 679 728 97 420 645 527 970 418 952 890 370 220 689 333 651 288 657 257 382 1101 186 528 671 685 93 481 805 183 643 846 467 413 1095 696 501 321 504 315 622 1005 648 928 652 717 654 661 199 542 1046 411 13
892 502 733 240 601 0 308 650 288 328 430 540 713 121 364 596 350 668 613 510 780 839 218 418 178 369 622 712 824 574 830 536 161 434 454 395 723 946 627 863 748 425 491 635 237 222 764 285 1029 906 900 660 462 603 601 862 694 429 930 662 389 489 682 55 815 136 351 715 647 529 832 626 425 534 666 965 484 567 667 346 192 630 853 104 733 245 395 129 780 97 452 60 509 754 364 406 388 581 372 603
647 303 473 424 393 308 0 710 79 82 317 305 446 423 212 442 281 419 322 407 600 628 217 198 379 532 706 742 676 314 522 382 331 537 517 362 446 658 596 574 552 414 533 647 421 265 609 410 769 610 614 416 164 367 318 682 386 566 687 354 262 333 376 363 534 298 166 407 709 254 525 394 308 304 364 685 223 343 515 95 222 702 569 216 432 396 97 401 664 306 535 335 361 479 273 213 178 653 75 388
766 535 1156 420 1103 650 710 0 631 788 429 601 734 618 517 449 940 1114 765 374 544 645 514 581 827 309 56 82 491 1010 1062 452 810 219 202 351 769 956 202 898 568 299 177 111 886 842 482 934 905 968 910 1114 725 615 731 582 923 243 784 926 949 467 976 646 1186 521 865 976 6 944 1003 611 436 1012 839 932 926 583 449 639 796 31 874 693 1045 895 790 758 402 555 199 596 449 781 445 919 576 70 698 1097
620 251 545 362 472 288 79 631 0 159 243 268 430 391 139 381 346 494 325 335 549 587 147 149 394 462 627 663 618 389 562 319 349 461 439 284 437 658 519 575 505 335 454 568 443 304 552 445 751 619 613 492 179 332 313 632 419 492 660 394 335 269 425 339 600 245 241 450 630 326 552 358 235 382 381 679 299 302 455 58 255 623 566 214 487 425 167 398 599 262 458 301 296 469 195 291 121 575 96 467
700 377 415 481 318 328 82 788 159 0 398 371 494 449 293 519 210 356 358 488 671 692 285 274 358 596 782 822 751 254 512 461 309 610 593 443 488 688 678 606 620 494 611 727 390 225 684 366 815 633 647 351 205 430 361 752 388 635 740 349 183 412 360 383 489 349 86 398 787 202 530 457 390 232 386 721 162 410 591 173 192 779 603 226 406 361 80 399 743 349 610 366 440 522 354 132 256 730 135 315
494 126 730 346 694 430 317 429 243 398 0 194 366 485 105 167 588 692 350 93 351 419 213 153 586 378 440 443 397 591 646 108 549 323 272 102 393 613 283 539 324 143 266 346 643 531 335 662 641 601 564 694 297 235 319 432 501 374 528 500 578 71 548 463 757 313 483 551 429 524 599 246 8 601 425 611 512 194 237 228 480 429 520 406 618 634 379 559 363 352 303 407 82 415 66 529 153 387 283 687
353 69 598 521 604 540 305 601 268 371 194 0 182 624 185 185 581 574 163 228 302 323 337 122 662 570 621 600 392 483 461 153 617 517 464 296 203 429 424 350 250 335 453 504 711 567 325 710 489 410 379 579 186 64 130 382 322 569 392 332 549 136 385 585 603 453 453 378 603 419 407 90 190 514 238 435 425 40 244 217 520 607 334 481 454 692 315 660 403 485 496 536 152 229 228 482 153 569 236 594
210 243 593 702 650 713 446 734 430 494 366 182 0 803 366 285 698 590 148 372 284 244 517 297 821 744 763 716 392 521 365 290 774 683 625 467 39 248 538 173 226 499 607 628 866 710 338 855 323 239 198 599 289 131 134 339 265 737 249 300 654 299 353 760 563 634 565 323 736 468 284 126 364 570 178 254 493 172 303 373 668 745 154 645 412 842 422 829 440 665 659 714 303 49 408 579 327 713 371 638
969 577 854 200 720 121 423 618 391 449 485 624 803 0 440 650 461 789 715 553 835 903 288 506 238 314 582 688 866 695 945 594 245 400 437 426 816 1042 634 960 810 444 480 624 289 329 810 354 1111 1007 995 781 570 685 699 914 806 380 1005 776 505 551 799 69 936 173 472 830 614 650 942 705 482 655 772 1057 605 646 716 448 308 594 948 225 852 311 513 151 811 138 426 91 567 846 422 526 476 548 481 722
530 138 640 342 593 364 212 517 139 293 105 185 366 440 0 248 485 598 307 196 424 476 152 82 504 408 521 540 485 494 590 185 463 377 340 167 384 612 386 531 387 219 345 442 559 435 420 571 670 587 563 598 214 244 283 508 443 421 567 433 473 134 476 405 676 269 378 487 516 428 557 265 97 501 378 620 412 206 322 125 385 513 517 321 544 546 278 489 461 302 366 354 160 412 73 424 63 468 183 586
352 145 783 498 782 596 442 449 381 519 167 185 285 650 248 0 723 758 338 109 185 259 378 246 749 503 480 433 237 664 628 63 709 423 360 236 321 512 255 450 164 247 333 343 804 683 172 818 500 520 465 762 362 174 304 266 498 481 381 513 702 113 567 629 786 479 604 556 452 599 560 164 171 690 408 496 600 152 74 347 632 461 427 566 636 792 479 725 225 518 394 574 89 331 232 642 264 432 388 773
906 584 440 571 278 350 281 940 346 210 588 581 698 461 485 723 0 372 555 681 880 902 427 479 267 699 924 986 958 306 646 663 232 740 739 613 688 873 857 794 830 661 765 895 268 132 891 211 1014 811 836 359 411 639 563 962 549 751 946 503 65 613 494 393 544 439 133 541 938 298 687 667 581 243 570 913 250 620 796 376 159 926 795 262 517 229 276 347 944 418 748 407 641 721 535 136 459 876 345 283
785 618 69 838 112 668 419 1114 494 356 692 574 590 789 598 758 372 0 451 770 854 833 636 540 634 950 1116 1136 955 105 354 714 593 955 930 764 562 663 972 603 794 816 940 1038 639 489 891 581 846 588 644 15 401 606 479 922 339 985 820 294 309 677 248 720 178 705 318 294 1114 170 433 630 684 135 414 719 196 611 817 476 489 1110 615 565 221 600 328 705 976 703 951 714 703 587 669 265 540 1063 416 100
357 230 462 647 504 613 322 765 325 358 350 163 148 715 307 338 555 451 0 391 404 384 441 226 700 713 784 762 507 376 298 315 652 671 622 449 133 336 585 253 344 492 614 667 741 580 445 723 459 293 293 459 158 167 34 471 160 720 396 177 509 298 232 664 451 556 423 217 766 321 251 186 344 423 75 365 345 187 383 268 541 770 248 533 299 714 281 719 538 581 653 624 316 166 368 433 251 731 248 493
460 163 803 392 778 510 407 374 335 488 93 228 372 553 196 109 681 770 391 0 286 367 296 231 672 394 396 375 315 670 689 82 636 317 256 130 404 610 203 543 272 138 235 278 730 623 257 751 609 610 562 772 369 246 358 362 550 374 490 556 669 96 607 538 822 385 573 604 375 603 631 246 100 685 465 599 595 210 164 317 572 380 521 494 676 722 464 639 273 426 290 481 75 421 153 618 237 345 369 770
225 299 866 677 897 780 600 544 549 671 351 302 284 835 424 185 880 854 404 286 0 100 562 403 929 668 587 502 108 772 648 244 888 577 511 416 322 438 344 401 60 418 476 434 983 853 66 992 361 471 398 861 487 253 375 83 547 636 240 576 851 292 631 814 845 664 754 605 548 711 562 226 355 810 456 401 723 262 123 506 804 564 374 745 693 969 618 908 171 703 545 758 271 313 416 784 428 549 536 887
127 340 837 757 888 839 628 645 587 692 419 323 244 903 476 259 902 833 384 367 100 0 622 439 977 757 687 602 186 760 592 311 934 670 605 495 277 349 444 324 95 503 572 534 1029 890 165 1032 261 392 314 842 495 263 361 104 509 729 140 544 867 353 597 877 804 731 772 566 649 704 500 235 421 805 422 307 722 286 212 539 842 665 298 794 654 1012 631 965 265 768 639 823 337 259 481 796 467 648 559 877
682 290 689 216 603 218 217 514 147 285 213 337 517 288 152 378 427 636 441 296 562 622 0 222 376 316 502 558 608 531 701 318 342 325 314 195 532 759 440 678 530 237 338 469 434 342 547 460 823 729 711 632 313 397 421 644 556 350 719 535 436 271 569 255 746 117 354 591 512 470 682 417 207 517 506 771 440 358 449 188 292 502 665 202 632 428 311 346 569 149 327 202 291 561 147 411 193 452 240 600
476 105 577 422 548 418 198 581 149 274 153 122 297 506 82 246 479 540 226 231 403 439 222 0 541 490 591 597 479 440 509 189 496 456 414 239 311 538 432 456 357 288 415 499 591 452 411 593 611 509 489 542 143 186 202 486 362 501 514 354 456 142 400 464 605 339 359 408 582 373 475 211 146 455 296 551 365 154 318 103 404 581 443 359 468 573 237 538 470 368 442 417 170 340 149 397 31 537 143 540
1014 637 702 412 545 178 379 827 394 358 586 662 821 238 504 749 267 634 700 672 929 977 376 541 0 539 798 889 983 556 866 686 49 610 632 565 823 1036 802 953 890 599 669 813 59 147 920 115 1143 986 993 623 543 726 696 1012 746 601 1054 706 327 637 712 186 801 313 336 753 824 530 888 751 580 501 739 1064 480 694 821 449 166 806 947 184 750 72 437 92 945 275 629 232 660 856 521 375 511 758 453 550
854 503 1005 130 912 369 532 309 462 596 378 570 744 314 408 503 699 950 713 394 668 757 316 490 539 0 269 385 662 846 997 466 530 105 166 278 771 991 377 917 664 255 210 338 595 583 623 651 1002 979 942 947 614 613 686 734 850 66 884 837 724 446 876 352 1061 261 656 892 304 786 964 622 381 829 786 986 754 572 546 496 543 283 898 438 941 609 627 460 588 283 139 310 447 793 345 714 469 240 552 909
806 554 1161 387 1099 622 706 56 627 782 440 621 763 582 521 480 924 1116 784 396 587 687 502 591 798 269 0 137 540 1012 1082 476 783 189 189 354 797 990 243 929 608 303 177 155 856 822 526 907 948 999 943 1115 733 640 751 630 940 202 826 940 937 485 989 614 1196 496 856 991 50 946 1026 638 447 1009 859 969 925 606 487 640 776 26 906 672 1058 867 790 725 451 528 176 566 470 810 449 911 582 54 700 1094
726 537 1174 488 1132 712 742 82 663 822 443 600 716 688 540 433 986 1136 762 375 502 602 558 597 889 385 137 0 437 1033 1058 448 869 288 258 380 753 927 178 874 533 329 223 98 948 894 437 993 861 945 882 1137 739 605 728 531 922 320 741 930 990 470 982 712 1196 579 902 977 88 966 992 597 451 1040 836 898 952 576 420 664 846 113 849 746 1051 955 817 824 347 615 263 659 449 761 471 954 595 145 723 1125
312 374 969 692 993 824 676 491 618 751 397 392 392 866 485 237 958 955 507 315 108 186 608 479 983 662 540 437 0 870 755 300 945 564 498 439 429 534 303 504 166 428 458 385 1039 920 68 1055 431 574 498 962 577 349 477 95 653 621 317 681 934 351 736 853 952 700 836 712 496 808 669 325 402 905 562 492 816 352 163 581 869 515 478 802 799 1029 704 953 90 740 530 796 325 420 462 870 500 508 618 983
724 522 161 735 129 574 314 1010 389 254 591 483 521 695 494 664 306 105 376 670 772 760 531 440 556 846 1012 1033 870 0 353 618 512 850 825 660 497 629 872 561 714 712 836 936 569 409 805 517 801 558 603 104 304 521 400 844 294 880 762 245 242 578 214 627 245 603 226 264 1010 67 413 546 582 69 352 680 93 521 727 372 403 1005 570 470 218 531 222 620 886 602 846 617 605 526 565 181 438 958 312 117
505 528 318 917 457 830 522 1062 562 512 646 461 365 945 590 628 646 354 298 689 648 592 701 509 866 997 1082 1058 755 353 0 611 818 963 917 743 327 330 880 291 590 788 911 964 891 723 703 851 526 253 324 369 388 454 331 694 147 1010 533 169 583 596 154 884 238 807 534 115 1064 348 97 465 640 421 223 391 397 481 661 513 701 1068 312 733 137 856 437 911 805 823 947 856 613 336 657 510 528 1029 467 444
391 96 743 449 732 536 382 452 319 461 108 153 290 594 185 63 663 714 315 82 244 311 318 189 686 466 476 448 300 618 611 0 647 396 336 191 322 530 271 461 216 213 317 353 742 620 235 756 539 528 481 718 314 164 281 327 475 452 424 484 644 51 537 570 754 421 546 530 454 552 551 164 112 640 388 521 550 130 136 288 570 460 440 504 606 730 424 664 282 460 370 515 27 339 172 586 205 426 332 723
969 594 661 401 507 161 331 810 349 309 549 617 774 245 463 709 232 593 652 636 888 934 342 496 49 530 783 869 945 512 818 647 0 594 612 533 776 988 774 905 848 570 647 789 95 104 881 124 1097 938 945 582 494 681 648 971 697 590 1008 657 288 597 664 184 757 291 290 705 807 483 839 707 542 459 690 1016 434 650 783 403 117 790 899 143 703 87 389 116 910 255 612 220 621 809 484 332 467 741 405 511
774 448 1004 201 928 434 537 219 461 610 323 517 683 400 377 423 740 955 671 317 577 670 325 456 610 105 189 288 564 850 963 396 594 0 66 222 712 926 273 855 579 184 107 234 668 634 529 718 922 921 877 953 591 552 641 640 817 59 801 810 756 385 853 428 1050 308 679 863 215 786 921 558 327 840 745 916 760 513 458 484 589 197 835 484 921 678 627 539 487 339 34 378 380 732 307 735 441 149 543 924
710 395 976 237 910 454 517 202 439 593 272 464 625 437 340 360 739 930 622 256 511 605 314 414 632 166 189 258 498 825 917 336 612 66 0 175 656 866 212 797 514 130 45 187 691 641 462 736 857 863 817 928 554 496 591 573 772 125 736 768 749 330 814 456 1016 321 667 821 199 760 870 500 278 821 697 854 737 457 393 454 594 188 776 492 882 698 603 568 422 357 35 402 322 674 267 722 402 138 514 905
582 228 807 262 753 395 362 351 284 443 102 296 467 426 167 236 613 764 449 130 416 495 195 239 565 278 354 380 439 660 743 191 533 222 175 0 494 713 246 640 400 52 177 285 624 536 385 654 730 703 664 764 380 336 419 492 598 273 614 593 613 169 639 417 843 264 523 646 350 594 699 344 106 662 524 709 576 295 294 288 485 346 620 396 708 621 440 522 387 305 204 360 170 516 95 574 229 300 348 748
227 268 562 724 626 723 446 769 437 488 393 203 39 816 384 321 688 562 133 404 322 277 532 311 823 771 797 753 429 497 327 322 776 712 656 494 0 227 575 147 264 528 639 664 866 708 376 852 327 208 179 571 285 160 128 374 232 766 266 269 642 327 321 771 528 650 555 289 771 447 245 159 390 549 148 243 475 200 341 379 667 780 133 650 378 841 413 835 479 679 689 726 334 33 431 565 340 747 371 614
228 490 640 950 752 946 658 956 658 688 613 429 248 1042 612 512 873 663 336 610 438 349 759 538 1036 991 990 927 534 629 330 530 988 926 866 713 227 0 755 83 396 742 844 846 1075 912 503 1054 198 77 49 676 493 379 345 450 336 982 239 385 819 545 419 996 568 877 743 370 959 597 235 369 611 693 303 63 636 420 508 600 875 971 95 868 445 1047 608 1055 609 905 900 952 547 200 655 741 567 944 584 739
564 363 1007 439 977 627 596 202 519 678 283 424 538 634 386 255 857 972 585 203 344 444 440 432 802 377 243 178 303 872 880 271 774 273 212 246 575 755 0 699 366 204 168 92 862 782 284 896 705 769 709 975 572 427 551 389 746 327 583 755 854 298 807 640 1023 492 761 801 206 805 814 419 292 884 658 730 795 399 247 511 731 221 674 640 877 862 662 750 219 532 239 583 275 584 324 809 436 206 566 970
219 414 586 871 686 863 574 898 575 606 539 350 173 960 531 450 794 603 253 543 401 324 678 456 953 917 929 874 504 561 291 461 905 855 797 640 147 83 699 0 352 671 777 790 993 830 464 972 244 72 43 615 410 304 262 428 267 910 243 316 741 471 355 913 525 795 663 309 901 524 194 298 536 622 223 120 561 345 454 517 792 911 26 785 390 965 527 971 570 823 831 869 476 123 578 663 485 882 501 673
199 255 806 662 839 748 552 568 505 620 324 250 226 810 387 164 830 794 344 272 60 95 530 357 890 664 608 533 166 714 590 216 848 579 514 400 264 396 366 352 0 409 482 458 943 809 114 950 344 423 353 802 432 196 316 133 487 638 223 516 799 260 571 785 786 637 702 546 572 653 506 169 328 753 396 365 667 210 123 459 760 586 326 707 633 928 564 875 220 675 548 730 242 257 388 731 383 566 485 829
599 266 859 264 805 425 414 299 335 494 143 335 499 444 219 247 661 816 492 138 418 503 237 288 599 255 303 329 428 712 788 213 570 184 130 52 528 742 204 671 409 0 126 235 659 579 380 692 747 737 693 816 430 368 461 489 643 239 628 641 662 201 688 443 893 291 573 693 298 646 741 374 148 714 567 734 628 329 295 340 529 294 651 436 756 658 492 551 367 332 162 385 196 548 147 626 280 249 400 800
680 384 984 280 926 491 533 177 454 611 266 453 607 480 345 333 765 940 614 235 476 572 338 415 669 210 177 223 458 836 911 317 647 107 45 177 639 844 168 777 482 126 0 145 729 672 425 771 827 845 796 940 557 479 582 536 767 163 705 766 773 317 813 495 1019 357 687 818 176 770 860 481 273 835 689 830 750 442 360 464 624 169 756 523 882 734 615 608 380 394 72 441 306 655 272 741 406 123 524 921
655 441 1076 424 1035 635 647 111 568 727 346 504 628 624 442 343 895 1038 667 278 434 534 469 499 813 338 155 98 385 936 964 353 789 234 187 285 664 846 92 790 458 235 145 0 872 808 372 913 795 860 800 1039 641 513 634 474 827 279 674 834 897 373 885 640 1099 500 808 881 115 869 901 507 354 943 741 821 855 482 339 567 759 131 765 662 954 876 720 752 297 538 202 585 353 674 374 859 498 127 625 1029
1062 689 708 469 543 237 421 886 443 390 643 711 866 289 559 804 268 639 741 730 983 1029 434 591 59 595 856 948 1039 569 891 742 95 668 691 624 866 1075 862 993 943 659 729 872 0 168 976 74 1189 1023 1033 627 583 775 738 1066 776 658 1102 734 331 692 737 242 810 372 357 780 882 549 918 801 637 509 776 1105 499 745 877 496 200 865 988 238 770 39 471 139 1003 334 688 290 716 900 578 389 562 816 496 550
912 555 557 453 404 222 265 842 304 225 531 567 710 329 435 683 132 489 580 623 853 890 342 452 147 583 822 894 920 409 723 620 104 634 641 536 708 912 782 830 809 579 672 808 168 0 854 145 1033 858 871 478 424 630 580 937 609 639 952 566 184 569 569 262 654 326 190 612 840 383 750 657 524 355 611 944 334 603 757 351 51 826 827 149 605 136 305 218 894 300 646 281 595 741 471 228 426 776 340 408
291 307 907 643 927 764 609 482 552 684 335 325 338 810 420 172 891 891 445 257 66 165 547 411 920 623 526 437 68 805 703 235 881 529 462 385 376 503 284 464 114 380 425 372 976 854 0 990 425 535 463 897 510 284 414 111 595 587 304 621 866 285 676 795 893 642 769 653 486 742 619 261 340 838 503 467 750 285 98 514 804 503 438 738 740 964 637 893 106 682 496 738 260 371 400 803 433 490 550 917
1057 695 650 523 481 285 410 934 445 366 662 710 855 354 571 818 211 581 723 751 992 1032 460 593 115 651 907 993 1055 517 851 756 124 718 736 654 852 1054 896 972 950 692 771 913 74 145 990 0 1178 998 1014 568 568 774 724 1076 744 713 1096 700 276 705 697 300 755 415 318 742 931 504 885 800 655 455 751 1088 455 746 892 494 190 914 970 258 726 43 445 206 1025 380 736 342 730 886 599 342 566 865 484 488
148 534 829 987 927 1029 769 905 751 815 641 489 323 1111 670 500 1014 846 459 609 361 261 823 611 1143 1002 948 861 431 801 526 539 1097 922 857 730 327 198 705 244 344 747 827 795 1189 1033 425 1178 0 274 204 858 610 427 454 337 510 980 122 557 967 570 598 1074 763 938 882 553 910 760 430 406 641 860 453 136 793 465 467 695 991 925 232 966 633 1165 740 1148 518 972 892 1024 562 293 696 889 641 908 694 915
280 476 563 928 679 906 610 968 619 633 601 410 239 1007 587 520 811 588 293 610 471 392 729 509 986 979 999 945 574 558 253 528 938 921 863 703 208 77 769 72 423 737 845 860 1023 858 535 998 274 0 81 601 447 368 309 495 267 975 299 316 756 536 346 957 491 846 684 297 971 529 159 364 598 623 247 138 570 408 526 561 823 980 97 824 369 994 553 1010 641 872 897 917 542 190 637 678 537 951 538 666
199 441 625 900 728 900 614 910 613 647 564 379 198 995 563 465 836 644 293 562 398 314 711 489 993 942 943 882 498 603 324 481 945 877 817 664 179 49 709 43 353 693 796 800 1033 871 463 1014 204 81 0 656 450 329 299 417 310 932 218 358 784 495 396 949 561 828 706 350 913 567 227 320 562 665 266 77 604 370 462 555 833 924 47 824 429 1006 569 1010 569 857 851 905 497 151 606 706 519 897 540 715
795 622 82 833 97 660 416 1114 492 351 694 579 599 781 598 762 359 15 459 772 861 842 632 542 623 947 1115 1137 962 104 369 718 582 953 928 764 571 676 975 615 802 816 940 1039 627 478 897 568 858 601 656 0 404 613 486 930 350 982 831 305 297 680 260 712 192 700 310 307 1114 170 446 637 686 126 424 731 193 617 822 476 480 1109 627 557 235 588 326 694 981 697 949 707 706 597 669 256 541 1062 416 86
496 219 435 528 420 462 164 725 179 205 297 186 289 570 214 362 411 401 158 369 487 495 313 143 543 614 733 739 577 304 388 314 494 591 554 380 285 493 572 410 432 430 557 641 583 424 510 568 610 447 450 404 0 236 156 565 243 632 536 224 372 276 263 515 463 421 279 279 725 237 374 263 289 329 204 522 240 226 427 126 384 723 405 377 330 558 136 564 585 440 580 479 302 318 286 300 151 679 91 411
289 113 624 574 645 603 367 615 332 430 235 64 131 685 244 174 639 606 167 246 253 263 397 186 726 613 640 605 349 521 454 164 681 552 496 336 160 379 427 304 196 368 479 513 775 630 284 774 427 368 329 613 236 0 134 329 325 606 328 344 605 167 399 647 618 513 510 383 617 459 388 28 233 557 235 380 471 41 217 280 584 624 285 545 466 756 370 724 373 546 529 597 174 181 279 536 217 590 296 635
344 198 492 624 527 601 318 731 313 361 319 130 134 699 283 304 563 479 34 358 375 361 421 202 696 686 751 728 477 400 331 281 648 641 591 419 128 345 551 262 316 461 582 634 738 580 414 724 454 309 299 486 156 134 0 444 195 691 383 210 520 266 265 651 484 537 431 251 733 342 280 154 314 444 108 368 363 153 350 255 539 737 253 524 332 713 287 710 506 564 622 609 282 162 341 445 229 699 243 516
224 382 930 752 970 862 682 582 632 752 432 382 339 914 508 266 962 922 471 362 83 104 644 486 1012 734 630 531 95 844 694 327 971 640 573 492 374 450 389 428 133 489 536 474 1066 937 111 1076 337 495 417 930 565 329 444 0 605 698 225 638 932 375 692 895 902 744 835 663 587 785 604 302 437 884 516 404 799 342 198 589 887 605 402 829 751 1053 697 990 184 784 606 839 353 360 498 864 511 596 617 960
448 387 331 770 418 694 386 923 419 388 501 322 265 806 443 498 549 339 160 550 547 509 556 362 746 850 940 922 653 294 147 475 697 817 772 598 232 336 746 267 487 643 767 827 776 609 595 744 510 267 310 350 243 325 195 605 0 863 482 49 492 456 91 748 299 663 426 59 924 262 142 342 495 357 92 387 304 348 540 368 580 927 278 600 146 744 309 783 692 681 801 716 474 253 510 414 381 887 325 406
832 500 1037 190 952 429 566 243 492 635 374 569 737 380 421 481 751 985 720 374 636 729 350 501 601 66 202 320 621 880 1010 452 590 59 125 273 766 982 327 910 638 239 163 279 658 639 587 713 980 975 932 982 632 606 691 698 863 0 860 853 772 439 895 416 1087 313 699 908 238 818 970 613 378 867 793 973 789 566 517 520 597 216 890 491 962 671 659 525 543 339 92 371 435 787 353 757 483 175 579 949
40 429 813 873 890 930 687 784 660 740 528 392 249 1005 567 381 946 820 396 490 240 140 719 514 1054 884 826 741 317 762 533 424 1008 801 736 614 266 239 583 243 223 628 705 674 1102 952 304 1096 122 299 218 831 536 328 383 225 482 860 0 526 903 458 574 972 762 832 813 533 788 713 436 304 529 815 409 185 740 363 345 606 907 804 221 873 620 1081 670 1052 401 868 771 920 447 236 586 828 545 786 613 878
490 393 293 751 370 662 354 926 394 349 500 332 300 776 433 513 503 294 177 556 576 544 535 354 706 837 940 930 681 245 169 484 657 810 768 593 269 385 755 316 516 641 766 834 734 566 621 700 557 316 358 305 224 344 210 638 49 853 526 0 444 460 55 716 274 639 381 55 927 213 185 363 493 307 122 435 256 361 560 347 540 928 326 566 122 702 271 746 715 654 796 687 481 293 503 367 370 887 299 358
863 560 377 598 220 389 262 949 335 183 578 549 654 505 473 702 65 309 509 669 851 867 436 456 327 724 937 990 934 242 583 644 288 756 749 613 642 819 854 741 799 662 773 897 331 184 866 276 967 756 784 297 372 605 520 932 492 772 903 444 0 595 432 436 480 463 98 480 947 236 628 633 569 179 518 861 189 589 774 356 198 937 744 294 454 292 236 402 926 448 762 444 623 675 529 78 439 887 316 224
424 68 709 417 689 489 333 467 269 412 71 136 299 551 134 113 613 677 298 96 292 353 271 142 637 446 485 470 351 578 596 51 597 385 330 169 327 545 298 471 260 201 317 373 692 569 285 705 570 536 495 680 276 167 266 375 456 439 458 460 595 0 511 525 726 378 497 509 468 511 543 176 71 597 373 541 507 127 188 238 519 471 452 454 581 679 379 616 332 416 363 470 28 348 129 538 156 433 285 681
539 445 241 786 333 682 376 976 425 360 548 385 353 799 476 567 494 248 232 607 631 597 569 400 712 876 989 982 736 214 154 537 664 853 814 639 321 419 807 355 571 688 813 885 737 569 676 697 598 346 396 260 263 399 265 692 91 895 574 55 432 511 0 736 219 669 380 50 976 197 200 418 541 281 176 472 244 415 615 382 547 977 367 583 70 702 287 758 770 681 841 711 533 344 547 358 413 935 330 320
934 543 785 227 651 55 363 646 339 383 463 585 760 69 405 629 393 720 664 538 814 877 255 464 186 352 614 712 853 627 884 570 184 428 456 417 771 996 640 913 785 443 495 640 242 262 795 300 1074 957 949 712 515 647 651 895 748 416 972 716 436 525 736 0 869 154 403 769 642 583 886 669 459 586 718 1013 538 610 698 396 239 624 902 158 788 258 450 112 804 113 449 58 544 802 398 457 434 576 425 653
731 660 113 959 288 815 534 1186 600 489 757 603 563 936 676 786 544 178 451 822 845 804 746 605 801 1061 1196 1196 952 245 238 754 757 1050 1016 843 528 568 1023 525 786 893 1019 1099 810 654 893 755 763 491 561 192 463 618 484 902 299 1087 762 274 480 726 219 869 0 832 471 240 1186 287 334 636 750 301 390 629 331 634 834 567 648 1186 544 711 153 772 438 865 988 836 1041 855 749 546 749 426 614 1142 509 278
796 404 764 136 657 136 298 521 245 349 313 453 634 173 269 479 439 705 556 385 664 731 117 339 313 261 496 579 700 603 807 421 291 308 321 264 650 877 492 795 637 291 357 500 372 326 642 415 938 846 828 700 421 513 537 744 663 313 832 639 463 378 669 154 832 0 400 694 517 547 794 532 310 578 619 888 510 474 546 296 284 502 782 178 728 377 394 260 650 41 322 96 395 679 249 458 310 452 340 655
773 462 383 535 257 351 166 865 241 86 483 453 565 472 378 604 133 318 423 573 754 772 354 359 336 656 856 902 836 226 534 546 290 679 667 523 555 743 761 663 702 573 687 808 357 190 769 318 882 684 706 310 279 510 431 835 426 699 813 381 98 497 380 403 471 400 0 425 863 194 567 537 474 184 440 781 145 493 676 259 177 854 664 248 415 322 143 394 828 391 682 398 526 589 437 58 342 805 219 256
500 441 279 807 382 715 407 976 450 398 551 378 323 830 487 556 541 294 217 604 605 566 591 408 753 892 991 977 712 264 115 530 705 863 821 646 289 370 801 309 546 693 818 881 780 612 653 742 553 297 350 307 279 383 251 663 59 908 533 55 480 509 50 769 240 694 425 0 977 245 150 400 545 331 151 425 292 404 599 402 588 979 323 618 89 746 322 796 751 709 849 742 529 308 556 405 424 938 354 369
770 536 1156 416 1101 647 709 6 630 787 429 603 736 614 516 452 938 1114 766 375 548 649 512 582 824 304 50 88 496 1010 1064 454 807 215 199 350 771 959 206 901 572 298 176 115 882 840 486 931 910 971 913 1114 725 617 733 587 924 238 788 927 947 468 976 642 1186 517 863 977 0 944 1005 613 436 1011 841 935 925 584 453 638 793 25 877 690 1046 891 790 754 407 551 195 592 450 783 445 917 576 66 697 1096
675 456 219 677 186 529 254 944 326 202 524 419 468 650 428 599 298 170 321 603 711 704 470 373 530 786 946 966 808 67 348 552 483 786 760 594 447 597 805 524 653 646 770 869 549 383 742 504 760 529 567 170 237 459 342 785 262 818 713 213 236 511 197 583 287 547 194 245 944 0 394 485 515 102 307 644 50 458 662 306 369 939 530 425 222 513 159 586 821 550 781 568 538 477 499 162 371 893 246 176
409 476 405 894 528 832 525 1003 552 530 599 407 284 942 557 560 687 433 251 631 562 500 682 475 888 964 1026 992 669 413 97 551 839 921 870 699 245 235 814 194 506 741 860 901 918 750 619 885 430 159 227 446 374 388 280 604 142 970 436 185 628 543 200 886 334 794 567 150 1005 394 0 395 594 480 178 296 439 421 586 498 722 1011 215 741 212 886 451 924 723 814 902 852 556 249 619 551 498 975 461 515
266 129 646 588 671 626 394 611 358 457 246 90 126 705 265 164 667 630 186 246 226 235 417 211 751 622 638 597 325 546 465 164 707 558 500 344 159 369 419 298 169 374 481 507 801 657 261 800 406 364 320 637 263 28 154 302 342 613 304 363 633 176 418 669 636 532 537 400 613 485 395 0 244 584 250 366 497 59 199 306 610 621 277 569 484 782 397 747 352 566 533 618 178 175 294 563 241 589 323 660
495 122 722 346 685 425 308 436 235 390 8 190 364 482 97 171 581 684 344 100 355 421 207 146 580 381 447 451 402 582 640 112 542 327 278 106 390 611 292 536 328 148 273 354 637 524 340 655 641 598 562 686 289 233 314 437 495 378 529 493 569 71 541 459 750 310 474 545 436 515 594 244 0 593 419 610 504 191 242 220 473 436 518 400 611 627 370 554 370 348 308 403 85 413 61 520 145 394 275 678
777 546 202 712 93 534 304 1012 382 232 601 514 570 655 501 690 243 135 423 685 810 805 517 455 501 829 1009 1040 905 69 421 640 459 840 821 662 549 693 884 622 753 714 835 943 509 355 838 455 860 623 665 126 329 557 444 884 357 867 815 307 179 597 281 586 301 578 184 331 1011 102 480 584 593 0 408 742 90 553 756 375 354 1005 629 431 287 471 223 570 914 573 839 582 625 579 569 130 449 957 318 86
373 305 415 716 481 666 364 839 381 386 425 238 178 772 378 408 570 414 75 465 456 422 506 296 739 786 859 836 562 352 223 388 690 745 697 524 148 303 658 223 396 567 689 741 776 611 503 751 453 247 266 424 204 235 108 516 92 793 409 122 518 373 176 718 390 619 440 151 841 307 178 250 419 408 0 343 340 259 449 325 576 845 226 580 237 747 306 766 600 641 727 681 390 174 441 440 320 806 294 469
181 492 698 953 805 965 685 932 679 721 611 435 254 1057 620 496 913 719 365 599 401 307 771 551 1064 986 969 898 492 680 391 521 1016 916 854 709 243 63 730 120 365 734 830 821 1105 944 467 1088 136 138 77 731 522 380 368 404 387 973 185 435 861 541 472 1013 629 888 781 425 935 644 296 366 610 742 343 0 681 421 483 622 906 948 118 892 503 1079 643 1078 571 919 889 967 540 211 658 783 581 924 611 792
701 456 253 642 183 484 223 926 299 162 512 425 493 605 412 600 250 196 345 595 723 722 440 365 480 754 925 952 816 93 397 550 434 760 737 576 475 636 795 561 667 628 750 855 499 334 750 455 793 570 604 193 240 471 363 799 304 789 740 256 189 507 244 538 331 510 145 292 925 50 439 497 504 90 340 681 0 465 666 288 321 920 565 380 272 463 135 538 824 510 757 526 534 506 482 113 359 872 230 175
325 72 633 532 643 567 343 583 302 410 194 40 172 646 206 152 620 611 187 210 262 286 358 154 694 572 606 576 352 521 481 130 650 513 457 295 200 420 399 345 210 329 442 482 745 603 285 746 465 408 370 617 226 41 153 342 348 566 363 361 589 127 415 610 634 474 493 404 584 458 421 59 191 553 259 421 465 0 206 252 556 590 326 512 484 727 356 689 365 507 490 559 137 222 237 522 183 555 275 633
322 214 838 555 846 667 515 449 455 591 237 244 303 716 322 74 796 817 383 164 123 212 449 318 821 546 487 420 163 727 661 136 783 458 393 294 341 508 247 454 123 295 360 339 877 757 98 892 467 526 462 822 427 217 350 198 540 517 345 560 774 188 615 698 834 546 676 599 453 662 586 199 242 756 449 483 666 206 0 420 706 466 429 640 682 866 548 795 159 586 427 642 162 345 303 713 338 444 459 837
566 208 522 405 467 346 95 639 58 173 228 217 373 448 125 347 376 476 268 317 506 539 188 103 449 496 640 664 581 372 513 288 403 484 454 288 379 600 511 517 459 340 464 567 496 351 514 494 695 561 555 476 126 280 255 589 368 520 606 347 356 238 382 396 567 296 259 402 638 306 498 306 220 375 325 622 288 252 420 0 304 634 508 271 446 476 153 456 570 316 477 357 267 411 194 302 83 587 60 461
868 506 556 414 413 192 222 796 255 192 480 520 668 308 385 632 159 489 541 572 804 842 292 404 166 543 776 846 869 403 701 570 117 589 594 485 667 875 731 792 760 529 624 759 200 51 804 190 991 823 833 480 384 584 539 887 580 597 907 540 198 519 547 239 648 284 177 588 793 369 722 610 473 354 576 906 321 556 706 304 0 779 788 106 588 174 272 218 843 261 600 249 545 701 420 225 377 729 297 416
784 540 1153 397 1095 630 702 31 623 779 429 607 745 594 513 461 926 1110 770 380 564 665 502 581 806 283 26 113 515 1005 1068 460 790 197 188 346 780 971 221 911 586 294 169 131 865 826 503 914 925 980 924 1109 723 624 737 605 927 216 804 928 937 471 977 624 1186 502 854 979 25 939 1011 621 436 1005 845 948 920 590 466 634 779 0 887 676 1047 874 784 735 426 535 180 574 455 792 441 909 574 50 693 1090
195 396 601 855 696 853 569 874 566 603 520 334 154 948 517 427 795 615 248 521 374 298 665 443 947 898 906 849 478 570 312 440 899 835 776 620 133 95 674 26 326 651 756 765 988 827 438 970 232 97 47 627 405 285 253 402 278 890 221 326 744 452 367 902 544 782 664 323 877 530 215 277 518 629 226 118 565 326 429 508 788 887 0 778 406 962 525 964 544 811 810 858 455 105 561 666 473 859 494 683
834 453 629 309 501 104 216 693 214 226 406 481 645 225 321 566 262 565 533 494 745 794 202 359 184 438 672 746 802 470 733 504 143 484 492 396 650 868 640 785 707 436 523 662 238 149 738 258 966 824 824 557 377 545 524 829 600 491 873 566 294 454 583 158 711 178 248 618 690 425 741 569 400 431 580 892 380 512 640 271 106 676 778 0 632 228 296 186 768 156 497 151 478 683 342 303 329 626 286 502
587 514 195 848 321 733 432 1045 487 406 618 454 412 852 544 636 517 221 299 676 693 654 632 468 750 941 1058 1051 799 218 137 606 703 921 882 708 378 445 877 390 633 756 882 954 770 605 740 726 633 369 429 235 330 466 332 751 146 962 620 122 454 581 70 788 153 728 415 89 1046 222 212 484 611 287 237 503 272 484 682 446 588 1047 406 632 0 735 339 802 836 739 909 766 602 397 615 384 481 1004 392 308
1041 673 669 482 504 245 396 895 425 361 634 692 842 311 546 792 229 600 714 722 969 1012 428 573 72 609 867 955 1029 531 856 730 87 678 698 621 841 1047 862 965 928 658 734 876 39 136 964 43 1165 994 1006 588 558 756 713 1053 744 671 1081 702 292 679 702 258 772 377 322 746 891 513 886 782 627 471 747 1079 463 727 866 476 174 874 962 228 735 0 441 163 995 340 696 301 704 875 570 352 545 826 471 511
630 334 378 521 315 395 97 790 167 80 379 315 422 513 278 479 276 328 281 464 618 631 311 237 437 627 790 817 704 222 437 424 389 627 603 440 413 608 662 527 564 492 615 720 471 305 637 445 740 553 569 326 136 370 287 697 309 659 670 271 236 379 287 450 438 394 143 322 790 159 451 397 370 223 306 643 135 356 548 153 272 784 525 296 339 441 0 475 704 401 623 427 407 447 346 167 227 737 96 309
1013 626 772 338 622 129 401 758 398 399 559 660 829 151 489 725 347 705 719 639 908 965 346 538 92 460 725 824 953 620 911 664 116 539 568 522 835 1055 750 971 875 551 608 752 139 218 893 206 1148 1010 1010 694 564 724 710 990 783 525 1052 746 402 616 758 112 865 260 394 796 754 586 924 747 554 570 766 1078 538 689 795 456 218 735 964 186 802 163 475 0 908 219 561 167 637 868 493 441 507 688 472 626
392 370 996 629 1005 780 664 402 599 743 363 403 440 811 461 225 944 976 538 273 171 265 569 470 945 588 451 347 90 886 805 282 910 487 422 387 479 609 219 570 220 367 380 297 1003 894 106 1025 518 641 569 981 585 373 506 184 692 543 401 715 926 332 770 804 988 650 828 751 407 821 723 352 370 914 600 571 824 365 159 570 843 426 544 768 836 995 704 908 0 692 452 746 304 476 426 867 487 422 613 996
831 439 763 153 648 97 306 555 262 349 352 485 665 138 302 518 418 703 581 426 703 768 149 368 275 283 528 615 740 602 823 460 255 339 357 305 679 905 532 823 675 332 394 538 334 300 682 380 972 872 857 697 440 546 564 784 681 339 868 654 448 416 681 113 836 41 391 709 551 550 814 566 348 573 641 919 510 507 586 316 261 535 811 156 739 340 401 219 692 0 356 55 433 709 288 449 338 486 356 648
744 427 998 225 928 452 535 199 458 610 303 496 659 426 366 394 748 951 653 290 545 639 327 442 629 139 176 263 530 846 947 370 612 34 35 204 689 900 239 831 548 162 72 202 688 646 496 736 892 897 851 949 580 529 622 606 801 92 771 796 762 363 841 449 1041 322 682 849 195 781 902 533 308 839 727 889 757 490 427 477 600 180 810 497 909 696 623 561 452 356 0 398 355 708 294 737 429 130 536 923
883 491 777 181 652 60 335 596 301 366 407 536 714 91 354 574 407 714 624 481 758 823 202 417 232 310 566 659 796 617 856 515 220 378 402 360 726 952 583 869 730 385 441 585 290 281 738 342 1024 917 905 707 479 597 609 839 716 371 920 687 444 470 711 58 855 96 398 742 592 568 852 618 403 582 681 967 526 559 642 357 249 574 858 151 766 301 427 167 746 55 398 0 488 757 343 455 387 526 391 653
414 88 734 425 717 509 361 449 296 440 82 152 303 567 160 89 641 703 316 75 271 337 291 170 660 447 470 449 325 605 613 27 621 380 322 170 334 547 275 476 242 196 306 353 716 595 260 730 562 542 497 706 302 174 282 353 474 435 447 481 623 28 533 544 749 395 526 529 450 538 556 178 85 625 390 540 534 137 162 267 545 455 455 478 602 704 407 637 304 433 355 488 0 353 146 567 184 418 313 709
199 291 584 750 654 754 479 781 469 522 415 229 49 846 412 331 721 587 166 421 313 259 561 340 856 793 810 761 420 526 336 339 809 732 674 516 33 200 584 123 257 548 655 674 900 741 371 886 293 190 151 597 318 181 162 360 253 787 236 293 675 348 344 802 546 679 589 308 783 477 249 175 413 579 174 211 506 222 345 411 701 792 105 683 397 875 447 868 476 709 708 757 353 0 456 598 370 761 404 642
551 166 712 295 661 364 273 445 195 354 66 228 408 422 73 232 535 669 368 153 416 481 147 149 521 345 449 471 462 565 657 172 484 307 267 95 431 655 324 578 388 147 272 374 578 471 400 599 696 637 606 669 286 279 341 498 510 353 586 503 529 129 547 398 749 249 437 556 445 499 619 294 61 569 441 658 482 237 303 194 420 441 561 342 615 570 346 493 426 288 294 343 146 456 0 486 135 395 253 655
788 498 332 593 199 406 213 919 291 132 529 482 579 526 424 642 136 265 433 618 784 796 411 397 375 714 911 954 870 181 510 586 332 735 722 574 565 741 809 663 731 626 741 859 389 228 803 342 889 678 706 256 300 536 445 864 414 757 828 367 78 538 358 457 426 458 58 405 917 162 551 563 520 130 440 783 113 522 713 302 225 909 666 303 384 352 167 441 867 449 737 455 567 598 486 0 383 860 255 199
506 129 580 396 542 388 178 576 121 256 153 153 327 476 63 264 459 540 251 237 428 467 193 31 511 469 582 595 500 438 528 205 467 441 402 229 340 567 436 485 383 280 406 498 562 426 433 566 641 537 519 541 151 217 229 511 381 483 545 370 439 156 413 434 614 310 342 424 576 371 498 241 145 449 320 581 359 183 338 83 377 574 473 329 481 545 227 507 487 338 429 387 184 370 135 383 0 529 132 534
765 501 1107 350 1046 581 653 70 575 730 387 569 713 548 468 432 876 1063 731 345 549 648 452 537 758 240 54 145 508 958 1029 426 741 149 138 300 747 944 206 882 566 249 123 127 816 776 490 865 908 951 897 1062 679 590 699 596 887 175 786 887 887 433 935 576 1142 452 805 938 66 893 975 589 394 957 806 924 872 555 444 587 729 50 859 626 1004 826 737 688 422 486 130 526 418 761 395 860 529 0 646 1042
573 244 462 456 411 372 75 698 96 135 283 236 371 481 183 388 345 416 248 369 536 559 240 143 453 552 700 723 618 312 467 332 405 543 514 348 371 584 566 501 485 400 524 625 496 340 550 484 694 538 540 416 91 296 243 617 325 579 613 299 316 285 330 425 509 340 219 354 697 246 461 323 275 318 294 611 230 275 459 60 297 693 494 286 392 471 96 472 613 356 536 391 313 404 253 255 132 646 0 404
841 629 166 790 13 603 388 1097 467 315 687 594 638 722 586 773 283 100 493 770 887 877 600 540 550 909 1094 1125 983 117 444 723 511 924 905 748 614 739 970 673 829 800 921 1029 550 408 917 488 915 666 715 86 411 635 516 960 406 949 878 358 224 681 320 653 278 655 256 369 1096 176 515 660 678 86 469 792 175 633 837 461 416 1090 683 502 308 511 309 626 996 648 923 653 709 642 655 199 534 1042 404 0
