# TTSP Euclidean complete-graph matrix instance
# seed: 2012
# depot: 1
# L_max is not stored in this file; pass it with --budget when running algorithms.
# coordinate rows: node x y
# coord 1 96.405979 364.824341
# coord 2 328.429510 9.812582
# coord 3 836.618847 624.027259
# coord 4 902.577179 326.899003
# coord 5 106.809469 982.471432
# coord 6 921.952912 934.485544
# coord 7 293.654001 164.878878
# coord 8 642.499444 589.547685
# coord 9 567.437842 304.311667
# coord 10 363.943887 292.182944
# coord 11 624.540456 857.140371
# coord 12 771.961993 428.280965
# coord 13 32.308753 172.738853
# coord 14 379.582064 354.220406
# coord 15 414.511769 494.105131
# coord 16 972.241279 256.075602
# coord 17 656.950012 139.364901
# coord 18 511.559460 323.890848
# coord 19 440.243951 147.994509
# coord 20 592.600315 411.699972
# coord 21 841.058160 750.552521
# coord 22 454.522370 989.943176
# coord 23 918.345783 687.712393
# coord 24 699.221490 250.936520
# coord 25 152.679809 444.890924
# coord 26 149.760096 469.114978
# coord 27 4.032710 60.764120
# coord 28 521.434322 333.098560
# coord 29 793.458626 145.719059
# coord 30 532.455541 769.929879
# coord 31 572.930193 627.044609
# coord 32 117.471760 502.447769
# coord 33 863.259024 687.871273
# coord 34 110.792574 900.041428
# coord 35 559.669045 21.248246
# coord 36 771.484573 353.557979
# coord 37 248.720776 526.537206
# coord 38 222.659225 657.062331
# coord 39 582.080988 954.407231
# coord 40 716.159214 23.957121
# coord 41 907.428744 785.754470
# coord 42 734.285338 66.643454
# coord 43 398.558759 617.897787
# coord 44 916.571865 910.023529
# coord 45 690.718733 127.181551
# coord 46 821.730405 269.523097
# coord 47 432.441418 808.202856
# coord 48 35.117026 277.904894
# coord 49 694.424560 54.817361
# coord 50 722.137490 125.768143
# coord 51 797.725802 133.984911
# coord 52 184.346248 887.468634
# coord 53 857.112759 511.434424
# coord 54 570.794528 857.504729
# coord 55 815.750617 704.746412
# coord 56 551.658491 396.643121
# coord 57 160.775851 589.152043
# coord 58 9.338844 845.961575
# coord 59 589.366601 416.162969
# coord 60 354.759963 347.474265
# coord 61 736.615361 965.933653
# coord 62 638.273849 890.514794
# coord 63 794.560140 451.073967
# coord 64 840.141241 892.486099
# coord 65 518.947095 948.829623
# coord 66 63.047059 521.123997
# coord 67 306.761676 672.271197
# coord 68 361.684643 204.873727
# coord 69 16.441044 185.149507
# coord 70 923.987833 974.155485
# coord 71 202.058020 713.633192
# coord 72 744.755219 146.857113
# coord 73 644.051116 247.616709
# coord 74 20.143274 617.328883
# coord 75 99.442368 660.851177
# coord 76 170.872934 927.354423
# coord 77 488.779828 182.350114
# coord 78 31.256449 53.545201
# coord 79 277.329843 44.343550
# coord 80 761.105651 729.322588
# coord 81 256.830057 885.599559
# coord 82 629.919305 961.022138
# coord 83 464.650608 733.090890
# coord 84 620.904250 481.599831
# coord 85 723.908100 396.308879
# coord 86 863.864545 823.828376
# coord 87 268.817754 635.337612
# coord 88 235.967648 346.253291
# coord 89 510.105171 22.606938
# coord 90 241.262682 84.960269
# coord 91 745.801605 693.381912
# coord 92 804.172742 55.230552
# coord 93 602.740269 540.970997
# coord 94 314.349877 43.296233
# coord 95 252.755504 629.011828
# coord 96 928.894434 336.936611
# coord 97 529.436760 912.792883
# coord 98 577.406364 877.689418
# coord 99 488.559770 438.048924
# coord 100 581.002046 54.312978
# reference_nearest_neighbor_tour_cost: 8999
TTSP_MATRIX
100
0 87 25 48 5 86 98 74 92 89 77 66 96 4 77 82 85 24 42 56 49 92 26 43 97 89 80 85 7 89 55 91 79 25 5 30 17 31 43 37 92 49 13 5 27 95 97 25 51 28 63 57 53 50 14 37 80 100 53 76 53 82 71 66 45 34 66 47 82 23 5 17 26 68 84 89 38 61 52 48 77 19 36 26 73 42 20 31 62 35 61 25 79 69 34 66 1 21 83 58
0 424 784 807 618 1003 281 591 475 277 722 679 202 283 343 883 604 417 406 498 839 720 883 613 98 117 318 426 731 595 544 139 832 535 577 675 222 318 764 707 914 704 394 985 640 732 556 106 674 670 738 530 775 684 796 456 233 489 496 259 878 755 703 912 721 160 373 310 197 1028 364 684 560 264 296 567 433 318 368 758 545 800 521 537 628 894 321 141 537 315 728 773 536 388 307 833 698 703 399 576
424 0 797 656 998 1099 159 659 379 285 898 610 338 348 492 689 353 364 178 481 901 988 899 442 469 493 328 377 484 787 664 536 864 916 232 561 523 656 978 388 968 410 612 1075 381 557 805 397 369 410 485 889 729 882 849 447 603 895 483 339 1040 934 642 1020 958 576 663 198 358 1133 715 438 395 681 690 931 236 300 62 840 879 998 736 555 553 974 628 349 182 115 801 478 598 36 624 684 925 903 457 256
784 797 0 304 813 322 711 197 418 578 315 206 922 531 442 392 517 442 619 323 127 529 104 398 707 704 1005 429 480 337 264 729 69 777 663 278 596 615 417 612 177 567 438 297 518 355 444 873 587 511 492 703 114 354 83 365 677 857 323 556 356 332 178 268 454 780 532 633 930 361 641 486 423 817 738 732 562 987 806 130 636 395 388 258 254 202 568 662 684 803 114 570 248 781 584 302 422 363 395 624
807 656 304 0 1031 608 630 370 336 540 599 165 884 524 516 99 309 391 496 321 428 800 361 217 759 766 937 381 212 577 446 804 363 977 459 134 684 756 705 356 459 310 582 583 291 99 673 869 343 270 220 911 190 626 388 358 787 1033 326 548 660 623 165 569 731 862 689 554 897 648 800 239 270 929 870 947 438 913 686 427 854 690 597 321 192 498 705 667 497 704 399 289 368 653 717 28 695 640 429 422
618 998 813 1031 0 817 839 664 820 737 533 866 813 685 577 1130 1007 773 899 750 770 348 863 941 540 515 927 770 1082 476 586 480 812 83 1063 915 478 345 476 1136 824 1110 467 813 1036 1010 369 708 1098 1055 1094 123 886 481 761 736 397 168 744 682 630 539 869 739 414 463 369 818 802 817 285 1051 910 375 322 85 887 932 953 702 179 524 436 718 851 773 383 649 1041 908 701 1160 664 962 382 1045 428 482 665 1042
1003 1099 322 608 817 0 994 444 723 851 307 528 1171 794 672 680 838 736 922 618 201 471 247 719 912 902 1267 723 799 423 465 913 254 812 982 600 787 752 340 933 149 888 612 25 840 672 506 1103 909 833 810 739 428 359 253 653 836 917 616 816 188 287 500 92 403 953 669 920 1175 40 753 807 741 956 867 751 868 1253 1099 261 667 293 500 544 573 125 718 904 1001 1089 299 887 507 1079 736 598 393 349 659 944
281 159 711 630 839 994 0 550 307 145 767 546 261 208 351 685 364 270 148 388 802 841 815 415 313 337 308 283 500 650 540 381 773 758 302 514 364 497 841 445 873 451 465 971 399 538 658 282 416 430 505 731 662 746 751 347 445 738 388 193 915 803 577 910 816 424 508 79 278 1026 556 451 360 529 533 772 196 285 122 733 722 864 593 455 489 871 471 190 259 96 696 522 487 123 466 658 784 767 336 308
591 659 197 370 664 444 550 0 295 407 268 207 739 353 247 469 450 296 486 185 256 442 293 343 511 507 829 284 469 211 79 532 242 616 574 269 399 425 370 570 330 531 246 422 465 367 303 683 537 471 481 546 228 277 208 213 482 683 181 376 388 301 206 362 380 583 346 476 745 477 458 454 342 623 548 580 435 813 656 183 486 372 229 110 210 322 376 474 582 645 146 558 63 637 392 382 342 295 216 539
475 379 418 336 820 723 307 295 0 204 556 239 551 194 244 408 188 59 202 110 523 695 520 142 438 449 614 54 276 467 323 492 484 751 283 210 389 493 650 317 589 290 356 699 216 257 522 533 280 236 286 698 356 553 471 94 496 778 114 217 683 590 270 648 646 549 451 229 564 759 549 237 95 630 588 739 145 592 390 467 659 660 441 185 182 598 446 334 287 393 428 344 239 364 452 363 610 573 155 250
277 285 578 540 737 851 145 407 204 0 622 430 352 64 208 609 330 151 163 258 662 704 681 338 261 278 428 163 454 507 395 324 637 658 334 412 261 391 697 443 734 434 328 829 366 458 521 329 407 395 462 622 540 602 612 215 360 658 257 56 770 658 459 766 675 378 384 87 364 882 451 408 284 473 454 664 166 409 263 591 603 720 452 319 375 730 356 139 307 241 554 500 345 254 355 567 642 623 192 322
722 898 315 599 533 307 767 268 556 622 0 453 905 559 419 694 719 545 733 447 241 216 339 611 627 613 1010 534 731 127 236 619 293 516 838 525 501 449 106 838 292 798 329 297 733 620 198 826 805 738 744 441 417 54 245 466 536 615 442 577 156 36 440 218 140 654 368 703 906 321 446 720 610 650 561 459 688 999 884 187 369 104 202 376 471 242 419 642 842 862 204 822 317 871 436 603 110 51 441 804
679 610 206 165 866 528 546 207 239 430 453 0 783 399 363 264 311 281 434 180 330 645 298 192 620 624 851 268 283 417 281 659 275 812 459 75 532 595 559 408 382 364 419 503 312 166 510 752 381 307 295 746 119 474 280 223 632 870 183 425 539 481 32 469 579 715 525 467 794 567 637 283 221 775 712 781 375 830 626 301 689 551 433 160 58 406 544 542 483 632 266 374 203 598 557 182 542 490 284 420
202 338 922 884 813 1171 261 739 551 352 905 783 0 392 499 944 626 503 409 609 994 920 1025 671 298 319 115 515 762 779 706 341 978 732 549 761 415 520 956 700 1068 710 576 1151 660 795 751 105 673 691 766 731 892 871 947 566 436 674 608 367 1061 939 811 1082 916 350 570 331 20 1199 567 713 616 445 493 767 457 119 277 917 747 989 708 665 727 1056 520 268 501 227 883 781 679 310 507 911 892 891 528 561
283 348 531 524 685 794 208 353 194 64 559 399 392 0 144 601 351 135 215 221 608 640 634 336 244 257 477 143 463 443 334 301 588 608 379 392 216 341 633 472 682 457 264 773 385 450 457 353 434 412 473 568 503 538 560 177 321 616 219 26 708 595 426 708 611 358 326 150 401 825 401 420 285 445 415 610 204 460 326 535 545 656 388 273 347 675 302 144 356 303 499 519 291 318 303 550 578 560 137 361
343 492 442 516 577 672 351 247 244 208 419 363 499 144 0 606 430 196 347 196 498 497 540 374 266 266 597 193 515 300 207 297 489 507 495 384 169 252 490 559 573 534 125 652 459 465 315 437 521 480 526 456 443 396 453 168 271 537 191 158 571 455 382 583 467 353 208 294 504 700 305 479 337 413 356 497 320 584 470 419 422 514 244 207 324 557 203 232 481 444 387 587 194 462 211 538 434 417 93 470
883 689 392 99 1130 680 685 469 408 609 694 264 944 601 606 0 336 466 543 410 512 898 435 273 841 850 988 457 210 676 545 890 445 1076 475 223 772 850 800 346 534 304 678 656 310 151 772 937 343 282 213 1010 280 723 475 443 877 1129 415 624 748 717 264 650 828 947 785 613 958 720 896 252 328 1018 962 1045 489 963 726 518 953 784 697 417 285 578 799 742 518 751 492 262 467 691 810 92 792 736 517 440
604 353 517 309 1007 838 364 450 188 330 719 311 626 351 430 336 0 235 217 280 638 874 607 119 590 605 658 236 137 643 495 650 586 936 153 243 563 676 818 130 693 106 544 813 36 210 706 637 92 67 141 885 422 723 587 278 670 958 285 367 830 751 341 775 821 706 638 302 642 876 733 88 109 796 763 926 174 632 391 599 847 822 624 344 266 715 630 469 188 419 561 170 405 356 635 336 784 743 343 114
417 364 442 391 773 736 270 296 59 151 545 281 503 135 196 466 235 0 190 119 539 668 546 201 379 390 572 14 333 447 309 433 506 702 306 262 332 441 634 363 608 340 315 712 266 315 491 479 325 289 343 652 393 537 487 83 440 724 121 159 680 581 310 657 625 490 404 191 514 770 498 293 153 572 532 693 143 551 365 476 617 648 412 192 224 612 395 276 301 361 437 397 235 343 400 418 589 558 116 278
406 178 619 496 899 922 148 486 202 163 733 434 409 215 347 543 217 190 0 305 724 842 721 279 413 433 445 202 353 629 497 479 686 821 174 390 424 554 819 303 791 305 472 899 251 400 660 425 271 283 358 782 553 721 672 272 522 820 307 217 870 768 466 845 805 531 541 97 425 957 614 305 227 630 616 825 59 420 193 664 760 835 586 379 377 798 517 285 144 209 625 376 425 164 516 524 770 742 294 169
498 481 323 321 750 618 388 185 110 258 447 180 609 221 196 410 280 119 305 0 420 595 427 193 441 447 685 106 333 363 216 484 387 686 392 188 363 444 543 407 489 373 283 594 301 270 428 573 371 314 345 627 283 446 368 44 467 727 6 246 573 481 206 541 542 541 387 310 619 653 494 305 172 608 553 666 252 666 484 360 581 551 346 75 132 493 394 363 398 480 321 415 130 462 403 345 505 466 107 358
839 901 127 428 770 201 802 256 523 662 241 330 994 608 498 512 638 539 724 420 0 455 100 519 753 746 1085 526 607 309 295 765 66 745 782 403 633 625 330 737 75 692 462 176 641 481 413 934 711 636 618 671 240 291 52 457 699 837 419 632 239 246 303 142 378 811 540 726 1000 238 640 611 540 832 747 693 669 1068 904 83 600 298 377 348 373 77 584 728 800 896 111 696 317 882 601 423 351 293 471 743
720 988 529 800 348 471 841 442 695 704 216 645 920 640 497 898 874 668 842 595 455 0 554 778 623 603 1033 660 910 233 382 593 508 355 974 711 507 406 132 1001 497 965 376 469 895 809 183 826 965 905 922 289 625 176 460 601 497 468 589 650 283 209 637 398 76 611 350 791 916 470 374 892 766 572 484 290 808 1028 962 402 224 178 257 535 652 442 400 680 969 930 416 998 473 957 413 807 108 166 553 944
883 899 104 361 863 247 815 293 520 681 339 298 1025 634 540 435 607 546 721 427 100 554 0 489 803 799 1109 532 556 395 351 822 55 835 757 365 689 696 429 694 99 648 524 222 605 429 501 974 671 595 567 761 187 387 104 468 764 923 427 658 332 346 267 219 477 871 612 737 1032 286 717 568 519 901 819 785 663 1090 908 163 690 397 456 362 350 147 652 763 780 907 173 643 348 883 668 351 449 390 497 718
613 442 398 217 941 719 415 343 142 338 611 192 671 336 374 273 119 201 279 193 519 778 489 0 580 591 721 196 141 545 397 634 467 876 269 126 528 626 713 228 574 188 474 694 124 124 618 665 196 127 153 819 305 620 469 207 636 911 198 358 716 642 222 657 721 691 576 341 686 757 679 114 55 772 726 858 221 697 470 482 774 713 536 244 147 596 577 473 296 487 445 222 306 437 585 245 683 638 282 229
98 469 707 759 540 912 313 511 438 261 627 620 298 244 266 841 590 379 413 441 753 623 803 580 0 24 412 385 707 500 458 67 751 457 587 626 126 223 666 703 828 694 301 894 625 692 459 204 668 653 716 444 708 587 712 402 144 426 438 224 783 659 642 820 623 118 275 318 293 935 273 663 529 217 222 483 426 410 419 672 453 703 425 470 573 806 223 129 553 371 643 759 460 433 210 784 601 606 336 580
117 493 704 766 515 902 337 507 449 278 613 624 319 257 266 850 605 390 433 447 746 603 799 591 24 0 434 396 720 487 452 46 746 433 607 632 114 202 650 720 821 710 290 885 640 701 441 223 684 667 730 420 709 573 706 408 121 402 443 238 769 645 645 810 605 101 257 339 314 924 250 677 542 197 198 459 444 432 444 664 430 687 411 471 579 797 204 150 574 395 637 774 459 457 190 790 584 591 340 598
318 328 1005 937 927 1267 308 829 614 428 1010 851 115 477 597 988 658 572 445 685 1085 1033 1109 721 412 434 0 585 794 884 803 456 1064 846 557 821 526 635 1064 713 1158 730 683 1247 690 844 862 219 690 721 797 846 965 978 1036 642 551 785 685 453 1164 1044 882 1179 1027 464 682 386 125 1296 682 746 667 557 608 883 500 28 274 1010 863 1096 815 747 794 1150 633 368 508 238 975 800 767 311 620 965 1001 998 614 577
426 377 429 381 770 723 283 284 54 163 534 268 515 143 193 457 236 14 202 106 526 660 532 196 385 396 585 0 330 437 298 438 493 700 314 251 334 441 624 365 595 341 310 699 267 307 483 489 328 289 341 649 380 527 474 70 442 725 107 167 668 570 298 644 616 495 401 205 526 757 497 291 149 576 534 690 154 564 378 463 613 637 404 179 212 598 394 286 311 374 424 396 223 356 400 407 580 547 110 285
731 484 480 212 1082 799 500 469 276 454 731 283 762 463 515 210 137 333 353 333 607 910 556 141 707 720 794 330 0 677 529 764 547 1017 265 209 665 766 836 144 650 99 616 774 104 127 754 770 134 74 12 960 371 746 559 348 773 1051 339 483 822 761 305 748 849 821 717 436 778 839 820 49 181 906 864 999 307 768 526 584 914 832 673 378 260 682 718 592 309 556 550 91 439 490 725 234 811 763 422 231
595 787 337 577 476 423 650 211 467 507 127 417 779 443 300 676 643 447 629 363 309 233 395 545 500 487 884 437 677 0 149 494 341 441 749 480 374 330 191 768 375 732 203 409 662 578 107 700 733 672 689 367 415 96 291 374 413 529 358 458 283 160 413 331 179 531 246 590 780 442 335 658 534 535 447 394 589 874 769 232 299 215 77 302 420 336 296 517 748 744 227 765 240 759 313 587 143 117 335 717
544 664 264 446 586 465 540 79 323 395 236 281 706 334 207 545 495 309 497 216 295 382 351 397 458 452 803 298 529 149 0 472 297 537 606 338 339 352 327 620 370 583 175 445 514 436 229 641 585 523 542 468 307 230 255 231 414 605 212 355 376 271 283 377 326 521 270 472 711 494 381 510 386 553 475 502 453 789 653 214 408 339 152 153 276 351 304 439 608 635 185 617 91 638 320 459 289 251 207 573
139 536 729 804 480 913 381 532 492 324 619 659 341 301 297 890 650 433 479 484 765 593 822 634 67 46 456 438 764 494 472 0 768 398 654 671 133 187 648 766 839 755 304 897 685 742 439 239 730 712 774 391 740 576 727 447 97 360 480 283 773 649 679 821 600 58 254 385 333 934 227 721 585 151 159 428 490 457 485 682 408 688 417 504 616 813 201 196 620 435 657 819 487 500 185 828 581 594 377 645
832 864 69 363 812 254 773 242 484 637 293 275 978 588 489 445 586 506 686 387 66 508 55 467 751 746 1064 493 547 341 297 768 0 782 732 347 635 641 387 680 107 634 470 228 587 420 447 924 655 580 558 708 177 338 50 427 709 868 386 612 306 303 247 206 432 817 557 696 985 293 662 554 492 846 764 733 629 1046 870 110 638 359 401 318 323 136 597 714 753 866 118 635 299 847 613 357 403 343 450 694
535 916 777 977 83 812 758 616 751 658 516 812 732 608 507 1076 936 702 821 686 745 355 835 876 457 433 846 700 1017 441 537 398 782 0 987 857 398 267 474 1065 805 1041 403 806 966 950 335 627 1027 987 1029 75 841 462 732 669 315 115 681 604 629 528 818 729 411 382 300 739 721 817 208 984 843 297 239 66 811 850 872 672 147 523 391 660 794 757 308 568 964 825 668 1093 609 881 306 993 419 467 597 968
577 232 663 459 1063 982 302 574 283 334 838 459 549 379 495 475 153 306 174 392 782 974 757 269 587 607 557 314 265 749 606 654 732 987 0 394 593 720 933 157 840 180 618 958 169 361 797 584 139 193 263 944 573 836 730 375 694 991 396 385 961 873 490 915 928 705 698 270 567 1020 779 224 242 804 788 986 176 529 283 736 916 942 718 464 409 858 679 459 50 325 697 247 522 246 681 486 892 857 423 39
675 561 278 134 915 600 514 269 210 412 525 75 761 392 384 223 243 262 390 188 403 711 365 126 626 632 821 251 209 480 338 671 347 857 394 0 551 627 630 334 453 289 457 575 240 98 567 740 309 233 221 794 180 542 354 224 655 907 193 417 613 553 100 543 647 728 564 436 774 639 674 208 166 796 739 831 331 799 583 376 740 624 488 198 64 479 576 536 422 594 341 300 252 552 587 158 609 559 295 355
222 523 596 684 478 787 364 399 389 261 501 532 415 216 169 772 563 332 424 363 633 507 689 528 126 114 526 334 665 374 339 133 635 398 593 551 0 133 542 686 708 669 175 770 596 628 336 328 649 620 675 367 609 462 594 330 108 399 358 208 657 533 551 695 501 186 157 341 413 810 193 625 484 246 201 408 420 521 483 551 359 578 299 375 493 683 111 181 568 442 524 728 354 488 103 706 477 481 256 577
318 656 615 756 345 752 497 425 493 391 449 595 520 341 252 850 676 441 554 444 625 406 696 626 223 202 635 441 766 330 352 187 641 267 720 627 133 0 466 803 697 781 180 739 707 713 259 423 765 729 777 234 651 402 595 420 92 285 439 337 600 477 608 661 416 210 85 473 515 770 60 730 588 206 123 275 544 633 615 543 231 508 254 435 565 663 51 311 697 572 524 837 397 621 41 775 399 418 344 701
764 978 417 705 476 340 841 370 650 697 106 559 956 633 490 800 818 634 819 543 330 132 429 713 666 650 1064 624 836 191 327 648 387 474 933 630 542 466 0 940 366 901 383 337 834 726 209 870 907 840 848 403 521 98 342 559 558 583 538 648 155 85 546 265 63 676 394 781 955 342 450 824 710 655 565 412 778 1056 960 288 332 48 251 474 576 311 447 700 935 934 308 926 414 950 463 708 67 77 525 900
707 388 612 356 1136 933 445 570 317 443 838 408 700 472 559 346 130 363 303 407 737 1001 694 228 703 720 713 365 144 768 620 766 680 1065 157 334 686 803 940 0 785 46 674 908 106 267 834 727 38 102 137 1014 507 846 688 407 792 1084 412 485 942 870 434 877 946 821 767 398 718 973 860 126 235 915 887 1055 277 686 439 707 976 941 752 467 372 813 758 578 206 479 670 93 529 402 762 378 908 865 473 139
914 968 177 459 824 149 873 330 589 734 292 382 1068 682 573 534 693 608 791 489 75 497 99 574 828 821 1158 595 650 375 370 839 107 805 840 453 708 697 366 785 0 740 536 125 693 523 476 1009 761 686 661 730 279 344 122 527 772 900 488 705 248 289 353 126 421 885 611 797 1075 189 709 659 599 903 818 750 734 1142 973 157 658 328 446 418 431 58 656 803 860 967 186 738 391 950 673 449 399 343 544 801
704 410 567 310 1110 888 451 531 290 434 798 364 710 457 534 304 106 340 305 373 692 965 648 188 694 710 730 341 99 732 583 755 634 1041 180 289 669 781 901 46 740 0 645 863 75 221 801 730 42 60 93 988 461 808 643 377 776 1064 378 472 899 829 389 833 908 811 741 397 728 927 838 81 202 902 870 1029 271 703 457 663 948 900 719 430 330 768 735 571 228 493 627 71 492 421 740 333 871 826 445 154
394 612 438 582 467 612 465 246 356 328 329 419 576 264 125 678 544 315 472 283 462 376 524 474 301 290 683 310 616 203 175 304 470 403 618 457 175 180 383 674 536 645 0 595 571 548 193 498 636 589 627 344 471 295 426 269 240 451 278 274 485 363 430 520 352 349 107 415 577 635 219 585 444 378 302 384 445 673 586 379 303 414 133 261 394 509 131 317 606 556 355 694 218 581 146 600 323 315 201 592
985 1075 297 583 813 25 971 422 699 829 297 503 1151 773 652 656 813 712 899 594 176 469 222 694 894 885 1247 699 774 409 445 897 228 806 958 575 770 739 337 908 125 863 595 0 815 647 495 1085 884 808 785 733 403 350 229 630 821 909 592 795 188 279 475 78 400 938 655 897 1156 65 741 782 716 943 854 746 844 1232 1076 238 660 291 485 521 549 101 704 884 976 1066 276 862 484 1055 721 573 387 341 637 919
640 381 518 291 1036 840 399 465 216 366 733 312 660 385 459 310 36 266 251 301 641 895 605 124 625 640 690 267 104 662 514 685 587 966 169 240 596 707 834 106 693 75 571 815 0 193 728 673 72 31 107 913 419 740 591 303 703 990 306 402 840 765 340 780 839 741 667 338 677 879 763 58 129 831 796 954 209 664 422 606 874 836 647 361 271 718 660 505 209 451 569 134 423 386 666 317 802 759 371 132
732 557 355 99 1010 672 538 367 257 458 620 166 795 450 465 151 210 315 400 270 481 809 429 124 692 701 844 307 127 578 436 742 420 950 361 98 628 713 726 267 523 221 548 647 193 0 665 787 250 175 138 888 244 639 435 298 734 996 275 473 702 648 184 623 744 799 654 465 810 712 762 145 179 874 821 925 344 819 589 464 836 718 585 292 160 556 663 591 398 609 431 215 349 556 673 127 707 655 373 323
556 805 444 673 369 506 658 303 522 521 198 510 751 457 315 772 706 491 660 428 413 183 501 618 459 441 862 483 754 107 229 439 447 335 797 567 336 259 209 834 476 801 193 495 728 665 0 663 798 741 767 260 518 147 397 428 349 425 422 467 343 222 509 416 165 468 185 607 749 519 249 731 599 454 364 287 628 855 779 338 192 250 82 377 505 432 238 502 789 748 334 840 317 774 254 685 143 161 374 768
106 397 873 869 708 1103 282 683 533 329 826 752 105 353 437 937 637 479 425 573 934 826 974 665 204 223 219 489 770 700 641 239 924 627 584 740 328 423 870 727 1009 730 498 1085 673 787 663 0 696 704 776 628 855 789 890 530 336 569 571 327 983 860 779 1013 827 245 479 335 95 1129 467 722 610 340 388 663 464 224 336 855 647 906 626 620 699 992 427 212 539 282 823 801 626 365 413 896 805 809 481 590
674 369 587 343 1098 909 416 537 280 407 805 381 673 434 521 343 92 325 271 371 711 965 671 196 668 684 690 328 134 733 585 730 655 1027 139 309 649 765 907 38 761 42 636 884 72 250 798 696 0 76 130 976 485 812 661 370 755 1047 376 448 912 838 409 850 911 785 729 365 690 948 822 105 199 878 849 1018 242 663 417 678 939 908 716 433 343 787 720 543 187 454 641 110 495 380 724 367 874 831 435 113
670 410 511 270 1055 833 430 471 236 395 738 307 691 412 480 282 67 289 283 314 636 905 595 127 653 667 721 289 74 672 523 712 580 987 193 233 620 729 840 102 686 60 589 808 31 175 741 704 76 0 76 932 409 747 586 320 728 1013 319 429 840 769 333 776 848 769 686 369 708 872 785 31 145 857 821 973 240 695 452 605 891 840 660 370 271 712 682 534 236 483 568 108 432 416 688 296 810 766 390 158
738 485 492 220 1094 810 505 481 286 462 744 295 766 473 526 213 141 343 358 345 618 922 567 153 716 730 797 341 12 689 542 774 558 1029 263 221 675 777 848 137 661 93 627 785 107 138 767 776 130 76 0 972 382 758 571 360 783 1062 351 492 834 773 317 760 861 830 729 442 783 850 831 55 191 916 875 1011 313 771 528 596 926 844 685 390 273 693 729 601 308 559 562 79 451 492 736 242 824 776 434 231
530 889 703 911 123 739 731 546 698 622 441 746 731 568 456 1010 885 652 782 627 671 289 761 819 444 420 846 649 960 367 468 391 708 75 944 794 367 234 403 1014 730 988 344 733 913 888 260 628 976 932 972 0 771 388 657 613 299 180 621 566 558 454 750 656 340 386 248 705 722 745 175 929 788 316 242 42 768 848 848 598 73 452 320 596 730 682 266 544 924 805 594 1038 543 854 267 926 346 393 543 923
775 729 114 190 886 428 662 228 356 540 417 119 892 503 443 280 422 393 553 283 240 625 187 305 708 709 965 380 371 415 307 740 177 841 573 180 609 651 521 507 279 461 471 403 419 244 518 855 485 409 382 771 0 449 198 326 701 911 284 528 470 438 87 381 553 794 573 583 902 468 686 381 339 844 772 802 494 944 745 238 707 504 451 238 176 312 601 643 599 749 213 459 256 717 616 189 518 461 376 534
684 882 354 626 481 359 746 277 553 602 54 474 871 538 396 723 723 537 721 446 291 176 387 620 587 573 978 527 746 96 230 576 338 462 836 542 462 402 98 846 344 808 295 350 740 639 147 789 812 747 758 388 449 0 289 461 490 562 442 554 198 75 464 272 105 609 323 685 871 372 396 732 614 601 511 406 680 968 864 229 315 119 164 379 486 295 375 611 837 840 240 836 318 854 392 632 69 21 427 803
796 849 83 388 761 253 751 208 471 612 245 280 947 560 453 475 587 487 672 368 52 460 104 469 712 706 1036 474 559 291 255 727 50 732 730 354 594 595 342 688 122 643 426 229 591 435 397 890 661 586 571 657 198 289 0 406 665 819 367 583 273 257 255 189 384 775 510 675 953 290 614 562 488 800 718 682 616 1020 852 60 587 317 352 296 322 128 551 682 747 845 71 650 269 830 568 385 354 294 422 691
456 447 365 358 736 653 347 213 94 215 466 223 566 177 168 443 278 83 272 44 457 601 468 207 402 408 642 70 348 374 231 447 427 669 375 224 330 420 559 407 527 377 269 630 303 298 428 530 370 320 360 613 326 461 406 0 436 704 42 203 599 501 249 574 553 504 369 270 575 687 472 316 175 576 524 653 223 623 447 393 571 570 348 110 172 529 370 320 376 440 355 425 153 426 379 382 517 482 75 344
233 603 677 787 397 836 445 482 496 360 536 632 436 321 271 877 670 440 522 467 699 497 764 636 144 121 551 442 773 413 414 97 709 315 694 655 108 92 558 792 772 776 240 821 703 734 349 336 755 728 783 299 701 490 665 436 0 298 462 310 688 565 649 744 508 119 168 434 429 855 131 733 592 143 94 338 523 551 557 616 312 599 336 473 595 741 117 254 666 511 594 836 445 567 100 808 491 507 361 680
489 895 857 1033 168 917 738 683 778 658 615 870 674 616 537 1129 958 724 820 727 837 468 923 911 426 402 785 725 1051 529 605 360 868 115 991 907 399 285 583 1084 900 1064 451 909 990 996 425 569 1047 1013 1062 180 911 562 819 704 298 0 722 606 737 631 879 832 520 329 344 732 661 924 234 1015 872 229 206 181 819 793 845 761 251 631 469 712 844 855 334 549 964 796 752 1121 667 859 326 1051 524 569 629 976
496 483 323 326 744 616 388 181 114 257 442 183 608 219 191 415 285 121 307 6 419 589 427 198 438 443 685 107 339 358 212 480 386 681 396 193 358 439 538 412 488 378 278 592 306 275 422 571 376 319 351 621 284 442 367 42 462 722 0 244 569 477 208 538 537 537 381 311 618 651 488 311 177 604 548 661 255 666 485 357 575 546 341 73 136 491 388 360 401 480 318 420 126 463 398 349 500 462 103 362
259 339 556 548 682 816 193 376 217 56 577 425 367 26 158 624 367 159 217 246 632 650 658 358 224 238 453 167 483 458 355 283 612 604 385 417 208 337 648 485 705 472 274 795 402 473 467 327 448 429 492 566 528 554 583 203 310 606 244 0 727 613 452 730 623 339 328 143 375 847 397 439 306 430 404 608 213 437 313 558 547 672 401 298 372 697 300 119 360 286 522 536 315 307 299 574 592 575 162 370
878 1040 356 660 630 188 915 388 683 770 156 539 1061 708 571 748 830 680 870 573 239 283 332 716 783 769 1164 668 822 283 376 773 306 629 961 613 657 600 155 942 248 899 485 188 840 702 343 983 912 840 834 558 470 198 273 599 688 737 569 727 0 124 518 127 218 807 521 848 1062 188 591 819 724 797 706 567 822 1153 1030 238 486 107 358 498 570 191 573 797 970 1011 273 913 446 1015 590 658 214 182 583 925
755 934 332 623 539 287 803 301 590 658 36 481 939 595 455 717 751 581 768 481 246 209 346 642 659 645 1044 570 761 160 271 649 303 528 873 553 533 477 85 870 289 829 363 279 765 648 222 860 838 769 773 454 438 75 257 501 565 631 477 613 124 0 466 202 133 684 397 739 940 298 471 751 643 676 586 469 724 1034 920 203 381 71 234 409 502 235 449 677 877 898 225 852 351 907 466 625 111 62 477 838
703 642 178 165 869 500 577 206 270 459 440 32 811 426 382 264 341 310 466 206 303 637 267 222 642 645 882 298 305 413 283 679 247 818 490 100 551 608 546 434 353 389 430 475 340 184 509 779 409 333 317 750 87 464 255 249 649 879 208 452 518 466 0 444 569 735 536 498 822 539 648 308 253 792 726 785 407 861 658 280 691 536 434 176 89 379 557 568 514 663 247 396 212 630 570 176 532 479 306 451
912 1020 268 569 739 92 910 362 648 766 218 469 1082 708 583 650 775 657 845 541 142 398 219 657 820 810 1179 644 748 331 377 821 206 729 915 543 695 661 265 877 126 833 520 78 780 623 416 1013 850 776 760 656 381 272 189 574 744 832 538 730 127 202 444 0 326 861 577 838 1086 117 663 752 674 865 776 670 792 1165 1018 181 583 221 408 466 510 73 627 814 930 1005 220 838 424 999 644 563 311 263 575 877
721 958 454 731 414 403 816 380 646 675 140 579 916 611 467 828 821 625 805 542 378 76 477 721 623 605 1027 616 849 179 326 600 432 411 928 647 501 416 63 946 421 908 352 400 839 744 165 827 911 848 861 340 553 105 384 553 508 520 537 623 218 133 569 326 0 625 349 760 914 406 395 833 712 599 509 349 767 1019 936 327 270 112 222 478 589 367 401 666 926 907 342 938 416 928 416 737 38 92 512 897
160 576 780 862 463 953 424 583 549 378 654 715 350 358 353 947 706 490 531 541 811 611 871 691 118 101 464 495 821 531 521 58 817 382 705 728 186 210 676 821 885 811 349 938 741 799 468 245 785 769 830 386 794 609 775 504 119 329 537 339 807 684 735 861 625 0 287 435 339 973 237 778 642 105 144 420 544 469 523 728 413 718 454 559 673 856 235 246 670 471 704 875 540 540 218 885 609 626 434 697
373 663 532 689 369 669 508 346 451 384 368 525 570 326 208 785 638 404 541 387 540 350 612 576 275 257 682 401 717 246 270 254 557 300 698 564 157 85 394 767 611 741 107 655 667 654 185 479 729 686 729 248 573 323 510 369 168 344 381 328 521 397 536 577 349 287 0 471 567 687 113 684 542 292 208 289 523 677 629 458 219 433 169 367 500 577 53 334 681 591 440 793 324 629 69 707 328 340 296 676
310 198 633 554 818 920 79 476 229 87 703 467 331 150 294 613 302 191 97 310 726 791 737 341 318 339 386 205 436 590 472 385 696 739 270 436 341 473 781 398 797 397 415 897 338 465 607 335 365 369 442 705 583 685 675 270 434 732 311 143 848 739 498 838 760 435 471 0 346 953 533 387 286 536 526 747 129 363 181 659 689 802 538 379 410 797 440 189 235 170 621 467 414 168 438 582 728 707 265 266
197 358 930 897 802 1175 278 745 564 364 906 794 20 401 504 958 642 514 425 619 1000 916 1032 686 293 314 125 526 778 780 711 333 985 721 567 774 413 515 955 718 1075 728 577 1156 677 810 749 95 690 708 783 722 902 871 953 575 429 661 618 375 1062 940 822 1086 914 339 567 346 0 1203 560 729 631 432 483 758 472 132 296 922 741 989 708 673 738 1061 516 272 520 246 889 798 686 330 503 925 890 891 536 580
1028 1133 361 648 817 40 1026 477 759 882 321 567 1199 825 700 720 876 770 957 653 238 470 286 757 935 924 1296 757 839 442 494 934 293 817 1020 639 810 770 342 973 189 927 635 65 879 712 519 1129 948 872 850 745 468 372 290 687 855 924 651 847 188 298 539 117 406 973 687 953 1203 0 767 846 779 972 882 755 904 1282 1133 294 673 294 519 578 612 162 738 931 1038 1121 333 927 539 1113 755 637 399 360 691 982
364 715 641 800 285 753 556 458 549 451 446 637 567 401 305 896 733 498 614 494 640 374 717 679 273 250 682 497 820 335 381 227 662 208 779 674 193 60 450 860 709 838 219 741 763 762 249 467 822 785 831 175 686 396 614 472 131 234 488 397 591 471 648 663 395 237 113 533 560 767 0 785 642 206 115 216 604 682 674 559 180 494 263 479 611 671 103 369 757 630 544 892 436 680 99 819 383 410 398 760
684 438 486 239 1051 807 451 454 237 408 720 283 713 420 479 252 88 293 305 305 611 892 568 114 663 677 746 291 49 658 510 721 554 984 224 208 625 730 824 126 659 81 585 782 58 145 731 722 105 31 55 929 381 732 562 316 733 1015 311 439 819 751 308 752 833 778 684 387 729 846 785 0 142 864 825 969 258 720 479 583 885 822 650 357 250 687 682 546 266 507 547 109 419 443 689 265 796 750 388 188
560 395 423 270 910 741 360 342 95 284 610 221 616 285 337 328 109 153 227 172 540 766 519 55 529 542 667 149 181 534 386 585 492 843 242 166 484 588 710 235 599 202 444 716 129 179 599 610 199 145 191 788 339 614 488 175 592 872 177 306 724 643 253 674 712 642 542 286 631 779 642 142 0 725 684 828 168 643 419 496 746 714 518 235 169 617 540 420 262 434 457 250 296 388 546 299 675 634 246 203
264 681 817 929 375 956 529 623 630 473 650 775 445 445 413 1018 796 572 630 608 832 572 901 772 217 197 557 576 906 535 553 151 846 297 804 796 246 206 655 915 903 902 378 943 831 874 454 340 878 857 916 316 844 601 800 576 143 229 604 430 797 676 792 865 599 105 292 536 432 972 206 864 725 0 90 345 639 564 628 749 358 700 459 616 738 869 249 346 771 576 730 965 588 645 233 951 589 615 502 795
296 690 738 870 322 867 533 548 588 454 561 712 493 415 356 962 763 532 616 553 747 484 819 726 222 198 608 534 864 447 475 159 764 239 788 739 201 123 565 887 818 870 302 854 796 821 364 388 849 821 875 242 772 511 718 524 94 206 548 404 706 586 726 776 509 144 208 526 483 882 115 825 684 90 0 276 617 611 642 665 274 610 372 551 678 782 171 343 759 593 647 929 517 654 157 890 498 525 448 774
567 931 732 947 85 751 772 580 739 664 459 781 767 610 497 1045 926 693 825 666 693 290 785 858 483 459 883 690 999 394 502 428 733 66 986 831 408 275 412 1055 750 1029 384 746 954 925 287 663 1018 973 1011 42 802 406 682 653 338 181 661 608 567 469 785 670 349 420 289 747 758 755 216 969 828 345 276 0 810 885 889 623 96 460 352 633 767 701 308 585 966 845 621 1078 579 896 309 961 359 410 583 965
433 236 562 438 887 868 196 435 145 166 688 375 457 204 320 489 174 143 59 252 669 808 663 221 426 444 500 154 307 589 453 490 629 811 176 331 420 544 778 277 734 271 445 844 209 344 628 464 242 240 313 768 494 680 616 223 523 819 255 213 822 724 407 792 767 544 523 129 472 904 604 258 168 639 617 810 0 475 253 611 741 791 551 327 318 743 504 301 161 266 572 340 376 223 505 466 732 701 256 158
318 300 987 913 932 1253 285 813 592 409 999 830 119 460 584 963 632 551 420 666 1068 1028 1090 697 410 432 28 564 768 874 789 457 1046 850 529 799 521 633 1056 686 1142 703 673 1232 664 819 855 224 663 695 771 848 944 968 1020 623 551 793 666 437 1153 1034 861 1165 1019 469 677 363 132 1282 682 720 643 564 611 885 475 0 246 995 862 1087 806 729 773 1134 628 357 480 212 959 773 751 283 617 941 993 989 597 550
368 62 806 686 953 1099 122 656 390 263 884 626 277 326 470 726 391 365 193 484 904 962 908 470 419 444 274 378 526 769 653 485 870 872 283 583 483 615 960 439 973 457 586 1076 422 589 779 336 417 452 528 848 745 864 852 447 557 845 485 313 1030 920 658 1018 936 523 629 181 296 1133 674 479 419 628 642 889 253 246 0 839 842 982 714 556 569 976 591 305 234 54 800 527 594 37 585 714 904 886 447 304
758 840 130 427 702 261 733 183 467 591 187 301 917 535 419 518 599 476 664 360 83 402 163 482 672 664 1010 463 584 232 214 682 110 672 736 376 551 543 288 707 157 663 379 238 606 464 338 855 678 605 596 598 238 229 60 393 616 761 357 558 238 203 280 181 327 728 458 659 922 294 559 583 496 749 665 623 611 995 839 0 528 266 296 285 335 140 501 650 750 828 39 675 246 819 518 427 296 236 399 699
545 879 636 854 179 667 722 486 659 603 369 689 747 545 422 953 847 617 760 581 600 224 690 774 453 430 863 613 914 299 408 408 638 147 916 740 359 231 332 976 658 948 303 660 874 836 192 647 939 891 926 73 707 315 587 571 312 251 575 547 486 381 691 583 270 413 219 689 741 673 180 885 746 358 274 96 741 862 842 528 0 381 258 544 676 610 251 540 899 801 525 995 488 844 257 868 274 321 504 892
800 998 395 690 524 293 864 372 660 720 104 551 989 656 514 784 822 648 835 551 298 178 397 713 703 687 1096 637 832 215 339 688 359 523 942 624 578 508 48 941 328 900 414 291 836 718 250 906 908 840 844 452 504 119 317 570 599 631 546 672 107 71 536 221 112 718 433 802 989 294 494 822 714 700 610 460 791 1087 982 266 381 0 282 480 572 271 486 730 946 958 292 922 421 970 502 692 111 98 542 908
521 736 388 597 436 500 593 229 441 452 202 433 708 388 244 697 624 412 586 346 377 257 456 536 425 411 815 404 673 77 152 417 401 391 718 488 299 254 251 752 446 719 133 485 647 585 82 626 716 660 685 320 451 164 352 348 336 469 341 401 358 234 434 408 222 454 169 538 708 519 263 650 518 459 372 352 551 806 714 296 258 282 0 296 425 409 219 449 712 686 284 758 237 706 236 610 191 183 296 689
537 555 258 321 718 544 455 110 185 319 376 160 665 273 207 417 344 192 379 75 348 535 362 244 470 471 747 179 378 302 153 504 318 660 464 198 375 435 474 467 418 430 261 521 361 292 377 620 433 370 390 596 238 379 296 110 473 712 73 298 498 409 176 466 478 559 367 379 673 578 479 357 235 616 551 633 327 729 556 285 544 480 296 0 134 420 384 408 472 549 246 464 62 535 397 340 441 398 139 429
628 553 254 192 851 573 489 210 182 375 471 58 727 347 324 285 266 224 377 132 373 652 350 147 573 579 794 212 260 420 276 616 323 794 409 64 493 565 576 372 431 330 394 549 271 160 505 699 343 271 273 730 176 486 322 172 595 844 136 372 570 502 89 510 589 673 500 410 738 612 611 250 169 738 678 767 318 773 569 335 676 572 425 134 0 450 514 491 431 574 298 350 189 541 525 213 552 503 239 371
894 974 202 498 773 125 871 322 598 730 242 406 1056 675 557 578 715 612 798 493 77 442 147 596 806 797 1150 598 682 336 351 813 136 757 858 479 683 663 311 813 58 768 509 101 718 556 432 992 787 712 693 682 312 295 128 529 741 855 491 697 191 235 379 73 367 856 577 797 1061 162 671 687 617 869 782 701 743 1134 976 140 610 271 409 420 450 0 624 789 876 966 176 771 385 955 641 491 346 291 538 820
321 628 568 705 383 718 471 376 446 356 419 544 520 302 203 799 630 395 517 394 584 400 652 577 223 204 633 394 718 296 304 201 597 308 679 576 111 51 447 758 656 735 131 704 660 663 238 427 720 682 729 266 601 375 551 370 117 334 388 300 573 449 557 627 401 235 53 440 516 738 103 682 540 249 171 308 504 628 591 501 251 486 219 384 514 624 0 291 659 551 481 789 347 594 17 724 381 392 295 660
141 349 662 667 649 904 190 474 334 139 642 542 268 144 232 742 469 276 285 363 728 680 763 473 129 150 368 286 592 517 439 196 714 568 459 536 181 311 700 578 803 571 317 884 505 591 502 212 543 534 601 544 643 611 682 320 254 549 360 119 797 677 568 814 666 246 334 189 272 931 369 546 420 346 343 585 301 357 305 650 540 730 449 408 491 789 291 0 424 261 617 638 415 313 283 693 638 632 269 452
537 182 684 497 1041 1001 259 582 287 307 842 483 501 356 481 518 188 301 144 398 800 969 780 296 553 574 508 311 309 748 608 620 753 964 50 422 568 697 935 206 860 228 606 976 209 398 789 539 187 236 308 924 599 837 747 376 666 964 401 360 970 877 514 930 926 670 681 235 520 1038 757 266 262 771 759 966 161 480 234 750 899 946 712 472 431 876 659 424 0 276 711 296 527 197 659 524 890 858 416 78
315 115 803 704 908 1089 96 645 393 241 862 632 227 303 444 751 419 361 209 480 896 930 907 487 371 395 238 374 556 744 635 435 866 825 325 594 442 572 934 479 967 493 556 1066 451 609 748 282 454 483 559 805 749 840 845 440 511 796 480 286 1011 898 663 1005 907 471 591 170 246 1121 630 507 434 576 593 845 266 212 54 828 801 958 686 549 574 966 551 261 276 0 790 564 582 84 544 732 877 861 431 341
728 801 114 399 701 299 696 146 428 554 204 266 883 499 387 492 561 437 625 321 111 416 173 445 643 637 975 424 550 227 185 657 118 668 697 341 524 524 308 670 186 627 355 276 569 431 334 823 641 568 562 594 213 240 71 355 594 752 318 522 273 225 247 220 342 704 440 621 889 333 544 547 457 730 647 621 572 959 800 39 525 292 284 246 298 176 481 617 711 790 0 641 209 780 497 401 308 250 362 660
773 478 570 289 1160 887 522 558 344 500 822 374 781 519 587 262 170 397 376 415 696 998 643 222 759 774 800 396 91 765 617 819 635 1093 247 300 728 837 926 93 738 71 694 862 134 215 840 801 110 108 79 1038 459 836 650 425 836 1121 420 536 913 852 396 838 938 875 793 467 798 927 892 109 250 965 929 1078 340 773 527 675 995 922 758 464 350 771 789 638 296 564 641 0 526 490 796 308 900 853 496 223
536 598 248 368 664 507 487 63 239 345 317 203 679 291 194 467 405 235 425 130 317 473 348 306 460 459 767 223 439 240 91 487 299 609 522 252 354 397 414 529 391 492 218 484 423 349 317 626 495 432 451 543 256 318 269 153 445 667 126 315 446 351 212 424 416 540 324 414 686 539 436 419 296 588 517 579 376 751 594 246 488 421 237 62 189 385 347 415 527 582 209 526 0 575 361 385 379 338 154 487
388 36 781 653 962 1079 123 637 364 254 871 598 310 318 462 691 356 343 164 462 882 957 883 437 433 457 311 356 490 759 638 500 847 881 246 552 488 621 950 402 950 421 581 1055 386 556 774 365 380 416 492 854 717 854 830 426 567 859 463 307 1015 907 630 999 928 540 629 168 330 1113 680 443 388 645 654 896 223 283 37 819 844 970 706 535 541 955 594 313 197 84 780 490 575 0 589 681 896 875 431 267
307 624 584 717 382 736 466 392 452 355 436 557 507 303 211 810 635 400 516 403 601 413 668 585 210 190 620 400 725 313 320 185 613 306 681 587 103 41 463 762 673 740 146 721 666 673 254 413 724 688 736 267 616 392 568 379 100 326 398 299 590 466 570 644 416 218 69 438 503 755 99 689 546 233 157 309 505 617 585 518 257 502 236 397 525 641 17 283 659 544 497 796 361 589 0 737 396 409 303 662
833 684 302 28 1045 598 658 382 363 567 603 182 911 550 538 92 336 418 524 345 423 807 351 245 784 790 965 407 234 587 459 828 357 993 486 158 706 775 708 378 449 333 600 573 317 127 685 896 367 296 242 926 189 632 385 382 808 1051 349 574 658 625 176 563 737 885 707 582 925 637 819 265 299 951 890 961 466 941 714 427 868 692 610 340 213 491 724 693 524 732 401 308 385 681 737 0 701 645 452 448
698 925 422 695 428 393 784 342 610 642 110 542 892 578 434 792 784 589 770 505 351 108 449 683 601 584 1001 580 811 143 289 581 403 419 892 609 477 399 67 908 399 871 323 387 802 707 143 805 874 810 824 346 518 69 354 517 491 524 500 592 214 111 532 311 38 609 328 728 890 399 383 796 675 589 498 359 732 993 904 296 274 111 191 441 552 346 381 638 890 877 308 900 379 896 396 701 0 59 477 860
703 903 363 640 482 349 767 295 573 623 51 490 891 560 417 736 743 558 742 466 293 166 390 638 606 591 998 547 763 117 251 594 343 467 857 559 481 418 77 865 343 826 315 341 759 655 161 809 831 766 776 393 461 21 294 482 507 569 462 575 182 62 479 263 92 626 340 707 891 360 410 750 634 615 525 410 701 989 886 236 321 98 183 398 503 291 392 632 858 861 250 853 338 875 409 645 59 0 449 823
399 457 395 429 665 659 336 216 155 192 441 284 528 137 93 517 343 116 294 107 471 553 497 282 336 340 614 110 422 335 207 377 450 597 423 295 256 344 525 473 544 445 201 637 371 373 374 481 435 390 434 543 376 427 422 75 361 629 103 162 583 477 306 575 512 434 296 265 536 691 398 388 246 502 448 583 256 597 447 399 504 542 296 139 239 538 295 269 416 431 362 496 154 431 303 452 477 449 0 395
576 256 624 422 1042 944 308 539 250 322 804 420 561 361 470 440 114 278 169 358 743 944 718 229 580 598 577 285 231 717 573 645 694 968 39 355 577 701 900 139 801 154 592 919 132 323 768 590 113 158 231 923 534 803 691 344 680 976 362 370 925 838 451 877 897 697 676 266 580 982 760 188 203 795 774 965 158 550 304 699 892 908 689 429 371 820 660 452 78 341 660 223 487 267 662 448 860 823 395 0
