# TTSP Euclidean complete-graph matrix instance
# seed: 2014
# depot: 1
# L_max is not stored in this file; pass it with --budget when running algorithms.
# coordinate rows: node x y
# coord 1 315.353174 398.558767
# coord 2 916.022929 940.174440
# coord 3 427.125584 691.678125
# coord 4 22.953224 400.981347
# coord 5 125.487014 677.475658
# coord 6 973.500547 444.675425
# coord 7 471.608976 258.148089
# coord 8 92.476116 243.229468
# coord 9 227.009242 260.238280
# coord 10 420.236442 769.118930
# coord 11 680.488902 79.989226
# coord 12 753.641864 644.558089
# coord 13 688.812360 479.708833
# coord 14 383.605000 275.971037
# coord 15 837.447770 637.952865
# coord 16 945.950910 511.873163
# coord 17 197.934681 108.980148
# coord 18 547.481259 245.234465
# coord 19 630.611951 336.569961
# coord 20 148.760480 157.740147
# coord 21 207.804421 356.340797
# coord 22 66.831470 817.139657
# coord 23 680.773319 702.623908
# coord 24 878.661342 76.741055
# coord 25 793.765339 194.346305
# coord 26 166.701558 870.715319
# coord 27 833.016665 827.786920
# coord 28 985.455342 393.811037
# coord 29 41.416740 918.311785
# coord 30 229.792263 555.929768
# coord 31 473.731750 386.813315
# coord 32 808.172945 977.568689
# coord 33 112.450339 364.343318
# coord 34 36.095708 682.417147
# coord 35 154.140810 357.581789
# coord 36 466.622269 905.151992
# coord 37 973.650347 879.167121
# coord 38 638.082038 18.230859
# coord 39 304.865417 703.270322
# coord 40 966.597897 771.921369
# coord 41 86.522983 51.854591
# coord 42 370.845206 762.777544
# coord 43 836.008062 431.338372
# coord 44 144.062605 109.946990
# coord 45 374.502802 69.111507
# coord 46 659.909116 724.394501
# coord 47 912.194201 68.096334
# coord 48 285.793434 216.607489
# coord 49 895.612762 506.254087
# coord 50 560.769452 131.494107
# coord 51 251.527020 677.327437
# coord 52 181.126669 38.246902
# coord 53 278.976264 273.288759
# coord 54 141.735838 876.981927
# coord 55 640.469624 921.476118
# coord 56 239.359069 307.736384
# coord 57 118.707940 400.927309
# coord 58 340.965970 7.947815
# coord 59 675.904775 345.282784
# coord 60 973.705648 757.968884
# coord 61 992.459383 703.277994
# coord 62 148.230744 17.171733
# coord 63 866.019603 797.278599
# coord 64 436.006219 867.821677
# coord 65 822.924357 267.868499
# coord 66 971.432353 828.328088
# coord 67 314.615447 94.728356
# coord 68 599.618318 455.040380
# coord 69 727.629223 302.304539
# coord 70 370.080682 762.088546
# coord 71 209.307204 484.829605
# coord 72 139.876208 525.568073
# coord 73 693.029016 779.668155
# coord 74 530.119926 579.103966
# coord 75 959.527153 210.739409
# coord 76 862.414803 209.954999
# coord 77 226.224564 928.491841
# coord 78 302.491068 44.464161
# coord 79 391.394550 278.044167
# coord 80 864.388004 742.817173
# coord 81 901.751336 439.020945
# coord 82 554.598826 573.747761
# coord 83 888.830205 1.097086
# coord 84 116.829613 372.279993
# coord 85 921.781042 550.961974
# coord 86 961.601089 44.852537
# coord 87 581.303136 683.469621
# coord 88 606.846856 321.221504
# coord 89 799.980781 593.070415
# coord 90 853.992770 989.225797
# coord 91 967.237454 719.769973
# coord 92 923.206798 525.325130
# coord 93 763.137263 506.795821
# coord 94 245.289321 498.789135
# coord 95 432.491880 582.411834
# coord 96 108.333246 660.704650
# coord 97 429.184023 973.174953
# coord 98 27.406151 701.339135
# coord 99 274.769973 308.817907
# coord 100 387.109586 219.431798
# reference_nearest_neighbor_tour_cost: 10370
TTSP_MATRIX
100
0 46 57 96 61 39 14 29 63 93 65 79 62 50 69 48 10 21 51 92 28 78 6 43 75 19 41 36 31 72 1 75 100 13 81 32 92 86 54 58 41 71 10 79 63 92 99 43 71 46 22 77 68 29 35 71 76 48 54 100 40 45 1 18 33 95 34 92 46 99 74 47 88 26 86 74 49 82 88 89 53 80 25 22 25 2 97 64 97 49 78 79 84 67 97 25 42 65 97 17
0 809 314 292 337 660 210 272 164 385 485 503 382 140 574 641 312 278 321 293 116 487 475 649 520 495 672 670 588 179 159 760 206 398 166 529 815 499 305 751 415 368 522 336 335 474 682 184 590 363 286 385 130 509 616 118 197 391 364 750 743 416 680 485 524 784 304 290 423 368 137 217 537 281 671 579 537 354 142 648 588 297 698 200 625 737 390 302 522 799 727 621 461 122 218 334 586 418 98 193
809 0 548 1043 833 499 814 1079 968 524 892 337 513 851 312 429 1098 787 668 1096 918 858 334 864 756 753 140 551 875 786 708 114 989 917 959 451 84 963 655 176 1215 573 515 1134 1026 335 872 960 434 883 715 1163 922 777 276 926 963 1095 642 191 249 1201 151 485 679 125 1038 579 665 574 841 880 275 528 731 732 690 1086 845 204 501 515 939 980 389 896 422 692 366 79 226 415 460 803 601 855 488 920 900 894
314 548 0 498 302 600 436 560 476 78 662 330 337 418 414 549 626 462 409 602 401 382 254 763 618 316 428 633 447 240 308 476 454 391 431 217 578 706 123 545 725 91 485 647 625 235 790 496 504 576 176 698 444 340 314 427 424 689 426 551 565 730 451 176 580 561 607 293 492 91 300 332 280 153 717 649 311 659 415 440 538 174 831 445 514 839 154 412 386 520 541 523 384 265 109 320 282 400 412 474
292 1043 498 0 295 952 471 172 248 542 732 770 670 382 848 930 340 547 611 274 190 418 724 915 798 491 916 963 518 258 451 974 97 282 138 672 1064 724 413 1014 355 502 814 315 483 714 950 321 879 602 359 396 286 491 808 236 96 506 655 1016 1016 404 932 623 811 1040 423 579 712 501 204 171 770 538 956 861 565 453 388 908 880 559 954 98 911 1004 626 589 800 1018 997 909 748 243 448 273 702 300 268 407
337 833 302 295 0 879 544 435 429 309 815 629 597 477 713 837 573 604 609 520 332 151 556 963 825 198 723 906 255 160 454 746 313 90 321 410 872 835 181 846 627 260 752 568 657 536 995 488 789 698 126 642 432 200 570 387 277 703 643 852 867 661 750 364 809 859 613 524 709 259 210 153 577 416 956 873 270 657 480 742 812 441 1020 305 806 1048 456 599 680 792 843 812 660 215 321 24 424 101 398 527
660 499 600 952 879 0 535 904 769 641 468 297 287 614 236 73 845 470 360 873 771 980 390 380 308 912 408 52 1046 752 503 558 865 967 824 685 434 543 717 327 970 681 138 894 707 420 382 725 99 518 759 891 715 937 582 747 856 769 314 313 259 929 369 684 232 384 746 374 284 682 765 838 437 463 234 260 890 781 605 317 72 438 452 860 118 400 459 387 228 558 275 95 219 730 558 892 759 980 712 628
210 814 436 471 544 535 0 379 245 514 275 478 310 90 527 538 312 77 177 338 281 690 491 446 328 684 675 531 788 384 129 794 375 608 333 647 799 292 475 713 437 515 403 360 213 503 480 190 491 155 473 364 193 701 684 237 381 282 222 708 685 403 668 611 351 758 227 235 260 514 347 426 567 326 490 394 714 273 83 624 467 326 490 373 537 534 439 149 469 825 677 525 383 330 327 542 716 627 203 93
272 1079 560 172 435 904 379 0 136 620 610 773 642 293 843 895 171 455 546 102 162 574 746 804 703 632 943 906 677 342 407 1025 123 443 130 760 1087 590 507 1022 191 589 767 143 331 744 838 195 845 481 462 223 189 636 872 160 160 342 592 1021 1011 233 951 713 731 1056 267 550 638 588 268 286 805 552 868 771 698 289 301 919 833 568 832 131 885 891 658 520 789 1066 996 877 721 298 480 418 804 463 194 296
164 968 476 248 429 769 245 136 0 544 488 652 511 157 718 762 154 321 411 129 98 579 634 677 571 613 830 770 684 296 277 923 155 463 122 688 970 477 450 899 251 523 633 172 241 635 712 73 712 358 418 227 54 623 780 49 178 277 457 897 884 256 835 643 596 936 187 420 502 522 225 279 698 440 734 637 668 229 165 799 698 453 711 157 753 766 552 385 663 962 871 745 590 239 382 418 741 484 68 165
385 524 78 542 309 641 514 620 544 0 737 356 395 495 437 585 697 539 481 669 464 357 269 830 685 273 417 678 407 286 386 440 509 394 490 144 564 782 133 546 791 50 536 715 701 244 856 569 543 653 192 769 516 299 268 496 476 765 495 554 576 800 447 100 643 554 683 362 559 51 354 371 273 219 776 713 251 734 492 445 584 237 900 500 547 904 182 485 419 486 549 559 432 322 187 330 204 399 483 551
485 892 662 732 815 468 275 610 488 737 0 569 400 356 580 507 483 212 261 537 548 959 623 198 161 943 763 438 1054 655 370 907 635 882 595 852 851 75 728 749 595 750 384 537 306 645 232 418 477 130 735 501 446 962 842 496 647 347 265 739 697 536 741 825 236 803 366 384 227 749 621 701 700 521 308 224 962 380 350 688 422 510 223 635 529 283 612 252 527 926 701 507 435 604 560 815 928 901 466 325
503 337 330 770 629 297 478 773 652 356 569 0 177 522 84 234 772 449 332 776 617 708 93 581 452 629 200 341 763 531 381 337 700 719 665 388 322 637 453 248 892 401 229 811 689 123 598 634 198 548 503 834 603 655 299 615 680 759 309 248 246 872 190 388 383 285 704 244 343 401 567 625 148 233 480 448 599 751 515 148 253 211 658 693 192 635 177 355 69 359 226 207 138 529 327 646 462 728 585 561
382 513 337 670 597 287 310 642 511 395 400 177 0 367 217 259 615 274 155 629 497 708 223 445 304 652 377 309 782 465 234 512 588 683 548 480 491 464 444 403 739 426 155 658 517 246 468 481 208 371 480 673 459 676 444 481 576 586 135 398 377 711 364 463 251 449 537 93 182 426 480 551 300 187 382 321 645 582 359 316 217 164 519 582 244 513 230 178 159 536 368 239 79 444 276 608 558 698 448 398
140 851 418 382 477 614 90 293 157 495 356 522 367 0 581 610 250 167 254 263 193 627 520 534 418 633 712 613 728 319 143 820 285 535 244 635 844 362 434 765 372 487 478 291 207 527 568 114 561 229 423 312 105 648 695 148 293 271 300 762 744 350 710 594 439 807 194 281 345 486 272 349 591 337 580 483 671 245 8 670 543 343 575 284 604 622 453 228 523 854 733 594 444 262 310 473 699 555 114 57
574 312 414 848 713 236 527 843 718 437 580 84 217 581 0 166 830 488 366 840 690 791 169 563 446 710 190 286 844 613 442 341 775 803 739 457 277 651 537 186 953 483 207 872 733 197 575 694 144 577 587 889 667 736 345 683 757 802 334 182 168 928 162 463 370 233 754 300 353 484 647 707 202 313 444 429 677 799 573 108 209 290 639 768 121 606 260 392 58 352 153 142 151 608 409 729 528 813 652 615
641 429 549 930 837 73 538 895 762 585 507 234 259 610 166 0 850 479 361 872 754 931 327 440 352 858 335 124 992 718 488 486 846 926 807 620 368 582 669 261 975 627 136 897 723 356 445 723 51 541 714 900 708 883 511 735 835 787 317 248 197 939 296 622 273 317 757 351 303 628 737 806 368 421 301 313 832 795 602 245 85 396 514 841 46 467 403 389 167 486 209 26 183 701 518 851 693 938 701 631
312 1098 626 340 573 845 312 171 154 697 483 772 615 250 830 850 0 375 489 69 248 720 765 681 602 762 959 837 824 448 391 1062 269 596 252 840 1093 449 604 1015 125 676 715 54 181 770 715 139 803 364 571 73 183 770 925 203 303 175 533 1011 992 104 959 795 645 1056 118 530 564 675 376 421 834 576 768 672 820 123 257 920 777 586 699 276 848 766 691 461 773 1098 982 836 691 393 528 559 895 616 214 219
278 787 462 547 604 470 77 455 321 539 212 449 274 167 488 479 375 0 124 408 357 747 476 372 251 732 649 462 842 444 160 777 451 673 409 665 764 244 518 673 500 547 343 425 247 492 405 263 435 115 524 421 270 751 683 314 456 315 163 667 639 460 637 632 276 721 277 216 189 546 414 495 554 334 413 317 755 317 159 590 404 329 420 449 483 460 440 96 430 805 634 469 339 394 356 605 737 692 280 162
321 668 409 611 609 360 177 546 411 481 261 332 155 254 366 361 489 124 0 514 423 741 369 359 216 707 531 359 828 457 165 665 519 688 477 592 642 318 490 550 614 499 226 537 370 389 389 365 315 217 510 539 357 729 585 392 516 438 46 543 515 579 517 566 204 598 398 122 103 499 447 526 447 263 352 264 717 439 246 469 290 249 423 515 362 441 350 28 307 690 510 348 216 418 316 615 668 705 357 270
293 1096 602 274 520 873 338 102 129 669 537 776 629 263 840 872 69 408 514 0 207 664 762 734 646 713 958 869 768 406 398 1052 210 537 200 812 1096 509 567 1023 123 645 740 48 243 763 769 149 824 413 530 124 174 719 908 175 245 244 560 1020 1005 141 961 766 683 1061 177 540 597 644 333 368 826 568 812 716 775 191 271 924 804 581 756 217 867 821 681 486 783 1090 993 857 707 354 511 505 862 557 197 246
116 918 401 190 332 771 281 162 98 464 548 617 497 193 690 754 248 357 423 207 0 482 586 727 608 516 783 779 586 201 268 864 96 369 54 607 927 547 360 865 328 438 633 255 332 583 761 160 704 418 324 319 109 525 712 58 100 373 468 865 858 344 792 560 621 898 283 404 523 437 128 182 644 392 766 671 572 326 200 762 699 409 768 92 740 816 497 401 638 904 842 735 575 147 319 320 655 389 82 226
487 858 382 418 151 980 690 574 579 357 959 708 708 627 791 931 720 747 741 664 482 0 625 1099 957 113 766 1011 104 308 592 759 455 138 468 409 909 982 264 901 766 309 861 711 809 600 1129 639 885 845 232 787 584 96 583 538 419 854 770 909 933 804 799 373 935 905 764 644 838 308 362 301 627 521 1079 1001 194 808 629 801 917 545 1158 448 895 1182 532 733 767 806 906 905 762 365 435 162 395 122 549 678
475 334 254 724 556 390 491 746 634 269 623 93 223 520 169 327 765 476 369 762 586 625 0 656 521 541 197 434 675 474 378 303 661 645 630 295 342 686 376 294 881 316 313 800 704 30 675 626 291 584 430 831 588 567 223 592 638 773 357 298 312 868 208 295 457 317 710 261 403 316 519 569 78 195 565 525 508 759 514 188 344 180 732 654 285 715 101 389 162 335 287 300 212 481 276 574 369 653 566 565
649 864 763 915 963 380 446 804 677 830 198 581 445 534 563 440 681 372 359 734 727 1099 656 0 145 1066 752 335 1187 807 510 904 818 1038 777 925 808 248 850 701 793 854 357 735 504 684 35 609 430 323 868 699 631 1088 878 680 826 542 336 688 637 733 721 907 199 757 564 470 271 853 784 864 727 611 157 134 1073 577 527 666 363 593 76 817 476 89 676 366 522 913 649 451 445 761 674 967 1003 1056 647 512
520 756 618 798 825 308 328 703 571 685 161 452 304 418 446 352 602 251 216 646 608 957 521 145 0 922 635 277 1044 670 373 783 702 901 660 782 708 235 706 603 721 709 241 655 438 547 173 508 328 241 726 632 521 944 743 566 706 490 192 592 546 669 607 763 79 658 489 325 127 708 653 733 594 466 167 70 928 514 411 553 267 448 215 700 379 225 533 226 399 797 553 355 314 627 530 829 860 919 531 407
495 753 316 491 198 912 684 632 613 273 943 629 652 633 710 858 762 732 707 713 516 113 541 1066 922 0 668 948 134 321 573 650 509 229 513 302 807 974 217 806 823 231 801 761 828 514 1095 665 815 838 211 833 608 26 476 568 472 880 732 815 843 854 703 269 891 806 790 600 799 231 388 346 534 466 1032 959 83 837 634 709 852 489 1130 501 820 1146 455 704 691 697 815 832 699 380 392 218 282 219 572 688
672 140 428 916 723 408 675 943 830 417 763 200 377 712 190 335 959 649 531 958 783 766 197 752 635 668 0 460 797 662 569 152 857 810 826 374 150 833 543 145 1077 467 396 995 886 202 764 820 328 748 601 1024 784 693 214 789 832 956 507 157 202 1061 45 399 560 138 898 440 536 468 712 756 148 392 630 619 615 946 705 91 395 377 829 849 291 793 290 555 237 163 172 316 329 674 470 744 429 815 762 754
670 551 633 963 906 52 531 906 770 678 438 341 309 613 286 124 837 462 359 869 779 1011 434 335 277 948 460 0 1080 773 512 610 874 992 832 728 485 512 748 379 962 717 154 888 692 464 334 722 144 499 787 879 717 972 630 751 867 751 313 364 310 918 421 726 206 435 734 391 274 717 781 856 484 492 185 221 929 767 605 369 95 467 404 869 170 350 497 386 272 610 326 146 249 748 584 917 803 1006 716 623
588 875 447 518 255 1046 788 677 684 407 1054 763 782 728 844 992 824 842 828 768 586 104 675 1187 1044 134 797 1080 0 408 685 769 559 236 572 425 933 1080 340 937 868 364 932 815 912 648 1217 743 948 943 320 891 687 108 599 642 523 958 855 946 975 907 833 398 1017 934 868 725 922 364 465 405 666 595 1159 1084 185 912 730 841 985 618 1249 551 954 1269 589 822 825 816 947 965 831 466 516 266 392 217 653 780
179 786 240 258 160 752 384 342 296 286 655 531 465 319 613 718 448 444 457 406 201 308 474 807 670 321 662 773 408 0 297 716 225 231 212 422 811 675 165 768 524 250 619 454 508 462 839 344 668 538 123 520 287 333 550 248 191 559 493 771 777 545 680 374 659 790 469 383 559 249 74 95 514 301 807 721 373 517 321 662 682 325 861 216 692 893 374 444 571 760 755 694 536 59 204 160 462 249 251 371
159 708 308 451 454 503 129 407 277 386 370 381 234 143 442 488 391 160 165 398 268 592 378 510 373 573 569 512 685 297 0 679 362 528 321 518 702 404 359 625 512 390 365 431 333 386 542 254 438 270 366 455 225 592 560 247 355 401 206 623 608 493 568 482 369 665 333 143 268 389 282 362 450 200 517 427 596 383 136 529 431 204 567 357 477 596 316 148 386 712 595 470 313 254 200 457 588 546 214 188
760 114 476 974 746 558 794 1025 923 440 907 337 512 820 341 486 1062 777 665 1052 864 759 303 904 783 650 152 610 769 716 679 0 927 827 901 349 193 974 573 260 1174 487 547 1093 1007 293 915 923 479 882 632 1129 881 674 177 879 899 1076 646 275 330 1165 189 388 710 221 1011 563 680 488 776 807 229 486 782 770 584 1061 814 241 547 477 980 919 441 945 371 687 385 47 303 467 473 739 545 768 379 828 855 867
206 989 454 97 313 865 375 123 155 509 635 700 588 285 775 846 269 451 519 210 96 455 661 818 702 509 857 874 559 225 362 927 0 327 42 646 1003 629 390 946 314 475 727 256 395 655 853 228 796 505 342 333 190 513 768 139 37 423 564 947 943 349 869 598 717 976 337 496 618 474 155 164 714 470 861 766 576 372 292 842 793 489 857 9 831 907 567 496 725 970 926 827 666 189 387 296 686 348 172 311
398 917 391 282 90 967 608 443 463 394 882 719 683 535 803 926 596 673 688 537 369 138 645 1038 901 229 810 992 236 231 528 827 327 0 346 485 958 896 270 935 633 344 838 583 700 625 1070 529 877 761 215 660 476 221 650 426 293 740 723 941 957 675 838 441 889 947 650 608 789 343 263 188 664 505 1037 952 311 691 538 830 899 530 1091 320 895 1124 545 675 769 874 932 901 748 278 409 75 489 21 443 581
166 959 431 138 321 824 333 130 122 490 595 665 548 244 739 807 252 409 477 200 54 468 630 777 660 513 826 832 572 212 321 901 42 346 0 630 971 591 377 912 313 460 686 248 363 625 811 193 756 465 334 320 151 520 745 99 56 396 522 912 907 340 837 583 675 943 308 456 576 459 139 169 685 436 819 723 575 346 250 808 752 455 817 40 792 866 537 454 687 943 890 787 627 168 358 307 674 366 130 271
529 451 217 672 410 685 647 760 688 144 852 388 480 635 457 620 840 665 592 812 607 409 295 925 782 302 374 728 425 422 518 349 646 485 630 0 508 903 259 517 934 172 601 858 841 265 948 712 586 779 313 913 659 326 175 639 613 906 598 528 563 943 414 48 730 511 825 469 657 173 493 501 259 332 852 800 242 876 632 430 638 343 998 637 577 993 250 601 457 396 534 594 497 463 325 434 78 484 626 690
815 84 578 1064 872 434 799 1087 970 564 851 322 491 844 277 368 1093 764 642 1096 927 909 342 808 708 807 150 485 933 811 702 193 1003 958 971 508 0 924 692 107 1213 614 469 1131 1008 350 813 955 381 854 750 1156 922 832 336 930 980 1077 611 121 177 1193 135 538 630 51 1025 565 627 615 860 906 298 535 669 678 749 1071 837 175 446 519 882 996 332 834 438 668 335 163 160 357 428 822 617 892 553 963 902 883
499 963 706 724 835 543 292 590 477 782 75 637 464 362 651 582 449 244 318 509 547 982 686 248 235 974 833 512 1080 675 404 974 629 896 591 903 924 0 762 822 553 791 458 502 268 707 279 404 552 137 764 457 440 992 903 493 645 297 329 812 771 490 812 873 311 876 332 438 298 791 634 711 763 571 375 295 999 337 358 759 497 562 251 630 604 325 668 305 597 995 775 582 504 621 600 833 978 916 465 322
305 655 123 413 181 717 475 507 450 133 728 453 444 434 537 669 604 518 490 567 360 264 376 850 706 217 543 748 340 165 359 573 390 270 377 259 692 762 0 665 687 89 597 615 638 356 879 487 623 626 59 676 431 238 400 401 355 696 516 671 688 704 569 210 677 678 609 385 583 88 238 242 396 257 819 744 239 659 434 561 653 281 913 381 635 930 277 487 507 619 663 643 499 213 176 201 297 277 396 491
751 176 545 1014 846 327 713 1022 899 546 749 248 403 765 186 261 1015 673 550 1023 865 901 294 701 603 806 145 379 937 768 625 260 946 935 912 517 107 822 665 0 1137 596 365 1056 919 310 706 879 275 758 721 1075 849 832 359 863 926 987 516 16 73 1113 104 539 524 57 940 485 527 597 810 863 274 477 561 572 757 985 758 106 339 457 775 939 225 727 395 577 244 245 52 250 334 771 567 865 574 942 833 801
415 1215 725 355 627 970 437 191 251 791 595 892 739 372 953 975 125 500 614 123 328 766 881 793 721 823 1077 962 868 524 512 1174 314 633 313 934 1213 553 687 1137 0 766 840 82 288 884 826 259 928 481 647 96 293 827 1031 298 351 258 658 1134 1116 71 1079 888 767 1177 232 653 688 765 450 477 947 689 887 792 888 216 380 1040 902 701 804 322 973 875 802 586 896 1211 1105 961 815 474 633 609 983 652 319 344
368 573 91 502 260 681 515 589 523 50 750 401 426 487 483 627 676 547 499 645 438 309 316 854 709 231 467 717 364 250 390 487 475 344 460 172 614 791 89 596 766 0 571 691 694 292 881 553 584 659 147 749 498 256 313 474 441 755 517 603 624 778 496 124 670 604 670 383 583 1 321 331 323 243 807 740 220 722 485 494 622 264 921 466 590 930 225 501 461 534 598 601 468 292 191 282 218 349 464 544
522 515 485 814 752 138 403 767 633 536 384 229 155 478 207 136 715 343 226 740 633 861 313 357 241 801 396 154 932 619 365 547 727 838 686 601 469 458 597 365 840 571 0 763 587 342 371 591 96 407 634 764 579 825 528 609 718 651 182 354 314 803 367 592 164 419 621 238 169 571 629 702 377 340 253 223 787 659 470 313 66 315 433 722 147 406 358 254 166 558 317 128 105 595 431 763 678 852 574 496
336 1134 647 315 568 894 360 143 172 715 537 811 658 291 872 897 54 425 537 48 255 711 800 735 655 761 995 888 815 454 431 1093 256 583 248 858 1131 502 615 1056 82 691 763 0 234 802 769 177 850 417 577 81 212 767 951 220 292 222 582 1053 1035 93 997 812 697 1096 171 572 614 690 381 416 866 608 822 725 823 171 299 959 826 619 753 264 894 820 721 509 815 1130 1024 883 735 402 554 552 909 603 238 267
335 1026 625 483 657 707 213 331 241 701 306 689 517 207 733 723 181 247 370 243 332 809 704 504 438 828 886 692 912 508 333 1007 395 700 363 841 1008 268 638 919 288 694 587 234 0 715 538 172 680 196 621 196 225 841 893 274 419 70 409 913 885 232 879 801 490 966 65 447 423 693 447 513 779 533 602 508 872 76 210 833 644 536 519 398 729 588 648 343 675 1038 880 714 585 449 517 649 906 721 260 151
474 335 235 714 536 420 503 744 635 244 645 123 246 527 197 356 770 492 389 763 583 600 30 684 547 514 202 464 648 462 386 293 655 625 625 265 350 707 356 310 884 292 342 802 715 0 703 631 321 601 411 837 590 540 198 592 630 784 379 316 333 873 219 266 485 328 718 276 427 292 510 557 64 195 595 553 479 768 521 205 374 184 759 647 314 744 89 407 192 328 307 330 241 472 268 555 339 633 567 574
682 872 790 950 995 382 480 838 712 856 232 598 468 568 575 445 715 405 389 769 761 1129 675 35 173 1095 764 334 1217 839 542 915 853 1070 811 948 813 279 879 706 826 881 371 769 538 703 0 644 438 357 899 732 666 1117 896 714 860 574 364 693 640 766 731 931 219 763 598 497 298 881 817 898 745 638 150 150 1100 610 562 676 371 619 71 852 483 55 699 397 537 923 654 457 463 794 703 999 1026 1088 681 546
184 960 496 321 488 725 190 195 73 569 418 634 481 114 694 723 139 263 365 149 160 639 626 609 508 665 820 722 743 344 254 923 228 529 193 712 955 404 487 879 259 553 591 177 172 631 644 0 675 288 462 207 57 676 789 102 249 216 411 875 858 242 821 668 540 919 125 394 450 552 279 342 695 437 674 577 714 173 122 782 655 447 640 230 719 697 553 338 637 959 847 708 559 285 394 478 770 549 93 101
590 434 504 879 789 99 491 845 712 543 477 198 208 561 144 51 803 435 315 824 704 885 291 430 328 815 328 144 948 668 438 479 796 877 756 586 381 552 623 275 928 584 96 850 680 321 438 675 0 503 666 854 659 840 487 686 784 746 272 264 220 893 293 585 249 331 712 300 264 584 687 756 340 373 302 298 791 752 553 239 68 348 505 790 52 466 361 343 129 485 225 34 132 650 469 802 660 890 651 584
363 883 576 602 698 518 155 481 358 653 130 548 371 229 577 541 364 115 217 413 418 845 584 323 241 838 748 499 943 538 270 882 505 761 465 779 854 137 626 758 481 659 407 417 196 601 357 288 503 0 627 391 315 855 794 367 518 252 243 750 716 428 732 747 296 809 249 326 239 659 498 577 662 449 407 312 864 273 224 683 459 442 353 505 553 410 552 195 520 906 715 535 426 484 469 696 852 781 337 195
286 715 176 359 126 759 473 462 418 192 735 503 480 423 587 714 571 524 510 530 324 232 430 868 726 211 601 787 320 123 366 632 342 215 334 313 750 764 59 721 647 147 634 577 621 411 899 462 666 627 0 643 405 228 459 370 307 675 539 727 741 668 626 265 703 736 586 413 606 146 197 188 453 295 848 769 252 635 423 616 693 320 929 333 682 951 330 503 555 678 717 689 539 179 204 144 345 225 369 478
385 1163 698 396 642 891 364 223 227 769 501 834 673 312 889 900 73 421 539 124 319 787 831 699 632 833 1024 879 891 520 455 1129 333 660 320 913 1156 457 676 1075 96 749 764 81 196 837 732 207 854 391 643 0 255 840 996 276 368 163 582 1071 1049 39 1022 868 682 1118 145 591 607 748 447 489 901 644 797 703 891 122 319 981 825 653 709 340 901 781 759 511 831 1165 1040 888 747 465 599 627 967 681 286 274
130 922 444 286 432 715 193 189 54 516 446 603 459 105 667 708 183 270 357 174 109 584 588 631 521 608 784 717 687 287 225 881 190 476 151 659 922 440 431 849 293 498 579 212 225 590 666 57 659 315 405 255 0 619 742 52 205 272 403 847 833 288 787 615 544 887 182 369 450 497 223 288 654 396 683 587 657 230 113 750 644 408 668 190 700 720 510 331 611 918 820 692 538 228 345 423 716 497 36 121
509 777 340 491 200 937 701 636 623 299 962 655 676 648 736 883 770 751 729 719 525 96 567 1088 944 26 693 972 108 333 592 674 513 221 520 326 832 992 238 832 827 256 825 767 841 540 1117 676 840 855 228 840 619 0 501 578 477 892 754 840 868 860 729 294 914 831 801 623 821 256 398 351 560 489 1055 982 99 848 649 735 877 512 1151 505 845 1168 480 725 717 721 840 857 723 392 414 219 303 210 584 702
616 276 314 808 570 582 684 872 780 268 842 299 444 695 345 511 925 683 585 908 712 583 223 878 743 476 214 630 599 550 560 177 768 650 745 175 336 903 400 359 1031 313 528 951 893 198 896 789 487 794 459 996 742 501 0 733 737 961 577 371 414 1030 257 211 679 344 889 468 625 314 614 638 151 360 779 745 414 940 690 286 549 358 953 759 465 934 245 601 365 224 384 487 432 579 398 593 218 651 714 746
118 926 427 236 387 747 237 160 49 496 496 615 481 148 683 735 203 314 392 175 58 538 592 680 566 568 789 751 642 248 247 879 139 426 99 639 930 493 401 863 298 474 609 220 274 592 714 102 686 367 370 276 52 578 733 0 152 317 438 861 851 305 795 594 585 898 226 389 488 473 180 239 655 398 727 631 621 271 155 762 675 412 718 138 724 769 508 368 629 918 836 718 560 191 336 377 692 447 35 172
197 963 424 96 277 856 381 160 178 476 647 680 576 293 757 835 303 456 516 245 100 419 638 826 706 472 832 867 523 191 355 899 37 293 56 613 980 645 355 926 351 441 718 292 419 630 860 249 784 518 307 368 205 477 737 152 0 451 560 927 925 385 846 565 717 954 364 484 617 440 123 126 688 448 862 768 538 401 299 820 784 469 868 29 817 915 542 495 708 942 906 814 653 160 362 260 651 314 181 324
391 1095 689 506 703 769 282 342 277 765 347 759 586 271 802 787 175 315 438 244 373 854 773 542 490 880 956 751 958 559 401 1076 423 740 396 906 1077 297 696 987 258 755 651 222 70 784 574 216 746 252 675 163 272 892 961 317 451 0 475 981 953 193 948 865 548 1035 91 517 486 755 495 555 848 602 651 559 928 53 275 902 707 605 548 428 795 622 717 411 744 1107 948 779 654 500 582 693 969 761 308 216
364 642 426 655 643 314 222 592 457 495 265 309 135 300 334 317 533 163 46 560 468 770 357 336 192 732 507 313 855 493 206 646 564 723 522 598 611 329 516 516 658 517 182 582 409 379 364 411 272 243 539 582 403 754 577 438 560 475 0 509 478 621 490 575 166 566 440 134 67 517 487 566 435 276 314 230 736 480 292 440 245 259 405 560 321 415 351 73 277 668 474 306 184 457 340 649 675 740 403 315
750 191 551 1016 852 313 708 1021 897 554 739 248 398 762 182 248 1011 667 543 1020 865 909 298 688 592 815 157 364 946 771 623 275 947 941 912 528 121 812 671 16 1134 603 354 1053 913 316 693 875 264 750 727 1071 847 840 371 861 927 981 509 0 58 1109 115 549 513 70 935 481 518 604 812 866 282 478 547 559 767 980 755 110 327 458 762 940 213 713 399 570 240 260 39 238 328 773 569 871 586 948 831 796
743 249 565 1016 867 259 685 1011 884 576 697 246 377 744 168 197 992 639 515 1005 858 933 312 637 546 843 202 310 975 777 608 330 943 957 907 563 177 771 688 73 1116 624 314 1035 885 333 640 858 220 716 741 1049 833 868 414 851 925 953 478 58 0 1088 158 580 467 127 911 465 481 625 813 871 309 479 494 510 799 954 736 134 279 457 710 936 168 659 412 543 222 318 30 191 302 775 573 885 625 965 819 775
416 1201 730 404 661 929 403 233 256 800 536 872 711 350 928 939 104 460 579 141 344 804 868 733 669 854 1061 918 907 545 493 1165 349 675 340 943 1193 490 704 1113 71 778 803 93 232 873 766 242 893 428 668 39 288 860 1030 305 385 193 621 1109 1088 0 1060 898 720 1156 184 629 646 777 472 508 937 679 834 740 915 157 357 1020 864 689 741 356 940 814 795 550 870 1201 1079 927 786 491 633 645 996 695 318 313
680 151 451 932 750 369 668 951 835 447 741 190 364 710 162 296 959 637 517 961 792 799 208 721 607 703 45 421 833 680 568 189 869 838 837 414 135 812 569 104 1079 496 367 997 879 219 731 821 293 732 626 1022 787 729 257 795 846 948 490 115 158 1060 0 436 531 110 893 434 514 497 727 775 174 401 594 587 653 940 703 54 360 383 797 861 253 758 307 542 215 192 127 278 308 689 484 770 471 844 767 751
485 485 176 623 364 684 611 713 643 100 825 388 463 594 463 622 795 632 566 766 560 373 295 907 763 269 399 726 398 374 482 388 598 441 583 48 538 873 210 539 888 124 592 812 801 266 931 668 585 747 265 868 615 294 211 594 565 865 575 549 580 898 436 0 714 537 783 444 636 125 445 453 272 304 840 784 218 834 591 446 633 317 978 589 580 976 235 573 456 435 551 596 487 415 285 388 106 441 582 650
524 679 580 811 809 232 351 731 596 643 236 383 251 439 370 273 645 276 204 683 621 935 457 199 79 891 560 206 1017 659 369 710 717 889 675 730 630 311 677 524 767 670 164 697 490 485 219 540 249 296 703 682 544 914 679 585 717 548 166 513 467 720 531 714 0 580 537 291 101 670 651 730 528 427 148 70 890 566 432 477 188 407 275 714 300 263 481 223 326 722 474 276 246 622 501 815 808 906 550 438
784 125 561 1040 859 384 758 1056 936 554 803 285 449 807 233 317 1056 721 598 1061 898 905 317 757 658 806 138 435 934 790 665 221 976 947 943 511 51 876 678 57 1177 604 419 1096 966 328 763 919 331 809 736 1118 887 831 344 898 954 1035 566 70 127 1156 110 537 580 0 985 527 580 605 836 885 283 507 618 628 752 1030 800 137 395 488 831 969 282 784 416 625 291 199 109 307 383 797 592 879 561 953 869 844
304 1038 607 423 613 746 227 267 187 683 366 704 537 194 754 757 118 277 398 177 283 764 710 564 489 790 898 734 868 469 333 1011 337 650 308 825 1025 332 609 940 232 670 621 171 65 718 598 125 712 249 586 145 182 801 889 226 364 91 440 935 911 184 893 783 537 985 0 459 462 670 404 465 783 530 655 560 838 52 199 850 681 536 582 341 759 649 646 370 696 1045 904 746 609 410 502 602 886 671 218 144
290 579 293 579 524 374 235 550 420 362 384 244 93 281 300 351 530 216 122 540 404 644 261 470 325 600 440 391 725 383 143 563 496 608 456 469 565 438 385 485 653 383 238 572 447 276 497 394 300 326 413 591 369 623 468 389 484 517 134 481 465 629 434 444 291 527 459 0 199 383 391 465 338 142 435 359 603 507 273 391 303 127 538 490 336 547 229 134 243 592 453 331 172 357 210 533 545 623 356 317
423 665 492 712 709 284 260 638 502 559 227 343 182 345 353 303 564 189 103 597 523 838 403 271 127 799 536 274 922 559 268 680 618 789 576 657 627 298 583 527 688 583 169 614 423 427 298 450 264 239 606 607 450 821 625 488 617 486 67 518 481 646 514 636 101 580 462 199 0 582 550 629 479 340 249 163 802 497 337 461 221 322 342 615 315 348 408 122 300 698 481 297 208 521 407 716 734 806 453 350
368 574 91 501 259 682 514 588 522 51 749 401 426 486 484 628 675 546 499 644 437 308 316 853 708 231 468 717 364 249 389 488 474 343 459 173 615 791 88 597 765 1 571 690 693 292 881 552 584 659 146 748 497 256 314 473 440 755 517 604 625 777 497 125 670 605 670 383 582 0 321 330 323 243 807 740 220 721 485 495 622 264 921 465 591 930 225 500 462 535 599 602 469 291 190 281 219 348 463 543
137 841 300 204 210 765 347 268 225 354 621 567 480 272 647 737 376 414 447 333 128 362 519 784 653 388 712 781 465 74 282 776 155 263 139 493 860 634 238 810 450 321 629 381 447 510 817 279 687 498 197 447 223 398 614 180 123 495 487 812 813 472 727 445 651 836 404 391 550 321 0 81 566 334 799 709 444 450 276 704 694 357 834 146 716 872 422 430 601 819 794 715 554 39 244 203 536 283 188 319
217 880 332 171 153 838 426 286 279 371 701 625 551 349 707 806 421 495 526 368 182 301 569 864 733 346 756 856 405 95 362 807 164 188 169 501 906 711 242 863 477 331 702 416 513 557 898 342 756 577 188 489 288 351 638 239 126 555 566 866 871 508 775 453 730 885 465 465 629 330 81 0 609 394 878 788 412 508 353 756 767 418 914 155 782 952 469 510 664 851 850 783 624 109 298 139 533 209 255 394
537 275 280 770 577 437 567 805 698 273 700 148 300 591 202 368 834 554 447 826 644 627 78 727 594 534 148 484 666 514 450 229 714 664 685 259 298 763 396 274 947 323 377 866 779 64 745 695 340 662 453 901 654 560 151 655 688 848 435 282 309 937 174 272 528 283 783 338 479 323 566 609 0 258 628 594 490 832 585 175 400 248 803 706 323 782 147 466 215 264 281 343 282 529 327 597 327 670 630 638
281 528 153 538 416 463 326 552 440 219 521 233 187 337 313 421 576 334 263 568 392 521 195 611 466 466 392 492 595 301 200 486 470 505 436 332 535 571 257 477 689 243 340 608 533 195 638 437 373 449 295 644 396 489 360 398 448 602 276 478 479 679 401 304 427 507 530 142 340 243 334 394 258 0 566 497 463 581 331 372 397 25 680 462 393 687 116 269 270 523 459 397 244 296 98 430 407 517 372 387
671 731 717 956 956 234 490 868 734 776 308 480 382 580 444 301 768 413 352 812 766 1079 565 157 167 1032 630 185 1159 807 517 782 861 1037 819 852 669 375 819 561 887 807 253 822 602 595 150 674 302 407 848 797 683 1055 779 727 862 651 314 547 494 834 594 840 148 618 655 435 249 807 799 878 628 566 0 97 1026 678 572 541 235 544 221 858 342 166 605 370 414 786 509 317 355 770 645 963 929 1053 692 572
579 732 649 861 873 260 394 771 637 713 224 448 321 483 429 313 672 317 264 716 671 1001 525 134 70 959 619 221 1084 721 427 770 766 952 723 800 678 295 744 572 792 740 223 725 508 553 150 577 298 312 769 703 587 982 745 631 768 559 230 559 510 740 587 784 70 628 560 359 163 740 709 788 594 497 97 0 960 584 476 533 232 477 211 763 346 193 551 279 388 779 520 321 313 681 569 879 878 969 596 475
537 690 311 565 270 890 714 698 668 251 962 599 645 671 677 832 820 755 717 775 572 194 508 1073 928 83 615 929 185 373 596 584 576 311 575 242 749 999 239 757 888 220 787 823 872 479 1100 714 791 864 252 891 657 99 414 621 538 928 736 767 799 915 653 218 890 752 838 603 802 220 444 412 490 463 1026 960 0 887 671 665 834 483 1140 567 791 1150 431 717 665 631 770 805 683 430 403 293 208 302 622 727
354 1086 659 453 657 781 273 289 229 734 380 751 582 245 799 795 123 317 439 191 326 808 759 577 514 837 946 767 912 517 383 1061 372 691 346 876 1071 337 659 985 216 722 659 171 76 768 610 173 752 273 635 122 230 848 940 271 401 53 480 980 954 157 940 834 566 1030 52 507 497 721 450 508 832 581 678 584 887 0 250 896 717 586 588 377 800 659 697 411 741 1094 948 785 653 458 553 646 937 712 266 194
142 845 415 388 480 605 83 301 165 492 350 515 359 8 573 602 257 159 246 271 200 629 514 527 411 634 705 605 730 321 136 814 292 538 250 632 837 358 434 758 380 485 470 299 210 521 562 122 553 224 423 319 113 649 690 155 299 275 292 755 736 357 703 591 432 800 199 273 337 485 276 353 585 331 572 476 671 250 0 663 535 338 569 290 596 616 448 220 516 848 726 586 436 265 307 476 696 558 121 59
648 204 440 908 742 317 624 919 799 445 688 148 316 670 108 245 920 590 469 924 762 801 188 666 553 709 91 369 841 662 529 241 842 830 808 430 175 759 561 106 1040 494 313 959 833 205 676 782 239 683 616 981 750 735 286 762 820 902 440 110 134 1020 54 446 477 137 850 391 461 495 704 756 175 372 541 533 665 896 663 0 306 353 742 834 200 705 289 494 163 247 105 225 257 665 461 761 492 838 732 708
588 501 538 880 812 72 467 833 698 584 422 253 217 543 209 85 777 404 290 804 699 917 344 363 267 852 395 95 985 682 431 547 793 899 752 638 446 497 653 339 902 622 66 826 644 374 371 655 68 459 693 825 644 877 549 675 784 707 245 327 279 864 360 633 188 395 681 303 221 622 694 767 400 397 235 232 834 717 535 306 0 372 438 788 114 399 403 318 185 552 288 89 154 659 491 824 713 913 640 560
297 515 174 559 441 438 326 568 453 237 510 211 164 343 290 396 586 329 249 581 409 545 180 593 448 489 377 467 618 325 204 477 489 530 455 343 519 562 281 457 701 264 315 619 536 184 619 447 348 442 320 653 408 512 358 412 469 605 259 458 457 689 383 317 407 488 536 127 322 264 357 418 248 25 544 477 483 586 338 353 372 0 663 482 368 667 113 258 246 512 438 372 219 318 122 455 419 542 385 392
698 939 831 954 1020 452 490 832 711 900 223 658 519 575 639 514 699 420 423 756 768 1158 732 76 215 1130 829 404 1249 861 567 980 857 1091 817 998 882 251 913 775 804 921 433 753 519 759 71 640 505 353 929 709 668 1151 953 718 868 548 405 762 710 741 797 978 275 831 582 538 342 921 834 914 803 680 221 211 1140 588 569 742 438 663 0 857 551 85 748 427 599 989 723 525 521 814 739 1022 1075 1110 687 547
200 980 445 98 305 860 373 131 157 500 635 693 582 284 768 841 276 449 515 217 92 448 654 817 700 501 849 869 551 216 357 919 9 320 40 637 996 630 381 939 322 466 722 264 398 647 852 230 790 505 333 340 190 505 759 138 29 428 560 940 936 356 861 589 714 969 341 490 615 465 146 155 706 462 858 763 567 377 290 834 788 482 857 0 825 906 559 493 718 961 919 821 660 180 379 289 677 341 170 311
625 389 514 911 806 118 537 885 753 547 529 192 244 604 121 46 848 483 362 867 740 895 285 476 379 820 291 170 954 692 477 441 831 895 792 577 332 604 635 225 973 590 147 894 729 314 483 719 52 553 682 901 700 845 465 724 817 795 321 213 168 940 253 580 300 282 759 336 315 591 716 782 323 393 342 346 791 800 596 200 114 368 551 825 0 508 365 390 129 443 175 26 165 679 490 821 649 907 691 629
737 896 839 1004 1048 400 534 891 766 904 283 635 513 622 606 467 766 460 441 821 816 1182 715 89 225 1146 793 350 1269 893 596 945 907 1124 866 993 834 325 930 727 875 930 406 820 588 744 55 697 466 410 951 781 720 1168 934 769 915 622 415 713 659 814 758 976 263 784 649 547 348 930 872 952 782 687 166 193 1150 659 616 705 399 667 85 906 508 0 743 450 572 950 675 482 503 848 754 1052 1070 1142 736 600
390 422 154 626 456 459 439 658 552 182 612 177 230 453 260 403 691 440 350 681 497 532 101 676 533 455 290 497 589 374 316 371 567 545 537 250 438 668 277 395 802 225 358 721 648 89 699 553 361 552 330 759 510 480 245 508 542 717 351 399 412 795 307 235 481 416 646 229 408 225 422 469 147 116 605 551 431 697 448 289 403 113 748 559 365 743 0 363 237 410 388 377 254 383 180 474 327 554 484 503
302 692 412 589 599 387 149 520 385 485 252 355 178 228 392 389 461 96 28 486 401 733 389 366 226 704 555 386 822 444 148 687 496 675 454 601 668 305 487 577 586 501 254 509 343 407 397 338 343 195 503 511 331 725 601 368 495 411 73 570 543 550 542 573 223 625 370 134 122 500 430 510 466 269 370 279 717 411 220 494 318 258 427 493 390 450 363 0 333 712 537 376 243 403 314 603 676 693 332 242
522 366 386 800 680 228 469 789 663 419 527 69 159 523 58 167 773 430 307 783 638 767 162 522 399 691 237 272 825 571 386 385 725 769 687 457 335 597 507 244 896 461 166 815 675 192 537 637 129 520 555 831 611 717 365 629 708 744 277 240 222 870 215 456 326 291 696 243 300 462 601 664 215 270 414 388 665 741 516 163 185 246 599 718 129 572 237 333 0 400 210 141 94 563 368 695 531 780 597 557
799 79 520 1018 792 558 825 1066 962 486 926 359 536 854 352 486 1098 805 690 1090 904 806 335 913 797 697 163 610 816 760 712 47 970 874 943 396 163 995 619 245 1211 534 558 1130 1038 328 923 959 485 906 678 1165 918 721 224 918 942 1107 668 260 318 1201 192 435 722 199 1045 592 698 535 819 851 264 523 786 779 631 1094 848 247 552 512 989 961 443 950 410 712 400 0 292 469 491 782 586 815 425 875 894 900
727 226 541 997 843 275 677 996 871 549 701 226 368 733 153 209 982 634 510 993 842 906 287 649 553 815 172 326 947 755 595 303 926 932 890 534 160 775 663 52 1105 598 317 1024 880 307 654 847 225 715 717 1040 820 840 384 836 906 948 474 39 30 1079 127 551 474 109 904 453 481 599 794 850 281 459 509 520 770 948 726 105 288 438 723 919 175 675 388 537 210 292 0 199 295 755 552 861 595 940 805 766
621 415 523 909 812 95 525 877 745 559 507 207 239 594 142 26 836 469 348 857 735 905 300 451 355 832 316 146 965 694 470 467 827 901 787 594 357 582 643 250 961 601 128 883 714 330 457 708 34 535 689 888 692 857 487 718 814 779 306 238 191 927 278 596 276 307 746 331 297 602 715 783 343 397 317 321 805 785 586 225 89 372 525 821 26 482 377 376 141 469 199 0 161 678 494 826 667 913 684 617
461 460 384 748 660 219 383 721 590 432 435 138 79 444 151 183 691 339 216 707 575 762 212 445 314 699 329 249 831 536 313 473 666 748 627 497 428 504 499 334 815 468 105 735 585 241 463 559 132 426 539 747 538 723 432 560 653 654 184 328 302 786 308 487 246 383 609 172 208 469 554 624 282 244 355 313 683 653 436 257 154 219 521 660 165 503 254 243 94 491 295 161 0 518 339 673 574 761 527 473
122 803 265 243 215 730 330 298 239 322 604 529 444 262 608 701 393 394 418 354 147 365 481 761 627 380 674 748 466 59 254 739 189 278 168 463 822 621 213 771 474 292 595 402 449 472 794 285 650 484 179 465 228 392 579 191 160 500 457 773 775 491 689 415 622 797 410 357 521 291 39 109 529 296 770 681 430 458 265 665 659 318 814 180 679 848 383 403 563 782 755 678 518 0 205 212 509 297 192 313
218 601 109 448 321 558 327 480 382 187 560 327 276 310 409 518 528 356 316 511 319 435 276 674 530 392 470 584 516 204 200 545 387 409 358 325 617 600 176 567 633 191 431 554 517 268 703 394 469 469 204 599 345 414 398 336 362 582 340 569 573 633 484 285 501 592 502 210 407 190 244 298 327 98 645 569 403 553 307 461 491 122 739 379 490 754 180 314 368 586 552 494 339 205 0 333 391 422 316 366
334 855 320 273 24 892 542 418 418 330 815 646 608 473 729 851 559 605 615 505 320 162 574 967 829 218 744 917 266 160 457 768 296 75 307 434 892 833 201 865 609 282 763 552 649 555 999 478 802 696 144 627 423 219 593 377 260 693 649 871 885 645 770 388 815 879 602 533 716 281 203 139 597 430 963 879 293 646 476 761 824 455 1022 289 821 1052 474 603 695 815 861 826 673 212 333 0 448 91 389 522
586 488 282 702 424 759 716 804 741 204 928 462 558 699 528 693 895 737 668 862 655 395 369 1003 860 282 429 803 392 462 588 379 686 489 674 78 553 978 297 574 983 218 678 909 906 339 1026 770 660 852 345 967 716 303 218 692 651 969 675 586 625 996 471 106 808 561 886 545 734 219 536 533 327 407 929 878 208 937 696 492 713 419 1075 677 649 1070 327 676 531 425 595 667 574 509 391 448 0 485 682 755
418 920 400 300 101 980 627 463 484 399 901 728 698 555 813 938 616 692 705 557 389 122 653 1056 919 219 815 1006 217 249 546 828 348 21 366 484 963 916 277 942 652 349 852 603 721 633 1088 549 890 781 225 681 497 210 651 447 314 761 740 948 965 695 844 441 906 953 671 623 806 348 283 209 670 517 1053 969 302 712 558 838 913 542 1110 341 907 1142 554 693 780 875 940 913 761 297 422 91 485 0 464 601
98 900 412 268 398 712 203 194 68 483 466 585 448 114 652 701 214 280 357 197 82 549 566 647 531 572 762 716 653 251 214 855 172 443 130 626 902 465 396 833 319 464 574 238 260 567 681 93 651 337 369 286 36 584 714 35 181 308 403 831 819 318 767 582 550 869 218 356 453 463 188 255 630 372 692 596 622 266 121 732 640 385 687 170 691 736 484 332 597 894 805 684 527 192 316 389 682 464 0 144
193 894 474 407 527 628 93 296 165 551 325 561 398 57 615 631 219 162 270 246 226 678 565 512 407 688 754 623 780 371 188 867 311 581 271 690 883 322 491 801 344 544 496 267 151 574 546 101 584 195 478 274 121 702 746 172 324 216 315 796 775 313 751 650 438 844 144 317 350 543 319 394 638 387 572 475 727 194 59 708 560 392 547 311 629 600 503 242 557 900 766 617 473 313 366 522 755 601 144 0
