# TTSP Euclidean complete-graph matrix instance
# seed: 2011
# depot: 1
# L_max is not stored in this file; pass it with --budget when running algorithms.
# coordinate rows: node x y
# coord 1 518.370461 908.292939
# coord 2 248.514614 308.868655
# coord 3 296.193226 56.109187
# coord 4 359.398417 293.082915
# coord 5 216.361738 222.115119
# coord 6 38.192212 47.500992
# coord 7 323.499280 942.229349
# coord 8 910.609204 605.444968
# coord 9 111.454745 290.394917
# coord 10 631.051752 608.301042
# coord 11 166.088375 831.332368
# coord 12 884.516446 547.715705
# coord 13 301.091639 648.457372
# coord 14 867.201325 244.824496
# coord 15 757.651090 933.992245
# coord 16 586.876866 576.194658
# coord 17 779.297464 181.050573
# coord 18 119.977895 443.677198
# coord 19 587.620276 923.350228
# coord 20 734.170770 498.779036
# coord 21 382.307521 233.778585
# coord 22 3.847968 777.170470
# coord 23 893.240025 181.373811
# coord 24 695.754664 717.962903
# coord 25 484.005621 794.733480
# coord 26 400.211795 945.900229
# coord 27 242.760285 942.973549
# coord 28 541.305257 219.510779
# coord 29 101.174672 372.296168
# coord 30 871.943345 393.577946
# coord 31 636.276165 257.696808
# coord 32 544.449940 735.182937
# coord 33 834.526451 704.431600
# coord 34 419.139899 652.136376
# coord 35 82.882595 840.980358
# coord 36 311.964798 956.051667
# coord 37 571.764954 352.964048
# coord 38 953.098334 685.879271
# coord 39 998.049716 422.154974
# coord 40 154.753628 795.493305
# coord 41 3.430117 564.703047
# coord 42 256.421571 192.721589
# coord 43 248.373560 127.054523
# coord 44 987.320919 422.326110
# coord 45 431.113965 950.725456
# coord 46 132.689567 626.779444
# coord 47 718.718342 566.302198
# coord 48 781.372084 31.537378
# coord 49 377.624902 658.661082
# coord 50 541.176671 553.573294
# coord 51 243.767796 672.699995
# coord 52 341.799258 211.658230
# coord 53 639.890598 649.577915
# coord 54 960.379042 838.508205
# coord 55 349.208993 680.199010
# coord 56 352.282212 617.083385
# coord 57 616.998958 611.508932
# coord 58 7.673120 78.193833
# coord 59 208.262809 340.261600
# coord 60 873.812297 794.321779
# coord 61 697.233938 366.675737
# coord 62 881.867683 668.393886
# coord 63 539.494420 16.353403
# coord 64 226.469241 779.157933
# coord 65 337.438365 238.339653
# coord 66 111.945793 873.080463
# coord 67 372.135441 782.176046
# coord 68 723.425194 133.315026
# coord 69 540.673901 298.170734
# coord 70 797.237238 982.304614
# coord 71 37.079475 489.388600
# coord 72 412.292307 437.102269
# coord 73 908.912838 385.570452
# coord 74 162.122834 827.685908
# coord 75 350.902823 704.494868
# coord 76 885.159589 416.193005
# coord 77 291.064257 785.169215
# coord 78 519.940071 747.563118
# coord 79 599.863924 106.850989
# coord 80 826.996790 803.129128
# coord 81 406.711943 878.010437
# coord 82 242.103821 867.366917
# coord 83 599.990876 266.474771
# coord 84 613.670025 578.021236
# coord 85 0.558831 605.997620
# coord 86 1.507687 130.976852
# coord 87 411.522094 854.242180
# coord 88 262.337757 101.289144
# coord 89 766.812002 36.994695
# coord 90 934.702819 111.449037
# coord 91 365.774054 342.632806
# coord 92 340.200147 35.812564
# coord 93 173.731912 947.448752
# coord 94 594.563742 445.508228
# coord 95 676.469699 150.431281
# coord 96 614.077859 282.277224
# coord 97 450.927878 636.376717
# coord 98 993.175118 524.387392
# coord 99 412.255619 85.549176
# coord 100 49.935780 961.982723
# reference_nearest_neighbor_tour_cost: 10195
TTSP_MATRIX
100
0 89 65 82 59 82 92 59 58 21 88 22 42 64 88 95 27 70 23 61 5 69 84 99 79 47 4 35 94 60 5 55 41 21 36 44 83 64 84 41 61 19 11 99 9 73 62 72 32 9 95 20 52 24 55 34 67 36 18 6 72 16 91 91 98 73 10 52 10 93 79 56 97 51 21 83 84 79 2 37 65 37 57 62 64 97 46 8 35 94 39 79 43 69 31 67 57 74 95 72
0 657 881 635 750 986 198 496 740 320 361 514 339 750 241 339 773 612 71 463 688 531 818 260 119 124 278 689 679 624 661 175 376 275 441 212 558 488 683 381 619 762 827 675 97 477 396 915 287 355 362 719 286 447 284 335 313 975 647 373 570 436 892 319 694 408 193 802 611 289 638 483 653 365 264 614 259 161 806 326 116 279 647 344 600 933 120 847 906 899 586 890 347 469 774 633 280 611 830 472
657 0 257 112 93 335 638 725 138 486 529 679 344 622 806 431 546 186 702 521 153 528 657 606 540 655 634 306 160 629 391 519 707 383 557 650 326 799 758 496 354 116 182 747 667 338 536 601 373 381 364 135 519 887 385 325 477 333 51 792 452 728 413 471 113 581 489 506 292 869 278 208 665 526 409 646 478 516 405 761 591 559 354 454 387 304 569 208 585 714 122 288 643 372 456 367 385 775 277 683
881 257 0 245 184 258 887 824 298 646 786 767 592 601 992 596 499 426 915 623 197 778 610 773 762 896 888 295 371 667 395 723 843 609 813 900 405 910 792 753 587 142 86 782 905 594 662 486 608 555 619 162 686 1026 626 564 641 289 297 937 507 847 247 726 187 837 730 434 344 1053 505 398 696 783 651 690 729 727 308 916 829 813 370 611 624 304 806 56 471 641 295 48 900 491 392 390 601 840 120 939
635 112 245 0 160 404 650 634 248 416 572 584 360 510 755 363 435 283 670 428 64 601 545 542 517 654 660 196 270 522 279 479 628 364 614 665 221 712 652 542 448 144 200 641 662 403 451 496 366 318 397 83 454 812 387 324 410 412 158 718 346 643 330 504 59 631 489 398 181 817 377 153 557 570 411 540 497 482 304 692 587 586 242 382 476 393 564 215 481 603 50 258 680 280 348 255 355 675 214 737
750 93 184 160 0 249 728 793 125 567 611 743 435 651 894 512 564 242 793 587 166 594 678 690 632 747 721 325 189 678 421 609 784 475 633 740 379 871 807 577 403 50 100 797 760 413 609 596 465 464 451 126 602 966 477 418 559 254 118 872 502 801 383 557 122 659 581 515 333 957 322 291 712 608 501 696 568 607 400 843 683 646 386 533 440 233 662 129 581 727 192 224 727 439 466 402 476 834 239 758
986 335 258 404 249 0 939 1036 254 816 794 983 656 852 1142 762 753 405 1034 829 391 730 865 939 870 969 919 532 331 903 634 854 1032 715 795 949 615 1116 1030 757 518 262 225 1020 985 587 856 743 699 714 658 345 851 1215 705 650 808 43 339 1121 732 1048 502 755 355 829 807 691 562 1204 442 540 934 790 728 924 780 850 565 1092 909 845 603 783 560 91 889 231 729 899 441 302 910 684 647 622 719 1067 376 915
198 638 887 650 728 939 0 677 685 454 193 686 295 884 434 451 887 538 265 604 711 360 951 435 218 77 81 755 612 776 753 303 564 305 261 18 639 680 852 224 495 753 819 843 108 369 545 1019 289 445 281 731 431 645 263 326 442 920 613 570 686 622 951 190 704 223 167 902 680 475 536 513 808 198 239 770 160 277 880 522 105 111 730 466 466 873 124 843 1008 1031 601 907 150 566 867 721 331 789 861 274
496 725 824 634 793 1036 677 0 859 280 778 63 611 363 362 325 444 807 453 206 646 923 424 243 467 614 748 534 842 215 443 388 125 494 861 694 423 91 203 779 908 773 817 199 591 778 196 588 536 373 670 692 274 238 566 558 294 1046 751 192 320 69 696 706 681 842 567 508 481 394 881 526 220 781 568 191 645 416 588 215 573 718 460 298 910 1025 558 821 586 495 605 806 812 354 512 439 461 116 720 932
740 138 298 248 125 254 685 859 0 609 544 815 405 757 912 555 677 154 792 657 277 499 789 724 627 716 666 436 83 767 526 621 833 475 551 695 465 930 896 507 295 175 213 886 734 337 667 718 454 504 405 243 639 1010 457 406 599 236 109 914 591 858 508 502 232 583 557 632 429 974 212 335 803 540 478 784 526 613 522 880 658 592 489 579 335 194 639 242 703 842 260 342 660 507 582 503 485 912 364 674
320 486 646 416 567 816 454 280 609 0 516 261 332 433 349 55 452 537 318 150 450 650 501 127 237 409 513 399 580 323 351 154 225 216 596 472 262 331 412 512 629 560 615 402 397 499 97 596 258 105 393 491 42 402 291 279 14 818 501 306 251 258 599 439 472 583 312 484 323 409 606 278 356 518 296 319 383 178 502 276 351 467 343 35 630 790 330 627 587 582 375 642 569 167 460 326 182 372 567 680
361 529 786 572 611 794 193 778 544 516 0 772 227 914 600 492 894 390 431 658 635 171 975 542 320 261 135 718 464 831 742 390 680 310 84 192 627 800 927 38 312 645 709 917 291 207 613 1009 273 467 177 644 507 794 237 284 502 770 493 709 706 734 896 80 617 68 212 893 652 649 365 465 866 5 224 830 133 364 844 662 245 84 712 514 280 719 247 736 996 1053 528 814 116 577 851 709 345 882 785 175
514 679 767 584 743 983 686 63 815 261 772 0 592 303 407 299 381 772 479 158 592 910 366 254 471 627 754 475 803 155 382 388 164 477 854 703 368 154 169 771 881 721 763 162 607 756 167 526 519 343 653 638 265 301 551 537 275 995 707 247 260 121 634 698 628 838 563 445 425 443 849 485 164 775 556 132 639 416 525 262 581 718 400 273 886 976 564 766 524 439 558 747 815 307 448 379 443 111 661 932
339 344 592 360 435 656 295 611 405 332 227 592 0 695 538 295 669 273 397 458 423 324 754 401 234 314 300 492 341 625 515 258 536 118 291 308 401 653 733 207 309 458 524 723 329 170 426 782 77 258 62 439 339 686 58 60 318 641 322 591 486 581 676 151 412 294 151 666 424 598 308 239 662 227 75 629 137 240 619 548 253 227 485 320 304 598 234 549 769 831 313 614 325 357 624 482 150 703 574 402
750 622 601 510 651 852 884 363 757 433 914 303 695 0 698 434 109 773 734 287 485 1014 69 503 670 842 937 327 777 149 231 587 461 606 985 902 315 449 220 900 921 613 630 214 830 828 354 230 641 449 756 526 464 601 677 635 444 876 666 550 209 424 399 834 530 982 731 182 331 741 865 494 147 915 691 172 790 611 301 560 783 882 268 419 939 873 761 622 231 149 511 567 987 339 213 256 571 307 482 1087
241 806 992 755 894 1142 434 362 912 349 600 407 538 698 0 396 753 804 170 436 794 770 765 225 307 358 515 747 864 552 687 292 242 440 681 446 610 316 565 619 840 895 954 561 327 696 370 903 469 438 576 833 308 224 481 515 352 1138 809 182 571 293 943 553 813 649 414 801 672 62 847 605 569 605 467 533 490 302 842 148 355 520 686 384 825 1103 355 969 897 841 709 990 584 515 788 667 427 472 916 708
339 431 596 363 512 762 451 325 555 55 492 299 295 434 396 0 440 485 347 166 399 617 500 179 242 414 503 360 527 339 322 165 279 184 569 469 224 382 439 485 584 506 562 429 406 457 132 578 225 51 356 439 91 456 259 238 46 764 446 360 237 309 562 414 420 560 298 463 282 457 557 223 374 494 269 338 362 184 470 330 351 451 310 27 587 735 329 575 568 580 322 594 555 131 435 295 149 410 521 661
773 546 499 435 564 753 887 444 677 452 894 381 669 109 753 440 0 710 767 321 400 978 114 543 681 854 932 241 705 232 162 602 526 593 959 905 269 534 326 876 866 523 534 319 845 785 390 150 624 442 727 439 489 682 659 610 460 778 593 621 203 498 291 814 446 961 726 73 266 801 804 447 242 894 676 258 777 623 194 624 790 872 199 430 887 779 767 523 145 170 444 462 977 323 107 194 561 405 379 1069
612 186 426 283 242 405 538 807 154 537 390 772 273 773 804 485 710 0 670 617 336 353 817 638 506 575 514 477 74 754 549 515 761 365 399 547 461 868 878 354 168 286 342 868 595 184 611 779 336 435 260 321 559 929 329 290 525 382 136 831 582 794 599 352 299 429 422 679 445 865 95 292 791 386 348 766 382 502 586 793 520 441 512 512 202 334 504 371 764 880 266 464 507 475 629 520 383 877 462 523
71 702 915 670 793 1034 265 453 792 318 431 479 397 734 170 347 767 670 0 449 719 602 802 232 165 189 345 705 735 601 667 193 330 319 511 278 571 436 648 451 685 802 866 641 159 543 380 913 338 373 426 753 279 382 341 386 313 1025 696 314 567 389 908 389 729 478 258 802 627 218 701 517 626 436 322 588 327 188 817 268 187 350 657 346 667 986 189 884 904 883 622 921 415 478 778 642 318 569 856 539
463 521 623 428 587 829 604 206 657 150 658 158 458 287 436 166 321 617 449 0 440 782 355 223 388 558 662 339 646 173 260 303 229 350 736 622 218 288 275 651 734 567 612 264 544 615 69 470 391 201 520 486 178 408 426 400 163 839 549 327 137 225 520 580 475 726 460 366 279 488 697 328 208 660 435 172 528 328 414 318 501 615 268 144 741 820 480 617 463 436 400 608 718 149 353 248 315 260 524 826
688 153 197 64 166 391 711 646 277 450 635 592 423 485 794 399 400 336 719 440 0 662 514 577 570 712 723 160 313 515 255 527 653 420 677 726 224 728 644 606 503 132 171 634 719 466 473 447 425 357 460 46 489 837 448 384 445 406 204 746 342 662 268 567 45 694 548 356 171 856 430 206 548 633 472 535 559 532 252 722 645 649 220 415 533 394 621 179 432 566 110 202 744 300 306 237 408 676 151 800
531 528 778 601 594 730 360 923 499 650 171 910 324 1014 770 617 978 353 602 782 662 0 1071 694 480 431 291 774 416 949 818 542 834 434 102 356 709 954 1056 152 212 637 695 1046 461 198 745 1077 392 582 262 659 649 958 359 383 635 699 482 870 806 885 930 223 634 145 368 966 719 819 290 531 986 166 355 952 287 517 897 824 415 255 785 642 171 646 415 724 1063 1144 566 814 241 677 919 786 469 1021 803 190
818 657 610 545 678 865 951 424 789 501 975 366 754 69 765 500 114 817 802 355 514 1071 0 572 737 910 1002 354 815 213 268 654 526 668 1045 969 364 508 263 960 969 637 647 259 897 881 423 187 703 512 814 552 532 661 738 695 511 892 703 613 270 487 390 896 559 1043 795 176 371 807 910 545 205 976 754 235 853 678 303 625 850 946 305 485 989 893 828 636 192 81 552 572 1051 399 219 297 635 357 490 1149
260 606 773 542 690 939 435 243 724 127 542 254 401 503 225 179 543 638 232 223 577 694 572 0 225 373 506 522 688 369 464 152 139 284 625 452 385 259 423 547 709 685 741 415 352 570 153 692 324 226 454 618 88 291 349 358 132 940 617 194 351 193 719 473 599 604 330 585 448 283 697 399 395 545 345 356 410 178 619 156 330 478 462 162 704 909 315 754 685 652 500 769 570 291 568 443 258 355 693 690
119 540 762 517 632 870 218 467 627 237 320 471 234 670 307 242 681 506 165 388 570 480 737 225 0 173 283 578 570 558 558 85 362 157 404 236 450 482 635 329 533 644 708 626 165 389 328 819 173 248 269 600 213 478 177 221 226 860 532 390 478 417 780 258 575 380 113 703 500 365 541 365 590 324 161 552 193 59 698 343 114 253 541 253 519 821 94 728 809 819 467 772 346 366 672 529 162 576 713 465
124 655 896 654 747 969 77 614 716 409 261 627 314 842 358 414 854 575 189 558 712 431 910 373 173 0 157 740 647 726 728 255 497 294 334 89 617 611 795 288 550 767 833 787 31 416 496 991 288 417 315 737 381 570 271 332 399 952 635 497 651 556 940 241 710 297 166 875 663 399 583 509 757 266 246 718 194 232 862 450 68 177 708 425 525 907 92 856 980 991 604 912 226 537 842 697 314 728 860 351
278 634 888 660 721 919 81 748 666 513 135 754 300 937 515 503 932 514 345 662 723 291 1002 506 283 157 0 783 588 835 790 366 638 340 190 70 676 755 917 172 448 750 816 909 189 335 607 1059 315 491 270 738 494 725 284 344 500 896 604 648 734 696 973 165 711 148 206 942 710 556 498 534 869 141 262 831 165 339 909 601 176 76 765 520 415 847 191 842 1047 1082 613 912 69 609 903 758 371 859 874 194
689 306 295 196 325 532 755 534 436 399 718 475 492 327 747 360 241 477 705 339 160 774 354 522 578 740 783 0 466 374 102 516 567 450 772 771 137 622 500 694 639 286 307 490 739 577 390 305 469 334 542 200 441 748 499 440 399 552 354 664 214 563 203 642 205 782 588 201 79 805 572 253 403 717 521 396 619 528 127 650 672 714 75 366 665 547 648 303 290 408 214 272 815 232 152 96 427 545 186 890
679 160 371 270 189 331 612 842 83 580 464 803 341 777 864 527 705 74 735 646 313 416 815 688 570 647 588 466 0 771 547 573 805 424 469 621 471 908 898 427 216 237 286 888 666 256 647 761 398 476 333 289 606 978 395 351 569 309 112 880 596 835 565 426 272 501 491 667 446 926 133 318 808 459 416 785 454 562 565 844 591 515 510 552 254 261 573 315 745 873 266 413 580 499 617 521 438 905 423 592
624 629 667 522 678 903 776 215 767 323 831 155 625 149 552 339 232 754 601 173 515 949 213 369 558 726 835 374 771 0 272 473 313 521 907 794 303 303 129 822 885 647 678 119 710 775 231 373 561 367 687 560 346 454 596 566 335 920 666 401 177 275 503 752 557 899 633 300 345 593 840 462 38 832 607 26 701 499 395 412 672 788 300 317 897 909 651 676 372 289 509 641 891 282 312 281 486 178 553 999
661 391 395 279 421 634 753 443 526 351 742 382 515 231 687 322 162 549 667 260 255 818 268 464 558 728 790 102 547 272 0 486 489 450 804 770 115 533 397 722 703 385 409 388 723 624 319 269 477 311 571 298 392 665 511 458 354 654 436 587 125 479 260 663 299 808 587 152 104 742 642 287 301 741 530 295 630 503 155 578 661 726 37 321 725 647 637 405 256 332 284 370 830 192 115 33 422 446 283 916
175 519 723 479 609 854 303 388 621 154 390 388 258 587 292 165 602 515 193 303 527 542 654 152 85 255 366 516 573 473 486 0 292 150 474 321 383 412 551 394 567 614 676 542 244 426 243 742 184 182 307 561 128 429 203 226 143 848 519 335 399 344 719 321 538 454 179 628 437 354 564 326 505 393 196 467 258 27 631 291 198 330 472 172 559 812 178 694 733 736 431 729 427 294 599 458 136 496 663 544
376 707 843 628 784 1032 564 125 833 225 680 164 536 461 242 279 526 761 330 229 653 834 526 139 362 497 638 567 805 313 489 292 0 419 764 580 439 120 326 686 843 772 823 321 473 706 180 675 459 330 592 697 202 184 486 490 237 1037 724 98 365 59 749 613 681 742 469 582 501 280 826 500 327 684 484 293 549 318 642 99 462 614 497 254 840 1011 449 831 671 601 592 832 704 353 576 476 390 240 749 826
275 383 609 364 475 715 305 494 475 216 310 477 118 606 440 184 593 365 319 350 420 434 668 284 157 294 340 450 424 521 450 150 419 0 386 322 336 535 623 301 425 487 552 613 299 288 312 719 42 157 177 447 221 572 75 75 202 706 376 476 399 463 647 231 422 378 138 601 374 502 415 215 558 311 86 522 185 139 574 435 226 279 426 208 421 668 202 573 707 747 314 621 384 271 564 418 35 588 567 482
441 557 813 614 633 795 261 861 551 596 84 854 291 985 681 569 959 399 511 736 677 102 1045 625 404 334 190 772 469 907 804 474 764 386 0 256 691 884 1006 85 287 671 733 997 365 220 693 1069 347 541 233 681 589 877 311 350 581 766 516 792 776 817 943 156 654 43 295 955 710 728 355 521 943 80 301 908 216 447 898 745 326 161 773 592 249 715 329 761 1056 1122 573 845 140 647 911 771 421 964 824 125
212 650 900 665 740 949 18 694 695 472 192 703 308 902 446 469 905 547 278 622 726 356 969 452 236 89 70 771 621 794 770 321 580 322 256 0 657 696 869 225 498 765 831 861 119 375 563 1037 305 463 291 745 449 659 278 341 460 929 624 585 704 638 967 196 718 217 184 920 697 486 542 529 826 197 255 787 172 294 897 537 123 113 747 484 469 882 142 856 1025 1049 616 921 139 584 884 738 349 806 876 262
558 326 405 221 379 615 639 423 465 262 627 368 401 315 610 224 269 461 571 218 224 709 364 385 450 617 676 137 471 303 115 383 439 336 691 657 0 506 432 608 606 354 394 421 614 517 259 384 362 203 458 270 304 622 396 343 262 627 364 535 126 442 338 549 261 694 473 267 63 669 552 180 339 627 415 320 515 398 248 517 550 611 91 229 625 612 526 399 371 436 206 393 715 95 228 82 308 455 311 802
488 799 910 712 871 1116 680 91 930 331 800 154 653 449 316 382 534 868 436 288 728 954 508 259 482 611 755 622 908 303 533 412 120 535 884 696 506 0 268 806 957 854 899 266 585 823 263 677 576 433 709 774 315 153 604 605 344 1124 821 134 409 73 787 733 761 862 589 598 566 335 937 595 304 804 602 278 669 438 678 172 579 734 548 356 956 1102 567 905 675 575 680 893 822 432 603 527 505 166 808 944
683 758 792 652 807 1030 852 203 896 412 927 169 733 220 565 439 326 878 648 275 644 1056 263 423 635 795 917 500 898 129 397 551 326 623 1006 869 432 268 0 922 1005 776 806 11 775 889 314 447 664 475 795 689 424 418 698 675 426 1048 794 392 306 272 612 850 686 994 722 399 474 595 963 586 96 929 706 113 795 578 508 418 747 877 427 415 1014 1038 729 803 449 317 637 763 977 404 421 409 588 102 676 1091
381 496 753 542 577 757 224 779 507 512 38 771 207 900 619 485 876 354 451 651 606 152 960 547 329 288 172 694 427 822 722 394 686 301 85 225 608 806 922 0 276 611 675 912 317 170 609 988 262 456 152 613 507 807 226 266 498 732 458 719 691 738 869 74 586 89 218 873 629 669 328 441 858 33 216 823 137 368 820 672 265 113 691 508 244 682 263 702 975 1037 500 782 153 562 830 689 336 881 755 197
619 354 587 448 403 518 495 908 295 629 312 881 309 921 840 584 866 168 685 734 503 212 969 709 533 550 448 639 216 885 703 567 843 425 287 498 606 957 1005 276 0 450 502 994 576 143 715 943 386 538 263 489 642 995 365 353 615 487 304 900 722 885 767 309 467 327 428 839 600 897 82 428 923 307 375 894 362 548 752 857 511 385 667 610 41 434 500 531 928 1036 425 627 419 603 790 673 453 991 630 400
762 116 142 144 50 262 753 773 175 560 645 721 458 613 895 506 523 286 802 567 132 637 637 685 644 767 750 286 237 647 385 614 772 487 671 765 354 854 776 611 450 0 66 766 778 451 594 549 481 460 480 87 596 955 496 435 553 274 155 862 474 786 334 587 93 696 601 471 303 957 369 290 680 642 520 667 593 614 354 836 702 675 351 525 486 262 679 92 534 683 186 178 759 422 422 369 484 808 189 796
827 182 86 200 100 225 819 817 213 615 709 763 524 630 954 562 534 342 866 612 171 695 647 741 708 833 816 307 286 678 409 676 823 552 733 831 394 899 806 675 502 66 0 796 844 513 644 541 547 517 546 126 653 1007 562 501 609 246 217 915 509 833 311 652 143 758 667 475 339 1016 419 351 709 706 586 699 659 677 352 890 767 740 378 580 539 247 745 29 526 687 245 129 824 470 429 397 548 844 169 858
675 747 782 641 797 1020 843 199 886 402 917 162 723 214 561 429 319 868 641 264 634 1046 259 415 626 787 909 490 888 119 388 542 321 613 997 861 421 266 11 912 994 766 796 0 767 879 305 442 654 465 785 679 415 417 688 664 416 1038 783 389 295 268 604 840 675 985 713 391 464 591 953 575 87 919 696 102 785 569 500 413 738 868 418 405 1004 1028 720 793 444 315 627 754 968 393 413 399 578 102 666 1082
97 667 905 662 760 985 108 591 734 397 291 607 329 830 327 406 845 595 159 544 719 461 897 352 165 31 189 739 666 710 723 244 473 299 365 119 614 585 775 317 576 778 844 767 0 440 480 984 297 412 335 744 366 541 283 343 387 970 650 470 642 532 941 267 719 328 179 868 662 367 607 514 740 296 259 701 217 222 861 423 77 207 705 415 552 925 98 866 973 979 612 919 257 531 837 693 315 705 865 381
477 338 594 403 413 587 369 778 337 499 207 756 170 828 696 457 785 184 543 615 466 198 881 570 389 416 335 577 256 775 624 426 706 288 220 375 517 823 889 170 143 451 513 879 440 0 589 880 247 415 120 465 508 854 223 220 485 563 296 760 622 750 734 179 439 247 285 770 524 754 167 338 813 203 232 781 224 406 699 716 372 264 590 483 134 513 360 541 866 953 368 626 323 496 723 592 318 867 609 345
396 536 662 451 609 856 545 196 667 97 613 167 426 354 370 132 390 611 380 69 473 745 423 153 328 496 607 390 647 231 319 243 180 312 693 563 259 263 314 609 715 594 644 305 480 589 0 538 353 178 487 518 115 364 387 370 111 862 558 276 201 192 578 536 503 680 408 433 322 423 686 333 262 615 393 224 480 269 475 260 441 564 322 106 719 839 421 652 531 504 418 652 665 173 418 303 277 278 570 777
915 601 486 496 596 743 1019 588 718 596 1009 526 782 230 903 578 150 779 913 470 447 1077 187 692 819 991 1059 305 761 373 269 742 675 719 1069 1037 384 677 447 988 943 549 541 442 984 880 538 0 746 575 837 475 634 827 779 726 603 775 651 768 346 645 242 931 490 1075 855 117 359 951 874 548 376 1009 799 398 899 762 197 773 926 995 297 572 969 786 902 524 16 173 519 441 1099 454 159 301 689 536 373 1184
287 373 608 366 465 699 289 536 454 258 273 519 77 641 469 225 624 336 338 391 425 392 703 324 173 288 315 469 398 561 477 184 459 42 347 305 362 576 664 262 386 481 547 654 297 247 353 746 0 194 135 448 262 610 36 49 244 688 361 514 433 504 662 193 422 341 124 629 396 530 380 224 597 274 53 562 153 168 595 472 221 249 451 249 381 648 198 569 733 781 316 624 354 304 590 444 77 630 574 447
355 381 555 318 464 714 445 373 504 105 467 343 258 449 438 51 442 435 373 201 357 582 512 226 248 417 491 334 476 367 311 182 330 157 541 463 203 433 475 456 538 460 517 465 412 415 178 575 194 0 320 396 138 507 230 199 95 715 395 411 243 360 537 387 375 535 284 458 255 499 508 174 404 468 243 370 341 195 451 379 351 433 293 77 543 685 327 531 564 592 274 555 539 121 425 281 122 453 485 639
362 364 619 397 451 658 281 670 405 393 177 653 62 756 576 356 727 260 426 520 460 262 814 454 269 315 270 542 333 687 571 307 592 177 233 291 458 709 795 152 263 480 546 785 335 120 487 837 135 320 0 471 397 736 106 122 378 640 334 642 547 638 720 108 444 240 169 722 478 634 276 290 724 175 112 691 122 286 669 598 262 195 540 382 252 593 247 572 823 890 352 644 284 418 678 538 210 764 611 348
719 135 162 83 126 345 731 692 243 491 644 638 439 526 833 439 439 321 753 486 46 659 552 618 600 737 738 200 289 560 298 561 697 447 681 745 270 774 689 613 489 87 126 679 744 465 518 475 448 396 471 0 530 881 469 406 485 360 185 789 388 707 278 579 27 700 571 390 217 895 412 236 593 642 493 581 576 565 279 765 670 663 264 456 521 350 646 136 460 601 133 176 755 344 340 281 439 723 144 805
286 519 686 454 602 851 431 274 639 42 507 265 339 464 308 91 489 559 279 178 489 649 532 88 213 381 494 441 606 346 392 128 202 221 589 449 304 315 424 507 642 596 653 415 366 508 115 634 262 138 397 530 0 372 292 289 44 852 531 275 289 243 641 433 510 573 299 523 365 368 624 311 377 510 294 339 374 155 544 242 326 454 385 76 641 822 307 666 626 614 412 683 553 209 500 368 189 375 608 668
447 887 1026 812 966 1215 645 238 1010 402 794 301 686 601 224 456 682 929 382 408 837 958 661 291 478 570 725 748 978 454 665 429 184 572 877 659 622 153 418 807 995 955 1007 417 541 854 364 827 610 507 736 881 372 0 631 647 412 1219 902 97 540 187 924 736 865 849 591 744 684 217 987 679 456 798 624 429 671 450 816 138 555 719 676 434 988 1192 549 1015 825 728 774 1014 794 537 744 655 548 316 931 919
284 385 626 387 477 705 263 566 457 291 237 551 58 677 481 259 659 329 341 426 448 359 738 349 177 271 284 499 395 596 511 203 486 75 311 278 396 604 698 226 365 496 562 688 283 223 387 779 36 230 106 469 292 631 0 63 276 692 368 537 468 533 691 158 442 306 105 663 427 540 366 251 633 238 24 597 120 184 626 493 206 216 484 284 356 650 185 585 767 816 338 644 320 340 623 478 111 663 598 411
335 325 564 324 418 650 326 558 406 279 284 537 60 635 515 238 610 290 386 400 384 383 695 358 221 332 344 440 351 566 458 226 490 75 350 341 343 605 675 266 353 435 501 664 343 220 370 726 49 199 122 406 289 647 63 0 265 640 312 551 426 532 629 205 379 351 166 610 370 576 340 190 603 284 87 569 179 212 567 510 267 273 429 264 352 599 244 524 713 771 275 581 376 297 568 425 101 648 535 459
313 477 641 410 559 808 442 294 599 14 502 275 318 444 352 46 460 525 313 163 445 635 511 132 226 399 500 399 569 335 354 143 237 202 581 460 262 344 426 498 615 553 609 416 387 485 111 603 244 95 378 485 44 412 276 265 0 810 491 315 258 271 600 425 466 569 298 490 323 412 593 269 369 504 282 332 369 167 505 284 339 454 345 34 616 781 318 621 594 592 368 639 556 168 465 329 168 386 564 667
975 333 289 412 254 43 920 1046 236 818 770 995 641 876 1138 764 778 382 1025 839 406 699 892 940 860 952 896 552 309 920 654 848 1037 706 766 929 627 1124 1048 732 487 274 246 1038 970 563 862 775 688 715 640 360 852 1219 692 640 810 0 330 1124 747 1055 535 734 367 802 793 718 577 1200 412 541 952 765 714 940 762 843 593 1094 894 823 622 786 528 53 875 256 760 928 445 335 885 692 673 640 713 1082 405 885
647 51 297 158 118 339 613 751 109 501 493 707 322 666 809 446 593 136 696 549 204 482 703 617 532 635 604 354 112 666 436 519 724 376 516 624 364 821 794 458 304 155 217 783 650 296 558 651 361 395 334 185 531 902 368 312 491 330 0 806 490 749 463 439 165 541 471 555 335 871 227 226 702 490 391 681 453 513 456 773 573 528 399 470 337 294 553 245 636 762 158 332 608 400 505 410 383 806 326 642
373 792 937 718 872 1121 570 192 914 306 709 247 591 550 182 360 621 831 314 327 746 870 613 194 390 497 648 664 880 401 587 335 98 476 792 585 535 134 392 719 900 862 915 389 470 760 276 768 514 411 642 789 275 97 537 551 315 1124 806 0 463 126 847 648 773 766 502 678 598 203 891 584 410 712 531 378 583 357 740 48 475 636 595 338 893 1096 466 924 765 686 680 927 717 447 673 574 451 295 846 841
570 452 507 346 502 732 686 320 591 251 706 260 486 209 571 237 203 582 567 137 342 806 270 351 478 651 734 214 596 177 125 399 365 399 776 704 126 409 306 691 722 474 509 295 642 622 201 346 433 243 547 388 289 540 468 426 258 747 490 463 0 354 384 626 382 774 528 235 171 624 671 294 213 706 484 194 583 420 277 455 588 677 140 227 737 735 565 509 337 349 332 487 782 129 217 118 365 335 400 879
436 728 847 643 801 1048 622 69 858 258 734 121 581 424 293 309 498 794 389 225 662 885 487 193 417 556 696 563 835 275 479 344 59 463 817 638 442 73 272 738 885 786 833 268 532 750 192 645 504 360 638 707 243 187 533 532 271 1055 749 126 354 0 736 665 694 797 522 558 503 325 864 523 284 737 532 252 602 370 628 145 519 670 491 283 884 1031 506 840 642 559 610 833 761 364 557 470 432 182 748 882
892 413 247 330 383 502 951 696 508 599 896 634 676 399 943 562 291 599 908 520 268 930 390 719 780 940 973 203 565 503 260 719 749 647 943 967 338 787 612 869 767 334 311 604 941 734 578 242 662 537 720 278 641 924 691 629 600 535 463 847 384 736 0 825 300 957 784 218 282 1000 690 440 522 895 714 529 808 731 109 838 872 901 257 567 799 550 848 290 228 406 370 200 1000 433 192 276 626 681 145 1065
319 471 726 504 557 755 190 706 502 439 80 698 151 834 553 414 814 352 389 580 567 223 896 473 258 241 165 642 426 752 663 321 613 231 156 196 549 733 850 74 309 587 652 840 267 179 536 931 193 387 108 579 433 736 158 205 425 734 439 648 626 665 825 0 552 148 146 815 575 606 346 389 788 81 145 752 65 295 769 601 206 90 634 436 285 686 200 679 918 973 458 752 176 497 773 630 266 808 718 254
694 113 187 59 122 355 704 681 232 472 617 628 412 530 813 420 446 299 729 475 45 634 559 599 575 710 711 205 272 557 299 538 681 422 654 718 261 761 686 586 467 93 143 675 719 439 503 490 422 375 444 27 510 865 442 379 466 367 165 773 382 694 300 552 0 674 545 400 212 875 391 212 590 615 466 576 549 541 294 747 643 636 264 438 499 353 620 156 474 611 108 203 728 330 350 280 414 715 170 779
408 581 837 631 659 829 223 842 583 583 68 838 294 982 649 560 961 429 478 726 694 145 1043 604 380 297 148 782 501 899 808 454 742 378 43 217 694 862 994 89 327 696 758 985 328 247 680 1075 341 535 240 700 573 849 306 351 569 802 541 766 774 797 957 148 674 0 276 960 717 694 391 529 934 68 292 898 200 427 908 718 295 130 779 582 289 750 300 786 1062 1121 588 868 97 645 917 775 413 948 843 108
193 489 730 489 581 807 167 567 557 312 212 563 151 731 414 298 726 422 258 460 548 368 795 330 113 166 206 588 491 633 587 179 469 138 295 184 473 589 722 218 428 601 667 713 179 285 408 855 124 284 169 571 299 591 105 166 298 793 471 502 528 522 784 146 545 276 0 738 513 470 445 347 667 215 81 630 81 152 713 455 102 155 564 316 411 749 82 690 843 875 440 747 258 404 701 555 166 672 698 369
802 506 434 398 515 691 902 508 632 484 893 445 666 182 801 463 73 679 802 366 356 966 176 585 703 875 942 201 667 300 152 628 582 601 955 920 267 598 399 873 839 471 475 391 868 770 433 117 629 458 722 390 523 744 663 610 490 718 555 678 235 558 218 815 400 960 738 0 246 852 773 435 313 893 682 326 782 647 126 678 809 878 182 458 864 722 786 462 106 212 414 395 982 338 50 185 572 475 315 1068
611 292 344 181 333 562 680 481 429 323 652 425 424 331 672 282 266 445 627 279 171 719 371 448 500 663 710 79 446 345 104 437 501 374 710 697 63 566 474 629 600 303 339 464 662 524 322 359 396 255 478 217 365 684 427 370 323 577 335 598 171 503 282 575 212 717 513 246 0 731 539 189 378 651 448 364 547 450 200 580 595 643 67 289 622 564 571 341 345 436 180 330 746 157 201 75 350 506 248 826
289 869 1053 817 957 1204 475 394 974 409 649 443 598 741 62 457 801 865 218 488 856 819 807 283 365 399 556 805 926 593 742 354 280 502 728 486 669 335 595 669 897 957 1016 591 367 754 423 951 530 499 634 895 368 217 540 576 412 1200 871 203 624 325 1000 606 875 694 470 852 731 0 906 667 607 654 526 573 543 363 897 182 404 567 743 444 881 1165 406 1031 946 882 772 1051 624 574 841 724 489 498 976 748
638 278 505 377 322 442 536 881 212 606 365 849 308 865 847 557 804 95 701 697 430 290 910 697 541 583 498 572 133 840 642 564 826 415 355 542 552 937 963 328 82 369 419 953 607 167 686 874 380 508 276 412 624 987 366 340 593 412 227 891 671 864 690 346 391 391 445 773 539 906 0 379 878 361 380 851 390 548 680 850 536 430 605 583 122 360 523 449 859 974 360 546 478 559 724 613 439 957 551 473
483 208 398 153 291 540 513 526 335 278 465 485 239 494 605 223 447 292 517 328 206 531 545 399 365 509 534 253 318 462 287 326 500 215 521 529 180 595 586 441 428 290 351 575 514 338 333 548 224 174 290 236 311 679 251 190 269 541 226 584 294 523 440 389 212 529 347 435 189 667 379 0 499 464 274 473 369 329 380 553 441 463 254 246 445 512 417 368 535 616 105 408 563 182 390 254 203 587 352 638
653 665 696 557 712 934 808 220 803 356 866 164 662 147 569 374 242 791 626 208 548 986 205 395 590 757 869 403 808 38 301 505 327 558 943 826 339 304 96 858 923 680 709 87 740 813 262 376 597 404 724 593 377 456 633 603 369 952 702 410 213 284 522 788 590 934 667 313 378 607 878 499 0 868 643 39 736 531 416 426 703 823 331 352 935 942 683 706 376 275 545 668 925 320 331 312 522 162 580 1034
365 526 783 570 608 790 198 781 540 518 5 775 227 915 605 494 894 386 436 660 633 166 976 545 324 266 141 717 459 832 741 393 684 311 80 197 627 804 929 33 307 642 706 919 296 203 615 1009 274 468 175 642 510 798 238 284 504 765 490 712 706 737 895 81 615 68 215 893 651 654 361 464 868 0 225 832 136 367 843 665 250 89 712 516 274 715 251 733 995 1054 526 812 120 577 850 708 346 885 783 175
264 409 651 411 501 728 239 568 478 296 224 556 75 691 467 269 676 348 322 435 472 355 754 345 161 246 262 521 416 607 530 196 484 86 301 255 415 602 706 216 375 520 586 696 259 232 393 799 53 243 112 493 294 624 24 87 282 714 391 531 484 532 714 145 466 292 81 682 448 526 380 274 643 225 0 607 100 174 647 486 182 196 504 292 364 672 162 610 786 832 362 669 301 356 643 498 121 667 622 396
614 646 690 540 696 924 770 191 784 319 830 132 629 172 533 338 258 766 588 172 535 952 235 356 552 718 831 396 785 26 295 467 293 522 908 787 320 278 113 823 894 667 699 102 701 781 224 398 562 370 691 581 339 429 597 569 332 940 681 378 194 252 529 752 576 898 630 326 364 573 851 473 39 832 607 0 699 493 421 391 665 786 322 316 905 929 645 698 397 309 525 665 888 292 338 302 487 153 577 998
259 478 729 497 568 780 160 645 526 383 133 639 137 790 490 362 777 382 327 528 559 287 853 410 193 194 165 619 454 701 630 258 549 185 216 172 515 669 795 137 362 593 659 785 217 224 480 899 153 341 122 576 374 671 120 179 369 762 453 583 583 602 808 65 549 200 81 782 547 543 390 369 736 136 100 699 0 232 745 536 148 96 604 383 341 715 139 684 887 932 449 751 200 456 743 598 218 749 710 299
161 516 727 482 607 850 277 416 613 178 364 416 240 611 302 184 623 502 188 328 532 517 678 178 59 232 339 528 562 499 503 27 318 139 447 294 398 438 578 368 548 614 677 569 222 406 269 762 168 195 286 565 155 450 184 212 167 843 513 357 420 370 731 295 541 427 152 647 450 363 548 329 531 367 174 493 232 0 646 312 173 303 488 194 538 806 152 696 752 759 433 734 400 311 617 475 131 523 671 517
806 405 308 304 400 565 880 588 522 502 844 525 619 301 842 470 194 586 817 414 252 897 303 619 698 862 909 127 565 395 155 631 642 574 898 897 248 678 508 820 752 354 352 500 861 699 475 197 595 451 669 279 544 816 626 567 505 593 456 740 277 628 109 769 294 908 713 126 200 897 680 380 416 843 647 421 745 646 0 732 795 840 160 471 780 599 771 338 181 335 332 269 942 339 88 176 550 574 189 1017
326 761 916 692 843 1092 522 215 880 276 662 262 548 560 148 330 624 793 268 318 722 824 625 156 343 450 601 650 844 412 578 291 99 435 745 537 517 172 418 672 857 836 890 413 423 716 260 773 472 379 598 765 242 138 493 510 284 1094 773 48 455 145 838 601 747 718 455 678 580 182 850 553 426 665 486 391 536 312 732 0 427 588 583 310 850 1065 419 901 768 700 652 909 669 427 670 563 411 325 829 793
116 591 829 587 683 909 105 573 658 351 245 581 253 783 355 351 790 520 187 501 645 415 850 330 114 68 176 672 591 672 661 198 462 226 326 123 550 579 747 265 511 702 767 738 77 372 441 926 221 351 262 670 326 555 206 267 339 894 573 475 588 519 872 206 643 295 102 809 595 404 536 441 703 250 182 665 148 173 795 427 0 165 641 364 489 850 24 790 915 931 537 845 243 472 776 631 246 685 792 367
279 559 813 586 646 845 111 718 592 467 84 718 227 882 520 451 872 441 350 615 649 255 946 478 253 177 76 714 515 788 726 330 614 279 161 113 611 734 877 113 385 675 740 868 207 264 564 995 249 433 195 663 454 719 216 273 454 823 528 636 677 670 901 90 636 130 155 878 643 567 430 463 823 89 196 786 96 303 840 588 165 0 699 471 356 775 170 766 982 1025 539 837 105 550 838 693 311 826 800 214
647 354 370 242 386 603 730 460 489 343 712 400 485 268 686 310 199 512 657 268 220 785 305 462 541 708 765 75 510 300 37 472 497 426 773 747 91 548 427 691 667 351 378 418 705 590 322 297 451 293 540 264 385 676 484 429 345 622 399 595 140 491 257 634 264 779 564 182 67 743 605 254 331 712 504 322 604 488 160 583 641 699 0 312 689 614 617 376 284 369 246 347 803 179 139 21 399 470 261 887
344 454 611 382 533 783 466 298 579 35 514 273 320 419 384 27 430 512 346 144 415 642 485 162 253 425 520 366 552 317 321 172 254 208 592 484 229 356 415 508 610 525 580 405 415 483 106 572 249 77 382 456 76 434 284 264 34 786 470 338 227 283 567 436 438 582 316 458 289 444 583 246 352 516 292 316 383 194 471 310 364 471 312 0 614 758 342 592 562 566 342 607 574 134 432 296 173 383 532 682
600 387 624 476 440 560 466 910 335 630 280 886 304 939 825 587 887 202 667 741 533 171 989 704 519 525 415 665 254 897 725 559 840 421 249 469 625 956 1014 244 41 486 539 1004 552 134 719 969 381 543 252 521 641 988 356 352 616 528 337 893 737 884 799 285 499 289 411 864 622 881 122 445 935 274 364 905 341 538 780 850 489 356 689 614 0 475 480 569 954 1057 450 664 383 615 815 694 451 996 664 359
933 304 304 393 233 91 873 1025 194 790 719 976 598 873 1103 735 779 334 986 820 394 646 893 909 821 907 847 547 261 909 647 812 1011 668 715 882 612 1102 1038 682 434 262 247 1028 925 513 839 786 648 685 593 350 822 1192 650 599 781 53 294 1096 735 1031 550 686 353 750 749 722 564 1165 360 512 942 715 672 929 715 806 599 1065 850 775 614 758 475 0 831 263 771 933 421 352 834 671 675 631 676 1067 413 832
120 569 806 564 662 889 124 558 639 330 247 564 234 761 355 329 767 504 189 480 621 415 828 315 94 92 191 648 573 651 637 178 449 202 329 142 526 567 729 263 500 679 745 720 98 360 421 902 198 327 247 646 307 549 185 244 318 875 553 466 565 506 848 200 620 300 82 786 571 406 523 417 683 251 162 645 139 152 771 419 24 170 617 342 480 831 0 768 891 909 514 822 255 448 752 607 221 669 769 377
847 208 56 215 129 231 843 821 242 627 736 766 549 622 969 575 523 371 884 617 179 724 636 754 728 856 842 303 315 676 405 694 831 573 761 856 399 905 803 702 531 92 29 793 866 541 652 524 569 531 572 136 666 1015 585 524 621 256 245 924 509 840 290 679 156 786 690 462 341 1031 449 368 706 733 610 698 684 696 338 901 790 766 376 592 569 263 768 0 509 672 263 102 851 478 417 396 567 844 151 887
906 585 471 481 581 729 1008 586 703 587 996 524 769 231 897 568 145 764 904 463 432 1063 192 685 809 980 1047 290 745 372 256 733 671 707 1056 1025 371 675 449 975 928 534 526 444 973 866 531 16 733 564 823 460 626 825 767 713 594 760 636 765 337 642 228 918 474 1062 843 106 345 946 859 535 376 995 786 397 887 752 181 768 915 982 284 562 954 771 891 509 0 184 504 427 1087 443 145 289 678 537 358 1170
899 714 641 603 727 899 1031 495 842 582 1053 439 831 149 841 580 170 880 883 436 566 1144 81 652 819 991 1082 408 873 289 332 736 601 747 1122 1049 436 575 317 1037 1036 683 687 315 979 953 504 173 781 592 890 601 614 728 816 771 592 928 762 686 349 559 406 973 611 1121 875 212 436 882 974 616 275 1054 832 309 932 759 335 700 931 1025 369 566 1057 933 909 672 184 0 614 599 1130 477 261 363 714 417 523 1227
586 122 295 50 192 441 601 605 260 375 528 558 313 511 709 322 444 266 622 400 110 566 552 500 467 604 613 214 266 509 284 431 592 314 573 616 206 680 637 500 425 186 245 627 612 368 418 519 316 274 352 133 412 774 338 275 368 445 158 680 332 610 370 458 108 588 440 414 180 772 360 105 545 526 362 525 449 433 332 652 537 539 246 342 450 421 514 263 504 614 0 308 635 251 365 256 306 653 261 695
890 288 48 258 224 302 907 806 342 642 814 747 614 567 990 594 462 464 921 608 202 814 572 769 772 912 912 272 413 641 370 729 832 621 845 921 393 893 763 782 627 178 129 754 919 626 652 441 624 555 644 176 683 1014 644 581 639 335 332 927 487 833 200 752 203 868 747 395 330 1051 546 408 668 812 669 665 751 734 269 909 845 837 347 607 664 352 822 102 427 599 308 0 927 482 355 368 611 816 88 971
347 643 900 680 727 910 150 812 660 569 116 815 325 987 584 555 977 507 415 718 744 241 1051 570 346 226 69 815 580 891 830 427 704 384 140 139 715 822 977 153 419 759 824 968 257 323 665 1099 354 539 284 755 553 794 320 376 556 885 608 717 782 761 1000 176 728 97 258 982 746 624 478 563 925 120 301 888 200 400 942 669 243 105 803 574 383 834 255 851 1087 1130 635 927 0 655 942 798 417 922 894 125
469 372 491 280 439 684 566 354 507 167 577 307 357 339 515 131 323 475 478 149 300 677 399 291 366 537 609 232 499 282 192 294 353 271 647 584 95 432 404 562 603 422 470 393 531 496 173 454 304 121 418 344 209 537 340 297 168 692 400 447 129 364 433 497 330 645 404 338 157 574 559 182 320 577 356 292 456 311 339 427 472 550 179 134 615 671 448 478 443 477 251 482 655 0 306 164 239 406 403 751
774 456 392 348 466 647 867 512 582 460 851 448 624 213 788 435 107 629 778 353 306 919 219 568 672 842 903 152 617 312 115 599 576 564 911 884 228 603 421 830 790 422 429 413 837 723 418 159 590 425 678 340 500 744 623 568 465 673 505 673 217 557 192 773 350 917 701 50 201 841 724 390 331 850 643 338 743 617 88 670 776 838 139 432 815 675 752 417 145 261 365 355 942 306 0 146 536 490 272 1025
633 367 390 255 402 622 721 439 503 326 709 379 482 256 667 295 194 520 642 248 237 786 297 443 529 697 758 96 521 281 33 458 476 418 771 738 82 527 409 689 673 369 397 399 693 592 303 301 444 281 538 281 368 655 478 425 329 640 410 574 118 470 276 630 280 775 555 185 75 724 613 254 312 708 498 302 598 475 176 563 631 693 21 296 694 631 607 396 289 363 256 368 798 164 146 0 390 450 282 883
280 385 601 355 476 719 331 461 485 182 345 443 150 571 427 149 561 383 318 315 408 469 635 258 162 314 371 427 438 486 422 136 390 35 421 349 308 505 588 336 453 484 548 578 315 318 277 689 77 122 210 439 189 548 111 101 168 713 383 451 365 432 626 266 414 413 166 572 350 489 439 203 522 346 121 487 218 131 550 411 246 311 399 173 451 676 221 567 678 714 306 611 417 239 536 390 0 554 552 517
611 775 840 675 834 1067 789 116 912 372 882 111 703 307 472 410 405 877 569 260 676 1021 357 355 576 728 859 545 905 178 446 496 240 588 964 806 455 166 102 881 991 808 844 102 705 867 278 536 630 453 764 723 375 316 663 648 386 1082 806 295 335 182 681 808 715 948 672 475 506 498 957 587 162 885 667 153 749 523 574 325 685 826 470 383 996 1067 669 844 537 417 653 816 922 406 490 450 554 0 728 1040
830 277 120 214 239 376 861 720 364 567 785 661 574 482 916 521 379 462 856 524 151 803 490 693 713 860 874 186 423 553 283 663 749 567 824 876 311 808 676 755 630 189 169 666 865 609 570 373 574 485 611 144 608 931 598 535 564 405 326 846 400 748 145 718 170 843 698 315 248 976 551 352 580 783 622 577 710 671 189 829 792 800 261 532 664 413 769 151 358 523 261 88 894 403 272 282 552 728 0 948
472 683 939 737 758 915 274 932 674 680 175 932 402 1087 708 661 1069 523 539 826 800 190 1149 690 465 351 194 890 592 999 916 544 826 482 125 262 802 944 1091 197 400 796 858 1082 381 345 777 1184 447 639 348 805 668 919 411 459 667 885 642 841 879 882 1065 254 779 108 369 1068 826 748 473 638 1034 175 396 998 299 517 1017 793 367 214 887 682 359 832 377 887 1170 1227 695 971 125 751 1025 883 517 1040 948 0
