# TTSP Euclidean complete-graph matrix instance
# seed: 2009
# depot: 1
# L_max is not stored in this file; pass it with --budget when running algorithms.
# coordinate rows: node x y
# coord 1 272.214514 893.376557
# coord 2 659.658742 996.169293
# coord 3 413.526982 717.130242
# coord 4 341.442072 816.252427
# coord 5 618.736663 155.076304
# coord 6 210.164440 165.624767
# coord 7 683.082108 59.020973
# coord 8 527.766964 838.503450
# coord 9 492.700156 940.039863
# coord 10 991.196081 493.341279
# coord 11 922.899239 70.345906
# coord 12 503.145629 932.567132
# coord 13 425.452953 106.400664
# coord 14 924.586600 162.640880
# coord 15 557.746511 769.296380
# coord 16 63.283880 40.810779
# coord 17 680.965917 962.690477
# coord 18 424.899699 521.441850
# coord 19 312.554968 633.217924
# coord 20 819.637105 880.986619
# coord 21 738.173688 597.690631
# coord 22 305.173057 213.575701
# coord 23 775.182149 727.275803
# coord 24 875.852747 16.876651
# coord 25 292.726384 516.841421
# coord 26 489.743610 63.702162
# coord 27 2.241207 514.626536
# coord 28 713.513116 538.324381
# coord 29 348.496730 723.429642
# coord 30 922.546564 402.895731
# coord 31 440.346187 899.776859
# coord 32 575.385037 470.858053
# coord 33 692.737611 551.709970
# coord 34 704.917662 862.395347
# coord 35 69.847311 538.943018
# coord 36 206.919261 991.181839
# coord 37 609.670842 595.035034
# coord 38 639.024087 562.584285
# coord 39 247.199411 267.052849
# coord 40 535.383261 208.089455
# coord 41 681.350826 567.217872
# coord 42 271.627509 646.374680
# coord 43 553.173093 998.166159
# coord 44 526.133051 858.146344
# coord 45 554.637690 288.169770
# coord 46 48.786004 767.028266
# coord 47 334.309989 75.061825
# coord 48 525.459061 593.678643
# coord 49 435.974173 976.837712
# coord 50 870.024114 997.201122
# coord 51 234.478854 542.672144
# coord 52 267.508750 141.121945
# coord 53 486.532092 725.559883
# coord 54 754.942491 888.188346
# coord 55 478.284741 477.155435
# coord 56 47.014840 58.008712
# coord 57 311.282444 172.218151
# coord 58 866.331968 418.147584
# coord 59 719.716363 357.843787
# coord 60 887.579088 537.443565
# coord 61 486.236226 246.405425
# coord 62 15.475883 677.327018
# coord 63 514.861868 270.800237
# coord 64 16.873742 516.183987
# coord 65 664.964960 723.780444
# coord 66 316.597912 371.508103
# coord 67 402.166221 680.256705
# coord 68 299.357906 122.316782
# coord 69 518.091588 6.278799
# coord 70 345.543283 464.865773
# coord 71 128.281291 343.699431
# coord 72 904.674666 326.808206
# coord 73 68.912872 149.254123
# coord 74 515.312645 479.036187
# coord 75 989.712916 461.444100
# coord 76 622.788114 619.576535
# coord 77 465.669002 238.993075
# coord 78 158.117819 217.146536
# coord 79 176.995324 231.368850
# coord 80 413.171100 884.803603
# coord 81 619.522424 557.937621
# coord 82 553.101574 513.440816
# coord 83 90.896050 740.140858
# coord 84 281.278453 299.918684
# coord 85 856.795994 127.572379
# coord 86 799.427631 237.422196
# coord 87 591.990239 869.659775
# coord 88 67.458324 401.381019
# coord 89 986.814438 107.668662
# coord 90 790.291377 867.649927
# coord 91 302.930850 343.397961
# coord 92 407.265839 746.128223
# coord 93 84.565320 619.958580
# coord 94 968.500718 952.732422
# coord 95 760.945934 432.318257
# coord 96 958.944866 716.739630
# coord 97 454.998610 914.464693
# coord 98 166.030589 120.345471
# coord 99 25.870698 813.475289
# coord 100 71.829886 73.567206
# reference_nearest_neighbor_tour_cost: 9966
TTSP_MATRIX
100
0 11 58 46 24 12 24 70 83 99 61 30 99 25 87 99 18 85 44 89 57 49 45 56 88 10 89 86 71 47 56 63 38 63 11 20 67 37 59 14 37 48 2 83 83 44 32 47 78 12 27 76 56 46 87 48 61 31 55 55 53 12 89 36 95 37 24 49 92 87 94 47 10 91 43 92 41 96 33 77 53 70 79 90 100 57 6 100 26 40 76 49 94 30 10 98 81 27 60 81
0 401 226 104 816 730 930 261 225 823 1049 234 802 980 311 878 415 402 263 548 552 681 530 1064 377 858 465 566 186 815 168 520 542 434 408 118 450 494 627 734 523 247 300 256 668 257 821 392 184 607 353 752 272 483 464 865 722 761 698 711 681 336 668 455 428 524 250 772 921 435 568 849 771 480 837 445 682 686 669 141 483 472 237 594 963 842 321 533 1062 519 551 200 332 699 672 709 184 780 259 844
401 0 372 366 842 944 937 206 176 602 963 169 920 875 249 1126 40 530 502 197 406 859 293 1003 604 948 815 461 414 649 240 532 446 141 746 453 404 434 838 798 429 522 107 192 716 652 977 424 225 210 622 941 321 144 550 1120 895 614 641 512 770 719 740 802 272 713 408 945 1000 617 841 713 1033 537 628 378 782 927 904 270 440 494 624 792 891 772 143 839 947 183 744 355 687 312 573 409 220 1005 660 1094
226 372 0 123 598 588 711 167 237 620 823 233 611 754 153 762 363 196 131 438 346 515 362 839 234 658 458 349 65 598 185 295 325 326 387 343 231 273 480 523 307 159 314 180 452 368 647 167 261 536 250 594 73 382 249 754 554 543 472 507 476 400 458 445 252 359 39 606 719 261 470 627 664 259 630 231 481 561 540 168 260 247 323 438 738 616 235 468 837 406 390 30 343 603 449 545 202 646 399 729
104 366 123 0 717 664 831 188 195 726 946 199 715 876 221 824 370 306 185 483 453 604 443 962 303 767 454 464 93 713 129 417 440 366 388 221 348 391 557 638 421 184 279 189 569 297 741 289 186 559 294 679 171 420 366 813 645 659 594 613 588 354 572 442 336 445 149 695 829 351 518 746 721 379 739 343 590 627 608 99 380 369 262 520 860 738 256 497 958 452 474 96 323 642 569 625 150 718 316 790
816 842 598 717 0 409 116 689 795 503 316 786 199 306 617 567 810 414 568 753 458 319 593 292 487 158 714 395 629 392 766 319 403 713 670 932 440 408 388 99 417 602 846 709 148 836 295 448 842 879 546 352 586 746 351 580 308 361 227 467 161 798 156 702 571 372 568 321 180 413 525 334 550 340 481 465 175 465 448 758 403 364 788 367 240 199 715 604 371 733 368 628 708 871 312 657 777 454 886 553
730 944 588 664 409 0 485 744 824 847 719 821 223 714 697 193 926 416 479 940 682 106 797 682 361 298 406 626 575 751 769 476 618 855 399 826 587 584 108 328 619 485 900 761 366 623 154 532 842 1062 378 62 624 905 411 195 101 703 545 773 288 547 322 400 720 232 549 99 347 328 196 713 142 437 834 613 266 73 74 747 567 488 587 152 648 594 801 276 779 911 201 613 471 1093 612 930 788 63 674 166
930 937 711 831 116 485 0 795 901 533 240 892 262 263 721 620 904 530 683 833 541 408 675 197 602 193 819 480 744 419 875 426 493 804 779 1047 541 505 483 210 508 717 948 814 263 951 349 557 950 957 660 424 695 832 466 636 389 403 301 520 272 910 270 808 665 482 682 389 173 528 624 348 621 452 506 564 282 548 535 869 503 473 903 468 187 213 816 704 308 816 475 740 820 938 381 713 885 521 1001 611
261 206 167 188 689 744 795 0 107 578 864 97 739 784 75 923 197 333 297 295 320 663 271 892 398 776 617 353 213 588 107 371 331 179 547 355 257 298 637 630 312 320 162 20 551 484 788 245 166 377 417 744 120 233 365 917 701 540 518 469 594 537 568 604 179 513 202 752 832 416 636 636 828 360 596 239 603 723 701 124 295 326 448 592 783 660 71 635 863 264 544 152 494 455 468 448 105 804 503 891
225 176 237 195 795 824 901 107 0 669 970 13 836 889 183 996 190 424 356 332 421 750 354 1000 468 876 649 458 260 688 66 476 437 226 583 290 364 405 716 733 418 368 84 88 655 476 879 348 68 382 474 830 215 267 463 988 789 642 625 564 694 545 670 637 276 595 275 840 934 497 699 739 897 462 690 346 702 797 776 97 403 431 449 674 890 767 122 686 968 306 626 212 519 476 574 517 46 882 484 963
823 602 620 726 503 847 533 578 669 0 428 657 685 337 514 1032 563 567 693 424 274 741 318 490 699 660 989 281 683 114 685 416 304 467 922 929 395 359 778 538 319 736 668 591 482 981 779 476 736 518 758 805 556 460 513 1040 752 146 303 113 562 993 526 975 399 686 618 785 679 646 876 188 984 476 32 389 584 878 855 698 377 439 934 736 390 320 549 928 386 425 704 636 915 460 238 226 682 906 1017 1011
1049 963 823 946 316 719 240 864 970 428 0 959 499 92 789 860 925 672 830 817 559 634 673 71 772 433 1022 513 870 333 960 530 534 821 973 1166 611 568 704 411 552 869 999 882 428 1118 589 657 1029 928 835 659 787 835 603 876 620 352 352 468 471 1092 455 1010 703 677 802 626 410 699 840 257 858 577 397 626 487 779 763 961 574 577 1068 681 87 208 865 917 74 808 677 850 1002 884 397 647 965 759 1165 851
234 169 233 199 786 821 892 97 13 657 959 0 830 878 172 994 180 419 355 321 409 746 341 989 466 869 652 447 260 676 71 467 425 214 585 302 354 394 713 725 406 368 82 78 646 484 874 340 80 373 473 826 208 256 456 986 784 630 614 551 686 550 662 640 264 591 272 835 926 494 698 727 896 454 677 335 695 794 773 102 392 422 455 670 879 756 109 687 956 294 622 210 522 466 563 504 51 879 492 961
802 920 611 715 199 223 262 739 836 685 499 830 0 502 676 368 894 415 539 869 582 161 713 459 431 77 588 519 622 579 794 394 519 806 560 911 522 504 240 150 527 561 901 758 223 760 96 497 871 996 476 162 622 848 375 382 132 540 387 632 153 703 187 579 662 287 574 127 136 367 380 527 359 383 667 550 139 289 278 778 491 427 717 241 432 396 781 464 561 844 267 640 616 1006 468 811 809 260 812 355
980 875 754 876 306 714 263 784 889 337 92 878 502 0 709 870 836 615 772 726 473 622 584 154 724 446 987 431 804 240 882 466 453 733 934 1096 535 491 685 392 472 813 914 802 391 1064 597 587 950 836 788 657 713 745 546 884 613 262 283 377 446 1045 424 974 618 643 735 627 436 653 817 165 856 517 306 548 465 768 751 885 499 511 1014 658 76 146 781 890 83 718 647 780 956 791 315 555 886 760 1110 857
311 249 153 221 617 697 721 75 183 514 789 172 676 709 0 880 229 281 280 285 249 610 221 817 366 709 611 279 214 517 176 299 256 174 540 415 182 222 590 562 237 311 229 94 481 509 729 179 241 387 395 692 84 230 303 876 646 467 442 403 528 550 500 597 116 465 179 697 764 371 605 562 790 293 530 163 538 682 659 185 220 256 468 545 708 584 106 613 789 252 496 152 496 450 394 405 178 758 534 849
878 1126 762 824 567 193 620 923 996 1032 860 994 368 870 880 0 1110 601 643 1130 875 297 989 813 528 427 478 819 740 932 938 669 811 1042 498 961 778 777 292 501 812 640 1075 939 550 726 273 721 1007 1251 530 228 805 1094 602 24 281 887 729 962 470 638 507 478 910 417 724 250 456 509 310 889 109 630 1017 805 449 200 222 914 759 681 700 339 798 762 983 361 926 1101 386 785 580 1285 800 1122 957 130 774 34
415 40 363 370 810 926 904 197 190 563 925 180 894 836 229 1110 0 510 494 161 369 838 254 966 591 919 813 426 410 610 249 503 411 103 744 475 375 402 820 769 395 517 133 187 686 662 953 400 245 192 613 920 307 105 526 1105 873 575 606 473 742 724 712 800 239 694 397 923 970 600 830 674 1018 511 589 348 755 911 888 279 409 467 631 774 853 735 129 832 908 145 726 349 688 288 536 371 231 987 672 1078
402 530 196 306 414 416 530 333 424 567 672 419 415 615 281 601 510 0 158 534 322 330 406 677 132 462 423 289 216 512 379 159 270 441 355 518 199 218 310 332 261 198 494 352 267 449 455 124 456 652 192 412 213 493 69 598 367 453 337 463 282 438 266 408 314 185 160 418 524 97 346 518 515 100 568 221 285 405 382 364 198 128 399 264 585 470 386 377 698 503 216 225 354 694 348 569 394 477 494 570
263 502 131 185 568 479 683 297 356 693 830 355 539 772 280 643 494 158 0 564 427 420 472 835 118 596 332 412 97 652 296 309 389 454 260 373 300 334 372 480 375 43 437 310 422 296 559 217 365 666 120 494 197 511 228 634 461 594 492 583 424 300 415 318 364 262 101 511 660 172 343 667 542 255 699 311 423 444 424 271 316 269 246 335 743 627 366 337 855 532 290 147 228 730 491 652 315 533 339 609
548 197 438 483 753 940 833 295 332 424 817 321 869 726 285 1130 161 534 564 0 295 843 160 866 640 881 896 359 497 489 380 477 353 116 824 623 355 366 839 730 343 596 291 294 649 779 941 411 395 127 676 923 368 65 529 1129 872 465 533 350 717 830 682 882 221 716 463 920 925 631 876 561 1048 504 453 327 733 937 914 406 380 454 742 792 754 644 228 892 791 32 746 434 780 165 452 215 366 1003 797 1101
552 406 346 453 458 682 541 320 421 274 559 409 582 473 249 875 369 322 427 295 0 579 135 597 453 589 741 64 409 268 424 206 65 267 671 661 129 105 592 439 64 469 441 336 360 710 660 213 485 421 507 656 282 291 286 877 603 221 241 161 432 727 396 726 146 478 346 647 631 414 661 318 806 252 286 117 450 694 670 434 125 203 663 545 485 365 309 699 549 275 504 363 654 423 167 251 425 745 744 848
681 859 515 604 319 106 408 663 750 741 634 746 161 622 610 297 838 330 420 843 579 0 696 604 304 238 427 522 512 646 699 373 514 762 402 784 488 483 79 230 516 434 823 681 260 610 142 439 774 966 337 82 543 811 315 301 42 597 439 666 184 547 217 418 624 158 477 91 297 255 220 610 245 339 728 515 162 147 129 680 466 389 568 90 558 495 716 303 690 814 130 542 462 993 506 825 717 167 662 272
530 293 362 443 593 797 675 271 354 318 673 341 713 584 221 989 254 406 472 160 135 696 0 717 526 722 802 199 427 356 377 325 194 152 730 627 212 214 700 572 186 510 350 281 491 727 787 283 421 286 571 775 289 162 388 989 723 322 374 221 561 761 525 787 110 580 376 770 765 503 752 421 913 359 342 187 578 801 777 395 230 308 684 653 605 490 232 779 655 141 609 368 699 297 295 184 371 860 754 960
1064 1003 839 962 292 682 197 892 1000 490 71 989 459 154 817 813 966 677 835 866 597 604 717 0 768 389 1005 546 882 389 984 544 565 863 960 1182 636 595 677 390 584 873 1033 911 420 1117 545 675 1056 980 829 621 809 880 608 830 586 401 375 521 452 1085 441 994 738 662 815 586 358 694 816 311 818 586 459 654 466 745 731 984 599 592 1067 659 112 233 899 895 143 855 659 867 995 940 431 705 991 717 1165 806
377 604 234 303 487 361 602 398 468 699 772 466 431 724 366 528 591 132 118 640 453 304 526 768 0 494 290 421 214 640 410 286 402 538 224 482 326 349 254 393 392 131 547 413 348 349 444 245 482 751 64 377 285 593 190 520 345 582 456 595 333 320 331 276 426 147 197 395 558 74 239 641 430 226 699 346 327 329 308 387 329 260 301 217 685 579 463 253 806 609 174 256 232 804 476 696 429 416 399 495
858 948 658 767 158 298 193 776 876 660 433 869 77 446 709 427 919 462 596 881 589 238 722 389 494 0 664 525 675 550 838 416 529 827 634 970 545 521 317 151 539 622 937 795 234 830 156 531 915 1008 543 235 662 866 414 443 209 517 373 619 183 776 209 654 683 353 623 199 64 426 457 491 429 416 639 572 177 365 355 825 511 454 785 315 373 355 812 541 499 858 336 687 688 1010 458 804 851 329 882 418
465 815 458 454 714 406 819 617 649 989 1022 652 588 987 611 478 813 423 332 896 741 427 802 1005 290 664 0 712 404 927 583 575 691 784 72 519 613 639 348 615 681 300 733 626 597 257 551 529 634 993 234 458 528 840 478 459 461 869 734 886 553 163 568 15 695 345 433 492 724 347 212 922 371 514 989 629 539 336 333 553 619 551 242 352 938 844 688 131 1065 864 346 467 134 1061 763 978 604 427 300 447
566 461 349 464 395 626 480 353 458 281 513 447 519 431 279 819 426 289 412 359 64 522 199 546 421 525 712 0 409 249 453 154 25 324 644 679 118 78 539 375 43 455 487 371 296 703 599 196 519 485 479 597 294 352 243 822 544 194 181 174 370 712 333 697 192 431 342 587 567 375 617 285 753 207 287 122 389 642 618 459 96 162 655 494 435 313 353 660 510 338 455 370 634 487 116 303 456 689 741 792
186 414 65 93 629 575 744 213 260 683 870 260 622 804 214 740 410 216 97 497 409 512 427 882 214 675 404 409 0 657 199 340 385 383 334 303 291 332 467 548 368 109 343 223 482 303 649 219 268 589 214 588 138 439 278 731 552 601 521 570 497 336 482 391 316 353 69 603 737 259 439 683 639 296 693 293 498 541 521 174 318 293 258 429 783 663 284 427 887 465 383 63 283 661 505 610 219 630 335 706
815 649 598 713 392 751 419 588 688 114 333 676 579 240 517 932 610 512 652 489 268 646 356 389 640 550 927 249 657 0 692 354 274 508 863 926 367 325 689 433 292 695 701 604 385 947 673 441 752 597 702 705 542 513 450 941 653 58 208 139 464 948 429 913 411 607 590 683 566 580 796 78 891 414 89 370 485 787 765 701 340 386 897 649 283 206 572 855 302 483 622 619 866 552 164 316 693 808 986 912
168 240 185 129 766 769 875 107 66 685 960 71 794 882 176 938 249 379 296 380 424 699 377 984 410 838 583 453 199 692 0 450 430 267 517 251 349 391 662 698 411 304 150 95 622 413 832 318 77 441 412 778 180 315 424 929 739 643 610 576 655 480 633 571 285 543 223 790 897 445 638 737 837 427 703 334 661 739 718 31 386 402 384 621 877 753 155 622 962 351 573 157 453 531 567 550 21 826 423 905
520 532 295 417 319 476 426 371 476 416 530 467 394 466 299 669 503 159 309 477 206 373 325 544 286 416 575 154 340 354 450 0 143 412 510 638 129 112 386 266 143 351 528 390 184 604 463 133 525 603 348 451 270 454 97 671 399 296 183 319 242 597 209 560 268 277 272 445 468 230 465 359 600 61 414 156 257 488 465 445 98 48 554 340 444 324 399 513 549 451 301 323 513 622 190 456 460 539 648 641
542 446 325 440 403 618 493 331 437 304 534 425 519 453 256 811 411 270 389 353 65 514 194 565 402 529 691 25 385 274 430 143 0 311 623 655 94 55 529 378 19 432 468 349 298 679 596 172 497 479 458 591 270 342 227 813 538 219 196 195 369 689 332 677 174 417 318 582 573 358 602 309 742 192 310 97 386 631 607 435 73 145 631 482 455 332 334 643 533 331 442 345 612 487 138 313 434 681 716 784
434 141 326 366 713 855 804 179 226 467 821 214 806 733 174 1042 103 441 454 116 267 762 152 863 538 827 784 324 383 508 267 412 311 0 713 514 284 307 751 676 296 484 204 179 594 663 870 323 292 213 569 844 258 56 447 1039 795 473 505 373 654 714 621 770 144 626 353 844 876 536 776 572 956 428 492 256 668 846 823 293 316 381 626 704 750 632 113 787 806 86 656 320 666 279 434 293 255 917 681 1011
408 746 387 388 670 399 779 547 583 922 973 585 560 934 540 498 744 355 260 824 671 402 730 960 224 634 72 644 334 863 517 510 623 713 0 473 543 570 325 571 612 229 667 557 546 229 534 459 571 922 165 444 457 769 413 481 439 806 675 818 509 149 520 58 623 298 361 476 696 285 204 861 390 449 923 559 497 334 326 487 550 484 202 319 888 789 618 138 1013 792 304 396 82 989 699 907 538 430 278 465
118 453 343 221 932 826 1047 355 290 929 1166 302 911 1096 415 961 475 518 373 623 661 784 627 1182 482 970 519 679 303 926 251 638 655 514 473 0 565 609 725 849 636 351 346 346 784 274 925 509 230 663 449 852 386 558 581 947 826 874 815 818 795 368 783 512 530 629 367 874 1033 544 652 963 853 598 945 558 795 776 760 232 598 590 277 695 1081 959 404 606 1178 596 655 317 391 763 787 801 260 872 254 928
450 404 231 348 440 587 541 257 364 395 611 354 522 535 182 778 375 199 300 355 129 488 212 636 326 545 613 118 291 367 349 129 94 284 543 565 0 44 489 394 77 342 407 276 312 587 588 84 419 479 379 568 179 327 177 778 518 312 261 284 370 600 338 598 140 369 224 565 596 294 543 399 701 150 403 28 384 589 565 350 38 99 539 442 529 405 275 576 616 327 397 253 526 507 222 370 355 650 623 749
494 434 273 391 408 584 505 298 405 359 568 394 504 491 222 777 402 218 334 366 105 483 214 595 349 521 639 78 332 325 391 112 55 307 570 609 44 0 491 369 43 377 444 316 287 625 575 118 461 492 405 562 223 346 182 778 510 269 220 250 351 634 317 624 163 375 264 556 569 309 556 355 704 149 365 59 367 592 568 393 20 99 576 444 486 363 311 594 573 341 401 296 557 511 178 355 397 648 662 749
627 838 480 557 388 108 483 637 716 778 704 713 240 685 590 292 820 310 372 839 592 79 700 677 254 317 348 539 467 689 662 386 529 751 325 725 489 491 0 294 528 380 793 654 308 538 211 429 734 960 276 128 517 802 312 289 114 637 481 695 240 471 268 339 619 125 441 154 376 221 141 660 214 342 768 515 220 102 79 640 472 393 498 47 625 553 694 224 757 810 95 505 389 995 540 842 680 168 590 261
734 798 523 638 99 328 210 630 733 538 411 725 150 392 562 501 769 332 480 730 439 230 572 390 393 151 615 375 548 433 698 266 378 676 571 849 394 369 294 0 388 512 790 650 82 741 241 386 775 857 450 276 520 715 275 511 227 392 237 482 62 700 66 603 532 273 491 251 203 319 429 388 470 272 520 421 76 377 359 688 360 306 693 270 331 266 664 506 462 707 269 553 611 861 318 662 711 380 791 483
523 429 307 421 417 619 508 312 418 319 552 406 527 472 237 812 395 261 375 343 64 516 186 584 392 539 681 43 368 292 411 143 19 296 612 636 77 43 528 388 0 417 450 330 306 663 602 158 477 470 448 594 251 329 222 813 541 238 213 208 375 675 340 666 157 414 301 586 584 351 597 328 741 188 326 79 393 630 606 416 63 139 615 481 473 350 315 636 552 320 440 327 599 481 157 315 415 682 700 784
247 522 159 184 602 485 717 320 368 736 869 368 561 813 311 640 517 198 43 596 469 434 510 873 131 622 300 455 109 695 304 351 432 484 229 351 342 377 380 512 417 0 451 331 457 253 575 259 369 694 110 505 229 540 267 630 476 637 533 626 454 258 447 286 401 279 135 525 686 196 335 709 537 296 742 352 451 444 426 277 359 311 204 347 782 668 390 319 895 564 305 168 189 761 534 691 325 537 297 607
300 107 314 279 846 900 948 162 84 668 999 82 901 914 229 1075 133 494 437 291 441 823 350 1033 547 937 733 487 343 701 150 528 468 204 667 346 407 444 793 790 450 451 0 143 710 555 949 405 119 317 556 903 281 230 526 1068 861 659 662 569 755 626 728 721 296 670 352 912 993 572 780 758 977 521 692 385 764 875 854 180 445 485 529 749 922 800 134 769 990 271 701 291 602 418 603 494 129 959 559 1042
256 192 180 189 709 761 814 20 88 591 882 78 758 802 94 939 187 352 310 294 336 681 281 911 413 795 626 371 223 604 95 390 349 179 557 346 276 316 654 650 330 331 143 0 571 486 806 264 149 371 430 762 138 231 384 933 719 556 536 483 613 542 587 613 193 530 217 770 852 433 650 652 844 379 610 257 622 739 717 116 314 346 451 610 802 678 67 647 881 264 561 163 502 452 486 455 91 821 502 907
668 716 452 569 148 366 263 551 655 482 428 646 223 391 481 550 686 267 422 649 360 260 491 420 348 234 597 296 482 385 622 184 298 594 546 784 312 287 308 82 306 457 710 571 0 697 307 307 699 776 409 323 443 633 204 557 270 338 179 416 80 665 43 584 449 252 421 304 284 274 430 352 505 195 468 338 102 403 382 613 277 225 648 274 342 250 583 500 468 626 258 481 575 783 252 589 634 423 745 528
257 652 368 297 836 623 951 484 476 981 1118 484 760 1064 509 726 662 449 296 779 710 610 727 1117 349 830 257 703 303 947 413 604 679 663 229 274 587 625 538 741 663 253 555 486 697 0 749 507 440 853 291 663 440 716 518 709 650 889 786 870 680 96 681 253 618 478 364 692 894 424 431 962 618 548 989 593 673 561 551 383 608 564 50 522 1030 919 553 366 1147 748 494 359 151 938 787 912 432 657 52 694
821 977 647 741 295 154 349 788 879 779 589 874 96 597 729 273 953 455 559 941 660 142 787 545 444 156 551 599 649 673 832 463 596 870 534 925 588 575 211 241 602 575 949 806 307 749 0 553 907 1066 478 94 668 915 427 288 100 633 478 721 229 681 266 543 728 297 609 59 196 390 339 623 276 443 761 616 210 226 222 814 561 490 708 231 525 493 835 422 653 914 270 675 599 1083 556 895 848 174 800 262
392 424 167 289 448 532 557 245 348 476 657 340 497 587 179 721 400 124 217 411 213 439 283 675 245 531 529 196 219 441 318 133 172 323 459 509 84 118 429 386 158 259 405 264 307 507 553 0 393 531 295 521 138 373 126 718 473 383 306 366 349 517 323 514 191 305 151 523 587 221 469 464 637 115 483 101 360 526 503 312 101 85 459 382 572 449 284 497 670 381 335 193 442 570 285 451 328 594 546 690
184 225 261 186 842 842 950 166 68 736 1029 80 871 950 241 1007 245 456 365 395 485 774 421 1056 482 915 634 519 268 752 77 525 497 292 571 230 419 461 734 775 477 369 119 149 699 440 907 393 0 435 479 853 256 331 501 998 814 705 681 630 732 516 710 623 341 617 299 865 974 520 704 801 905 504 756 403 738 809 789 95 457 478 418 694 948 824 189 683 1029 371 647 232 501 533 634 584 65 898 441 974
607 210 536 559 879 1062 957 377 382 518 928 373 996 836 387 1251 192 652 666 127 421 966 286 980 751 1008 993 485 589 597 441 603 479 213 922 663 479 492 960 857 470 694 317 371 776 853 1066 531 435 0 781 1047 470 159 651 1249 996 579 657 460 843 912 809 979 342 835 565 1045 1052 747 989 671 1167 628 549 451 859 1056 1033 470 506 578 820 913 870 763 306 1000 897 152 865 526 871 108 575 294 423 1124 864 1221
353 622 250 294 546 378 660 417 474 758 835 473 476 788 395 530 613 192 120 676 507 337 571 829 64 543 234 479 214 702 412 348 458 569 165 449 379 405 276 450 448 110 556 430 409 291 478 295 479 781 0 403 311 625 252 520 378 644 519 653 389 257 391 219 467 190 217 425 607 136 226 704 427 288 760 396 382 334 317 386 385 320 244 247 748 642 484 219 869 644 211 267 169 841 538 745 432 428 342 497
752 941 594 679 352 62 424 744 830 805 659 826 162 657 692 228 920 412 494 923 656 82 775 621 377 235 458 597 588 705 778 451 591 844 444 852 568 562 128 276 594 505 903 762 323 663 94 521 853 1047 403 0 624 892 397 236 54 660 501 736 243 592 279 451 705 236 556 37 285 333 246 664 199 419 790 596 221 133 128 758 546 469 625 159 589 541 798 328 720 895 205 621 513 1072 573 900 796 104 714 207
272 321 73 171 586 624 695 120 215 556 787 208 622 713 84 805 307 213 197 368 282 543 289 809 285 662 528 294 138 542 180 270 270 258 457 386 179 223 517 520 251 229 281 138 443 440 668 138 256 470 311 624 0 314 249 799 580 489 435 443 479 474 456 514 178 393 96 632 720 296 524 578 712 248 568 173 487 605 583 175 214 222 396 473 703 580 179 530 795 335 424 82 416 533 402 472 192 685 469 773
483 144 382 420 746 905 832 233 267 460 835 256 848 745 230 1094 105 493 511 65 291 811 162 880 593 866 840 352 439 513 315 454 342 56 769 558 327 346 802 715 329 540 230 231 633 716 915 373 331 159 625 892 314 0 495 1091 842 483 532 375 696 769 662 827 187 678 409 891 913 589 830 581 1008 474 487 299 711 898 875 342 357 426 680 755 767 652 164 842 814 41 708 376 722 223 456 266 301 968 733 1063
464 550 249 366 351 411 466 365 463 513 603 456 375 546 303 602 526 69 228 529 286 315 388 608 190 414 478 243 278 450 424 97 227 447 413 581 177 182 312 275 222 267 526 384 204 518 427 126 501 651 252 397 249 495 0 601 348 393 269 414 231 504 210 463 309 193 217 397 473 133 375 452 525 37 512 203 238 412 389 413 163 83 468 265 515 401 409 418 629 500 221 278 419 683 286 537 438 474 564 573
865 1120 754 813 580 195 636 917 988 1040 876 986 382 884 876 24 1105 598 634 1129 877 301 989 830 520 443 459 822 731 941 929 671 813 1039 481 947 778 778 289 511 813 630 1068 933 557 709 288 718 998 1249 520 236 799 1091 601 0 288 895 736 968 478 620 514 459 908 413 716 260 474 505 297 899 94 630 1025 804 456 194 217 904 760 681 684 337 813 774 978 344 941 1099 383 777 563 1284 806 1125 949 134 756 29
722 895 554 645 308 101 389 701 789 752 620 784 132 613 646 281 873 367 461 872 603 42 723 586 345 209 461 544 552 653 739 399 538 795 439 826 518 510 114 227 541 476 861 719 270 650 100 473 814 996 378 54 580 842 348 288 0 607 449 682 190 585 226 453 655 199 516 51 265 295 251 613 243 368 738 545 168 160 147 720 494 418 609 131 547 492 752 335 679 844 171 582 502 1020 519 846 756 154 702 259
761 614 543 659 361 703 403 540 642 146 352 630 540 262 467 887 575 453 594 465 221 597 322 401 582 517 869 194 601 58 643 296 219 473 806 874 312 269 637 392 238 637 659 556 338 889 633 383 705 579 644 660 489 483 393 895 607 0 159 121 417 889 381 855 366 552 533 640 539 523 742 99 842 356 131 316 439 736 714 650 284 327 840 597 291 193 528 799 333 456 568 564 807 544 106 313 645 761 929 866
698 641 472 594 227 545 301 518 625 303 352 614 387 283 442 729 606 337 492 533 241 439 374 375 456 373 734 181 521 208 610 183 196 505 675 815 261 220 481 237 213 533 662 536 179 786 478 306 681 657 519 501 435 532 269 736 449 159 0 246 259 773 223 720 370 403 453 482 405 389 592 188 683 238 289 279 280 579 557 610 224 228 736 442 268 144 528 654 366 515 417 498 687 645 85 431 616 602 830 708
711 512 507 613 467 773 520 469 564 113 468 551 632 377 403 962 473 463 583 350 161 666 221 521 595 619 886 174 570 139 576 319 195 373 818 818 284 250 695 482 208 626 569 483 416 870 721 366 630 460 653 736 443 375 414 968 682 121 246 0 496 883 458 871 290 595 506 720 647 547 784 211 906 377 127 277 517 797 774 588 269 335 822 651 411 313 445 831 441 344 616 524 807 423 165 193 574 833 905 938
681 770 476 588 161 288 272 594 694 562 471 686 153 446 528 470 742 282 424 717 432 184 561 452 333 183 553 370 497 464 655 242 369 654 509 795 370 351 240 62 375 454 755 613 80 680 229 349 732 843 389 243 479 696 231 478 190 417 259 496 0 638 38 541 510 211 442 224 242 260 371 426 428 234 547 397 22 329 310 643 339 275 633 212 389 313 632 447 519 692 207 506 549 855 332 667 669 344 730 449
336 719 400 354 798 547 910 537 545 993 1092 550 703 1045 550 638 724 438 300 830 727 547 761 1085 320 776 163 712 336 948 480 597 689 714 149 368 600 634 471 700 675 258 626 542 665 96 681 517 516 912 257 592 474 769 504 620 585 889 773 883 638 0 644 161 651 429 387 623 838 393 352 956 531 538 998 610 628 482 474 449 616 562 98 462 1005 899 608 281 1126 798 441 398 90 992 785 944 499 577 137 606
668 740 458 572 156 322 270 568 670 526 455 662 187 424 500 507 712 266 415 682 396 217 525 441 331 209 568 333 482 429 633 209 332 621 520 783 338 317 268 66 340 447 728 587 43 681 266 323 710 809 391 279 456 662 210 514 226 381 223 458 38 644 0 555 477 222 425 262 265 258 393 394 462 208 512 365 59 361 340 622 306 246 632 235 371 287 604 466 499 657 224 487 554 819 294 629 646 380 730 485
455 802 445 442 702 400 808 604 637 975 1010 640 579 974 597 478 800 408 318 882 726 418 787 994 276 654 15 697 391 913 571 560 677 770 58 512 598 624 339 603 666 286 721 613 584 253 543 514 623 979 219 451 514 827 463 459 453 855 720 871 541 161 555 0 681 333 419 485 715 333 205 908 371 500 974 615 527 331 327 541 604 536 236 342 925 831 675 125 1052 850 334 453 124 1047 749 963 592 423 297 446
428 272 252 336 571 720 665 179 276 399 703 264 662 618 116 910 239 314 364 221 146 624 110 738 426 683 695 192 316 411 285 268 174 144 623 530 140 163 619 532 157 401 296 193 449 618 728 191 341 342 467 705 178 187 309 908 655 366 370 290 510 651 477 681 0 495 266 704 732 411 658 464 828 287 417 112 524 717 693 299 172 238 574 572 626 505 163 679 695 191 525 259 590 380 307 294 284 783 645 880
524 713 359 445 372 232 482 513 595 686 677 591 287 643 465 417 694 185 262 716 478 158 580 662 147 353 345 431 353 607 543 277 417 626 298 629 369 375 125 273 414 279 670 530 252 478 297 305 617 835 190 236 393 678 193 413 199 552 403 595 211 429 222 333 495 0 320 250 417 98 190 590 333 226 679 394 199 221 198 522 356 276 432 80 593 501 569 251 720 686 31 385 340 873 448 729 560 293 529 386
250 408 39 149 568 549 682 202 275 618 802 272 574 735 179 724 397 160 101 463 346 477 376 815 197 623 433 342 69 590 223 272 318 353 361 367 224 264 441 491 301 135 352 217 421 364 609 151 299 565 217 556 96 409 217 716 516 533 453 506 442 387 425 419 266 320 0 567 684 223 434 614 627 231 627 229 446 523 502 205 249 225 317 399 716 595 268 436 818 431 351 66 323 628 436 558 240 608 399 691
772 945 606 695 321 99 389 752 840 785 626 835 127 627 697 250 923 418 511 920 647 91 770 586 395 199 492 587 603 683 790 445 582 844 476 874 565 556 154 251 586 525 912 770 304 692 59 523 865 1045 425 37 632 891 397 260 51 640 482 720 224 623 262 485 704 250 567 0 248 346 280 639 232 417 769 593 203 170 164 771 541 466 652 179 557 513 803 363 688 892 221 633 542 1066 556 888 807 133 743 233
921 1000 719 829 180 347 173 832 934 679 410 926 136 436 764 456 970 524 660 925 631 297 765 358 558 64 724 567 737 566 897 468 573 876 696 1033 596 569 376 203 584 686 993 852 284 894 196 587 974 1052 607 285 720 913 473 474 265 539 405 647 242 838 265 715 732 417 684 248 0 490 516 502 471 473 655 622 239 417 409 885 561 508 849 377 360 364 867 599 480 903 400 748 751 1048 490 836 910 370 945 451
435 617 261 351 413 328 528 416 497 646 699 494 367 653 371 509 600 97 172 631 414 255 503 694 74 426 347 375 259 580 445 230 358 536 285 544 294 309 221 319 351 196 572 433 274 424 390 221 520 747 136 333 296 589 133 505 295 523 389 547 260 393 258 333 411 98 223 346 490 0 249 576 420 170 644 317 256 311 288 425 289 213 375 177 612 508 474 285 734 600 129 288 304 791 417 663 463 388 473 478
568 841 470 518 525 196 624 636 699 876 840 698 380 817 605 310 830 346 343 876 661 220 752 816 239 457 212 617 439 796 638 465 602 776 204 652 543 556 141 429 597 335 780 650 430 431 339 469 704 989 226 246 524 830 375 297 251 742 592 784 371 352 393 205 658 190 434 280 516 249 0 777 203 410 869 566 353 130 122 612 536 457 398 159 760 680 701 84 890 844 175 490 280 1038 639 911 658 227 481 276
849 713 627 746 334 713 348 636 739 188 257 727 527 165 562 889 674 518 667 561 318 610 421 311 641 491 922 285 683 78 737 359 309 572 861 963 399 355 660 388 328 709 758 652 352 962 623 464 801 671 704 664 578 581 452 899 613 99 188 211 426 956 394 908 464 590 614 639 502 576 777 0 854 418 159 406 448 755 734 744 367 398 913 624 205 138 626 841 234 553 602 651 871 629 178 394 740 767 1005 870
771 1033 664 721 550 142 621 828 897 984 858 896 359 856 790 109 1018 515 542 1048 806 245 913 818 430 429 371 753 639 891 837 600 742 956 390 853 701 704 214 470 741 537 977 844 505 618 276 637 905 1167 427 199 712 1008 525 94 243 842 683 906 428 531 462 371 828 333 627 232 471 420 203 854 0 555 972 727 407 112 136 812 686 606 591 260 788 736 890 252 919 1018 304 686 471 1206 748 1056 857 101 666 76
480 537 259 379 340 437 452 360 462 476 577 454 383 517 293 630 511 100 255 504 252 339 359 586 226 416 514 207 296 414 427 61 192 428 449 598 150 149 342 272 188 296 521 379 195 548 443 115 504 628 288 419 248 474 37 630 368 356 238 377 234 538 208 500 287 226 231 417 473 170 410 418 555 0 475 177 245 443 419 418 131 51 498 295 490 373 398 455 600 476 252 288 453 656 250 503 440 501 593 601
837 628 630 739 481 834 506 596 690 32 397 677 667 306 530 1017 589 568 699 453 286 728 342 459 699 639 989 287 693 89 703 414 310 492 923 945 403 365 768 520 326 742 692 610 468 989 761 483 756 549 760 790 568 487 512 1025 738 131 289 127 547 998 512 974 417 679 627 769 655 644 869 159 972 475 0 400 569 867 845 715 383 440 941 727 359 294 570 924 354 453 697 648 919 492 231 257 701 892 1026 996
445 378 231 343 465 613 564 239 346 389 626 335 550 548 163 805 348 221 311 327 117 515 187 654 346 572 629 122 293 370 334 156 97 256 559 558 28 59 515 421 79 352 385 257 338 593 616 101 403 451 396 596 173 299 203 804 545 316 279 277 397 610 365 615 112 394 229 593 622 317 566 406 727 177 400 0 412 615 591 338 62 127 545 468 545 421 252 597 628 299 423 250 538 480 233 350 339 677 628 776
682 782 481 590 175 266 282 603 702 584 487 695 139 465 538 449 755 285 423 733 450 162 578 466 327 177 539 389 498 485 661 257 386 668 497 795 384 367 220 76 393 451 764 622 102 673 210 360 738 859 382 221 487 711 238 456 168 439 280 517 22 628 59 527 524 199 446 203 239 256 353 448 407 245 569 412 0 308 289 648 354 288 626 194 407 334 643 430 537 708 193 510 539 873 353 687 676 322 724 427
686 927 561 627 465 73 548 723 797 878 779 794 289 768 682 200 911 405 444 937 694 147 801 745 329 365 336 642 541 787 739 488 631 846 334 776 589 592 102 377 630 444 875 739 403 561 226 526 809 1056 334 133 605 898 412 194 160 736 579 797 329 482 361 331 717 221 523 170 417 311 130 755 112 443 867 615 308 0 24 715 574 494 527 148 704 642 784 205 836 907 192 585 409 1094 640 944 758 97 611 168
669 904 540 608 448 74 535 701 776 855 763 773 278 751 659 222 888 382 424 914 670 129 777 731 308 355 333 618 521 765 718 465 607 823 326 760 565 568 79 359 606 426 854 717 382 551 222 503 789 1033 317 128 583 875 389 217 147 714 557 774 310 474 340 327 693 198 502 164 409 288 122 734 136 419 845 591 289 24 0 695 550 470 516 125 688 622 761 202 819 884 169 564 399 1071 618 920 737 112 601 190
141 270 168 99 758 747 869 124 97 698 961 102 778 885 185 914 279 364 271 406 434 680 395 984 387 825 553 459 174 701 31 445 435 293 487 232 350 393 640 688 416 277 180 116 613 383 814 312 95 470 386 758 175 342 413 904 720 650 610 588 643 449 622 541 299 522 205 771 885 425 612 744 812 418 715 338 648 715 695 0 387 397 353 600 878 754 179 594 966 378 553 139 422 559 571 571 51 803 394 880
483 440 260 380 403 567 503 295 403 377 574 392 491 499 220 759 409 198 316 380 125 466 230 599 329 511 619 96 318 340 386 98 73 316 550 598 38 20 472 360 63 359 445 314 277 608 561 101 457 506 385 546 214 357 163 760 494 284 224 269 339 616 306 604 172 356 249 541 561 289 536 367 686 131 383 62 354 574 550 387 0 80 559 425 491 368 313 574 581 354 382 284 539 527 189 375 393 630 646 731
472 494 247 369 364 488 473 326 431 439 577 422 427 511 256 681 467 128 269 454 203 389 308 592 260 454 551 162 293 386 402 48 145 381 484 590 99 99 393 306 139 311 485 346 225 564 490 85 478 578 320 469 222 426 83 681 418 327 228 335 275 562 246 536 238 276 225 466 508 213 457 398 606 51 440 127 288 494 470 397 80 0 515 346 491 370 358 498 594 426 302 275 480 605 223 454 413 552 607 652
237 624 323 262 788 587 903 448 449 934 1068 455 717 1014 468 700 631 399 246 742 663 568 684 1067 301 785 242 655 258 897 384 554 631 626 202 277 539 576 498 693 615 204 529 451 648 50 708 459 418 820 244 625 396 680 468 684 609 840 736 822 633 98 632 236 574 432 317 652 849 375 398 913 591 498 941 545 626 527 516 353 559 515 0 480 981 869 518 340 1097 711 450 316 120 903 737 868 404 624 98 667
594 792 438 520 367 152 468 592 674 736 681 670 241 658 545 339 774 264 335 792 545 90 653 659 217 315 352 494 429 649 621 340 482 704 319 695 442 444 47 270 481 347 749 610 274 522 231 382 694 913 247 159 473 755 265 337 131 597 442 651 212 462 235 342 572 80 399 179 377 177 159 624 260 295 727 468 194 148 125 600 425 346 480 0 601 522 649 237 731 763 49 464 376 948 498 796 639 213 574 308
963 891 738 860 240 648 187 783 890 390 87 879 432 76 708 798 853 585 743 754 485 558 605 112 685 373 938 435 783 283 877 444 455 750 888 1081 529 486 625 331 473 782 922 802 342 1030 525 572 948 870 748 589 703 767 515 813 547 291 268 411 389 1005 371 925 626 593 716 557 360 612 760 205 788 490 359 545 407 704 688 878 491 491 981 601 0 124 788 835 132 743 594 765 916 833 319 598 884 691 1077 787
842 772 616 738 199 594 213 660 767 320 208 756 396 146 584 762 735 470 627 644 365 495 490 233 579 355 844 313 663 206 753 324 332 632 789 959 405 363 553 266 350 668 800 678 250 919 493 449 824 763 642 541 580 652 401 774 492 193 144 313 313 899 287 831 505 501 595 513 364 508 680 138 736 373 294 421 334 642 622 754 368 370 869 522 124 0 665 750 228 630 508 642 811 735 199 505 760 644 964 746
321 143 235 256 715 801 816 71 122 549 865 109 781 781 106 983 129 386 366 228 309 716 232 899 463 812 688 353 284 572 155 399 334 113 618 404 275 311 694 664 315 390 134 67 583 553 835 284 189 306 484 798 179 164 409 978 752 528 528 445 632 608 604 675 163 569 268 803 867 474 701 626 890 398 570 252 643 784 761 179 313 358 518 649 788 665 0 703 858 198 600 222 566 386 469 398 144 862 569 951
533 839 468 497 604 276 704 635 686 928 917 687 464 890 613 361 832 377 337 892 699 303 779 895 253 541 131 660 427 855 622 513 643 787 138 606 576 594 224 506 636 319 769 647 500 366 422 497 683 1000 219 328 530 842 418 344 335 799 654 831 447 281 466 125 679 251 436 363 599 285 84 841 252 455 924 597 430 205 202 594 574 498 340 237 835 750 703 0 965 860 243 484 219 1056 694 946 643 298 414 328
1062 947 837 958 371 779 308 863 968 386 74 956 561 83 789 926 908 698 855 791 549 690 655 143 806 499 1065 510 887 302 962 549 533 806 1013 1178 616 573 757 462 552 895 990 881 468 1147 653 670 1029 897 869 720 795 814 629 941 679 333 366 441 519 1126 499 1052 695 720 818 688 480 734 890 234 919 600 354 628 537 836 819 966 581 594 1097 731 132 228 858 965 0 785 723 862 1038 845 395 610 966 821 1192 916
519 183 406 452 733 911 816 264 306 425 808 294 844 718 252 1101 145 503 532 32 275 814 141 855 609 858 864 338 465 483 351 451 331 86 792 596 327 341 810 707 320 564 271 264 626 748 914 381 371 152 644 895 335 41 500 1099 844 456 515 344 692 798 657 850 191 686 431 892 903 600 844 553 1018 476 453 299 708 907 884 378 354 426 711 763 743 630 198 860 785 0 716 402 748 197 436 226 339 974 766 1071
551 744 390 474 368 201 475 544 626 704 677 622 267 647 496 386 726 216 290 746 504 130 609 659 174 336 346 455 383 622 573 301 442 656 304 655 397 401 95 269 440 305 701 561 258 494 270 335 647 865 211 205 424 708 221 383 171 568 417 616 207 441 224 334 525 31 351 221 400 129 175 602 304 252 697 423 193 192 169 553 382 302 450 49 594 508 600 243 723 716 0 416 352 902 467 755 591 262 546 355
200 355 30 96 628 613 740 152 212 636 850 210 640 780 152 785 349 225 147 434 363 542 368 867 256 687 467 370 63 619 157 323 345 320 396 317 253 296 505 553 327 168 291 163 481 359 675 193 232 526 267 621 82 376 278 777 582 564 498 524 506 398 487 453 259 385 66 633 748 288 490 651 686 288 648 250 510 585 564 139 284 275 316 464 765 642 222 484 862 402 416 0 346 598 473 552 175 671 387 752
332 687 343 323 708 471 820 494 519 915 1002 522 616 956 496 580 688 354 228 780 654 462 699 995 232 688 134 634 283 866 453 513 612 666 82 391 526 557 389 611 599 189 602 502 575 151 599 442 501 871 169 513 416 722 419 563 502 807 687 807 549 90 554 124 590 340 323 542 751 304 280 871 471 453 919 538 539 409 399 422 539 480 120 376 916 811 566 219 1038 748 352 346 0 944 702 880 473 506 202 547
699 312 603 642 871 1093 938 455 476 460 884 466 1006 791 450 1285 288 694 730 165 423 993 297 940 804 1010 1061 487 661 552 531 622 487 279 989 763 507 511 995 861 481 761 418 452 783 938 1083 570 533 108 841 1072 533 223 683 1284 1020 544 645 423 855 992 819 1047 380 873 628 1066 1048 791 1038 629 1206 656 492 480 873 1094 1071 559 527 605 903 948 833 735 386 1056 845 197 902 598 944 0 560 236 515 1156 953 1256
672 573 449 569 312 612 381 468 574 238 397 563 468 315 394 800 536 348 491 452 167 506 295 431 476 458 763 116 505 164 567 190 138 434 699 787 222 178 540 318 157 534 603 486 252 787 556 285 634 575 538 573 402 456 286 806 519 106 85 165 332 785 294 749 307 448 436 556 490 417 639 178 748 250 231 233 353 640 618 571 189 223 737 498 319 199 469 694 395 436 467 473 702 560 0 347 571 672 828 777
709 409 545 625 657 930 713 448 517 226 647 504 811 555 405 1122 371 569 652 215 251 825 184 705 696 804 978 303 610 316 550 456 313 293 907 801 370 355 842 662 315 691 494 455 589 912 895 451 584 294 745 900 472 266 537 1125 846 313 431 193 667 944 629 963 294 729 558 888 836 663 911 394 1056 503 257 350 687 944 920 571 375 454 868 796 598 505 398 946 610 226 755 552 880 236 347 0 541 992 938 1096
184 220 202 150 777 788 885 105 46 682 965 51 809 886 178 957 231 394 315 366 425 717 371 991 429 851 604 456 219 693 21 460 434 255 538 260 355 397 680 711 415 325 129 91 634 432 848 328 65 423 432 796 192 301 438 949 756 645 616 574 669 499 646 592 284 560 240 807 910 463 658 740 857 440 701 339 676 758 737 51 393 413 404 639 884 760 144 643 966 339 591 175 473 515 571 541 0 845 441 924
780 1005 646 718 454 63 521 804 882 906 759 879 260 760 758 130 987 477 533 1003 745 167 860 717 416 329 427 689 630 808 826 539 681 917 430 872 650 648 168 380 682 537 959 821 423 657 174 594 898 1124 428 104 685 968 474 134 154 761 602 833 344 577 380 423 783 293 608 133 370 388 227 767 101 501 892 677 322 97 112 803 630 552 624 213 691 644 862 298 821 974 262 671 506 1156 672 992 845 0 707 105
259 660 399 316 886 674 1001 503 484 1017 1165 492 812 1110 534 774 672 494 339 797 744 662 754 1165 399 882 300 741 335 986 423 648 716 681 278 254 623 662 590 791 700 297 559 502 745 52 800 546 441 864 342 714 469 733 564 756 702 929 830 905 730 137 730 297 645 529 399 743 945 473 481 1005 666 593 1026 628 724 611 601 394 646 607 98 574 1077 964 569 414 1192 766 546 387 202 953 828 938 441 707 0 741
844 1094 729 790 553 166 611 891 963 1011 851 961 355 857 849 34 1078 570 609 1101 848 272 960 806 495 418 447 792 706 912 905 641 784 1011 465 928 749 749 261 483 784 607 1042 907 528 694 262 690 974 1221 497 207 773 1063 573 29 259 866 708 938 449 606 485 446 880 386 691 233 451 478 276 870 76 601 996 776 427 168 190 880 731 652 667 308 787 746 951 328 916 1071 355 752 547 1256 777 1096 924 105 741 0
