# TTSP Euclidean complete-graph matrix instance
# seed: 2017
# depot: 1
# L_max is not stored in this file; pass it with --budget when running algorithms.
# coordinate rows: node x y
# coord 1 199.162904 343.047126
# coord 2 321.190692 510.754617
# coord 3 731.210195 848.634850
# coord 4 458.424326 837.545469
# coord 5 115.168856 883.373913
# coord 6 390.710143 979.403351
# coord 7 674.201840 6.444698
# coord 8 80.593950 267.521540
# coord 9 795.002764 142.370275
# coord 10 191.891701 275.833025
# coord 11 233.988253 521.204992
# coord 12 985.504448 653.084088
# coord 13 390.379507 857.269666
# coord 14 589.853891 841.121501
# coord 15 302.855961 751.721771
# coord 16 786.894110 884.760207
# coord 17 707.617443 506.706780
# coord 18 986.051072 352.262368
# coord 19 292.152405 650.504270
# coord 20 115.686980 151.600533
# coord 21 744.326909 239.321684
# coord 22 448.119491 733.074900
# coord 23 730.445349 868.513036
# coord 24 70.104058 203.691263
# coord 25 192.312094 420.416987
# coord 26 745.270322 801.735765
# coord 27 276.095309 479.185438
# coord 28 681.373775 76.779497
# coord 29 674.455058 312.100141
# coord 30 811.521182 327.007109
# coord 31 123.326005 381.638523
# coord 32 574.967918 749.784551
# coord 33 692.982608 830.297239
# coord 34 606.181597 413.369555
# coord 35 688.864113 358.378040
# coord 36 171.205990 66.245984
# coord 37 925.204528 369.677612
# coord 38 172.047787 734.381860
# coord 39 767.719669 562.401408
# coord 40 483.203519 938.827385
# coord 41 376.707087 486.618584
# coord 42 148.879134 937.300651
# coord 43 254.031229 52.802680
# coord 44 190.810631 945.770796
# coord 45 746.463943 773.091557
# coord 46 677.368339 911.737379
# coord 47 284.147344 107.939199
# coord 48 968.216897 122.347216
# coord 49 39.691395 739.341639
# coord 50 258.169642 734.148212
# coord 51 753.160859 272.259215
# coord 52 138.102633 674.595818
# coord 53 604.215578 467.402489
# coord 54 553.873740 739.336116
# coord 55 373.988138 990.477267
# coord 56 609.617102 100.626332
# coord 57 968.518193 168.238188
# coord 58 602.823486 719.999105
# coord 59 11.082065 199.437785
# coord 60 665.060310 665.273010
# coord 61 169.197312 776.933694
# coord 62 183.731992 829.669830
# coord 63 703.566329 610.550629
# coord 64 644.332722 434.813541
# coord 65 197.176954 667.576836
# coord 66 966.376270 416.096790
# coord 67 46.784546 917.327461
# coord 68 825.366369 497.204212
# coord 69 324.002294 89.910939
# coord 70 89.621378 267.436901
# coord 71 430.640375 905.367235
# coord 72 628.969440 481.910102
# coord 73 37.129242 56.488994
# coord 74 73.289888 482.178239
# coord 75 65.411136 922.070676
# coord 76 36.872444 914.656796
# coord 77 716.530871 494.012802
# coord 78 21.505827 768.251481
# coord 79 450.804856 584.024865
# coord 80 523.574200 783.680330
# coord 81 732.775831 346.208207
# coord 82 305.628027 292.609043
# coord 83 370.907983 199.847318
# coord 84 14.492412 74.760025
# coord 85 455.139516 923.713569
# coord 86 5.482443 220.823871
# coord 87 8.364069 165.587922
# coord 88 190.185456 56.211609
# coord 89 992.292416 217.103935
# coord 90 525.488980 377.354079
# coord 91 518.820482 608.338807
# coord 92 360.926711 222.237369
# coord 93 989.840770 658.014215
# coord 94 520.242497 156.844287
# coord 95 368.497432 146.230799
# coord 96 473.515279 110.686212
# coord 97 61.700618 247.877660
# coord 98 622.275252 990.022366
# coord 99 907.286396 442.822651
# coord 100 275.286847 227.570736
# reference_nearest_neighbor_tour_cost: 10336
TTSP_MATRIX
100
0 100 35 71 34 11 56 12 22 40 58 63 53 86 1 98 75 19 61 21 54 6 82 85 74 14 64 76 3 48 43 32 56 40 58 64 42 22 94 30 52 69 78 14 55 19 81 39 25 46 60 64 72 9 7 28 61 4 82 76 82 99 60 98 6 89 8 80 35 84 29 67 36 35 30 38 48 71 26 38 18 3 27 83 95 89 42 53 70 37 71 3 68 66 21 42 1 92 67 39
0 207 734 558 547 665 582 141 629 68 182 845 549 633 422 799 534 787 321 209 555 463 747 190 78 713 156 551 476 613 85 554 694 413 490 278 727 392 609 660 228 596 295 603 696 743 250 800 427 396 559 337 424 532 671 477 789 552 237 566 435 487 571 455 325 771 594 645 282 133 608 452 329 188 594 594 539 461 348 547 534 118 224 326 635 229 261 287 803 328 415 202 851 371 260 360 167 773 715 138
207 0 531 354 426 474 616 342 600 268 88 679 353 426 242 597 386 683 143 414 503 256 544 397 157 514 55 564 405 524 236 349 490 301 398 469 620 269 450 458 61 460 463 454 500 536 405 755 363 232 493 246 286 326 483 501 732 351 439 377 307 347 395 332 200 652 491 504 421 336 410 309 536 250 484 494 396 395 149 340 443 219 315 533 434 429 466 473 733 244 220 291 685 406 368 428 369 566 590 287
734 531 0 273 617 365 844 872 709 787 595 321 341 142 439 66 343 558 482 930 609 306 20 924 688 49 586 773 540 528 767 185 42 453 492 962 517 571 289 264 507 589 928 549 77 83 865 764 700 487 577 618 402 208 384 758 721 182 970 195 567 548 240 423 564 492 688 364 861 866 306 381 1053 753 670 697 355 714 386 218 502 700 742 1055 286 960 995 960 683 514 321 728 321 723 791 782 900 178 442 770
558 354 273 0 346 157 859 684 772 622 388 558 71 131 178 332 414 717 250 767 663 105 274 743 495 289 402 793 568 621 566 146 235 449 532 823 661 304 414 104 360 325 811 289 295 231 750 878 430 225 638 359 398 137 175 752 842 186 779 269 296 275 334 444 312 660 419 500 760 679 73 394 887 524 402 429 430 442 254 85 563 566 644 883 86 765 809 826 819 465 237 623 561 684 697 727 711 224 598 637
547 426 617 346 0 292 1040 617 1006 612 381 900 276 477 229 672 702 1020 292 732 900 365 615 681 469 635 435 985 799 891 502 479 580 680 778 819 959 159 727 372 475 64 842 98 641 563 794 1143 163 207 883 210 642 462 280 926 1113 514 692 592 119 87 649 694 231 971 76 808 820 616 316 652 831 403 63 84 716 148 450 420 819 621 730 815 342 672 726 831 1101 651 488 705 903 832 779 852 638 518 906 675
665 474 365 157 292 0 1013 776 930 731 484 678 122 242 244 407 569 865 343 872 820 253 357 839 593 397 513 948 725 776 655 294 337 606 689 939 811 328 562 101 493 245 937 203 411 295 878 1033 425 279 795 396 555 290 20 906 996 335 867 417 300 255 484 601 367 805 349 649 892 773 84 552 988 590 330 360 585 425 400 237 720 692 780 980 85 851 899 945 971 617 393 758 680 833 833 873 802 232 745 761
582 616 844 859 1040 1013 0 648 182 552 677 718 897 839 833 886 501 466 749 577 243 761 864 635 635 798 618 71 306 349 667 750 824 413 352 507 442 884 564 952 565 1069 423 1056 770 905 403 316 969 838 277 857 466 743 1029 114 336 717 691 659 921 958 605 429 815 503 1106 514 360 640 931 478 639 766 1100 1110 489 1003 619 792 345 467 360 663 943 702 685 487 382 400 622 380 724 215 336 226 658 985 495 456
141 342 872 684 617 776 648 0 725 112 296 984 666 767 533 938 671 909 438 121 664 593 885 65 189 853 288 630 596 733 122 691 832 545 615 221 851 476 748 783 368 673 276 687 836 878 259 899 474 499 673 411 560 668 780 555 893 691 97 707 517 572 711 588 417 898 651 779 301 9 728 589 215 215 655 649 675 504 487 680 657 226 298 204 756 88 125 238 913 458 555 284 990 453 312 423 27 903 845 199
629 600 709 772 1006 930 182 725 0 618 677 545 821 728 783 742 375 284 715 679 109 685 729 727 664 661 619 131 208 185 713 646 695 330 241 628 262 859 421 855 542 1024 548 1005 633 778 512 174 963 799 136 845 377 644 947 190 175 609 786 539 891 920 477 329 796 323 1077 356 474 716 846 378 763 798 1068 1082 360 995 560 696 213 512 428 783 852 793 787 611 211 358 542 441 551 275 427 323 741 865 321 527
68 268 787 622 612 731 552 112 618 0 249 879 614 691 489 851 565 798 388 146 554 524 801 142 145 763 220 528 484 622 126 609 747 437 504 211 739 459 643 724 280 663 232 670 745 800 192 791 488 463 561 402 455 588 737 453 784 605 196 613 502 554 611 480 392 787 658 671 228 103 673 483 268 238 658 657 568 521 403 607 545 115 194 268 699 194 214 220 803 349 466 177 885 349 219 326 133 834 735 96
182 88 595 388 381 484 677 296 677 249 0 763 371 479 241 662 474 771 142 388 583 301 606 357 109 583 59 631 488 609 178 411 553 388 483 459 708 222 535 486 147 425 469 427 571 591 416 836 292 214 576 181 374 387 490 564 815 419 391 455 264 313 478 419 151 740 438 592 441 292 432 397 505 165 435 440 483 326 226 391 529 240 349 497 459 377 421 467 817 325 298 325 768 463 398 475 323 609 678 297
845 679 321 558 900 678 718 984 545 879 763 0 629 438 690 305 314 301 693 1004 479 543 334 1020 827 283 730 652 462 370 904 422 342 449 418 1004 290 818 236 578 631 884 946 847 267 402 888 531 950 732 446 848 424 440 698 668 485 388 1075 321 826 821 285 405 788 238 975 223 869 975 610 395 1120 928 959 984 312 971 539 480 398 770 764 1130 595 1071 1092 994 436 536 469 759 7 680 798 746 1009 495 224 828
549 353 341 71 276 122 897 666 821 614 371 629 0 200 137 397 473 781 229 757 712 137 340 728 480 359 395 833 615 677 545 214 304 494 581 821 724 251 479 124 371 254 816 218 366 292 757 935 370 181 688 311 445 202 134 788 899 253 759 335 235 208 399 493 271 726 349 565 770 662 63 445 875 491 331 358 488 379 280 152 615 571 658 868 93 744 790 826 879 499 280 636 632 712 711 751 692 267 663 640
633 426 142 131 477 242 839 767 728 691 479 438 200 0 301 202 355 629 353 837 621 178 143 822 579 160 479 770 536 560 655 93 104 428 493 881 579 431 331 145 414 451 857 413 171 112 794 812 559 349 592 481 374 108 262 741 772 122 864 191 426 406 257 410 429 568 548 417 797 761 172 361 960 629 531 558 370 573 292 88 515 618 678 958 158 852 891 881 743 468 243 660 440 688 729 740 794 152 509 689
422 242 439 178 229 244 833 533 783 489 241 690 137 301 0 502 473 791 102 629 676 146 443 595 349 445 274 774 576 663 411 272 398 454 551 698 730 132 502 260 275 241 701 224 444 407 644 916 263 48 658 182 414 251 249 720 885 302 625 372 136 142 425 466 135 744 305 581 662 529 200 423 744 354 292 312 487 282 224 223 591 459 556 736 230 609 656 705 872 436 259 533 693 633 609 663 559 399 679 525
799 597 66 332 672 407 886 938 742 851 662 305 397 202 502 0 386 569 547 994 647 371 59 989 754 93 652 815 584 558 833 251 109 505 535 1024 533 633 323 308 572 640 988 599 119 113 925 784 761 550 613 682 456 275 426 804 739 247 1035 251 627 606 287 472 628 502 741 389 920 931 357 433 1117 819 722 751 397 774 451 282 541 763 801 1119 334 1025 1060 1021 699 571 385 788 304 775 849 835 965 195 458 833
534 386 343 414 702 569 501 671 375 565 474 314 473 355 473 386 0 318 440 690 270 344 363 706 522 297 432 431 197 208 598 277 324 138 150 694 257 582 82 487 332 705 642 678 269 406 582 464 707 504 239 594 111 279 588 418 427 238 761 164 602 615 104 96 535 274 778 118 566 663 485 82 808 635 765 785 16 734 268 333 162 455 456 817 487 758 778 686 406 223 214 448 320 397 495 460 696 491 210 515
787 683 558 717 1020 865 466 909 284 798 771 301 781 629 791 569 318 0 755 893 267 659 576 928 797 510 721 411 314 176 863 572 561 385 297 864 63 899 303 773 624 1021 791 992 484 639 743 231 1022 822 246 907 399 580 884 453 185 531 987 448 921 934 383 352 850 67 1096 216 712 900 784 380 994 922 1083 1103 305 1050 583 632 253 683 634 1010 780 989 995 849 135 461 533 639 306 505 651 567 930 734 120 722
321 143 482 250 292 343 749 438 715 388 142 693 229 353 102 547 440 755 0 529 611 176 490 499 251 478 172 693 511 612 317 300 439 394 493 597 693 146 484 346 184 321 599 312 471 465 543 858 268 90 596 156 362 276 350 635 831 318 531 373 176 209 413 413 96 714 362 555 561 433 290 377 646 276 354 367 452 295 172 267 535 358 457 639 318 517 562 603 823 359 231 434 698 544 510 569 464 474 649 423
209 414 930 767 732 872 577 121 679 146 388 1004 757 837 629 994 690 893 529 0 635 670 944 69 280 905 365 571 581 718 230 754 891 556 609 102 838 586 771 869 425 786 170 798 886 945 174 853 593 600 649 523 582 733 878 497 853 749 115 752 628 681 746 600 522 891 769 789 217 119 817 610 123 333 772 767 692 624 547 752 647 237 260 127 843 130 108 121 879 468 609 255 1010 405 253 360 110 980 843 177
555 503 609 663 900 820 243 664 109 554 583 479 712 621 676 647 270 267 611 635 0 576 629 675 581 562 526 174 101 110 637 538 593 222 131 599 223 757 324 747 443 917 525 897 534 676 479 253 864 694 34 746 268 535 837 193 235 501 734 433 787 814 373 220 695 284 973 270 446 655 736 269 730 714 963 978 256 896 453 587 108 442 375 748 743 739 740 584 249 259 432 384 485 239 387 300 683 761 261 469
463 256 306 105 365 253 761 593 685 524 301 543 137 178 146 371 344 659 176 670 576 0 313 650 404 305 307 697 478 545 479 128 263 357 445 722 600 276 362 209 257 362 707 334 301 291 646 802 408 190 553 315 308 106 268 653 768 155 690 227 282 281 283 357 259 608 442 445 655 588 173 310 792 451 427 450 359 428 149 91 480 463 539 788 191 677 718 724 750 364 143 518 547 581 592 623 620 310 543 534
747 544 20 274 615 357 864 885 729 801 606 334 340 143 443 59 363 576 490 944 629 313 0 937 700 68 598 793 559 548 778 196 54 472 512 978 536 574 308 257 521 586 945 545 97 68 882 783 703 491 597 623 421 219 377 777 740 196 982 213 569 548 259 442 570 510 685 383 878 879 302 400 1068 762 667 695 375 716 399 224 522 716 759 1069 281 972 1008 976 702 532 335 744 334 742 808 800 912 163 461 786
190 397 924 743 681 839 635 65 727 142 357 1020 728 822 595 989 706 928 499 69 675 650 937 0 249 902 344 624 614 752 186 744 884 576 638 171 871 540 784 843 417 738 238 752 884 933 234 902 537 563 686 476 596 722 843 549 899 742 59 753 582 636 753 619 481 921 714 810 278 67 789 624 151 279 718 712 709 567 538 736 678 252 301 140 817 67 73 190 922 487 604 291 1026 453 304 414 45 961 871 207
78 157 688 495 469 593 635 189 664 145 109 827 480 579 349 754 522 797 251 280 581 404 700 249 0 672 102 598 494 626 79 505 647 414 500 355 735 315 593 594 196 519 373 525 657 690 326 831 354 321 580 260 415 482 598 526 816 508 286 532 357 409 545 452 247 774 518 638 356 184 540 441 396 134 517 518 529 388 306 492 546 171 284 389 568 273 314 364 825 336 377 260 832 421 326 418 216 714 715 210
713 514 49 289 635 397 798 853 661 763 583 283 359 160 445 93 297 510 478 905 562 305 68 902 672 0 569 728 495 479 751 178 60 413 447 933 468 577 240 296 485 612 896 573 29 129 833 715 708 492 530 620 363 201 417 714 672 164 950 158 577 562 196 381 564 445 708 315 827 846 331 340 1028 744 690 717 309 725 366 222 456 673 709 1031 315 941 974 929 635 478 298 695 284 683 756 743 880 225 394 742
156 55 586 402 435 513 618 288 619 220 59 730 395 479 274 652 432 721 172 365 526 307 598 344 102 569 0 571 432 557 181 403 545 337 430 426 658 276 499 504 101 475 427 474 555 590 371 779 352 256 520 239 328 381 521 505 759 406 385 431 316 362 447 371 204 693 495 550 392 282 453 353 486 203 490 497 441 385 204 392 476 189 295 482 479 374 412 432 763 269 275 271 736 404 346 418 315 617 632 252
551 564 773 793 985 948 71 630 131 528 631 652 833 770 774 815 431 411 693 571 174 697 793 624 598 728 571 0 235 282 636 681 754 345 282 510 381 832 493 885 511 1012 428 998 699 835 398 290 922 782 208 808 398 675 964 76 301 648 681 589 867 902 534 360 764 443 1053 444 358 622 866 409 645 731 1046 1057 419 956 557 724 274 433 334 667 877 691 679 492 341 339 556 352 658 180 320 211 643 915 430 433
476 405 540 568 799 725 306 596 208 484 488 462 615 536 576 584 197 314 511 581 101 478 559 614 494 495 432 235 0 138 555 449 519 122 48 560 257 656 267 655 345 817 494 797 467 600 440 350 765 593 88 647 170 444 742 221 327 414 673 353 687 713 300 126 595 310 872 239 415 587 641 176 687 625 862 877 187 797 352 495 68 369 324 701 650 675 682 548 332 163 335 326 468 219 348 285 616 680 267 408
613 524 528 621 891 776 349 733 185 622 609 370 677 560 663 558 208 176 612 718 110 545 548 752 626 479 557 282 138 0 690 484 517 223 127 691 121 758 239 694 463 901 621 876 451 600 571 258 875 687 80 758 250 486 795 303 223 445 811 369 784 804 303 199 702 179 966 171 542 724 693 239 820 754 954 972 192 905 443 540 81 507 459 836 695 813 819 678 212 290 406 463 376 337 478 401 754 689 150 545
85 236 767 566 502 655 667 122 713 126 178 904 545 655 411 833 598 863 317 230 637 479 778 186 79 751 181 636 555 690 0 583 725 484 566 319 802 356 669 663 274 556 354 568 736 767 317 884 367 377 639 293 488 560 658 562 872 587 214 611 398 452 624 524 295 844 541 711 354 119 607 515 336 112 544 540 604 400 385 567 610 203 307 326 636 199 245 332 884 402 456 286 910 456 340 443 147 787 786 216
554 349 185 146 479 294 750 691 646 609 411 422 214 93 272 251 277 572 300 754 538 128 196 744 505 178 403 681 449 484 583 0 143 338 408 794 517 403 269 210 329 466 767 431 173 192 705 740 535 317 510 443 284 24 314 650 702 41 788 124 407 399 190 323 387 514 554 356 706 684 212 273 877 569 538 563 292 554 207 62 433 531 587 877 211 777 814 793 677 376 152 569 425 595 638 647 718 245 452 602
694 490 42 235 580 337 824 832 695 747 553 342 304 104 398 109 324 561 439 891 593 263 54 884 647 60 545 754 519 517 725 143 0 426 472 925 516 530 278 236 467 555 893 515 78 83 830 760 660 445 561 576 374 166 357 734 717 142 929 167 526 509 220 398 522 496 652 358 827 825 273 354 1014 711 634 662 337 674 345 176 486 663 708 1015 256 919 954 923 682 483 282 693 343 695 757 752 859 175 443 733
413 301 453 449 680 606 413 545 330 437 388 449 494 428 454 505 138 385 394 556 222 357 472 576 414 413 337 345 122 223 484 338 426 0 99 557 322 540 220 540 241 695 504 675 386 503 444 465 654 473 204 536 54 330 622 313 437 307 632 259 568 593 220 44 482 360 753 235 429 537 522 72 672 537 742 759 137 684 231 379 143 324 318 682 532 631 647 548 433 88 214 311 455 271 358 330 569 577 303 379
490 398 492 532 778 689 352 615 241 504 483 418 581 493 551 535 150 297 493 609 131 445 512 638 500 447 430 282 48 127 566 408 472 99 0 594 237 639 219 616 337 792 531 770 419 553 476 366 753 572 107 635 138 404 706 270 338 372 696 308 667 691 253 88 581 283 851 195 453 606 605 137 718 628 841 857 138 783 328 456 46 389 355 732 612 697 707 583 335 164 302 355 425 263 384 328 637 635 234 434
278 469 962 823 819 939 507 221 628 211 459 1004 821 881 698 1024 694 864 597 102 599 722 978 171 355 933 426 510 560 691 319 794 925 557 594 0 813 668 776 927 468 871 84 880 911 985 120 799 686 674 617 609 590 774 946 440 804 783 208 776 711 764 761 600 602 869 860 783 155 217 878 618 134 427 862 859 693 718 588 799 627 263 240 157 903 227 191 21 835 471 644 246 1010 361 213 306 212 1028 827 192
727 620 517 661 959 811 442 851 262 739 708 290 724 579 730 533 257 63 693 838 223 600 536 871 735 468 658 381 257 121 802 517 516 322 237 813 0 837 249 721 561 962 742 933 441 596 692 251 960 760 198 844 336 524 830 415 206 476 930 394 859 873 327 288 787 62 1035 162 663 842 729 317 942 859 1022 1042 243 988 521 577 194 624 580 957 727 932 939 799 167 400 471 583 295 457 600 521 872 690 75 665
392 269 571 304 159 328 884 476 859 459 222 818 251 431 132 633 582 899 146 586 757 276 574 540 315 577 276 832 656 758 356 403 530 540 639 668 837 0 620 372 321 204 686 212 576 536 636 1004 132 86 742 69 508 382 326 770 977 431 559 498 43 96 546 559 71 856 222 695 662 474 310 522 691 271 216 225 595 154 317 355 682 462 570 678 341 540 592 678 970 502 369 546 821 674 620 693 499 518 791 517
609 450 289 414 727 562 564 748 421 643 535 236 479 331 502 323 82 303 484 771 324 362 308 784 593 240 499 493 267 239 669 269 278 220 219 776 249 620 0 472 398 724 724 693 212 361 664 484 749 538 291 640 189 278 582 488 442 228 839 145 636 642 80 177 580 247 804 87 648 739 481 160 889 699 789 811 85 774 318 330 219 535 537 897 478 835 857 768 412 305 253 530 242 475 577 539 773 452 184 595
660 458 264 104 372 101 952 783 855 724 486 578 124 145 260 308 487 773 346 869 747 209 257 843 594 296 504 885 655 694 663 210 236 540 616 927 721 372 472 0 465 334 915 292 311 196 854 950 486 304 719 435 487 212 121 848 911 249 877 328 353 319 395 529 394 712 437 559 864 778 62 480 989 614 418 447 502 492 356 160 643 670 747 983 32 862 907 930 883 563 332 727 579 783 801 828 809 148 653 741
228 61 507 360 475 493 565 368 542 280 147 631 371 414 275 572 332 624 184 425 443 257 521 417 196 485 101 511 345 463 274 329 467 241 337 468 561 321 398 465 0 505 451 495 468 521 390 695 421 274 433 304 228 309 504 451 672 325 465 339 357 394 350 273 255 594 543 449 400 361 422 252 548 303 535 547 340 453 122 331 383 207 287 548 444 457 489 469 672 185 187 265 637 360 340 388 395 560 532 278
596 460 589 325 64 245 1069 673 1024 663 425 884 254 451 241 640 705 1021 321 786 917 362 586 738 519 612 475 1012 817 901 556 466 555 695 792 871 962 204 724 334 505 0 891 43 620 529 840 1156 226 231 899 263 654 451 231 955 1124 503 751 583 162 113 644 706 274 970 104 807 865 672 284 662 888 461 85 114 720 212 465 405 831 663 770 873 307 731 784 882 1109 675 495 746 886 864 821 888 695 476 905 721
295 463 928 811 842 937 423 276 548 232 469 946 816 857 701 988 642 791 599 170 525 707 945 238 373 896 427 428 494 621 354 767 893 504 531 84 742 686 724 915 451 891 0 895 873 958 63 718 719 681 545 633 543 749 945 359 724 753 284 738 729 780 716 546 617 800 889 724 79 270 871 570 217 466 889 889 639 752 566 779 562 245 188 241 894 300 270 64 756 423 615 200 953 286 148 227 274 1007 761 176
603 454 549 289 98 203 1056 687 1005 670 427 847 218 413 224 599 678 992 312 798 897 334 545 752 525 573 474 998 797 876 568 431 515 675 770 880 933 212 693 292 495 43 895 0 582 488 843 1132 256 222 877 276 632 418 189 943 1100 470 768 551 170 116 613 683 278 939 147 777 866 686 243 638 902 478 128 157 693 245 445 370 808 663 767 889 265 748 801 890 1083 660 471 743 849 855 819 882 710 434 875 723
696 500 77 295 641 411 770 836 633 745 571 267 366 171 444 119 269 484 471 886 534 301 97 884 657 29 555 699 467 451 736 173 78 386 419 911 441 576 212 311 468 620 873 582 0 155 810 687 708 490 501 616 337 196 431 686 644 153 933 135 577 566 168 353 559 419 714 287 803 829 342 314 1008 733 697 724 281 725 351 223 427 652 685 1012 328 924 956 907 608 453 281 672 269 656 732 716 863 250 367 721
743 536 83 231 563 295 905 878 778 800 591 402 292 112 407 113 406 639 465 945 676 291 68 933 690 129 590 835 600 600 767 192 83 503 553 985 596 536 361 196 521 529 958 488 155 0 895 841 661 455 644 589 450 212 313 814 798 206 975 247 526 500 302 478 539 574 631 440 895 872 247 433 1068 741 612 641 420 671 398 200 568 722 775 1068 223 964 1002 985 763 556 342 759 403 771 825 827 905 96 522 794
250 405 865 750 794 878 403 259 512 192 416 888 757 794 644 925 582 743 543 174 479 646 882 234 326 833 371 398 440 571 317 705 830 444 476 120 692 636 664 854 390 840 63 843 810 895 0 684 677 627 497 585 481 687 887 326 687 690 288 675 679 729 655 486 566 749 843 667 44 252 811 509 252 430 843 844 580 711 504 717 508 186 126 272 834 301 282 107 717 362 553 138 895 241 93 189 263 945 707 120
800 755 764 878 1143 1033 316 899 174 791 836 531 935 812 916 784 464 231 858 853 253 802 783 902 831 715 779 290 350 258 884 740 760 465 366 799 251 1004 484 950 695 1156 718 1132 687 841 684 0 1115 937 262 997 502 743 1052 359 46 700 960 622 1033 1056 555 450 944 294 1217 401 645 890 950 494 933 965 1206 1223 449 1146 693 797 325 684 602 955 952 968 961 781 98 511 662 615 536 449 600 495 915 934 326 701
427 363 700 430 163 425 969 474 963 488 292 950 370 559 263 761 707 1022 268 593 864 408 703 537 354 708 352 922 765 875 367 535 660 654 753 686 960 132 749 486 421 226 719 256 708 661 677 1115 0 219 853 118 627 514 418 856 1090 563 541 630 135 170 676 677 173 981 178 822 709 475 425 643 683 259 185 175 720 34 439 486 797 520 633 665 455 520 575 700 1086 606 497 609 954 755 678 764 492 634 917 563
396 232 487 225 207 279 838 499 799 463 214 732 181 349 48 550 504 822 90 600 694 190 491 563 321 492 256 782 593 687 377 317 445 473 572 674 760 86 538 304 274 231 681 222 490 455 627 937 219 0 677 134 437 296 281 724 908 345 589 413 99 121 462 489 90 776 280 615 648 496 243 448 713 313 269 286 517 239 244 270 613 444 546 703 273 572 621 681 898 446 289 522 736 634 598 660 524 445 711 507
559 493 577 638 883 795 277 673 136 561 576 446 688 592 658 613 239 246 596 649 34 553 597 686 580 530 520 208 88 80 639 510 561 204 107 617 198 742 291 719 433 899 545 877 501 644 497 262 853 677 0 735 245 508 812 224 239 472 746 403 772 797 342 196 682 257 957 236 466 664 711 244 748 712 946 962 225 884 434 561 77 448 389 765 716 749 752 603 245 251 410 395 453 260 405 323 692 730 230 480
337 246 618 359 210 396 857 411 845 402 181 848 311 481 182 682 594 907 156 523 746 315 623 476 260 620 239 808 647 758 293 443 576 536 635 609 844 69 640 435 304 263 633 276 616 589 585 997 118 134 735 0 510 421 394 743 973 467 492 527 107 162 569 560 59 868 259 710 614 410 373 527 626 203 258 261 606 150 326 401 679 417 529 612 403 473 525 621 969 488 386 504 852 644 576 656 434 578 803 468
424 286 402 398 642 555 466 560 377 455 374 424 445 374 414 456 111 399 362 582 268 308 421 596 415 363 328 398 170 250 488 284 374 54 138 590 336 508 189 487 228 654 543 632 337 450 481 502 627 437 245 510 0 277 571 367 471 253 651 207 534 555 174 52 454 366 716 223 470 552 471 29 700 531 705 722 115 656 193 326 177 346 355 708 480 648 668 584 462 120 165 345 430 322 398 380 585 523 304 407
532 326 208 137 462 290 743 668 644 588 387 440 202 108 251 275 279 580 276 733 535 106 219 722 482 201 381 675 444 486 560 24 166 330 404 774 524 382 278 212 309 451 749 418 196 212 687 743 514 296 508 421 277 0 309 641 706 53 766 134 387 381 197 318 364 524 537 364 689 662 207 268 856 545 522 546 294 533 186 54 432 511 570 856 209 755 792 774 682 363 136 552 443 583 621 634 696 260 461 583
671 483 384 175 280 20 1029 780 947 737 490 698 134 262 249 426 588 884 350 878 837 268 377 843 598 417 521 964 742 795 658 314 357 622 706 946 830 326 582 121 504 231 945 189 431 313 887 1052 418 281 812 394 571 309 0 921 1015 354 870 436 296 249 503 618 368 825 335 669 902 777 102 569 993 591 316 346 603 417 414 255 737 701 791 984 105 853 902 952 990 632 409 768 700 846 844 885 806 248 764 769
477 501 758 752 926 906 114 555 190 453 564 668 788 741 720 804 418 453 635 497 193 653 777 549 526 714 505 76 221 303 562 650 734 313 270 440 415 770 488 848 451 955 359 943 686 814 326 359 856 724 224 743 367 641 921 0 365 619 607 567 807 844 519 336 701 476 992 451 286 546 824 382 574 658 985 995 408 890 509 688 275 360 259 596 837 616 605 422 400 289 516 277 675 106 245 136 567 889 454 358
789 732 721 842 1113 996 336 893 175 784 815 485 899 772 885 739 427 185 831 853 235 768 740 899 816 672 759 301 327 223 872 702 717 437 338 804 206 977 442 911 672 1124 724 1100 644 798 687 46 1090 908 239 973 471 706 1015 365 0 662 958 582 1005 1026 516 420 919 248 1188 359 649 884 913 462 938 949 1176 1194 412 1121 664 759 295 674 598 959 913 964 960 786 54 490 629 610 490 448 600 498 910 892 281 696
552 351 182 186 514 335 717 691 609 605 419 388 253 122 302 247 238 531 318 749 501 155 196 742 508 164 406 648 414 445 587 41 142 307 372 783 476 431 228 249 325 503 753 470 153 206 690 700 563 345 472 467 253 53 354 619 662 0 788 83 437 433 149 288 409 474 590 315 689 684 253 240 872 580 574 598 253 583 204 102 396 521 570 873 252 778 813 782 636 351 140 553 392 569 620 623 718 271 412 591
237 439 970 779 692 867 691 97 786 196 391 1075 759 864 625 1035 761 987 531 115 734 690 982 59 286 950 385 681 673 811 214 788 929 632 696 208 930 559 839 877 465 751 284 768 933 975 288 960 541 589 746 492 651 766 870 607 958 788 0 803 599 653 805 676 504 980 719 867 332 104 821 679 145 290 725 716 764 569 584 777 736 309 360 125 850 22 34 229 981 544 652 351 1081 511 361 471 70 999 929 266
566 377 195 269 592 417 659 707 539 613 455 321 335 191 372 251 164 448 373 752 433 227 213 753 532 158 431 589 353 369 611 124 167 259 308 776 394 498 145 328 339 583 738 551 135 247 675 622 630 413 403 527 207 134 436 567 582 83 803 0 508 509 67 231 468 391 668 232 669 700 336 187 875 619 652 676 179 652 229 184 326 518 551 879 333 795 825 772 555 320 157 537 325 529 598 587 734 328 329 586
435 307 567 296 119 300 921 517 891 502 264 826 235 426 136 627 602 921 176 628 787 282 569 582 357 577 316 867 687 784 398 407 526 568 667 711 859 43 636 353 357 162 729 170 577 526 679 1033 135 99 772 107 534 387 296 807 1005 437 599 508 0 55 560 585 113 875 186 713 704 516 291 546 732 310 178 191 616 148 341 354 709 503 611 719 321 580 632 721 995 535 388 587 829 713 661 732 540 501 810 560
487 347 548 275 87 255 958 572 920 554 313 821 208 406 142 606 615 934 209 681 814 281 548 636 409 562 362 902 713 804 452 399 509 593 691 764 873 96 642 319 394 113 780 116 566 500 729 1056 170 121 797 162 555 381 249 844 1026 433 653 509 55 0 564 607 163 885 163 723 753 570 258 565 787 365 150 170 630 173 363 343 732 551 657 774 287 634 687 773 1014 567 402 633 824 752 708 775 594 467 820 609
571 395 240 334 649 484 605 711 477 611 478 285 399 257 425 287 104 383 413 746 373 283 259 753 545 196 447 534 300 303 624 190 220 220 253 761 327 546 80 395 350 644 716 613 168 302 655 555 676 462 342 569 174 197 503 519 516 149 805 67 560 564 0 185 510 327 725 166 644 703 402 149 867 643 710 733 117 700 254 250 266 509 529 873 400 800 825 756 488 293 185 518 290 489 573 550 737 388 264 575
455 332 423 444 694 601 429 588 329 480 419 405 493 410 466 472 96 352 413 600 220 357 442 619 452 381 371 360 126 199 524 323 398 44 88 600 288 559 177 529 273 706 546 683 353 478 486 450 677 489 196 560 52 318 618 336 420 288 676 231 585 607 185 0 504 323 768 191 471 579 517 50 715 573 757 774 93 706 244 369 125 367 361 725 524 674 691 591 410 132 214 354 411 304 399 366 612 556 263 423
325 200 564 312 231 367 815 417 796 392 151 788 271 429 135 628 535 850 96 522 695 259 570 481 247 564 204 764 595 702 295 387 522 482 581 602 787 71 580 394 255 274 617 278 559 539 566 944 173 90 682 59 454 364 368 701 919 409 504 468 113 163 510 504 0 809 292 651 591 414 333 470 632 223 287 295 548 202 267 346 625 390 499 620 364 486 536 611 914 438 327 474 793 604 549 622 441 534 745 447
771 652 492 660 971 805 503 898 323 787 740 238 726 568 744 502 274 67 714 891 284 608 510 921 774 445 693 443 310 179 844 514 496 360 283 869 62 856 247 712 594 970 800 939 419 574 749 294 981 776 257 868 366 524 825 476 248 474 980 391 875 885 327 323 809 0 1047 163 720 889 726 344 996 896 1033 1055 262 1008 542 575 244 672 634 1011 720 981 990 856 201 443 487 636 243 516 656 580 920 669 65 716
594 491 688 419 76 349 1106 651 1077 658 438 975 349 548 305 741 778 1096 362 769 973 442 685 714 518 708 495 1053 872 966 541 554 652 753 851 860 1035 222 804 437 543 104 889 147 714 631 843 1217 178 280 957 259 716 537 335 992 1188 590 719 668 186 163 725 768 292 1047 0 885 873 651 384 727 861 436 19 10 792 151 524 495 893 676 787 843 408 698 753 873 1177 722 564 763 978 896 836 913 670 580 983 727
645 504 364 500 808 649 514 779 356 671 592 223 565 417 581 389 118 216 555 789 270 445 383 810 638 315 550 444 239 171 711 356 358 235 195 783 162 695 87 559 449 807 724 777 287 440 667 401 822 615 236 710 223 364 669 451 359 315 867 232 713 723 166 191 651 163 885 0 646 771 568 197 903 752 871 892 109 848 384 416 177 559 543 914 565 865 882 773 326 323 326 540 230 457 576 523 803 533 98 613
282 421 861 760 820 892 360 301 474 228 441 869 770 797 662 920 566 712 561 217 446 655 878 278 356 827 392 358 415 542 354 706 827 429 453 155 663 662 648 864 400 865 79 866 803 895 44 645 709 648 466 614 470 689 902 286 649 689 332 669 704 753 644 471 591 720 873 646 0 294 822 497 289 466 871 873 563 743 510 722 482 204 120 310 844 344 325 138 680 351 554 137 875 207 72 151 306 948 682 146
133 336 866 679 616 773 640 9 716 103 292 975 662 761 529 931 663 900 433 119 655 588 879 67 184 846 282 622 587 724 119 684 825 537 606 217 842 474 739 778 361 672 270 686 829 872 252 890 475 496 664 410 552 662 777 546 884 684 104 700 516 570 703 579 414 889 651 771 294 0 723 580 217 215 655 649 667 505 480 674 648 217 289 207 751 96 130 234 904 450 548 275 981 445 304 415 34 898 836 190
608 410 306 73 316 84 931 728 846 673 432 610 63 172 200 357 485 784 290 817 736 173 302 789 540 331 453 866 641 693 607 212 273 522 605 878 729 310 481 62 422 284 871 243 342 247 811 950 425 243 711 373 471 207 102 824 913 253 821 336 291 258 402 517 333 726 384 568 822 723 0 468 936 554 366 394 501 431 322 153 636 625 708 929 31 806 852 883 888 536 310 687 611 754 762 796 754 210 664 695
452 309 381 394 652 552 478 589 378 483 397 395 445 361 423 433 82 380 377 610 269 310 400 624 441 340 353 409 176 239 515 273 354 72 137 618 317 522 160 480 252 662 570 638 314 433 509 494 643 448 244 527 29 268 569 382 462 240 679 187 546 565 149 50 470 344 727 197 497 580 468 0 729 556 715 733 88 672 205 320 171 375 382 737 475 676 697 611 450 147 168 373 402 343 425 402 614 508 281 436
329 536 1053 887 831 988 639 215 763 268 505 1120 875 960 744 1117 808 994 646 123 730 792 1068 151 396 1028 486 645 687 820 336 877 1014 672 718 134 942 691 889 989 548 888 217 902 1008 1068 252 933 683 713 748 626 700 856 993 574 938 872 145 875 732 787 867 715 632 996 861 903 289 217 936 729 0 427 866 858 808 712 670 875 754 358 363 29 963 167 113 153 969 584 733 364 1127 493 343 440 193 1102 952 293
188 250 753 524 403 590 766 215 798 238 165 928 491 629 354 819 635 922 276 333 714 451 762 279 134 744 203 731 625 754 112 569 711 537 628 427 859 271 699 614 303 461 466 478 733 741 430 965 259 313 712 203 531 545 591 658 949 580 290 619 310 365 643 573 223 896 436 752 466 215 554 556 427 0 440 434 643 291 391 542 673 300 410 412 584 270 323 442 956 464 463 388 933 553 447 546 235 748 835 325
594 484 670 402 63 330 1100 655 1068 658 435 959 331 531 292 722 765 1083 354 772 963 427 667 718 517 690 490 1046 862 954 544 538 634 742 841 862 1022 216 789 418 535 85 889 128 697 612 843 1206 185 269 946 258 705 522 316 985 1176 574 725 652 178 150 710 757 287 1033 19 871 871 655 366 715 866 440 0 29 779 160 513 479 881 674 784 849 390 704 759 875 1165 713 551 760 961 890 833 908 674 561 969 726
594 494 697 429 84 360 1110 649 1082 657 440 984 358 558 312 751 785 1103 367 767 978 450 695 712 518 717 497 1057 877 972 540 563 662 759 857 859 1042 225 811 447 547 114 889 157 724 641 844 1223 175 286 962 261 722 546 346 995 1194 598 716 676 191 170 733 774 295 1055 10 892 873 649 394 733 858 434 29 0 799 147 530 504 899 678 789 840 418 695 750 872 1183 726 571 764 987 899 837 915 667 590 990 727
539 396 355 430 716 585 489 675 360 568 483 312 488 370 487 397 16 305 452 692 256 359 375 709 529 309 441 419 187 192 604 292 337 137 138 693 243 595 85 502 340 720 639 693 281 420 580 449 720 517 225 606 115 294 603 408 412 253 764 179 616 630 117 93 548 262 792 109 563 667 501 88 808 643 779 799 0 747 281 348 149 458 454 818 503 762 781 685 391 224 228 448 319 390 492 454 700 505 198 515
461 395 714 442 148 425 1003 504 995 521 326 971 379 573 282 774 734 1050 295 624 896 428 716 567 388 725 385 956 797 905 400 554 674 684 783 718 988 154 774 492 453 212 752 245 725 671 711 1146 34 239 884 150 656 533 417 890 1121 583 569 652 148 173 700 706 202 1008 151 848 743 505 431 672 712 291 160 147 747 0 467 502 827 554 667 694 461 548 603 732 1116 638 522 643 975 789 712 798 522 640 944 597
348 149 386 254 450 400 619 487 560 403 226 539 280 292 224 451 268 583 172 547 453 149 399 538 306 366 204 557 352 443 385 207 345 231 328 588 521 317 318 356 122 465 566 445 351 398 504 693 439 244 434 326 193 186 414 509 664 204 584 229 341 363 254 244 267 542 524 384 510 480 322 205 670 391 513 530 281 467 0 213 369 326 392 671 340 575 609 589 654 220 72 373 544 433 445 474 514 441 478 397
547 340 218 85 420 237 792 680 696 607 391 480 152 88 223 282 333 632 267 752 587 91 224 736 492 222 392 724 495 540 567 62 176 379 456 799 577 355 330 160 331 405 779 370 223 200 717 797 486 270 561 401 326 54 255 688 759 102 777 184 354 343 250 369 346 575 495 416 722 674 153 320 875 542 479 504 348 502 213 0 485 537 603 873 156 765 805 800 735 406 175 585 483 627 656 675 707 229 513 609
534 443 502 563 819 720 345 657 213 545 529 398 615 515 591 541 162 253 535 647 108 480 522 678 546 456 476 274 68 81 610 433 486 143 46 627 194 682 219 643 383 831 562 808 427 568 508 325 797 613 77 679 177 432 737 275 295 396 736 326 709 732 266 125 625 244 893 177 482 648 636 171 754 673 881 899 149 827 369 485 0 430 390 768 641 738 747 615 290 210 338 392 404 285 416 350 678 653 199 473
118 219 700 566 621 692 467 226 512 115 240 770 571 618 459 763 455 683 358 237 442 463 716 252 171 673 189 433 369 507 203 531 663 324 389 263 624 462 535 670 207 663 245 663 652 722 186 684 520 444 448 417 346 511 701 360 674 521 309 518 503 551 509 367 390 672 676 559 204 217 625 375 358 300 674 678 458 554 326 537 430 0 113 364 649 309 323 263 691 236 381 89 776 254 159 248 248 766 620 72
224 315 742 644 730 780 360 298 428 194 349 764 658 678 556 801 456 634 457 260 375 539 759 301 284 709 295 334 324 459 307 587 708 318 355 240 580 570 537 747 287 770 188 767 685 775 126 602 633 546 389 529 355 570 791 259 598 570 360 551 611 657 529 361 499 634 787 543 120 289 708 382 363 410 784 789 454 667 392 603 390 113 0 378 729 366 364 231 622 235 434 25 770 155 54 136 313 829 589 100
326 533 1055 883 815 980 663 204 783 268 497 1130 868 958 736 1119 817 1010 639 127 748 788 1069 140 389 1031 482 667 701 836 326 877 1015 682 732 157 957 678 897 983 548 873 241 889 1012 1068 272 955 665 703 765 612 708 856 984 596 959 873 125 879 719 774 873 725 620 1011 843 914 310 207 929 737 29 412 849 840 818 694 671 873 768 364 378 0 956 146 91 177 988 594 734 377 1136 512 361 460 179 1099 966 302
635 434 286 86 342 85 943 756 852 699 459 595 93 158 230 334 487 780 318 843 743 191 281 817 568 315 479 877 650 695 636 211 256 532 612 903 727 341 478 32 444 307 894 265 328 223 834 952 455 273 716 403 480 209 105 837 913 252 850 333 321 287 400 524 364 720 408 565 844 751 31 475 963 584 390 418 503 461 340 156 641 649 729 956 0 834 880 907 888 551 322 708 597 770 782 813 782 180 660 719
229 429 960 765 672 851 702 88 793 194 377 1071 744 852 609 1025 758 989 517 130 739 677 972 67 273 941 374 691 675 813 199 777 919 631 697 227 932 540 835 862 457 731 300 748 924 964 301 968 520 572 749 473 648 755 853 616 964 778 22 795 580 634 800 674 486 981 698 865 344 96 806 676 167 270 704 695 762 548 575 765 738 309 366 146 834 0 55 247 987 543 643 355 1077 519 371 481 62 986 929 270
261 466 995 809 726 899 685 125 787 214 421 1092 790 891 656 1060 778 995 562 108 740 718 1008 73 314 974 412 679 682 819 245 814 954 647 707 191 939 592 857 907 489 784 270 801 956 1002 282 961 575 621 752 525 668 792 902 605 960 813 34 825 632 687 825 691 536 990 753 882 325 130 852 697 113 323 759 750 781 603 609 805 747 323 364 91 880 55 0 212 985 559 676 357 1098 512 361 468 98 1028 941 274
287 473 960 826 831 945 487 238 611 220 467 994 826 881 705 1021 686 849 603 121 584 724 976 190 364 929 432 492 548 678 332 793 923 548 583 21 799 678 768 930 469 882 64 890 907 985 107 781 700 681 603 621 584 774 952 422 786 782 229 772 721 773 756 591 611 856 873 773 138 234 883 611 153 442 875 872 685 732 589 800 615 263 231 177 907 247 212 0 818 464 643 238 1001 345 200 289 231 1029 815 191
803 733 683 819 1101 971 382 913 211 803 817 436 879 743 872 699 406 135 823 879 249 750 702 922 825 635 763 341 332 212 884 677 682 433 335 835 167 970 412 883 672 1109 756 1083 608 763 717 98 1086 898 245 969 462 682 990 400 54 636 981 555 995 1014 488 410 914 201 1177 326 680 904 888 450 969 956 1165 1183 391 1116 654 735 290 691 622 988 888 987 985 818 0 494 614 631 441 476 628 530 931 857 241 717
328 244 514 465 651 617 400 458 358 349 325 536 499 468 436 571 223 461 359 468 259 364 532 487 336 478 269 339 163 290 402 376 483 88 164 471 400 502 305 563 185 675 423 660 453 556 362 511 606 446 251 488 120 363 632 289 490 351 544 320 535 567 293 132 438 443 722 323 351 450 536 147 584 464 713 726 224 638 220 406 210 236 235 594 551 543 559 464 494 0 231 226 543 221 279 272 482 620 387 292
415 220 321 237 488 393 622 555 542 466 298 469 280 243 259 385 214 533 231 609 432 143 335 604 377 298 275 556 335 406 456 152 282 214 302 644 471 369 253 332 187 495 615 471 281 342 553 662 497 289 410 386 165 136 409 516 629 140 652 157 388 402 185 214 327 487 564 326 554 548 310 168 733 463 551 571 228 522 72 175 338 381 434 734 322 643 676 643 614 231 0 417 474 451 486 500 582 395 422 452
202 291 728 623 705 758 380 284 441 177 325 759 636 660 533 788 448 639 434 255 384 518 744 291 260 695 271 352 326 463 286 569 693 311 355 246 583 546 530 727 265 746 200 743 672 759 138 615 609 522 395 504 345 552 768 277 610 553 351 537 587 633 518 354 474 636 763 540 137 275 687 373 364 388 760 764 448 643 373 585 392 89 25 377 708 355 357 238 631 226 417 0 765 172 76 158 300 811 589 86
851 685 321 561 903 680 724 990 551 885 768 7 632 440 693 304 320 306 698 1010 485 547 334 1026 832 284 736 658 468 376 910 425 343 455 425 1010 295 821 242 579 637 886 953 849 269 403 895 536 954 736 453 852 430 443 700 675 490 392 1081 325 829 824 290 411 793 243 978 230 875 981 611 402 1127 933 961 987 319 975 544 483 404 776 770 1136 597 1077 1098 1001 441 543 474 765 0 687 805 752 1015 495 230 834
371 406 723 684 832 833 215 453 275 349 463 680 712 688 633 775 397 505 544 405 239 581 742 453 421 683 404 180 219 337 456 595 695 271 263 361 457 674 475 783 360 864 286 855 656 771 241 449 755 634 260 644 322 583 846 106 448 569 511 529 713 752 489 304 604 516 896 457 207 445 754 343 493 553 890 899 390 789 433 627 285 254 155 512 770 519 512 345 476 221 451 172 687 0 152 66 467 839 481 255
260 368 791 697 779 833 336 312 427 219 398 798 711 729 609 849 495 651 510 253 387 592 808 304 326 756 346 320 348 478 340 638 757 358 384 213 600 620 577 801 340 821 148 819 732 825 93 600 678 598 405 576 398 621 844 245 600 620 361 598 661 708 573 399 549 656 836 576 72 304 762 425 343 447 833 837 492 712 445 656 416 159 54 361 782 371 361 200 628 279 486 76 805 152 0 111 323 881 615 124
360 428 782 727 852 873 226 423 323 326 475 746 751 740 663 835 460 567 569 360 300 623 800 414 418 743 418 211 285 401 443 647 752 330 328 306 521 693 539 828 388 888 227 882 716 827 189 495 764 660 323 656 380 634 885 136 498 623 471 587 732 775 550 366 622 580 913 523 151 415 796 402 440 546 908 915 454 798 474 675 350 248 136 460 813 481 468 289 530 272 500 158 752 66 111 0 434 892 546 230
167 369 900 711 638 802 658 27 741 133 323 1009 692 794 559 965 696 930 464 110 683 620 912 45 216 880 315 643 616 754 147 718 859 569 637 212 872 499 773 809 395 695 274 710 863 905 263 915 492 524 692 434 585 696 806 567 910 718 70 734 540 594 737 612 441 920 670 803 306 34 754 614 193 235 674 667 700 522 514 707 678 248 313 179 782 62 98 231 931 482 582 300 1015 467 323 434 0 930 868 215
773 566 178 224 518 232 985 903 865 834 609 495 267 152 399 195 491 734 474 980 761 310 163 961 714 225 617 915 680 689 787 245 175 577 635 1028 690 518 452 148 560 476 1007 434 250 96 945 934 634 445 730 578 523 260 248 889 892 271 999 328 501 467 388 556 534 669 580 533 948 898 210 508 1102 748 561 590 505 640 441 229 653 766 829 1099 180 986 1028 1029 857 620 395 811 495 839 881 892 930 0 617 838
715 590 442 598 906 745 495 845 321 735 678 224 663 509 679 458 210 120 649 843 261 543 461 871 715 394 632 430 267 150 786 452 443 303 234 827 75 791 184 653 532 905 761 875 367 522 707 326 917 711 230 803 304 461 764 454 281 412 929 329 810 820 264 263 745 65 983 98 682 836 664 281 952 835 969 990 198 944 478 513 199 620 589 966 660 929 941 815 241 387 422 589 230 481 615 546 868 617 0 668
138 287 770 637 675 761 456 199 527 96 297 828 640 689 525 833 515 722 423 177 469 534 786 207 210 742 252 433 408 545 216 602 733 379 434 192 665 517 595 741 278 721 176 723 721 794 120 701 563 507 480 468 407 583 769 358 696 591 266 586 560 609 575 423 447 716 727 613 146 190 695 436 293 325 726 727 515 597 397 609 473 72 100 302 719 270 274 191 717 292 452 86 834 255 124 230 215 838 668 0
