# TTSP Euclidean complete-graph matrix instance
# seed: 2032
# depot: 1
# L_max is not stored in this file; pass it with --budget when running algorithms.
# coordinate rows: node x y
# coord 1 827.760980 581.748073
# coord 2 785.512380 656.434915
# coord 3 461.698727 788.359087
# coord 4 227.775143 991.723893
# coord 5 159.366597 587.539983
# coord 6 653.612080 40.725721
# coord 7 735.985240 204.522047
# coord 8 945.403525 177.408745
# coord 9 779.271873 786.733555
# coord 10 774.553416 742.659468
# coord 11 270.390173 675.615889
# coord 12 652.482188 697.779150
# coord 13 85.640755 139.539656
# coord 14 280.527909 210.730074
# coord 15 910.459244 354.314121
# coord 16 459.100066 699.094997
# coord 17 334.265852 975.735655
# coord 18 590.513578 394.684845
# coord 19 687.350488 31.399255
# coord 20 519.330033 990.247761
# coord 21 336.227769 2.286380
# coord 22 422.923401 660.809581
# coord 23 518.329766 585.356219
# coord 24 4.659837 22.591637
# coord 25 828.339396 111.570597
# coord 26 206.838323 210.123610
# coord 27 132.041245 21.959768
# coord 28 236.013343 897.074026
# coord 29 151.639880 534.491102
# coord 30 989.712514 788.531001
# coord 31 455.241025 506.656613
# coord 32 504.520894 789.043411
# coord 33 887.930827 996.544034
# coord 34 496.376211 6.080155
# coord 35 761.143820 658.605603
# coord 36 768.686854 866.781979
# coord 37 604.699706 870.509952
# coord 38 353.020643 994.782966
# coord 39 224.839246 723.747019
# coord 40 302.418472 882.704055
# coord 41 70.296260 466.167288
# coord 42 376.956894 666.734430
# coord 43 903.563662 533.889254
# coord 44 79.978166 374.139510
# coord 45 341.890266 395.347669
# coord 46 22.512096 477.625649
# coord 47 520.793547 706.211163
# coord 48 376.184902 376.588158
# coord 49 938.292084 798.127154
# coord 50 974.550002 956.526583
# coord 51 304.892052 616.280806
# coord 52 138.177260 304.231126
# coord 53 352.605580 356.803229
# coord 54 799.230225 578.481388
# coord 55 233.973749 525.911641
# coord 56 901.210913 388.341748
# coord 57 166.392410 269.954888
# coord 58 654.934996 997.626735
# coord 59 266.501065 238.359039
# coord 60 191.803354 689.345800
# coord 61 967.420149 292.997403
# coord 62 292.760755 105.744932
# coord 63 140.598992 201.342140
# coord 64 669.649335 698.127761
# coord 65 42.631055 735.229487
# coord 66 568.707161 284.847793
# coord 67 706.503281 923.296699
# coord 68 771.457902 539.058093
# coord 69 217.471877 181.898884
# coord 70 864.606928 487.435033
# coord 71 448.312419 834.345947
# coord 72 261.241209 474.317390
# coord 73 403.072417 274.765181
# coord 74 20.572693 846.435710
# coord 75 30.249642 16.875568
# coord 76 970.134564 536.194533
# coord 77 262.047807 309.456947
# coord 78 742.484791 109.308726
# coord 79 548.322019 942.321392
# coord 80 415.506613 244.897117
# coord 81 310.619428 692.392361
# coord 82 939.209997 455.530476
# coord 83 987.967910 444.520413
# coord 84 98.244482 568.580380
# coord 85 249.314388 257.095794
# coord 86 710.005664 340.854147
# coord 87 45.082333 806.588034
# coord 88 11.428355 872.958641
# coord 89 804.178699 673.090740
# coord 90 337.181646 727.845331
# coord 91 608.144075 467.831812
# coord 92 870.498069 404.559579
# coord 93 75.392800 5.537209
# coord 94 917.399415 946.438103
# coord 95 416.188870 768.762455
# coord 96 203.580594 638.257734
# coord 97 113.390645 384.451585
# coord 98 741.454322 666.059541
# coord 99 531.969587 342.064082
# coord 100 913.992612 457.040153
# reference_nearest_neighbor_tour_cost: 9639
TTSP_MATRIX
100
0 93 25 31 85 41 71 30 85 80 93 20 82 75 64 80 95 21 61 38 44 50 47 76 64 42 4 40 8 65 77 76 69 54 7 69 79 93 1 90 26 31 51 40 72 96 95 45 11 5 6 32 79 55 63 28 86 61 30 77 40 15 89 78 58 71 43 41 54 72 34 80 26 31 4 47 65 75 23 2 97 66 15 31 68 59 59 32 10 19 2 61 80 94 20 99 65 13 57 9
0 86 420 727 668 568 388 421 211 169 565 210 864 661 242 387 631 302 568 512 760 412 309 995 470 724 893 671 678 263 380 384 419 664 102 291 365 629 619 605 766 459 90 776 520 812 331 496 243 402 524 743 526 29 596 207 731 450 658 645 321 716 785 196 800 394 362 71 730 101 456 577 524 849 977 149 628 480 456 532 529 168 211 730 663 268 814 867 94 512 247 182 948 376 452 627 741 121 381 152
86 0 350 651 630 630 455 505 130 87 515 139 870 674 327 329 553 326 633 427 794 363 276 1006 547 731 911 600 645 243 363 311 355 712 24 211 280 549 565 533 740 409 170 760 515 784 269 496 208 355 482 737 526 79 567 292 730 365 666 595 406 739 789 123 747 430 278 118 740 187 381 555 540 788 990 220 628 549 371 553 476 253 293 693 669 324 756 804 25 454 259 266 963 319 386 582 725 45 404 237
420 350 0 310 363 772 645 779 318 316 222 211 750 605 624 89 227 414 790 210 796 133 211 892 770 632 834 251 401 528 282 43 474 783 326 317 165 233 246 185 507 148 510 563 411 538 101 421 477 540 233 582 445 397 347 594 597 285 584 287 708 703 669 227 422 515 280 398 654 503 48 373 517 445 884 568 519 735 177 545 179 582 629 425 572 512 417 458 361 138 352 561 873 482 50 299 533 305 452 561
727 651 310 0 410 1042 937 1085 588 601 319 517 864 783 934 373 108 699 1065 292 995 384 500 994 1066 782 974 95 464 789 536 343 660 1022 629 555 396 125 268 132 549 358 816 635 607 554 409 633 736 748 383 693 647 705 466 904 724 427 754 305 1017 888 795 531 316 785 484 707 810 812 271 518 738 253 995 871 683 1022 324 770 311 891 937 443 735 810 260 247 659 286 647 871 998 691 292 354 618 608 717 870
668 630 363 410 0 737 692 887 651 634 142 505 454 396 786 320 426 472 767 540 611 274 359 586 821 380 566 319 54 854 307 400 836 672 606 670 528 451 151 328 151 232 746 228 265 176 380 303 807 895 148 284 301 640 97 768 318 643 365 107 860 500 387 522 188 509 642 614 410 712 380 152 397 294 585 812 296 754 526 428 184 791 841 64 342 603 247 321 650 227 464 734 588 839 314 67 208 587 446 766
568 630 772 1042 737 0 183 322 757 712 742 657 577 410 405 687 988 360 35 959 320 662 561 649 189 478 522 953 704 820 506 763 984 161 627 834 831 1000 806 912 722 684 553 663 472 768 679 436 809 970 673 579 436 557 641 427 538 957 435 796 403 367 538 658 925 258 884 512 458 494 820 585 343 1025 624 588 475 112 908 314 736 504 524 766 459 305 978 1051 650 756 430 424 579 943 766 748 640 631 325 491
388 455 645 937 692 183 0 211 584 540 662 500 654 455 230 567 870 239 180 815 448 553 439 754 131 529 631 854 671 637 412 629 806 311 455 663 679 878 729 805 715 585 370 678 438 764 546 399 627 789 596 606 413 379 596 247 573 797 471 729 248 454 595 498 873 186 719 336 519 311 692 546 340 961 730 406 485 95 761 323 647 323 348 734 490 139 916 986 474 658 293 241 690 764 649 687 648 462 246 309
421 505 779 1085 887 322 211 0 632 591 839 597 861 666 180 713 1005 416 296 918 634 712 591 953 134 739 828 1011 870 613 590 754 821 481 515 712 772 1009 904 954 922 750 359 888 642 970 678 603 621 780 776 817 619 427 792 216 784 870 682 911 118 657 805 589 1061 392 783 401 728 320 824 746 551 1141 929 360 696 214 862 534 817 278 270 933 701 287 1098 1165 515 820 445 239 887 770 794 873 857 530 445 281
211 130 318 588 651 757 584 632 0 44 521 155 949 762 452 332 483 435 761 330 901 378 330 1088 677 813 1002 554 676 210 428 275 236 830 129 81 194 474 558 486 778 420 282 812 587 817 271 575 159 259 504 802 606 209 604 417 802 245 751 595 528 837 866 141 738 544 155 248 825 311 334 605 635 761 1074 315 704 678 278 653 478 368 401 715 749 451 734 773 116 446 362 393 1052 211 364 595 778 126 509 356
169 87 316 601 634 712 540 591 44 0 509 130 916 726 411 318 498 394 717 356 860 361 301 1054 633 778 966 560 657 220 397 274 278 787 85 124 213 491 550 492 757 405 245 786 555 797 256 541 173 293 486 773 572 166 582 376 770 282 716 585 489 799 834 114 732 502 193 204 790 271 339 579 597 761 1040 284 671 634 302 614 467 331 367 698 715 407 732 774 76 438 321 351 1016 249 359 580 752 83 468 318
565 515 222 319 142 742 662 839 521 509 0 383 567 465 716 190 307 426 767 401 677 153 264 705 793 470 668 224 184 728 250 260 696 707 491 534 387 330 66 210 290 107 649 357 289 317 252 317 679 758 69 394 329 538 154 693 419 502 437 80 795 570 492 400 235 492 502 519 497 623 238 202 422 303 701 713 366 737 385 455 44 704 754 203 419 553 261 326 534 85 397 658 698 701 173 77 331 471 424 680
210 139 211 517 505 657 500 597 155 130 383 0 796 613 430 193 423 309 667 321 764 233 175 936 612 661 853 462 527 349 275 174 380 709 116 205 179 422 428 396 627 277 300 658 434 667 132 424 303 413 357 648 454 189 452 397 648 300 600 461 513 693 713 17 611 421 232 198 675 299 246 451 491 649 922 356 551 595 266 511 342 375 420 569 597 362 617 665 154 317 234 365 901 363 247 453 624 94 376 355
864 870 750 864 454 577 654 861 949 916 567 796 0 207 852 673 872 566 611 955 286 621 621 142 743 140 126 772 400 1113 521 773 1174 432 852 998 897 896 601 774 327 602 908 235 362 344 714 375 1077 1207 525 173 344 838 414 853 153 1030 206 560 895 210 83 808 597 504 1000 794 138 853 784 378 345 710 135 969 245 658 927 346 597 910 952 429 202 656 668 737 895 640 617 828 134 1159 711 512 246 841 490 887
661 674 605 783 396 410 455 666 762 726 465 613 207 0 646 520 767 360 445 815 216 472 444 334 557 74 240 688 348 915 344 620 993 297 657 818 735 787 516 672 331 466 702 259 195 371 551 191 882 1019 406 170 163 636 319 646 129 871 31 487 692 106 140 624 576 298 830 591 69 646 646 264 138 687 317 763 100 473 779 139 483 703 745 402 56 449 641 715 699 520 416 621 290 973 574 434 241 648 284 680
242 327 624 934 786 405 230 180 452 411 716 430 852 646 0 568 847 322 392 747 674 576 455 965 256 718 846 866 780 441 480 595 643 541 339 532 600 849 779 806 848 618 180 831 570 896 525 535 445 606 660 774 558 250 698 35 749 692 654 793 84 666 785 420 948 349 604 231 714 141 666 660 514 1017 943 191 650 297 691 507 689 105 119 840 668 201 976 1038 336 684 323 64 905 592 645 762 798 355 379 103
387 329 89 373 320 687 567 713 332 318 190 193 673 520 568 0 304 332 706 297 708 53 128 815 694 550 752 298 349 538 192 101 522 694 305 352 225 314 236 241 453 88 474 499 326 490 62 333 489 576 175 509 358 361 284 540 519 357 499 267 651 616 591 211 418 429 334 351 571 457 136 299 428 463 806 536 437 654 259 456 149 538 587 384 489 437 428 480 346 125 275 506 793 521 82 263 467 284 364 515
631 553 227 108 426 988 870 1005 483 498 307 423 872 767 847 304 0 635 1008 186 973 327 432 1009 995 776 975 126 478 682 484 253 554 983 532 448 290 27 275 98 574 312 721 653 580 588 328 601 630 641 361 700 619 612 461 816 725 321 740 320 931 871 798 435 378 730 376 618 802 721 182 507 704 339 1006 773 670 958 217 735 284 798 842 471 724 738 335 339 559 248 577 783 1004 584 223 362 631 512 664 778
302 326 414 699 472 360 239 416 435 394 426 309 566 360 322 332 635 0 376 600 468 314 204 694 370 426 591 615 461 561 176 404 671 400 314 505 476 645 492 567 525 346 343 511 249 574 319 215 533 681 362 461 241 278 380 311 442 606 360 496 390 415 490 314 645 112 541 231 429 289 462 339 223 727 676 405 339 323 549 230 409 354 401 522 368 131 683 751 351 419 75 280 646 641 413 457 477 311 79 329
568 633 790 1065 767 35 180 296 761 717 767 667 611 445 392 706 1008 376 0 973 352 683 579 683 162 513 555 976 735 815 529 779 986 193 632 839 843 1020 833 934 755 707 547 697 502 801 695 465 807 969 699 613 467 558 671 416 573 967 469 824 383 402 573 667 954 280 892 515 493 489 838 615 374 1053 657 579 508 95 921 346 761 493 511 797 493 310 1007 1079 652 780 444 416 613 944 786 776 674 637 347 482
512 427 210 292 540 959 815 918 330 356 401 321 955 815 747 297 186 600 973 0 1005 343 405 1096 931 840 1043 298 586 512 488 202 369 984 410 278 147 166 397 242 690 353 597 757 621 714 284 630 461 456 431 785 655 498 545 713 802 136 793 445 829 913 875 329 541 707 199 517 863 610 171 577 725 519 1089 640 728 909 56 753 364 680 719 596 781 677 509 521 426 319 530 683 1080 400 244 473 729 393 648 663
760 794 796 995 611 320 448 634 901 860 677 764 286 216 674 708 973 468 352 1005 0 664 611 332 504 245 205 900 563 1022 518 805 1137 160 782 967 909 993 730 881 535 666 777 452 393 570 728 376 998 1148 615 361 355 739 534 684 317 1045 246 702 695 112 279 772 790 366 993 691 215 717 840 478 281 901 306 829 316 420 964 255 691 754 788 614 269 504 855 929 818 726 539 669 261 1109 771 650 442 778 392 735
412 363 133 384 274 662 553 712 378 361 153 233 621 472 576 53 327 314 683 343 664 0 122 763 683 500 702 301 299 581 158 152 574 659 338 402 278 341 208 253 403 46 497 447 278 440 108 288 533 626 126 456 312 385 232 550 468 409 450 233 657 570 539 250 388 403 386 369 521 474 175 247 387 443 754 561 386 637 308 416 117 556 605 338 439 430 405 463 381 109 267 516 742 571 108 220 415 319 337 532
309 276 211 500 359 561 439 591 330 301 264 175 621 444 455 128 432 204 579 405 611 122 0 762 566 488 683 421 370 513 101 204 553 580 254 377 298 442 324 367 464 163 389 487 259 507 121 253 471 588 216 473 282 281 291 431 473 434 429 343 536 530 539 189 499 305 387 257 503 360 259 280 331 562 749 454 377 526 358 356 234 440 490 420 424 311 522 583 299 230 148 396 730 538 210 319 452 237 244 416
995 1006 892 994 586 649 754 953 1088 1054 705 936 142 334 965 815 1009 694 683 1096 332 763 762 0 828 276 127 905 533 1248 661 915 1315 492 988 1139 1039 1033 735 910 448 744 1034 360 503 455 857 513 1214 1346 665 312 482 970 553 968 296 1172 339 693 1000 300 225 948 714 622 1142 925 266 978 925 520 472 824 26 1094 385 743 1068 467 736 1030 1070 554 339 774 785 850 1031 780 750 946 73 1299 852 647 378 978 617 1008
470 547 770 1066 821 189 131 134 677 633 793 612 743 557 256 694 995 370 162 931 504 683 566 828 0 629 702 984 798 696 543 751 887 348 551 758 791 1003 860 933 837 716 429 793 563 885 669 524 695 858 727 717 535 468 725 286 681 903 576 860 229 536 694 608 1003 312 821 431 615 378 817 673 456 1092 804 448 600 86 877 434 778 361 369 861 597 258 1047 1117 562 788 419 296 760 840 776 817 765 561 375 356
724 731 632 782 380 478 529 739 813 778 470 661 140 74 718 550 776 426 513 840 245 500 488 276 629 0 202 688 329 973 387 651 1040 354 713 864 771 798 514 679 290 487 768 207 229 325 587 237 938 1071 418 116 207 698 317 717 72 906 66 479 765 135 67 673 550 370 871 653 30 714 669 270 207 663 262 830 114 545 808 212 493 772 816 375 63 520 618 691 756 534 477 692 243 1023 597 428 198 703 351 749
893 911 834 974 566 522 631 828 1002 966 668 853 126 240 846 752 975 591 555 1043 205 702 683 127 702 202 0 881 513 1150 583 853 1233 365 895 1058 971 998 708 877 448 690 926 356 428 469 787 431 1119 1258 619 282 401 869 514 852 250 1107 255 670 878 181 180 864 719 510 1069 822 181 868 872 470 371 832 102 983 316 617 1010 361 694 916 955 548 263 660 789 860 936 735 652 832 59 1213 799 620 363 887 512 895
671 600 251 95 319 953 854 1011 554 560 224 462 772 688 866 298 126 615 976 298 900 301 421 905 984 688 881 0 372 761 448 289 659 928 577 534 370 152 174 68 462 270 760 546 513 471 343 539 709 741 289 601 553 647 371 837 631 431 659 212 949 793 702 477 252 697 471 644 715 750 221 424 644 221 904 818 588 937 316 676 218 830 878 356 640 731 211 226 611 197 568 803 906 683 221 261 527 556 629 808
678 645 401 464 54 704 671 870 676 657 184 527 400 348 780 349 478 461 735 586 563 299 370 533 798 329 513 372 0 876 305 435 869 631 622 701 564 502 203 379 106 261 752 176 236 141 407 275 830 925 174 231 268 649 83 764 265 684 318 160 851 451 333 543 228 486 678 620 359 715 422 125 361 338 532 818 251 728 569 392 224 792 841 63 294 591 292 366 667 268 461 731 534 870 353 116 155 604 426 766
263 243 528 789 854 820 637 613 210 220 728 349 1113 915 441 538 682 561 815 512 1022 581 513 1248 696 973 1150 761 876 0 604 485 232 925 263 234 394 669 768 694 974 625 269 1000 758 1016 476 739 52 169 706 980 770 284 800 410 973 395 909 804 496 976 1032 333 949 656 314 331 982 326 543 793 780 971 1231 253 871 723 467 791 686 337 344 918 911 528 945 982 219 655 498 402 1204 174 574 800 965 277 639 340
380 363 282 536 307 506 412 590 428 397 250 275 521 344 480 192 484 176 529 488 518 158 101 661 543 387 583 448 305 604 0 287 654 502 342 477 393 499 317 406 387 178 449 398 159 434 210 152 564 687 186 376 182 351 222 461 373 530 328 321 555 433 438 287 472 249 487 318 402 410 328 197 238 552 648 516 276 490 445 265 235 487 536 362 324 304 508 575 387 251 158 428 629 638 265 284 363 328 182 461
384 311 43 343 400 763 629 754 275 274 260 174 773 620 595 101 253 404 779 202 805 152 204 915 751 651 853 289 435 485 287 0 436 783 288 275 129 256 287 223 541 177 474 594 426 574 84 432 434 499 264 608 458 362 377 564 620 257 600 328 678 715 691 189 465 508 243 366 672 470 72 398 524 487 906 530 537 720 159 551 217 548 594 462 590 493 460 500 321 178 338 531 893 442 91 337 563 267 448 527
419 355 474 660 836 984 806 821 236 278 696 380 1174 993 643 522 554 671 986 369 1137 574 553 1315 887 1040 1233 659 869 232 654 436 0 1065 361 176 310 535 717 596 975 608 463 1020 812 1009 468 804 205 95 696 1021 834 427 806 608 1024 233 980 761 708 1071 1091 370 885 780 196 472 1055 510 469 816 870 880 1302 468 929 899 344 888 653 543 561 898 977 679 864 885 334 613 598 592 1282 58 524 772 987 361 745 540
664 712 783 1022 672 161 311 481 830 787 707 709 432 297 541 694 983 400 193 984 160 659 580 492 348 354 365 928 631 925 502 783 1065 0 704 903 871 999 767 898 627 671 667 556 419 669 701 390 907 1064 640 466 379 648 582 557 423 1004 327 748 552 227 406 713 859 288 941 600 330 606 830 524 284 966 466 711 383 267 938 252 711 631 659 689 352 397 919 993 735 739 475 547 421 1030 767 697 538 704 338 615
102 24 326 629 606 627 455 515 129 85 491 116 852 657 339 305 532 314 632 410 782 338 254 988 551 713 895 577 622 263 342 288 361 704 0 208 263 529 540 511 717 384 189 738 495 760 245 477 225 366 458 717 508 89 544 304 710 355 649 570 420 725 771 100 723 420 270 120 723 200 359 533 525 764 973 242 609 550 355 539 452 270 312 669 651 322 731 780 45 430 245 277 947 328 362 558 703 21 391 253
291 211 317 555 670 834 663 712 81 124 534 205 998 818 532 352 448 505 839 278 967 402 377 1139 758 864 1058 534 701 234 477 275 176 903 208 0 164 435 562 467 805 440 359 847 636 842 295 628 183 225 527 845 658 290 634 496 848 173 804 604 607 898 915 196 738 615 84 328 879 391 322 642 696 748 1126 387 753 758 233 715 490 445 476 734 801 529 726 757 197 453 430 473 1106 169 366 610 814 203 576 435
365 280 165 396 528 831 679 772 194 213 387 179 897 735 600 225 290 476 843 147 909 278 298 1039 791 771 971 370 564 394 393 129 310 871 263 164 0 281 407 303 670 306 450 722 543 702 184 544 341 380 393 734 572 351 506 566 743 137 717 451 682 826 814 184 578 587 115 371 790 463 161 524 629 585 1029 495 657 774 91 654 344 533 573 590 709 540 563 593 281 303 403 536 1014 322 214 464 691 246 533 516
629 549 233 125 451 1000 878 1009 474 491 330 422 896 787 849 314 27 645 1020 166 993 341 442 1033 1003 798 998 152 502 669 499 256 535 999 529 435 281 0 300 123 599 329 718 678 600 614 334 619 617 623 382 723 638 610 484 817 748 302 761 345 933 891 821 434 405 742 361 619 824 721 187 528 722 364 1030 769 691 967 202 752 305 796 840 497 745 745 361 363 554 267 585 785 1027 566 235 387 656 509 677 777
619 565 246 268 151 806 729 904 558 550 66 428 601 516 779 236 275 492 833 397 730 208 324 735 860 514 708 174 203 768 317 287 717 767 540 562 407 300 0 177 300 162 705 378 349 319 296 379 717 785 134 428 389 592 198 755 458 510 487 48 858 622 529 446 183 558 521 577 542 682 249 252 483 238 733 769 416 803 390 515 91 763 813 200 467 618 198 260 582 112 461 720 734 727 197 88 357 520 490 739
605 533 185 132 328 912 805 954 486 492 210 396 774 672 806 241 98 567 934 242 881 253 367 910 933 679 877 68 379 694 406 223 596 898 511 467 303 123 177 0 477 228 695 555 489 492 281 511 641 676 266 601 528 583 363 776 628 371 645 223 889 777 700 411 299 654 406 581 706 687 154 410 616 284 908 752 575 890 253 648 190 767 814 375 628 678 268 291 544 159 515 743 906 618 161 264 533 490 587 745
766 740 507 549 151 722 715 922 778 757 290 627 327 331 848 453 574 525 755 690 535 403 464 448 837 290 448 462 106 974 387 541 975 627 717 805 670 599 300 477 0 366 836 93 281 49 510 319 929 1029 279 176 303 738 174 835 218 790 301 254 914 424 274 643 270 530 783 705 320 795 528 191 384 384 451 903 248 761 675 410 330 869 918 106 275 652 341 411 762 374 538 803 461 974 460 218 92 700 478 844
459 409 148 358 232 684 585 750 420 405 107 277 602 466 618 88 312 346 707 353 666 46 163 744 716 487 690 270 261 625 178 177 608 671 384 440 306 329 162 228 366 0 543 417 274 402 149 290 577 664 88 434 311 431 201 594 449 432 442 187 699 567 522 294 341 427 418 415 510 520 182 225 393 399 737 607 375 667 325 424 71 601 650 295 429 466 360 420 427 73 305 559 727 609 109 176 386 364 360 577
90 170 510 816 746 553 370 359 282 245 649 300 908 702 180 474 721 343 547 597 777 497 389 1034 429 768 926 760 752 269 449 474 463 667 189 359 450 718 705 695 836 543 0 839 579 883 420 550 267 429 604 799 579 113 670 146 783 526 702 729 249 746 832 286 884 417 436 132 771 61 545 645 564 937 1015 67 680 454 541 567 614 86 123 806 710 273 901 954 171 599 303 133 982 413 541 708 804 209 418 78
776 760 563 635 228 663 678 888 812 786 357 658 235 259 831 499 653 511 697 757 452 447 487 360 793 207 356 546 176 1000 398 594 1020 556 738 847 722 678 378 555 93 417 839 0 263 118 552 296 957 1067 330 91 273 748 216 821 135 848 231 334 891 343 183 673 363 497 833 711 236 793 589 207 338 476 361 905 193 713 736 360 393 863 911 195 206 631 434 504 783 437 536 791 369 1014 518 292 35 723 453 838
520 515 411 607 265 472 438 642 587 555 289 434 362 195 570 326 580 249 502 621 393 278 259 503 563 229 428 513 236 758 159 426 812 419 495 636 543 600 349 489 281 274 579 263 0 330 359 39 720 846 224 223 40 493 169 559 216 679 174 330 634 294 280 446 453 252 642 453 247 531 452 113 135 554 490 644 117 492 585 167 299 600 648 299 166 372 507 581 539 333 276 529 472 797 381 280 229 483 197 575
812 784 538 554 176 768 764 970 817 797 317 667 344 371 896 490 588 574 801 714 570 440 507 455 885 325 469 471 141 1016 434 574 1009 669 760 842 702 614 319 492 49 402 883 118 330 0 548 368 970 1066 315 208 352 783 217 883 253 819 342 271 963 460 300 684 258 579 816 751 354 842 555 239 431 369 461 949 293 809 702 457 359 917 966 118 316 701 330 395 806 402 586 851 475 1010 490 242 130 743 527 892
331 269 101 409 380 679 546 678 271 256 252 132 714 551 525 62 328 319 695 284 728 108 121 857 669 587 787 343 407 476 210 84 468 701 245 295 184 334 296 281 510 149 420 552 359 548 0 360 427 518 234 555 388 306 339 496 562 321 532 329 608 642 632 149 479 424 286 301 606 408 147 348 447 520 846 480 474 637 238 473 211 488 535 444 525 411 486 536 285 185 254 462 830 464 122 324 519 224 364 466
496 496 421 633 303 436 399 603 575 541 317 424 375 191 535 333 601 215 465 630 376 288 253 513 524 237 431 539 275 739 152 432 804 390 477 628 544 619 379 511 319 290 550 296 39 368 360 0 703 833 250 249 31 469 206 525 235 681 176 363 597 283 294 435 490 213 639 427 251 501 463 151 105 589 499 615 132 453 591 137 323 569 616 338 174 336 543 616 521 353 249 495 478 786 394 313 263 466 160 544
243 208 477 736 807 809 627 621 159 173 679 303 1077 882 445 489 630 533 807 461 998 533 471 1214 695 938 1119 709 830 52 564 434 205 907 225 183 341 617 717 641 929 577 267 957 720 970 427 703 0 162 659 940 733 260 755 411 935 347 874 754 506 947 996 287 898 632 263 308 948 319 491 751 749 919 1198 264 834 716 416 761 637 343 357 871 876 511 893 930 183 605 467 399 1172 150 523 752 923 237 611 342
402 355 540 748 895 970 789 780 259 293 758 413 1207 1019 606 576 641 681 969 456 1148 626 588 1346 858 1071 1258 741 925 169 687 499 95 1064 366 225 380 623 785 676 1029 664 429 1067 846 1066 518 833 162 0 751 1061 864 417 857 573 1060 322 1009 827 664 1090 1125 400 958 785 270 464 1083 482 540 861 890 960 1332 420 962 878 426 905 715 502 512 958 1008 670 941 967 331 677 611 562 1309 58 589 834 1034 372 757 503
524 482 233 383 148 673 596 776 504 486 69 357 525 406 660 175 361 362 699 431 615 126 216 665 727 418 619 289 174 706 186 264 696 640 458 527 393 382 134 266 279 88 604 330 224 315 234 250 659 751 0 354 264 496 115 638 373 518 380 135 737 511 446 374 288 424 506 473 443 574 261 149 355 366 659 670 310 670 407 388 76 654 704 212 363 490 322 390 503 116 338 604 652 696 189 104 301 439 356 630
743 737 582 693 284 579 606 817 802 773 394 648 173 170 774 509 700 461 613 785 361 456 473 312 717 116 282 601 231 980 376 608 1021 466 717 845 734 723 428 601 176 434 799 91 223 208 555 249 940 1061 354 0 221 716 241 768 44 865 144 389 829 252 103 662 441 431 840 675 146 749 614 210 267 555 307 864 124 635 759 284 425 815 861 267 121 573 511 583 761 468 498 739 305 1010 541 340 84 703 396 791
526 526 445 647 301 436 413 619 606 572 329 454 344 163 558 358 619 241 467 655 355 312 282 482 535 207 401 553 268 770 182 458 834 379 508 658 572 638 389 528 303 311 579 273 40 352 388 31 733 864 264 221 0 499 207 550 205 709 146 369 618 258 263 466 489 228 668 457 221 528 487 149 96 592 468 643 102 462 617 128 338 595 641 331 144 358 545 619 551 371 279 520 447 816 417 318 241 497 180 570
29 79 397 705 640 557 379 427 209 166 538 189 838 636 250 361 612 278 558 498 739 385 281 970 468 698 869 647 649 284 351 362 427 648 89 290 351 610 592 583 738 431 113 748 493 783 306 469 260 417 496 716 499 0 568 216 704 443 632 617 331 693 759 176 773 373 357 48 704 112 434 548 499 823 952 176 601 473 442 508 502 186 231 701 637 254 788 841 95 486 221 188 923 386 428 599 713 105 357 167
596 567 347 466 97 641 596 792 604 582 154 452 414 319 698 284 461 380 671 545 534 232 291 553 725 317 514 371 83 800 222 377 806 582 544 634 506 484 198 363 174 201 670 216 169 217 339 206 755 857 115 241 207 568 0 681 265 632 289 169 770 424 338 468 284 413 617 538 344 632 376 58 303 385 548 736 218 657 522 335 183 709 758 142 269 511 338 412 589 227 379 648 544 802 304 116 186 526 350 683
207 292 594 904 768 427 247 216 417 376 693 397 853 646 35 540 816 311 416 713 684 550 431 968 286 717 852 837 764 410 461 564 608 557 304 496 566 817 755 776 835 594 146 821 559 883 496 525 411 573 638 768 550 216 681 0 744 657 652 771 116 671 783 387 926 348 569 199 714 106 636 646 511 993 947 163 644 321 657 506 664 77 103 823 665 197 953 1013 301 658 304 35 910 558 616 741 788 320 372 70
731 730 597 724 318 538 573 784 802 770 419 648 153 129 749 519 725 442 573 802 317 468 473 296 681 72 250 631 265 973 373 620 1024 423 710 848 743 748 458 628 218 449 783 135 216 253 562 235 935 1060 373 44 205 704 265 744 0 876 105 420 801 207 73 661 481 403 848 662 102 731 631 225 237 595 287 847 103 598 773 250 446 795 840 306 84 548 550 623 755 489 484 717 280 1011 558 370 126 698 373 771
450 365 285 427 643 957 797 870 245 282 502 300 1030 871 692 357 321 606 967 136 1045 409 434 1172 903 906 1107 431 684 395 530 257 233 1004 355 173 137 302 510 371 790 432 526 848 679 819 321 681 347 322 518 865 709 443 632 657 876 0 853 556 771 963 948 300 666 718 90 473 926 552 263 655 765 652 1163 559 792 893 120 790 460 612 646 703 844 659 639 655 357 417 532 631 1149 267 331 577 818 343 667 599
658 666 584 754 365 435 471 682 751 716 437 600 206 31 654 499 740 360 469 793 246 450 429 339 576 66 255 659 318 909 328 600 980 327 649 804 717 761 487 645 301 442 702 231 174 342 532 176 874 1009 380 144 146 632 289 652 105 853 0 457 703 135 131 611 545 306 814 588 75 648 623 236 141 656 324 764 71 493 758 149 456 707 750 371 25 455 610 684 691 495 412 626 301 962 551 405 212 639 285 683
645 595 287 305 107 796 729 911 595 585 80 461 560 487 793 267 320 496 824 445 702 233 343 693 860 479 670 212 160 804 321 328 761 748 570 604 451 345 48 223 254 187 729 334 330 271 329 363 754 827 135 389 369 617 169 771 420 556 457 0 871 592 491 478 156 553 565 599 508 702 295 226 465 232 692 793 386 800 437 498 119 783 833 153 436 624 188 257 613 150 472 736 694 770 238 52 315 550 486 759
321 406 708 1017 860 403 248 118 528 489 795 513 895 692 84 651 931 390 383 829 695 657 536 1000 229 765 878 949 851 496 555 678 708 552 420 607 682 933 858 889 914 699 249 891 634 963 608 597 506 664 737 829 618 331 770 116 801 771 703 871 0 700 832 503 1025 399 682 315 758 220 750 729 565 1097 977 243 706 290 773 554 769 165 153 912 719 262 1056 1118 414 766 400 148 937 655 728 838 859 436 438 173
716 739 703 888 500 367 454 657 837 799 570 693 210 106 666 616 871 415 402 913 112 570 530 300 536 135 181 793 451 976 433 715 1071 227 725 898 826 891 622 777 424 567 746 343 294 460 642 283 947 1090 511 252 258 693 424 671 207 963 135 592 700 0 180 702 677 329 916 646 107 688 745 370 202 789 277 803 206 450 875 186 587 735 773 502 157 479 743 817 764 624 480 650 239 1047 674 540 331 718 336 714
785 789 669 795 387 538 595 805 866 834 492 713 83 140 785 591 798 490 573 875 279 539 539 225 694 67 180 702 333 1032 438 691 1091 406 771 915 814 821 529 700 274 522 832 183 280 300 632 294 996 1125 446 103 263 759 338 783 73 948 131 491 832 180 0 726 543 436 917 716 79 778 704 298 273 656 215 895 163 609 846 278 520 838 882 370 122 586 613 684 814 562 538 758 206 1076 631 441 185 760 416 815
196 123 227 531 522 658 498 589 141 114 400 17 808 624 420 211 435 314 667 329 772 250 189 948 608 673 864 477 543 333 287 189 370 713 100 196 184 434 446 411 643 294 286 673 446 684 149 435 287 400 374 662 466 176 468 387 661 300 611 478 503 702 726 0 628 425 228 189 686 287 260 466 500 666 934 341 563 593 273 520 359 363 407 586 609 360 634 681 137 334 238 356 913 351 263 470 639 79 382 343
800 747 422 316 188 925 873 1061 738 732 235 611 597 576 948 418 378 645 954 541 790 388 499 714 1003 550 719 252 228 949 472 465 885 859 723 738 578 405 183 299 270 341 884 363 453 258 479 490 898 958 288 441 489 773 284 926 481 666 545 156 1025 677 543 628 0 693 690 755 580 859 418 340 585 113 718 949 479 939 546 616 271 939 989 176 521 775 71 141 764 295 626 891 730 900 375 188 358 702 628 915
394 430 515 785 509 258 186 392 544 502 492 421 504 298 349 429 730 112 280 707 366 403 305 622 312 370 510 697 486 656 249 508 780 288 420 615 587 742 558 654 530 427 417 497 252 579 424 213 632 785 424 431 228 373 413 348 403 718 306 553 399 329 436 425 693 0 653 325 366 359 563 361 166 785 601 474 308 247 658 158 482 408 449 549 321 152 739 810 454 500 187 325 567 748 507 508 466 419 68 386
362 278 280 484 642 884 719 783 155 193 502 232 1000 830 604 334 376 541 892 199 993 386 387 1142 821 871 1069 471 678 314 487 243 196 941 270 84 115 361 521 406 783 418 436 833 642 816 286 639 263 270 506 840 668 357 617 569 848 90 814 565 682 916 917 228 690 653 0 390 888 464 273 632 716 690 1131 468 758 815 159 738 458 522 555 704 808 582 672 697 269 418 466 544 1114 212 329 578 801 260 607 510
71 118 398 707 614 512 336 401 248 204 519 198 794 591 231 351 618 231 515 517 691 369 257 925 431 653 822 644 620 331 318 366 472 600 120 328 371 619 577 581 705 415 132 711 453 751 301 427 308 464 473 675 457 48 538 199 662 473 588 599 315 646 716 189 755 325 390 0 659 106 438 514 453 811 907 199 559 431 461 462 486 187 236 674 593 208 774 830 138 474 178 167 877 433 423 576 676 130 310 164
730 740 654 810 410 458 519 728 825 790 497 675 138 69 714 571 802 429 493 863 215 521 503 266 615 30 181 715 359 982 402 672 1055 330 723 879 790 824 542 706 320 510 771 236 247 354 606 251 948 1083 443 146 221 704 344 714 102 926 75 508 758 107 79 686 580 366 888 659 0 716 692 296 208 693 250 832 135 530 829 208 519 772 814 405 82 518 648 721 765 559 484 690 226 1037 620 457 228 713 353 749
101 187 503 812 712 494 311 320 311 271 623 299 853 646 141 457 721 289 489 610 717 474 360 978 378 714 868 750 715 326 410 470 510 606 200 391 463 721 682 687 795 520 61 793 531 842 408 501 319 482 574 749 528 112 632 106 731 552 648 702 220 688 778 287 859 359 464 106 716 0 542 604 508 917 958 116 628 397 554 510 591 81 131 771 657 213 879 936 195 580 257 83 925 462 529 678 758 217 363 58
456 381 48 271 380 820 692 824 334 339 238 246 784 646 666 136 182 462 838 171 840 175 259 925 817 669 872 221 422 543 328 72 469 830 359 322 161 187 249 154 528 182 545 589 452 555 147 463 491 540 261 614 487 434 376 636 631 263 623 295 750 745 704 260 418 563 273 438 692 542 0 406 561 428 918 601 557 782 147 590 198 620 666 440 611 559 404 439 391 154 400 602 909 482 73 314 561 338 499 599
577 555 373 518 152 585 546 746 605 579 202 451 378 264 660 299 507 339 615 577 478 247 280 520 673 270 470 424 125 793 197 398 816 524 533 642 524 528 252 410 191 225 645 207 113 239 348 151 751 861 149 210 149 548 58 646 225 655 236 226 729 370 298 466 340 361 632 514 296 604 406 0 245 443 512 712 165 604 549 276 224 678 727 188 218 468 396 470 578 265 347 613 504 808 333 174 173 517 301 653
524 540 517 738 397 343 340 551 635 597 422 491 345 138 514 428 704 223 374 725 281 387 331 472 456 207 371 644 361 780 238 524 870 284 525 696 629 722 483 616 384 393 564 338 135 431 447 105 749 890 355 267 96 499 303 511 237 765 141 465 565 202 273 500 585 166 716 453 208 508 561 245 0 688 453 624 145 378 683 32 428 566 609 423 155 314 641 715 565 458 282 485 424 846 494 415 310 517 145 542
849 788 445 253 294 1025 961 1141 761 761 303 649 710 687 1017 463 339 727 1053 519 901 443 562 824 1092 663 832 221 338 971 552 487 880 966 764 748 585 364 238 284 384 399 937 476 554 369 520 589 919 960 366 555 592 823 385 993 595 652 656 232 1097 789 656 666 113 785 690 811 693 917 428 443 688 0 830 999 589 1032 536 720 328 998 1048 289 632 855 47 28 803 338 699 958 843 902 403 277 471 743 718 975
977 990 884 995 585 624 730 929 1074 1040 701 922 135 317 943 806 1006 676 657 1089 306 754 749 26 804 262 102 904 532 1231 648 906 1302 466 973 1126 1029 1030 733 908 451 737 1015 361 490 461 846 499 1198 1332 659 307 468 952 548 947 287 1163 324 692 977 277 215 934 718 601 1131 907 250 958 918 512 453 830 0 1074 373 718 1061 448 731 1009 1049 556 325 753 790 856 1015 774 733 925 47 1285 845 645 377 963 598 987
149 220 568 871 812 588 406 360 315 284 713 356 969 763 191 536 773 405 579 640 829 561 454 1094 448 830 983 818 818 253 516 530 468 711 242 387 495 769 769 752 903 607 67 905 644 949 480 615 264 420 670 864 643 176 736 163 847 559 764 793 243 803 895 341 949 474 468 199 832 116 601 712 624 999 1074 0 744 484 586 626 678 86 93 872 773 325 964 1016 215 661 368 165 1040 414 601 773 870 263 479 97
628 628 519 683 296 475 485 696 704 671 366 551 245 100 650 437 670 339 508 728 316 386 377 385 600 114 316 588 251 871 276 537 929 383 609 753 657 691 416 575 248 375 680 193 117 293 474 132 834 962 310 124 102 601 218 644 103 792 71 386 706 206 163 563 479 308 758 559 135 628 557 165 145 589 373 744 0 520 695 166 386 693 738 307 54 449 542 617 653 425 381 616 357 914 484 334 167 597 272 668
480 549 735 1022 754 112 95 214 678 634 737 595 658 473 297 654 958 323 95 909 420 637 526 743 86 545 617 937 728 723 490 720 899 267 550 758 774 967 803 890 761 667 454 713 492 809 637 453 716 878 670 635 462 473 657 321 598 893 493 800 290 450 609 593 939 247 815 431 530 397 782 604 378 1032 718 484 520 0 855 354 726 398 415 791 515 234 986 1057 567 739 383 322 675 855 736 755 687 557 314 388
456 371 177 324 526 908 761 862 278 302 385 266 927 779 691 259 217 549 921 56 964 308 358 1068 877 808 1010 316 569 467 445 159 344 938 355 233 91 202 390 253 675 325 541 736 585 702 238 591 416 426 407 759 617 442 522 657 773 120 758 437 773 875 846 273 546 658 159 461 829 554 147 549 683 536 1061 586 695 855 0 710 345 624 664 585 748 623 521 541 371 301 478 627 1049 369 218 460 707 337 600 608
532 553 545 770 428 314 323 534 653 614 455 511 346 139 507 456 735 230 346 753 255 416 356 467 434 212 361 676 392 791 265 551 888 252 539 715 654 752 515 648 410 424 567 360 167 457 473 137 761 905 388 284 128 508 335 506 250 790 149 498 554 186 278 520 616 158 738 462 208 510 590 276 32 720 448 626 166 354 710 0 460 564 606 453 167 310 673 747 578 489 295 482 416 863 524 447 333 533 152 542
529 476 179 311 184 736 647 817 478 467 44 342 597 483 689 149 284 409 761 364 691 117 234 736 778 493 694 218 224 686 235 217 653 711 452 490 344 305 91 190 330 71 614 393 299 359 211 323 637 715 76 425 338 502 183 664 446 460 456 119 769 587 520 359 271 482 458 486 519 591 198 224 428 328 731 678 386 726 345 460 0 672 721 246 440 532 289 349 494 44 373 630 726 658 130 120 366 432 414 648
168 253 582 891 791 504 323 278 368 331 704 375 910 703 105 538 798 354 493 680 754 556 440 1030 361 772 916 830 792 337 487 548 543 631 270 445 533 796 763 767 869 601 86 863 600 917 488 569 343 502 654 815 595 186 709 77 795 612 707 783 165 735 838 363 939 408 522 187 772 81 620 678 566 998 1009 86 693 398 624 564 672 0 50 849 718 256 961 1017 256 661 331 86 974 491 610 758 829 289 423 25
211 293 629 937 841 524 348 270 401 367 754 420 952 745 119 587 842 401 511 719 788 605 490 1070 369 816 955 878 841 344 536 594 561 659 312 476 573 840 813 814 918 650 123 911 648 966 535 616 357 512 704 861 641 231 758 103 840 646 750 833 153 773 882 407 989 449 555 236 814 131 666 727 609 1048 1049 93 738 415 664 606 721 50 0 898 762 297 1010 1066 293 710 381 124 1013 507 657 808 877 331 467 75
730 693 425 443 64 766 734 933 715 698 203 569 429 402 840 384 471 522 797 596 614 338 420 554 861 375 548 356 63 918 362 462 898 689 669 734 590 497 200 375 106 295 806 195 299 118 444 338 871 958 212 267 331 701 142 823 306 703 371 153 912 502 370 586 176 549 704 674 405 771 440 188 423 289 556 872 307 791 585 453 246 849 898 0 346 653 244 317 714 287 520 789 564 902 376 126 185 651 489 823
663 669 572 735 342 459 490 701 749 715 419 597 202 56 668 489 724 368 493 781 269 439 424 339 597 63 263 640 294 911 324 590 977 352 651 801 709 745 467 628 275 429 710 206 166 316 525 174 876 1008 363 121 144 637 269 665 84 844 25 436 719 157 122 609 521 321 808 593 82 657 611 218 155 632 325 773 54 515 748 167 440 718 762 346 0 468 586 660 693 479 416 638 306 960 538 384 186 640 295 694
268 324 512 810 603 305 139 287 451 407 553 362 656 449 201 437 738 131 310 677 504 430 311 774 258 520 660 731 591 528 304 493 679 397 322 529 540 745 618 678 652 466 273 631 372 701 411 336 511 670 490 573 358 254 511 197 548 659 455 624 262 479 586 360 775 152 582 208 518 213 559 468 314 855 753 325 449 234 623 310 532 256 297 653 468 0 812 878 345 537 163 173 718 640 519 587 598 327 178 235
814 756 417 260 247 978 916 1098 734 732 261 617 668 641 976 428 335 683 1007 509 855 405 522 785 1047 618 789 211 292 945 508 460 864 919 731 726 563 361 198 268 341 360 901 434 507 330 486 543 893 941 322 511 545 788 338 953 550 639 610 188 1056 743 613 634 71 739 672 774 648 879 404 396 641 47 790 964 542 986 521 673 289 961 1010 244 586 812 0 74 771 303 657 918 802 883 373 231 428 710 673 937
867 804 458 247 321 1051 986 1165 773 774 326 665 737 715 1038 480 339 751 1079 521 929 463 583 850 1117 691 860 226 366 982 575 500 885 993 780 757 593 363 260 291 411 420 954 504 581 395 536 616 930 967 390 583 619 841 412 1013 623 655 684 257 1118 817 684 681 141 810 697 830 721 936 439 470 715 28 856 1016 617 1057 541 747 349 1017 1066 317 660 878 74 0 818 357 721 978 870 909 418 303 499 759 744 994
94 25 361 659 650 650 474 515 116 76 534 154 895 699 336 346 559 351 652 426 818 381 299 1031 562 756 936 611 667 219 387 321 334 735 45 197 281 554 582 544 762 427 171 783 539 806 285 521 183 331 503 761 551 95 589 301 755 357 691 613 414 764 814 137 764 454 269 138 765 195 391 578 565 803 1015 215 653 567 371 578 494 256 293 714 693 345 771 818 0 470 284 277 988 296 400 602 749 63 429 242
512 454 138 286 227 756 658 820 446 438 85 317 640 520 684 125 248 419 780 319 726 109 230 780 788 534 735 197 268 655 251 178 613 739 430 453 303 267 112 159 374 73 599 437 333 402 185 353 605 677 116 468 371 486 227 658 489 417 495 150 766 624 562 334 295 500 418 474 559 580 154 265 458 338 774 661 425 739 301 489 44 661 710 287 479 537 303 357 470 0 376 624 768 620 89 161 410 409 432 637
247 259 352 647 464 430 293 445 362 321 397 234 617 416 323 275 577 75 444 530 539 267 148 750 419 477 652 568 461 498 158 338 598 475 245 430 403 585 461 515 538 305 303 536 276 586 254 249 467 611 338 498 279 221 379 304 484 532 412 472 400 480 538 238 626 187 466 178 484 257 400 347 282 699 733 368 381 383 478 295 373 331 381 520 416 163 657 721 284 376 0 270 705 570 357 439 502 239 147 306
182 266 561 871 734 424 241 239 393 351 658 365 828 621 64 506 783 280 416 683 669 516 396 946 296 692 832 803 731 402 428 531 592 547 277 473 536 785 720 743 803 559 133 791 529 851 462 495 399 562 604 739 520 188 648 35 717 631 626 736 148 650 758 356 891 325 544 167 690 83 602 613 485 958 925 165 616 322 627 482 630 86 124 789 638 173 918 978 277 624 270 0 890 544 582 707 757 292 344 68
948 963 873 998 588 579 690 887 1052 1016 698 901 134 290 905 793 1004 646 613 1080 261 742 730 73 760 243 59 906 534 1204 629 893 1282 421 947 1106 1014 1027 734 906 461 727 982 369 472 475 830 478 1172 1309 652 305 447 923 544 910 280 1149 301 694 937 239 206 913 730 567 1114 877 226 925 909 504 424 843 47 1040 357 675 1049 416 726 974 1013 564 306 718 802 870 988 768 705 890 0 1263 836 646 381 938 567 952
376 319 482 691 839 943 764 770 211 249 701 363 1159 973 592 521 584 641 944 400 1109 571 538 1299 840 1023 1213 683 870 174 638 442 58 1030 328 169 322 566 727 618 974 609 413 1014 797 1010 464 786 150 58 696 1010 816 386 802 558 1011 267 962 770 655 1047 1076 351 900 748 212 433 1037 462 482 808 846 902 1285 414 914 855 369 863 658 491 507 902 960 640 883 909 296 620 570 544 1263 0 532 778 981 331 717 489
452 386 50 292 314 766 649 794 364 359 173 247 711 574 645 82 223 413 786 244 771 108 210 852 776 597 799 221 353 574 265 91 524 767 362 366 214 235 197 161 460 109 541 518 381 490 122 394 523 589 189 541 417 428 304 616 558 331 551 238 728 674 631 263 375 507 329 423 620 529 73 333 494 403 845 601 484 736 218 524 130 610 657 376 538 519 373 418 400 89 357 582 836 532 0 249 489 341 442 587
627 582 299 354 67 748 687 873 595 580 77 453 512 434 762 263 362 457 776 473 650 220 319 647 817 428 620 261 116 800 284 337 772 697 558 610 464 387 88 264 218 176 708 292 280 242 324 313 752 834 104 340 318 599 116 741 370 577 405 52 838 540 441 470 188 508 578 576 457 678 314 174 415 277 645 773 334 755 460 447 120 758 808 126 384 587 231 303 602 161 439 707 646 778 249 0 269 539 442 733
741 725 533 618 208 640 648 857 778 752 331 624 246 241 798 467 631 477 674 729 442 415 452 378 765 198 363 527 155 965 363 563 987 538 703 814 691 656 357 533 92 386 804 35 229 130 519 263 923 1034 301 84 241 713 186 788 126 818 212 315 859 331 185 639 358 466 801 676 228 758 561 173 310 471 377 870 167 687 707 333 366 829 877 185 186 598 428 499 749 410 502 757 381 981 489 269 0 688 421 804
121 45 305 608 587 631 462 530 126 83 471 94 841 648 355 284 512 311 637 393 778 319 237 978 561 703 887 556 604 277 328 267 361 704 21 203 246 509 520 490 700 364 209 723 483 743 224 466 237 372 439 703 497 105 526 320 698 343 639 550 436 718 760 79 702 419 260 130 713 217 338 517 517 743 963 263 597 557 337 533 432 289 331 651 640 327 710 759 63 409 239 292 938 331 341 539 688 0 386 271
381 404 452 717 446 325 246 445 509 468 424 376 490 284 379 364 664 79 347 648 392 337 244 617 375 351 512 629 426 639 182 448 745 338 391 576 533 677 490 587 478 360 418 453 197 527 364 160 611 757 356 396 180 357 350 372 373 667 285 486 438 336 416 382 628 68 607 310 353 363 499 301 145 718 598 479 272 314 600 152 414 423 467 489 295 178 673 744 429 432 147 344 567 717 442 442 421 386 0 399
152 237 561 870 766 491 309 281 356 318 680 355 887 680 103 515 778 329 482 663 735 532 416 1008 356 749 895 808 766 340 461 527 540 615 253 435 516 777 739 745 844 577 78 838 575 892 466 544 342 503 630 791 570 167 683 70 771 599 683 759 173 714 815 343 915 386 510 164 749 58 599 653 542 975 987 97 668 388 608 542 648 25 75 823 694 235 937 994 242 637 306 68 952 489 587 733 804 271 399 0
