# TTSP Euclidean complete-graph matrix instance
# seed: 2075
# depot: 1
# L_max is not stored in this file; pass it with --budget when running algorithms.
# coordinate rows: node x y
# coord 1 928.411771 327.509548
# coord 2 485.999092 608.853687
# coord 3 991.981620 440.553470
# coord 4 76.205560 559.868915
# coord 5 124.389708 507.720058
# coord 6 187.802411 147.051791
# coord 7 364.025435 282.135879
# coord 8 397.705087 864.490676
# coord 9 862.960648 753.820105
# coord 10 282.136718 85.287488
# coord 11 250.203456 894.120371
# coord 12 812.823199 130.923607
# coord 13 825.794874 301.967316
# coord 14 326.773967 306.679440
# coord 15 948.063311 331.970494
# coord 16 643.115763 147.061364
# coord 17 257.389246 439.770361
# coord 18 370.998960 686.968173
# coord 19 886.305187 84.511209
# coord 20 120.585728 832.992435
# coord 21 361.602172 131.110193
# coord 22 883.738177 707.533010
# coord 23 316.482446 727.666372
# coord 24 628.903164 635.881633
# coord 25 524.582473 689.684074
# coord 26 925.224355 284.156014
# coord 27 234.242898 257.209383
# coord 28 111.191821 506.770873
# coord 29 380.253865 205.056477
# coord 30 133.144791 179.324962
# coord 31 880.935932 168.999099
# coord 32 589.987696 205.765067
# coord 33 582.305901 325.752348
# coord 34 853.147706 586.050751
# coord 35 546.508623 131.669827
# coord 36 445.472956 3.301143
# coord 37 355.312182 102.034507
# coord 38 431.105695 483.151536
# coord 39 966.536762 266.738237
# coord 40 682.828902 511.919070
# coord 41 34.439550 396.990841
# coord 42 902.608623 11.286599
# coord 43 665.235616 245.579740
# coord 44 300.635302 920.653922
# coord 45 560.791719 362.366143
# coord 46 25.664659 592.536163
# coord 47 289.587501 881.155833
# coord 48 555.214606 688.192298
# coord 49 577.638579 262.967315
# coord 50 822.386591 837.398183
# coord 51 660.834706 509.629073
# coord 52 146.357241 390.396084
# coord 53 984.340720 662.730170
# coord 54 929.775495 568.100843
# coord 55 639.100464 334.995379
# coord 56 830.238555 526.835702
# coord 57 140.430185 59.870432
# coord 58 780.566177 53.660722
# coord 59 682.685114 867.788898
# coord 60 334.300069 68.905649
# coord 61 744.095254 754.724409
# coord 62 160.200259 51.818771
# coord 63 961.568092 633.352623
# coord 64 632.132640 613.659246
# coord 65 796.771633 669.781087
# coord 66 87.129335 55.570203
# coord 67 425.045893 673.298872
# coord 68 101.076781 387.179398
# coord 69 736.158695 223.986469
# coord 70 454.557298 490.546976
# coord 71 85.916972 654.813818
# coord 72 71.052813 235.882112
# coord 73 471.117340 113.882718
# coord 74 733.280681 317.731162
# coord 75 806.559870 325.524440
# coord 76 234.574464 30.610790
# coord 77 668.246847 896.423716
# coord 78 300.237447 870.326567
# coord 79 951.130922 154.781698
# coord 80 563.253334 250.145328
# coord 81 301.283690 537.846852
# coord 82 73.724739 10.202909
# coord 83 920.684515 632.788741
# coord 84 845.590355 549.774407
# coord 85 374.885848 147.864097
# coord 86 531.222931 64.621741
# coord 87 12.343290 530.702885
# coord 88 37.018959 930.382195
# coord 89 514.252784 392.100748
# coord 90 468.895977 216.172835
# coord 91 213.150356 511.033336
# coord 92 419.867946 102.003092
# coord 93 286.232992 425.005853
# coord 94 460.698946 972.090912
# coord 95 530.906996 125.552713
# coord 96 248.365795 370.946715
# coord 97 74.200925 529.937467
# coord 98 814.151439 373.852130
# coord 99 948.563327 383.007913
# coord 100 572.709636 125.394549
# reference_nearest_neighbor_tour_cost: 9867
TTSP_MATRIX
100
0 12 41 45 24 41 89 33 32 65 53 20 11 78 57 7 67 96 69 63 76 96 52 51 81 65 88 17 98 5 3 2 19 14 75 17 52 43 38 41 62 29 13 28 100 57 23 43 15 98 63 84 34 60 91 73 23 61 100 19 26 84 50 97 26 4 11 12 64 18 91 67 9 67 27 17 70 34 17 55 79 11 67 40 16 35 58 72 81 100 17 3 65 86 85 92 26 74 66 98
0 524 130 883 824 762 566 755 431 690 884 228 106 602 20 338 680 663 247 953 600 383 731 430 542 43 698 837 562 809 165 360 346 269 429 582 616 521 72 307 897 317 276 864 369 941 845 519 357 521 324 785 340 241 289 222 832 311 594 648 465 816 308 412 367 884 611 829 218 501 904 862 505 195 122 755 626 830 174 373 661 912 305 237 582 476 938 1076 419 473 738 556 650 796 446 681 878 123 59 409
524 0 533 413 375 550 349 270 404 562 370 579 458 342 539 488 284 139 660 429 494 410 207 145 90 546 432 388 417 556 591 416 299 368 481 607 523 137 590 219 499 728 405 363 258 461 336 105 358 407 201 404 501 446 314 354 649 628 325 561 296 645 476 146 317 682 89 444 459 122 403 558 495 382 428 631 340 321 650 367 198 727 435 364 474 546 480 552 219 393 290 511 271 364 485 336 419 404 515 491
130 533 0 924 870 856 648 730 339 794 869 358 216 679 117 456 735 668 371 956 702 288 734 412 530 170 780 883 655 898 293 466 425 201 542 700 721 562 176 317 959 438 380 842 438 978 829 502 451 432 338 847 222 142 368 183 933 441 527 755 400 918 195 399 301 983 613 893 335 540 931 943 615 286 218 861 559 814 289 469 698 1014 205 183 683 595 984 1073 480 569 782 665 706 752 558 747 922 190 72 525
883 413 924 0 71 428 400 443 810 517 377 852 793 356 901 701 217 321 939 277 515 821 293 558 467 893 341 64 467 385 895 624 558 777 636 668 536 363 937 609 168 992 668 425 523 60 386 496 583 796 587 183 914 854 606 755 504 867 680 555 696 515 888 559 729 504 367 174 741 385 95 324 596 700 767 552 681 383 964 577 226 550 848 769 509 673 70 373 469 522 145 572 250 564 629 256 30 761 890 660
824 375 870 71 0 366 329 449 778 451 406 785 731 285 842 632 149 305 872 325 445 785 292 521 440 831 274 13 396 329 829 555 493 733 565 598 467 308 876 558 143 923 601 449 460 130 408 467 515 772 536 119 874 808 543 706 448 798 664 486 667 457 847 519 692 454 343 123 674 331 152 277 525 638 706 490 668 403 899 509 179 500 806 722 438 602 114 432 407 451 89 502 182 573 558 185 55 703 834 589
762 550 856 428 366 0 222 748 908 113 750 625 657 212 782 455 301 570 701 689 175 894 595 658 639 750 120 368 201 63 693 406 433 797 359 295 173 415 788 615 293 728 487 782 431 474 741 654 407 938 596 247 949 853 489 746 99 600 874 166 824 99 914 644 803 136 577 255 554 435 518 147 285 572 644 125 890 732 763 389 407 178 879 771 187 353 422 798 408 289 365 236 295 869 344 232 399 666 797 386
566 349 648 400 329 222 0 583 687 213 622 474 462 45 586 310 190 405 558 602 151 672 448 442 438 561 132 338 79 253 529 239 223 576 237 290 180 212 603 393 349 603 303 642 212 459 604 449 214 720 374 243 728 634 280 527 315 475 667 215 606 308 693 426 581 358 396 283 377 227 465 297 199 371 445 283 685 592 601 202 263 398 658 551 135 274 431 726 186 124 274 189 163 697 229 146 381 459 593 261
755 270 730 443 449 748 583 0 478 788 150 843 707 562 766 758 447 180 920 279 734 511 159 325 216 784 629 458 660 734 847 686 569 534 748 863 764 383 825 453 592 991 674 112 528 461 109 236 628 426 442 537 620 609 582 549 845 897 285 798 363 847 609 343 444 866 193 562 724 378 376 708 754 642 676 850 272 98 900 636 341 914 572 547 717 811 510 367 487 652 399 763 453 125 751 516 465 644 732 760
431 404 339 810 778 908 687 478 0 886 629 625 453 698 430 645 682 496 670 747 799 51 547 262 344 474 801 791 731 929 585 612 512 168 698 859 826 510 498 302 902 744 545 587 495 853 587 315 568 93 317 803 152 197 475 229 1002 705 213 865 119 993 156 270 107 1044 445 846 545 486 783 946 750 455 432 958 241 575 605 586 602 1084 134 205 778 765 879 845 502 667 694 788 664 458 711 724 820 383 381 692
690 562 794 517 451 113 213 788 886 0 809 533 585 226 710 366 355 608 604 765 92 866 643 651 651 673 178 455 155 176 605 331 385 759 268 183 75 425 708 585 398 625 415 836 393 568 796 662 345 926 569 334 909 808 436 704 144 499 879 55 813 126 873 634 779 197 605 352 475 440 602 259 191 508 577 72 898 785 673 326 453 222 841 730 112 250 521 880 385 228 431 139 340 905 252 288 491 605 730 293
884 370 869 377 406 750 622 150 629 809 0 948 826 592 896 844 454 240 1030 143 771 660 179 458 342 910 637 412 701 724 961 768 658 677 818 912 799 449 952 577 542 1098 770 57 616 376 41 368 711 575 563 514 770 754 681 687 841 994 433 829 513 847 758 474 591 854 282 528 828 452 290 682 811 752 796 864 418 55 1019 716 360 901 720 688 757 876 434 216 567 712 385 810 470 224 818 523 404 767 865 834
228 579 358 852 785 625 474 843 625 533 948 0 172 517 242 170 636 710 87 986 451 581 776 537 629 190 592 796 439 681 78 235 302 457 266 389 458 519 205 403 823 150 187 941 342 913 915 614 270 707 408 715 559 453 268 396 676 84 748 483 628 657 524 515 539 730 667 756 121 508 896 749 342 203 195 587 779 900 140 277 654 749 513 420 438 289 895 1114 397 354 710 394 603 912 282 613 840 243 286 240
106 458 216 793 731 657 462 707 453 585 826 172 0 499 126 240 585 596 226 883 495 410 664 388 491 101 593 743 456 703 144 255 245 285 327 484 511 434 145 254 797 301 170 812 272 851 789 472 251 535 265 685 394 286 190 225 727 252 584 544 460 711 358 367 369 779 546 730 119 416 820 758 401 94 30 651 615 774 193 268 575 807 344 249 477 378 845 1009 324 367 647 453 553 763 344 582 785 73 147 309
602 342 679 356 285 212 45 562 698 226 592 517 499 0 622 354 150 383 602 565 179 686 421 447 431 599 105 294 115 232 571 282 256 596 281 326 207 205 641 411 306 647 344 615 241 415 576 445 255 726 391 199 748 657 314 549 309 520 664 238 612 304 714 433 594 347 380 240 418 224 423 265 241 407 480 291 681 564 643 243 233 390 678 573 166 317 386 688 206 168 234 225 125 679 273 101 337 492 626 306
20 539 117 901 842 782 586 766 430 710 896 242 126 622 0 357 699 678 255 967 620 381 745 441 554 53 718 855 582 829 176 380 366 271 449 601 636 539 68 321 916 324 296 875 388 958 857 530 377 521 338 804 333 237 309 228 852 325 598 668 469 836 302 423 370 904 625 849 238 518 921 882 524 215 142 775 630 842 177 393 679 932 302 241 602 495 957 1090 438 493 756 576 668 805 465 701 896 140 51 428
338 488 456 701 632 455 310 758 645 366 844 170 240 354 357 0 484 605 251 862 282 610 666 489 555 314 423 642 269 511 239 79 189 487 98 244 291 397 345 367 658 293 101 846 231 761 815 548 133 713 363 553 618 509 188 423 510 166 722 319 616 492 581 467 545 563 570 593 121 392 754 579 175 193 242 425 750 800 308 130 519 586 559 451 268 139 738 990 277 187 563 228 452 845 114 454 686 284 386 74
680 284 735 217 149 301 190 447 682 355 454 636 585 150 699 484 0 272 722 416 326 681 294 420 366 686 184 161 265 289 680 407 344 613 423 475 352 179 730 432 227 775 452 483 313 278 443 388 366 691 409 122 760 685 396 579 397 650 603 379 580 400 730 413 586 420 287 165 525 204 275 276 390 491 561 410 614 433 750 360 107 467 691 598 315 464 261 538 261 308 84 375 32 570 417 69 204 561 694 445
663 139 668 321 305 570 405 180 496 608 240 710 596 383 678 605 272 0 793 290 556 513 68 263 154 685 451 316 482 561 727 529 418 493 582 688 585 212 729 358 444 860 530 244 376 358 211 184 472 476 340 372 614 571 442 486 668 754 360 619 379 669 593 271 426 692 56 403 590 213 287 542 582 517 566 670 364 197 787 477 165 739 552 494 539 643 391 413 328 481 236 587 275 299 584 339 336 543 653 597
247 660 371 939 872 701 558 920 670 604 1030 87 226 602 255 251 722 793 0 1071 527 623 859 608 705 203 675 883 520 759 85 320 388 503 343 448 531 605 199 473 907 75 274 1021 428 999 995 689 357 756 481 801 586 486 352 446 746 110 809 552 685 727 554 587 592 800 748 842 205 593 983 829 416 279 254 654 841 980 96 363 740 816 549 467 515 356 981 1199 483 438 797 467 690 984 358 699 926 298 305 316
953 429 956 277 325 689 602 279 747 765 143 986 883 565 967 862 416 290 1071 0 742 773 222 545 429 974 587 326 680 654 1009 783 686 773 821 891 768 468 1018 647 444 1134 801 200 644 259 176 458 731 702 630 443 880 851 719 773 773 1021 563 793 628 782 864 557 696 778 344 446 866 478 182 599 800 801 853 810 551 183 1072 732 346 824 825 778 731 871 321 128 591 708 335 790 440 367 818 479 307 832 942 840
600 494 702 515 445 175 151 734 799 92 771 451 495 179 620 282 326 556 527 742 0 778 598 571 582 584 179 451 76 233 521 240 294 670 185 153 30 359 620 498 422 554 324 792 305 571 753 590 253 843 483 337 819 717 344 613 232 426 804 68 732 216 782 553 692 285 546 365 386 371 592 309 111 416 486 162 824 742 590 234 411 312 751 640 21 182 531 863 302 137 408 65 303 847 169 265 492 514 639 211
383 410 288 821 785 894 672 511 51 866 660 581 410 686 381 610 681 513 623 773 778 0 568 265 360 425 790 798 711 918 539 581 486 125 667 829 804 505 449 280 904 697 511 621 473 866 619 329 540 144 298 803 110 147 446 188 986 662 257 842 147 976 108 269 95 1029 460 846 506 481 800 940 723 418 390 938 287 606 557 558 607 1069 83 162 756 733 889 876 486 643 699 763 661 499 681 719 829 341 331 660
731 207 734 293 292 595 448 159 547 643 179 776 664 421 745 666 294 68 859 222 598 568 0 326 212 753 478 302 526 578 794 589 482 555 639 736 627 270 797 425 435 926 595 194 439 321 156 242 533 518 408 378 671 634 508 552 691 818 392 659 428 694 652 336 484 710 121 403 656 274 242 550 633 585 634 702 390 144 855 538 190 757 612 558 583 697 362 345 390 534 240 634 304 284 639 363 313 611 720 655
430 145 412 558 521 658 442 325 262 651 458 537 388 447 441 489 420 263 608 545 571 265 326 0 117 460 547 534 497 674 531 432 314 230 511 659 600 250 500 135 641 682 392 435 282 605 419 90 376 279 130 541 356 308 301 229 755 602 238 639 166 749 333 22 171 794 207 583 426 227 543 686 545 335 358 722 263 404 579 391 342 836 292 233 550 580 625 661 269 449 434 573 402 376 520 464 565 321 408 514
542 90 530 467 440 639 438 216 344 651 342 629 491 431 554 555 366 154 705 429 582 360 212 117 0 570 521 452 506 643 631 488 368 345 558 691 612 227 612 238 571 777 466 322 329 508 303 31 430 332 226 482 461 423 373 346 738 686 238 649 229 735 441 132 273 770 101 520 512 211 440 642 578 427 461 720 252 288 684 441 270 815 400 350 562 625 536 544 298 477 359 597 356 290 564 422 478 428 523 566
43 546 170 893 831 750 561 784 474 673 910 190 101 599 53 314 686 685 203 974 584 425 753 460 570 0 692 844 551 799 123 344 345 310 408 556 598 533 45 333 898 274 263 892 373 951 872 548 348 563 347 786 383 284 291 261 816 272 632 629 504 800 351 441 406 869 634 831 198 514 918 856 485 195 126 736 664 857 132 364 674 894 349 277 567 451 946 1098 425 461 747 537 654 830 425 682 886 143 102 387
698 432 780 341 274 120 132 629 801 178 637 592 593 105 718 423 184 451 675 587 179 790 478 547 521 692 0 278 155 128 653 359 355 701 337 330 197 300 732 516 244 712 431 667 343 395 626 537 343 826 496 160 853 762 412 654 219 583 758 213 712 218 819 534 698 250 458 186 503 321 424 165 277 503 576 227 773 617 724 329 289 295 782 678 178 354 352 701 311 238 255 242 176 750 325 115 316 592 725 363
837 388 883 64 13 368 338 458 791 455 412 796 743 294 855 642 161 316 883 326 451 798 302 534 452 844 278 0 404 328 841 566 505 746 575 604 473 321 888 572 134 934 613 455 472 121 415 480 526 784 550 122 887 821 555 719 448 808 676 491 680 458 860 532 705 452 355 120 686 344 150 274 533 650 719 492 680 410 911 520 193 498 819 736 445 610 102 430 419 461 102 509 193 582 567 193 44 715 846 599
562 417 655 467 396 201 79 660 731 155 701 439 456 115 582 269 265 482 520 680 76 711 526 497 506 551 155 404 0 248 502 210 235 607 182 212 106 283 590 431 396 557 288 720 239 525 682 514 206 772 414 298 758 659 290 553 280 428 728 144 659 268 722 480 624 329 470 333 356 295 538 311 129 371 443 227 749 670 573 188 342 363 689 579 57 206 491 802 230 89 349 110 239 771 170 212 446 466 596 208
809 556 898 385 329 63 253 734 929 176 724 681 703 232 829 511 289 561 759 654 233 918 578 674 643 799 128 328 248 0 748 458 472 827 416 359 235 426 838 642 239 788 536 760 465 427 719 661 452 953 623 211 979 886 529 779 120 660 881 229 839 130 945 662 825 132 574 210 605 447 478 84 344 616 689 180 895 711 818 436 396 179 909 803 244 414 372 757 436 338 341 297 289 858 401 224 356 708 840 443
165 591 293 895 829 693 529 847 585 605 961 78 144 571 176 239 680 727 85 1009 521 539 794 531 631 123 653 841 502 748 0 293 337 418 337 466 530 549 130 396 877 159 229 950 374 954 926 613 318 671 406 767 504 402 293 361 749 153 726 556 601 730 471 510 508 802 680 810 155 534 932 813 414 210 173 661 758 911 72 328 687 823 465 382 506 365 941 1137 429 415 750 466 647 906 353 664 884 215 224 311
360 416 466 624 555 406 239 686 612 331 768 235 255 282 380 79 407 529 320 783 240 581 589 432 488 344 359 566 210 458 293 0 120 462 86 249 257 320 381 320 588 368 85 771 159 684 739 484 59 673 312 481 604 497 138 401 473 244 668 290 570 457 566 410 508 525 496 521 147 315 675 520 150 182 247 396 695 725 365 52 440 552 540 429 223 153 663 912 201 122 485 199 375 777 100 379 609 280 400 82
346 299 425 558 493 433 223 569 512 385 658 302 245 256 366 189 344 418 388 686 294 486 482 314 368 345 355 505 235 472 337 120 0 376 197 350 319 218 389 212 552 449 115 658 42 617 628 363 63 565 200 441 525 424 58 319 516 337 551 357 458 503 488 292 405 564 381 485 184 209 596 519 239 151 224 456 577 613 407 78 352 599 457 346 273 266 606 814 95 158 413 276 312 658 207 337 548 237 371 201
269 368 201 777 733 797 576 534 168 759 677 457 285 596 271 487 613 493 503 773 670 125 555 230 345 310 701 746 607 827 418 462 376 0 548 711 694 434 339 186 840 577 389 646 368 828 636 315 425 253 207 733 152 79 330 63 886 537 329 733 201 875 118 223 101 932 437 778 380 410 770 857 607 294 265 831 361 622 442 444 554 969 82 37 649 613 843 886 390 533 644 650 589 550 562 642 781 216 224 539
429 481 542 636 565 359 237 748 698 268 818 266 327 281 449 98 423 582 343 821 185 667 639 511 558 408 337 575 182 416 337 86 197 548 0 163 193 370 441 404 577 376 165 826 231 695 792 557 135 758 395 477 688 581 223 486 412 247 749 221 654 394 651 490 593 466 555 514 211 370 697 487 77 264 324 328 774 779 405 120 474 488 625 514 172 69 667 947 262 115 505 130 392 845 17 382 618 361 474 27
582 607 700 668 598 295 290 863 859 183 912 389 484 326 601 244 475 688 448 891 153 829 736 659 691 556 330 604 212 359 466 249 350 711 163 0 134 480 584 561 569 457 327 929 377 723 892 694 291 915 550 489 852 744 384 650 310 339 896 129 809 289 814 638 753 362 670 516 365 487 744 441 114 426 484 213 920 879 528 274 554 372 789 677 161 105 682 1013 395 214 558 102 451 969 149 417 644 523 630 176
616 523 721 536 467 173 180 764 826 75 799 458 511 207 636 291 352 585 531 768 30 804 627 600 612 598 197 473 106 235 530 257 319 694 193 134 0 389 633 525 436 555 342 820 332 591 782 619 274 871 509 356 843 740 367 637 219 428 833 39 760 201 806 582 719 272 576 382 400 401 615 314 116 435 504 140 854 770 598 255 439 296 775 664 50 180 549 887 331 161 433 65 330 876 177 289 512 533 656 219
521 137 562 363 308 415 212 383 510 425 449 519 434 205 539 397 179 212 605 468 359 505 270 250 227 533 300 321 283 426 549 320 218 434 370 480 389 0 578 253 406 667 334 457 177 420 422 240 264 528 231 299 582 506 255 402 513 554 460 425 414 509 551 240 411 549 190 344 400 25 386 437 371 344 407 493 476 409 615 268 141 593 512 420 340 430 421 596 123 270 220 381 156 490 371 214 360 398 527 385
72 590 176 937 876 788 603 825 498 708 952 205 145 641 68 345 730 729 199 1018 620 449 797 500 612 45 732 888 590 838 130 381 389 339 441 584 633 578 0 375 941 263 302 933 417 996 914 589 389 589 390 829 396 304 334 294 852 283 665 662 536 834 367 482 437 904 677 874 234 559 962 896 518 239 170 769 697 899 113 404 718 929 369 308 603 480 990 1142 469 500 792 571 698 868 458 726 930 186 118 418
307 219 317 609 558 615 393 453 302 585 577 403 254 411 321 367 432 358 473 647 498 280 425 135 238 333 516 572 431 642 396 320 212 186 404 561 525 253 375 0 658 547 267 560 193 662 539 218 270 354 22 550 337 253 182 148 706 469 356 564 250 696 304 114 195 750 304 595 293 229 614 671 451 201 224 658 385 524 447 288 382 789 267 167 477 472 671 770 207 365 470 487 406 511 415 457 609 191 295 402
897 499 959 168 143 293 349 592 902 398 542 823 797 306 916 658 227 444 907 444 422 904 435 641 571 898 244 134 396 239 877 588 552 840 577 569 436 406 941 658 0 950 649 587 527 196 547 597 559 903 636 112 986 912 608 806 353 821 801 444 795 367 957 636 810 345 478 67 723 430 263 165 520 703 775 417 807 543 948 549 302 389 917 825 422 598 136 533 480 471 212 485 253 716 566 216 139 780 914 603
317 728 438 992 923 728 603 991 744 625 1098 150 301 647 324 293 775 860 75 1134 554 697 926 682 777 274 712 934 557 788 159 368 449 577 376 457 555 667 263 547 950 0 334 1091 490 1052 1064 761 411 830 554 846 657 557 417 521 764 129 884 571 760 744 625 660 667 817 816 885 270 656 1040 861 444 350 329 668 916 1049 151 415 799 829 622 541 545 375 1031 1263 544 480 852 491 742 1058 389 747 977 373 375 349
276 405 380 668 601 487 303 674 545 415 770 187 170 344 296 101 452 530 274 801 324 511 595 392 466 263 431 613 288 536 229 85 115 389 165 327 342 334 302 267 649 334 0 767 157 728 738 456 89 612 264 539 525 417 93 326 557 224 622 375 515 541 488 370 444 609 491 582 74 323 709 594 235 99 162 481 651 724 300 102 467 637 464 354 306 225 712 929 210 199 524 284 419 755 180 435 656 197 315 152
864 363 842 425 449 782 642 112 587 836 57 941 812 615 875 846 483 244 1021 200 792 621 194 435 322 892 667 455 720 760 950 771 658 646 826 929 820 457 933 560 587 1091 767 0 616 428 41 345 714 528 547 552 731 721 676 660 876 991 386 852 473 880 721 452 556 891 277 570 822 457 342 722 825 742 781 892 368 50 1005 720 383 938 684 659 776 887 485 264 570 724 419 827 496 168 828 552 452 750 842 841
369 258 438 523 460 431 212 528 495 393 616 342 272 241 388 231 313 376 428 644 305 473 439 282 329 373 343 472 239 465 374 159 42 368 231 377 332 177 417 193 527 490 157 616 0 583 585 326 101 542 178 415 519 422 83 316 518 379 520 371 433 507 484 261 388 564 339 460 223 166 558 506 264 178 249 465 545 571 442 112 313 601 450 341 284 299 574 773 55 173 378 296 282 618 239 313 515 254 388 237
941 461 978 60 130 474 459 461 853 568 376 913 851 415 958 761 278 358 999 259 571 866 321 605 508 951 395 121 525 427 954 684 617 828 695 723 591 420 996 662 196 1052 728 428 583 0 391 538 643 834 641 235 961 904 665 807 545 928 712 608 737 557 937 607 775 540 407 219 800 441 87 360 654 759 825 600 711 391 1024 637 281 584 896 821 565 731 63 338 528 581 204 629 310 577 688 314 79 818 946 719
845 336 829 386 408 741 604 109 587 796 41 915 789 576 857 815 443 211 995 176 753 619 156 419 303 872 626 415 682 719 926 739 628 636 792 892 782 422 914 539 547 1064 738 41 585 391 0 328 682 535 525 511 728 713 648 646 835 962 393 813 472 839 716 435 549 850 248 529 795 424 304 681 788 717 759 852 379 15 982 688 344 897 678 647 738 852 447 257 538 689 378 790 456 194 793 512 412 730 826 807
519 105 502 496 467 654 449 236 315 662 368 614 472 445 530 548 388 184 689 458 590 329 242 90 31 548 537 480 514 661 613 484 363 315 557 694 619 240 589 218 597 761 456 345 326 538 328 0 426 306 207 506 430 393 363 319 753 673 220 658 200 749 410 107 242 787 131 545 498 222 470 663 580 411 441 732 237 313 664 438 295 832 370 322 570 624 565 572 299 480 385 602 376 299 563 441 506 407 498 563
357 358 451 583 515 407 214 628 568 345 711 270 251 255 377 133 366 472 357 731 253 540 533 376 430 348 343 526 206 452 318 59 63 425 135 291 274 264 389 270 559 411 89 714 101 643 682 426 0 624 260 450 570 466 95 365 482 292 614 311 519 468 533 355 462 533 438 492 163 259 629 507 183 165 237 414 640 668 389 19 390 564 504 393 233 204 625 859 144 118 441 225 333 719 145 347 570 261 390 138
521 407 432 796 772 938 720 426 93 926 575 707 535 726 521 713 691 476 756 702 843 144 518 279 332 563 826 784 772 953 671 673 565 253 758 915 871 528 589 354 903 830 612 528 542 834 535 306 624 0 365 810 238 290 535 311 1034 785 143 910 114 1027 247 294 170 1073 430 850 619 506 759 962 804 527 512 998 165 523 695 642 601 1116 227 289 822 826 866 791 542 715 691 838 676 386 769 740 809 464 472 755
324 201 338 587 536 596 374 442 317 569 563 408 265 391 338 363 409 340 481 630 483 298 408 130 226 347 496 550 414 623 406 312 200 207 395 550 509 231 390 22 636 554 264 547 178 641 525 207 260 365 0 528 358 275 176 170 688 471 359 549 259 678 325 108 210 732 287 573 295 207 593 650 439 205 235 641 387 510 458 277 361 771 288 189 461 463 649 752 188 351 448 474 384 504 405 435 587 205 314 394
785 404 847 183 119 247 243 537 803 334 514 715 685 199 804 553 122 372 801 443 337 803 378 541 482 786 160 122 298 211 767 481 441 733 477 489 356 299 829 550 112 846 539 552 415 235 511 506 450 810 528 0 881 803 496 697 331 718 718 372 700 339 851 535 708 340 397 45 613 324 271 172 427 591 663 370 727 504 839 440 214 387 811 717 333 504 194 551 368 367 138 397 144 661 467 104 157 668 802 502
340 501 222 914 874 949 728 620 152 909 770 559 394 748 333 618 760 614 586 880 819 110 671 356 461 383 853 887 758 979 504 604 525 152 688 852 843 582 396 337 986 657 525 731 519 961 728 430 570 238 358 881 0 109 476 205 1037 642 365 880 257 1026 37 356 188 1083 559 925 504 557 898 1008 751 427 381 981 393 715 509 590 694 1120 70 179 798 750 981 984 542 682 786 796 737 608 703 792 920 335 282 677
241 446 142 854 808 853 634 609 197 808 754 453 286 657 237 509 685 571 486 851 717 147 634 308 423 284 762 821 659 886 402 497 424 79 581 744 740 506 304 253 912 557 417 721 422 904 713 393 466 290 275 803 109 0 373 108 939 536 388 777 263 927 73 301 167 986 516 848 395 482 848 921 646 318 272 879 420 698 414 485 629 1022 65 86 696 642 918 963 451 580 719 691 659 619 596 709 856 226 186 569
289 314 368 606 543 489 280 582 475 436 681 268 190 314 309 188 396 442 352 719 344 446 508 301 373 291 412 555 290 529 293 138 58 330 223 384 367 255 334 182 608 417 93 676 83 665 648 363 95 535 176 496 476 373 0 271 570 315 535 405 433 556 439 279 370 619 400 541 147 241 639 577 278 96 168 506 562 634 360 114 394 652 410 298 324 291 657 847 137 208 461 320 364 662 236 392 598 179 313 220
222 354 183 755 706 746 527 549 229 704 687 396 225 549 228 423 579 486 446 773 613 188 552 229 346 261 654 719 553 779 361 401 319 63 486 650 637 402 294 148 806 521 326 660 316 807 646 319 365 311 170 697 205 108 271 0 833 476 372 675 244 821 169 216 147 880 431 742 317 377 755 813 547 230 203 775 404 632 391 384 529 916 139 28 592 551 818 890 344 477 617 591 553 579 501 602 756 154 186 477
832 649 933 504 448 99 315 845 1002 144 841 676 727 309 852 510 397 668 746 773 232 986 691 755 738 816 219 448 280 120 749 473 516 886 412 310 219 513 852 706 353 764 557 876 518 545 835 753 482 1034 688 331 1037 939 570 833 0 640 973 194 920 21 1002 741 896 53 676 330 618 533 597 189 335 647 717 99 989 826 816 464 504 83 968 859 250 391 488 877 500 364 457 283 393 967 396 329 475 743 870 437
311 628 441 867 798 600 475 897 705 499 994 84 252 520 325 166 650 754 110 1021 426 662 818 602 686 272 583 808 428 660 153 244 337 537 247 339 428 554 283 469 821 129 224 991 379 928 962 673 292 785 471 718 642 536 315 476 640 0 820 447 702 620 607 579 616 693 714 757 176 545 919 733 315 268 273 546 850 947 198 293 681 708 596 500 416 250 904 1150 431 351 729 364 618 973 260 620 852 322 370 220
594 325 527 680 664 874 667 285 213 879 433 748 584 664 598 722 603 360 809 563 804 257 392 238 238 632 758 676 728 881 726 668 551 329 749 896 833 460 665 356 801 884 622 386 520 712 393 220 614 143 359 718 365 388 535 372 973 820 0 872 129 969 364 259 229 1007 323 754 646 441 634 879 783 552 556 950 32 382 762 629 504 1052 334 357 783 817 750 649 505 686 590 810 594 245 758 660 696 511 553 750
648 561 755 555 486 166 215 798 865 55 829 483 544 238 668 319 379 619 552 793 68 842 659 639 649 629 213 491 144 229 556 290 357 733 221 129 39 425 662 564 444 571 375 852 371 608 813 658 311 910 549 372 880 777 405 675 194 447 872 0 799 175 844 621 758 248 611 395 431 438 636 312 144 470 537 107 892 802 623 292 470 267 814 702 89 197 563 911 370 200 458 92 359 912 205 314 529 569 690 245
465 296 400 696 667 824 606 363 119 813 513 628 460 612 469 616 580 379 685 628 732 147 428 166 229 504 712 680 659 839 601 570 458 201 654 809 760 414 536 250 795 760 515 473 433 737 472 200 519 114 259 700 257 263 433 244 920 702 129 799 0 914 249 180 100 959 329 741 531 392 666 850 697 437 434 885 161 459 635 536 493 1002 215 229 710 722 765 729 429 605 584 729 564 357 664 627 707 387 424 652
816 645 918 515 457 99 308 847 993 126 847 657 711 304 836 492 400 669 727 782 216 976 694 749 735 800 218 458 268 130 730 457 503 875 394 289 201 509 834 696 367 744 541 880 507 557 839 749 468 1027 678 339 1026 927 556 821 21 620 969 175 914 0 990 734 887 73 676 341 601 528 608 205 317 632 702 77 986 830 798 449 506 96 957 847 235 371 501 887 491 350 462 264 394 968 378 331 486 729 855 419
308 476 195 888 847 914 693 609 156 873 758 524 358 714 302 581 730 593 554 864 782 108 652 333 441 351 819 860 722 945 471 566 488 118 651 814 806 551 367 304 957 625 488 721 484 937 716 410 533 247 325 851 37 73 439 169 1002 607 364 844 249 990 0 330 169 1048 538 895 467 527 876 975 714 390 345 944 394 703 479 553 667 1085 41 143 762 713 955 971 508 646 758 759 707 605 666 760 893 298 251 640
412 146 399 559 519 644 426 343 270 634 474 515 367 433 423 467 413 271 587 557 553 269 336 22 132 441 534 532 480 662 510 410 292 223 490 638 582 240 482 114 636 660 370 452 261 607 435 107 355 294 108 535 356 301 279 216 741 579 259 621 180 734 330 0 174 780 216 577 403 216 548 676 525 313 337 706 285 420 559 370 339 822 289 223 532 558 625 674 251 430 431 554 394 397 498 454 564 301 392 492
367 317 301 729 692 803 581 444 107 779 591 539 369 594 370 545 586 426 592 696 692 95 484 171 273 406 698 705 624 825 508 508 405 101 593 753 719 411 437 195 810 667 444 556 388 775 549 242 462 170 210 708 188 167 370 147 896 616 229 758 100 887 169 174 0 939 372 751 450 386 711 846 644 358 344 851 261 536 538 480 513 979 129 130 671 661 797 803 396 560 605 681 566 452 606 625 736 296 324 589
884 682 983 504 454 136 358 866 1044 197 854 730 779 347 904 563 420 692 800 778 285 1029 710 794 770 869 250 452 329 132 802 525 564 932 466 362 272 549 904 750 345 817 609 891 564 540 850 787 533 1073 732 340 1083 986 619 880 53 693 1007 248 959 73 1048 780 939 0 704 332 671 569 599 181 388 697 768 150 1022 842 870 514 528 47 1014 905 302 444 481 876 544 414 473 336 420 990 449 354 475 794 922 491
611 89 613 367 343 577 396 193 445 605 282 667 546 380 625 570 287 56 748 344 546 460 121 207 101 634 458 355 470 574 680 496 381 437 555 670 576 190 677 304 478 816 491 277 339 407 248 131 438 430 287 397 559 516 400 431 676 714 323 611 329 676 538 216 372 704 0 432 547 185 340 563 561 471 516 670 330 233 739 445 183 750 497 438 528 618 437 465 295 459 267 571 284 301 558 350 379 491 599 567
829 444 893 174 123 255 283 562 846 352 528 756 730 240 849 593 165 403 842 446 365 846 403 583 520 831 186 120 333 210 810 521 485 778 514 516 382 344 874 595 67 885 582 570 460 219 529 545 492 850 573 45 925 848 541 742 330 757 754 395 741 341 895 577 751 332 432 0 656 368 268 154 460 636 708 381 762 523 881 482 251 378 856 762 364 538 169 547 413 406 167 428 189 687 503 148 145 713 847 539
218 459 335 741 674 554 377 724 545 475 828 121 119 418 238 121 525 590 205 866 386 506 656 426 512 198 503 686 356 605 155 147 184 380 211 365 400 400 234 293 723 270 74 822 223 800 795 498 163 619 295 613 504 395 147 317 618 176 646 431 531 601 467 403 450 671 547 656 0 388 780 665 287 94 124 538 676 780 226 175 536 696 449 344 369 260 786 994 278 267 597 339 493 797 228 509 729 169 265 191
501 122 540 385 331 435 227 378 486 440 452 508 416 224 518 392 204 213 593 478 371 481 274 227 211 514 321 344 295 447 534 315 209 410 370 487 401 25 559 229 430 656 323 457 166 441 424 222 259 506 207 324 557 482 241 377 533 545 441 438 392 528 527 216 386 569 185 368 388 0 404 460 377 328 389 510 459 410 599 264 160 613 487 395 352 433 444 606 115 275 242 390 181 482 373 238 382 378 506 384
904 403 931 95 152 518 465 376 783 602 290 896 820 423 921 754 275 287 983 182 592 800 242 543 440 918 424 150 538 478 932 675 596 770 697 744 615 386 962 614 263 1040 709 342 558 87 304 470 629 759 593 271 898 848 639 755 597 919 634 636 666 608 876 548 711 599 340 268 780 404 0 419 664 730 792 642 630 304 999 626 245 645 835 767 584 739 144 280 502 582 192 646 305 491 691 327 125 781 904 719
862 558 943 324 277 147 297 708 946 259 682 749 758 265 882 579 276 542 829 599 309 940 550 686 642 856 165 274 311 84 813 520 519 857 487 441 314 437 896 671 165 861 594 722 506 360 681 663 507 962 650 172 1008 921 577 813 189 733 879 312 850 205 975 676 846 181 563 154 665 460 419 0 418 667 741 262 890 675 884 492 380 226 938 836 316 491 301 695 470 398 310 374 286 833 473 223 294 756 890 514
505 495 615 596 525 285 199 754 750 191 811 342 401 241 524 175 390 582 416 800 111 723 633 545 578 485 277 533 129 344 414 150 239 607 77 114 116 371 518 451 520 444 235 825 264 654 788 580 183 804 439 427 751 646 278 547 335 315 783 144 697 317 714 525 644 388 561 460 287 377 664 418 0 332 397 251 807 776 482 164 457 411 687 575 102 78 620 925 282 102 474 53 362 858 61 340 575 430 548 102
195 382 286 700 638 572 371 642 455 508 752 203 94 407 215 193 491 517 279 801 416 418 585 335 427 195 503 650 371 616 210 182 151 294 264 426 435 344 239 201 703 350 99 742 178 759 717 411 165 527 205 591 427 318 96 230 647 268 552 470 437 632 390 313 358 697 471 636 94 328 730 667 332 0 74 575 582 702 272 183 485 728 367 258 397 324 752 927 231 283 555 380 460 709 279 488 692 98 225 251
122 428 218 767 706 644 445 676 432 577 796 195 30 480 142 242 561 566 254 853 486 390 634 358 461 126 576 719 443 689 173 247 224 265 324 484 504 407 170 224 775 329 162 781 249 825 759 441 237 512 235 663 381 272 168 203 717 273 556 537 434 702 345 337 344 768 516 708 124 389 792 741 397 74 0 644 587 744 224 255 548 798 328 228 467 379 820 979 300 355 622 447 530 733 341 560 760 49 153 308
755 631 861 552 490 125 283 850 958 72 864 587 651 291 775 425 410 670 654 810 162 938 702 722 720 736 227 492 227 180 661 396 456 831 328 213 140 493 769 658 417 668 481 892 465 600 852 732 414 998 641 370 981 879 506 775 99 546 950 107 885 77 944 706 851 150 670 381 538 510 642 262 251 575 644 0 968 842 727 395 512 162 913 802 183 299 547 921 457 299 481 199 398 968 311 341 524 674 796 351
626 340 559 681 668 890 685 272 241 898 418 779 615 681 630 750 614 364 841 551 824 287 390 263 252 664 773 680 749 895 758 695 577 361 774 920 854 476 697 385 807 916 651 368 545 711 379 237 640 165 387 727 393 420 562 404 989 850 32 892 161 986 394 285 261 1022 330 762 676 459 630 890 807 582 587 968 0 369 794 655 513 1067 365 389 804 843 751 632 527 709 596 832 607 221 783 673 698 543 585 777
830 321 814 383 403 732 592 98 575 785 55 900 774 564 842 800 433 197 980 183 742 606 144 404 288 857 617 410 670 711 911 725 613 622 779 879 770 409 899 524 543 1049 724 50 571 391 15 313 668 523 510 504 715 698 634 632 826 947 382 802 459 830 703 420 536 842 233 523 780 410 304 675 776 702 744 842 369 0 967 674 332 889 664 633 726 838 445 270 524 676 370 778 446 190 780 502 409 715 811 793
174 650 289 964 899 763 601 900 605 673 1019 140 193 643 177 308 750 787 96 1072 590 557 855 579 684 132 724 911 573 818 72 365 407 442 405 528 598 615 113 447 948 151 300 1005 442 1024 982 664 389 695 458 839 509 414 360 391 816 198 762 623 635 798 479 559 538 870 739 881 226 599 999 884 482 272 224 727 794 967 0 399 754 889 479 409 576 429 1011 1199 497 486 819 534 718 953 421 735 954 258 228 380
373 367 469 577 509 389 202 636 586 326 716 277 268 243 393 130 360 477 363 732 234 558 538 391 441 364 329 520 188 436 328 52 78 444 120 274 255 268 404 288 549 415 102 720 112 637 688 438 19 642 277 440 590 485 114 384 464 293 629 292 536 449 553 370 480 514 445 482 175 264 626 492 164 183 255 395 655 674 399 0 389 545 524 412 214 188 618 860 150 100 437 206 328 729 129 337 563 280 408 125
661 198 698 226 179 407 263 341 602 453 360 654 575 233 679 519 107 165 740 346 411 607 190 342 270 674 289 193 342 396 687 440 352 554 474 554 439 141 718 382 302 799 467 383 313 281 344 295 390 601 361 214 694 629 394 529 504 681 504 470 493 506 667 339 513 528 183 251 536 160 245 380 457 485 548 512 513 332 754 389 0 575 627 544 397 526 289 473 258 363 92 452 114 463 472 175 227 538 666 494
912 727 1014 550 500 178 398 914 1084 222 901 749 807 390 932 586 467 739 816 824 312 1069 757 836 815 894 295 498 363 179 823 552 599 969 488 372 296 593 929 789 389 829 637 938 601 584 897 832 564 1116 771 387 1120 1022 652 916 83 708 1052 267 1002 96 1085 822 979 47 750 378 696 613 645 226 411 728 798 162 1067 889 889 545 575 0 1051 942 331 461 524 921 583 446 520 358 466 1037 472 401 520 825 951 512
305 435 205 848 806 879 658 572 134 841 720 513 344 678 302 559 691 552 549 825 751 83 612 292 400 349 782 819 689 909 465 540 457 82 625 789 775 512 369 267 917 622 464 684 450 896 678 370 504 227 288 811 70 65 410 139 968 596 334 814 215 957 41 289 129 1014 497 856 449 487 835 938 687 367 328 913 365 664 479 524 627 1051 0 112 730 689 914 932 472 615 718 730 668 572 640 722 853 280 251 615
237 364 183 769 722 771 551 547 205 730 688 420 249 573 241 451 598 494 467 778 640 162 558 233 350 277 678 736 579 803 382 429 346 37 514 677 664 420 308 167 825 541 354 659 341 821 647 322 393 289 189 717 179 86 298 28 859 500 357 702 229 847 143 223 130 905 438 762 344 395 767 836 575 258 228 802 389 633 409 412 544 942 112 0 619 578 833 894 367 503 634 618 573 571 528 623 772 179 196 505
582 474 683 509 438 187 135 717 778 112 757 438 477 166 602 268 315 539 515 731 21 756 583 550 562 567 178 445 57 244 506 223 273 649 172 161 50 340 603 477 422 545 306 776 284 565 738 570 233 822 461 333 798 696 324 592 250 416 783 89 710 235 762 532 671 302 528 364 369 352 584 316 102 397 467 183 804 726 576 214 397 331 730 619 0 177 527 852 281 116 398 64 291 829 158 256 486 494 620 199
476 546 595 673 602 353 274 811 765 250 876 289 378 317 495 139 464 643 356 871 182 733 697 580 625 451 354 610 206 414 365 153 266 613 69 105 180 430 480 472 598 375 225 887 299 731 852 624 204 826 463 504 750 642 291 551 391 250 817 197 722 371 713 558 661 444 618 538 260 433 739 491 78 324 379 299 843 838 429 188 526 461 689 578 177 0 697 997 328 164 548 117 436 910 61 417 652 419 525 74
938 480 984 70 114 422 431 510 879 521 434 895 845 386 957 738 261 391 981 321 531 889 362 625 536 946 352 102 491 372 941 663 606 843 667 682 549 421 990 671 136 1031 712 485 574 63 447 565 625 866 649 194 981 918 657 818 488 904 750 563 765 501 955 625 797 481 437 169 786 444 144 301 620 752 820 547 751 445 1011 618 289 524 914 833 527 697 0 400 521 554 202 591 294 629 658 285 62 817 948 692
1076 552 1073 373 432 798 726 367 845 880 216 1114 1009 688 1090 990 538 413 1199 128 863 876 345 661 544 1098 701 430 802 757 1137 912 814 886 947 1013 887 596 1142 770 533 1263 929 264 773 338 257 572 859 791 752 551 984 963 847 890 877 1150 649 911 729 887 971 674 803 876 465 547 994 606 280 695 925 927 979 921 632 270 1199 860 473 921 932 894 852 997 400 0 719 835 455 913 563 426 944 598 402 956 1063 967
419 219 480 469 407 408 186 487 502 385 567 397 324 206 438 277 261 328 483 591 302 486 390 269 298 425 311 419 230 436 429 201 95 390 262 395 331 123 469 207 480 544 210 570 55 528 538 299 144 542 188 368 542 451 137 344 500 431 505 370 429 491 508 251 396 544 295 413 278 115 502 470 282 231 300 457 527 524 497 150 258 583 472 367 281 328 521 719 0 182 324 305 230 582 267 267 461 300 434 273
473 393 569 522 451 289 124 652 667 228 712 354 367 168 493 187 308 481 438 708 137 643 534 449 477 461 238 461 89 338 415 122 158 533 115 214 161 270 500 365 471 480 199 724 173 581 689 480 118 715 351 367 682 580 208 477 364 351 686 200 605 350 646 430 560 414 459 406 267 275 582 398 102 283 355 299 709 676 486 100 363 446 615 503 116 164 554 835 182 0 390 124 277 756 110 269 504 380 508 138
738 290 782 145 89 365 274 399 694 431 385 710 647 234 756 563 84 236 797 335 408 699 240 434 359 747 255 102 349 341 750 485 413 644 505 558 433 220 792 470 212 852 524 419 378 204 378 385 441 691 448 138 786 719 461 617 457 729 590 458 584 462 758 431 605 473 267 167 597 242 192 310 474 555 622 481 596 370 819 437 92 520 718 634 398 548 202 455 324 390 0 458 113 523 500 144 140 616 746 527
556 511 665 572 502 236 189 763 788 139 810 394 453 225 576 228 375 587 467 790 65 763 634 573 597 537 242 509 110 297 466 199 276 650 130 102 65 381 571 487 485 491 284 827 296 629 790 602 225 838 474 397 796 691 320 591 283 364 810 92 729 264 759 554 681 336 571 428 339 390 646 374 53 380 447 199 832 778 534 206 452 358 730 618 64 117 591 913 305 124 458 0 350 871 114 319 550 479 599 155
650 271 706 250 182 295 163 453 664 340 470 603 553 125 668 452 32 275 690 440 303 661 304 402 356 654 176 193 239 289 647 375 312 589 392 451 330 156 698 406 253 742 419 496 282 310 456 376 333 676 384 144 737 659 364 553 393 618 594 359 564 394 707 394 566 420 284 189 493 181 305 286 362 460 530 398 607 446 718 328 114 466 668 573 291 436 294 563 230 277 113 350 0 574 387 66 237 530 664 415
796 364 752 564 573 869 697 125 458 905 224 912 763 679 805 845 570 299 984 367 847 499 284 376 290 830 750 582 771 858 906 777 658 550 845 969 876 490 868 511 716 1058 755 168 618 577 194 299 719 386 504 661 608 619 662 579 967 973 245 912 357 968 605 397 452 990 301 687 797 482 491 833 858 709 733 968 221 190 953 729 463 1037 572 571 829 910 629 426 582 756 523 871 574 0 849 638 587 695 765 854
446 485 558 629 558 344 229 751 711 252 818 282 344 273 465 114 417 584 358 818 169 681 639 520 564 425 325 567 170 401 353 100 207 562 17 149 177 371 458 415 566 389 180 828 239 688 793 563 145 769 405 467 703 596 236 501 396 260 758 205 664 378 666 498 606 449 558 503 228 373 691 473 61 279 341 311 783 780 421 129 472 472 640 528 158 61 658 944 267 110 500 114 387 849 0 374 610 377 491 42
681 336 747 256 185 232 146 516 724 288 523 613 582 101 701 454 69 339 699 479 265 719 363 464 422 682 115 193 212 224 664 379 337 642 382 417 289 214 726 457 216 747 435 552 313 314 512 441 347 740 435 104 792 709 392 602 329 620 660 314 627 331 760 454 625 354 350 148 509 238 327 223 340 488 560 341 673 502 735 337 175 401 722 623 256 417 285 598 267 269 144 319 66 638 374 0 236 566 700 407
878 419 922 30 55 399 381 465 820 491 404 840 785 337 896 686 204 336 926 307 492 829 313 565 478 886 316 44 446 356 884 609 548 781 618 644 512 360 930 609 139 977 656 452 515 79 412 506 570 809 587 157 920 856 598 756 475 852 696 529 707 486 893 564 736 475 379 145 729 382 125 294 575 692 760 524 698 409 954 563 227 520 853 772 486 652 62 402 461 504 140 550 237 587 610 236 0 756 887 642
123 404 190 761 703 666 459 644 383 605 767 243 73 492 140 284 561 543 298 832 514 341 611 321 428 143 592 715 466 708 215 280 237 216 361 523 533 398 186 191 780 373 197 750 254 818 730 407 261 464 205 668 335 226 179 154 743 322 511 569 387 729 298 301 296 794 491 713 169 378 781 756 430 98 49 674 543 715 258 280 538 825 280 179 494 419 817 956 300 380 616 479 530 695 377 566 756 0 135 346
59 515 72 890 834 797 593 732 381 730 865 286 147 626 51 386 694 653 305 942 639 331 720 408 523 102 725 846 596 840 224 400 371 224 474 630 656 527 118 295 914 375 315 842 388 946 826 498 390 472 314 802 282 186 313 186 870 370 553 690 424 855 251 392 324 922 599 847 265 506 904 890 548 225 153 796 585 811 228 408 666 951 251 196 620 525 948 1063 434 508 746 599 664 765 491 700 887 135 0 456
409 491 525 660 589 386 261 760 692 293 834 240 309 306 428 74 445 597 316 840 211 660 655 514 566 387 363 599 208 443 311 82 201 539 27 176 219 385 418 402 603 349 152 841 237 719 807 563 138 755 394 502 677 569 220 477 437 220 750 245 652 419 640 492 589 491 567 539 191 384 719 514 102 251 308 351 777 793 380 125 494 512 615 505 199 74 692 967 273 138 527 155 415 854 42 407 642 346 456 0
