# TTSP Euclidean complete-graph matrix instance
# seed: 2026
# depot: 1
# L_max is not stored in this file; pass it with --budget when running algorithms.
# coordinate rows: node x y
# coord 1 119.119885 502.515755
# coord 2 511.822713 860.000588
# coord 3 102.636851 223.284557
# coord 4 601.030652 556.559022
# coord 5 783.373382 547.811455
# coord 6 730.538992 768.115323
# coord 7 751.025958 586.520846
# coord 8 239.934079 614.204281
# coord 9 110.736544 816.761353
# coord 10 449.654833 814.762688
# coord 11 685.178067 679.388943
# coord 12 210.224661 251.513104
# coord 13 979.912348 929.317298
# coord 14 805.135901 999.656124
# coord 15 513.587547 76.319901
# coord 16 340.394572 557.450537
# coord 17 292.121874 457.447798
# coord 18 876.474810 703.975541
# coord 19 577.423359 24.739302
# coord 20 710.862334 363.542232
# coord 21 422.217496 398.773327
# coord 22 585.717816 498.455084
# coord 23 116.447944 506.358749
# coord 24 750.146790 600.165247
# coord 25 491.030711 916.754637
# coord 26 258.643432 419.966151
# coord 27 926.233120 479.189966
# coord 28 517.987235 25.376138
# coord 29 224.524869 128.998852
# coord 30 48.887707 704.662640
# coord 31 886.824658 102.576380
# coord 32 622.309695 470.040322
# coord 33 482.113115 228.927268
# coord 34 885.921211 626.670507
# coord 35 456.796346 469.406036
# coord 36 929.464690 987.225622
# coord 37 545.632267 559.796053
# coord 38 669.753931 307.627280
# coord 39 799.802003 501.899613
# coord 40 478.892906 884.450096
# coord 41 433.066832 294.374144
# coord 42 269.035935 33.109264
# coord 43 655.642710 597.273215
# coord 44 458.227454 522.888809
# coord 45 489.517528 921.509722
# coord 46 260.110518 485.569138
# coord 47 511.266781 826.173510
# coord 48 807.959277 557.838005
# coord 49 907.266222 831.402922
# coord 50 316.657107 916.811696
# coord 51 98.373990 689.333131
# coord 52 785.084031 515.173333
# coord 53 452.920704 965.268203
# coord 54 967.267785 842.439776
# coord 55 479.146249 64.295155
# coord 56 266.466140 498.420755
# coord 57 96.662545 747.551321
# coord 58 411.310838 449.394814
# coord 59 14.032543 0.213969
# coord 60 580.639992 932.178340
# coord 61 83.065566 793.770605
# coord 62 247.837611 621.074662
# coord 63 751.855005 956.366891
# coord 64 668.477131 635.408486
# coord 65 154.760905 313.442734
# coord 66 583.065440 769.527815
# coord 67 949.935562 491.988917
# coord 68 720.472633 134.864588
# coord 69 222.927671 587.934517
# coord 70 958.277461 875.993793
# coord 71 504.721390 84.433209
# coord 72 668.554873 935.055913
# coord 73 783.437958 915.016141
# coord 74 306.004327 412.039149
# coord 75 807.994993 520.030922
# coord 76 196.697111 14.131874
# coord 77 106.133941 887.770758
# coord 78 51.375373 347.017844
# coord 79 353.402808 769.533738
# coord 80 25.790237 510.387841
# coord 81 327.760053 303.671721
# coord 82 326.042748 121.372845
# coord 83 948.782164 571.618219
# coord 84 804.938616 153.890584
# coord 85 519.613729 433.607568
# coord 86 336.418863 598.219605
# coord 87 678.498303 69.508475
# coord 88 399.157070 195.493934
# coord 89 921.455452 45.236592
# coord 90 544.766440 838.980303
# coord 91 451.820857 754.709696
# coord 92 188.529294 710.945492
# coord 93 877.816901 129.139778
# coord 94 529.936554 785.408950
# coord 95 516.852661 956.587457
# coord 96 160.390680 844.374725
# coord 97 389.971437 425.354276
# coord 98 414.086788 78.658815
# coord 99 304.909260 344.065973
# coord 100 263.443690 497.602418
# reference_nearest_neighbor_tour_cost: 8958
TTSP_MATRIX
100
0 100 54 37 60 23 42 67 62 57 16 68 68 36 13 28 30 1 12 59 83 43 53 70 86 24 4 46 21 46 72 88 74 69 28 15 80 92 36 72 97 73 94 28 73 38 73 35 86 72 17 13 34 13 56 22 14 88 8 98 46 93 24 83 81 14 65 41 36 76 9 38 41 21 34 33 9 2 53 100 33 54 2 8 13 31 3 40 16 13 88 72 74 45 41 100 59 78 81 84
0 531 280 485 666 667 637 165 314 455 593 267 961 847 581 228 179 784 662 608 320 467 5 639 557 162 807 622 388 214 866 504 455 777 339 944 430 584 681 525 377 493 545 340 559 142 508 691 854 459 188 666 571 914 567 147 246 297 513 631 293 175 779 565 192 535 831 705 134 919 569 699 782 208 689 495 385 170 355 94 288 434 833 769 406 237 707 416 923 543 417 220 846 499 604 344 282 516 244 144
531 0 757 316 414 237 363 367 403 77 250 679 473 325 784 348 459 397 838 535 470 369 530 353 60 508 563 835 785 488 845 405 632 441 394 437 302 575 460 41 571 862 300 341 65 451 34 423 396 203 447 440 121 456 796 437 430 423 993 100 434 356 259 274 653 115 572 755 397 447 776 174 277 493 451 903 407 689 182 599 586 762 524 765 426 315 808 674 912 39 121 356 817 77 97 352 451 787 556 439
280 757 0 600 754 831 743 414 594 686 740 111 1126 1047 436 410 301 911 515 624 365 556 283 749 795 251 862 460 154 484 793 575 380 881 431 1126 556 573 751 761 338 253 668 465 798 306 728 781 1009 726 466 742 821 1063 409 320 524 383 240 855 571 423 979 700 104 727 889 624 384 1076 425 909 971 277 765 229 664 134 601 297 239 246 915 706 467 442 596 298 838 758 636 495 781 706 842 624 351 343 236 318
485 316 600 0 183 248 153 366 555 299 149 496 532 488 488 261 324 312 532 222 238 60 487 155 377 369 334 538 570 572 536 89 349 293 169 542 55 258 206 350 311 620 68 147 382 348 284 207 411 459 520 189 435 465 507 340 539 218 809 376 570 359 427 104 508 214 355 438 379 479 482 384 402 329 210 677 596 588 327 577 372 515 348 451 147 268 493 414 603 288 248 440 509 240 409 526 249 513 364 343
666 414 754 183 0 227 50 547 724 427 164 645 429 452 543 443 499 182 562 198 391 204 668 62 471 540 158 586 698 751 457 179 439 129 336 463 238 266 49 454 432 728 137 326 475 527 389 27 309 595 699 33 532 347 571 519 715 385 944 435 742 541 410 144 671 299 176 418 562 372 541 404 367 496 37 793 758 759 484 759 517 625 167 395 287 450 490 521 521 376 391 617 429 347 488 690 412 597 520 522
667 237 831 248 227 0 183 514 622 285 100 733 297 243 725 443 537 159 759 405 481 306 668 169 282 586 349 773 815 685 684 317 594 210 405 296 279 464 275 277 559 868 187 366 286 549 227 224 188 440 637 259 341 248 747 537 634 451 1050 222 648 505 189 147 734 147 353 633 539 252 720 178 156 554 260 924 636 799 377 750 615 763 294 619 395 429 701 662 748 199 279 545 656 201 285 575 483 759 601 540
637 363 743 153 50 183 0 512 680 378 114 636 412 417 563 412 477 172 588 227 379 187 640 14 420 520 205 608 698 712 503 174 447 141 317 439 207 290 98 404 432 734 96 300 425 501 339 64 290 546 661 79 482 335 589 493 674 366 942 385 699 504 370 96 656 248 220 453 528 356 559 358 330 478 88 797 712 740 438 729 509 630 198 436 277 415 522 526 567 326 343 576 475 297 438 644 395 609 508 496
165 367 414 366 547 514 512 0 240 290 450 364 804 684 603 115 165 643 679 533 282 365 164 510 393 195 699 651 485 211 825 409 455 646 261 784 311 528 571 361 374 582 416 237 396 130 344 571 702 312 160 554 411 762 600 119 196 238 654 466 238 10 616 429 313 377 720 679 31 765 592 535 621 213 576 602 305 327 192 238 323 500 710 729 333 98 699 448 888 379 254 110 801 337 440 244 241 563 278 119
314 403 594 555 724 622 680 240 0 339 591 574 876 718 843 346 403 774 919 752 521 572 310 675 393 423 883 890 697 128 1055 618 695 798 490 836 505 756 758 374 614 799 587 455 393 363 401 744 797 229 128 739 373 857 838 354 71 475 822 484 36 239 656 586 505 475 900 915 255 850 832 570 680 449 758 807 71 473 247 318 557 728 873 960 560 314 938 685 1119 435 347 131 1030 420 430 57 481 798 511 354
455 77 686 299 427 285 378 290 339 0 272 612 542 401 741 280 391 441 800 521 417 344 454 369 110 439 583 792 722 416 836 386 587 475 345 510 272 553 470 76 521 802 300 292 114 380 63 441 458 168 373 450 151 518 751 366 359 367 924 176 367 280 334 283 582 141 595 732 321 512 732 250 349 428 464 840 351 614 106 522 525 704 555 750 388 244 780 621 903 98 60 281 808 85 157 291 394 737 492 368
593 250 740 149 164 100 114 450 591 272 0 639 386 342 627 366 451 193 663 317 385 206 594 102 307 499 313 675 718 637 611 219 494 208 310 393 184 372 211 291 460 769 87 276 311 467 228 173 269 438 587 192 368 326 649 456 592 358 955 274 613 441 285 47 644 136 324 546 471 337 622 256 255 464 201 825 615 716 344 681 519 664 285 539 296 358 610 562 677 213 245 498 583 188 324 550 389 659 507 459
267 679 111 496 645 733 636 364 574 612 639 0 1026 956 350 332 222 805 432 513 258 449 272 643 722 175 751 382 123 481 693 466 273 773 329 1029 456 463 641 688 227 226 564 368 726 239 649 672 907 674 452 632 754 960 328 253 509 282 319 775 557 371 889 598 83 638 778 523 337 974 339 823 877 187 655 238 645 185 537 318 129 174 805 603 359 369 502 197 741 676 558 460 679 622 769 595 250 267 132 252
961 473 1126 532 429 297 412 804 876 542 386 1026 0 188 972 740 834 248 990 626 770 584 961 401 489 883 453 1015 1101 958 832 582 859 317 697 77 570 695 464 503 838 1144 464 661 490 846 480 409 122 663 914 458 528 88 1000 833 902 744 1340 399 907 794 230 428 1030 428 438 836 830 58 969 311 197 850 444 1205 875 1096 647 1042 904 1039 359 795 676 724 911 936 886 444 556 821 807 472 464 824 776 1022 893 836
847 325 1047 488 452 243 417 684 718 401 342 956 188 0 968 642 746 304 1001 643 713 547 847 403 325 797 534 1016 1046 812 901 560 836 382 634 125 511 705 498 346 797 1105 429 590 325 749 341 442 197 495 772 485 354 226 991 736 752 677 1275 234 751 674 69 389 945 320 528 869 713 197 963 151 87 771 480 1158 708 997 507 920 844 1000 451 846 634 617 939 901 961 306 430 681 874 349 291 663 709 1001 825 739
581 784 436 488 543 725 563 603 843 741 627 350 972 968 0 511 441 725 82 348 335 428 585 575 841 428 577 51 294 782 374 408 156 664 397 1001 485 279 513 809 232 248 540 450 846 481 750 564 852 863 740 516 891 890 36 489 790 387 505 858 837 606 912 580 430 697 603 215 588 915 12 873 881 395 532 323 908 536 711 653 294 193 659 302 357 551 165 165 409 763 681 713 368 709 880 845 370 100 339 490
228 348 410 261 443 443 412 115 346 280 366 332 740 642 511 0 111 556 583 418 179 252 230 412 390 160 591 561 444 327 711 295 358 550 146 729 205 413 463 355 279 529 318 123 393 108 318 468 630 360 276 447 423 689 512 95 309 129 646 445 349 112 573 337 307 322 613 568 121 695 501 500 569 149 469 562 405 358 212 318 254 436 609 615 218 41 594 367 775 348 227 216 687 296 436 339 141 484 216 97
179 459 301 324 499 537 477 165 403 391 451 222 834 746 441 111 0 634 518 429 143 296 182 480 501 50 634 488 335 347 693 330 297 617 165 829 273 406 510 466 216 425 389 179 504 43 429 526 720 460 302 496 533 777 435 48 350 119 535 556 396 170 678 416 199 427 659 536 148 787 429 608 671 47 520 453 469 265 318 272 158 338 667 596 229 148 548 283 752 458 337 274 671 405 547 409 103 398 114 49
784 397 911 312 182 159 172 643 774 441 193 805 248 304 725 556 634 0 742 379 547 356 785 164 440 680 230 767 869 828 601 345 617 78 481 288 361 447 216 437 604 905 245 456 444 654 385 161 131 599 778 210 498 166 753 644 781 530 1113 374 798 634 281 219 821 301 224 590 664 190 723 311 231 641 196 968 792 899 527 872 679 801 151 555 448 550 665 697 660 358 428 688 575 356 439 730 561 778 675 647
662 838 515 532 562 759 588 679 919 800 663 432 990 1001 82 583 518 742 0 364 405 474 667 601 896 508 573 59 368 861 319 448 225 676 461 1025 536 298 526 865 306 309 578 512 901 560 804 581 871 929 819 533 949 906 106 567 868 456 564 907 914 681 948 617 512 745 598 181 665 933 94 915 914 473 546 381 983 617 778 735 374 269 661 262 413 622 111 247 345 815 741 789 318 762 934 920 442 172 420 568
608 535 624 222 198 405 227 533 752 521 317 513 626 643 348 418 429 379 364 0 291 184 611 240 595 456 244 389 540 745 315 139 265 316 275 661 257 69 164 570 286 552 240 299 600 467 504 217 507 679 694 169 655 543 378 464 724 312 786 583 761 530 594 275 558 426 271 229 537 569 347 573 556 408 184 622 800 660 541 701 388 455 316 230 204 442 296 354 382 504 469 627 288 459 624 731 327 411 406 467
320 470 365 238 391 481 379 282 521 417 385 258 770 713 335 179 143 547 405 291 0 191 324 385 523 165 510 385 334 483 551 212 180 517 79 777 203 264 391 489 105 396 306 129 527 184 437 417 650 529 435 381 567 703 339 185 477 52 570 556 521 283 648 342 281 404 536 398 275 718 325 590 630 117 404 446 582 374 377 412 134 294 554 454 103 217 417 205 612 457 357 390 529 401 566 517 42 320 129 187
467 369 556 60 204 306 187 365 572 344 206 449 584 547 428 252 296 356 474 184 191 0 469 193 429 336 341 478 517 575 497 46 289 326 132 598 73 209 214 401 255 563 121 130 434 326 336 230 463 497 523 200 485 514 447 319 549 181 758 434 583 359 487 160 469 271 364 388 374 530 422 444 461 293 223 621 618 555 357 560 323 458 370 408 93 269 439 356 564 343 289 450 471 292 463 548 209 454 320 322
5 530 283 487 668 668 640 164 310 454 594 272 961 847 585 230 182 785 667 611 324 469 0 641 556 166 810 627 393 209 870 507 459 779 342 945 432 588 683 524 381 497 547 342 558 145 508 693 855 457 184 669 569 915 572 150 242 300 516 630 289 174 779 567 197 536 834 709 134 919 573 699 782 212 692 499 382 172 354 91 293 438 835 773 410 238 712 420 928 542 417 217 850 499 603 341 285 521 249 147
639 353 749 155 62 169 14 510 675 369 102 643 401 403 575 412 480 164 601 240 385 193 641 0 409 523 214 620 706 709 516 182 458 138 321 427 208 303 110 393 441 744 95 302 414 503 329 72 280 537 658 92 471 325 600 494 670 371 950 373 695 503 356 89 661 238 227 466 527 346 571 345 317 482 99 806 705 743 431 730 516 640 201 450 284 414 535 536 581 315 336 572 488 288 426 638 400 620 514 497
557 60 795 377 471 282 420 393 393 110 307 722 489 325 841 390 501 440 896 595 523 429 556 409 0 548 617 892 832 490 905 466 688 490 449 444 361 635 517 35 625 911 359 395 5 489 93 479 425 174 454 498 62 482 853 475 429 474 1033 91 426 383 264 333 691 174 625 815 424 469 832 178 292 538 508 949 386 720 202 618 634 812 573 825 484 354 868 727 972 95 167 366 877 137 47 338 502 842 602 477
162 508 251 369 540 586 520 195 423 439 499 175 883 797 428 160 50 680 508 456 165 336 166 523 548 0 670 472 293 354 704 367 294 660 204 879 319 426 547 514 215 387 435 225 552 66 478 566 768 500 313 535 579 825 418 79 365 155 486 605 413 201 729 463 149 477 695 543 172 835 416 658 721 48 558 411 492 220 362 250 135 306 707 608 261 194 547 265 761 507 386 299 684 455 596 436 131 375 89 78
807 563 862 334 158 349 205 699 883 583 313 751 453 534 577 591 634 230 573 244 510 341 810 214 617 670 0 610 784 906 379 304 510 153 470 508 389 309 128 604 527 794 295 470 622 666 541 142 353 750 854 146 678 366 610 660 872 516 1030 570 900 693 508 301 789 450 27 401 712 398 577 524 459 624 125 865 916 885 642 901 624 699 95 347 409 602 479 599 434 524 549 773 353 501 629 848 539 650 636 663
622 835 460 538 586 773 608 651 890 792 675 382 1015 1016 51 561 488 767 59 389 385 478 627 620 892 472 610 0 311 826 377 457 207 705 448 1046 535 320 554 860 282 249 588 501 897 528 801 606 895 914 785 558 942 932 55 536 836 437 505 909 883 654 960 628 464 747 636 230 635 958 61 922 928 441 573 321 956 567 762 691 337 215 696 314 408 601 166 208 404 814 732 761 374 760 931 894 420 117 383 536
388 785 154 570 698 815 698 485 697 722 718 123 1101 1046 294 444 335 869 368 540 334 517 393 706 832 293 784 311 0 602 663 524 276 828 412 1111 537 480 686 797 266 106 637 458 836 358 754 724 980 793 574 681 867 1030 263 372 632 371 247 879 680 493 981 673 197 734 811 496 459 1047 284 920 964 295 702 118 768 278 653 430 203 102 849 581 424 482 458 187 702 779 666 583 653 724 878 718 339 196 230 371
214 488 484 572 751 685 712 211 128 416 637 481 958 812 782 327 347 828 861 745 483 575 209 709 490 354 906 826 602 0 1032 620 643 841 471 925 517 737 778 466 562 707 616 448 491 304 478 773 868 342 52 760 481 929 771 300 64 443 705 578 95 216 747 623 405 538 926 881 210 925 770 661 764 390 781 706 192 358 311 196 488 646 910 935 543 307 894 618 1094 514 406 140 1009 488 531 179 441 725 442 298
866 845 793 536 457 684 503 825 1055 836 611 693 832 901 374 711 693 601 319 315 551 497 870 516 905 704 379 377 663 1032 0 453 424 524 565 886 570 299 409 882 493 622 546 600 910 734 815 462 729 994 983 425 966 744 409 736 1020 589 879 884 1060 823 864 576 762 733 394 169 822 777 383 861 819 658 425 696 1107 870 854 953 594 561 473 97 494 741 211 496 67 812 784 926 28 770 931 1038 592 473 630 738
504 405 575 89 179 317 174 409 618 386 219 466 582 560 408 295 330 345 448 139 212 46 507 182 466 367 304 457 524 620 453 0 279 307 166 602 118 169 180 439 258 562 132 172 471 363 373 205 460 541 568 169 523 508 430 357 594 212 769 464 629 404 503 172 493 302 328 349 416 527 403 467 473 322 192 624 664 584 403 598 338 458 342 365 109 313 404 354 520 377 332 496 426 329 498 595 237 443 341 360
455 632 380 349 439 594 447 455 695 587 494 273 859 836 156 358 297 617 225 265 180 289 459 458 688 294 510 207 276 643 424 279 0 567 242 880 337 203 419 656 82 289 407 295 693 339 598 463 737 708 599 417 737 782 165 345 646 232 521 710 692 457 776 447 338 550 537 256 443 803 146 730 749 254 437 357 759 447 556 536 171 190 579 331 208 397 253 89 476 613 527 564 408 559 728 694 217 165 211 346
777 441 881 293 129 210 141 646 798 475 208 773 317 382 664 550 617 78 676 316 517 326 779 138 490 660 153 705 828 841 524 307 567 0 457 363 347 385 152 482 562 856 232 440 494 642 424 104 206 639 790 150 550 231 694 633 798 507 1074 432 820 638 356 218 795 335 149 519 664 260 663 377 306 618 132 922 822 880 551 868 645 754 84 480 414 550 595 650 583 402 453 702 498 390 495 757 535 723 646 636
339 394 431 169 336 405 317 261 490 345 310 329 697 634 397 146 165 481 461 275 79 132 342 321 449 204 470 448 412 471 565 166 242 457 0 701 127 267 345 416 177 475 236 54 453 197 361 362 578 469 421 331 496 632 406 193 455 50 645 479 495 258 569 269 340 326 494 426 262 646 388 512 553 161 355 524 546 423 317 433 210 372 502 470 72 176 457 280 629 380 285 361 541 324 491 478 80 393 197 195
944 437 1126 542 463 296 439 784 836 510 393 1029 77 125 1001 729 829 288 1025 661 777 598 945 427 444 879 508 1046 1111 925 886 602 880 363 701 0 574 728 502 462 852 1160 476 662 445 836 448 446 157 617 883 494 477 150 1027 824 867 747 1346 353 868 774 180 438 1027 409 496 878 812 115 998 266 163 848 483 1218 829 1087 616 1022 911 1055 416 843 689 709 951 953 942 412 531 791 860 448 414 782 779 1045 897 827
430 302 556 55 238 279 207 311 505 272 184 456 570 511 485 205 273 361 536 257 203 73 432 208 361 319 389 535 537 517 570 118 337 347 127 574 0 281 261 331 288 595 116 95 366 295 269 262 452 424 466 244 416 508 500 286 487 174 772 374 518 304 447 144 462 213 410 459 324 520 477 395 427 282 265 648 548 538 285 522 336 490 403 482 129 213 508 393 637 279 216 388 544 226 398 479 206 499 323 289
584 575 573 258 266 464 290 528 756 553 372 463 695 705 279 413 406 447 298 69 264 209 588 303 635 426 309 320 480 737 299 169 203 385 267 728 281 0 234 608 237 486 290 302 640 447 542 286 575 704 687 237 692 612 309 446 722 295 724 631 762 526 654 328 515 470 335 180 527 637 278 627 618 378 253 557 809 620 560 675 342 391 384 205 196 442 238 293 364 546 497 628 274 498 667 740 304 343 367 449
681 460 751 206 49 275 98 571 758 470 211 641 464 498 513 463 510 216 526 164 391 214 683 110 517 547 128 554 686 778 409 180 419 152 345 502 261 234 0 499 421 708 173 342 522 540 434 57 347 637 726 20 579 379 543 533 745 392 932 483 774 565 457 187 672 344 150 376 583 406 511 453 413 502 20 776 794 764 520 774 512 608 164 348 288 473 449 504 473 423 430 646 381 391 536 725 417 573 519 536
525 41 761 350 454 277 404 361 374 76 291 688 503 346 809 355 466 437 865 570 489 401 524 393 35 514 604 860 797 466 882 439 656 482 416 462 331 608 499 0 592 877 337 362 39 455 67 464 432 165 428 480 85 490 820 441 406 440 999 112 406 350 282 313 657 155 613 788 392 479 800 196 306 503 491 915 373 687 170 588 600 778 564 800 453 320 839 694 949 80 133 338 854 111 82 321 468 808 568 443
377 571 338 311 432 559 432 374 614 521 460 227 838 797 232 279 216 604 306 286 105 255 381 441 625 215 527 282 266 562 493 258 82 562 177 852 288 237 421 592 0 308 376 230 630 258 538 458 716 633 518 416 671 765 235 263 564 157 512 655 610 376 735 414 279 498 553 329 361 784 222 683 713 173 438 367 677 385 482 461 106 203 586 398 164 319 333 105 548 556 461 483 474 500 667 614 138 217 137 265
493 862 253 620 728 868 734 582 799 802 769 226 1144 1105 248 529 425 905 309 552 396 563 497 744 911 387 794 249 106 707 622 562 289 856 475 1160 595 486 708 877 308 0 684 525 915 453 829 752 1022 885 678 706 950 1069 212 465 735 440 257 952 783 588 1042 723 303 801 821 463 557 1089 241 986 1021 381 726 75 870 382 741 536 277 105 867 549 472 569 411 208 653 852 744 683 616 796 956 819 410 152 313 465
545 300 668 68 137 187 96 416 587 300 87 564 464 429 540 318 389 245 578 240 306 121 547 95 359 435 295 588 637 616 546 132 407 232 236 476 116 290 173 337 376 684 0 211 364 411 271 157 344 466 565 153 420 397 561 402 579 286 876 343 605 408 372 40 576 187 313 467 433 411 535 338 342 396 171 742 622 654 348 636 440 579 294 468 213 319 528 477 613 266 258 481 518 226 385 553 316 572 433 405
340 341 465 147 326 366 300 237 455 292 276 368 661 590 450 123 179 456 512 299 129 130 342 302 395 225 470 501 458 448 600 172 295 440 54 662 95 302 342 362 230 525 211 0 400 202 308 351 545 419 396 327 442 601 459 193 426 87 686 427 463 232 524 238 369 276 493 468 244 612 441 463 509 188 350 572 507 443 268 433 255 423 493 506 108 143 504 333 665 328 232 329 575 272 438 438 119 446 236 196
559 65 798 382 475 286 425 396 393 114 311 726 490 325 846 393 504 444 901 600 527 434 558 414 5 552 622 897 836 491 910 471 693 494 453 445 366 640 522 39 630 915 364 400 0 493 98 483 427 173 455 502 57 484 857 478 430 479 1037 92 426 386 265 337 694 178 630 820 427 471 837 180 294 542 512 953 385 723 204 620 639 817 577 830 489 358 873 732 977 99 171 367 882 142 44 338 506 846 606 480
142 451 306 348 527 549 501 130 363 380 467 239 846 749 481 108 43 654 560 467 184 326 145 503 489 66 666 528 358 304 734 363 339 642 197 836 295 447 540 455 258 453 411 202 493 0 423 553 734 435 260 526 517 792 475 14 309 155 544 550 355 136 681 435 202 430 690 579 109 800 470 607 677 87 549 476 431 251 299 236 194 370 694 638 265 136 590 322 795 454 330 236 713 403 536 372 143 435 148 12
508 34 728 284 389 227 339 344 401 63 228 649 480 341 750 318 429 385 804 504 437 336 508 329 93 478 541 801 754 478 815 373 598 424 361 448 269 542 434 67 538 829 271 308 98 423 0 400 396 215 435 414 151 456 763 409 422 390 964 127 429 334 274 247 624 91 551 722 374 450 742 191 286 462 426 871 410 664 168 579 554 729 506 734 393 287 775 641 882 36 93 343 788 45 131 351 419 754 524 412
691 423 781 207 27 224 64 571 744 441 173 672 409 442 564 468 526 161 581 217 417 230 693 72 479 566 142 606 724 773 462 205 463 104 362 446 262 286 57 464 458 752 157 351 483 553 400 0 291 608 722 48 540 326 593 545 736 411 970 438 762 564 402 160 697 309 157 432 586 352 562 402 358 523 38 818 776 785 501 784 543 650 141 404 314 473 505 546 525 385 407 638 434 359 494 708 438 620 547 548
854 396 1009 411 309 188 290 702 797 458 269 907 122 197 852 630 720 131 871 507 650 463 855 280 425 768 353 895 980 868 729 460 737 206 578 157 452 575 347 432 716 1022 344 545 427 734 396 291 0 597 821 339 474 61 878 722 815 626 1220 342 825 692 199 309 914 330 342 721 726 68 849 260 149 733 327 1083 803 983 557 938 784 918 263 685 555 617 795 814 786 363 462 729 703 380 410 747 658 900 775 725
459 203 726 459 595 440 546 312 229 168 438 674 663 495 863 360 460 599 929 679 529 497 457 537 174 500 750 914 793 342 994 541 708 639 469 617 424 704 637 165 633 885 466 419 173 435 215 608 597 0 315 617 145 655 868 421 278 477 965 264 264 304 437 451 625 304 763 880 342 643 853 352 467 505 632 911 213 629 152 500 613 795 720 906 524 319 921 726 1061 241 211 242 967 251 204 172 497 844 573 423
188 447 466 520 699 637 661 160 128 373 587 452 914 772 740 276 302 778 819 694 435 523 184 658 454 313 854 785 574 52 983 568 599 790 421 883 466 687 726 428 518 678 565 396 455 260 435 722 821 315 0 708 449 882 732 254 58 394 694 540 106 164 706 573 380 491 874 833 161 880 729 621 721 346 730 682 199 346 267 193 449 612 859 887 493 255 849 578 1045 471 359 93 960 442 497 167 393 687 402 253
666 440 742 189 33 259 79 554 739 450 192 632 458 485 516 447 496 210 533 169 381 200 669 92 498 535 146 558 681 760 425 169 417 150 331 494 244 237 20 480 416 706 153 327 502 526 414 48 339 617 708 0 559 375 545 519 727 380 927 464 755 548 442 167 662 325 166 386 567 400 514 436 400 490 23 773 774 753 501 759 504 605 173 362 278 456 458 501 489 403 410 628 397 372 517 706 405 573 510 522
571 121 821 435 532 341 482 411 373 151 368 754 528 354 891 423 533 498 949 655 567 485 569 471 62 579 678 942 867 481 966 523 737 550 496 477 416 692 579 85 671 950 420 442 57 517 151 540 474 145 449 559 0 529 901 503 418 518 1060 132 408 401 299 394 717 235 686 872 442 513 882 218 334 572 569 985 355 737 220 624 673 853 633 884 536 385 924 772 1032 156 211 367 938 196 65 317 544 887 639 505
914 456 1063 465 347 248 335 762 857 518 326 960 88 226 890 689 777 166 906 543 703 514 915 325 482 825 366 932 1030 929 744 508 782 231 632 150 508 612 379 490 765 1069 397 601 484 792 456 326 61 655 882 375 529 0 919 781 876 681 1272 397 886 753 244 364 970 391 351 749 787 35 888 313 198 789 360 1131 862 1041 618 998 836 965 271 707 606 676 825 861 799 423 523 790 719 441 465 807 712 943 829 784
567 796 409 507 571 747 589 600 838 751 649 328 1000 991 36 512 435 753 106 378 339 447 572 600 853 418 610 55 263 771 409 430 165 694 406 1027 500 309 543 820 235 212 561 459 857 475 763 593 878 868 732 545 901 919 0 483 783 391 470 874 830 603 933 602 409 713 636 251 583 943 33 891 904 388 562 287 904 513 716 636 283 163 691 338 372 553 199 154 443 777 691 709 404 723 893 843 372 67 330 484
147 437 320 340 519 537 493 119 354 366 456 253 833 736 489 95 48 644 567 464 185 319 150 494 475 79 660 536 372 300 736 357 345 633 193 824 286 446 533 441 263 465 402 193 478 14 409 545 722 421 254 519 503 781 483 0 301 153 559 536 348 124 667 425 216 417 683 582 100 788 478 594 664 95 542 489 421 263 285 241 204 382 686 639 261 122 595 331 796 440 316 226 714 390 522 362 144 445 159 3
246 430 524 539 715 634 674 196 71 359 592 509 902 752 790 309 350 781 868 724 477 549 242 670 429 365 872 836 632 64 1020 594 646 798 455 867 487 722 745 406 564 735 579 426 430 309 422 736 815 278 58 727 418 876 783 301 0 433 752 518 48 197 688 583 438 487 891 874 204 871 779 602 707 395 747 740 141 403 258 248 500 667 870 924 527 282 893 630 1083 457 355 99 996 435 469 116 436 740 454 300
297 423 383 218 385 451 366 238 475 367 358 282 744 677 387 129 119 530 456 312 52 181 300 371 474 155 516 437 371 443 589 212 232 507 50 747 174 295 392 440 157 440 286 87 479 155 390 411 626 477 394 380 518 681 391 153 433 0 600 512 476 237 611 317 290 363 540 441 234 694 377 550 596 112 403 485 534 374 325 390 168 339 551 492 109 167 464 254 651 412 308 344 566 356 518 468 32 371 150 156
513 993 240 809 944 1050 942 654 822 924 955 319 1340 1275 505 646 535 1113 564 786 570 758 516 950 1033 486 1030 505 247 705 879 769 521 1074 645 1346 772 724 932 999 512 257 876 686 1037 544 964 970 1220 965 694 927 1060 1272 470 559 752 600 0 1091 797 663 1208 912 343 957 1057 719 624 1288 498 1141 1195 505 949 183 892 349 841 510 436 335 1096 806 666 679 668 432 909 993 872 732 873 940 1080 857 568 408 450 556
631 100 855 376 435 222 385 466 484 176 274 775 399 234 858 445 556 374 907 583 556 434 630 373 91 605 570 909 879 578 884 464 710 432 479 353 374 631 483 112 655 952 343 427 92 550 127 438 342 264 540 464 132 397 874 536 518 512 1091 0 516 456 173 309 751 163 575 809 496 382 851 88 204 588 471 995 477 789 279 697 677 850 515 810 502 414 868 759 950 100 219 450 856 155 68 429 542 870 650 538
293 434 571 570 742 648 699 238 36 367 613 557 907 751 837 349 396 798 914 761 521 583 289 695 426 413 900 883 680 95 1060 629 692 820 495 868 518 762 774 406 610 783 605 463 426 355 429 762 825 264 106 755 408 886 830 348 48 476 797 516 0 239 688 606 486 501 918 917 249 879 825 602 711 442 775 788 97 448 271 289 548 715 894 965 566 320 938 677 1124 464 371 134 1036 447 463 92 480 788 501 347
175 356 423 359 541 505 504 10 239 280 441 371 794 674 606 112 170 634 681 530 283 359 174 503 383 201 693 654 493 216 823 404 457 638 258 774 304 526 565 350 376 588 408 232 386 136 334 564 692 304 164 548 401 753 603 124 197 237 663 456 239 0 605 421 321 367 714 678 41 755 595 525 611 217 569 609 302 337 182 248 327 506 703 727 330 91 700 452 886 368 244 108 799 326 430 240 242 567 283 124
779 259 979 427 410 189 370 616 656 334 285 889 230 69 912 573 678 281 948 594 648 487 779 356 264 729 508 960 981 747 864 503 776 356 569 180 447 654 457 282 735 1042 372 524 265 681 274 402 199 437 706 442 299 244 933 667 688 611 1208 173 688 605 0 332 877 252 505 822 645 222 906 86 52 704 440 1094 649 928 440 852 778 937 432 804 572 549 890 839 927 238 362 614 837 280 235 602 643 940 758 670
565 274 700 104 144 147 96 429 586 283 47 598 428 389 580 337 416 219 617 275 342 160 567 89 333 463 301 628 673 623 576 172 447 218 269 438 144 328 187 313 414 723 40 238 337 435 247 160 309 451 573 167 394 364 602 425 583 317 912 309 606 421 332 0 606 159 316 503 448 377 575 300 302 426 181 780 616 681 342 655 476 618 287 500 251 334 566 516 642 238 247 486 548 204 355 549 349 612 466 428
192 653 104 508 671 734 656 313 505 582 644 83 1030 945 430 307 199 821 512 558 281 469 197 661 691 149 789 464 197 405 762 493 338 795 340 1027 462 515 672 657 279 303 576 369 694 202 624 697 914 625 380 662 717 970 409 216 438 290 343 751 486 321 877 606 0 626 815 593 283 981 418 806 870 181 685 302 576 109 497 235 173 257 835 669 384 338 578 271 812 654 532 399 746 603 738 531 260 350 153 214
535 115 727 214 299 147 248 377 475 141 136 638 428 320 697 322 427 301 745 426 404 271 536 238 174 477 450 747 734 538 733 302 550 335 326 409 213 470 344 155 498 801 187 276 178 430 91 309 330 304 491 325 235 391 713 417 487 363 957 163 501 367 252 159 626 0 460 649 403 390 690 186 248 452 336 848 491 679 230 615 531 697 416 654 342 300 706 603 799 79 132 399 705 55 198 429 395 711 508 420
831 572 889 355 176 353 220 720 900 595 324 778 438 528 603 613 659 224 598 271 536 364 834 227 625 695 27 636 811 926 394 328 537 149 494 496 410 335 150 613 553 821 313 493 630 690 551 157 342 763 874 166 686 351 636 683 891 540 1057 575 918 714 505 316 815 460 0 424 733 384 604 525 455 649 145 892 932 910 658 924 650 726 80 368 434 623 502 626 448 533 563 792 370 512 635 865 564 677 662 687
705 755 624 438 418 633 453 679 915 732 546 523 836 869 215 568 536 590 181 229 398 388 709 466 815 543 401 230 496 881 169 349 256 519 426 878 459 180 376 788 329 463 467 468 820 579 722 432 721 880 833 386 872 749 251 582 874 441 719 809 917 678 822 503 593 649 424 0 673 778 222 802 783 499 395 538 972 702 733 790 427 395 493 87 360 602 78 327 220 726 676 784 157 678 847 904 440 311 465 583
134 397 384 379 562 539 528 31 255 321 471 337 830 713 588 121 148 664 665 537 275 374 134 527 424 172 712 635 459 210 822 416 443 664 262 812 324 527 583 392 361 557 433 244 427 109 374 586 726 342 161 567 442 787 583 100 204 234 624 496 249 41 645 448 283 403 733 673 0 790 577 565 649 195 589 574 322 296 224 212 303 478 726 726 334 114 690 430 885 408 283 128 800 365 471 264 233 544 257 99
919 447 1076 479 372 252 356 765 850 512 337 974 58 197 915 695 787 190 933 569 718 530 919 346 469 835 398 958 1047 925 777 527 803 260 646 115 520 637 406 479 784 1089 411 612 471 800 450 352 68 643 880 400 513 35 943 788 871 694 1288 382 879 755 222 377 981 390 384 778 790 0 912 296 179 800 386 1150 852 1050 614 1002 852 984 305 738 623 681 854 881 832 415 521 787 751 438 449 799 725 965 843 791
569 776 425 482 541 720 559 592 832 732 622 339 969 963 12 501 429 723 94 347 325 422 573 571 832 416 577 61 284 770 383 403 146 663 388 998 477 278 511 800 222 241 535 441 837 470 742 562 849 853 729 514 882 888 33 478 779 377 498 851 825 595 906 575 418 690 604 222 577 912 0 866 876 383 531 316 897 524 702 641 282 182 659 308 349 541 174 153 419 756 672 702 376 701 872 834 360 91 328 478
699 174 909 384 404 178 358 535 570 250 256 823 311 151 873 500 608 311 915 573 590 444 699 345 178 658 524 922 920 661 861 467 730 377 512 266 395 627 453 196 683 986 338 463 180 607 191 402 260 352 621 436 218 313 891 594 602 550 1141 88 602 525 86 300 806 186 525 802 565 296 866 0 117 636 438 1035 564 852 356 770 717 883 459 793 523 473 866 787 925 157 282 530 833 204 153 516 581 893 694 596
782 277 971 402 367 156 330 621 680 349 255 877 197 87 881 569 671 231 914 556 630 461 782 317 292 721 459 928 964 764 819 473 749 306 553 163 427 618 413 306 713 1021 342 509 294 677 286 358 149 467 721 400 334 198 904 664 707 596 1195 204 711 611 52 302 870 248 455 783 649 179 876 117 0 693 396 1075 678 927 454 859 762 916 381 761 549 548 852 816 881 250 368 629 792 285 270 627 628 914 745 667
208 493 277 329 496 554 478 213 449 428 464 187 850 771 395 149 47 641 473 408 117 293 212 482 538 48 624 441 295 390 658 322 254 618 161 848 282 378 502 503 173 381 396 188 542 87 462 523 733 505 346 490 572 789 388 95 395 112 505 588 442 217 704 426 181 452 649 499 195 800 383 636 693 0 513 413 516 263 361 297 111 291 662 562 215 189 506 236 716 489 372 321 638 435 584 456 85 350 68 96
689 451 765 210 37 260 88 576 758 464 201 655 444 480 532 469 520 196 546 184 404 223 692 99 508 558 125 573 702 781 425 192 437 132 355 483 265 253 20 491 438 726 171 350 512 549 426 38 327 632 730 23 569 360 562 542 747 403 949 471 775 569 440 181 685 336 145 395 589 386 531 438 396 513 0 793 792 776 519 782 527 625 150 366 301 478 469 522 488 414 427 648 397 384 525 724 429 592 533 545
495 903 229 677 793 924 797 602 807 840 825 238 1205 1158 323 562 453 968 381 622 446 621 499 806 949 411 865 321 118 706 696 624 357 922 524 1218 648 557 776 915 367 75 742 572 953 476 871 818 1083 911 682 773 985 1131 287 489 740 485 183 995 788 609 1094 780 302 848 892 538 574 1150 316 1035 1075 413 793 0 878 363 771 525 318 168 936 624 529 601 485 272 725 895 783 697 691 840 995 831 454 227 347 488
385 407 664 596 758 636 712 305 71 351 615 645 875 708 908 405 469 792 983 800 582 618 382 705 386 492 916 956 768 192 1107 664 759 822 546 829 548 809 794 373 677 870 622 507 385 431 410 776 803 213 199 774 355 862 904 421 141 534 892 477 97 302 649 616 576 491 932 972 322 852 897 564 678 516 792 878 0 544 274 386 625 797 900 1013 614 370 999 752 1172 441 370 195 1082 436 416 69 543 866 579 421
170 689 134 588 759 799 740 327 473 614 716 185 1096 997 536 358 265 899 617 660 374 555 172 743 720 220 885 567 278 358 870 584 447 880 423 1087 538 620 764 687 385 382 654 443 723 251 664 785 983 629 346 753 737 1041 513 263 403 374 349 789 448 337 928 681 109 679 910 702 296 1050 524 852 927 263 776 363 544 0 519 165 280 355 925 778 476 380 686 379 921 697 571 389 855 649 767 509 348 451 254 260
355 182 601 327 484 377 438 192 247 106 344 537 647 507 711 212 318 527 778 541 377 357 354 431 202 362 642 762 653 311 854 403 556 551 317 616 285 560 520 170 482 741 348 268 204 299 168 501 557 152 267 501 220 618 716 285 258 325 841 279 271 182 440 342 497 230 658 733 224 614 702 356 454 361 519 771 274 519 0 418 467 649 627 763 375 172 772 576 920 204 100 175 828 177 248 207 346 694 428 286
94 599 297 577 759 750 729 238 318 522 681 318 1042 920 653 318 272 872 735 701 412 560 91 730 618 250 901 691 430 196 953 598 536 868 433 1022 522 675 774 588 461 536 636 433 620 236 579 784 938 500 193 759 624 998 636 241 248 390 510 697 289 248 852 655 235 615 924 790 212 1002 641 770 859 297 782 525 386 165 418 0 366 491 925 857 500 323 788 488 1009 614 491 258 933 574 664 360 374 581 325 238
288 586 239 372 517 615 509 323 557 525 519 129 904 844 294 254 158 679 374 388 134 323 293 516 634 135 624 337 203 488 594 338 171 645 210 911 336 342 512 600 106 277 440 255 639 194 554 543 784 613 449 504 673 836 283 204 500 168 436 677 548 327 778 476 173 531 650 427 303 852 282 717 762 111 527 318 625 280 467 366 0 182 676 500 232 295 422 130 648 578 468 430 577 522 680 566 137 241 46 204
434 762 246 515 625 763 630 500 728 704 664 174 1039 1000 193 436 338 801 269 455 294 458 438 640 812 306 699 215 102 646 561 458 190 754 372 1055 490 391 608 778 203 105 579 423 817 370 729 650 918 795 612 605 853 965 163 382 667 339 335 850 715 506 937 618 257 697 726 395 478 984 182 883 916 291 625 168 797 355 649 491 182 0 768 480 367 477 356 104 600 750 646 605 552 695 857 742 311 98 224 381
833 524 915 348 167 294 198 710 873 555 285 805 359 451 659 609 667 151 661 316 554 370 835 201 573 707 95 696 849 910 473 342 579 84 502 416 403 384 164 564 586 867 294 493 577 694 506 141 263 720 859 173 633 271 691 686 870 551 1096 515 894 703 432 287 835 416 80 493 726 305 659 459 381 662 150 936 900 925 627 925 676 768 0 442 451 613 570 666 527 484 530 773 448 470 579 834 578 727 683 689
769 765 706 451 395 619 436 729 960 750 539 603 795 846 302 615 596 555 262 230 454 408 773 450 825 608 347 314 581 935 97 365 331 480 470 843 482 205 348 800 398 549 468 506 830 638 734 404 685 906 887 362 884 707 338 639 924 492 806 810 965 727 804 500 669 654 368 87 726 738 308 793 761 562 366 624 1013 778 763 857 500 480 442 0 400 646 152 408 159 733 697 831 77 689 853 945 496 398 535 641
406 426 467 147 287 395 277 333 560 388 296 359 676 634 357 218 229 448 413 204 103 93 410 284 484 261 409 408 424 543 494 109 208 414 72 689 129 196 288 453 164 472 213 108 489 265 393 314 555 524 493 278 536 606 372 261 527 109 666 502 566 330 572 251 384 342 434 360 334 623 349 523 549 215 301 529 614 476 375 500 232 367 451 400 0 246 397 267 559 406 328 432 470 352 523 546 130 370 233 264
237 315 442 268 450 429 415 98 314 244 358 369 724 617 551 41 148 550 622 442 217 269 238 414 354 194 602 601 482 307 741 313 397 550 176 709 213 442 473 320 319 569 319 143 358 136 287 473 617 319 255 456 385 676 553 122 282 167 679 414 320 91 549 334 338 300 623 602 114 681 541 473 548 189 478 601 370 380 172 323 295 477 613 646 246 0 630 408 805 318 194 186 716 269 401 303 181 525 256 124
707 808 596 493 490 701 522 699 938 780 610 502 911 939 165 594 548 665 111 296 417 439 712 535 868 547 479 166 458 894 211 404 253 595 457 951 508 238 449 839 333 411 528 504 873 590 775 505 795 921 849 458 924 825 199 595 893 464 668 868 938 700 890 566 578 706 502 78 690 854 174 866 852 506 469 485 999 686 772 788 422 356 570 152 397 630 0 306 244 781 722 807 208 731 902 932 458 265 464 596
416 674 298 414 521 662 526 448 685 621 562 197 936 901 165 367 283 697 247 354 205 356 420 536 727 265 599 208 187 618 496 354 89 650 280 953 393 293 504 694 105 208 477 333 732 322 641 546 814 726 578 501 772 861 154 331 630 254 432 759 677 452 839 516 271 603 626 327 430 881 153 787 816 236 522 272 752 379 576 488 130 104 666 408 267 408 306 0 543 660 562 557 483 604 770 691 230 118 176 331
923 912 838 603 521 748 567 888 1119 903 677 741 886 961 409 775 752 660 345 382 612 564 928 581 972 761 434 404 702 1094 67 520 476 583 629 942 637 364 473 949 548 653 613 665 977 795 882 525 786 1061 1045 489 1032 799 443 796 1083 651 909 950 1124 886 927 642 812 799 448 220 885 832 419 925 881 716 488 725 1172 921 920 1009 648 600 527 159 559 805 244 543 0 879 851 990 95 837 997 1104 653 508 685 799
543 39 758 288 376 199 326 379 435 98 213 676 444 306 763 348 458 358 815 504 457 343 542 315 95 507 524 814 779 514 812 377 613 402 380 412 279 546 423 80 556 852 266 328 99 454 36 385 363 241 471 403 156 423 777 440 457 412 993 100 464 368 238 238 654 79 533 726 408 415 756 157 250 489 414 895 441 697 204 614 578 750 484 733 406 318 781 660 879 0 125 379 784 56 121 384 442 771 550 442
417 121 636 248 391 279 343 254 347 60 245 558 556 430 681 227 337 428 741 469 357 289 417 336 167 386 549 732 666 406 784 332 527 453 285 531 216 497 430 133 461 744 258 232 171 330 93 407 462 211 359 410 211 523 691 316 355 308 872 219 371 244 362 247 532 132 563 676 283 521 672 282 368 372 427 783 370 571 100 491 468 646 530 697 328 194 722 562 851 125 0 267 757 84 212 305 335 677 436 319
220 356 495 440 617 545 576 110 131 281 498 460 821 681 713 216 274 688 789 627 390 450 217 572 366 299 773 761 583 140 926 496 564 702 361 791 388 628 646 338 483 683 481 329 367 236 343 638 729 242 93 628 367 790 709 226 99 344 732 450 134 108 614 486 399 399 792 784 128 787 702 530 629 321 648 697 195 389 175 258 430 605 773 831 432 186 807 557 990 379 267 0 902 349 410 136 349 671 385 226
846 817 781 509 429 656 475 801 1030 808 583 679 807 874 368 687 671 575 318 288 529 471 850 488 877 684 353 374 653 1009 28 426 408 498 541 860 544 274 381 854 474 616 518 575 882 713 788 434 703 967 960 397 938 719 404 714 996 566 873 856 1036 799 837 548 746 705 370 157 800 751 376 833 792 638 397 691 1082 855 828 933 577 552 448 77 470 716 208 483 95 784 757 902 0 743 903 1013 571 466 612 716
499 77 706 240 347 201 297 337 420 85 188 622 472 349 709 296 405 356 762 459 401 292 499 288 137 455 501 760 724 488 770 329 559 390 324 448 226 498 391 111 500 796 226 272 142 403 45 359 380 251 442 372 196 441 723 390 435 356 940 155 447 326 280 204 603 55 512 678 365 438 701 204 285 435 384 840 436 649 177 574 522 695 470 689 352 269 731 604 837 56 84 349 743 0 172 374 386 716 495 392
604 97 842 409 488 285 438 440 430 157 324 769 464 291 880 436 547 439 934 624 566 463 603 426 47 596 629 931 878 531 931 498 728 495 491 414 398 667 536 82 667 956 385 438 44 536 131 494 410 204 497 517 65 465 893 522 469 518 1080 68 463 430 235 355 738 198 635 847 471 449 872 153 270 584 525 995 416 767 248 664 680 857 579 853 523 401 902 770 997 121 212 410 903 172 0 374 546 884 648 524
344 352 624 526 690 575 644 244 57 291 550 595 824 663 845 339 409 730 920 731 517 548 341 638 338 436 848 894 718 179 1038 595 694 757 478 782 479 740 725 321 614 819 553 438 338 372 351 708 747 172 167 706 317 807 843 362 116 468 857 429 92 240 602 549 531 429 865 904 264 799 834 516 627 456 724 831 69 509 207 360 566 742 834 945 546 303 932 691 1104 384 305 136 1013 374 374 0 478 807 521 362
282 451 351 249 412 483 395 241 481 394 389 250 776 709 370 141 103 561 442 327 42 209 285 400 502 131 539 420 339 441 592 237 217 535 80 779 206 304 417 468 138 410 316 119 506 143 419 438 658 497 393 405 544 712 372 144 436 32 568 542 480 242 643 349 260 395 564 440 233 725 360 581 628 85 429 454 543 348 346 374 137 311 578 496 130 181 458 230 653 442 335 349 571 386 546 478 0 348 118 146
516 787 343 513 597 759 609 563 798 737 659 267 1022 1001 100 484 398 778 172 411 320 454 521 620 842 375 650 117 196 725 473 443 165 723 393 1045 499 343 573 808 217 152 572 446 846 435 754 620 900 844 687 573 887 943 67 445 740 371 408 870 788 567 940 612 350 711 677 311 544 965 91 893 914 350 592 227 866 451 694 581 241 98 727 398 370 525 265 118 508 771 677 671 466 716 884 807 348 0 287 445
244 556 236 364 520 601 508 278 511 492 507 132 893 825 339 216 114 675 420 406 129 320 249 514 602 89 636 383 230 442 630 341 211 646 197 897 323 367 519 568 137 313 433 236 606 148 524 547 775 573 402 510 639 829 330 159 454 150 450 650 501 283 758 466 153 508 662 465 257 843 328 694 745 68 533 347 579 254 428 325 46 224 683 535 233 256 464 176 685 550 436 385 612 495 648 521 118 287 0 159
144 439 318 343 522 540 496 119 354 368 459 252 836 739 490 97 49 647 568 467 187 322 147 497 477 78 663 536 371 298 738 360 346 636 195 827 289 449 536 443 265 465 405 196 480 12 412 548 725 423 253 522 505 784 484 3 300 156 556 538 347 124 670 428 214 420 687 583 99 791 478 596 667 96 545 488 421 260 286 238 204 381 689 641 264 124 596 331 799 442 319 226 716 392 524 362 146 445 159 0
