# TTSP Euclidean complete-graph matrix instance
# seed: 2099
# depot: 1
# L_max is not stored in this file; pass it with --budget when running algorithms.
# coordinate rows: node x y
# coord 1 840.913984 707.785523
# coord 2 200.616951 276.693732
# coord 3 52.153945 246.096994
# coord 4 983.978708 215.338764
# coord 5 849.008443 433.095306
# coord 6 416.087818 721.470939
# coord 7 830.643599 876.310244
# coord 8 420.574782 928.013634
# coord 9 926.855555 924.109923
# coord 10 92.940795 352.875951
# coord 11 974.152332 483.311374
# coord 12 18.443125 473.512312
# coord 13 887.819373 239.975331
# coord 14 65.704165 462.045491
# coord 15 932.884843 184.834619
# coord 16 76.355831 966.032554
# coord 17 124.356489 424.498106
# coord 18 284.883781 950.349929
# coord 19 44.417608 286.547372
# coord 20 232.920777 73.140153
# coord 21 465.174031 471.017540
# coord 22 900.926014 758.745152
# coord 23 334.091864 861.578646
# coord 24 331.961622 800.865024
# coord 25 12.508988 292.450563
# coord 26 193.811852 97.736702
# coord 27 379.435500 28.020370
# coord 28 390.551457 49.737236
# coord 29 530.127537 223.881723
# coord 30 61.431639 349.383839
# coord 31 273.321150 995.855983
# coord 32 694.076500 903.051053
# coord 33 568.072253 97.314459
# coord 34 817.135055 851.598775
# coord 35 933.866923 749.068957
# coord 36 305.469555 325.659612
# coord 37 122.521058 850.121195
# coord 38 792.326769 645.006110
# coord 39 328.264873 741.075832
# coord 40 811.070314 627.054839
# coord 41 303.543659 709.244642
# coord 42 369.888981 906.425152
# coord 43 228.905178 852.279055
# coord 44 337.158757 34.886194
# coord 45 589.931303 302.184555
# coord 46 101.507439 117.440661
# coord 47 580.893971 202.002330
# coord 48 306.386697 890.141502
# coord 49 16.880211 512.040715
# coord 50 192.103633 593.583406
# coord 51 239.258325 829.020239
# coord 52 935.318172 507.530391
# coord 53 526.929295 562.828158
# coord 54 968.698668 594.990896
# coord 55 553.185840 941.776748
# coord 56 777.162745 466.099556
# coord 57 704.040293 864.258279
# coord 58 43.720663 754.714946
# coord 59 810.374857 675.085431
# coord 60 487.450760 595.567192
# coord 61 603.123039 633.217764
# coord 62 159.192886 50.210239
# coord 63 26.916327 727.804119
# coord 64 138.151798 784.392525
# coord 65 12.478359 892.200040
# coord 66 411.025206 87.084463
# coord 67 500.833707 644.041719
# coord 68 26.558266 845.327681
# coord 69 712.860319 314.077436
# coord 70 44.033202 238.885765
# coord 71 919.475064 47.073494
# coord 72 735.579414 185.885810
# coord 73 965.830164 373.207264
# coord 74 47.569841 98.894029
# coord 75 290.789997 868.502463
# coord 76 905.254333 89.487565
# coord 77 179.655953 663.009303
# coord 78 538.652679 210.541709
# coord 79 131.815798 488.189063
# coord 80 57.717197 945.591866
# coord 81 138.717414 303.705129
# coord 82 501.578589 723.788302
# coord 83 702.121417 205.039557
# coord 84 683.371284 619.335397
# coord 85 497.362299 688.130182
# coord 86 302.557443 87.869505
# coord 87 289.106164 318.235955
# coord 88 885.241791 861.011028
# coord 89 71.250939 634.645867
# coord 90 35.229189 3.687366
# coord 91 444.147001 932.941485
# coord 92 186.034191 616.705552
# coord 93 606.407557 775.970955
# coord 94 74.857902 216.550351
# coord 95 552.390987 789.495882
# coord 96 935.536634 425.033619
# coord 97 243.170106 41.343605
# coord 98 704.787270 742.447889
# coord 99 179.516120 535.028384
# coord 100 571.000185 896.550493
# reference_nearest_neighbor_tour_cost: 9377
TTSP_MATRIX
100
0 51 54 31 46 89 46 17 97 76 35 85 90 74 3 69 55 9 38 87 6 20 38 43 29 26 15 59 14 19 34 95 61 29 49 91 80 64 66 59 20 34 83 25 8 6 20 100 12 15 29 50 53 45 35 5 92 29 64 13 54 25 11 66 72 88 45 96 80 26 96 71 40 50 48 61 85 35 40 92 20 83 2 45 88 79 100 61 21 36 94 41 67 42 9 85 95 35 63 95
0 772 914 513 275 425 169 475 233 828 261 855 470 813 531 807 771 607 901 879 444 79 530 517 927 889 822 797 575 858 637 244 669 146 102 658 732 79 514 86 537 511 629 841 477 946 569 565 847 659 614 221 346 170 371 250 208 799 45 371 249 947 814 707 849 755 346 826 414 925 665 532 357 1000 573 622 663 582 742 819 810 340 522 181 344 821 675 160 773 1070 456 661 244 910 300 298 895 140 684 329
772 0 152 786 667 494 870 687 973 132 801 268 688 229 738 700 166 679 157 206 328 850 600 540 189 179 306 296 334 157 723 797 409 843 872 116 579 697 482 704 445 652 576 278 390 188 388 622 299 317 554 770 434 831 753 607 774 503 728 429 538 230 483 512 644 283 474 595 514 161 755 543 771 235 599 729 387 344 222 684 68 539 507 592 507 215 98 900 381 319 700 340 643 139 622 750 239 686 259 722
914 152 0 932 819 599 1002 775 1107 114 952 230 836 216 883 720 192 742 41 250 470 992 677 621 61 205 393 391 478 104 782 919 537 976 1015 266 608 841 567 849 527 733 631 355 541 138 531 692 268 375 612 921 571 981 857 758 898 509 871 558 673 223 482 545 647 393 600 600 664 11 890 686 922 147 667 867 436 488 255 700 104 656 651 733 627 296 248 1035 389 243 791 394 767 37 739 901 280 820 316 832
513 786 932 0 256 761 679 908 711 902 268 999 99 951 60 1178 885 1014 942 764 578 550 917 876 975 799 633 616 454 932 1056 746 432 658 536 687 1070 470 840 447 841 925 988 672 404 888 403 956 1012 878 965 296 574 380 845 325 707 1084 491 625 565 841 1086 1019 1184 587 646 1146 289 940 180 250 159 944 952 148 921 445 895 1180 850 701 282 504 678 693 702 653 1004 972 898 893 676 909 718 215 761 596 866 797
275 667 819 256 0 520 444 655 497 760 135 832 197 784 262 939 725 765 818 714 386 330 670 635 848 736 620 598 381 792 805 495 438 420 327 554 838 219 605 198 611 673 748 649 290 811 354 709 836 676 727 114 347 201 588 79 455 867 245 396 317 789 873 793 954 558 407 920 181 828 392 272 131 868 708 348 708 382 719 943 722 453 271 249 434 646 572 429 803 920 643 688 420 804 464 87 721 341 677 540
425 494 599 761 520 0 443 207 549 490 607 469 674 436 745 419 416 264 572 674 255 486 162 116 589 662 694 672 510 514 309 332 642 422 519 411 321 384 90 406 113 191 228 691 454 681 545 201 451 258 207 562 194 567 259 442 321 374 397 145 207 719 389 285 438 634 115 409 504 609 842 624 651 723 193 799 244 525 368 423 501 86 590 286 88 644 423 489 356 813 213 253 198 609 152 598 702 289 301 234
169 870 1002 679 444 443 0 413 107 905 418 907 639 870 699 760 838 551 983 1001 546 137 497 504 1005 1006 961 936 718 932 570 139 822 28 164 761 709 234 520 250 553 462 602 975 623 1052 719 524 892 698 593 383 436 313 285 414 127 796 202 443 333 1065 817 699 818 894 403 805 574 1012 834 697 521 1103 540 790 685 727 799 776 898 363 683 296 383 949 778 57 797 1181 391 695 246 1003 291 463 1021 184 735 260
475 687 775 908 655 207 413 0 506 662 710 607 832 586 903 346 584 138 744 875 459 509 109 155 755 861 901 879 713 681 162 275 844 404 544 613 308 467 208 493 248 55 206 897 648 871 744 120 580 405 207 665 380 641 133 584 291 415 465 339 347 916 442 317 410 841 295 403 680 785 1012 806 778 909 143 969 358 727 526 363 685 220 776 405 252 848 624 469 456 1001 24 390 240 791 191 720 904 339 461 154
233 973 1107 711 497 549 107 506 0 1011 443 1014 685 977 739 852 945 643 1089 1098 647 167 596 608 1111 1105 1050 1026 805 1039 657 234 901 132 175 863 808 310 626 319 659 557 702 1067 707 1154 801 621 999 806 694 417 539 332 374 482 231 899 275 549 435 1163 921 801 915 983 510 904 646 1118 877 763 552 1206 638 835 792 812 907 869 1003 470 753 390 490 1044 880 76 903 1281 483 802 353 1107 398 499 1117 287 843 357
828 132 114 902 760 490 905 662 1011 0 891 142 803 113 857 613 78 628 82 313 391 904 563 508 101 274 433 425 456 32 668 815 540 879 930 214 498 758 454 769 414 619 518 401 500 236 511 578 176 260 498 856 482 909 747 694 797 405 786 463 582 310 381 434 545 415 501 497 621 124 881 664 873 258 552 854 322 468 141 594 67 552 627 648 525 338 199 941 283 354 678 280 665 138 634 846 346 725 202 724
261 801 952 268 135 607 418 710 443 891 0 956 258 909 301 1019 852 833 950 847 509 285 743 716 980 870 749 727 514 922 868 505 560 400 269 687 927 243 695 217 708 738 832 779 425 946 484 782 958 790 812 46 454 112 622 198 467 969 252 499 400 923 978 889 1045 689 500 1014 311 962 440 381 110 1003 784 400 815 514 842 1026 855 530 389 321 519 779 705 388 915 1054 695 799 470 938 521 70 854 374 796 577
855 268 230 999 832 469 907 607 1014 142 956 0 900 49 959 496 117 546 189 454 447 927 500 453 181 415 573 564 569 131 581 801 666 884 956 323 391 793 409 807 370 558 433 542 597 366 625 506 39 211 419 918 516 958 711 759 789 282 817 485 606 446 254 333 419 551 512 372 712 236 997 773 953 376 480 966 249 583 114 474 208 544 735 681 525 479 312 949 170 470 626 220 661 263 620 918 487 737 172 696
470 688 836 99 197 674 639 832 685 803 258 900 0 852 71 1089 785 932 845 676 482 519 832 790 877 708 551 532 358 834 974 691 350 616 511 589 979 416 751 395 749 844 899 588 304 796 309 872 912 780 876 272 484 364 777 252 651 989 442 535 485 753 990 926 1092 501 559 1053 190 844 195 162 154 852 867 151 825 350 796 1089 752 619 189 431 594 605 604 621 907 885 823 797 605 813 644 191 675 535 767 729
813 229 216 951 784 436 870 586 977 113 909 49 852 0 910 504 70 535 177 423 400 886 481 431 178 386 536 525 522 113 573 768 621 846 914 276 392 749 383 763 343 539 423 506 548 346 577 491 70 182 406 871 472 913 684 711 754 293 775 442 564 422 269 330 433 510 472 385 664 224 949 725 904 364 465 919 231 536 71 484 174 508 686 637 487 443 266 911 173 459 604 196 625 246 587 871 457 698 135 666
531 738 883 60 262 745 699 903 739 857 301 959 71 910 0 1159 843 1003 894 709 548 575 904 861 927 744 575 559 405 887 1045 757 375 677 564 643 1048 481 822 459 819 915 970 614 362 834 352 943 973 846 947 323 555 412 847 321 717 1056 505 606 557 785 1056 996 1161 531 631 1121 255 890 138 197 191 889 938 99 892 395 857 1160 803 690 232 501 666 638 657 678 972 916 894 863 675 859 714 240 704 602 831 798
807 700 720 1178 939 419 760 346 852 613 1019 496 1089 504 1159 0 544 209 680 907 629 850 278 304 677 876 986 969 870 617 199 621 998 750 885 680 125 785 338 809 343 300 190 967 839 849 916 242 458 390 213 974 605 966 477 861 636 214 790 553 623 920 243 192 98 941 533 131 911 728 1247 1021 1069 868 236 1206 320 886 481 28 665 489 985 699 504 907 682 816 331 963 369 366 563 749 508 1015 940 667 443 500
771 166 192 885 725 416 838 584 945 78 852 117 785 70 843 544 0 550 159 368 344 845 485 430 173 334 471 460 453 98 590 744 551 814 872 206 426 703 377 716 336 541 440 444 481 308 508 500 139 182 421 815 426 861 672 654 728 340 730 401 522 376 319 360 481 443 436 432 599 202 880 656 843 335 474 850 245 466 64 525 122 482 618 592 457 381 196 877 217 430 601 202 597 214 563 811 401 662 124 650
607 679 742 1014 765 264 551 138 643 628 833 546 932 535 1003 209 550 0 706 879 512 645 101 157 712 857 927 907 767 641 47 412 899 541 679 625 191 592 214 618 242 96 113 917 716 853 805 64 514 369 130 787 457 771 268 691 428 311 593 409 449 909 341 222 279 872 375 279 767 751 1104 887 893 884 82 1061 306 782 487 227 663 314 854 518 338 863 632 607 381 979 160 348 366 763 312 836 910 469 428 291
901 157 41 942 818 572 983 744 1089 82 950 189 845 177 894 680 159 706 0 285 459 978 644 589 32 241 423 419 490 65 745 896 557 957 1003 264 569 829 536 839 496 700 595 386 546 178 543 658 227 341 576 918 556 974 830 754 877 468 859 540 658 263 442 507 606 417 580 559 669 48 907 698 925 188 632 883 400 500 220 659 96 633 663 720 605 326 247 1018 349 283 760 359 745 76 715 902 316 802 283 806
879 206 250 764 714 674 1001 875 1098 313 847 454 676 423 709 907 368 879 285 0 461 957 795 734 311 46 153 159 333 325 924 949 336 973 974 263 785 800 675 801 640 844 779 111 424 139 371 820 489 522 756 826 571 902 926 671 921 707 834 581 671 77 686 718 848 179 631 799 537 251 687 515 792 187 797 673 592 335 427 890 249 704 487 708 669 71 251 1023 584 210 885 546 796 213 784 786 33 819 465 890
444 328 470 578 386 255 546 459 647 391 509 447 482 400 548 629 344 512 459 461 0 522 412 356 487 461 451 428 256 422 559 489 388 518 545 216 511 371 303 379 288 446 449 455 210 507 293 448 450 299 423 472 111 519 479 312 460 508 401 127 213 520 508 453 618 388 177 577 293 481 621 393 510 559 434 582 344 271 334 625 367 255 356 264 219 416 233 573 427 635 462 315 336 466 330 473 484 362 293 438
79 850 992 550 330 486 137 509 167 904 285 927 519 886 575 850 845 645 978 957 522 0 576 571 1003 968 898 874 651 934 671 252 740 125 34 736 784 157 573 159 599 551 678 917 552 1025 642 609 918 728 665 254 422 177 393 318 223 857 123 445 323 1026 875 763 898 831 416 879 483 1002 712 596 391 1079 620 669 728 657 815 864 888 401 588 258 410 899 754 103 839 1149 489 729 295 988 350 336 973 197 755 358
530 600 677 917 670 162 497 109 596 563 743 500 832 481 904 278 485 101 644 795 412 576 0 61 654 777 835 814 667 580 147 362 799 483 610 537 212 507 121 532 155 57 106 827 615 780 704 40 472 303 100 698 356 688 233 594 370 309 511 307 353 830 335 211 323 778 274 308 666 687 1003 786 798 815 44 960 252 682 425 289 591 217 753 425 238 774 545 551 347 908 131 286 285 695 230 743 825 389 361 239
517 540 621 876 635 116 504 155 608 508 716 453 790 431 861 304 430 157 589 734 356 571 61 0 600 717 774 753 610 526 204 376 742 488 604 476 215 486 60 510 96 112 115 766 561 721 649 93 427 250 97 671 308 669 262 557 377 292 495 258 319 770 314 195 332 718 230 309 618 631 956 736 765 757 79 914 205 625 371 310 533 186 701 396 200 714 485 557 309 851 173 235 276 638 221 711 765 377 306 257
927 189 61 975 848 589 1005 755 1111 101 980 181 877 178 927 677 173 712 32 311 487 1003 654 600 0 266 452 449 522 75 750 915 589 980 1028 295 568 856 549 866 508 710 600 414 578 196 576 666 220 351 583 948 581 1003 845 784 897 463 885 563 682 283 436 508 600 448 602 553 701 62 940 731 957 197 640 916 407 532 229 655 127 652 695 746 626 355 278 1042 347 290 772 368 766 98 734 933 341 826 295 823
889 179 205 799 736 662 1006 861 1105 274 870 415 708 386 744 876 334 857 241 46 461 968 777 717 266 0 198 203 359 284 902 948 374 978 986 254 756 811 657 813 621 828 755 157 446 94 401 800 451 496 733 847 572 921 917 690 921 674 845 578 674 59 652 689 815 217 627 766 562 206 727 549 820 146 777 711 565 363 395 859 213 698 520 715 664 109 240 1030 551 184 872 519 794 168 779 811 75 823 438 883
822 306 393 633 620 694 961 901 1050 433 749 573 551 536 575 986 471 927 423 153 451 898 835 774 452 198 0 24 247 452 974 930 201 933 910 307 861 742 715 738 685 878 838 43 346 292 266 865 605 596 813 734 555 818 930 592 897 800 777 578 645 221 784 794 939 67 628 890 439 396 540 390 680 339 845 529 666 242 523 972 366 706 368 665 671 97 304 975 680 345 907 620 782 358 781 683 137 785 545 889
797 296 391 616 598 672 936 879 1026 425 727 564 532 525 559 969 460 907 419 159 428 874 814 753 449 203 24 0 223 445 953 906 184 908 886 289 844 718 694 714 665 857 819 55 322 297 244 845 594 579 794 712 531 795 907 568 873 786 753 554 621 231 769 777 923 43 604 875 417 395 529 371 660 346 825 516 649 219 509 956 358 683 348 640 647 96 287 950 666 358 885 603 758 357 757 662 148 761 529 866
575 334 478 454 381 510 718 713 805 456 514 569 358 522 405 870 453 767 490 333 256 651 667 610 522 359 247 223 0 485 814 699 132 690 662 247 747 496 555 491 536 701 697 270 99 442 55 703 589 501 671 495 339 575 718 346 664 720 531 374 416 410 712 684 845 181 421 800 204 486 428 209 461 498 688 398 562 16 478 863 399 501 173 424 465 265 259 729 616 542 714 522 557 455 566 453 340 547 469 674
858 157 104 932 792 514 932 681 1039 32 922 131 834 113 887 617 98 641 65 325 422 934 580 526 75 284 452 445 485 0 680 841 566 907 960 245 504 788 474 799 434 637 530 418 531 235 540 594 169 277 512 888 512 940 770 725 823 406 817 492 612 315 380 442 545 437 529 497 652 112 910 694 905 251 568 883 335 497 156 596 90 578 657 678 552 356 230 970 285 347 698 295 692 134 659 877 358 754 220 748
637 723 782 1056 805 309 570 162 657 668 868 581 974 573 1045 199 590 47 745 924 559 671 147 204 750 902 974 953 814 680 0 431 946 563 705 671 210 626 261 652 288 132 150 963 763 895 851 111 548 410 170 823 502 803 285 731 450 333 626 454 490 953 364 251 281 919 419 289 811 791 1148 933 931 925 129 1105 346 829 527 221 705 355 900 557 381 908 678 627 414 1020 182 389 399 804 347 874 955 500 470 314
244 797 919 746 495 332 139 275 234 815 505 801 691 768 757 621 744 412 896 949 489 252 362 376 915 948 930 906 699 841 431 0 816 133 285 696 574 276 400 300 436 324 468 939 610 984 710 388 782 590 461 463 379 413 146 445 40 667 256 370 285 1007 690 568 682 864 323 670 589 929 885 718 595 1032 405 841 568 710 699 638 817 263 698 284 291 904 711 196 678 1115 252 583 154 925 182 536 973 161 633 123
669 409 537 432 438 642 822 844 901 540 560 666 350 621 375 998 551 899 557 336 388 740 799 742 589 374 201 184 132 566 946 816 0 794 747 348 875 592 687 583 667 833 828 239 206 467 105 835 690 623 802 551 467 639 845 424 779 841 627 505 537 412 831 810 970 157 551 923 261 543 355 189 484 521 820 337 686 117 586 990 476 630 172 535 595 266 356 827 732 541 845 645 680 507 692 492 330 659 585 799
146 843 976 658 420 422 28 404 132 879 400 884 616 846 677 750 814 541 957 973 518 125 483 488 980 978 933 908 690 907 563 133 794 0 155 734 695 208 501 225 533 451 588 947 595 1025 691 512 869 676 578 364 409 298 279 388 114 779 177 417 306 1037 800 682 806 866 378 791 548 986 811 671 501 1076 527 767 665 699 776 765 872 340 657 268 359 921 751 69 777 1153 382 673 224 977 272 443 993 157 712 250
102 872 1015 536 327 519 164 544 175 930 269 956 511 914 564 885 872 679 1003 974 545 34 610 604 1028 986 910 886 662 960 705 285 747 155 0 758 818 176 606 173 632 586 712 931 564 1045 651 643 947 758 699 242 448 158 427 323 257 890 144 472 350 1043 907 796 932 844 446 912 488 1026 702 597 377 1099 654 660 759 668 843 898 911 433 591 282 441 914 775 122 870 1168 523 759 329 1011 384 324 989 229 784 392
658 116 266 687 554 411 761 613 863 214 687 323 589 276 643 680 206 625 264 263 216 736 537 476 295 254 307 289 247 245 671 696 348 734 758 0 555 582 416 589 384 584 532 292 285 291 302 564 344 291 508 656 324 716 664 492 670 503 614 326 428 312 489 488 638 261 374 590 408 275 674 452 662 343 543 645 360 260 238 668 168 444 415 479 410 238 18 789 388 420 623 315 542 255 525 638 291 577 244 630
732 579 608 1070 838 321 709 308 808 498 927 391 979 392 1048 125 426 191 569 785 511 784 212 215 568 756 861 844 747 504 210 574 875 695 818 555 0 701 233 724 229 254 106 843 720 733 794 188 354 266 119 882 496 884 440 759 582 124 710 445 527 801 155 68 118 816 431 96 797 616 1131 904 969 755 169 1091 196 763 362 115 547 400 867 606 408 783 557 763 221 851 332 242 490 635 434 917 818 592 320 451
79 697 841 470 219 384 234 467 310 758 243 793 416 749 481 785 703 592 829 800 371 157 507 486 856 811 742 718 496 788 626 276 592 208 176 582 701 0 474 26 493 497 600 761 398 869 491 544 787 602 583 198 278 183 381 180 236 757 35 309 190 869 770 669 818 676 291 792 340 851 611 463 322 924 549 567 613 503 679 794 737 301 449 112 298 742 600 235 721 992 452 607 227 836 280 262 816 131 623 335
514 482 567 840 605 90 520 208 626 454 695 409 751 383 822 338 377 214 536 675 303 573 121 60 549 657 715 694 555 474 261 400 687 501 606 416 233 474 0 496 40 171 149 706 511 664 595 151 387 201 125 650 267 657 301 526 395 285 487 216 295 711 302 195 350 659 198 319 575 577 912 689 736 701 133 870 168 571 320 339 477 174 654 375 177 654 425 570 278 793 224 189 280 583 229 685 705 377 254 288
86 704 849 447 198 406 250 493 319 769 217 807 395 763 459 809 716 618 839 801 379 159 532 510 866 813 738 714 491 799 652 300 583 225 173 589 724 26 496 0 514 522 624 758 393 874 483 569 802 620 606 172 291 161 407 164 260 778 48 325 208 870 791 691 841 672 311 814 328 860 590 448 297 928 574 546 632 498 693 818 746 324 436 128 320 741 606 245 740 995 478 625 253 843 305 237 816 157 638 361
537 445 527 841 611 113 553 248 659 414 708 370 749 343 819 343 336 242 496 640 288 599 155 96 508 621 685 665 536 434 288 436 667 533 632 384 229 493 40 514 0 208 161 675 498 625 578 181 348 161 136 663 267 675 341 532 429 264 508 216 309 675 277 182 344 631 208 309 569 537 904 679 743 662 160 864 132 551 280 341 438 199 643 390 195 621 391 601 244 755 264 150 310 543 261 693 671 403 214 327
511 652 733 925 673 191 462 55 557 619 738 558 844 539 915 300 541 96 700 844 446 551 57 112 710 828 878 857 701 637 132 324 833 451 586 584 254 497 171 522 208 0 151 872 643 833 735 66 529 360 152 692 378 675 187 600 337 360 498 332 359 882 387 262 358 820 293 349 684 743 1020 808 800 869 88 977 309 716 481 315 646 225 776 425 253 821 594 517 404 963 79 343 270 750 217 743 874 373 417 201
629 576 631 988 748 228 602 206 702 518 832 433 899 423 970 190 440 113 595 779 449 678 106 115 600 755 838 819 697 530 150 468 828 588 712 532 106 600 149 624 161 151 0 825 658 746 739 86 401 261 25 786 415 783 336 671 475 209 608 364 434 805 237 113 220 787 343 202 724 641 1061 837 879 775 64 1019 196 713 377 195 556 301 802 511 315 768 537 656 269 870 230 239 385 654 330 826 811 488 321 345
841 278 355 672 649 691 975 897 1067 401 779 542 588 506 614 967 444 917 386 111 455 917 827 766 414 157 43 55 270 418 963 939 239 947 931 292 843 761 706 758 675 872 825 0 368 250 296 856 575 577 800 762 561 844 932 616 907 777 796 580 655 179 759 775 917 90 631 868 468 357 582 426 714 297 835 571 648 267 498 953 334 708 403 679 673 63 287 991 656 304 904 601 788 319 785 714 94 797 524 893
477 390 541 404 290 454 623 648 707 500 425 597 304 548 362 839 481 716 546 424 210 552 615 561 578 446 346 322 99 531 763 610 206 595 564 285 720 398 511 393 498 643 658 368 0 522 101 653 610 493 633 402 268 479 641 249 574 709 433 311 331 499 706 661 826 280 353 783 124 550 417 186 383 579 640 380 546 105 494 835 451 431 148 331 397 358 301 632 616 630 647 512 474 522 489 367 434 455 472 595
946 188 138 888 811 681 1052 871 1154 236 946 366 796 346 834 849 308 853 178 139 507 1025 780 721 196 94 292 297 442 235 895 984 467 1025 1045 291 733 869 664 874 625 833 746 250 522 0 487 799 404 485 725 921 616 990 940 760 960 640 902 614 719 89 615 668 780 311 661 732 642 134 821 638 901 57 775 804 551 447 372 829 190 726 607 768 695 203 275 1080 518 132 885 506 830 103 809 889 161 869 425 910
569 388 531 403 354 545 719 744 801 511 484 625 309 577 352 916 508 805 543 371 293 642 704 649 576 401 266 244 55 540 851 710 105 691 651 302 794 491 595 483 578 735 739 296 101 487 0 741 644 552 714 468 365 552 740 329 674 771 526 405 432 448 764 732 894 205 449 849 173 538 372 156 421 543 727 343 611 43 533 909 454 528 121 430 493 301 314 726 669 581 744 573 575 506 588 419 374 554 522 695
565 622 692 956 709 201 524 120 621 578 782 506 872 491 943 242 500 64 658 820 448 609 40 93 666 800 865 845 703 594 111 388 835 512 643 564 188 544 151 569 181 66 86 856 653 799 741 0 476 318 91 736 395 725 252 634 398 296 548 346 393 853 323 199 294 810 314 283 705 702 1042 825 838 833 27 1000 260 718 438 255 610 256 791 464 278 802 572 580 347 927 144 299 321 712 266 782 851 425 377 265
847 299 268 1012 836 451 892 580 999 176 958 39 912 70 973 458 139 514 227 489 450 918 472 427 220 451 605 594 589 169 548 782 690 869 947 344 354 787 387 802 348 529 401 575 610 404 644 476 0 193 387 918 513 955 687 762 772 244 810 478 599 483 216 298 380 580 502 333 724 275 1015 789 959 414 450 984 222 603 117 435 241 529 751 675 512 511 334 936 134 509 600 199 646 301 603 923 522 725 164 674
659 317 375 878 676 258 698 405 806 260 790 211 780 182 846 390 182 369 341 522 299 728 303 250 351 496 596 579 501 277 410 590 623 676 758 291 266 602 201 620 161 360 261 577 493 485 552 318 193 0 240 748 336 777 502 599 579 219 624 295 413 544 213 198 348 552 313 301 591 384 910 679 804 515 292 873 71 517 121 377 295 336 641 492 320 518 292 743 128 610 423 24 453 395 410 762 555 534 60 485
614 554 612 965 727 207 593 207 694 498 812 419 876 406 947 213 421 130 576 756 423 665 100 97 583 733 813 794 671 512 170 461 802 578 699 508 119 583 125 606 136 152 25 800 633 725 714 91 387 240 0 767 392 766 334 649 466 209 591 341 413 783 235 111 235 762 320 213 700 622 1036 812 858 755 65 995 176 687 357 216 535 283 777 491 294 744 513 647 257 850 230 219 371 634 316 805 788 474 300 339
221 770 921 296 114 562 383 665 417 856 46 918 272 871 323 974 815 787 918 826 472 254 698 671 948 847 734 712 495 888 823 463 551 364 242 656 882 198 650 172 663 692 786 762 402 921 468 736 918 748 767 0 412 94 578 163 425 925 209 456 355 901 935 844 1000 672 455 970 295 931 461 379 138 977 739 419 771 496 804 981 822 485 382 276 474 759 673 357 873 1032 650 757 425 908 476 82 835 329 756 533
346 434 571 574 347 194 436 380 539 482 454 516 484 472 555 605 426 457 556 571 111 422 356 308 581 572 555 531 339 512 502 379 467 409 448 324 496 278 267 291 267 378 415 561 268 616 365 395 513 336 392 412 0 443 380 268 350 520 305 51 104 631 527 447 611 490 85 575 311 581 648 431 478 667 386 606 361 352 402 606 467 163 398 166 129 525 341 466 461 745 379 345 227 569 228 431 594 253 349 337
170 831 981 380 201 567 313 641 332 909 112 958 364 913 412 966 861 771 974 902 519 177 688 669 1003 921 818 795 575 940 803 413 639 298 158 716 884 183 657 161 675 675 783 844 479 990 552 725 955 777 766 94 443 0 541 231 378 939 177 481 368 976 951 852 1001 754 470 975 380 991 550 471 222 1046 731 509 792 577 844 976 880 485 472 286 480 837 734 279 898 1105 624 783 405 971 460 173 913 302 791 499
371 753 857 845 588 259 285 133 374 747 622 711 777 684 847 477 672 268 830 926 479 393 233 262 845 917 930 907 718 770 285 146 845 279 427 664 440 381 301 407 341 187 336 932 641 940 740 252 687 502 334 578 380 541 0 526 170 543 371 352 313 975 568 444 543 866 302 535 648 868 967 778 703 983 272 922 466 731 619 495 761 224 752 348 260 890 677 342 571 1072 109 490 174 869 152 643 952 250 552 49
250 607 758 325 79 442 414 584 482 694 198 759 252 711 321 861 654 691 754 671 312 318 594 557 784 690 592 568 346 725 731 445 424 388 323 492 759 180 526 164 532 600 671 616 249 760 329 634 762 599 649 163 268 231 526 0 405 788 212 317 241 745 795 714 875 527 329 841 165 768 443 283 210 817 631 398 629 350 646 865 659 377 272 180 357 607 510 409 726 874 573 610 354 745 394 164 682 286 602 477
208 774 898 707 455 321 127 291 231 797 467 789 651 754 717 636 728 428 877 921 460 223 370 377 897 921 897 873 664 823 450 40 779 114 257 670 582 236 395 260 429 337 475 907 574 960 674 398 772 579 466 425 350 378 170 405 0 669 217 345 252 980 691 571 692 831 300 678 550 909 845 679 556 1008 413 800 562 674 685 651 796 246 659 246 272 874 686 181 673 1090 269 574 132 903 169 496 943 122 619 137
799 503 509 1084 867 374 796 415 899 405 969 282 989 293 1056 214 340 311 468 707 508 857 309 292 463 674 800 786 720 406 333 667 841 779 890 503 124 757 285 778 264 360 209 777 709 640 771 296 244 219 209 925 520 939 543 788 669 0 771 471 572 714 32 99 141 762 470 92 801 516 1126 896 998 656 272 1088 164 736 281 191 461 459 858 654 459 715 501 848 123 751 438 198 563 539 510 951 741 661 258 546
45 728 871 491 245 397 202 465 275 786 252 817 442 775 505 790 730 593 859 834 401 123 511 495 885 845 777 753 531 817 626 256 627 177 144 614 710 35 487 48 508 498 608 796 433 902 526 548 810 624 591 209 305 177 371 212 217 771 0 333 211 903 785 681 827 711 311 802 374 882 637 495 340 956 554 593 631 538 704 800 767 313 482 139 313 776 632 200 740 1025 448 627 228 867 282 280 850 125 646 326
371 429 558 625 396 145 443 339 549 463 499 485 535 442 606 553 401 409 540 581 127 445 307 258 563 578 578 554 374 492 454 370 505 417 472 326 445 309 216 325 216 332 364 580 311 614 405 346 478 295 341 456 51 481 352 317 345 471 333 0 122 637 479 397 560 514 50 524 361 569 698 479 528 663 336 656 315 388 371 554 455 129 446 197 93 540 341 478 418 745 340 302 216 560 205 479 606 262 314 312
249 538 673 565 317 207 333 347 435 582 400 606 485 564 557 623 522 449 658 671 213 323 353 319 682 674 645 621 416 612 490 285 537 306 350 428 527 190 295 208 309 359 434 655 331 719 432 393 599 413 413 355 104 368 313 241 252 572 211 122 0 733 584 489 645 579 103 614 337 684 666 467 446 771 391 622 425 428 493 629 569 136 439 81 119 623 445 363 532 848 339 417 143 673 164 392 693 149 435 265
947 230 223 841 789 719 1065 916 1163 310 923 446 753 422 785 920 376 909 263 77 520 1026 830 770 283 59 221 231 410 315 953 1007 412 1037 1043 312 801 869 711 870 675 882 805 179 499 89 448 853 483 544 783 901 631 976 975 745 980 714 903 637 733 0 690 734 855 255 685 806 613 221 760 592 869 122 829 747 613 412 439 901 254 756 565 774 722 148 298 1088 591 132 928 567 852 186 837 862 84 881 485 941
814 483 482 1086 873 389 817 442 921 381 978 254 990 269 1056 243 319 341 442 686 508 875 335 314 436 652 784 769 712 380 364 690 831 800 907 489 155 770 302 791 277 387 237 759 706 615 764 323 216 213 235 935 527 951 568 795 691 32 785 479 584 690 0 125 165 747 481 118 801 489 1123 892 1004 629 299 1086 166 728 262 220 439 475 854 665 472 697 486 869 103 724 465 194 581 513 529 958 720 678 246 570
707 512 545 1019 793 285 699 317 801 434 889 333 926 330 996 192 360 222 507 718 453 763 211 195 508 689 794 777 684 442 251 568 810 682 796 488 68 669 195 691 182 262 113 775 661 668 732 199 298 198 111 844 447 852 444 714 571 99 681 397 489 734 125 0 166 749 389 127 743 554 1074 846 924 691 174 1035 128 700 296 180 481 368 809 570 372 716 490 751 164 787 340 174 468 571 414 875 750 568 253 447
849 644 647 1184 954 438 818 410 915 545 1045 419 1092 433 1161 98 481 279 606 848 618 898 323 332 600 815 939 923 845 545 281 682 970 806 932 638 118 818 350 841 344 358 220 917 826 780 894 294 380 348 235 1000 611 1001 543 875 692 141 827 560 645 855 165 166 0 898 548 49 908 654 1240 1011 1085 794 279 1201 284 861 421 70 602 517 974 724 526 855 637 873 264 889 434 326 605 679 550 1035 882 708 394 559
755 283 393 587 558 634 894 841 983 415 689 551 501 510 531 941 443 872 417 179 388 831 778 718 448 217 67 43 181 437 919 864 157 866 844 261 816 676 659 672 631 820 787 90 280 311 205 810 580 552 762 672 490 754 866 527 831 762 711 514 579 255 747 749 898 0 564 850 378 397 510 339 624 364 791 494 621 178 489 928 348 643 314 598 607 108 261 908 644 385 847 575 716 360 716 624 174 718 504 825
346 474 600 646 407 115 403 295 510 501 500 512 559 472 631 533 436 375 580 631 177 416 274 230 602 627 628 604 421 529 419 323 551 378 446 374 431 291 198 311 208 293 343 631 353 661 449 314 502 313 320 455 85 470 302 329 300 470 311 50 103 685 481 389 548 564 0 515 392 611 729 515 538 709 307 686 322 435 401 536 497 80 483 184 44 590 389 441 430 792 294 316 169 603 154 487 655 226 339 262
826 595 600 1146 920 409 805 403 904 497 1014 372 1053 385 1121 131 432 279 559 799 577 879 308 309 553 766 890 875 800 497 289 670 923 791 912 590 96 792 319 814 309 349 202 868 783 732 849 283 333 301 213 970 575 975 535 841 678 92 802 524 614 806 118 127 49 850 515 0 868 607 1198 968 1051 747 265 1159 238 816 372 105 553 490 931 695 496 806 589 859 215 842 427 279 584 631 529 1001 833 686 346 547
414 514 664 289 181 504 574 680 646 621 311 712 190 664 255 911 599 767 669 537 293 483 666 618 701 562 439 417 204 652 811 589 261 548 488 408 797 340 575 328 569 684 724 468 124 642 173 705 724 591 700 295 311 380 648 165 550 801 374 361 337 613 801 743 908 378 392 868 0 673 338 130 260 699 697 296 637 203 607 910 574 461 110 307 432 469 424 573 717 745 675 608 474 645 502 249 543 428 577 599
925 161 11 940 828 609 1012 785 1118 124 962 236 844 224 890 728 202 751 48 251 481 1002 687 631 62 206 396 395 486 112 791 929 543 986 1026 275 616 851 577 860 537 743 641 357 550 134 538 702 275 384 622 931 581 991 868 768 909 516 882 569 684 221 489 554 654 397 611 607 673 0 896 694 932 140 676 874 445 495 264 707 115 667 659 744 638 299 258 1046 397 235 801 404 778 38 749 911 280 831 326 843
665 755 890 180 392 842 834 1012 877 881 440 997 195 949 138 1247 880 1104 907 687 621 712 1003 956 940 727 540 529 428 910 1148 885 355 811 702 674 1131 611 912 590 904 1020 1061 582 417 821 372 1042 1015 910 1036 461 648 550 967 443 845 1126 637 698 666 760 1123 1074 1240 510 729 1198 338 896 0 230 329 873 1034 45 963 414 903 1245 822 795 269 619 768 618 686 815 1032 885 1005 929 793 861 828 378 676 728 886 918
532 543 686 250 272 624 697 806 763 664 381 773 162 725 197 1021 656 887 698 515 393 596 786 736 731 549 390 371 209 694 933 718 189 671 597 452 904 463 689 448 679 808 837 426 186 638 156 825 789 679 812 379 431 471 778 283 679 896 495 479 467 592 892 846 1011 339 515 968 130 694 230 0 297 693 815 195 733 198 675 1018 608 587 39 437 556 444 466 692 802 724 802 698 604 661 631 312 513 557 657 729
357 771 922 159 131 651 521 778 552 873 110 953 154 904 191 1069 843 893 925 792 510 391 798 765 957 820 680 660 461 905 931 595 484 501 377 662 969 322 736 297 743 800 879 714 383 901 421 838 959 804 858 138 478 222 703 210 556 998 340 528 446 869 1004 924 1085 624 538 1051 260 932 329 297 0 958 837 290 838 457 842 1073 830 582 313 375 564 722 679 494 932 1001 765 817 540 905 587 60 795 452 803 656
1000 235 147 944 868 723 1103 909 1206 258 1003 376 852 364 889 868 335 884 188 187 559 1079 815 757 197 146 339 346 498 251 925 1032 521 1076 1099 343 755 924 701 928 662 869 775 297 579 57 543 833 414 515 755 977 667 1046 983 817 1008 656 956 663 771 122 629 691 794 364 709 747 699 140 873 693 958 0 807 858 579 504 398 847 224 772 663 822 741 255 326 1132 536 96 924 536 878 121 855 946 204 920 456 954
573 599 667 952 708 193 540 143 638 552 784 480 867 465 938 236 474 82 632 797 434 620 44 79 640 777 845 825 688 568 129 405 820 527 654 543 169 549 133 574 160 88 64 835 640 775 727 27 450 292 65 739 386 731 272 631 413 272 554 336 391 829 299 174 279 791 307 265 697 676 1034 815 837 807 0 992 234 703 412 245 585 256 781 465 274 781 550 594 321 902 166 273 329 687 273 783 829 433 352 282
622 729 867 148 348 799 790 969 835 854 400 966 151 919 99 1206 850 1061 883 673 582 669 960 914 916 711 529 516 398 883 1105 841 337 767 660 645 1091 567 870 546 864 977 1019 571 380 804 343 1000 984 873 995 419 606 509 922 398 800 1088 593 656 622 747 1086 1035 1201 494 686 1159 296 874 45 195 290 858 992 0 925 386 870 1205 796 752 234 574 724 603 657 772 996 874 961 892 749 840 784 337 664 683 852 874
663 387 436 921 708 244 685 358 792 322 815 249 825 231 892 320 245 306 400 592 344 728 252 205 407 565 666 649 562 335 346 568 686 665 759 360 196 613 168 632 132 309 196 648 546 551 611 260 222 71 176 771 361 792 466 629 562 164 631 315 425 613 166 128 284 621 322 238 637 445 963 733 838 579 234 925 0 578 181 308 362 328 695 506 319 588 362 733 112 675 378 47 441 459 394 792 625 531 128 456
582 344 488 445 382 525 727 727 812 468 514 583 350 536 395 886 466 782 500 335 271 657 682 625 532 363 242 219 16 497 829 710 117 699 668 260 763 503 571 498 551 716 713 267 105 447 43 718 603 517 687 496 352 577 731 350 674 736 538 388 428 412 728 700 861 178 435 816 203 495 414 198 457 504 703 386 578 0 493 878 411 515 164 434 479 266 272 737 631 544 729 538 569 464 579 451 340 557 484 687
742 222 255 895 719 368 799 526 907 141 842 114 796 71 857 481 64 487 220 427 334 815 425 371 229 395 523 509 478 156 527 699 586 776 843 238 362 679 320 693 280 481 377 498 494 372 533 438 117 121 357 804 402 844 619 646 685 281 704 371 493 439 262 296 421 489 401 372 607 264 903 675 842 398 412 870 181 493 0 463 185 438 637 567 417 435 232 841 158 494 543 139 555 278 517 806 461 627 67 600
819 684 700 1180 943 423 776 363 869 594 1026 474 1089 484 1160 28 525 227 659 890 625 864 289 310 655 859 972 956 863 596 221 638 990 765 898 668 115 794 339 818 341 315 195 953 835 829 909 255 435 377 216 981 606 976 495 865 651 191 800 554 629 901 220 180 70 928 536 105 910 707 1245 1018 1073 847 245 1205 308 878 463 0 647 496 982 706 509 892 669 832 311 942 387 353 574 729 519 1021 923 678 428 516
810 68 104 850 722 501 898 685 1003 67 855 208 752 174 803 665 122 663 96 249 367 888 591 533 127 213 366 358 399 90 705 817 476 872 911 168 547 737 477 746 438 646 556 334 451 190 454 610 241 295 535 822 467 880 761 659 796 461 767 455 569 254 439 481 602 348 497 553 574 115 822 608 830 224 585 796 362 411 185 647 0 555 572 630 526 271 151 932 338 317 699 317 665 108 638 806 282 716 235 734
340 539 656 701 453 86 363 220 470 552 530 544 619 508 690 489 482 314 633 704 255 401 217 186 652 698 706 683 501 578 355 263 630 340 433 444 400 301 174 324 199 225 301 708 431 726 528 256 529 336 283 485 163 485 224 377 246 459 313 129 136 756 475 368 517 643 80 490 461 667 795 587 582 772 256 752 328 515 438 496 555 0 556 210 36 666 458 407 439 858 217 333 117 663 83 527 730 204 373 186
522 507 651 282 271 590 683 776 753 627 389 735 189 686 232 985 618 854 663 487 356 588 753 701 695 520 368 348 173 657 900 698 172 657 591 415 867 449 654 436 643 776 802 403 148 607 121 791 751 641 777 382 398 472 752 272 659 858 482 446 439 565 854 809 974 314 483 931 110 659 269 39 313 663 781 234 695 164 637 982 572 556 0 415 525 416 428 681 763 697 772 660 579 627 603 321 487 537 618 704
181 592 733 504 249 286 296 405 390 648 321 681 431 637 501 699 592 518 720 708 264 258 425 396 746 715 665 640 424 678 557 284 535 268 282 479 606 112 375 128 390 425 511 679 331 768 430 464 675 492 491 276 166 286 348 180 246 654 139 197 81 774 665 570 724 598 184 695 307 744 619 437 375 822 465 574 506 434 567 706 630 210 415 0 198 654 496 315 612 894 394 497 175 730 215 318 727 125 511 299
344 507 627 678 434 88 383 252 490 525 519 525 594 487 666 504 457 338 605 669 219 410 238 200 626 664 671 647 465 552 381 291 595 359 441 410 408 298 177 320 195 253 315 673 397 695 493 278 512 320 294 474 129 480 260 357 272 459 313 93 119 722 472 372 526 607 44 496 432 638 768 556 564 741 274 724 319 479 417 509 526 36 525 198 0 631 424 425 429 826 251 319 140 633 115 511 695 214 353 221
821 215 296 693 646 644 949 848 1044 338 779 479 605 443 638 907 381 863 326 71 416 899 774 714 355 109 97 96 265 356 908 904 266 921 914 238 783 742 654 741 621 821 768 63 358 203 301 802 511 518 744 759 525 837 890 607 874 715 776 540 623 148 697 716 855 108 590 806 469 299 618 444 722 255 781 603 588 266 435 892 271 666 416 654 631 0 231 968 594 280 857 542 752 262 745 717 75 768 464 852
675 98 248 702 572 423 778 624 880 199 705 312 604 266 657 682 196 632 247 251 233 754 545 485 278 240 304 287 259 230 678 711 356 751 775 18 557 600 425 606 391 594 537 287 301 275 314 572 334 292 513 673 341 734 677 510 686 501 632 341 445 298 486 490 637 261 389 589 424 258 686 466 679 326 550 657 362 272 232 669 151 458 428 496 424 231 0 806 384 404 634 316 557 237 540 655 281 594 243 643
160 900 1035 653 429 489 57 469 76 941 388 949 621 911 678 816 877 607 1018 1023 573 103 551 557 1042 1030 975 950 729 970 627 196 827 69 122 789 763 235 570 245 601 517 656 991 632 1080 726 580 936 743 647 357 466 279 342 409 181 848 200 478 363 1088 869 751 873 908 441 859 573 1046 815 692 494 1132 594 772 733 737 841 832 932 407 681 315 425 968 806 0 845 1207 447 741 292 1035 340 439 1041 216 777 316
773 381 389 1004 803 356 797 456 903 283 915 170 907 173 972 331 217 381 349 584 427 839 347 309 347 551 680 666 616 285 414 678 732 777 870 388 221 721 278 740 244 404 269 656 616 518 669 347 134 128 257 873 461 898 571 726 673 123 740 418 532 591 103 164 264 644 430 215 717 397 1032 802 932 536 321 996 112 631 158 311 338 439 763 612 429 594 384 845 0 632 478 116 554 418 505 889 618 643 147 564
1070 319 243 972 920 813 1181 1001 1281 354 1054 470 885 459 916 963 430 979 283 210 635 1149 908 851 290 184 345 358 542 347 1020 1115 541 1153 1168 420 851 992 793 995 755 963 870 304 630 132 581 927 509 610 850 1032 745 1105 1072 874 1090 751 1025 745 848 132 724 787 889 385 792 842 745 235 885 724 1001 96 902 874 675 544 494 942 317 858 697 894 826 280 404 1207 632 0 1015 631 961 217 941 994 211 997 551 1041
456 700 791 898 643 213 391 24 483 678 695 626 823 604 894 369 601 160 760 885 462 489 131 173 772 872 907 885 714 698 182 252 845 382 523 623 332 452 224 478 264 79 230 904 647 885 744 144 600 423 230 650 379 624 109 573 269 438 448 340 339 928 465 340 434 847 294 427 675 801 1005 802 765 924 166 961 378 729 543 387 699 217 772 394 251 857 634 447 478 1015 0 408 226 806 180 707 914 323 478 132
661 340 394 893 688 253 695 390 802 280 799 220 797 196 863 366 202 348 359 546 315 729 286 235 368 519 620 603 522 295 389 583 645 673 759 315 242 607 189 625 150 343 239 601 512 506 573 299 199 24 219 757 345 783 490 610 574 198 627 302 417 567 194 174 326 575 316 279 608 404 929 698 817 536 273 892 47 538 139 353 317 333 660 497 319 542 316 741 116 631 408 0 450 415 405 774 578 534 82 476
244 643 767 676 420 198 246 240 353 665 470 661 605 625 675 563 597 366 745 796 336 295 285 276 766 794 782 758 557 692 399 154 680 224 329 542 490 227 280 253 310 270 385 788 474 830 575 321 646 453 371 425 227 405 174 354 132 563 228 216 143 852 581 468 605 716 169 584 474 778 793 604 540 878 329 749 441 569 555 574 665 117 579 175 140 752 557 292 554 961 226 450 0 772 56 481 820 104 490 126
910 139 37 909 804 609 1003 791 1107 138 938 263 813 246 859 749 214 763 76 213 466 988 695 638 98 168 358 357 455 134 804 925 507 977 1011 255 635 836 583 843 543 750 654 319 522 103 506 712 301 395 634 908 569 971 869 745 903 539 867 560 673 186 513 571 679 360 603 631 645 38 861 661 905 121 687 840 459 464 278 729 108 663 627 730 633 262 237 1035 418 217 806 415 772 0 746 886 243 821 335 842
300 622 739 718 464 152 291 191 398 634 521 620 644 587 714 508 563 312 715 784 330 350 230 221 734 779 781 757 566 659 347 182 692 272 384 525 434 280 229 305 261 217 330 785 489 809 588 266 603 410 316 476 228 460 152 394 169 510 282 205 164 837 529 414 550 716 154 529 502 749 828 631 587 855 273 784 394 579 517 519 638 83 603 215 115 745 540 340 505 941 180 405 56 746 0 529 810 159 451 109
298 750 901 215 87 598 463 720 499 846 70 918 191 871 240 1015 811 836 902 786 473 336 743 711 933 811 683 662 453 877 874 536 492 443 324 638 917 262 685 237 693 743 826 714 367 889 419 782 923 762 805 82 431 173 643 164 496 951 280 479 392 862 958 875 1035 624 487 1001 249 911 378 312 60 946 783 337 792 451 806 1021 806 527 321 318 511 717 655 439 889 994 707 774 481 886 529 0 792 392 764 596
895 239 280 761 721 702 1021 904 1117 346 854 487 675 457 704 940 401 910 316 33 484 973 825 765 341 75 137 148 340 358 955 973 330 993 989 291 818 816 705 816 671 874 811 94 434 161 374 851 522 555 788 835 594 913 952 682 943 741 850 606 693 84 720 750 882 174 655 833 543 280 676 513 795 204 829 664 625 340 461 923 282 730 487 727 695 75 281 1041 618 211 914 578 820 243 810 792 0 839 498 916
140 686 820 596 341 289 184 339 287 725 374 737 535 698 602 667 662 469 802 819 362 197 389 377 826 823 785 761 547 754 500 161 659 157 229 577 592 131 377 157 403 373 488 797 455 869 554 425 725 534 474 329 253 302 250 286 122 661 125 262 149 881 678 568 708 718 226 686 428 831 728 557 452 920 433 683 531 557 627 678 716 204 537 125 214 768 594 216 643 997 323 534 104 821 159 392 839 0 565 204
684 259 316 866 677 301 735 461 843 202 796 172 767 135 831 443 124 428 283 465 293 755 361 306 295 438 545 529 469 220 470 633 585 712 784 244 320 623 254 638 214 417 321 524 472 425 522 377 164 60 300 756 349 791 552 602 619 258 646 314 435 485 246 253 394 504 339 346 577 326 886 657 803 456 352 852 128 484 67 428 235 373 618 511 353 464 243 777 147 551 478 82 490 335 451 764 498 565 0 533
329 722 832 797 540 234 260 154 357 724 577 696 729 666 798 500 650 291 806 890 438 358 239 257 823 883 889 866 674 748 314 123 799 250 392 630 451 335 288 361 327 201 345 893 595 910 695 265 674 485 339 533 337 499 49 477 137 546 326 312 265 941 570 447 559 825 262 547 599 843 918 729 656 954 282 874 456 687 600 516 734 186 704 299 221 852 643 316 564 1041 132 476 126 842 109 596 916 204 533 0
