# TTSP Euclidean complete-graph matrix instance
# seed: 2082
# depot: 1
# L_max is not stored in this file; pass it with --budget when running algorithms.
# coordinate rows: node x y
# coord 1 745.207549 76.938078
# coord 2 414.410353 880.061322
# coord 3 627.007323 276.008481
# coord 4 750.142613 518.418528
# coord 5 728.906135 108.942733
# coord 6 723.567330 337.066768
# coord 7 129.502494 965.553336
# coord 8 913.862440 914.324207
# coord 9 614.070717 115.505082
# coord 10 704.739717 130.229221
# coord 11 199.027777 278.261739
# coord 12 597.793302 538.989016
# coord 13 641.366918 233.867876
# coord 14 711.348984 304.279004
# coord 15 988.662322 961.626646
# coord 16 530.135019 805.887507
# coord 17 563.257470 355.615127
# coord 18 10.811917 192.207442
# coord 19 165.922315 101.263917
# coord 20 529.100282 258.932962
# coord 21 449.800455 339.602458
# coord 22 971.734119 662.024960
# coord 23 133.476706 607.779002
# coord 24 32.622477 775.635016
# coord 25 470.914353 799.620946
# coord 26 920.782896 655.944967
# coord 27 329.188580 215.684690
# coord 28 386.885618 824.035109
# coord 29 572.115163 658.912746
# coord 30 455.282520 95.880897
# coord 31 656.308967 239.427059
# coord 32 151.748851 442.581117
# coord 33 265.758407 251.618983
# coord 34 342.141650 659.956317
# coord 35 913.549935 510.488488
# coord 36 358.276404 64.961153
# coord 37 258.916971 186.902031
# coord 38 730.055578 768.757674
# coord 39 530.176753 331.652822
# coord 40 545.944638 909.066584
# coord 41 666.045301 29.075818
# coord 42 433.069270 170.778150
# coord 43 528.106143 673.550700
# coord 44 630.176330 465.902261
# coord 45 971.259194 773.467505
# coord 46 754.533672 211.694282
# coord 47 442.678377 516.074325
# coord 48 454.900962 669.435428
# coord 49 969.230576 330.311594
# coord 50 37.016385 535.466090
# coord 51 482.732487 186.469188
# coord 52 466.482042 678.285184
# coord 53 895.394699 453.643652
# coord 54 853.813205 642.088386
# coord 55 333.297149 124.903116
# coord 56 122.890560 373.732741
# coord 57 81.595870 886.558824
# coord 58 755.551730 617.408894
# coord 59 874.449672 63.410864
# coord 60 474.206838 846.939344
# coord 61 858.703719 966.846028
# coord 62 483.026498 642.957115
# coord 63 205.390987 320.634302
# coord 64 562.824284 505.260497
# coord 65 814.522101 779.683259
# coord 66 735.741252 236.723523
# coord 67 258.746357 955.110858
# coord 68 668.088210 920.307890
# coord 69 803.484289 275.652258
# coord 70 287.503431 60.478839
# coord 71 115.010709 699.788463
# coord 72 496.101170 208.832366
# coord 73 6.560465 614.754793
# coord 74 815.293461 95.612937
# coord 75 929.490651 24.824810
# coord 76 827.460521 726.612047
# coord 77 32.414365 333.714027
# coord 78 641.932985 299.629623
# coord 79 375.819152 787.775217
# coord 80 926.767922 839.455390
# coord 81 821.314489 394.863283
# coord 82 534.937928 670.694405
# coord 83 672.711360 835.433079
# coord 84 767.072269 867.609214
# coord 85 82.799541 868.018273
# coord 86 785.092262 987.834905
# coord 87 390.389488 848.463575
# coord 88 604.965073 149.636856
# coord 89 581.826994 997.886159
# coord 90 194.044789 679.271621
# coord 91 636.676019 224.692460
# coord 92 516.733759 38.754178
# coord 93 667.080065 792.026231
# coord 94 878.897817 350.575119
# coord 95 320.392875 180.122656
# coord 96 994.448970 161.912903
# coord 97 288.594892 470.923765
# coord 98 389.240283 748.672521
# coord 99 670.948045 967.277180
# coord 100 540.549438 655.055228
# reference_nearest_neighbor_tour_cost: 10082
TTSP_MATRIX
100
0 29 29 7 62 89 40 75 7 59 19 7 75 16 39 30 51 45 59 30 33 93 29 51 97 94 20 19 7 89 36 5 73 9 2 70 57 20 40 11 3 73 17 77 25 96 4 37 9 7 38 35 2 27 60 81 42 39 52 67 44 77 17 62 95 16 99 57 93 21 85 82 85 26 71 9 62 71 2 32 46 10 68 17 38 22 17 62 7 52 33 36 30 18 85 80 66 49 71 43
0 869 232 442 36 261 1081 854 137 67 582 485 188 230 918 760 333 743 580 283 395 627 810 998 773 605 439 829 607 291 185 697 510 709 465 387 499 692 333 856 93 326 635 406 732 135 533 660 338 844 284 663 406 575 415 689 1047 541 130 816 897 624 592 466 706 160 1004 847 207 458 886 282 914 73 192 655 758 245 801 784 327 630 762 791 1032 912 849 158 935 816 183 232 719 305 437 263 603 760 893 613
869 0 640 493 833 625 297 501 790 804 639 387 685 648 580 137 545 798 817 632 542 598 391 396 98 554 670 62 272 785 685 510 646 232 621 817 710 335 560 135 887 710 236 467 567 750 365 214 781 511 697 208 643 500 760 584 333 431 937 68 453 247 597 403 413 719 173 257 719 829 349 676 487 881 998 441 667 623 100 514 633 242 262 353 332 386 40 755 205 298 692 848 268 704 706 923 428 134 271 258
232 640 0 272 196 114 850 700 161 165 428 265 45 89 775 539 102 622 493 99 188 518 595 776 546 480 304 598 387 249 47 504 362 478 370 342 379 503 112 638 250 221 410 190 605 143 303 429 347 645 170 433 322 431 330 514 819 365 326 591 729 394 424 238 537 116 773 646 176 402 665 147 707 261 393 493 597 28 570 638 228 405 561 608 804 729 619 128 723 592 52 262 518 263 321 385 391 529 693 389
442 493 272 0 410 183 765 428 425 391 601 154 305 218 503 362 248 808 718 341 350 264 623 762 396 219 519 475 227 515 294 603 553 432 164 599 593 251 289 441 497 471 271 131 338 307 307 332 289 713 426 326 159 161 573 644 763 99 472 429 461 295 580 188 269 282 657 410 249 651 661 400 750 428 525 222 741 244 461 366 143 264 326 350 753 471 488 396 508 579 315 533 286 212 547 432 464 428 456 250
36 833 196 410 0 228 1045 826 115 32 556 450 153 196 891 725 297 723 563 250 362 604 777 964 737 580 414 793 572 274 149 667 485 673 442 373 476 660 298 821 102 302 599 370 707 106 498 624 327 813 258 627 383 548 396 661 1012 509 152 781 868 588 565 430 676 128 968 814 183 444 852 253 882 87 218 625 732 210 765 757 300 594 729 760 997 881 813 130 901 782 148 223 686 284 415 271 570 724 860 578
261 625 114 183 228 0 865 608 247 208 528 238 132 35 678 507 161 727 605 210 274 409 649 818 527 375 413 592 356 361 119 581 466 500 257 455 488 432 193 599 313 335 389 159 502 129 333 427 246 715 284 427 208 332 444 602 845 282 312 568 644 389 518 233 452 101 773 586 101 516 708 261 769 258 374 403 691 90 569 542 114 383 501 532 832 654 610 222 676 630 142 363 458 156 433 323 455 530 632 367
1081 297 850 765 1045 865 0 786 978 1014 691 633 893 881 859 431 748 782 865 812 703 895 358 213 380 850 776 294 538 929 897 523 727 372 907 929 789 632 750 420 1079 851 494 707 863 979 548 440 1053 440 855 443 921 793 865 592 92 716 1170 365 729 479 649 632 710 948 130 540 964 919 266 841 372 1108 1235 738 639 840 304 807 897 501 559 645 108 656 286 944 453 293 898 1004 565 969 808 1181 520 338 541 515
854 501 700 428 826 608 786 0 853 812 957 491 733 643 89 399 660 1156 1105 760 739 259 838 892 458 258 911 535 427 938 722 896 927 626 404 1015 979 234 698 368 919 885 455 531 152 720 617 520 587 955 846 506 461 279 980 958 833 336 852 445 76 509 924 539 167 701 656 246 648 1059 827 820 955 825 890 207 1055 672 553 76 528 450 254 154 832 148 528 825 342 757 743 961 275 565 944 757 767 550 249 455
137 790 161 425 115 247 978 853 0 92 446 424 121 212 925 695 245 608 448 167 278 653 688 880 699 621 302 744 545 160 131 566 374 609 496 261 362 663 232 796 101 189 565 351 749 170 436 576 415 714 149 582 440 579 281 555 937 521 266 745 886 543 457 393 694 172 912 807 248 331 768 150 786 202 328 647 621 186 713 789 348 561 722 768 921 889 766 35 883 703 112 124 679 354 301 383 482 672 854 545
67 804 165 391 32 208 1014 812 92 0 527 423 121 174 879 698 266 697 540 218 330 595 745 932 709 568 385 763 545 252 119 635 455 642 434 353 449 639 267 795 108 275 571 344 696 95 466 594 332 781 229 598 375 533 371 631 980 490 182 753 851 559 534 401 659 111 938 791 176 423 820 223 850 116 248 609 702 181 735 743 289 567 706 740 965 861 784 102 876 750 116 209 663 281 388 291 538 694 838 550
582 639 428 601 556 528 691 957 446 527 0 476 445 513 1044 623 372 207 180 331 258 863 336 524 588 815 144 577 533 315 459 171 72 408 751 266 109 723 335 720 529 258 514 470 917 559 340 467 772 304 298 481 718 749 204 122 620 652 709 632 954 462 43 429 794 538 679 795 604 235 430 305 388 643 773 772 176 443 539 919 633 517 731 819 601 920 601 426 815 401 441 398 695 684 156 804 212 507 835 509
485 387 265 154 450 238 633 491 424 423 476 0 308 261 576 275 187 682 615 288 248 394 469 613 290 344 420 355 123 465 305 456 439 283 317 531 489 265 218 374 514 403 152 80 441 363 157 193 426 561 371 191 310 276 491 503 622 176 550 332 501 155 449 49 324 332 537 388 334 570 509 345 596 494 612 297 601 243 333 446 266 146 306 370 611 486 373 389 459 427 317 507 262 338 454 547 317 296 434 129
188 685 45 305 153 132 893 733 121 121 445 308 0 99 806 583 145 632 494 115 219 541 631 815 591 506 313 643 431 232 16 532 376 521 388 330 385 542 148 682 206 218 454 232 632 115 345 474 342 675 166 478 336 460 327 537 860 400 289 635 765 439 445 283 573 94 816 687 167 394 703 147 740 222 356 527 617 66 614 669 241 450 602 646 845 768 664 92 766 631 10 232 559 265 325 360 425 573 734 433
230 648 89 218 196 35 881 643 212 174 513 261 99 0 713 533 157 709 582 188 264 442 653 826 551 409 392 613 381 330 85 576 449 513 289 427 467 465 183 627 279 309 412 181 536 102 342 446 259 713 257 447 237 367 418 593 858 316 291 592 679 408 506 250 486 72 793 618 96 489 716 235 770 233 355 438 680 70 589 577 142 407 533 566 844 688 632 188 706 639 109 329 490 174 410 317 454 549 664 390
918 580 775 503 891 678 859 89 925 879 1044 576 806 713 0 484 740 1244 1190 840 823 300 926 974 543 313 996 617 515 1017 795 985 1013 713 457 1096 1064 323 779 446 987 967 543 612 189 786 705 609 632 1043 926 594 516 347 1063 1047 910 416 905 527 130 598 1012 624 252 768 730 323 711 1142 912 900 1042 883 939 285 1144 747 637 137 591 539 340 241 911 205 609 898 408 843 817 1037 364 621 1028 800 855 636 318 543
760 137 539 362 725 507 431 399 695 698 623 275 583 533 484 0 451 804 793 547 473 464 443 498 60 418 623 144 153 714 580 525 614 238 484 761 676 203 474 104 789 642 132 354 442 635 303 156 647 562 621 143 507 363 709 594 456 294 818 69 366 170 584 302 286 605 310 179 597 784 428 598 557 765 877 308 686 518 155 398 504 135 146 245 452 313 146 661 199 359 591 767 138 574 660 794 413 152 214 151
333 545 102 248 297 161 748 660 245 266 372 187 145 157 740 451 0 576 472 103 115 511 498 677 454 467 273 501 303 281 149 421 315 376 383 356 348 446 41 554 342 226 320 129 584 239 201 332 407 556 187 337 346 408 326 441 717 325 427 499 679 298 360 150 493 209 672 574 253 404 565 161 614 362 494 455 531 97 471 605 261 316 492 551 702 670 522 210 643 491 150 320 449 316 300 473 298 430 621 300
743 798 622 808 723 727 782 1156 608 697 207 682 632 709 1244 804 576 0 180 523 463 1070 433 584 762 1021 319 735 730 455 647 287 262 573 957 370 248 922 538 895 675 423 707 677 1123 744 540 652 968 344 472 666 922 956 329 213 698 858 873 802 1148 653 233 635 996 726 802 981 797 306 518 486 423 810 934 976 143 640 699 1122 835 710 923 1014 680 1110 758 596 988 520 627 529 889 882 310 984 394 673 1018 703
580 817 493 718 563 605 865 1105 448 540 180 615 494 582 1190 793 472 180 0 396 371 982 508 687 762 937 199 756 690 289 509 342 180 586 852 196 126 874 431 893 505 276 677 590 1049 599 499 637 835 453 328 651 810 875 169 276 790 784 710 807 1109 628 223 566 939 586 859 961 661 128 601 347 538 649 767 910 268 516 718 1060 718 679 892 974 771 1081 780 442 988 579 487 356 853 755 173 831 389 685 1003 669
283 632 99 341 250 210 812 760 167 218 331 288 115 188 840 547 103 523 396 0 113 599 527 717 544 558 205 583 402 179 129 420 263 442 459 258 280 548 73 650 268 130 415 230 678 230 271 417 446 564 86 424 415 502 237 422 771 424 397 591 781 387 330 249 594 208 747 676 275 313 605 60 632 330 464 555 502 120 551 704 322 412 594 654 755 773 606 133 741 538 113 221 551 362 223 475 321 509 722 396
395 542 188 350 362 274 703 739 278 330 258 248 219 264 823 473 115 463 371 113 0 613 415 603 461 567 173 489 342 244 230 315 204 338 494 289 244 513 81 578 378 170 343 220 678 330 177 330 520 457 157 339 460 505 244 329 659 413 507 508 749 305 245 201 572 304 644 620 359 323 492 139 522 439 574 541 417 196 454 691 376 342 544 616 643 730 512 245 671 425 219 308 502 429 205 573 208 414 665 328
627 598 518 264 604 409 895 259 653 595 863 394 541 442 300 464 511 1070 982 599 613 0 840 946 519 51 782 607 400 766 527 849 817 630 162 856 857 264 551 492 703 729 444 394 111 500 549 517 332 943 682 506 222 120 834 896 918 221 606 531 325 489 839 438 196 486 771 399 421 911 858 657 966 588 639 158 995 490 609 183 307 437 346 290 912 375 611 630 515 778 551 772 331 325 810 501 709 589 429 431
810 391 595 623 777 649 358 838 688 745 336 469 631 653 926 443 498 433 508 527 415 840 0 196 388 789 438 333 442 605 640 166 380 215 786 588 439 618 483 511 786 530 400 517 854 737 323 327 881 121 547 340 777 721 523 234 284 622 919 416 809 351 296 441 702 707 369 619 748 569 94 539 127 853 987 704 292 595 302 826 720 406 585 685 265 754 352 657 594 94 632 686 565 789 467 970 207 292 647 410
998 396 776 762 964 818 213 892 880 932 524 613 815 826 974 498 677 584 687 717 603 946 196 0 439 896 634 358 552 800 822 354 574 330 920 782 631 697 667 530 979 725 506 673 939 916 485 435 1037 240 741 445 921 832 717 412 121 740 1103 447 848 470 487 595 782 886 289 652 919 759 112 732 163 1037 1170 796 442 773 343 896 876 513 643 740 105 782 365 848 592 188 818 882 635 947 661 1141 398 358 666 522
773 98 546 396 737 527 380 458 699 709 588 290 591 551 543 60 454 762 762 544 461 519 388 439 0 472 601 88 173 704 590 479 585 190 529 743 648 261 472 133 795 630 138 370 501 653 285 131 685 508 613 121 548 414 689 550 399 338 840 47 422 157 548 308 344 622 263 231 621 762 370 591 500 784 900 364 640 528 96 458 535 144 205 304 394 366 94 664 227 302 598 762 196 607 638 825 376 96 261 160
605 554 480 219 580 375 850 258 621 568 815 344 506 409 313 418 467 1021 937 558 567 51 789 896 472 0 737 560 349 728 493 798 770 579 146 816 811 222 508 452 677 688 393 347 128 474 498 466 329 892 642 455 204 68 792 846 870 170 594 486 317 438 790 388 163 458 726 366 398 869 807 617 915 570 631 117 945 452 561 184 279 386 306 262 864 359 564 597 481 727 516 738 288 308 766 499 659 540 399 380
439 670 304 519 414 413 776 911 302 385 144 420 313 392 996 623 273 319 199 205 173 782 438 634 601 737 0 611 505 174 328 288 73 444 655 154 76 683 232 726 385 113 499 391 851 425 321 471 650 433 156 483 614 676 91 260 715 586 566 648 919 454 162 372 744 407 743 782 478 161 529 167 513 501 630 714 319 324 574 864 524 499 709 785 697 897 636 284 822 483 308 258 668 566 37 667 258 536 826 488
829 62 598 475 793 592 294 535 744 763 577 355 643 613 617 144 501 735 756 583 489 607 333 358 88 560 611 0 248 731 644 448 585 170 613 760 650 348 513 180 843 655 206 433 587 714 313 169 763 454 645 166 629 501 701 522 312 423 903 90 493 205 535 364 430 683 183 297 689 770 299 625 434 845 966 451 605 583 38 540 611 213 286 383 307 431 25 709 261 241 649 796 282 683 647 899 367 75 318 228
607 272 387 227 572 356 538 427 545 545 533 123 431 381 515 153 303 730 690 402 342 400 442 552 173 349 505 248 0 575 428 473 510 230 372 631 566 192 330 252 637 508 46 202 415 483 193 118 515 549 481 107 383 282 585 532 541 188 668 212 421 91 499 154 271 453 431 278 448 663 459 456 567 614 728 264 630 366 235 398 363 39 203 286 532 392 263 510 339 379 439 623 164 435 541 652 340 204 324 32
291 785 249 515 274 361 929 938 160 252 315 465 232 330 1017 714 281 455 289 179 244 766 605 800 704 728 174 731 575 0 247 461 245 575 618 102 216 727 247 818 221 78 582 409 852 321 420 574 565 607 95 583 567 676 125 433 875 602 420 751 960 548 336 423 772 314 881 851 392 171 693 120 686 360 480 732 485 276 696 880 473 580 771 832 857 951 755 159 911 639 222 84 728 494 159 543 410 656 898 566
185 685 47 294 149 119 897 722 131 119 459 305 16 85 795 580 149 647 509 129 230 527 640 822 590 493 328 644 428 247 0 544 391 525 374 345 401 534 156 679 211 234 453 228 620 102 350 475 326 686 181 478 321 448 343 550 865 391 280 634 755 439 458 282 563 79 819 681 152 410 711 163 750 214 347 516 631 62 616 658 227 448 596 638 851 759 665 103 762 638 25 244 553 249 341 347 435 575 728 431
697 510 504 603 667 581 523 896 566 635 171 456 532 576 985 525 421 287 342 420 315 849 166 354 479 798 288 448 473 461 544 0 222 289 765 430 277 664 394 611 660 391 442 479 884 645 300 379 825 148 419 393 744 730 366 75 449 629 816 517 880 387 133 416 744 619 524 703 673 406 260 416 225 749 883 733 162 511 412 871 671 446 652 748 431 836 471 540 702 240 532 544 623 733 312 888 140 387 738 443
510 646 362 553 485 466 727 927 374 455 72 439 376 449 1013 614 315 262 180 263 204 817 380 574 585 770 73 585 510 245 391 222 0 415 698 208 65 695 276 715 458 186 497 423 878 490 318 459 708 365 227 472 661 706 144 188 661 611 637 631 929 448 92 391 762 470 704 780 538 192 473 234 446 571 701 736 247 379 547 885 574 498 712 794 643 901 610 354 810 434 372 329 673 621 90 734 220 512 822 488
709 232 478 432 673 500 372 626 609 642 408 283 521 513 713 238 376 573 586 442 338 630 215 330 190 579 444 170 230 575 525 289 415 0 591 595 480 403 378 322 709 498 186 347 639 609 176 113 708 330 494 126 590 512 535 361 345 416 800 229 601 142 366 270 487 578 307 417 600 602 231 477 339 736 865 490 450 469 132 612 548 193 374 473 332 551 195 574 414 149 526 645 351 620 480 821 196 100 450 198
465 621 370 164 442 257 907 404 496 434 751 317 388 289 457 484 383 957 852 459 494 162 786 920 529 146 655 613 372 618 374 765 698 591 0 712 730 317 423 542 541 588 419 287 269 338 471 485 189 877 539 478 60 145 697 802 913 191 449 553 460 450 733 351 287 326 791 478 259 771 821 515 913 426 486 233 899 344 605 329 148 411 404 386 904 494 623 475 590 739 398 616 374 164 679 358 626 576 517 400
387 817 342 599 373 455 929 1015 261 353 266 531 330 427 1096 761 356 370 196 258 289 856 588 782 743 816 154 760 631 102 345 430 208 595 712 0 157 796 317 865 310 130 632 484 937 423 459 612 666 570 174 623 663 761 65 388 867 680 516 791 1031 591 298 485 848 415 896 910 493 71 680 199 653 458 573 811 422 368 723 961 569 631 832 901 849 1017 784 261 959 636 321 161 790 594 121 644 412 684 955 618
499 710 379 593 476 488 789 979 362 449 109 489 385 467 1064 676 348 248 126 280 244 857 439 631 648 811 76 650 566 216 401 277 65 480 730 157 0 749 307 777 437 175 556 464 923 496 377 521 725 413 224 533 690 749 97 231 722 657 628 694 984 508 144 440 812 479 768 840 552 130 533 238 497 564 690 784 270 399 612 934 600 557 769 849 704 958 674 348 873 497 380 297 730 641 62 736 286 577 882 546
692 335 503 251 660 432 632 234 663 639 723 265 542 465 323 203 446 922 874 548 513 264 618 697 261 222 683 348 192 727 534 664 695 403 317 796 749 0 481 231 742 668 223 319 241 558 383 293 499 731 633 279 356 177 756 724 659 153 720 268 236 277 690 312 85 532 507 164 499 835 619 607 740 679 770 106 822 477 355 209 385 218 88 106 655 226 349 632 273 543 552 761 67 444 717 662 533 341 207 221
333 560 112 289 298 193 750 698 232 267 335 218 148 183 779 474 41 538 431 73 81 551 483 667 472 508 232 513 330 247 156 394 276 378 423 317 307 481 0 578 332 188 342 167 624 254 204 346 439 534 153 352 385 448 285 409 714 364 436 518 715 315 325 177 531 226 680 605 279 364 555 127 595 370 504 494 498 116 482 644 298 339 524 586 698 704 535 197 668 484 151 293 480 349 259 494 279 440 651 324
856 135 638 441 821 599 420 368 796 795 720 374 682 627 446 104 554 895 893 650 578 492 511 530 133 452 726 180 252 818 679 611 715 322 542 865 777 231 578 0 888 747 236 451 446 728 406 256 717 631 725 244 574 408 812 682 465 359 907 95 318 273 680 404 298 699 291 123 684 887 479 702 614 857 964 335 771 617 209 387 583 239 147 225 465 252 167 762 96 420 690 871 168 650 763 871 508 224 138 254
93 887 250 497 102 313 1079 919 101 108 529 514 206 279 987 789 342 675 505 268 378 703 786 979 795 677 385 843 637 221 211 660 458 709 541 310 437 742 332 888 0 273 659 438 805 203 536 674 427 808 242 679 483 641 346 643 1038 595 211 840 957 641 545 487 765 219 1012 891 282 380 868 247 882 163 263 716 703 272 812 851 397 655 806 845 1022 966 865 135 972 803 198 150 763 386 377 354 581 771 938 638
326 710 221 471 302 335 851 885 189 275 258 403 218 309 967 642 226 423 276 130 170 729 530 725 630 688 113 655 508 78 234 391 186 498 588 130 175 668 188 747 273 0 512 355 808 324 345 499 559 538 52 509 542 632 110 371 797 551 454 677 903 475 273 359 719 310 803 786 385 183 617 74 616 390 517 682 433 245 620 831 448 510 707 773 780 890 679 173 840 562 211 156 664 481 113 561 333 580 831 496
635 236 410 271 599 389 494 455 565 571 514 152 454 412 543 132 320 707 677 415 343 444 400 506 138 393 499 206 46 582 453 442 497 186 419 632 556 223 342 236 659 512 0 231 454 514 179 73 559 510 489 62 428 327 582 504 495 234 702 182 442 54 478 172 305 484 390 284 484 659 414 466 525 645 763 304 601 391 190 432 405 7 217 308 486 406 223 530 329 334 462 635 183 477 535 692 314 158 327 22
406 467 190 131 370 159 707 531 351 344 470 80 232 181 612 354 129 677 590 230 220 394 517 673 370 347 391 433 202 409 228 479 423 347 287 484 464 319 167 451 438 355 231 0 459 283 194 269 365 597 316 268 266 285 452 516 691 197 471 412 551 230 449 78 364 252 614 456 257 531 566 290 641 414 533 327 612 167 410 477 204 226 372 424 679 544 451 317 534 486 241 442 328 274 421 474 342 371 503 209
732 567 605 338 707 502 863 152 749 696 917 441 632 536 189 442 584 1123 1049 678 678 111 854 939 501 128 851 587 415 852 620 884 878 639 269 937 923 241 624 446 805 808 454 459 0 602 588 527 443 964 764 514 329 176 910 938 897 266 717 502 224 505 890 489 157 586 735 337 525 988 859 738 978 696 750 151 1037 577 596 80 407 448 305 225 893 284 586 723 449 783 643 864 305 433 881 612 747 583 357 447
135 750 143 307 106 129 979 720 170 95 559 363 115 102 786 635 239 744 599 230 330 500 737 916 653 474 425 714 483 321 102 645 490 609 338 423 496 558 254 728 203 324 514 283 602 0 436 547 245 787 273 548 280 442 430 652 953 406 191 694 762 510 560 351 571 31 894 714 81 491 805 258 850 131 256 520 732 143 689 651 195 509 629 656 939 777 734 162 805 730 119 294 587 186 435 245 533 649 760 492
533 365 303 307 498 333 548 617 436 466 340 157 345 342 705 303 201 540 499 271 177 549 323 485 285 498 321 313 193 420 350 300 318 176 471 459 377 383 204 406 536 345 179 194 588 436 0 154 558 406 332 164 457 430 406 350 517 329 626 332 613 133 307 121 456 405 476 463 434 481 376 312 447 562 692 439 449 294 280 582 398 180 394 478 503 583 336 401 502 297 350 483 356 467 358 656 161 239 506 170
660 214 429 332 624 427 440 520 576 594 467 193 474 446 609 156 332 652 637 417 330 517 327 435 131 466 471 169 118 574 475 379 459 113 485 612 521 293 346 256 674 499 73 269 527 547 154 0 616 439 484 15 491 400 558 445 432 305 737 179 502 39 429 196 376 516 347 329 526 632 341 462 452 678 800 377 540 414 142 502 458 80 274 370 422 459 190 541 352 261 480 634 245 531 507 741 259 103 368 87
338 781 347 289 327 246 1053 587 415 332 772 426 342 259 632 647 407 968 835 446 520 332 881 1037 685 329 650 763 515 565 326 825 708 708 189 666 725 499 439 717 427 559 559 365 443 245 558 616 0 955 507 611 144 332 668 847 1048 358 283 716 646 578 764 442 475 252 946 662 175 733 931 488 1004 281 308 421 937 329 749 511 161 552 586 574 1037 683 777 407 772 850 349 538 552 93 666 170 695 715 703 538
844 511 645 713 813 715 440 955 714 781 304 561 675 713 1043 562 556 344 453 564 457 943 121 240 508 892 433 454 549 607 686 148 365 330 877 570 413 731 534 631 808 538 510 597 964 787 406 439 955 0 566 453 862 824 506 183 354 723 961 537 928 459 273 527 815 760 475 739 809 537 182 563 85 894 1028 813 202 649 422 940 797 516 703 802 336 874 472 687 715 213 675 691 680 862 455 1028 260 412 767 518
284 697 170 426 258 284 855 846 149 229 298 371 166 257 926 621 187 472 328 86 157 682 547 741 613 642 156 645 481 95 181 419 227 494 539 174 224 633 153 725 242 52 489 316 764 273 332 484 507 566 0 492 492 588 162 406 807 510 411 661 866 456 308 329 680 258 801 757 333 232 631 26 640 345 475 641 474 195 611 790 398 487 676 738 790 857 668 128 817 571 159 152 633 429 162 512 344 570 803 472
663 208 433 326 627 427 443 506 582 598 481 191 478 447 594 143 337 666 651 424 339 506 340 445 121 455 483 166 107 583 478 393 472 126 478 623 533 279 352 244 679 509 62 268 514 548 164 15 611 453 492 0 484 389 569 459 438 295 738 169 487 39 443 198 363 517 346 315 525 643 352 470 464 679 801 364 554 417 142 488 454 69 259 355 428 444 186 546 340 272 484 642 231 527 519 739 273 105 354 78
406 643 322 159 383 208 921 461 440 375 718 310 336 237 516 507 346 922 810 415 460 222 777 921 548 204 614 629 383 567 321 744 661 590 60 663 690 356 385 574 483 542 428 266 329 280 457 491 144 862 492 484 0 193 651 777 922 215 391 576 515 454 703 337 336 269 810 519 200 724 818 468 903 367 430 281 871 297 618 387 95 421 442 433 912 545 641 420 628 737 345 562 408 104 637 308 607 586 561 408
575 500 431 161 548 332 793 279 579 533 749 276 460 367 347 363 408 956 875 502 505 120 721 832 414 68 676 501 282 676 448 730 706 512 145 761 749 177 448 408 641 632 327 285 176 442 430 400 332 824 588 389 193 0 734 779 810 101 579 431 325 371 724 322 143 422 672 335 370 812 741 562 848 548 622 89 877 403 500 210 249 320 265 242 803 353 507 552 448 661 470 691 239 293 706 500 591 477 373 314
415 760 330 573 396 444 865 980 281 371 204 491 327 418 1063 709 326 329 169 237 244 834 523 717 689 792 91 701 585 125 343 366 144 535 697 65 97 756 285 812 346 110 582 452 910 430 406 558 668 506 162 569 651 734 0 326 802 649 545 736 992 539 234 444 813 418 834 863 494 79 615 183 589 483 605 779 366 355 664 929 558 582 787 860 784 974 726 273 908 572 319 203 746 590 57 662 349 626 908 569
689 584 514 644 661 602 592 958 555 631 122 503 537 593 1047 594 441 213 276 422 329 896 234 412 550 846 260 522 532 433 550 75 188 361 802 388 231 724 409 682 643 371 504 516 938 652 350 445 847 183 406 459 777 779 326 0 514 678 813 589 945 450 98 459 802 628 597 772 688 354 326 408 268 746 879 788 99 524 485 929 699 508 718 812 496 903 545 532 775 314 535 517 686 756 277 897 192 460 808 504
1047 333 819 763 1012 845 92 833 937 980 620 622 860 858 910 456 717 698 790 771 659 918 284 121 399 870 715 312 541 875 865 449 661 345 913 867 722 659 714 465 1038 797 495 691 897 953 517 432 1048 354 807 438 922 810 802 514 0 726 1143 395 781 470 579 614 741 922 190 587 946 851 190 794 282 1079 1209 763 555 811 310 846 888 502 593 686 19 711 311 904 512 236 864 953 593 961 746 1166 464 337 595 514
541 431 365 99 509 282 716 336 521 490 652 176 400 316 416 294 325 858 784 424 413 221 622 740 338 170 586 423 188 602 391 629 611 416 191 680 657 153 364 359 595 551 234 197 266 406 329 305 358 723 510 295 215 101 649 678 726 0 567 363 364 274 625 223 173 381 601 315 345 727 646 484 749 525 618 131 777 337 416 280 232 227 233 250 718 372 432 491 418 565 410 626 196 294 617 514 489 389 360 218
130 937 326 472 152 312 1170 852 266 182 709 550 289 291 905 818 427 873 710 397 507 606 919 1103 840 594 566 903 668 420 280 816 637 800 449 516 628 720 436 907 211 454 702 471 717 191 626 737 283 961 411 738 391 579 545 813 1143 567 0 880 904 699 717 541 719 222 1084 881 224 587 991 405 1028 67 67 665 884 331 879 778 336 696 798 811 1129 929 922 283 979 918 287 359 758 287 566 155 714 840 926 679
816 68 591 429 781 568 365 445 745 753 632 332 635 592 527 69 499 802 807 591 508 531 416 447 47 486 648 90 212 751 634 517 631 229 553 791 694 268 518 95 840 677 182 412 502 694 332 179 716 537 661 169 576 431 736 589 395 363 880 0 403 204 591 353 347 664 241 207 659 808 388 638 522 825 940 373 677 572 115 453 570 186 199 294 392 341 84 709 185 327 643 809 201 640 684 860 419 130 231 203
897 453 729 461 868 644 729 76 886 851 954 501 765 679 130 366 679 1148 1109 781 749 325 809 848 422 317 919 493 421 960 755 880 929 601 460 1031 984 236 715 318 957 903 442 551 224 762 613 502 646 928 866 487 515 325 992 945 781 364 904 403 0 496 919 548 192 740 600 196 693 1071 790 840 922 872 945 242 1041 702 515 144 573 439 228 135 782 77 483 856 279 724 775 989 259 617 953 816 756 518 188 445
624 247 394 295 588 389 479 509 543 559 462 155 439 408 598 170 298 653 628 387 305 489 351 470 157 438 454 205 91 548 439 387 448 142 450 591 508 277 315 273 641 475 54 230 505 510 133 39 578 459 456 39 454 371 539 450 470 274 699 204 496 0 425 159 359 478 384 333 487 614 372 434 477 640 763 354 547 378 180 485 420 59 270 362 459 458 225 508 368 291 446 605 237 492 491 702 260 141 375 59
592 597 424 580 565 518 649 924 457 534 43 449 445 506 1012 584 360 233 223 330 245 839 296 487 548 790 162 535 499 336 458 133 92 366 733 298 144 690 325 680 545 273 478 449 890 560 307 429 764 273 308 443 703 724 234 98 579 625 717 591 919 425 0 402 763 537 637 757 600 273 390 311 355 650 782 743 173 437 497 889 620 481 695 784 561 884 559 435 775 359 442 420 660 674 182 805 172 466 797 473
466 403 238 188 430 233 632 539 393 401 429 49 283 250 624 302 150 635 566 249 201 438 441 595 308 388 372 364 154 423 282 416 391 270 351 485 440 312 177 404 487 359 172 78 489 351 121 196 442 527 329 198 337 322 444 459 614 223 541 353 548 159 402 0 372 319 543 428 333 523 488 304 567 481 604 345 557 220 339 494 281 168 348 416 602 531 384 358 493 408 290 469 305 352 406 552 276 299 474 151
706 413 537 269 676 452 710 167 694 659 794 324 573 486 252 286 493 996 939 594 572 196 702 782 344 163 744 430 271 772 563 744 762 487 287 848 812 85 531 298 765 719 305 364 157 571 456 376 475 815 680 363 336 143 813 802 741 173 719 347 192 359 763 372 0 549 583 203 504 892 704 654 825 684 764 55 900 510 439 127 385 300 152 100 737 210 430 664 319 629 583 799 148 434 777 643 610 426 236 301
160 719 116 282 128 101 948 701 172 111 538 332 94 72 768 605 209 726 586 208 304 486 707 886 622 458 407 683 453 314 79 619 470 578 326 415 479 532 226 699 219 310 484 252 586 31 405 516 252 760 258 517 269 422 418 628 922 381 222 664 740 478 537 319 549 0 862 687 78 482 774 241 821 162 287 498 710 113 658 632 180 478 602 632 908 753 702 157 777 699 100 295 560 183 419 269 505 618 733 462
1004 173 773 657 968 773 130 656 912 938 679 537 816 793 730 310 672 802 859 747 644 771 369 289 263 726 743 183 431 881 819 524 704 307 791 896 768 507 680 291 1012 803 390 614 735 894 476 347 946 475 801 346 810 672 834 597 190 601 1084 241 600 384 637 543 583 862 0 411 871 895 293 783 424 1024 1147 613 661 759 204 678 794 396 431 516 196 527 169 877 326 283 822 952 440 866 777 1082 485 244 412 412
847 257 646 410 814 586 540 246 807 791 795 388 687 618 323 179 574 981 961 676 620 399 619 652 231 366 782 297 278 851 681 703 780 417 478 910 840 164 605 123 891 786 284 456 337 714 463 329 662 739 757 315 519 335 863 772 587 315 881 207 196 333 757 428 203 687 411 0 659 940 595 732 729 838 933 251 865 621 321 271 547 283 85 112 588 135 287 773 116 532 696 894 128 607 818 826 588 327 47 294
207 719 176 249 183 101 964 648 248 176 604 334 167 96 711 597 253 797 661 275 359 421 748 919 621 398 478 689 448 392 152 673 538 600 259 493 552 499 279 684 282 385 484 257 525 81 434 526 175 809 333 525 200 370 494 688 946 345 224 659 693 487 600 333 504 78 871 659 0 559 809 315 866 180 281 452 773 163 667 577 121 478 575 593 933 712 706 235 755 731 174 372 534 106 492 222 551 629 704 462
458 829 402 651 444 516 919 1059 331 423 235 570 394 489 1142 784 404 306 128 313 323 911 569 759 762 869 161 770 663 171 410 406 192 602 771 71 130 835 364 887 380 183 659 531 988 491 481 632 733 537 232 643 724 812 79 354 851 727 587 808 1071 614 273 523 892 482 895 940 559 0 662 256 621 529 643 857 374 428 733 1008 630 658 865 939 833 1052 795 330 983 626 386 230 824 659 124 714 410 696 985 646
886 349 665 661 852 708 266 827 768 820 430 509 703 716 912 428 565 518 601 605 492 858 94 112 370 807 529 299 459 693 711 260 473 231 821 680 533 619 555 479 868 617 414 566 859 805 376 341 931 182 631 352 818 741 615 326 190 646 991 388 790 372 390 488 704 774 293 595 809 662 0 622 138 925 1058 713 375 662 275 824 769 421 574 673 171 729 313 737 554 82 706 774 560 840 559 1031 287 279 617 428
282 676 147 400 253 261 841 820 150 223 305 345 147 235 900 598 161 486 347 60 139 657 539 732 591 617 167 625 456 120 163 416 234 477 515 199 238 607 127 702 247 74 466 290 738 258 312 462 488 563 26 470 468 562 183 408 794 484 405 638 840 434 311 304 654 241 783 732 315 256 622 0 636 339 471 615 480 172 591 764 375 463 651 712 778 831 648 124 794 559 141 171 608 408 178 501 334 550 778 448
914 487 707 750 882 769 372 955 786 850 388 596 740 770 1042 557 614 423 538 632 522 966 127 163 500 915 513 434 567 686 750 225 446 339 913 653 497 740 595 614 882 616 525 641 978 850 447 452 1004 85 640 464 903 848 589 268 282 749 1028 522 922 477 355 567 825 821 424 729 866 621 138 636 0 961 1095 828 282 709 408 947 844 531 702 801 264 863 449 758 691 198 741 769 684 911 536 1087 317 405 752 536
73 881 261 428 87 258 1108 825 202 116 643 494 222 233 883 765 362 810 649 330 439 588 853 1037 784 570 501 845 614 360 214 749 571 736 426 458 564 679 370 857 163 390 645 414 696 131 562 678 281 894 345 679 367 548 483 746 1079 525 67 825 872 640 650 481 684 162 1024 838 180 529 925 339 961 0 134 631 818 268 820 752 299 640 753 774 1064 893 864 217 932 852 220 304 712 263 502 191 647 780 884 623
192 998 393 525 218 374 1235 890 328 248 773 612 356 355 939 877 494 934 767 464 574 639 987 1170 900 631 630 966 728 480 347 883 701 865 486 573 690 770 504 964 263 517 763 533 750 256 692 800 308 1028 475 801 430 622 605 879 1209 618 67 940 945 763 782 604 764 287 1147 933 281 643 1058 471 1095 134 0 709 949 398 943 815 386 757 850 858 1195 974 984 348 1033 984 355 413 811 330 629 152 781 903 977 741
655 441 493 222 625 403 738 207 647 609 772 297 527 438 285 308 455 976 910 555 541 158 704 796 364 117 714 451 264 732 516 733 736 490 233 811 784 106 494 335 716 682 304 327 151 520 439 377 421 813 641 364 281 89 779 788 763 131 665 373 242 354 743 345 55 498 613 251 452 857 713 615 828 631 709 0 887 466 456 150 332 298 189 153 758 265 454 618 366 635 537 755 173 380 745 589 596 439 287 296
758 667 597 741 732 691 639 1055 621 702 176 601 617 680 1144 686 531 143 268 502 417 995 292 442 640 945 319 605 630 485 631 162 247 450 899 422 270 822 498 771 703 433 601 612 1037 732 449 540 937 202 474 554 871 877 366 99 555 777 884 677 1041 547 173 557 900 710 661 865 773 374 375 480 282 818 949 887 0 610 569 1027 791 605 813 908 537 997 627 601 862 381 614 567 783 847 326 977 291 547 900 601
245 623 28 244 210 90 840 672 186 181 443 243 66 70 747 518 97 640 516 120 196 490 595 773 528 452 324 583 366 276 62 511 379 469 344 368 399 477 116 617 272 245 391 167 577 143 294 414 329 649 195 417 297 403 355 524 811 337 331 572 702 378 437 220 510 113 759 621 163 428 662 172 709 268 398 466 610 0 556 610 203 386 537 582 797 703 604 154 701 587 75 289 493 242 343 378 393 515 668 370
801 100 570 461 765 569 304 553 713 735 539 333 614 589 637 155 471 699 718 551 454 609 302 343 96 561 574 38 235 696 616 412 547 132 605 723 612 355 482 209 812 620 190 410 596 689 280 142 749 422 611 142 618 500 664 485 310 416 879 115 515 180 497 339 439 658 204 321 667 733 275 591 408 820 943 456 569 556 0 553 594 198 301 399 304 456 62 678 294 212 621 762 291 667 610 880 329 41 345 212
784 514 638 366 757 542 807 76 789 743 919 446 669 577 137 398 605 1122 1060 704 691 183 826 896 458 184 864 540 398 880 658 871 885 612 329 961 934 209 644 387 851 831 432 477 80 651 582 502 511 940 790 488 387 210 929 929 846 280 778 453 144 485 889 494 127 632 678 271 577 1008 824 764 947 752 815 150 1027 610 553 0 457 427 254 162 844 205 536 761 380 750 680 900 264 491 896 681 737 545 286 428
327 633 228 143 300 114 897 528 348 289 633 266 241 142 591 504 261 835 718 322 376 307 720 876 535 279 524 611 363 473 227 671 574 548 148 569 600 385 298 583 397 448 405 204 407 195 398 458 161 797 398 454 95 249 558 699 888 232 336 570 573 420 620 281 385 180 794 547 121 630 769 375 844 299 386 332 791 203 594 457 0 398 465 476 877 594 626 327 649 689 251 469 426 73 545 290 538 558 592 383
630 242 405 264 594 383 501 450 561 567 517 146 450 407 539 135 316 710 679 412 342 437 406 513 144 386 499 213 39 580 448 446 498 193 411 631 557 218 339 239 655 510 7 226 448 509 180 80 552 516 487 69 421 320 582 508 502 227 696 186 439 59 481 168 300 478 396 283 478 658 421 463 531 640 757 298 605 386 198 427 398 0 215 304 493 404 229 526 331 341 457 632 179 470 535 686 317 165 326 17
762 262 561 326 729 501 559 254 722 706 731 306 602 533 340 146 492 923 892 594 544 346 585 643 205 306 709 286 203 771 596 652 712 374 404 832 769 88 524 147 806 707 217 372 305 629 394 274 586 703 676 259 442 265 787 718 593 233 798 199 228 270 695 348 152 602 431 85 575 865 574 651 702 753 850 189 813 537 301 254 465 215 0 100 591 189 283 689 186 503 612 812 44 527 744 746 530 296 132 224
791 353 608 350 760 532 645 154 768 740 819 370 646 566 241 245 551 1014 974 654 616 290 685 740 304 262 785 383 286 832 638 748 794 473 386 901 849 106 586 225 845 773 308 424 225 656 478 370 574 802 738 355 433 242 860 812 686 250 811 294 135 362 784 416 100 632 516 112 593 939 673 712 801 774 858 153 908 582 399 162 476 304 100 0 684 122 377 736 226 603 656 866 125 529 820 741 622 396 138 311
1032 332 804 753 997 832 108 832 921 965 601 611 845 844 911 452 702 680 771 755 643 912 265 105 394 864 697 307 532 857 851 431 643 332 904 849 704 655 698 465 1022 780 486 679 893 939 503 422 1037 336 790 428 912 803 784 496 19 718 1129 392 782 459 561 602 737 908 196 588 933 833 171 778 264 1064 1195 758 537 797 304 844 877 493 591 684 0 712 308 888 516 219 849 936 589 949 728 1153 447 329 596 505
912 386 729 471 881 654 656 148 889 861 920 486 768 688 205 313 670 1110 1081 773 730 375 754 782 366 359 897 431 392 951 759 836 901 551 494 1017 958 226 704 252 966 890 406 544 284 777 583 459 683 874 857 444 545 353 974 903 711 372 929 341 77 458 884 531 210 753 527 135 712 1052 729 831 863 893 974 265 997 703 456 205 594 404 189 122 712 0 419 857 204 667 777 986 229 644 932 852 717 462 116 413
849 40 619 488 813 610 286 528 766 784 601 373 664 632 609 146 522 758 780 606 512 611 352 365 94 564 636 25 263 755 665 471 610 195 623 784 674 349 535 167 865 679 223 451 586 734 336 190 777 472 668 186 641 507 726 545 311 432 922 84 483 225 559 384 430 702 169 287 706 795 313 648 449 864 984 454 627 604 62 536 626 229 283 377 308 419 0 731 243 259 671 820 282 698 672 914 391 100 305 245
158 755 128 396 130 222 944 825 35 102 426 389 92 188 898 661 210 596 442 133 245 630 657 848 664 597 284 709 510 159 103 540 354 574 475 261 348 632 197 762 135 173 530 317 723 162 401 541 407 687 128 546 420 552 273 532 904 491 283 709 856 508 435 358 664 157 877 773 235 330 737 124 758 217 348 618 601 154 678 761 327 526 689 736 888 857 731 0 849 670 81 142 645 340 286 390 451 637 820 510
935 205 723 508 901 676 453 342 883 876 815 459 766 706 408 199 643 988 988 741 671 515 594 592 227 481 822 261 339 911 762 702 810 414 590 959 873 273 668 96 972 840 329 534 449 805 502 352 772 715 817 340 628 448 908 775 512 418 979 185 279 368 775 493 319 777 326 116 755 983 554 794 691 932 1033 366 862 701 294 380 649 331 186 226 516 204 243 849 0 502 775 961 223 712 859 932 603 315 94 345
816 298 592 579 782 630 293 757 703 750 401 427 631 639 843 359 491 520 579 538 425 778 94 188 302 727 483 241 379 639 638 240 434 149 739 636 497 543 484 420 803 562 334 486 783 730 297 261 850 213 571 272 737 661 572 314 236 565 918 327 724 291 359 408 629 699 283 532 731 626 82 559 198 852 984 635 381 587 212 750 689 341 503 603 219 667 259 670 502 0 634 717 486 760 515 953 229 207 557 347
183 692 52 315 148 142 898 743 112 116 441 317 10 109 817 591 150 627 487 113 219 551 632 818 598 516 308 649 439 222 25 532 372 526 398 321 380 552 151 690 198 211 462 241 643 119 350 480 349 675 159 484 345 470 319 535 864 410 287 643 775 446 442 290 583 100 822 696 174 386 706 141 741 220 355 537 614 75 621 680 251 457 612 656 849 777 671 81 775 634 0 221 568 273 319 363 426 579 743 441
232 848 262 533 223 363 1004 961 124 209 398 507 232 329 1037 767 320 529 356 221 308 772 686 882 762 738 258 796 623 84 244 544 329 645 616 161 297 761 293 871 150 156 635 442 864 294 483 634 538 691 152 642 562 691 203 517 953 626 359 809 989 605 420 469 799 295 952 894 372 230 774 171 769 304 413 755 567 289 762 900 469 632 812 866 936 986 820 142 961 717 221 0 768 478 242 493 489 721 941 617
719 268 518 286 686 458 565 275 679 663 695 262 559 490 364 138 449 889 853 551 502 331 565 635 196 288 668 282 164 728 553 623 673 351 374 790 730 67 480 168 763 664 183 328 305 587 356 245 552 680 633 231 408 239 746 686 593 196 758 201 259 237 660 305 148 560 440 128 534 824 560 608 684 712 811 173 783 493 291 264 426 179 44 125 589 229 282 645 223 486 568 768 0 490 703 710 496 281 175 186
305 704 263 212 284 156 969 565 354 281 684 338 265 174 621 574 316 882 755 362 429 325 789 947 607 308 566 683 435 494 249 733 621 620 164 594 641 444 349 650 386 481 477 274 433 186 467 531 93 862 429 527 104 293 590 756 961 294 287 640 617 492 674 352 434 183 866 607 106 659 840 408 911 263 330 380 847 242 667 491 73 470 527 529 949 644 698 340 712 760 273 478 490 0 584 221 602 631 651 455
437 706 321 547 415 433 808 944 301 388 156 454 325 410 1028 660 300 310 173 223 205 810 467 661 638 766 37 647 541 159 341 312 90 480 679 121 62 717 259 763 377 113 535 421 881 435 358 507 666 455 162 519 637 706 57 277 746 617 566 684 953 491 182 406 777 419 777 818 492 124 559 178 536 502 629 745 326 343 610 896 545 535 744 820 728 932 672 286 859 515 319 242 703 584 0 674 293 573 862 523
263 923 385 432 271 323 1181 757 383 291 804 547 360 317 800 794 473 984 831 475 573 501 970 1141 825 499 667 899 652 543 347 888 734 821 358 644 736 662 494 871 354 561 692 474 612 245 656 741 170 1028 512 739 308 500 662 897 1166 514 155 860 816 702 805 552 643 269 1082 826 222 714 1031 501 1087 191 152 589 977 378 880 681 290 686 746 741 1153 852 914 390 932 953 363 493 710 221 674 0 771 843 868 670
603 428 391 464 570 455 520 767 482 538 212 317 425 454 855 413 298 394 389 321 208 709 207 398 376 659 258 367 340 410 435 140 220 196 626 412 286 533 279 508 581 333 314 342 747 533 161 259 695 260 344 273 607 591 349 192 464 489 714 419 756 260 172 276 610 505 485 588 551 410 287 334 317 647 781 596 291 393 329 737 538 317 530 622 447 717 391 451 603 229 426 489 496 602 293 771 0 295 627 312
760 134 529 428 724 530 338 550 672 694 507 296 573 549 636 152 430 673 685 509 414 589 292 358 96 540 536 75 204 656 575 387 512 100 576 684 577 341 440 224 771 580 158 371 583 649 239 103 715 412 570 105 586 477 626 460 337 389 840 130 518 141 466 299 426 618 244 327 629 696 279 550 405 780 903 439 547 515 41 545 558 165 296 396 329 462 100 637 315 207 579 721 281 631 573 843 295 0 357 178
893 271 693 456 860 632 541 249 854 838 835 434 734 664 318 214 621 1018 1003 722 665 429 647 666 261 399 826 318 324 898 728 738 822 450 517 955 882 207 651 138 938 831 327 503 357 760 506 368 703 767 803 354 561 373 908 808 595 360 926 231 188 375 797 474 236 733 412 47 704 985 617 778 752 884 977 287 900 668 345 286 592 326 132 138 596 116 305 820 94 557 743 941 175 651 862 868 627 357 0 338
613 258 389 250 578 367 515 455 545 550 509 129 433 390 543 151 300 703 669 396 328 431 410 522 160 380 488 228 32 566 431 443 488 198 400 618 546 221 324 254 638 496 22 209 447 492 170 87 538 518 472 78 408 314 569 504 514 218 679 203 445 59 473 151 301 462 412 294 462 646 428 448 536 623 741 296 601 370 212 428 383 17 224 311 505 413 245 510 345 347 441 617 186 455 523 670 312 178 338 0
