# TTSP Euclidean complete-graph matrix instance
# seed: 2090
# depot: 1
# L_max is not stored in this file; pass it with --budget when running algorithms.
# coordinate rows: node x y
# coord 1 249.537676 620.181317
# coord 2 469.900426 14.637365
# coord 3 135.944470 382.085040
# coord 4 63.539410 921.478057
# coord 5 942.817550 697.434923
# coord 6 542.915520 325.456017
# coord 7 791.442087 955.370886
# coord 8 782.962213 748.166472
# coord 9 641.477953 344.772641
# coord 10 483.322654 435.036616
# coord 11 530.182956 975.518570
# coord 12 626.967062 847.520163
# coord 13 31.297274 752.192091
# coord 14 811.811841 366.445011
# coord 15 463.926486 218.114656
# coord 16 375.892587 27.545879
# coord 17 26.944892 614.821360
# coord 18 247.051753 654.941084
# coord 19 660.865127 425.430237
# coord 20 558.586734 134.980244
# coord 21 481.571397 98.300123
# coord 22 590.482303 530.344861
# coord 23 318.380668 738.973526
# coord 24 944.195943 755.932559
# coord 25 489.981320 103.870169
# coord 26 995.801530 519.726658
# coord 27 659.590851 215.377282
# coord 28 383.341130 896.224001
# coord 29 32.007471 121.386217
# coord 30 453.597998 87.248548
# coord 31 250.763644 427.918001
# coord 32 845.388718 160.473240
# coord 33 95.174847 347.827225
# coord 34 909.478987 845.003866
# coord 35 670.483220 288.917120
# coord 36 441.487659 486.345838
# coord 37 962.093213 312.253843
# coord 38 797.082989 481.851116
# coord 39 443.736214 234.444848
# coord 40 329.122339 310.444555
# coord 41 13.166846 498.415115
# coord 42 32.689526 880.868603
# coord 43 872.202560 66.576988
# coord 44 218.608082 45.915463
# coord 45 878.665788 507.145736
# coord 46 786.658158 296.157535
# coord 47 538.529407 802.957535
# coord 48 49.882402 933.883177
# coord 49 289.984531 716.269487
# coord 50 195.421224 757.752928
# coord 51 712.431745 282.988658
# coord 52 117.278154 88.601469
# coord 53 280.810434 752.199557
# coord 54 306.360405 102.859175
# coord 55 319.075416 309.781984
# coord 56 504.823314 508.903059
# coord 57 314.505434 195.813738
# coord 58 983.205461 902.329033
# coord 59 837.326831 431.886697
# coord 60 500.079949 19.431447
# coord 61 83.602061 163.350969
# coord 62 565.591823 799.558473
# coord 63 624.135843 295.711199
# coord 64 802.971175 919.240004
# coord 65 406.785588 62.180296
# coord 66 528.264219 174.763913
# coord 67 140.065293 590.052371
# coord 68 440.122585 813.528793
# coord 69 187.308623 499.607530
# coord 70 29.143760 388.969275
# coord 71 678.583064 124.132294
# coord 72 162.757296 436.864859
# coord 73 79.036723 116.242963
# coord 74 560.884410 396.099413
# coord 75 328.579929 235.689269
# coord 76 134.942939 401.567223
# coord 77 258.818418 364.227663
# coord 78 365.093145 309.318442
# coord 79 16.105954 123.307965
# coord 80 909.307268 578.359099
# coord 81 116.532448 82.715061
# coord 82 116.810896 831.125771
# coord 83 889.827466 56.609307
# coord 84 407.105112 929.548639
# coord 85 561.503020 731.711185
# coord 86 557.672370 382.765619
# coord 87 217.605440 310.515477
# coord 88 505.380241 879.791785
# coord 89 46.268655 348.175907
# coord 90 44.641272 991.983472
# coord 91 194.059672 529.587334
# coord 92 883.542683 54.551790
# coord 93 23.391878 501.960476
# coord 94 935.852232 883.126245
# coord 95 100.598978 971.886698
# coord 96 768.696970 486.420492
# coord 97 973.131028 727.611217
# coord 98 163.205484 603.127249
# coord 99 775.708877 367.343045
# coord 100 180.358978 721.193349
# reference_nearest_neighbor_tour_cost: 9451
TTSP_MATRIX
100
0 32 21 67 73 1 20 18 74 71 67 7 76 54 90 95 83 32 88 82 46 46 85 5 12 83 34 15 27 82 91 73 9 94 91 98 51 64 78 6 91 66 56 15 29 25 36 91 34 58 94 35 98 62 66 17 30 37 55 28 6 72 91 84 76 71 26 70 95 30 62 99 63 18 94 28 21 83 63 68 21 60 45 24 36 49 75 39 67 64 4 40 26 83 19 70 39 60 23 44
0 644 264 354 698 416 637 549 479 298 453 441 255 617 456 606 223 35 455 575 571 353 137 708 570 753 576 307 544 571 192 753 313 697 536 234 776 565 432 320 266 339 833 575 639 627 342 372 104 148 573 548 136 520 318 278 429 786 617 651 486 363 496 629 580 525 114 271 136 319 656 203 532 384 393 247 256 332 549 661 554 249 853 347 331 389 311 364 340 425 106 850 255 735 382 536 732 88 584 122
644 0 497 994 831 319 994 798 372 421 963 848 858 491 204 95 746 678 453 149 84 530 740 880 91 729 276 886 451 74 468 403 501 940 340 473 575 570 221 328 665 970 406 253 640 424 791 1011 724 792 362 360 761 186 331 495 239 1025 556 31 414 791 321 964 79 170 663 799 561 578 236 522 404 392 262 512 408 313 467 715 360 890 422 917 723 378 389 866 539 1066 584 416 661 986 1026 558 873 664 467 764
264 497 0 544 866 411 871 743 507 351 712 677 385 676 367 428 257 295 527 490 447 478 401 891 450 871 550 571 281 433 124 743 53 901 543 323 829 669 341 206 169 509 801 346 753 656 582 558 368 380 585 294 397 327 197 390 258 994 703 514 225 599 496 856 419 444 208 528 128 107 601 61 272 425 242 20 124 240 285 798 300 449 821 611 551 422 109 620 96 617 159 816 164 944 591 641 906 223 640 342
354 994 544 0 907 765 729 740 816 643 470 568 172 932 809 947 309 324 776 929 923 656 313 896 922 1015 924 321 801 921 528 1091 575 849 877 576 1086 855 785 666 426 51 1177 889 914 956 490 18 306 210 910 835 275 854 663 604 768 920 916 1002 758 517 840 739 925 880 340 392 440 534 1007 495 805 723 735 525 590 682 800 913 840 105 1196 344 533 731 630 444 574 73 413 1193 421 873 63 829 930 334 902 232
698 831 866 907 0 546 299 168 464 529 498 350 913 356 678 878 920 697 392 681 756 390 626 59 747 185 559 594 1078 782 743 546 917 151 491 544 386 260 681 726 951 928 635 974 201 431 418 924 653 750 474 1026 664 871 734 477 804 209 286 810 1012 391 513 262 831 667 810 516 781 964 631 822 1041 486 768 860 761 696 1090 124 1030 837 643 584 383 497 822 474 962 945 767 646 940 186 886 274 43 785 370 763
416 319 411 765 546 0 677 486 100 125 650 529 666 272 133 342 592 443 155 191 235 210 471 589 228 493 160 593 550 254 310 345 448 636 133 190 419 298 135 214 557 754 419 428 382 245 478 783 466 555 175 487 501 325 224 187 263 726 313 309 487 475 86 648 296 151 482 499 396 518 243 396 509 73 232 415 287 179 564 445 491 661 439 619 407 59 326 556 497 832 404 435 549 682 783 277 589 470 237 537
637 994 871 729 299 677 0 207 629 605 262 197 787 589 807 1017 837 622 546 853 911 470 520 251 903 481 752 412 1128 932 755 797 924 162 677 585 665 474 800 794 903 762 892 1075 457 659 295 742 556 628 677 1098 550 981 800 531 897 199 525 980 1062 274 681 38 972 824 747 379 757 950 839 815 1101 605 856 859 796 774 1137 395 1103 686 904 385 321 618 863 296 961 748 734 906 892 161 691 470 291 720 588 654
549 798 743 740 168 486 207 0 427 433 340 185 752 383 619 828 768 544 345 653 716 291 465 161 708 312 547 426 978 738 621 591 796 159 473 430 471 267 616 631 809 762 687 901 259 452 250 756 494 588 470 937 502 802 638 367 724 253 321 782 912 223 480 172 782 627 662 349 645 835 633 694 946 416 685 735 650 606 989 212 942 671 700 417 222 429 715 307 838 778 628 701 798 204 718 262 191 637 381 603
479 372 507 816 464 100 629 427 0 182 640 503 734 172 218 414 671 502 83 226 294 192 510 511 285 395 131 609 649 319 399 275 546 567 63 245 322 207 226 314 647 811 361 518 287 153 470 835 511 608 94 583 544 413 324 214 359 654 214 355 587 461 52 597 367 204 558 510 480 614 224 487 607 96 331 510 383 279 663 355 587 715 380 630 395 92 425 552 595 880 484 378 638 614 828 190 507 544 136 595
298 421 351 643 529 125 605 433 182 0 543 437 552 336 218 421 491 323 178 309 337 143 346 562 331 519 282 472 550 349 233 454 398 591 237 66 494 317 204 198 474 634 536 471 402 334 372 661 341 432 275 504 376 376 207 77 293 684 354 416 483 374 198 580 381 264 377 381 303 457 367 321 515 87 252 350 235 173 562 449 509 540 555 500 307 91 293 445 446 709 304 552 465 637 659 290 571 362 300 417
453 963 712 470 498 650 262 340 640 543 0 160 547 671 760 960 619 428 565 841 879 449 318 469 873 652 771 167 989 892 615 874 764 401 701 497 791 561 746 695 704 506 971 980 584 726 173 482 353 399 716 978 335 901 698 467 809 459 624 957 927 179 686 279 922 801 548 185 587 771 864 652 971 580 767 697 669 686 995 549 984 438 987 131 246 593 735 99 792 486 558 986 694 416 430 544 508 523 656 433
441 848 677 568 350 529 197 185 503 437 160 0 603 515 650 858 644 426 423 716 763 319 327 330 756 493 633 248 939 780 564 721 730 283 560 406 632 403 640 614 706 595 819 900 423 574 99 584 362 441 571 914 359 811 620 360 723 360 466 838 874 78 552 190 816 680 551 190 561 753 725 620 914 456 681 664 608 599 947 390 919 510 833 235 133 470 675 126 766 600 537 833 695 311 541 388 366 524 503 464
255 858 385 172 913 666 787 752 734 552 547 603 0 871 687 802 137 237 709 812 794 602 287 913 794 992 826 380 631 788 392 1006 409 883 789 489 1030 812 662 533 254 129 1085 731 882 882 510 183 261 164 827 669 250 705 528 532 624 964 867 870 591 536 748 790 786 762 195 413 297 363 902 342 638 638 596 366 450 555 629 895 675 116 1105 416 531 643 479 491 404 240 276 1101 250 914 230 784 942 199 838 152
617 491 676 932 356 272 589 383 172 336 671 515 871 0 378 552 823 634 162 343 425 275 618 411 415 239 214 681 817 454 564 209 717 488 161 389 160 116 391 486 809 934 306 674 156 75 515 950 628 730 130 748 656 570 496 338 526 563 70 466 756 498 201 553 507 342 708 581 639 783 277 653 774 253 501 678 553 450 832 233 751 836 320 693 443 255 597 598 766 990 639 320 800 531 934 127 396 690 36 724
456 204 367 809 678 133 807 619 218 218 760 650 687 378 0 210 590 488 286 126 121 337 541 721 117 611 196 683 443 131 299 386 391 769 218 269 507 425 26 163 531 791 435 300 506 332 590 827 528 603 257 370 565 195 171 294 151 859 430 202 384 590 178 779 166 78 493 596 395 467 234 372 398 203 136 377 252 134 458 573 373 704 455 714 523 189 263 663 437 880 412 450 524 815 837 406 720 489 346 577
606 95 428 947 878 342 1017 828 414 421 960 858 802 552 210 0 683 640 489 212 127 547 714 924 137 792 340 869 356 98 419 488 426 976 394 463 652 620 218 287 594 920 498 158 695 491 792 963 694 752 423 266 731 103 288 498 179 1065 614 124 322 795 365 989 46 212 610 789 508 501 318 461 310 412 213 445 356 282 372 767 265 844 515 903 728 399 324 862 460 1020 534 508 591 1023 984 604 920 614 525 721
223 746 257 309 920 592 837 768 671 491 619 644 137 823 590 683 0 224 662 716 688 570 317 928 690 974 748 454 493 679 292 936 276 912 721 434 983 782 564 429 117 266 1007 600 859 824 545 320 282 221 762 534 289 583 422 489 508 999 831 760 455 569 677 834 671 667 116 458 197 226 816 224 501 577 484 239 341 456 492 883 540 234 1028 494 547 579 359 547 267 378 188 1024 113 948 365 753 953 137 789 187
35 678 295 324 697 443 622 544 502 323 428 426 237 634 488 640 224 0 473 606 604 365 110 704 602 761 603 277 575 604 227 776 343 689 560 257 793 577 464 354 281 311 858 610 649 648 327 342 75 115 596 581 103 555 353 296 464 777 631 684 518 350 521 616 614 556 125 250 166 344 684 234 564 407 427 277 291 365 580 667 587 219 878 318 324 413 346 342 367 393 136 875 271 726 349 548 730 99 602 94
455 453 527 776 392 155 546 345 83 178 565 423 709 162 286 489 662 473 0 308 373 126 464 435 364 348 210 547 699 397 410 323 571 488 137 228 322 147 289 351 652 776 416 583 233 180 397 795 471 572 151 639 501 479 361 177 416 576 177 437 634 386 135 514 443 284 546 446 479 633 302 498 659 104 383 526 407 318 712 292 643 679 434 564 322 112 458 480 619 837 478 433 642 534 783 124 435 528 129 564
575 149 490 929 681 191 853 653 226 309 841 716 812 343 126 212 716 606 308 0 85 397 650 731 75 582 129 781 527 115 425 288 510 792 190 370 441 421 152 289 655 913 321 351 491 279 668 947 640 721 213 444 677 254 297 378 252 877 407 130 476 665 174 821 168 50 618 689 520 587 120 498 480 261 251 501 377 260 543 565 445 824 340 809 597 248 384 747 555 999 537 335 649 838 954 409 723 613 318 698
571 84 447 923 756 235 911 716 294 337 879 763 794 425 121 127 688 604 373 85 0 446 661 804 10 665 213 804 450 30 402 369 460 861 268 390 526 497 141 261 616 902 392 268 570 364 707 941 647 719 296 364 684 175 267 411 193 948 488 81 403 706 244 882 83 90 599 716 498 538 199 465 403 308 206 461 347 241 466 643 365 819 410 835 638 294 339 782 502 995 518 404 611 907 953 483 799 597 399 692
353 530 478 656 390 210 470 291 192 143 449 319 602 275 337 547 570 365 126 397 446 0 343 420 438 405 322 420 692 464 355 449 528 448 254 155 431 212 330 342 578 659 543 611 289 305 278 675 353 456 276 647 381 513 350 88 434 541 266 519 626 270 237 443 503 361 454 321 404 579 416 438 658 137 394 473 371 316 704 322 652 561 560 439 203 151 433 360 574 715 396 559 568 494 660 184 431 433 247 452
137 740 401 313 626 471 520 465 510 346 318 327 287 618 541 714 317 110 464 650 661 343 0 626 658 712 625 170 681 666 318 783 450 601 571 281 772 543 520 429 389 319 871 700 606 644 229 332 36 124 603 681 40 636 429 296 543 685 603 742 622 255 538 517 683 602 232 143 273 454 713 340 667 420 503 384 379 432 686 612 687 222 890 210 243 429 440 234 476 373 244 888 378 634 319 516 655 206 589 139
708 880 891 896 59 589 251 161 511 562 469 330 913 411 721 924 928 704 435 731 804 420 626 0 795 242 611 578 1111 829 767 604 942 96 541 570 444 311 723 759 966 920 693 1015 257 486 408 912 655 749 527 1063 663 913 768 504 843 152 341 860 1045 381 561 216 878 715 821 507 799 986 685 844 1076 526 806 883 789 731 1123 181 1067 831 701 564 383 537 852 456 986 930 784 704 955 127 871 322 40 796 424 765
570 91 450 922 747 228 903 708 285 331 873 756 794 415 117 137 690 602 364 75 10 438 658 795 0 655 203 799 458 40 403 360 464 852 259 386 516 487 139 262 619 902 384 277 560 354 701 939 644 717 286 373 681 184 268 405 198 939 478 85 411 700 234 873 93 81 599 711 498 542 190 467 411 301 208 463 348 240 474 633 374 817 403 830 632 287 342 776 507 994 518 397 613 898 951 473 789 597 389 691
753 729 871 1015 185 493 481 312 395 519 652 493 992 239 611 792 974 761 348 582 665 405 712 242 655 0 454 719 1043 694 751 389 917 337 399 555 210 202 621 699 983 1029 470 910 118 306 538 1033 733 835 369 979 752 806 709 491 754 383 181 704 979 513 434 444 746 581 859 629 809 975 507 837 1002 452 725 869 753 665 1057 104 982 933 475 717 483 459 806 608 965 1062 802 479 973 368 1003 230 209 837 268 840
576 276 550 924 559 160 752 547 131 282 771 633 826 214 196 340 748 603 210 129 213 322 625 611 203 454 0 735 635 243 461 194 580 677 74 348 318 300 217 344 706 914 260 472 365 151 600 942 622 714 86 557 657 371 353 332 346 759 280 253 578 592 88 718 296 137 641 637 551 654 93 544 589 206 332 557 428 309 650 441 559 821 280 757 526 196 452 682 628 991 562 276 698 723 941 292 601 630 191 697
307 886 571 321 594 593 412 426 609 472 167 248 380 681 683 869 454 277 547 781 804 420 170 578 799 719 735 0 851 812 487 869 619 529 672 414 822 586 665 588 543 351 963 866 630 723 181 336 203 233 696 850 177 797 590 406 704 600 649 885 792 206 647 420 834 736 391 100 442 619 827 510 837 531 663 554 546 587 856 615 856 274 981 41 242 542 609 123 643 352 413 979 534 553 293 563 613 367 659 268
544 451 281 801 1078 550 1128 978 649 550 989 939 631 817 443 356 493 575 699 527 450 692 681 1111 458 1043 635 851 0 423 377 814 235 1137 660 549 949 846 427 352 377 759 842 201 930 775 849 813 648 657 699 91 678 275 343 611 292 1231 863 479 67 863 617 1109 379 499 481 804 409 268 647 342 47 596 318 298 332 382 16 989 93 715 860 891 808 587 265 894 227 871 439 854 381 1182 853 822 1119 499 783 618
571 74 433 921 782 254 932 738 319 349 892 780 788 454 131 98 679 604 397 115 30 464 666 829 40 694 243 812 423 0 396 399 443 884 296 399 556 523 148 256 603 898 419 239 597 393 721 938 650 718 325 336 687 148 260 425 176 972 516 82 378 721 269 902 53 115 593 726 491 521 228 455 376 327 194 448 339 239 439 670 337 817 437 844 653 313 325 794 484 993 513 431 598 931 952 509 825 592 427 690
192 468 124 528 743 310 755 621 399 233 615 564 392 564 299 419 292 227 410 425 402 355 318 767 403 751 461 487 377 396 0 652 175 780 442 199 721 549 273 141 248 503 719 383 633 552 473 544 291 334 484 365 326 330 136 267 241 873 587 479 313 487 396 739 398 376 196 430 96 225 525 88 356 312 207 119 64 165 385 676 370 425 739 525 435 310 122 519 219 601 116 735 239 823 564 521 782 196 528 302
753 403 743 1091 546 345 797 591 275 454 874 721 1006 209 386 488 936 776 323 288 369 449 783 604 360 389 194 869 814 399 652 0 773 688 217 519 191 325 408 538 898 1086 98 637 348 148 712 1110 786 883 181 732 818 542 547 487 532 755 272 373 762 698 259 760 449 317 826 769 740 848 171 736 768 369 522 750 621 503 830 423 733 990 113 885 638 364 645 796 821 1154 749 113 890 728 1101 335 581 813 218 870
313 501 53 575 917 448 924 796 546 398 764 730 409 717 391 426 276 343 571 510 460 528 450 942 464 917 580 619 235 443 175 773 0 954 578 373 868 715 367 237 171 537 826 326 800 693 635 588 417 422 621 260 445 323 227 440 267 1047 747 521 185 652 532 910 423 466 246 580 178 78 625 112 232 468 259 67 164 273 238 846 266 484 846 660 604 464 128 672 49 646 207 841 170 997 624 688 957 264 681 383
697 940 901 849 151 636 162 159 567 591 401 283 883 488 769 976 912 689 488 792 861 448 601 96 852 337 677 529 1137 884 780 688 954 0 605 590 535 380 768 789 961 878 779 1056 339 562 373 864 633 719 596 1095 635 956 797 526 881 93 419 922 1071 347 619 130 930 771 811 470 801 991 757 851 1105 568 842 892 809 764 1148 267 1100 793 789 509 366 581 874 406 996 877 782 791 950 46 819 385 134 784 496 740
536 340 543 877 491 133 677 473 63 237 701 560 789 161 218 394 721 560 137 190 268 254 571 541 259 399 74 672 660 296 442 217 578 605 0 302 293 231 233 342 690 870 300 513 302 116 531 895 572 667 42 588 605 409 352 275 368 689 220 319 600 521 47 644 348 182 610 573 527 649 165 529 616 153 346 547 418 306 675 375 591 775 319 693 456 147 453 614 627 941 534 317 681 651 890 221 533 597 131 654
234 473 323 576 544 190 585 430 245 66 497 406 489 389 269 463 434 257 228 370 390 155 281 570 386 555 348 414 549 399 199 519 373 590 302 0 549 356 252 209 428 568 601 494 438 394 331 595 275 366 339 513 311 407 215 67 317 683 400 471 482 337 264 564 426 323 319 327 255 424 433 283 518 150 275 318 220 193 559 477 518 474 621 445 273 156 285 399 419 643 251 618 418 634 593 327 584 302 355 351
776 575 829 1086 386 419 665 471 322 494 791 632 1030 160 507 652 983 793 322 441 526 431 772 444 516 210 318 822 949 556 721 191 868 535 293 549 0 237 524 633 967 1090 262 790 212 176 648 1104 784 887 251 874 811 688 643 498 658 590 173 547 891 628 338 627 609 455 868 724 797 936 340 809 905 410 638 832 705 597 965 271 876 992 266 830 580 411 744 728 917 1142 798 269 958 571 1085 260 416 850 194 882
565 570 669 855 260 298 474 267 207 317 561 403 812 116 425 620 782 577 147 421 497 212 543 311 487 202 300 586 846 523 549 325 715 380 231 356 237 0 431 498 784 862 422 724 85 186 412 873 559 662 216 785 583 620 508 294 561 460 64 550 781 393 254 437 573 408 666 487 610 774 377 636 806 251 529 667 551 465 859 148 789 765 435 594 343 259 604 493 763 909 605 436 774 425 852 29 302 645 116 662
432 221 341 785 681 135 800 616 226 204 746 640 662 391 26 218 564 464 289 152 141 330 520 723 139 621 217 665 427 148 273 408 367 768 233 252 524 431 0 138 505 766 460 294 513 348 576 803 506 579 273 358 543 190 146 281 135 859 440 222 367 578 191 773 176 103 468 579 369 442 259 346 383 200 115 351 226 109 442 579 361 680 480 696 511 187 239 648 413 856 387 475 498 814 813 411 724 463 358 553
320 328 206 666 726 214 794 631 314 198 695 614 533 486 163 287 429 354 351 289 261 342 429 759 262 699 344 588 352 256 141 538 237 789 342 209 633 498 138 0 368 643 595 287 584 458 535 683 408 467 384 307 444 209 10 265 116 882 523 338 286 543 295 771 260 241 338 515 236 310 396 209 317 247 75 214 89 36 365 639 312 562 615 624 481 240 112 596 285 739 257 611 361 834 700 473 767 336 450 437
266 665 169 426 951 557 903 809 647 474 704 706 254 809 531 594 117 281 652 655 616 578 389 966 619 983 706 543 377 603 248 898 171 961 690 428 967 784 505 368 0 383 961 497 866 799 607 437 352 317 732 423 369 492 359 492 427 1051 827 683 342 629 644 895 588 608 157 531 174 111 763 162 388 557 411 156 280 400 375 900 428 348 982 584 596 557 278 623 154 495 184 977 11 1000 481 756 987 183 774 279
339 970 509 51 928 754 762 762 811 634 506 595 129 934 791 920 266 311 776 913 902 659 319 920 902 1029 914 351 759 898 503 1086 537 878 870 568 1090 862 766 643 383 0 1170 855 925 954 512 56 305 204 905 797 279 825 639 601 741 951 921 980 719 539 832 771 900 863 310 413 411 492 995 463 766 717 710 490 564 661 758 927 803 98 1189 378 549 724 600 473 533 112 387 1186 379 903 114 835 953 307 903 217
833 406 801 1177 635 419 892 687 361 536 971 819 1085 306 435 498 1007 858 416 321 392 543 871 693 384 470 260 963 842 419 719 98 826 779 300 601 262 422 460 595 961 1170 0 654 441 245 808 1195 872 967 269 755 905 567 604 575 572 843 367 375 795 795 338 855 465 361 900 863 810 903 202 800 795 453 569 810 682 562 858 513 756 1075 20 980 734 446 699 892 873 1241 821 17 954 819 1190 432 669 889 316 952
575 253 346 889 974 428 1075 901 518 471 980 900 731 674 300 158 600 610 583 351 268 611 700 1015 277 910 472 866 201 239 383 637 326 1056 513 494 790 724 294 287 497 855 654 0 805 621 822 904 674 712 548 110 709 105 282 544 178 1148 729 283 179 830 476 1051 189 335 550 799 455 392 467 395 156 490 219 365 321 301 217 872 109 792 671 904 767 478 265 882 348 962 484 665 496 1102 933 705 1017 560 643 676
639 640 753 914 201 382 457 259 287 402 584 423 882 156 506 695 859 649 233 491 570 289 606 257 560 118 365 630 930 597 633 348 800 339 302 438 212 85 513 584 866 925 441 805 0 230 451 932 625 728 279 869 646 701 593 374 644 409 86 617 866 428 331 419 649 483 743 535 691 858 432 719 890 337 613 751 636 550 944 78 872 828 451 633 389 344 690 527 847 965 685 453 855 380 906 112 240 722 174 730
627 424 656 956 431 245 659 452 153 334 726 574 882 75 332 491 824 648 180 279 364 305 644 486 354 306 151 723 775 393 552 148 693 562 116 394 176 186 348 458 799 954 245 621 230 0 564 974 651 750 75 701 681 518 468 353 483 637 145 398 715 550 163 623 446 285 710 623 633 763 203 640 730 247 462 660 532 422 790 308 703 857 261 738 490 245 569 648 742 1017 637 260 791 606 963 191 470 695 72 740
342 791 582 490 418 478 295 250 470 372 173 99 510 515 590 792 545 327 397 668 707 278 229 408 701 538 600 181 849 721 473 712 635 373 531 331 648 412 576 535 607 512 808 822 451 564 0 506 263 346 548 829 263 738 540 296 647 456 476 784 785 27 514 289 752 628 452 99 464 656 693 525 826 407 605 569 520 523 857 433 835 423 825 182 75 421 588 84 670 529 440 824 597 405 469 391 441 425 496 367
372 1011 558 18 924 783 742 756 835 661 482 584 183 950 827 963 320 342 795 947 941 675 332 912 939 1033 942 336 813 938 544 1110 588 864 895 595 1104 873 803 683 437 56 1195 904 932 974 506 0 324 228 929 848 294 870 680 623 784 934 934 1019 771 533 859 753 942 897 355 408 456 545 1025 510 818 742 752 539 607 700 811 930 854 123 1215 357 550 749 646 459 586 58 429 1212 433 887 63 847 946 350 921 250
104 724 368 306 653 466 556 494 511 341 353 362 261 628 528 694 282 75 471 640 647 353 36 655 644 733 622 203 648 650 291 786 417 633 572 275 784 559 506 408 352 305 872 674 625 651 263 324 0 103 605 651 37 614 408 299 521 718 617 728 590 288 537 552 664 592 196 179 240 419 708 307 636 419 482 351 353 414 653 634 657 208 892 243 272 428 412 270 441 369 210 889 342 667 318 531 683 170 598 110
148 792 380 210 750 555 628 588 608 432 399 441 164 730 603 752 221 115 572 721 719 456 124 749 717 835 714 233 657 718 334 883 422 719 667 366 887 662 579 467 317 204 967 712 728 750 346 228 103 0 702 674 86 664 465 397 574 801 720 799 605 373 630 629 727 671 177 251 258 405 797 323 652 514 539 361 399 479 659 736 680 108 987 273 367 521 448 333 436 279 228 984 308 751 234 634 778 158 699 40
573 362 585 910 474 175 677 470 94 275 716 571 827 130 257 423 762 596 151 213 296 276 603 527 286 369 86 696 699 325 484 181 621 596 42 339 251 216 273 384 732 905 269 548 279 75 548 929 605 702 0 626 638 444 394 307 407 676 194 338 640 537 89 643 377 214 650 596 568 691 162 571 655 189 387 590 461 348 714 355 629 809 288 715 473 184 496 632 669 974 574 285 723 640 921 211 515 636 105 689
548 360 294 835 1026 487 1098 937 583 504 978 914 669 748 370 266 534 581 639 444 364 647 681 1063 373 979 557 850 91 336 365 732 260 1095 588 513 874 785 358 307 423 797 755 110 869 701 829 848 651 674 626 0 683 190 299 572 224 1188 798 389 82 841 548 1077 291 420 502 794 417 313 562 351 47 540 257 313 310 332 107 931 6 743 773 889 782 530 244 881 269 906 448 767 424 1141 883 763 1068 517 715 636
136 761 397 275 664 501 550 502 544 376 335 359 250 656 565 731 289 103 501 677 684 381 40 663 681 752 657 177 678 687 326 818 445 635 605 311 811 583 543 444 369 279 905 709 646 681 263 294 37 86 638 683 0 650 444 331 557 718 642 765 621 289 571 548 701 628 215 171 269 442 743 337 667 453 519 380 389 451 682 652 689 182 925 218 281 462 446 258 467 337 239 922 359 668 284 556 693 190 627 105
520 186 327 854 871 325 981 802 413 376 901 811 705 570 195 103 583 555 479 254 175 513 636 913 184 806 371 797 275 148 330 542 323 956 409 407 688 620 190 209 492 825 567 105 701 518 738 870 614 664 444 190 650 0 207 452 93 1048 625 211 231 743 372 956 108 233 515 723 414 398 373 364 228 388 135 344 266 215 291 768 191 753 585 833 679 376 226 802 358 927 441 579 489 1003 893 601 914 520 539 631
318 331 197 663 734 224 800 638 324 207 698 620 528 496 171 288 422 353 361 297 267 350 429 768 268 709 353 590 343 260 136 547 227 797 352 215 643 508 146 10 359 639 604 282 593 468 540 680 408 465 394 299 444 207 0 272 114 890 532 342 277 548 305 778 263 249 333 518 231 301 405 201 308 257 75 206 81 46 356 648 304 559 624 626 487 250 101 600 275 735 253 619 353 842 697 483 776 332 460 434
278 495 390 604 477 187 531 367 214 77 467 360 532 338 294 498 489 296 177 378 411 88 296 504 405 491 332 406 611 425 267 487 440 526 275 67 498 294 281 265 492 601 575 544 374 353 296 623 299 397 307 572 331 452 272 0 366 619 341 489 545 297 244 507 457 335 374 311 318 491 422 350 579 126 325 385 285 244 623 410 577 504 594 432 230 137 349 371 486 667 311 591 481 571 615 265 517 354 306 388
429 239 258 768 804 263 897 724 359 293 809 723 624 526 151 179 508 464 416 252 193 434 543 843 198 754 346 704 292 176 241 532 267 881 368 317 658 561 135 116 427 741 572 178 644 483 647 784 521 574 407 224 557 93 114 366 0 973 574 256 233 654 325 873 162 215 431 630 329 345 371 285 249 318 42 273 177 124 307 707 228 665 592 740 590 307 150 710 308 841 355 586 422 927 805 539 847 435 492 542
786 1025 994 920 209 726 199 253 654 684 459 360 964 563 859 1065 999 777 576 877 948 541 685 152 939 383 759 600 1231 972 873 755 1047 93 689 683 590 460 859 882 1051 951 843 1148 409 637 456 934 718 801 676 1188 718 1048 890 619 973 0 493 1006 1164 430 705 181 1019 858 899 550 892 1083 836 943 1198 659 934 985 902 857 1242 332 1193 869 851 577 455 672 968 478 1089 943 873 854 1040 51 885 468 175 873 574 823
617 556 703 916 286 313 525 321 214 354 624 466 867 70 430 614 831 631 177 407 488 266 603 341 478 181 280 649 863 516 587 272 747 419 220 400 173 64 440 523 827 921 367 729 86 145 476 934 617 720 194 798 642 625 532 341 574 493 0 533 800 457 253 489 567 402 715 551 654 809 346 675 821 279 545 703 582 488 877 163 801 824 379 658 407 284 631 558 795 971 651 380 817 462 913 88 325 696 89 718
651 31 514 1002 810 309 980 782 355 416 957 838 870 466 202 124 760 684 437 130 81 519 742 860 85 704 253 885 479 82 479 373 521 922 319 471 547 550 222 338 683 980 375 283 617 398 784 1019 728 799 338 389 765 211 342 489 256 1006 533 0 441 783 303 949 103 158 675 796 573 599 207 537 432 382 276 529 421 320 495 693 389 898 392 915 715 368 406 860 560 1074 595 385 678 967 1033 539 852 674 444 771
486 414 225 758 1012 487 1062 912 587 483 927 874 591 756 384 322 455 518 634 476 403 626 622 1045 411 979 578 792 67 378 313 762 185 1071 600 482 891 781 367 286 342 719 795 179 866 715 785 771 590 605 640 82 621 231 277 545 233 1164 800 441 0 798 557 1043 339 445 430 742 352 232 596 285 47 531 255 244 267 317 78 924 87 669 813 832 743 522 199 831 189 830 383 807 344 1116 809 757 1053 447 722 566
363 791 599 517 391 475 274 223 461 374 179 78 536 498 590 795 569 350 386 665 706 270 255 381 700 513 592 206 863 721 487 698 652 347 521 337 628 393 578 543 629 539 795 830 428 550 27 533 288 373 537 841 289 743 548 297 654 430 457 783 798 0 507 266 754 626 474 126 483 676 685 542 839 403 612 586 533 530 871 409 846 450 811 205 68 417 600 100 688 555 459 810 619 380 496 373 414 448 481 393
496 321 496 840 513 86 681 480 52 198 686 552 748 201 178 365 677 521 135 174 244 237 538 561 234 434 88 647 617 269 396 259 532 619 47 264 338 254 191 295 644 832 338 476 331 163 514 859 537 630 89 548 571 372 305 244 325 705 253 303 557 507 0 649 319 154 567 550 482 602 180 482 574 119 302 501 372 259 632 402 550 738 357 670 440 110 407 596 580 906 490 354 635 665 855 239 555 554 168 615
629 964 856 739 262 648 38 172 597 580 279 190 790 553 779 989 834 616 514 821 882 443 517 216 873 444 718 420 1109 902 739 760 910 130 644 564 627 437 773 771 895 771 855 1051 419 623 289 753 552 629 643 1077 548 956 778 507 873 181 489 949 1043 266 649 0 944 794 740 378 745 938 805 802 1081 576 832 845 777 751 1119 357 1082 692 867 396 306 590 845 300 948 762 723 868 884 138 704 434 256 714 553 653
580 79 419 925 831 296 972 782 367 381 922 816 786 507 166 46 671 614 443 168 83 503 683 878 93 746 296 834 379 53 398 449 423 930 348 426 609 573 176 260 588 900 465 189 649 446 752 942 664 727 377 291 701 108 263 457 162 1019 567 103 339 754 319 944 0 166 591 752 489 499 279 447 332 368 190 435 336 251 395 720 291 822 483 867 687 354 312 824 460 998 514 477 583 977 960 558 874 593 479 697
525 170 444 880 667 151 824 627 204 264 801 680 762 342 78 212 667 556 284 50 90 361 602 715 81 581 137 736 499 115 376 317 466 771 182 323 455 408 103 241 608 863 361 335 483 285 628 897 592 671 214 420 628 233 249 335 215 858 402 158 445 626 154 794 166 0 568 645 471 543 159 450 453 224 209 454 329 211 515 555 422 775 380 764 558 210 339 705 512 950 487 375 602 817 905 394 710 563 314 648
114 663 208 340 810 482 747 662 558 377 548 551 195 708 493 610 116 125 546 618 599 454 232 821 599 859 641 391 481 593 196 826 246 811 610 319 868 666 468 338 157 310 900 550 743 710 452 355 196 177 650 502 215 515 333 374 431 899 715 675 430 474 567 740 591 568 0 374 102 230 712 155 478 463 401 189 255 360 483 769 508 242 920 432 445 466 290 466 259 413 81 916 146 848 384 637 844 27 674 137
271 799 528 392 516 499 379 349 510 381 185 190 413 581 596 789 458 250 446 689 716 321 143 507 711 629 637 100 804 726 430 769 580 470 573 327 724 487 579 515 531 413 863 799 535 623 99 408 179 251 596 794 171 723 518 311 630 550 551 796 742 126 550 378 752 645 374 0 403 591 729 468 785 435 589 513 485 510 810 525 799 324 880 121 146 447 550 93 610 434 376 879 520 501 375 464 540 348 558 276
136 561 128 440 781 396 757 645 480 303 587 561 297 639 395 508 197 166 479 520 498 404 273 799 498 809 551 442 409 491 96 740 178 801 527 255 797 610 369 236 174 411 810 455 691 633 464 456 240 258 568 417 269 414 231 318 329 892 654 573 352 483 482 745 489 471 102 403 0 193 618 67 398 388 299 111 153 260 413 726 423 339 831 483 440 388 192 496 207 513 31 826 164 841 480 582 818 106 603 222
319 578 107 534 964 518 950 835 614 457 771 753 363 783 467 501 226 344 633 587 538 579 454 986 542 975 654 619 268 521 225 848 78 991 649 424 936 774 442 310 111 492 903 392 858 763 656 545 419 405 691 313 442 398 301 491 345 1083 809 599 232 676 602 938 499 543 230 591 193 0 701 142 277 532 336 107 231 345 266 900 318 451 923 660 633 529 204 684 44 603 217 918 113 1033 587 746 1003 253 747 365
656 236 601 1007 631 243 839 633 224 367 864 725 902 277 234 318 816 684 302 120 199 416 713 685 190 507 93 827 647 228 525 171 625 757 165 433 340 377 259 396 763 995 202 467 432 203 693 1025 708 797 162 562 743 373 405 422 371 836 346 207 596 685 180 805 279 159 712 729 618 701 0 603 600 296 367 610 484 364 662 509 564 903 222 850 619 286 497 775 671 1075 632 216 756 801 1026 373 672 704 262 778
203 522 61 495 822 396 815 694 487 321 652 620 342 653 372 461 224 234 498 498 465 438 340 844 467 837 544 510 342 455 88 736 112 851 529 283 809 636 346 209 162 463 800 395 719 640 525 510 307 323 571 351 337 364 201 350 285 943 675 537 285 542 482 802 447 450 155 468 67 142 603 0 331 400 261 45 120 239 346 760 357 397 821 550 496 399 138 560 146 568 98 816 154 893 539 608 861 166 617 285
532 404 272 805 1041 509 1101 946 607 515 971 914 638 774 398 310 501 564 659 480 403 658 667 1076 411 1002 589 837 47 376 356 768 232 1105 616 518 905 806 383 317 388 766 795 156 890 730 826 818 636 652 655 47 667 228 308 579 249 1198 821 432 47 839 574 1081 332 453 478 785 398 277 600 331 0 557 277 291 306 345 63 950 50 716 813 877 782 548 239 875 234 876 429 807 390 1150 856 783 1083 494 741 613
384 392 425 723 486 73 605 416 96 87 580 456 638 253 203 412 577 407 104 261 308 137 420 526 301 452 206 531 596 327 312 369 468 568 153 150 410 251 200 247 557 717 453 490 337 247 407 742 419 514 189 540 453 388 257 126 318 659 279 382 531 403 119 576 368 224 463 435 388 532 296 400 557 0 282 426 304 214 609 393 544 622 473 555 336 14 354 487 517 788 390 470 548 615 737 227 529 448 217 500
393 262 242 735 768 232 856 685 331 252 767 681 596 501 136 213 484 427 383 251 206 394 503 806 208 725 332 663 318 194 207 522 259 842 346 275 638 529 115 75 411 710 569 219 613 462 605 752 482 539 387 257 519 135 75 325 42 934 545 276 255 612 302 832 190 209 401 589 299 336 367 261 277 282 0 255 146 82 332 674 261 632 589 698 548 272 134 668 304 808 323 584 405 888 771 507 811 403 466 508
247 512 20 525 860 415 859 735 510 350 697 664 366 678 377 445 239 277 526 501 461 473 384 883 463 869 557 554 298 448 119 750 67 892 547 318 832 667 351 214 156 490 810 365 751 660 569 539 351 361 590 313 380 344 206 385 273 985 703 529 244 586 501 845 435 454 189 513 111 107 610 45 291 426 255 0 129 248 303 794 319 430 830 594 539 423 123 605 104 597 141 825 150 935 571 639 899 204 642 323
256 408 124 590 761 287 796 650 383 235 669 608 450 553 252 356 341 291 407 377 347 371 379 789 348 753 428 546 332 339 64 621 164 809 418 220 705 551 226 89 280 564 682 321 636 532 520 607 353 399 461 310 389 266 81 285 177 902 582 421 267 533 372 777 336 329 255 485 153 231 484 120 306 304 146 129 0 120 342 685 315 488 702 584 476 299 68 571 213 663 178 697 273 853 628 524 801 257 517 365
332 313 240 682 696 179 774 606 279 173 686 599 555 450 134 282 456 365 318 260 241 316 432 731 240 665 309 587 382 239 165 503 273 764 306 193 597 465 109 36 400 661 562 301 550 422 523 700 414 479 348 332 451 215 46 244 124 857 488 320 317 530 259 751 251 211 360 510 260 345 364 239 345 214 82 248 120 0 395 607 336 578 582 622 466 206 147 587 321 754 279 578 392 809 713 441 738 356 415 451
549 467 285 800 1090 564 1137 989 663 562 995 947 629 832 458 372 492 580 712 543 466 704 686 1123 474 1057 650 856 16 439 385 830 238 1148 675 559 965 859 442 365 375 758 858 217 944 790 857 811 653 659 714 107 682 291 356 623 307 1242 877 495 78 871 632 1119 395 515 483 810 413 266 662 346 63 609 332 303 342 395 0 1002 108 715 876 896 817 601 275 901 227 869 444 870 379 1193 853 836 1132 502 798 620
661 715 798 913 124 445 395 212 355 449 549 390 895 233 573 767 883 667 292 565 643 322 612 181 633 104 441 615 989 670 676 423 846 267 375 477 271 148 579 639 900 927 513 872 78 308 433 930 634 736 355 931 652 768 648 410 707 332 163 693 924 409 402 357 720 555 769 525 726 900 509 760 950 393 674 794 685 607 1002 0 935 832 522 613 380 402 742 504 893 959 717 524 889 306 899 168 162 747 250 743
554 360 300 840 1030 491 1103 942 587 509 984 919 675 751 373 265 540 587 643 445 365 652 687 1067 374 982 559 856 93 337 370 733 266 1100 591 518 876 789 361 312 428 803 756 109 872 703 835 854 657 680 629 6 689 191 304 577 228 1193 801 389 87 846 550 1082 291 422 508 799 423 318 564 357 50 544 261 319 315 336 108 935 0 748 774 895 787 534 249 887 275 912 454 768 429 1145 889 767 1072 523 718 642
249 890 449 105 837 661 686 671 715 540 438 510 116 836 704 844 234 219 679 824 819 561 222 831 817 933 821 274 715 817 425 990 484 793 775 474 992 765 680 562 348 98 1075 792 828 857 423 123 208 108 809 743 182 753 559 504 665 869 824 898 669 450 738 692 822 775 242 324 339 451 903 397 716 622 632 430 488 578 715 832 748 0 1094 307 456 629 530 392 488 176 311 1091 342 821 142 737 863 233 806 127
853 422 821 1196 643 439 904 700 380 555 987 833 1105 320 455 515 1028 878 434 340 410 560 890 701 403 475 280 981 860 437 739 113 846 789 319 621 266 435 480 615 982 1189 20 671 451 261 825 1215 892 987 288 773 925 585 624 594 592 851 379 392 813 811 357 867 483 380 920 880 831 923 222 821 813 473 589 830 702 582 876 522 774 1094 0 998 751 466 719 909 893 1261 841 7 974 828 1209 447 676 909 331 972
347 917 611 344 584 619 385 417 630 500 131 235 416 693 714 903 494 318 564 809 835 439 210 564 830 717 757 41 891 844 525 885 660 509 693 445 830 594 696 624 584 378 980 904 633 738 182 357 243 273 715 889 218 833 626 432 740 577 658 915 832 205 670 396 867 764 432 121 483 660 850 550 877 555 698 594 584 622 896 613 895 307 998 0 251 567 647 110 684 368 453 996 575 531 309 572 601 407 672 308
331 723 551 533 383 407 321 222 395 307 246 133 531 443 523 728 547 324 322 597 638 203 243 383 632 483 526 242 808 653 435 638 604 366 456 273 580 343 511 481 596 549 734 767 389 490 75 550 272 367 473 782 281 679 487 230 590 455 407 715 743 68 440 306 687 558 445 146 440 633 619 496 782 336 548 539 476 466 817 380 787 456 751 251 0 349 544 158 642 579 419 750 585 404 520 321 412 419 423 381
389 378 422 731 497 59 618 429 92 91 593 470 643 255 189 399 579 413 112 248 294 151 429 537 287 459 196 542 587 313 310 364 464 581 147 156 411 259 187 240 557 724 446 478 344 245 421 749 428 521 184 530 462 376 250 137 307 672 284 368 522 417 110 590 354 210 466 447 388 529 286 399 548 14 272 423 299 206 601 402 534 629 466 567 349 0 348 500 513 796 392 463 547 627 746 235 540 452 219 507
311 389 109 630 822 326 863 715 425 293 735 675 479 597 263 324 359 346 458 384 339 433 440 852 342 806 452 609 265 325 122 645 128 874 453 285 744 604 239 112 278 600 699 265 690 569 588 646 412 448 496 244 446 226 101 349 150 968 631 406 199 600 407 845 312 339 290 550 192 204 497 138 239 354 134 123 68 147 275 742 249 530 719 647 544 348 0 638 175 703 220 713 273 919 672 578 863 298 561 412
364 866 620 444 474 556 296 307 552 445 99 126 491 598 663 862 547 342 480 747 782 360 234 456 776 608 682 123 894 794 519 796 672 406 614 399 728 493 648 596 623 473 892 882 527 648 84 459 270 333 632 881 258 802 600 371 710 478 558 860 831 100 596 300 824 705 466 93 496 684 775 560 875 487 668 605 571 587 901 504 887 392 909 110 158 500 638 0 702 474 469 908 612 430 415 473 492 440 579 362
340 539 96 574 962 497 961 838 595 446 792 766 404 766 437 460 267 367 619 555 502 574 476 986 507 965 628 643 227 484 219 821 49 996 627 419 917 763 413 285 154 533 873 348 847 742 670 586 441 436 669 269 467 358 275 486 308 1089 795 560 189 688 580 948 460 512 259 610 207 44 671 146 234 517 304 104 213 321 227 893 275 488 893 684 642 513 175 702 0 644 234 887 155 1038 626 736 1002 280 730 396
425 1066 617 73 945 832 748 778 880 709 486 600 240 990 880 1020 378 393 837 999 995 715 373 930 994 1062 991 352 871 993 601 1154 646 877 941 643 1142 909 856 739 495 112 1241 962 965 1017 529 58 369 279 974 906 337 927 735 667 841 943 971 1074 830 555 906 762 998 950 413 434 513 603 1075 568 876 788 808 597 663 754 869 959 912 176 1261 368 579 796 703 474 644 0 486 1258 490 898 59 883 965 407 962 303
106 584 159 413 767 404 734 628 484 304 558 537 276 639 412 534 188 136 478 537 518 396 244 784 518 802 562 413 439 513 116 749 207 782 534 251 798 605 387 257 184 387 821 484 685 637 440 429 210 228 574 448 239 441 253 311 355 873 651 595 383 459 490 723 514 487 81 376 31 217 632 98 429 390 323 141 178 279 444 717 454 311 841 453 419 392 220 469 234 486 0 837 173 822 452 576 804 80 604 192
850 416 816 1193 646 435 906 701 378 552 986 833 1101 320 450 508 1024 875 433 335 404 559 888 704 397 479 276 979 854 431 735 113 841 791 317 618 269 436 475 611 977 1186 17 665 453 260 824 1212 889 984 285 767 922 579 619 591 586 854 380 385 807 810 354 868 477 375 916 879 826 918 216 816 807 470 584 825 697 578 870 524 768 1091 7 996 750 463 713 908 887 1258 837 0 970 830 1206 447 679 905 331 969
255 661 164 421 940 549 892 798 638 465 694 695 250 800 524 591 113 271 642 649 611 568 378 955 613 973 698 534 381 598 239 890 170 950 681 418 958 774 498 361 11 379 954 496 855 791 597 433 342 308 723 424 359 489 353 481 422 1040 817 678 344 619 635 884 583 602 146 520 164 113 756 154 390 548 405 150 273 392 379 889 429 342 974 575 585 547 273 612 155 490 173 970 0 989 476 745 976 173 764 270
735 986 944 873 186 682 161 204 614 637 416 311 914 531 815 1023 948 726 534 838 907 494 634 127 898 368 723 553 1182 931 823 728 997 46 651 634 571 425 814 834 1000 903 819 1102 380 606 405 887 667 751 640 1141 668 1003 842 571 927 51 462 967 1116 380 665 138 977 817 848 501 841 1033 801 893 1150 615 888 935 853 809 1193 306 1145 821 828 531 404 627 919 430 1038 898 822 830 989 0 840 430 160 822 540 773
382 1026 591 63 886 783 691 718 828 659 430 541 230 934 837 984 365 349 783 954 953 660 319 871 951 1003 941 293 853 952 564 1101 624 819 890 593 1085 852 813 700 481 114 1190 933 906 963 469 63 318 234 921 883 284 893 697 615 805 885 913 1033 809 496 855 704 960 905 384 375 480 587 1026 539 856 737 771 571 628 713 853 899 889 142 1209 309 520 746 672 415 626 59 452 1206 476 840 0 826 906 374 906 263
536 558 641 829 274 277 470 262 190 290 544 388 784 127 406 604 753 548 124 409 483 184 516 322 473 230 292 563 822 509 521 335 688 385 221 327 260 29 411 473 756 835 432 705 112 191 391 847 531 634 211 763 556 601 483 265 539 468 88 539 757 373 239 434 558 394 637 464 582 746 373 608 783 227 507 639 524 441 836 168 767 737 447 572 321 235 578 473 736 883 576 447 745 430 826 0 316 617 119 633
732 873 906 930 43 589 291 191 507 571 508 366 942 396 720 920 953 730 435 723 799 431 655 40 789 209 601 613 1119 825 782 581 957 134 533 584 416 302 724 767 987 953 669 1017 240 470 441 946 683 778 515 1068 693 914 776 517 847 175 325 852 1053 414 555 256 874 710 844 540 818 1003 672 861 1083 529 811 899 801 738 1132 162 1072 863 676 601 412 540 863 492 1002 965 804 679 976 160 906 316 0 819 411 793
88 664 223 334 785 470 720 637 544 362 523 524 199 690 489 614 137 99 528 613 597 433 206 796 597 837 630 367 499 592 196 813 264 784 597 302 850 645 463 336 183 307 889 560 722 695 425 350 170 158 636 517 190 520 332 354 435 873 696 674 447 448 554 714 593 563 27 348 106 253 704 166 494 448 403 204 257 356 502 747 523 233 909 407 419 452 298 440 280 407 80 905 173 822 374 617 819 0 656 119
584 467 640 902 370 237 588 381 136 300 656 503 838 36 346 525 789 602 129 318 399 247 589 424 389 268 191 659 783 427 528 218 681 496 131 355 194 116 358 450 774 903 316 643 174 72 496 921 598 699 105 715 627 539 460 306 492 574 89 444 722 481 168 553 479 314 674 558 603 747 262 617 741 217 466 642 517 415 798 250 718 806 331 672 423 219 561 579 730 962 604 331 764 540 906 119 411 656 0 693
122 764 342 232 763 537 654 603 595 417 433 464 152 724 577 721 187 94 564 698 692 452 139 765 691 840 697 268 618 690 302 870 383 740 654 351 882 662 553 437 279 217 952 676 730 740 367 250 110 40 689 636 105 631 434 388 542 823 718 771 566 393 615 653 697 648 137 276 222 365 778 285 613 500 508 323 365 451 620 743 642 127 972 308 381 507 412 362 396 303 192 969 270 773 263 633 793 119 693 0
