# TTSP Euclidean complete-graph matrix instance
# seed: 2057
# depot: 1
# L_max is not stored in this file; pass it with --budget when running algorithms.
# coordinate rows: node x y
# coord 1 950.624881 458.465474
# coord 2 751.104344 801.951401
# coord 3 625.372336 534.316101
# coord 4 575.427565 784.550115
# coord 5 681.348563 986.923620
# coord 6 252.807158 251.578713
# coord 7 834.326604 369.968468
# coord 8 270.310788 700.042412
# coord 9 781.692129 122.107869
# coord 10 27.257127 532.564055
# coord 11 138.195409 572.239941
# coord 12 347.345579 907.332700
# coord 13 496.182871 979.668173
# coord 14 517.735359 569.162411
# coord 15 829.965601 400.803845
# coord 16 267.872280 350.590804
# coord 17 847.758933 111.772298
# coord 18 313.714127 254.532377
# coord 19 945.448876 691.732492
# coord 20 440.138645 782.044800
# coord 21 568.765630 878.027063
# coord 22 256.987177 186.064599
# coord 23 701.999324 525.768805
# coord 24 764.263175 659.109005
# coord 25 496.403882 500.909216
# coord 26 383.391099 578.837631
# coord 27 515.556192 642.026078
# coord 28 380.495525 534.468361
# coord 29 785.082696 990.108795
# coord 30 387.623948 17.657578
# coord 31 600.282234 559.251203
# coord 32 191.851382 131.356719
# coord 33 609.720050 866.732634
# coord 34 976.442073 275.481551
# coord 35 392.679216 263.973518
# coord 36 171.018147 705.681796
# coord 37 968.178866 531.708524
# coord 38 352.143326 339.176546
# coord 39 834.729258 699.693839
# coord 40 194.569016 968.400371
# coord 41 353.258673 909.556081
# coord 42 869.645567 791.325196
# coord 43 497.051699 840.111826
# coord 44 627.087400 66.535308
# coord 45 949.214757 233.340878
# coord 46 749.880551 540.978529
# coord 47 335.998790 177.057486
# coord 48 621.701193 686.008704
# coord 49 253.767493 229.873940
# coord 50 444.110848 287.418690
# coord 51 258.004610 567.755662
# coord 52 330.987549 465.778485
# coord 53 451.019355 731.151990
# coord 54 45.912886 833.616646
# coord 55 744.936858 756.502996
# coord 56 648.010373 241.179862
# coord 57 370.036487 464.958423
# coord 58 998.456923 737.409354
# coord 59 218.958119 690.823934
# coord 60 384.006451 591.648880
# coord 61 364.340594 905.956321
# coord 62 433.043993 299.111584
# coord 63 50.054086 799.937551
# coord 64 316.351629 259.037113
# coord 65 798.858782 66.626621
# coord 66 132.949214 957.818469
# coord 67 442.183820 305.075724
# coord 68 3.584069 348.787236
# coord 69 538.555838 655.158937
# coord 70 966.091851 699.252507
# coord 71 479.222285 715.930982
# coord 72 599.158264 112.984719
# coord 73 188.914119 201.893872
# coord 74 982.167395 872.246395
# coord 75 643.710064 903.911858
# coord 76 230.714231 38.756239
# coord 77 674.965550 248.666398
# coord 78 472.181724 59.750197
# coord 79 702.787135 290.934401
# coord 80 109.179942 539.387567
# coord 81 806.433818 316.271416
# coord 82 370.504664 798.913429
# coord 83 330.341763 844.508660
# coord 84 458.168637 666.638558
# coord 85 423.803423 109.463838
# coord 86 817.540963 728.975507
# coord 87 570.859611 685.859525
# coord 88 330.467433 651.469205
# coord 89 963.524915 985.164400
# coord 90 712.318254 434.981897
# coord 91 971.432608 309.184413
# coord 92 547.059746 713.858211
# coord 93 255.333987 491.553425
# coord 94 256.505616 737.140142
# coord 95 939.131354 275.433119
# coord 96 125.552980 80.834252
# coord 97 394.693655 207.680082
# coord 98 786.947030 123.170608
# coord 99 387.546313 191.098846
# coord 100 106.242787 749.759748
# reference_nearest_neighbor_tour_cost: 9185
TTSP_MATRIX
100
0 67 63 16 55 12 27 55 53 49 85 64 70 97 1 75 58 13 90 71 45 51 97 12 84 91 43 42 7 78 9 9 7 30 1 16 11 15 34 86 91 46 8 15 65 40 63 13 26 63 53 6 2 13 11 10 33 60 82 81 65 39 79 31 87 73 34 8 48 26 60 100 45 30 98 92 42 47 50 1 33 43 11 58 92 40 97 17 92 78 31 86 33 90 24 77 60 29 59 38
0 397 334 497 593 728 146 722 376 926 820 752 691 447 134 691 362 669 233 604 567 745 258 274 456 580 472 575 557 715 365 826 532 185 591 818 75 610 268 912 749 343 593 508 225 217 676 400 733 535 701 620 569 979 362 373 581 283 768 582 738 542 963 665 420 958 531 953 457 241 537 493 804 415 541 833 346 623 299 845 203 673 731 535 632 301 443 649 527 239 151 478 696 748 183 907 610 373 623 893
397 0 296 177 198 742 440 491 681 772 655 417 311 330 409 661 697 701 223 312 198 790 281 143 394 430 285 457 191 864 286 873 156 573 646 588 347 611 132 581 412 119 257 746 602 261 750 174 758 599 546 538 308 706 46 570 509 256 544 423 401 595 701 696 737 638 585 874 258 238 285 706 822 242 148 924 558 793 513 694 489 381 423 323 766 99 214 447 281 369 540 222 585 499 559 955 693 680 711 647
334 296 0 255 456 468 266 392 441 598 489 465 464 113 244 402 477 419 357 309 348 507 77 187 133 246 154 245 483 569 35 592 333 436 357 486 343 336 267 612 464 355 332 468 442 125 460 152 480 306 369 302 263 652 252 294 265 425 436 248 454 304 634 414 499 649 293 649 149 379 233 422 549 491 370 634 290 499 255 516 283 367 428 213 470 274 161 317 564 132 413 196 373 421 407 675 400 442 418 562
497 177 255 0 228 623 489 317 694 603 486 259 211 223 460 532 726 591 381 135 94 678 288 227 294 281 155 317 294 790 227 757 89 648 552 412 467 498 273 423 255 294 96 720 666 300 653 109 641 514 384 402 135 532 172 548 380 426 369 272 244 506 526 586 752 475 498 719 135 400 118 672 699 416 138 822 545 732 510 527 522 205 252 166 692 248 99 279 437 375 619 76 434 322 626 835 605 694 622 470
593 198 456 228 0 851 636 501 871 796 683 343 185 449 605 759 891 819 396 316 157 906 462 338 520 505 383 543 104 1013 435 986 140 770 778 583 538 727 326 487 337 272 236 922 800 451 880 307 869 739 596 628 344 654 239 746 608 404 549 495 327 731 658 814 928 549 723 931 361 405 338 878 927 322 91 1050 738 950 696 726 682 363 379 390 914 292 321 485 282 553 737 304 653 493 757 1063 830 870 848 622
728 742 468 623 851 0 593 449 545 360 341 663 768 414 596 100 611 61 821 563 702 66 526 654 349 352 471 310 910 270 464 135 711 724 140 461 768 132 734 719 666 820 637 418 697 575 112 570 22 195 316 228 519 618 705 395 243 890 441 365 664 186 585 64 577 716 197 268 494 842 517 373 81 958 760 214 422 291 452 322 557 560 598 463 222 739 538 407 1021 495 721 548 240 486 687 213 149 549 148 519
146 440 266 489 636 593 0 654 253 823 725 725 697 374 31 567 259 533 340 570 573 606 204 298 362 497 419 483 622 569 301 685 545 171 454 743 210 483 330 876 723 423 579 367 179 191 534 381 597 399 609 512 527 915 397 226 474 402 694 502 713 407 894 530 305 915 397 831 411 355 496 348 667 524 567 689 200 477 153 745 61 632 692 479 486 359 411 577 629 138 150 448 592 685 141 765 469 251 481 821
722 491 392 317 501 449 654 0 772 295 184 221 359 280 635 349 824 448 675 189 347 514 466 496 301 166 252 199 591 692 359 574 378 824 453 99 718 370 564 279 225 606 267 727 824 505 527 352 470 448 133 242 183 261 478 594 255 729 52 157 226 433 242 443 825 292 431 441 272 696 210 673 505 732 425 662 606 671 595 228 659 141 156 191 610 548 301 77 750 515 803 277 209 40 792 636 508 774 522 171
376 681 441 694 871 545 253 772 0 859 785 897 904 519 283 562 67 486 593 743 785 529 411 537 474 606 584 575 868 408 473 590 764 248 414 845 450 481 580 1030 896 675 772 164 201 420 449 586 539 376 688 567 693 1024 635 179 536 652 800 615 888 391 997 485 58 1058 386 810 586 606 666 183 598 776 794 557 166 316 186 791 196 792 852 633 358 608 602 696 882 320 266 637 643 809 220 657 396 5 400 922
926 772 598 603 796 360 823 295 859 0 118 493 648 492 813 302 922 399 932 482 642 416 675 748 470 359 500 353 885 628 574 434 672 983 454 225 941 378 825 467 498 881 562 760 969 723 471 614 378 484 233 311 468 302 752 686 349 993 249 362 503 468 268 398 901 438 473 185 526 954 488 709 368 1014 720 534 707 649 717 82 809 434 435 451 580 814 565 326 1040 692 970 551 232 307 947 462 490 863 496 231
820 655 489 486 683 341 725 184 785 118 0 395 542 380 713 257 846 363 816 368 528 404 566 632 365 245 384 245 770 608 462 444 556 889 400 137 831 316 708 400 400 764 448 703 879 612 442 497 361 418 120 220 351 277 634 608 255 876 143 247 403 402 244 360 832 386 405 261 409 838 370 651 374 896 605 541 627 612 631 44 716 325 333 334 544 697 447 208 923 590 874 433 142 203 854 492 446 789 455 180
752 417 465 259 343 663 725 221 897 493 395 0 165 379 700 562 940 654 636 156 223 727 521 485 433 330 314 374 445 891 430 791 265 892 645 268 726 568 530 165 6 535 164 886 904 544 730 352 684 627 351 442 204 310 425 731 443 673 252 318 17 614 316 649 954 220 610 656 316 653 232 833 723 636 296 876 736 857 712 438 748 111 65 265 802 503 315 256 621 597 864 278 426 193 866 856 701 899 717 288
691 311 464 211 185 768 697 359 904 648 542 165 0 411 668 669 936 748 534 205 125 829 498 418 479 416 338 460 289 968 433 901 160 852 723 425 651 656 439 302 159 418 140 922 873 507 818 319 788 694 476 540 253 473 334 754 530 558 400 404 151 683 481 743 962 364 677 800 327 547 264 873 836 498 166 978 753 920 719 586 732 220 214 315 873 408 303 368 467 586 822 271 544 341 832 972 779 905 796 453
447 330 113 223 449 414 374 280 519 492 380 379 411 0 355 332 564 375 445 227 313 463 189 262 72 135 73 142 499 567 83 546 311 545 330 373 452 283 343 514 378 416 272 514 547 234 432 156 430 291 260 213 175 541 294 353 181 509 323 136 370 283 522 370 576 547 275 559 88 467 152 463 493 555 358 603 357 511 334 410 384 273 333 114 469 340 128 205 610 236 523 148 274 311 514 626 382 521 400 449
134 409 244 460 605 596 31 635 283 813 713 700 668 355 0 564 290 537 313 545 544 612 179 267 348 481 396 469 591 585 279 693 515 193 458 726 190 482 299 852 697 393 551 391 206 161 542 353 601 402 596 503 503 896 366 242 464 376 676 485 687 410 876 533 336 892 399 828 387 328 472 369 671 495 536 700 217 494 168 734 88 608 668 457 500 328 385 559 599 123 169 422 582 665 166 774 476 281 490 803
691 661 402 532 759 100 567 349 562 302 257 562 669 332 564 0 627 106 759 465 607 165 468 584 274 256 382 216 822 354 392 232 619 713 152 368 723 85 666 622 565 746 541 458 691 518 186 488 122 187 217 131 422 532 626 396 153 827 344 268 564 173 499 104 602 622 180 264 407 780 422 408 168 885 669 314 420 355 439 247 540 460 498 369 287 667 452 307 942 452 705 458 142 387 675 305 191 567 199 431
362 697 477 726 891 611 259 824 67 922 846 940 936 564 290 627 0 553 588 784 815 595 439 554 524 659 626 630 881 470 511 656 792 208 480 900 437 545 588 1077 939 680 808 225 158 440 516 617 606 440 745 626 736 1079 653 238 594 644 855 667 930 455 1054 551 67 1108 449 877 625 599 708 249 665 772 818 621 220 379 230 853 209 837 897 678 424 618 637 748 881 350 233 673 704 861 187 723 463 62 467 978
669 701 419 591 819 61 533 448 486 399 363 654 748 375 537 106 553 0 768 542 674 89 474 606 307 332 437 288 874 248 418 173 680 663 80 473 711 93 685 724 656 773 614 365 636 522 81 530 65 134 318 212 496 638 662 335 218 838 446 344 653 127 606 5 520 726 138 324 459 790 490 319 135 910 728 231 361 251 391 351 497 547 590 437 182 692 502 397 978 438 660 515 244 486 626 256 94 491 97 537
233 223 357 381 396 821 340 675 593 932 816 636 534 445 313 759 588 768 0 513 420 854 295 184 488 573 433 586 339 875 370 939 379 417 699 775 162 690 111 800 631 125 472 702 458 247 798 324 832 644 699 655 496 911 211 540 618 70 726 570 619 646 902 764 642 855 635 1002 409 22 467 674 901 184 369 968 519 790 469 850 400 585 634 488 782 133 375 616 294 347 383 399 719 690 416 1022 733 590 750 841
604 312 309 135 316 563 570 189 743 482 368 156 205 227 545 465 784 542 513 0 160 623 366 347 287 211 159 255 403 766 274 696 190 738 520 280 584 452 403 308 154 430 81 740 748 392 614 205 583 495 281 335 52 398 306 579 325 560 239 198 145 483 390 537 800 354 477 615 161 532 77 688 632 549 237 772 583 723 557 410 593 72 126 117 673 381 162 171 561 441 711 127 344 189 711 769 576 745 593 335
567 198 348 94 157 702 573 347 785 642 528 223 125 313 544 607 815 674 420 160 0 759 377 294 384 352 242 392 244 879 320 836 42 728 639 433 529 581 320 385 218 313 81 814 749 383 739 199 721 604 439 476 188 525 214 642 458 452 397 341 206 595 525 668 843 443 587 774 225 436 185 766 776 413 79 905 638 824 602 571 610 213 241 239 782 290 192 329 409 466 697 166 498 343 707 912 693 786 710 480
745 790 507 678 906 66 606 514 529 416 404 727 829 463 612 165 595 89 854 623 759 0 560 694 396 413 524 370 962 213 507 85 767 725 156 527 791 180 773 785 730 861 697 389 694 607 80 619 44 213 382 289 579 681 751 395 301 924 506 425 728 209 648 94 555 782 220 301 547 875 575 350 70 998 815 150 423 250 458 383 565 623 663 521 184 780 590 471 1067 519 725 602 305 551 688 168 139 534 131 584
258 281 77 288 462 526 204 466 411 675 566 521 498 189 179 468 439 474 295 366 377 560 0 147 207 323 220 322 472 598 107 645 353 371 405 561 266 397 219 673 519 314 375 465 383 50 506 179 537 351 446 376 324 725 235 290 337 364 510 325 508 352 707 469 469 714 341 720 208 316 293 425 607 446 383 678 278 520 235 593 234 430 490 282 501 234 207 392 529 91 346 244 448 493 345 728 442 411 459 636
274 143 187 227 338 654 298 496 537 748 632 485 418 262 267 584 554 606 184 347 294 694 147 0 311 389 249 404 332 744 192 779 259 438 542 595 240 522 81 648 481 169 323 608 464 119 645 145 667 491 514 474 321 739 99 434 439 247 546 386 470 489 728 601 593 698 479 822 226 206 291 571 735 305 273 818 420 667 373 666 345 418 472 306 647 88 195 434 382 230 407 224 536 514 422 862 583 536 601 664
456 394 133 294 520 349 362 301 474 470 365 433 479 72 348 274 524 307 488 287 384 396 207 311 0 137 142 121 568 495 119 479 383 530 259 384 473 217 392 556 433 473 339 454 526 257 361 224 364 220 248 169 235 560 357 301 131 555 336 144 426 212 537 302 529 584 203 516 160 510 216 401 429 611 429 533 309 442 294 389 361 324 382 170 398 394 199 224 673 226 512 219 241 337 497 560 310 477 328 463
580 430 246 281 505 352 497 166 606 359 245 330 416 135 481 256 659 332 573 211 352 413 323 389 137 0 146 44 575 561 218 487 366 666 315 247 587 242 467 433 332 531 285 567 663 368 405 261 372 298 126 125 167 423 403 429 115 635 199 13 328 284 400 327 660 454 280 444 173 595 167 513 424 667 416 561 440 527 430 277 498 220 271 115 471 459 216 90 708 359 647 212 155 203 633 561 371 609 388 326
472 285 154 155 383 471 419 252 584 500 384 314 338 73 396 382 626 437 433 159 242 524 220 249 142 146 0 173 440 637 118 605 244 589 398 350 466 344 324 458 313 384 199 586 596 255 498 115 488 362 268 255 110 507 256 422 229 492 301 141 304 353 492 432 641 496 345 590 26 454 82 536 548 520 292 667 424 584 398 419 437 214 274 62 540 314 71 185 564 286 564 78 301 276 560 683 451 586 469 423
575 457 245 317 543 310 483 199 575 353 245 374 460 142 469 216 630 288 586 255 392 370 322 404 121 44 173 0 609 517 221 445 404 650 271 271 588 197 483 472 376 552 327 529 644 369 360 285 330 255 127 85 209 449 427 397 70 650 225 57 372 241 424 283 628 490 238 420 199 608 207 475 384 690 454 518 410 483 404 271 479 265 314 153 427 478 243 127 737 346 632 245 132 238 616 520 327 578 343 349
557 191 483 294 104 910 622 591 868 885 770 445 289 499 591 822 881 874 339 403 244 962 472 332 568 575 440 609 0 1051 469 1044 214 740 825 677 494 782 295 591 439 216 325 937 774 451 929 345 927 781 675 694 423 756 237 761 669 331 640 565 429 776 759 868 924 653 766 1011 416 343 411 897 988 230 166 1101 750 982 704 812 674 457 477 460 952 263 372 567 179 560 706 365 727 586 731 1123 874 867 892 720
715 864 569 790 1013 270 569 692 408 628 608 891 968 567 585 354 470 248 875 766 879 213 598 744 495 561 637 517 1051 0 582 226 878 643 246 721 775 323 816 970 893 912 830 244 602 636 168 708 251 276 565 452 716 885 821 343 448 944 694 574 889 285 852 252 414 974 293 507 655 894 704 232 271 1041 923 158 369 94 417 591 514 781 829 653 99 831 693 636 1126 529 653 714 492 731 609 270 190 413 173 784
365 286 35 227 435 464 301 359 473 574 462 430 433 83 279 392 511 418 370 274 320 507 107 192 119 218 118 221 469 582 0 592 308 471 361 454 369 332 273 576 429 356 299 493 477 151 465 129 478 314 342 285 228 619 245 322 249 436 403 219 419 309 601 413 531 614 299 633 114 392 198 446 545 494 347 638 319 516 287 492 319 332 393 178 483 276 130 285 560 167 448 164 352 387 442 674 407 474 425 529
826 873 592 757 986 135 685 574 590 434 444 791 901 546 693 232 656 173 939 696 836 85 645 779 479 487 605 445 1044 226 592 0 846 798 241 575 873 262 858 837 795 946 772 440 764 692 151 702 116 297 441 362 653 717 835 469 378 1009 560 499 794 294 683 178 610 829 305 288 628 960 651 408 71 1083 895 100 497 289 535 416 642 691 726 598 233 865 672 538 1151 603 800 682 366 609 761 83 217 595 205 624
532 156 333 89 140 711 545 378 764 672 556 265 160 311 515 619 792 680 379 190 42 767 353 259 383 366 244 404 214 878 308 846 0 696 641 467 491 587 280 427 260 271 116 800 719 355 742 181 730 603 462 488 209 565 174 627 468 410 429 356 248 594 564 675 822 485 586 797 223 394 199 754 787 372 50 911 622 819 583 598 585 249 280 251 780 249 185 353 373 444 665 165 516 376 677 923 693 764 711 517
185 573 436 648 770 724 171 824 248 983 889 892 852 545 193 713 208 663 417 738 728 725 371 438 530 666 589 650 740 643 471 798 696 0 584 913 256 628 447 1045 889 527 741 407 50 349 648 543 724 532 776 673 695 1085 534 330 635 462 864 672 879 544 1065 660 274 1085 535 976 580 424 664 411 791 597 711 782 303 548 274 907 175 801 861 649 577 481 577 747 710 309 34 614 753 855 37 873 586 243 595 991
591 646 357 552 778 140 454 453 414 454 400 645 723 330 458 152 480 80 699 520 639 156 405 542 259 315 398 271 825 246 361 241 641 584 0 494 635 85 621 732 647 711 586 306 557 452 104 480 143 57 332 211 471 667 606 256 202 769 461 328 643 54 636 76 452 741 64 398 417 720 460 256 213 847 687 277 283 219 311 395 417 535 584 408 158 630 458 392 920 363 581 476 266 492 547 324 56 419 73 564
818 588 486 412 583 461 743 99 845 225 137 268 425 373 726 368 900 473 775 280 433 527 561 595 384 247 350 271 677 721 454 575 467 913 494 0 816 409 664 264 273 704 353 785 910 602 554 451 483 500 163 288 281 179 576 666 312 828 50 242 278 484 153 470 896 255 484 394 371 795 308 731 504 828 513 670 680 713 674 177 745 220 211 290 648 647 400 168 840 605 893 376 230 91 880 626 546 848 558 78
75 347 343 467 538 768 210 718 450 941 831 726 651 452 190 723 437 711 162 584 529 791 266 240 473 587 466 588 494 775 369 873 491 256 635 816 0 645 215 888 722 278 563 577 299 218 725 379 776 578 711 641 554 970 317 432 602 208 766 587 710 583 957 707 495 938 573 982 447 168 523 558 846 341 494 887 408 685 358 859 269 655 710 528 689 248 426 649 453 274 223 459 714 741 258 956 659 447 673 889
610 611 336 498 727 132 483 370 481 378 316 568 656 283 482 85 545 93 690 452 581 180 397 522 217 242 344 197 782 323 332 262 587 628 85 409 645 0 602 649 570 687 521 387 606 446 163 439 147 106 247 128 404 582 573 312 127 759 376 254 567 90 551 88 523 656 96 349 367 712 398 335 213 825 636 324 335 304 354 315 455 460 506 344 241 607 410 313 889 373 620 422 181 409 590 344 138 486 152 479
268 132 267 273 326 734 330 564 580 825 708 530 439 343 299 666 588 685 111 403 320 773 219 81 392 467 324 483 295 816 273 858 280 447 621 664 215 602 0 694 525 98 366 666 480 180 722 213 747 568 592 555 385 800 106 495 521 168 616 463 514 567 791 680 634 748 557 902 300 131 356 632 815 227 280 895 478 736 430 743 384 475 525 378 719 34 264 507 313 292 414 288 616 579 437 941 660 578 677 730
912 581 612 423 487 719 876 279 1030 467 400 165 302 514 852 622 1077 724 800 308 385 785 673 648 556 433 458 472 591 970 576 837 427 1045 732 264 888 649 694 0 169 698 329 1000 1053 701 804 512 741 725 406 521 349 201 590 857 533 836 279 422 181 711 222 720 1086 63 708 648 465 817 380 946 767 793 454 930 865 950 847 437 894 244 184 401 889 667 471 345 769 743 1019 435 481 239 1017 890 787 1032 801 236
749 412 464 255 337 666 723 225 896 498 400 6 159 378 697 565 939 656 631 154 218 730 519 481 433 332 313 376 439 893 429 795 260 889 647 273 722 570 525 169 0 530 160 886 901 541 733 349 687 629 355 444 203 317 421 730 445 668 257 319 12 616 322 652 953 226 611 661 315 648 231 834 726 630 291 879 735 858 711 443 747 112 69 265 803 498 312 259 615 595 862 275 429 198 863 859 703 898 719 294
343 119 355 294 272 820 423 606 675 881 764 535 418 416 393 746 680 773 125 430 313 861 314 169 473 531 384 552 216 912 356 946 271 527 711 704 278 687 98 698 530 0 376 764 564 278 814 269 833 660 651 629 423 825 129 593 597 140 658 525 518 658 820 768 728 755 647 973 358 133 398 730 900 139 252 987 577 833 527 801 479 499 542 430 815 81 317 557 215 390 493 332 684 616 521 1029 752 673 770 765
593 257 332 96 236 637 579 267 772 562 448 164 140 272 551 541 808 614 472 81 81 697 375 323 339 285 199 327 325 830 299 772 116 741 586 353 563 521 366 329 160 376 0 784 757 392 682 198 657 555 362 410 118 451 262 618 396 512 316 273 148 545 449 609 830 383 538 696 190 490 125 734 709 486 160 844 618 781 586 491 608 133 167 178 734 339 171 252 489 459 712 136 424 262 717 845 641 773 658 401
508 746 468 720 922 418 367 727 164 760 703 886 922 514 391 458 225 365 702 740 814 389 465 608 454 567 586 529 937 244 493 440 800 407 306 785 577 387 666 1000 886 764 784 0 363 490 311 619 407 287 622 497 688 962 700 176 474 767 746 579 880 303 933 366 172 1019 302 684 595 718 666 54 459 880 838 397 188 155 237 701 307 776 833 623 208 689 622 656 978 378 421 652 565 766 376 502 272 170 270 859
225 602 442 666 800 697 179 824 201 969 879 904 873 547 206 691 158 636 458 748 749 694 383 464 526 663 596 644 774 602 477 764 719 50 557 910 299 606 480 1053 901 564 757 363 0 367 616 559 695 508 768 660 704 1085 562 301 624 506 862 669 891 520 1063 633 225 1091 512 953 589 466 674 370 761 640 737 744 275 508 253 894 165 809 870 655 540 513 590 747 752 311 79 627 740 857 43 838 555 196 563 989
217 261 125 300 451 575 191 505 420 723 612 544 507 234 161 518 440 522 247 392 383 607 50 119 257 368 255 369 451 636 151 692 355 349 452 602 218 446 180 701 541 278 392 490 367 0 551 194 586 397 493 426 354 762 216 317 387 317 552 369 531 399 746 517 477 745 388 771 240 268 322 454 655 405 378 722 302 556 254 641 232 459 518 318 541 200 230 434 493 112 321 267 497 531 326 776 487 419 504 677
676 750 460 653 880 112 534 527 449 471 442 730 818 432 542 186 516 81 798 614 739 80 506 645 361 405 498 360 929 168 465 151 742 648 104 554 725 163 722 804 733 814 682 311 616 551 0 584 98 154 398 289 566 718 709 319 290 868 527 417 729 156 685 84 476 807 166 374 519 818 558 271 149 949 789 174 346 180 384 427 491 623 667 505 111 732 560 474 1023 456 649 577 325 566 611 231 66 454 53 617
400 174 152 109 307 570 381 352 586 614 497 352 319 156 353 488 617 530 324 205 199 619 179 145 224 261 115 285 345 708 129 702 181 543 480 451 379 439 213 512 349 269 198 619 559 194 584 0 586 436 382 365 177 594 142 446 335 380 403 256 339 430 583 525 644 559 421 704 89 345 146 573 649 406 219 756 441 644 403 533 413 275 332 165 610 200 51 293 454 267 514 80 415 369 519 783 529 587 548 519
733 758 480 641 869 22 597 470 539 378 361 684 788 430 601 122 606 65 832 583 721 44 537 667 364 372 488 330 927 251 478 116 730 724 143 483 776 147 747 741 687 833 657 407 695 586 98 586 0 199 338 248 539 639 720 394 262 901 462 385 685 192 605 69 569 738 203 277 512 853 536 365 71 971 779 193 422 277 453 342 559 581 619 482 208 753 555 429 1036 502 722 566 262 507 687 197 143 544 139 540
535 599 306 514 739 195 399 448 376 484 418 627 694 291 402 187 440 134 644 495 604 213 351 491 220 298 362 255 781 276 314 297 603 532 57 500 578 106 568 725 629 660 555 287 508 397 154 436 199 0 336 211 444 676 557 209 192 714 462 310 624 16 646 131 418 739 18 445 380 665 430 233 269 795 648 328 234 229 259 419 363 517 569 379 179 578 418 381 870 306 528 439 278 487 495 380 94 380 112 573
701 546 369 384 596 316 609 133 688 233 120 351 476 260 596 217 745 318 699 281 439 382 446 514 248 126 268 127 675 565 342 441 462 776 332 163 711 247 592 406 355 651 362 622 768 493 398 382 338 336 0 125 253 340 522 509 152 760 129 128 355 321 312 314 737 410 321 336 294 720 266 569 372 786 512 530 525 551 524 152 603 257 286 223 487 582 334 111 820 473 759 324 76 169 741 505 385 691 398 237
620 538 302 402 628 228 512 242 567 311 220 442 540 213 503 131 626 212 655 335 476 289 376 474 169 125 255 85 694 452 285 362 488 673 211 288 641 128 555 521 444 629 410 497 660 426 289 365 248 211 125 0 291 465 506 389 39 721 251 137 441 195 437 207 615 530 195 348 281 677 291 443 300 768 538 439 407 430 411 234 498 335 379 238 368 553 326 186 818 383 659 329 80 281 637 436 266 570 280 362
569 308 263 135 344 519 527 183 693 468 351 204 253 175 503 422 736 496 496 52 188 579 324 321 235 167 110 209 423 716 228 653 209 695 471 281 554 404 385 349 203 423 118 688 704 354 566 177 539 444 253 291 0 418 295 528 278 547 236 155 195 432 407 491 750 391 426 589 116 516 32 636 591 550 259 727 532 672 507 392 546 105 166 65 622 367 128 145 572 395 670 98 309 195 668 727 526 695 544 345
979 706 652 532 654 618 915 261 1024 302 277 310 473 541 896 532 1079 638 911 398 525 681 725 739 560 423 507 449 756 885 619 717 565 1085 667 179 970 582 800 201 317 825 451 962 1085 762 718 594 639 676 340 465 418 0 703 845 491 957 224 416 327 660 34 635 1075 152 661 487 524 930 449 909 648 937 602 816 859 884 852 301 920 326 285 445 817 779 545 338 930 777 1064 515 401 232 1053 757 717 1027 728 103
362 46 252 172 239 705 397 478 635 752 634 425 334 294 366 626 653 662 211 306 214 751 235 99 357 403 256 427 237 821 245 835 174 534 606 576 317 573 106 590 421 129 262 700 562 216 709 142 720 557 522 506 295 703 0 524 475 254 530 397 409 554 696 657 692 644 544 846 230 228 269 660 785 264 179 883 513 748 467 672 445 377 424 301 722 78 188 428 316 323 501 202 557 489 519 917 651 635 669 639
373 570 294 548 746 395 226 594 179 686 608 731 754 353 242 396 238 335 540 579 642 395 290 434 301 429 422 397 761 343 322 469 627 330 256 666 432 312 495 857 730 593 618 176 301 317 319 446 394 209 509 389 528 845 524 0 357 608 622 439 723 223 818 332 231 883 216 653 428 558 504 137 461 714 663 464 28 253 74 616 175 623 682 466 260 516 451 519 808 204 330 483 466 632 293 547 256 182 265 743
581 509 265 380 608 243 474 255 536 349 255 443 530 181 464 153 594 218 618 325 458 301 337 439 131 115 229 70 669 448 249 378 468 635 202 312 602 127 521 533 445 597 396 474 624 387 290 335 262 192 152 39 278 491 475 357 0 685 272 127 441 177 463 213 585 547 175 384 254 640 274 420 319 735 517 448 374 418 376 271 461 334 382 220 360 520 299 191 789 344 621 305 118 295 600 455 258 539 274 388
283 256 425 426 404 890 402 729 652 993 876 673 558 509 376 827 644 838 70 560 452 924 364 247 555 635 492 650 331 944 436 1009 410 462 769 828 208 759 168 836 668 140 512 767 506 317 868 380 901 714 760 721 547 957 254 608 685 0 781 632 656 715 950 833 700 893 705 1068 467 50 520 741 971 136 392 1038 586 858 536 911 463 631 677 545 851 181 431 673 250 416 429 452 783 742 466 1092 803 650 820 892
768 544 436 369 549 441 694 52 800 249 143 252 400 323 676 344 855 446 726 239 397 506 510 546 336 199 301 225 640 694 403 560 429 864 461 50 766 376 616 279 257 658 316 746 862 552 527 403 462 462 129 251 236 224 530 622 272 781 0 193 260 446 201 443 852 281 446 404 322 747 261 692 490 784 475 652 635 680 628 187 697 186 190 240 616 600 352 118 801 556 844 329 203 60 831 617 514 803 527 127
582 423 248 272 495 365 502 157 615 362 247 318 404 136 485 268 667 344 570 198 341 425 325 386 144 13 141 57 565 574 219 499 356 672 328 242 587 254 463 422 319 525 273 579 669 369 417 256 385 310 128 137 155 416 397 439 127 632 193 0 315 297 394 339 669 444 292 451 167 592 157 525 436 661 406 574 450 539 438 280 504 208 258 105 484 455 209 80 700 364 652 204 163 193 639 572 384 618 401 320
738 401 454 244 327 664 713 226 888 503 403 17 151 370 687 564 930 653 619 145 206 728 508 470 426 328 304 372 429 889 419 794 248 879 643 278 710 567 514 181 12 518 148 880 891 531 729 339 685 624 355 441 195 327 409 723 441 656 260 315 0 611 332 649 945 237 606 664 305 636 222 827 726 619 279 877 727 853 702 447 737 107 70 257 799 487 302 257 604 586 851 265 428 200 853 859 699 890 715 302
542 595 304 506 731 186 407 433 391 468 402 614 683 283 410 173 455 127 646 483 595 209 352 489 212 284 353 241 776 285 309 294 594 544 54 484 583 90 567 711 616 658 545 303 520 399 156 430 192 16 321 195 432 660 554 223 177 715 446 297 611 0 630 123 433 724 11 432 371 667 419 249 263 794 640 330 247 243 270 403 374 504 555 368 190 577 411 367 867 311 538 430 262 472 507 377 99 395 117 557
963 701 634 526 658 585 894 242 997 268 244 316 481 522 876 499 1054 606 902 390 525 648 707 728 537 400 492 424 759 852 601 683 564 1065 636 153 957 551 791 222 322 820 449 933 1063 746 685 583 605 646 312 437 407 34 696 818 463 950 201 394 332 630 0 603 1048 178 631 454 510 922 437 879 614 935 603 782 833 852 828 267 898 320 284 429 785 771 533 317 932 756 1044 504 370 216 1032 723 685 1001 696 75
665 696 414 586 814 64 530 443 485 398 360 649 743 370 533 104 551 5 764 537 668 94 469 601 302 327 432 283 868 252 413 178 675 660 76 470 707 88 680 720 652 768 609 366 633 517 84 525 69 131 314 207 491 635 657 332 213 833 443 339 649 123 603 0 519 722 134 325 454 785 485 318 140 905 723 236 359 253 388 349 493 543 586 432 184 687 497 393 973 433 657 510 240 482 623 261 94 490 98 534
420 737 499 752 928 577 305 825 58 901 832 954 962 576 336 602 67 520 642 800 843 555 469 593 529 660 641 628 924 414 531 610 822 274 452 896 495 523 634 1086 953 728 830 172 225 477 476 644 569 418 737 615 750 1075 692 231 585 700 852 669 945 433 1048 519 0 1113 429 844 644 654 724 205 625 826 852 569 220 327 244 836 250 848 908 690 377 663 660 749 933 378 298 694 690 862 252 673 428 58 430 973
958 638 649 475 549 716 915 292 1058 438 386 220 364 547 892 622 1108 726 855 354 443 782 714 698 584 454 496 490 653 974 614 829 485 1085 741 255 938 656 748 63 226 755 383 1019 1091 745 807 559 738 739 410 530 391 152 644 883 547 893 281 444 237 724 178 722 1113 0 722 623 506 872 422 965 758 854 514 924 893 960 877 419 930 286 228 437 897 722 515 365 831 780 1060 481 482 253 1056 877 794 1060 808 210
531 585 293 498 723 197 397 431 386 473 405 610 677 275 399 180 449 138 635 477 587 220 341 479 203 280 345 238 766 293 299 305 586 535 64 484 573 96 557 708 611 647 538 302 512 388 166 421 203 18 321 195 426 661 544 216 175 705 446 292 606 11 631 134 429 722 0 441 363 656 413 248 273 783 632 340 240 247 261 407 364 499 551 362 196 566 402 364 857 300 529 422 264 470 498 388 108 390 126 557
953 874 649 719 931 268 831 441 810 185 261 656 800 559 828 264 877 324 1002 615 774 301 720 822 516 444 590 420 1011 507 633 288 797 976 398 394 982 349 902 648 661 973 696 684 953 771 374 704 277 445 336 348 589 487 846 653 384 1068 404 451 664 432 454 325 844 623 441 0 616 1024 601 641 236 1110 847 384 679 551 702 218 804 581 594 555 484 898 660 445 1152 714 969 655 289 463 938 294 416 815 415 414
457 258 149 135 361 494 411 272 586 526 409 316 327 88 387 407 625 459 409 161 225 547 208 226 160 173 26 199 416 655 114 628 223 580 417 371 447 367 300 465 315 358 190 595 589 240 519 89 512 380 294 281 116 524 230 428 254 467 322 167 305 371 510 454 644 506 363 616 0 430 85 546 572 494 270 689 429 599 400 445 432 221 281 81 558 289 45 208 538 280 554 59 327 294 552 707 470 587 488 443
241 238 379 400 405 842 355 696 606 954 838 653 547 467 328 780 599 790 22 532 436 875 316 206 510 595 454 608 343 894 392 960 394 424 720 795 168 712 131 817 648 133 490 718 466 268 818 345 853 665 720 677 516 930 228 558 640 50 747 592 636 667 922 785 654 872 656 1024 430 0 487 692 923 174 382 988 536 808 486 872 415 604 652 509 801 151 395 637 286 366 390 419 740 711 425 1044 754 603 770 861
537 285 233 118 338 517 496 210 666 488 370 232 264 152 472 422 708 490 467 77 185 575 293 291 216 167 82 207 411 704 198 651 199 664 460 308 523 398 356 380 231 398 125 666 674 322 558 146 536 430 266 291 32 449 269 504 274 520 261 157 222 419 437 485 724 422 413 601 85 487 0 615 590 527 250 721 507 656 480 410 517 137 197 54 609 339 96 162 554 365 639 68 317 224 637 727 515 668 533 375
493 706 422 672 878 373 348 673 183 709 651 833 873 463 369 408 249 319 674 688 766 350 425 571 401 513 536 475 897 232 446 408 754 411 256 731 558 335 632 946 834 730 734 54 370 454 271 573 365 233 569 443 636 909 660 137 420 741 692 525 827 249 879 318 205 965 248 641 546 692 615 0 420 850 792 376 155 138 206 650 290 723 779 571 175 654 574 602 945 341 421 603 511 712 377 475 225 188 226 805
804 822 549 699 927 81 667 505 598 368 374 723 836 493 671 168 665 135 901 632 776 70 607 735 429 424 548 384 988 271 545 71 787 791 213 504 846 213 815 767 726 900 709 459 761 655 149 649 71 269 372 300 591 648 785 461 319 971 490 436 726 263 614 140 625 758 273 236 572 923 590 420 0 1039 836 168 488 317 522 347 628 624 658 537 252 820 617 471 1102 573 790 625 297 539 754 137 206 603 199 554
415 242 491 416 322 958 524 732 776 1014 896 636 498 555 495 885 772 910 184 549 413 998 446 305 611 667 520 690 230 1041 494 1083 372 597 847 828 341 825 227 793 630 139 486 880 640 405 949 406 971 795 786 768 550 937 264 714 735 136 784 661 619 794 935 905 826 854 783 1110 494 174 527 850 1039 0 340 1122 695 959 645 934 583 616 652 563 945 218 452 688 114 514 563 463 820 738 598 1166 887 774 904 884
541 148 370 138 91 760 567 425 794 720 605 296 166 358 536 669 818 728 369 237 79 815 383 273 429 416 292 454 166 923 347 895 50 711 687 513 494 636 280 454 291 252 160 838 737 378 789 219 779 648 512 538 259 602 179 663 517 392 475 406 279 640 603 723 852 514 632 847 270 382 250 792 836 340 0 959 656 861 616 647 610 293 319 301 824 247 230 402 330 474 679 213 566 422 694 973 739 794 757 559
833 924 634 822 1050 214 689 662 557 534 541 876 978 603 700 314 621 231 968 772 905 150 678 818 533 561 667 518 1101 158 638 100 911 782 277 670 887 324 895 930 879 987 844 397 744 722 174 756 193 328 530 439 727 816 883 464 448 1038 652 574 877 330 782 236 569 924 340 384 689 988 721 376 168 1122 959 0 491 242 535 515 639 773 812 668 206 906 731 621 1197 624 789 746 453 699 747 113 235 563 219 722
346 558 290 545 738 422 200 606 166 707 627 736 753 357 217 420 220 361 519 583 638 423 278 420 309 440 424 410 750 369 319 497 622 303 283 680 408 335 478 865 735 577 618 188 275 302 346 441 422 234 525 407 532 859 513 28 374 586 635 450 727 247 833 359 220 893 240 679 429 536 507 155 488 695 656 491 0 277 51 636 148 629 688 471 287 501 449 530 791 190 303 482 485 643 266 574 283 168 293 758
623 793 499 732 950 291 477 671 316 649 612 857 920 511 494 355 379 251 790 723 824 250 520 667 442 527 584 483 982 94 516 289 819 548 219 713 685 304 736 950 858 833 781 155 508 556 180 644 277 229 551 430 672 884 748 253 418 858 680 539 853 243 852 253 327 960 247 551 599 808 656 138 317 959 861 242 277 0 327 602 421 746 797 607 69 753 634 608 1048 445 558 658 483 711 514 347 167 321 156 781
299 513 255 510 696 452 153 595 186 717 631 712 719 334 168 439 230 391 469 557 602 458 235 373 294 430 398 404 704 417 287 535 583 274 311 674 358 354 430 847 711 527 586 237 253 254 384 403 453 259 524 411 507 852 467 74 376 536 628 438 702 270 828 388 244 877 261 702 400 486 480 206 522 645 616 535 51 327 0 644 107 607 667 448 333 453 416 518 742 144 269 451 490 631 237 614 319 188 331 753
845 694 516 527 726 322 745 228 791 82 44 438 586 410 734 247 853 351 850 410 571 383 593 666 389 277 419 271 812 591 492 416 598 907 395 177 859 315 743 437 443 801 491 701 894 641 427 533 342 419 152 234 392 301 672 616 271 911 187 280 447 403 267 349 836 419 407 218 445 872 410 650 347 934 647 515 636 602 644 0 732 368 377 371 533 733 484 248 964 612 892 471 154 247 871 459 438 795 446 210
203 489 283 522 682 557 61 659 196 809 716 748 732 384 88 540 209 497 400 593 610 565 234 345 361 498 437 479 674 514 319 642 585 175 417 745 269 455 384 894 747 479 608 307 165 232 491 413 559 363 603 498 546 920 445 175 461 463 697 504 737 374 898 493 250 930 364 804 432 415 517 290 628 583 610 639 148 421 107 732 0 650 711 494 435 413 438 582 687 151 165 475 578 692 139 720 426 194 437 824
673 381 367 205 363 560 632 141 792 434 325 111 220 273 608 460 837 547 585 72 213 623 430 418 324 220 214 265 457 781 332 691 249 801 535 220 655 460 475 244 112 499 133 776 809 459 623 275 581 517 257 335 105 326 377 623 334 631 186 208 107 504 320 543 848 286 499 581 221 604 137 723 624 616 293 773 629 746 607 368 650 0 61 159 692 452 230 153 622 499 775 196 328 130 773 759 592 794 608 269
731 423 428 252 379 598 692 156 852 435 333 65 214 333 668 498 897 590 634 126 241 663 490 472 382 271 274 314 477 829 393 726 280 861 584 211 710 506 525 184 69 542 167 833 870 518 667 332 619 569 286 379 166 285 424 682 382 677 190 258 70 555 284 586 908 228 551 594 281 652 197 779 658 652 319 812 688 797 667 377 711 61 0 219 741 501 288 193 649 560 835 253 361 130 833 791 640 854 656 243
535 323 213 166 390 463 479 191 633 451 334 265 315 114 457 369 678 437 488 117 239 521 282 306 170 115 62 153 460 653 178 598 251 649 408 290 528 344 378 401 265 430 178 623 655 318 505 165 482 379 223 238 65 445 301 466 220 545 240 105 257 368 429 432 690 437 362 555 81 509 54 571 537 563 301 668 471 607 448 371 494 159 219 0 558 365 114 129 597 344 625 101 268 214 620 674 463 635 481 362
632 766 470 692 914 222 486 610 358 580 544 802 873 469 500 287 424 182 782 673 782 184 501 647 398 471 540 427 952 99 483 233 780 577 158 648 689 241 719 889 803 815 734 208 540 541 111 610 208 179 487 368 622 817 722 260 360 851 616 484 799 190 785 184 377 897 196 484 558 801 609 175 252 945 824 206 287 69 333 533 435 692 741 558 0 734 595 550 1029 435 583 617 418 650 541 300 102 363 89 715
301 99 274 248 292 739 359 548 608 814 697 503 408 340 328 667 618 692 133 381 290 780 234 88 394 459 314 478 263 831 276 865 249 481 630 647 248 607 34 667 498 81 339 689 513 200 732 200 753 578 582 553 367 779 78 516 520 181 600 455 487 577 771 687 663 722 566 898 289 151 339 654 820 218 247 906 501 753 453 733 413 452 501 365 734 0 250 493 295 312 447 271 610 561 470 948 671 607 689 712
443 214 161 99 321 538 411 301 602 565 447 315 303 128 385 452 637 502 375 162 192 590 207 195 199 216 71 243 372 693 130 672 185 577 458 400 426 410 264 471 312 317 171 622 590 230 560 51 555 418 334 326 128 545 188 451 299 431 352 209 302 411 533 497 660 515 402 660 45 395 96 574 617 452 230 731 449 634 416 484 438 230 288 114 595 250 0 243 494 288 550 37 371 319 551 751 510 603 528 469
649 447 317 279 485 407 577 77 696 326 208 256 368 205 559 307 748 397 616 171 329 471 392 434 224 90 185 127 567 636 285 538 353 747 392 168 649 313 507 345 259 557 252 656 747 434 474 293 429 381 111 186 145 338 428 519 191 673 118 80 257 367 317 393 749 365 364 445 208 637 162 602 471 688 402 621 530 608 518 248 582 153 193 129 550 493 243 0 716 439 727 225 177 113 715 606 448 698 464 245
527 281 564 437 282 1021 629 750 882 1040 923 621 467 610 599 942 881 978 294 561 409 1067 529 382 673 708 564 737 179 1126 560 1151 373 710 920 840 453 889 313 769 615 215 489 978 752 493 1023 454 1036 870 820 818 572 930 316 808 789 250 801 700 604 867 932 973 933 831 857 1152 538 286 554 945 1102 114 330 1197 791 1048 742 964 687 622 649 597 1029 295 494 716 0 605 676 497 863 749 710 1233 963 880 981 889
239 369 132 375 553 495 138 515 320 692 590 597 586 236 123 452 350 438 347 441 466 519 91 230 226 359 286 346 560 529 167 603 444 309 363 605 274 373 292 743 595 390 459 378 311 112 456 267 502 306 473 383 395 777 323 204 344 416 556 364 586 311 756 433 378 780 300 714 280 366 365 341 573 514 474 624 190 445 144 612 151 499 560 344 435 312 288 439 605 0 288 324 460 547 277 685 391 321 406 683
151 540 413 619 737 721 150 803 266 970 874 864 822 523 169 705 233 660 383 711 697 725 346 407 512 647 564 632 706 653 448 800 665 34 581 893 223 620 414 1019 862 493 712 421 79 321 649 514 722 528 759 659 670 1064 501 330 621 429 844 652 851 538 1044 657 298 1060 529 969 554 390 639 421 790 563 679 789 303 558 269 892 165 775 835 625 583 447 550 727 676 288 0 586 739 833 47 876 586 262 596 971
478 222 196 76 304 548 448 277 637 551 433 278 271 148 422 458 673 515 399 127 166 602 244 224 219 212 78 245 365 714 164 682 165 614 476 376 459 422 288 435 275 332 136 652 627 267 577 80 566 439 324 329 98 515 202 483 305 452 329 204 265 430 504 510 694 481 422 655 59 419 68 603 625 463 213 746 482 658 451 471 475 196 253 101 617 271 37 225 497 324 586 0 367 291 588 761 529 638 547 442
696 585 373 434 653 240 592 209 643 232 142 426 544 274 582 142 704 244 719 344 498 305 448 536 241 155 301 132 727 492 352 366 516 753 266 230 714 181 616 481 429 684 424 565 740 497 325 415 262 278 76 80 309 401 557 466 118 783 203 163 428 262 370 240 690 482 264 289 327 740 317 511 297 820 566 453 485 483 490 154 578 328 361 268 418 610 371 177 863 460 739 367 0 246 717 431 316 647 328 298
748 499 421 322 493 486 685 40 809 307 203 193 341 311 665 387 861 486 690 189 343 551 493 514 337 203 276 238 586 731 387 609 376 855 492 91 741 409 579 239 198 616 262 766 857 531 566 369 507 487 169 281 195 232 489 632 295 742 60 193 200 472 216 482 862 253 470 463 294 711 224 712 539 738 422 699 643 711 631 247 692 130 130 214 650 561 319 113 749 547 833 291 246 0 824 669 547 811 562 151
183 559 407 626 757 687 141 792 220 947 854 866 832 514 166 675 187 626 416 711 707 688 345 422 497 633 560 616 731 609 442 761 677 37 547 880 258 590 437 1017 863 521 717 376 43 326 611 519 687 495 741 637 668 1053 519 293 600 466 831 639 853 507 1032 623 252 1056 498 938 552 425 637 377 754 598 694 747 266 514 237 871 139 773 833 620 541 470 551 715 710 277 47 588 717 824 0 837 549 215 558 958
907 955 675 835 1063 213 765 636 657 462 492 856 972 626 774 305 723 256 1022 769 912 168 728 862 560 561 683 520 1123 270 674 83 923 873 324 626 956 344 941 890 859 1029 845 502 838 776 231 783 197 380 505 436 727 757 917 547 455 1092 617 572 859 377 723 261 673 877 388 294 707 1044 727 475 137 1166 973 113 574 347 614 459 720 759 791 674 300 948 751 606 1233 685 876 761 431 669 837 0 298 663 284 669
610 693 400 605 830 149 469 508 396 490 446 701 779 382 476 191 463 94 733 576 693 139 442 583 310 371 451 327 874 190 407 217 693 586 56 546 659 138 660 787 703 752 641 272 555 487 66 529 143 94 385 266 526 717 651 256 258 803 514 384 699 99 685 94 428 794 108 416 470 754 515 225 206 887 739 235 283 167 319 438 426 592 640 463 102 671 510 448 963 391 586 529 316 547 549 298 0 401 18 614
373 680 442 694 870 549 251 774 5 863 789 899 905 521 281 567 62 491 590 745 786 534 411 536 477 609 586 578 867 413 474 595 764 243 419 848 447 486 578 1032 898 673 773 170 196 419 454 587 544 380 691 570 695 1027 635 182 539 650 803 618 890 395 1001 490 58 1060 390 815 587 603 668 188 603 774 794 563 168 321 188 795 194 794 854 635 363 607 603 698 880 321 262 638 647 811 215 663 401 0 405 925
623 711 418 622 848 148 481 522 400 496 455 717 796 400 490 199 467 97 750 593 710 131 459 601 328 388 469 343 892 173 425 205 711 595 73 558 673 152 677 801 719 770 658 270 563 504 53 548 139 112 398 280 544 728 669 265 274 820 527 401 715 117 696 98 430 808 126 415 488 770 533 226 199 904 757 219 293 156 331 446 437 608 656 481 89 689 528 464 981 406 596 547 328 562 558 284 18 405 0 625
893 647 562 470 622 519 821 171 922 231 180 288 453 449 803 431 978 537 841 335 480 584 636 664 463 326 423 349 720 784 529 624 517 991 564 78 889 479 730 236 294 765 401 859 989 677 617 519 540 573 237 362 345 103 639 743 388 892 127 320 302 557 75 534 973 210 557 414 443 861 375 805 554 884 559 722 758 781 753 210 824 269 243 362 715 712 469 245 889 683 971 442 298 151 958 669 614 925 625 0
