# TTSP Euclidean complete-graph matrix instance
# seed: 2076
# depot: 1
# L_max is not stored in this file; pass it with --budget when running algorithms.
# coordinate rows: node x y
# coord 1 195.590239 85.036485
# coord 2 621.782494 718.896965
# coord 3 726.759019 506.099966
# coord 4 706.736151 777.366803
# coord 5 471.837729 677.540876
# coord 6 56.585898 878.880077
# coord 7 942.953256 405.528595
# coord 8 167.062466 752.084239
# coord 9 267.377800 521.065845
# coord 10 5.108724 944.845025
# coord 11 338.909384 167.144511
# coord 12 675.107227 438.786042
# coord 13 680.918852 842.965206
# coord 14 239.829798 78.664438
# coord 15 255.069628 600.264563
# coord 16 375.001191 505.102879
# coord 17 980.607278 348.106914
# coord 18 173.467745 141.015831
# coord 19 899.054146 176.704583
# coord 20 987.611641 289.556491
# coord 21 362.745086 56.982344
# coord 22 648.170074 573.396391
# coord 23 489.423098 681.946511
# coord 24 575.357234 808.869896
# coord 25 557.451082 705.196113
# coord 26 804.121210 365.583674
# coord 27 156.460768 308.681102
# coord 28 908.362665 159.176158
# coord 29 693.490953 123.618216
# coord 30 496.874572 117.921733
# coord 31 95.648239 296.619001
# coord 32 57.393757 356.516097
# coord 33 576.099124 626.929338
# coord 34 312.882636 785.919884
# coord 35 601.479900 535.681510
# coord 36 416.319085 256.398310
# coord 37 916.883784 496.827664
# coord 38 605.268547 902.092115
# coord 39 111.917289 838.740903
# coord 40 931.708501 396.199690
# coord 41 386.314712 866.987977
# coord 42 0.120373 378.159746
# coord 43 967.724882 598.642106
# coord 44 297.988116 638.675603
# coord 45 959.512549 94.669868
# coord 46 685.593995 585.973852
# coord 47 273.378261 349.471634
# coord 48 653.107102 962.004005
# coord 49 565.092461 478.915473
# coord 50 348.611964 295.966697
# coord 51 740.615482 97.672961
# coord 52 326.193426 532.218280
# coord 53 623.327094 725.078418
# coord 54 997.603193 741.458725
# coord 55 225.969553 673.037135
# coord 56 219.586857 601.435755
# coord 57 977.781312 825.138300
# coord 58 901.164380 774.595184
# coord 59 871.628632 348.797954
# coord 60 905.001969 698.516109
# coord 61 789.068600 876.918155
# coord 62 156.763976 156.520680
# coord 63 903.741028 387.258430
# coord 64 115.233549 688.128164
# coord 65 366.048385 248.742638
# coord 66 404.610237 491.535129
# coord 67 972.558698 947.025160
# coord 68 587.970139 963.829327
# coord 69 959.545931 286.484385
# coord 70 48.521454 954.605632
# coord 71 502.617143 87.645532
# coord 72 655.757494 227.141988
# coord 73 734.921704 692.974692
# coord 74 437.995409 830.169566
# coord 75 591.570897 527.265304
# coord 76 74.683463 451.029152
# coord 77 911.913639 991.282182
# coord 78 512.847201 489.226334
# coord 79 237.503741 185.869171
# coord 80 158.350016 673.141927
# coord 81 199.236872 84.266758
# coord 82 841.974045 811.687082
# coord 83 13.862075 452.327871
# coord 84 451.839699 490.411729
# coord 85 665.476371 672.376722
# coord 86 813.233538 999.574425
# coord 87 925.949526 866.588021
# coord 88 264.570229 748.209578
# coord 89 201.364756 372.426824
# coord 90 646.304420 472.324637
# coord 91 577.703892 739.753571
# coord 92 734.637885 856.333820
# coord 93 389.202612 17.866563
# coord 94 574.462407 402.433328
# coord 95 761.854542 428.569248
# coord 96 489.374283 21.090281
# coord 97 462.037096 594.980581
# coord 98 278.241290 669.334066
# coord 99 693.502004 206.672658
# coord 100 727.991382 950.646257
# reference_nearest_neighbor_tour_cost: 9531
TTSP_MATRIX
100
0 8 98 4 92 92 14 45 27 59 88 60 92 9 41 24 33 65 53 35 80 2 96 26 13 93 51 48 4 43 35 22 12 17 18 75 32 23 36 66 1 78 34 60 92 21 76 79 90 98 40 25 80 53 36 78 53 83 87 84 98 56 32 43 71 34 100 9 84 95 11 12 18 22 19 100 98 56 78 14 15 36 59 67 46 44 49 7 66 16 84 69 5 61 81 21 12 16 16 6
0 764 678 861 654 806 813 668 442 881 165 596 900 45 519 457 828 60 709 818 169 666 665 817 718 670 227 717 499 303 234 305 662 711 606 279 831 914 758 799 805 352 927 563 764 701 276 989 540 261 545 466 770 1036 589 517 1077 987 726 938 990 81 770 608 236 457 1160 962 790 882 307 482 813 784 594 385 1155 514 109 589 4 973 410 480 752 1104 1070 667 287 594 758 941 205 494 662 301 575 590 513 1016
764 0 237 103 156 587 449 456 406 657 620 285 137 746 385 327 516 731 609 564 711 148 137 101 66 398 620 629 600 614 675 671 103 316 184 506 369 184 524 447 278 709 366 334 710 147 508 245 247 503 632 350 6 376 398 419 372 285 447 284 230 730 435 507 535 314 418 247 549 620 642 493 116 215 194 609 398 254 657 466 762 239 664 285 64 340 338 358 545 248 49 178 739 320 322 710 202 347 517 255
678 237 0 272 307 767 238 611 460 845 515 85 340 648 481 352 299 663 372 339 578 103 295 339 261 160 604 392 384 451 665 686 193 500 129 398 190 414 699 233 496 738 258 449 473 90 480 462 164 433 409 401 242 359 528 516 406 320 214 262 376 669 213 638 443 322 505 478 320 813 475 288 187 434 137 654 519 215 585 592 675 327 715 275 177 501 412 522 542 87 277 350 594 184 85 540 279 477 301 445
861 103 272 0 255 658 441 540 509 721 713 340 70 840 485 429 509 830 631 563 798 212 237 135 166 423 723 650 654 692 778 774 199 394 264 596 351 161 598 443 333 812 316 432 728 193 609 192 330 600 681 453 98 293 492 518 275 194 459 213 129 829 437 598 629 416 315 221 552 682 719 553 89 274 275 711 296 347 755 558 859 140 765 384 113 246 237 443 648 311 134 84 823 398 353 787 305 442 571 175
654 156 307 255 0 461 544 314 257 538 527 314 267 642 230 198 606 614 658 645 630 205 18 167 90 456 485 678 597 560 535 524 116 192 192 425 480 261 394 539 208 559 502 178 760 233 383 337 219 401 639 206 159 530 246 263 527 440 518 434 375 609 520 357 442 198 569 309 625 506 591 487 264 156 192 457 540 193 545 314 653 394 510 188 194 469 492 219 408 269 123 318 665 294 382 657 83 194 520 374
806 587 767 658 461 0 1005 168 415 84 766 759 625 821 342 491 1066 747 1097 1102 877 666 476 523 530 907 579 1115 988 879 584 522 577 273 644 719 941 549 68 999 330 504 953 341 1196 694 572 602 647 652 1038 439 587 951 267 322 923 851 972 867 732 729 979 200 702 521 919 538 1080 76 908 885 703 385 640 428 863 600 716 230 807 788 429 554 643 766 869 246 527 716 539 678 923 704 837 961 495 305 926 675
813 449 238 441 544 1005 0 850 685 1082 649 270 510 775 715 577 69 814 233 124 677 339 531 546 488 144 792 249 376 531 854 887 428 736 365 547 95 601 937 15 723 943 195 686 311 314 672 627 385 604 368 630 452 340 765 749 421 371 91 295 496 825 43 875 598 545 542 662 120 1050 543 338 355 660 372 869 587 438 739 829 810 419 930 498 385 608 461 760 742 304 495 497 676 369 183 595 517 715 319 586
668 456 611 540 314 168 850 0 252 252 610 597 522 677 175 323 908 611 931 942 722 513 330 412 393 745 444 949 820 715 461 410 428 150 485 555 792 463 103 843 248 409 815 173 1030 544 416 529 483 491 870 271 457 831 99 160 814 734 812 740 634 596 822 82 541 353 829 471 919 235 744 717 571 282 480 315 782 434 571 79 669 678 337 387 505 692 767 98 381 555 411 577 767 537 677 799 334 139 758 595
442 406 460 509 257 415 685 252 0 498 361 416 524 443 80 109 734 391 719 757 474 384 274 422 344 559 240 736 583 464 283 267 326 269 334 304 650 509 354 676 366 303 705 122 813 423 172 586 301 239 635 60 410 763 158 94 773 683 628 662 631 381 650 226 290 140 824 547 731 486 493 487 498 353 324 205 798 248 337 187 442 644 263 187 426 726 744 227 163 382 380 575 518 329 503 547 208 149 530 630
881 657 845 721 538 84 1082 252 498 0 846 840 683 897 426 575 1144 821 1179 1181 957 743 551 586 602 987 654 1197 1072 962 655 591 654 346 723 802 1016 602 151 1077 389 567 1023 424 1278 769 653 648 728 734 1122 523 656 1013 350 405 980 912 1052 933 787 803 1058 279 784 604 967 583 1159 44 991 969 772 448 720 499 908 682 794 312 882 847 493 637 714 810 924 326 605 796 608 735 1003 786 916 1043 575 388 1009 723
165 620 515 713 527 766 649 610 361 846 0 432 757 133 441 340 667 167 560 660 113 511 536 684 581 506 231 570 357 165 276 339 517 619 453 118 665 782 709 636 701 399 763 473 625 544 194 855 385 129 408 365 626 874 518 450 917 828 563 776 840 182 606 567 86 331 1005 835 632 839 182 322 658 670 440 388 1004 366 103 537 162 818 432 342 602 958 913 586 247 433 620 795 158 333 497 210 445 506 357 875
596 285 85 340 314 759 270 597 416 840 432 0 404 565 450 307 319 583 345 346 493 137 306 383 291 148 535 364 316 367 597 623 213 502 122 317 249 469 691 260 516 678 333 427 446 148 412 524 117 356 347 361 291 442 507 484 491 405 216 347 453 590 234 613 363 276 589 532 323 812 391 213 261 458 122 601 601 170 505 567 593 409 661 229 234 578 496 514 478 44 316 422 509 107 87 457 264 459 233 515
900 137 340 70 267 625 510 522 524 683 757 404 0 882 490 456 579 866 701 633 848 272 250 111 185 493 749 721 719 748 801 791 240 372 317 643 419 96 569 512 296 824 377 434 798 257 640 122 382 640 748 472 131 333 486 521 297 231 530 267 113 864 507 586 672 447 310 152 622 642 776 616 159 243 328 722 275 392 793 549 899 164 773 420 171 205 246 427 672 372 146 55 875 453 422 844 331 439 636 118
45 746 648 840 642 821 775 677 443 897 133 565 882 0 522 447 788 91 666 777 125 641 653 804 702 633 245 673 456 260 261 332 643 711 583 250 796 901 771 761 802 384 895 563 720 675 273 975 516 243 501 462 752 1007 595 523 1050 960 687 909 969 114 732 622 212 445 1136 951 749 897 263 442 789 777 570 407 1133 493 107 600 41 949 437 463 731 1085 1045 670 296 566 742 922 161 466 628 256 562 592 471 999
519 385 481 485 230 342 715 175 80 426 441 450 490 522 0 153 768 466 771 796 554 394 248 382 320 597 308 788 648 540 343 314 322 194 352 380 670 462 278 707 297 338 713 58 867 431 251 538 333 318 699 98 389 756 78 36 757 669 666 657 601 455 683 165 369 185 797 493 771 410 569 548 489 294 344 234 764 281 415 121 519 624 283 225 417 686 722 148 234 412 351 544 598 376 535 625 207 73 589 589
457 327 352 429 198 491 577 323 109 575 340 307 456 447 153 0 626 416 618 649 448 282 211 364 271 451 294 636 497 406 349 351 235 288 229 252 542 459 425 567 362 396 600 154 714 321 186 535 192 211 547 56 332 666 225 183 682 591 521 564 557 411 542 318 257 33 743 506 624 556 437 395 406 331 218 305 724 139 348 274 456 559 365 78 335 661 659 267 219 273 310 503 487 224 394 497 125 191 436 568
828 516 299 509 606 1066 69 908 734 1144 667 319 579 788 768 626 0 833 190 59 683 402 594 614 554 177 825 202 364 536 886 923 491 798 423 572 162 669 998 69 789 981 251 742 254 379 707 696 436 634 347 680 519 394 822 802 477 434 109 358 562 846 86 930 623 594 599 730 65 1112 544 347 423 726 428 912 647 489 761 884 825 484 972 548 452 673 521 820 780 357 562 565 677 410 233 590 574 772 320 653
60 731 663 830 614 747 814 611 391 821 167 583 866 91 466 416 833 0 726 828 207 642 626 779 682 669 169 735 520 324 174 245 631 660 582 269 824 875 700 800 757 294 917 513 787 678 231 951 517 234 569 420 737 1020 535 463 1056 965 728 920 959 23 771 550 221 420 1135 921 799 823 333 490 787 738 569 325 1126 486 78 532 62 947 350 447 724 1071 1045 614 233 577 722 909 248 479 655 338 538 539 524 981
709 609 372 631 658 1097 233 931 719 1179 560 345 701 666 771 618 190 726 0 143 550 469 650 710 629 211 754 20 212 406 812 861 554 845 466 489 321 783 1029 222 860 921 427 758 102 462 649 823 450 563 177 674 614 573 836 801 653 598 174 522 709 743 211 936 538 586 774 846 125 1153 406 248 542 800 466 869 815 497 662 892 706 638 927 546 548 827 690 854 725 389 648 699 534 395 287 438 605 793 208 793
818 564 339 563 645 1102 124 942 757 1181 660 346 633 777 796 649 59 828 143 0 667 442 634 663 598 199 831 153 338 520 892 933 532 838 458 572 219 722 1034 120 834 991 310 773 197 423 717 751 463 639 313 705 568 452 853 829 536 493 130 417 620 841 129 959 623 617 658 784 28 1151 525 338 476 771 462 927 706 515 757 914 815 542 987 572 500 731 580 856 791 387 609 621 657 428 265 566 608 805 306 710
169 711 578 798 630 877 677 722 474 957 113 493 848 125 554 448 683 207 550 667 0 590 638 781 677 539 325 555 337 147 359 428 609 731 535 206 707 879 821 662 810 484 812 585 598 620 306 950 468 239 380 477 717 934 631 563 984 897 587 840 924 229 634 678 192 437 1079 934 639 951 143 339 737 777 523 488 1084 458 180 649 166 894 527 442 686 1045 986 698 354 503 716 882 47 405 545 132 547 618 363 965
666 148 103 212 205 666 339 513 384 743 511 137 272 641 394 282 402 642 469 442 590 0 192 246 160 260 558 489 452 480 618 629 90 397 60 393 279 331 598 334 393 677 321 356 571 39 437 389 126 408 485 325 154 388 434 429 415 323 317 286 335 644 316 545 430 257 495 395 423 711 507 346 148 332 73 586 494 159 565 500 664 307 646 213 100 457 404 422 490 101 181 296 613 186 184 575 187 382 370 386
665 137 295 237 18 476 531 330 274 551 536 306 250 653 248 211 594 626 650 634 638 192 0 153 72 446 500 670 594 564 551 541 103 205 184 432 466 249 409 527 212 576 486 196 752 218 397 324 217 411 636 222 141 512 264 282 509 422 507 416 357 622 508 374 450 208 551 299 614 518 594 484 246 157 185 475 524 194 556 331 664 376 528 195 176 454 474 234 423 262 106 301 672 292 372 661 91 212 517 359
817 101 339 135 167 523 546 412 422 586 684 383 111 804 382 364 614 779 710 663 781 246 153 0 105 499 652 730 695 695 702 688 182 263 274 575 463 98 464 545 198 719 445 325 811 249 550 172 330 561 730 372 97 428 375 412 403 328 547 348 224 775 534 476 598 360 421 155 648 547 725 587 197 139 282 615 383 326 709 439 816 267 665 342 164 305 355 317 575 344 69 166 813 406 424 792 242 328 614 208
718 66 261 166 90 530 488 393 344 602 581 291 185 702 320 271 554 682 629 598 677 160 72 105 0 420 564 649 597 590 617 610 80 258 175 470 415 203 465 485 236 646 424 268 731 175 455 274 226 459 635 289 69 442 333 353 437 351 475 348 288 679 470 443 495 263 480 260 581 567 620 488 178 173 181 546 456 221 610 400 717 304 600 239 113 390 402 296 487 249 40 233 708 303 344 687 146 282 517 299
670 398 160 423 456 907 144 745 559 987 506 148 493 633 597 451 177 669 211 199 539 260 446 499 420 0 650 231 266 395 712 747 347 647 265 403 173 572 838 131 653 804 285 575 312 250 531 615 265 461 275 506 402 423 655 630 491 420 70 348 512 680 102 761 453 419 605 636 174 958 410 203 335 592 267 734 635 316 594 715 667 448 795 374 337 634 516 661 603 191 437 496 541 233 76 467 412 607 194 590
227 620 604 723 485 579 792 444 240 654 231 535 749 245 308 294 825 169 754 831 325 558 500 652 564 650 0 767 568 390 62 110 527 502 500 265 783 744 532 780 604 171 862 359 831 597 124 821 443 193 621 281 626 946 371 299 970 878 716 844 850 152 751 382 218 308 1036 784 803 655 411 506 694 593 487 164 1018 400 147 364 228 850 202 347 626 953 950 453 78 516 603 796 372 428 617 440 419 381 547 860
717 629 392 650 678 1115 249 949 736 1197 570 364 721 673 788 636 202 735 20 153 555 489 670 730 649 231 767 0 218 414 824 874 574 865 486 502 338 802 1047 238 880 934 443 776 82 481 663 842 469 576 179 691 634 589 854 819 670 615 193 539 728 752 228 953 550 604 790 866 137 1171 412 262 561 819 486 883 832 515 671 909 713 656 941 564 568 846 708 873 738 408 668 718 538 413 307 441 624 811 220 812
499 600 384 654 597 988 376 820 583 1072 357 316 719 456 648 497 364 520 212 338 337 452 594 695 597 266 568 218 0 197 622 677 517 764 422 307 435 783 922 362 804 739 548 649 268 462 477 839 378 386 54 549 606 689 721 673 757 683 287 613 759 538 337 808 351 468 869 847 312 1052 194 110 571 751 416 700 895 408 460 767 496 704 755 439 549 884 778 758 551 352 627 734 322 303 313 228 525 686 83 828
303 614 451 692 560 879 531 715 464 962 165 367 748 260 540 406 536 324 406 520 147 480 564 695 590 395 390 414 197 0 439 500 515 693 431 160 566 792 817 516 757 561 673 557 463 505 322 858 367 232 245 448 620 800 618 557 855 771 440 710 813 342 488 686 185 385 956 851 492 949 31 193 622 715 420 538 967 372 268 650 300 775 587 375 580 937 863 672 390 385 627 776 147 295 408 97 478 593 216 864
234 675 665 778 535 584 854 461 283 655 276 597 801 261 343 349 886 174 812 892 359 618 551 702 617 712 62 824 622 439 0 71 583 535 559 323 845 791 542 842 640 126 923 397 887 657 185 868 504 253 675 330 680 1006 398 329 1028 937 778 904 904 153 813 392 275 365 1092 829 864 660 457 564 752 634 547 156 1072 460 180 382 236 907 176 405 683 1005 1007 482 130 578 655 849 405 490 679 481 473 415 605 910
305 671 686 774 524 522 887 410 267 591 339 623 791 332 314 351 923 245 861 933 428 629 541 688 610 747 110 874 677 500 71 0 585 500 573 373 871 773 485 875 607 61 942 371 939 669 216 849 522 297 731 321 675 1016 359 294 1033 942 814 914 898 223 847 337 327 373 1089 806 905 598 520 612 756 608 561 96 1064 474 248 332 307 907 105 417 685 992 1007 443 145 600 646 842 474 519 708 547 470 383 654 896
662 103 193 199 116 577 428 428 326 654 517 213 240 643 322 235 491 631 554 532 609 90 103 182 80 347 527 574 517 515 583 585 0 308 95 404 365 277 510 424 306 627 393 278 656 117 411 344 148 402 554 267 109 437 353 357 448 357 406 337 328 630 406 465 433 218 510 337 513 621 544 408 172 246 101 531 496 152 556 420 661 324 589 185 100 442 424 334 453 170 113 279 637 225 272 612 118 301 436 358
711 316 500 394 192 273 736 150 269 346 619 502 372 711 194 288 798 660 845 838 731 397 205 263 258 647 502 865 764 693 535 500 308 0 382 540 670 315 208 731 109 514 681 148 947 423 438 383 397 491 810 254 316 686 142 207 666 588 709 599 485 648 713 221 540 308 679 328 817 314 724 656 432 133 380 411 633 358 605 191 711 530 448 327 370 544 618 61 428 458 269 428 772 464 574 785 242 122 693 447
606 184 129 264 192 644 365 485 334 723 453 122 317 583 352 229 423 582 466 458 535 60 184 274 175 265 500 486 422 431 559 573 95 382 0 335 318 366 576 358 395 622 372 320 568 98 377 429 67 348 460 275 191 446 400 388 475 383 328 344 389 584 337 510 371 202 554 428 436 694 459 313 206 337 13 534 551 100 505 464 605 366 594 156 151 510 463 398 432 78 205 347 560 136 193 527 152 350 342 434
279 506 398 596 425 719 547 555 304 802 118 317 643 250 380 252 572 269 489 572 206 393 432 575 470 403 265 502 307 160 323 373 404 540 335 0 555 673 657 534 611 434 649 400 567 426 171 744 268 78 361 290 512 757 458 397 799 710 465 659 724 278 505 526 51 235 887 728 544 789 190 241 540 574 323 393 886 252 192 490 277 700 448 237 485 843 795 515 244 315 510 679 240 215 386 246 342 435 282 761
831 369 190 351 480 941 95 792 650 1016 665 249 419 796 670 542 162 824 321 219 707 279 466 463 415 173 783 338 435 566 845 871 365 670 318 555 0 511 875 102 647 924 114 635 404 248 660 535 352 603 436 592 372 258 713 705 334 278 155 202 401 833 110 824 604 512 454 571 215 982 582 375 268 583 327 843 494 404 747 779 828 324 904 465 307 513 370 699 726 272 417 403 713 355 169 640 465 662 366 492
914 184 414 161 261 549 601 463 509 602 782 469 96 901 462 459 669 875 783 722 879 331 249 98 203 572 744 802 783 792 791 773 277 315 366 673 511 0 497 602 222 800 473 405 882 326 645 77 425 658 816 463 178 424 443 489 380 322 614 362 186 870 595 535 696 457 370 64 710 559 821 677 246 182 375 696 319 423 805 502 913 253 743 439 237 230 323 374 666 432 165 137 910 501 499 889 339 401 701 132
758 524 699 598 394 68 937 103 354 151 709 691 569 771 278 425 998 700 1029 1034 821 598 409 464 465 838 532 1047 922 817 542 485 510 208 576 657 875 497 0 932 276 474 889 273 1128 627 515 555 579 592 972 374 524 891 201 261 866 792 904 805 678 684 911 151 642 454 867 492 1012 132 847 818 640 326 572 389 814 532 665 172 760 731 399 487 578 720 815 177 475 648 476 623 866 636 769 901 427 237 859 626
799 447 233 443 539 999 15 843 676 1077 636 260 512 761 707 567 69 800 222 120 662 334 527 545 485 131 780 238 362 516 842 875 424 731 358 534 102 602 932 0 720 932 206 679 303 311 660 631 376 592 354 621 451 351 758 741 431 380 77 303 501 811 29 867 585 536 552 664 113 1045 529 324 356 657 365 859 595 429 725 821 796 425 920 489 384 615 470 754 731 295 493 501 661 357 173 580 510 708 304 591
805 278 496 333 208 330 723 248 366 389 701 516 296 802 297 362 789 757 860 834 810 393 212 198 236 653 604 880 804 757 640 607 306 109 395 611 647 222 276 720 0 623 640 245 962 411 530 283 427 572 847 340 276 624 252 314 593 523 710 545 403 747 706 325 619 376 592 224 816 349 788 694 390 63 397 520 540 398 697 299 805 459 557 382 340 447 540 170 528 473 230 348 849 501 577 852 282 225 728 352
352 709 738 812 559 504 943 409 303 567 399 678 824 384 338 396 981 294 921 991 484 677 576 719 646 804 171 934 739 561 126 61 627 514 622 434 924 800 474 932 623 0 992 396 1000 716 275 876 574 358 792 361 713 1062 371 313 1075 984 872 960 933 271 904 331 388 420 1127 830 964 578 580 673 799 629 610 104 1099 525 305 335 355 947 75 465 728 1023 1047 455 201 653 681 876 530 575 763 606 510 403 714 926
927 366 258 316 502 953 195 815 705 1023 763 333 377 895 713 600 251 917 427 310 812 321 486 445 424 285 862 443 548 673 923 942 393 681 372 649 114 473 889 206 640 992 0 671 504 282 738 481 420 689 550 645 367 146 745 748 227 188 268 118 331 924 221 857 696 573 348 527 312 986 691 485 251 578 383 905 397 468 839 813 925 247 965 527 311 430 271 719 799 345 415 347 820 439 267 750 506 693 478 426
563 334 449 432 178 341 686 173 122 424 473 427 434 563 58 154 742 513 758 773 585 356 196 325 268 575 359 776 649 557 397 371 278 148 320 400 635 405 273 679 245 396 671 0 856 391 290 480 311 346 699 110 337 707 80 87 705 618 643 610 546 502 656 189 396 182 742 436 749 403 588 545 440 237 314 292 708 262 457 144 563 571 340 214 369 629 668 115 283 386 297 488 627 364 509 647 170 36 586 531
764 710 473 728 760 1196 311 1030 813 1278 625 446 798 720 867 714 254 787 102 197 598 571 752 811 731 312 831 82 268 463 887 939 656 947 568 567 404 882 1128 303 962 1000 504 856 0 563 732 920 551 643 219 770 714 648 934 897 731 682 269 606 801 805 298 1032 613 682 852 945 192 1253 457 331 639 902 568 954 898 596 728 988 760 727 1011 644 648 917 773 954 807 491 750 794 575 493 388 476 706 891 289 887
701 147 90 193 233 694 314 544 423 769 544 148 257 675 431 321 379 678 462 423 620 39 218 249 175 250 597 481 462 505 657 669 117 423 98 426 248 326 627 311 411 716 282 391 563 0 475 377 161 445 491 363 152 349 468 466 378 286 301 247 309 681 295 579 465 296 461 390 406 736 531 360 118 348 111 626 464 198 601 534 699 275 685 253 89 433 369 451 529 120 188 275 641 215 175 598 224 416 379 367
276 508 480 609 383 572 672 416 172 653 194 412 640 273 251 186 707 231 649 717 306 437 397 550 455 531 124 663 477 322 185 216 411 438 377 171 660 645 515 660 530 275 738 290 732 475 0 721 319 92 531 190 513 824 327 258 850 758 598 722 738 225 631 374 137 193 920 690 689 646 348 401 575 508 364 223 905 277 167 344 275 733 279 227 508 845 833 399 76 393 495 685 351 306 495 393 310 320 444 754
989 245 462 192 337 602 627 529 586 648 855 524 122 975 538 535 696 951 823 751 950 389 324 172 274 615 821 842 839 858 868 849 344 383 429 744 535 77 555 631 283 876 481 480 920 377 721 0 491 732 869 540 239 409 516 564 352 311 651 365 160 946 627 604 769 532 320 65 742 605 887 735 281 252 439 772 260 493 880 573 988 241 818 513 290 164 289 443 743 490 235 133 980 565 544 955 414 476 756 76
540 247 164 330 219 647 385 483 301 728 385 117 382 516 333 192 436 517 450 463 468 126 217 330 226 265 443 469 378 367 504 522 148 397 67 268 352 425 579 376 427 574 420 311 551 161 319 491 0 283 420 245 253 506 391 367 539 448 333 405 457 520 351 496 304 161 621 485 439 702 396 268 273 374 55 491 619 53 440 451 538 433 552 114 218 577 530 404 379 81 261 414 493 77 203 464 155 344 301 499
261 503 433 600 401 652 604 491 239 734 129 356 640 243 318 211 634 234 563 639 239 408 411 561 459 461 193 576 386 232 253 297 402 491 348 78 603 658 592 592 572 358 689 346 643 445 92 732 283 0 439 237 510 787 397 332 822 731 526 687 729 237 563 456 50 203 902 709 611 724 259 315 554 542 335 315 895 254 156 422 259 714 369 220 492 843 812 460 166 346 499 680 281 250 434 309 320 380 356 757
545 632 409 681 639 1038 368 870 635 1122 408 347 748 501 699 547 347 569 177 313 380 485 636 730 635 275 621 179 54 245 675 731 554 810 460 361 436 816 972 354 847 792 550 699 219 491 531 869 420 439 0 600 638 693 772 725 765 696 283 623 781 587 332 860 404 518 880 880 289 1102 238 155 595 793 455 754 910 453 511 819 542 721 809 487 580 905 791 806 605 386 662 759 360 347 332 263 570 735 119 853
466 350 401 453 206 439 630 271 60 523 365 361 472 462 98 56 680 420 674 705 477 325 222 372 289 506 281 691 549 448 330 321 267 254 275 290 592 463 374 621 340 361 645 110 770 363 190 540 245 237 600 0 354 703 173 127 714 624 575 602 577 412 595 262 286 88 768 505 679 505 478 449 439 318 265 264 744 192 358 219 466 587 322 132 367 675 687 225 203 326 326 521 518 280 448 537 150 145 491 580
770 6 242 98 159 587 452 457 410 656 626 291 131 752 389 332 519 737 614 568 717 154 141 97 69 402 626 634 606 620 680 675 109 316 191 512 372 178 524 451 276 713 367 337 714 152 513 239 253 510 638 354 0 375 401 422 368 282 451 283 225 735 439 509 541 320 414 241 553 619 649 499 116 213 200 613 393 260 663 468 768 235 668 291 67 334 334 360 550 254 48 172 745 326 327 717 207 350 523 249
1036 376 359 293 530 951 340 831 763 1013 874 442 333 1007 756 666 394 1020 573 452 934 388 512 428 442 423 946 589 689 800 1006 1016 437 686 446 757 258 424 891 351 624 1062 146 707 648 349 824 409 506 787 693 703 375 0 775 791 86 102 412 102 249 1024 366 884 801 644 207 466 457 973 820 618 267 567 459 968 264 546 942 842 1034 171 1025 601 339 317 144 733 878 443 420 287 945 542 392 882 555 723 615 341
589 398 528 492 246 267 765 99 158 350 518 507 486 595 78 225 822 535 836 853 631 434 264 375 333 655 371 854 721 618 398 359 353 142 400 458 713 443 201 758 252 371 745 80 934 468 327 516 391 397 772 173 401 775 0 72 767 683 723 680 599 521 736 112 447 255 795 464 829 333 647 619 509 264 394 269 756 341 487 68 589 631 306 290 440 672 726 85 302 466 358 541 675 441 589 703 249 52 660 574
517 419 516 518 263 322 749 160 94 405 450 484 521 523 36 183 802 463 801 829 563 429 282 412 353 630 299 819 673 557 329 294 357 207 388 397 705 489 261 741 314 313 748 87 897 466 258 564 367 332 725 127 422 791 72 0 791 703 699 692 633 449 717 136 382 215 828 517 804 392 587 575 523 316 379 209 795 314 416 94 518 657 254 257 451 715 754 154 230 446 384 575 608 407 569 640 243 90 617 617
1077 372 406 275 527 923 421 814 773 980 917 491 297 1050 757 682 477 1056 653 536 984 415 509 403 437 491 970 670 757 855 1028 1033 448 666 475 799 334 380 866 431 593 1075 227 705 731 378 850 352 539 822 765 714 368 86 767 791 0 92 488 146 196 1059 444 873 841 663 122 414 539 938 877 679 276 540 488 978 179 574 978 833 1075 136 1034 623 348 240 66 717 899 484 409 245 999 584 452 941 565 717 681 280
987 285 320 194 440 851 371 734 683 912 828 405 231 960 669 591 434 965 598 493 897 323 422 328 351 420 878 615 683 771 937 942 357 588 383 710 278 322 792 380 523 984 188 618 682 286 758 311 448 731 696 624 282 102 683 703 92 0 427 76 152 968 387 791 750 572 187 366 492 871 794 600 185 466 396 888 217 482 887 750 985 70 944 532 257 242 95 637 807 395 325 186 914 495 373 859 474 632 605 247
726 447 214 459 518 972 91 812 628 1052 563 216 530 687 666 521 109 728 174 130 587 317 507 547 475 70 716 193 287 440 778 814 406 709 328 465 155 614 904 77 710 872 268 643 269 301 598 651 333 526 283 575 451 412 723 699 488 427 0 351 535 740 50 829 515 488 607 677 108 1022 452 248 370 648 332 803 644 385 655 784 723 464 864 443 384 653 521 727 671 257 489 526 585 302 136 503 478 674 228 619
938 284 262 213 434 867 295 740 662 933 776 347 267 909 657 564 358 920 522 417 840 286 416 348 348 348 844 539 613 710 904 914 337 599 344 659 202 362 805 303 545 960 118 610 606 247 722 365 405 687 623 602 283 102 680 692 146 76 351 0 213 924 311 790 702 542 258 413 416 894 731 533 170 485 357 866 293 445 842 747 936 130 925 499 241 315 169 642 776 344 330 232 854 444 306 795 455 627 535 308
990 230 376 129 375 732 496 634 631 787 840 453 113 969 601 557 562 959 709 620 924 335 357 224 288 512 850 728 759 813 904 898 328 485 389 724 401 186 678 501 403 933 331 546 801 309 738 160 457 729 781 577 225 249 599 633 196 152 535 213 0 959 503 700 757 544 196 219 615 745 840 663 192 354 402 832 168 476 884 663 988 84 884 513 239 125 137 540 775 429 252 58 948 521 449 907 432 551 677 96
81 730 669 829 609 729 825 596 381 803 182 590 864 114 455 411 846 23 743 841 229 644 622 775 679 680 152 752 538 342 153 223 630 648 584 278 833 870 684 811 747 271 924 502 805 681 225 946 520 237 587 412 735 1024 521 449 1059 968 740 924 959 0 782 533 229 417 1136 915 813 805 353 504 789 730 571 306 1126 487 86 517 84 948 329 446 724 1068 1047 601 220 583 719 908 271 485 663 359 534 527 539 978
770 435 213 437 520 979 43 822 650 1058 606 234 507 732 683 542 86 771 211 129 634 316 508 534 470 102 751 228 337 488 813 847 406 713 337 505 110 595 911 29 706 904 221 656 298 295 631 627 351 563 332 595 439 366 736 717 444 387 50 311 503 782 0 844 555 510 564 657 115 1026 501 295 349 643 342 832 604 404 696 798 767 429 892 464 372 619 480 734 703 271 480 499 633 330 148 553 488 686 277 590
608 507 638 598 357 200 875 82 226 279 567 613 586 622 165 318 930 550 936 959 678 545 374 476 443 761 382 953 808 686 392 337 465 221 510 526 824 535 151 867 325 331 857 189 1032 579 374 604 496 456 860 262 509 884 112 136 873 791 829 790 700 533 844 0 506 350 896 547 935 275 715 710 620 353 503 241 852 445 517 46 610 737 257 390 550 764 830 161 327 573 465 642 724 541 697 765 359 164 752 667
236 535 443 629 442 702 598 541 290 784 86 363 672 212 369 257 623 221 538 623 192 430 450 598 495 453 218 550 351 185 275 327 433 540 371 51 604 696 642 585 619 388 696 396 613 465 137 769 304 50 404 286 541 801 447 382 841 750 515 702 757 229 555 506 0 246 925 749 595 774 211 291 577 586 358 355 922 282 143 472 234 737 407 256 519 874 834 510 206 359 535 711 232 259 435 259 359 430 330 790
457 314 322 416 198 521 545 353 140 604 331 276 447 445 185 33 594 420 586 617 437 257 208 360 263 419 308 604 468 385 365 373 218 308 202 235 512 457 454 536 376 420 573 182 682 296 193 532 161 203 518 88 320 644 255 215 663 572 488 542 544 417 510 350 246 0 728 507 592 584 416 365 387 340 190 332 712 108 348 306 456 542 393 47 317 652 642 292 236 242 303 492 474 192 363 478 118 218 406 562
1160 418 505 315 569 919 542 829 824 967 1005 589 310 1136 797 743 599 1135 774 658 1079 495 551 421 480 605 1036 790 869 956 1092 1089 510 679 554 887 454 370 867 552 592 1127 348 742 852 461 920 320 621 902 880 768 414 207 795 828 122 187 607 258 196 1136 564 896 925 728 0 385 661 924 979 787 348 547 567 1026 75 649 1058 859 1159 188 1079 693 412 168 93 735 962 576 446 255 1097 675 560 1044 620 748 791 245
962 247 478 221 309 538 662 471 547 583 835 532 152 951 493 506 730 921 846 784 934 395 299 155 260 636 784 866 847 851 829 806 337 328 428 728 571 64 492 664 224 830 527 436 945 390 690 65 485 709 880 505 241 466 464 517 414 366 677 413 219 915 657 547 749 507 385 0 773 540 880 740 308 201 437 726 325 481 853 519 962 296 769 493 302 228 352 389 707 495 224 182 967 562 563 948 390 427 764 141
790 549 320 552 625 1080 120 919 731 1159 632 323 622 749 771 624 65 799 125 28 639 423 614 648 581 174 803 137 312 492 864 905 513 817 436 544 215 710 1012 113 816 964 312 749 192 406 689 742 439 611 289 679 553 457 829 804 539 492 108 416 615 813 115 935 595 592 661 773 0 1130 498 310 464 753 440 900 706 491 729 890 787 538 960 547 485 728 581 834 763 364 593 613 630 402 243 540 585 782 278 703
882 620 813 682 506 76 1050 235 486 44 839 812 642 897 410 556 1112 823 1153 1151 951 711 518 547 567 958 655 1171 1052 949 660 598 621 314 694 789 982 559 132 1045 349 578 986 403 1253 736 646 605 702 724 1102 505 619 973 333 392 938 871 1022 894 745 805 1026 275 774 584 924 540 1130 0 979 948 735 409 691 504 864 657 792 302 883 806 503 615 678 766 882 299 602 768 571 693 997 763 886 1032 548 366 988 679
307 642 475 719 591 908 543 744 493 991 182 391 776 263 569 437 544 333 406 525 143 507 594 725 620 410 411 412 194 31 457 520 544 724 459 190 582 821 847 529 788 580 691 588 457 531 348 887 396 259 238 478 649 820 647 587 877 794 452 731 840 353 501 715 211 416 979 880 498 979 0 207 648 745 449 561 992 402 283 679 303 800 610 406 607 963 887 702 415 411 656 803 133 323 428 68 509 623 225 892
482 493 288 553 487 885 338 717 487 969 322 213 616 442 548 395 347 490 248 338 339 346 484 587 488 203 506 262 110 193 564 612 408 656 313 241 375 677 818 324 694 673 485 545 331 360 401 735 268 315 155 449 499 618 619 575 679 600 248 533 663 504 295 710 291 365 787 740 310 948 207 0 473 641 307 623 806 299 420 668 478 613 680 333 445 788 694 652 477 245 519 634 339 193 228 265 416 581 43 727
813 116 187 89 264 703 355 571 498 772 658 261 159 789 489 406 423 787 542 476 737 148 246 197 178 335 694 561 571 622 752 756 172 432 206 540 268 246 640 356 390 799 251 440 639 118 575 281 273 554 595 439 116 267 509 523 276 185 370 170 192 789 349 620 577 387 348 308 464 735 648 473 0 327 219 703 347 301 710 577 811 160 760 348 72 316 258 474 622 238 164 163 758 332 266 715 290 457 488 258
784 215 434 274 156 385 660 282 353 448 670 458 243 777 294 331 726 738 800 771 777 332 157 139 173 592 593 819 751 715 634 608 246 133 337 574 583 182 326 657 63 629 578 237 902 348 508 252 374 542 793 318 213 567 264 316 540 466 648 485 354 730 643 353 586 340 547 201 753 409 745 641 327 0 340 525 501 349 675 321 783 404 568 340 277 412 489 192 515 414 166 298 814 449 516 811 236 227 674 314
594 194 137 275 192 640 372 480 324 720 440 122 328 570 344 218 428 569 466 462 523 73 185 282 181 267 487 486 416 420 547 561 101 380 13 323 327 375 572 365 397 610 383 314 568 111 364 439 55 335 455 265 200 459 394 379 488 396 332 357 402 571 342 503 358 190 567 437 440 691 449 307 219 340 0 522 564 87 492 457 592 379 583 145 163 522 476 395 420 78 213 359 548 126 197 516 146 344 336 445
385 609 654 711 457 428 869 315 205 499 388 601 722 407 234 305 912 325 869 927 488 586 475 615 546 734 164 883 700 538 156 96 531 411 534 393 843 696 389 859 520 104 905 292 954 626 223 772 491 315 754 264 613 968 269 209 978 888 803 866 832 306 832 241 355 332 1026 726 900 504 561 623 703 525 522 0 996 440 311 237 387 848 61 379 631 920 947 353 149 572 580 774 535 502 688 597 413 298 665 822
1155 398 519 296 540 863 587 782 798 908 1004 601 275 1133 764 724 647 1126 815 706 1084 494 524 383 456 635 1018 832 895 967 1072 1064 496 633 551 886 494 319 814 595 540 1099 397 708 898 464 905 260 619 895 910 744 393 264 756 795 179 217 644 293 168 1126 604 852 922 712 75 325 706 864 992 806 347 501 564 996 0 641 1050 818 1154 193 1047 680 403 99 125 691 942 583 418 223 1105 679 582 1058 600 711 814 188
514 254 215 347 193 600 438 434 248 682 366 170 392 493 281 139 489 486 497 515 458 159 194 326 221 316 400 515 408 372 460 474 152 358 100 252 404 423 532 429 398 525 468 262 596 198 277 493 53 254 453 192 260 546 341 314 574 482 385 445 476 487 404 445 282 108 649 481 491 657 402 299 301 349 87 440 641 0 410 399 512 461 500 61 238 592 560 359 333 135 259 429 487 106 256 469 117 296 335 509
109 657 585 755 545 716 739 571 337 794 103 505 793 107 415 348 761 78 662 757 180 565 556 709 610 594 147 671 460 268 180 248 556 605 505 192 747 805 665 725 697 305 839 457 728 601 167 880 440 156 511 358 663 942 487 416 978 887 655 842 884 86 696 517 143 348 1058 853 729 792 283 420 710 675 492 311 1050 410 0 494 109 870 348 372 648 997 968 563 190 499 650 835 226 401 578 301 467 485 456 909
589 466 592 558 314 230 829 79 187 312 537 567 549 600 121 274 884 532 892 914 649 500 331 439 400 715 364 909 767 650 382 332 420 191 464 490 779 502 172 821 299 335 813 144 988 534 344 573 451 422 819 219 468 842 68 94 833 750 784 747 663 517 798 46 472 306 859 519 890 302 679 668 577 321 457 237 818 399 494 0 590 698 264 346 507 732 792 130 304 528 425 605 695 496 651 731 314 120 710 634
4 762 675 859 653 807 810 669 442 882 162 593 899 41 519 456 825 62 706 815 166 664 664 816 717 667 228 713 496 300 236 307 661 711 605 277 828 913 760 796 805 355 925 563 760 699 275 988 538 259 542 466 768 1034 589 518 1075 985 723 936 988 84 767 610 234 456 1159 962 787 883 303 478 811 783 592 387 1154 512 109 590 0 971 412 478 751 1102 1068 667 288 592 757 940 201 492 660 297 574 590 509 1015
973 239 327 140 394 788 419 678 644 847 818 409 164 949 624 559 484 947 638 542 894 307 376 267 304 448 850 656 704 775 907 907 324 530 366 700 324 253 731 425 459 947 247 571 727 275 733 241 433 714 721 587 235 171 631 657 136 70 464 130 84 948 429 737 737 542 188 296 538 806 800 613 160 404 379 848 193 461 870 698 971 0 903 505 225 190 100 581 777 392 274 116 914 489 391 866 437 581 623 180
410 664 715 765 510 429 930 337 263 493 432 661 773 437 283 365 972 350 927 987 527 646 528 665 600 795 202 941 755 587 176 105 589 448 594 448 904 743 399 920 557 75 965 340 1011 685 279 818 552 369 809 322 668 1025 306 254 1034 944 864 925 884 329 892 257 407 393 1079 769 960 503 610 680 760 568 583 61 1047 500 348 264 412 903 0 440 688 969 1002 388 204 633 633 826 574 563 748 642 470 342 723 871
480 285 275 384 188 554 498 387 187 637 342 229 420 463 225 78 548 447 546 572 442 213 195 342 239 374 347 564 439 375 405 417 185 327 156 237 465 439 487 489 382 465 527 214 644 253 227 513 114 220 487 132 291 601 290 257 623 532 443 499 513 446 464 390 256 47 693 493 547 615 406 333 348 340 145 379 680 61 372 346 478 505 440 0 281 624 605 319 277 195 279 462 477 151 316 471 105 249 373 537
752 64 177 113 194 643 385 505 426 714 602 234 171 731 417 335 452 724 548 500 686 100 176 164 113 337 626 568 549 580 683 685 100 370 151 485 307 237 578 384 340 728 311 369 648 89 508 290 218 492 580 367 67 339 440 451 348 257 384 241 239 724 372 550 519 317 412 302 485 678 607 445 72 277 163 631 403 238 648 507 751 225 688 281 0 359 325 408 553 201 111 197 710 285 262 675 218 387 467 285
1104 340 501 246 469 766 608 692 726 810 958 578 205 1085 686 661 673 1071 827 731 1045 457 454 305 390 634 953 846 884 937 1005 992 442 544 510 843 513 230 720 615 447 1023 430 629 917 433 845 164 577 843 905 675 334 317 672 715 240 242 653 315 125 1068 619 764 874 652 168 228 728 766 963 788 316 412 522 920 99 592 997 732 1102 190 969 624 359 0 174 604 876 553 351 163 1069 643 573 1031 536 629 802 98
1070 338 412 237 492 869 461 767 744 924 913 496 246 1045 722 659 521 1045 690 580 986 404 474 355 402 516 950 708 778 863 1007 1007 424 618 463 795 370 323 815 470 540 1047 271 668 773 369 833 289 530 812 791 687 334 144 726 754 66 95 521 169 137 1047 480 830 834 642 93 352 581 882 887 694 258 489 476 947 125 560 968 792 1068 100 1002 605 325 174 0 672 877 483 371 192 1004 582 468 952 538 677 700 215
667 358 522 443 219 246 760 98 227 326 586 514 427 670 148 267 820 614 854 856 698 422 234 317 296 661 453 873 758 672 482 443 334 61 398 515 699 374 177 754 170 455 719 115 954 451 399 443 404 460 806 225 360 733 85 154 717 637 727 642 540 601 734 161 510 292 735 389 834 299 702 652 474 192 395 353 691 359 563 130 667 581 388 319 408 604 672 0 381 471 313 482 741 464 591 761 250 80 691 506
287 545 542 648 408 527 742 381 163 605 247 478 672 296 234 219 780 233 725 791 354 490 423 575 487 603 78 738 551 390 130 145 453 428 432 244 726 666 475 731 528 201 799 283 807 529 76 743 379 166 605 203 550 878 302 230 899 807 671 776 775 220 703 327 206 236 962 707 763 602 415 477 622 515 420 149 942 333 190 304 288 777 204 277 553 876 877 381 0 456 526 720 401 374 563 454 343 307 519 782
594 248 87 311 269 716 304 555 382 796 433 44 372 566 412 273 357 577 389 387 503 101 262 344 249 191 516 408 352 385 578 600 170 458 78 315 272 432 648 295 473 653 345 386 491 120 393 490 81 346 386 326 254 443 466 446 484 395 257 344 429 583 271 573 359 242 576 495 364 768 411 245 238 414 78 572 583 135 499 528 592 392 633 195 201 553 483 471 456 0 276 394 522 100 124 478 221 417 270 485
758 49 277 134 123 539 495 411 380 608 620 316 146 742 351 310 562 722 648 609 716 181 106 69 40 437 603 668 627 627 655 646 113 269 205 510 417 165 476 493 230 681 415 297 750 188 495 235 261 499 662 326 48 420 358 384 409 325 489 330 252 719 480 465 535 303 446 224 593 571 656 519 164 166 213 580 418 259 650 425 757 274 633 279 111 351 371 313 526 276 0 195 746 337 362 724 185 308 546 259
941 178 350 84 318 678 497 577 575 735 795 422 55 922 544 503 565 909 699 621 882 296 301 166 233 496 796 718 734 776 849 842 279 428 347 679 403 137 623 501 348 876 347 488 794 275 685 133 414 680 759 521 172 287 541 575 245 186 526 232 58 908 499 642 711 492 255 182 613 693 803 634 163 298 359 774 223 429 835 605 940 116 826 462 197 163 192 482 720 394 195 0 907 481 429 871 378 493 651 95
205 739 594 823 665 923 676 767 518 1003 158 509 875 161 598 487 677 248 534 657 47 613 672 813 708 541 372 538 322 147 405 474 637 772 560 240 713 910 866 661 849 530 820 627 575 641 351 980 493 281 360 518 745 945 675 608 999 914 585 854 948 271 633 724 232 474 1097 967 630 997 133 339 758 814 548 535 1105 487 226 695 201 914 574 477 710 1069 1004 741 401 522 746 907 0 427 555 100 582 661 358 992
494 320 184 398 294 704 369 537 329 786 333 107 453 466 376 224 410 479 395 428 405 186 292 406 303 233 428 413 303 295 490 519 225 464 136 215 355 501 636 357 501 575 439 364 493 215 306 565 77 250 347 280 326 542 441 407 584 495 302 444 521 485 330 541 259 192 675 562 402 763 323 193 332 449 126 502 679 106 401 496 492 489 563 151 285 643 582 464 374 100 337 481 427 0 189 391 223 399 229 569
662 322 85 353 382 837 183 677 503 916 497 87 422 628 535 394 233 655 287 265 545 184 372 424 344 76 617 307 313 408 679 708 272 574 193 386 169 499 769 173 577 763 267 509 388 175 495 544 203 434 332 448 327 392 589 569 452 373 136 306 449 663 148 697 435 363 560 563 243 886 428 228 266 516 197 688 582 256 578 651 660 391 748 316 262 573 468 591 563 124 362 429 555 189 0 490 343 540 232 523
301 710 540 787 657 961 595 799 547 1043 210 457 844 256 625 497 590 338 438 566 132 575 661 792 687 467 440 441 228 97 481 547 612 785 527 246 640 889 901 580 852 606 750 647 476 598 393 955 464 309 263 537 717 882 703 640 941 859 503 795 907 359 553 765 259 478 1044 948 540 1032 68 265 715 811 516 597 1058 469 301 731 297 866 642 471 675 1031 952 761 454 478 724 871 100 391 490 0 575 682 276 960
575 202 279 305 83 495 517 334 208 575 445 264 331 562 207 125 574 538 605 608 547 187 91 242 146 412 419 624 525 478 473 470 118 242 152 342 465 339 427 510 282 510 506 170 706 224 310 414 155 320 570 150 207 555 249 243 565 474 478 455 432 534 488 359 359 118 620 390 585 548 509 416 290 236 146 413 600 117 467 314 574 437 470 105 218 536 538 250 343 221 185 378 582 223 343 575 0 198 452 444
590 347 477 442 194 305 715 139 149 388 506 459 439 592 73 191 772 539 793 805 618 382 212 328 282 607 381 811 686 593 415 383 301 122 350 435 662 401 237 708 225 403 693 36 891 416 320 476 344 380 735 145 350 723 52 90 717 632 674 627 551 527 686 164 430 218 748 427 782 366 623 581 457 227 344 298 711 296 485 120 590 581 342 249 387 629 677 80 307 417 308 493 661 399 540 682 198 0 622 530
513 517 301 571 520 926 319 758 530 1009 357 233 636 471 589 436 320 524 208 306 363 370 517 614 517 194 547 220 83 216 605 654 436 693 342 282 366 701 859 304 728 714 478 586 289 379 444 756 301 356 119 491 523 615 660 617 681 605 228 535 677 539 277 752 330 406 791 764 278 988 225 43 488 674 336 665 814 335 456 710 509 623 723 373 467 802 700 691 519 270 546 651 358 229 232 276 452 622 0 745
1016 255 445 175 374 675 586 595 630 723 875 515 118 999 589 568 653 981 793 710 965 386 359 208 299 590 860 812 828 864 910 896 358 447 434 761 492 132 626 591 352 926 426 531 887 367 754 76 499 757 853 580 249 341 574 617 280 247 619 308 96 978 590 667 790 562 245 141 703 679 892 727 258 314 445 822 188 509 909 634 1015 180 871 537 285 98 215 506 782 485 259 95 992 569 523 960 444 530 745 0
