# TTSP Euclidean complete-graph matrix instance
# seed: 2043
# depot: 1
# L_max is not stored in this file; pass it with --budget when running algorithms.
# coordinate rows: node x y
# coord 1 482.468351 617.862033
# coord 2 666.350973 955.809665
# coord 3 996.177730 706.478451
# coord 4 853.795705 419.939221
# coord 5 634.433385 263.877749
# coord 6 793.692898 142.967088
# coord 7 467.005807 818.257596
# coord 8 641.723724 947.469544
# coord 9 96.226372 905.399922
# coord 10 250.225807 318.182904
# coord 11 40.622436 811.171581
# coord 12 875.562184 560.377444
# coord 13 666.449046 741.999138
# coord 14 872.267211 442.814762
# coord 15 534.058143 84.838631
# coord 16 875.045451 952.852982
# coord 17 825.265967 319.791762
# coord 18 222.089045 108.408225
# coord 19 969.264011 752.772438
# coord 20 637.219365 263.283798
# coord 21 282.998980 754.951224
# coord 22 982.555687 248.696762
# coord 23 660.948951 675.315823
# coord 24 735.067519 905.833127
# coord 25 152.753387 53.249642
# coord 26 848.133236 783.710251
# coord 27 554.545710 426.290629
# coord 28 555.464476 619.266286
# coord 29 57.744134 68.674717
# coord 30 943.276623 175.513039
# coord 31 315.884491 471.831266
# coord 32 612.874375 388.697774
# coord 33 422.291253 934.064738
# coord 34 579.088123 479.565648
# coord 35 923.496371 760.788959
# coord 36 924.653011 533.231840
# coord 37 987.453403 721.197546
# coord 38 437.634266 694.469314
# coord 39 486.845951 197.318449
# coord 40 602.122981 724.947874
# coord 41 232.611431 145.562849
# coord 42 73.755347 767.303953
# coord 43 510.091563 586.044151
# coord 44 282.141152 524.540783
# coord 45 562.958792 961.700223
# coord 46 302.218765 138.297337
# coord 47 743.776460 169.078864
# coord 48 620.714135 991.220963
# coord 49 474.964820 170.497464
# coord 50 656.175542 609.459614
# coord 51 160.805285 861.736764
# coord 52 675.840638 494.262069
# coord 53 47.747982 120.621051
# coord 54 512.491643 542.979355
# coord 55 886.478437 795.180041
# coord 56 681.126532 896.361029
# coord 57 173.133348 586.708401
# coord 58 644.687460 148.534064
# coord 59 657.378944 846.601483
# coord 60 834.600946 142.192356
# coord 61 365.621987 694.356795
# coord 62 415.797923 52.549776
# coord 63 989.726763 179.345996
# coord 64 278.737401 810.771897
# coord 65 717.189967 541.488268
# coord 66 307.000228 632.991305
# coord 67 370.413469 867.429471
# coord 68 789.967856 940.538914
# coord 69 261.830110 815.469038
# coord 70 910.354742 895.565918
# coord 71 426.113809 910.582405
# coord 72 994.212358 393.460399
# coord 73 76.390297 510.016555
# coord 74 255.972874 634.738432
# coord 75 317.363439 435.657950
# coord 76 209.025680 139.331783
# coord 77 83.151835 407.945455
# coord 78 580.869817 896.396443
# coord 79 116.824621 904.843177
# coord 80 958.200396 110.194028
# coord 81 750.199995 487.709453
# coord 82 659.944083 545.823883
# coord 83 53.367396 240.273384
# coord 84 550.694041 181.897934
# coord 85 22.329032 302.386858
# coord 86 174.724951 77.719904
# coord 87 279.048072 203.646132
# coord 88 86.860738 395.769697
# coord 89 672.700352 279.022431
# coord 90 207.252893 789.408564
# coord 91 998.982020 886.999079
# coord 92 213.496178 52.230825
# coord 93 324.946301 294.829771
# coord 94 876.356747 511.297041
# coord 95 736.293867 610.079244
# coord 96 626.955545 245.090183
# coord 97 555.346178 480.283544
# coord 98 869.456640 832.789637
# coord 99 774.329331 989.711196
# coord 100 340.395984 310.881719
# reference_nearest_neighbor_tour_cost: 8985
TTSP_MATRIX
100
0 98 26 54 3 87 65 95 60 41 74 82 87 12 10 85 5 50 40 75 20 39 86 12 49 5 46 28 14 24 62 73 100 86 40 47 74 73 99 48 95 62 27 47 24 77 29 65 44 38 93 17 98 6 78 10 40 95 63 69 70 79 1 55 53 12 28 25 77 78 85 91 30 9 39 9 99 16 91 53 46 44 8 79 85 7 86 29 55 7 41 9 15 1 23 93 90 98 67 19
0 385 521 421 385 568 201 366 482 379 482 397 222 427 536 516 454 572 505 387 242 622 188 383 654 402 205 73 694 639 222 264 322 169 464 450 515 89 421 161 534 435 42 221 353 512 519 398 447 174 404 229 660 81 441 342 311 497 288 592 140 569 671 281 247 176 274 446 296 510 298 559 420 227 246 551 451 295 465 696 298 192 572 441 558 622 461 454 389 324 582 626 359 408 254 400 156 443 473 338
385 0 413 568 693 823 242 26 572 761 642 447 214 553 881 209 656 957 365 693 433 775 281 85 1038 250 541 354 1076 828 598 570 245 484 323 495 398 347 779 240 919 622 401 578 104 895 791 58 808 346 514 462 1039 441 273 61 616 808 110 831 398 937 841 414 417 483 309 125 428 251 244 651 739 521 626 936 800 104 552 895 476 410 942 783 917 1006 846 806 677 488 340 1011 744 492 353 712 488 237 113 723
521 413 0 320 572 599 541 429 922 841 961 189 332 291 775 275 423 978 54 570 715 458 337 329 1067 167 523 449 1135 534 720 498 617 475 91 187 17 559 720 394 947 924 501 737 503 897 594 471 748 354 850 384 1115 511 141 368 832 659 367 587 631 874 527 725 324 693 646 312 742 208 606 313 941 744 731 970 961 457 901 597 329 373 1052 688 1054 1034 876 961 536 793 181 1020 787 229 277 591 495 179 360 766
421 568 320 0 269 283 555 569 900 612 902 142 373 29 463 533 104 704 352 267 662 214 320 500 791 364 299 359 870 260 540 243 671 281 348 134 330 499 429 395 679 854 382 581 615 619 274 617 454 274 822 193 860 363 377 507 701 343 470 278 560 572 276 695 183 587 659 524 712 479 651 143 783 635 537 703 771 549 882 327 124 231 820 385 840 760 614 767 229 745 489 738 543 94 224 286 304 413 575 525
385 693 572 269 0 200 579 684 837 388 808 382 479 298 205 730 199 441 593 3 604 348 412 650 526 562 181 364 609 321 380 127 703 223 575 396 578 473 162 462 419 754 345 438 701 355 145 727 185 346 763 234 604 305 588 634 563 116 583 234 508 304 365 652 290 493 659 694 666 689 679 382 610 530 361 443 570 635 824 358 252 283 582 117 613 496 360 563 41 677 722 471 311 346 361 20 230 616 739 298
568 823 599 283 200 0 750 819 1033 571 1007 425 612 310 266 814 180 573 635 197 797 216 549 765 647 643 371 533 740 153 580 305 874 399 631 412 610 656 312 613 561 953 526 638 851 491 56 866 320 486 958 371 746 489 659 762 763 149 717 41 698 389 199 843 406 691 839 798 857 762 851 321 806 729 559 585 758 783 1019 168 347 424 747 246 788 622 518 751 182 873 772 587 493 377 471 196 413 694 847 483
201 242 541 555 579 750 0 217 381 545 426 483 214 552 736 430 614 751 507 580 195 768 241 282 827 383 402 218 854 800 378 454 124 357 460 539 529 127 621 164 712 397 236 347 173 700 706 231 648 282 309 385 814 279 420 228 374 693 192 770 160 767 825 188 373 245 108 345 205 450 101 677 498 280 411 726 562 138 361 862 435 334 711 642 681 796 643 568 577 261 536 807 542 512 340 595 349 403 352 523
366 26 429 569 684 819 217 0 547 741 616 452 207 555 869 233 654 938 381 684 407 777 273 102 1019 263 528 339 1055 829 577 560 220 472 338 502 413 325 766 226 900 596 385 555 80 878 785 49 795 338 489 454 1018 425 288 65 591 799 102 828 375 923 843 388 413 459 283 148 402 274 219 657 715 497 606 917 777 79 527 895 472 402 920 771 894 987 828 782 669 462 362 992 725 495 350 703 475 255 139 704
482 572 922 900 837 1033 381 547 0 607 109 852 593 903 930 780 935 807 886 840 240 1103 610 639 854 762 663 541 838 1118 486 731 327 644 840 908 910 401 809 537 772 140 523 424 470 794 981 531 827 633 78 711 786 552 798 585 328 935 564 1062 342 911 1151 206 720 344 277 695 188 814 330 1034 396 314 519 774 498 485 21 1173 776 669 667 854 608 831 725 510 851 161 903 861 652 874 705 847 626 777 683 643
379 761 841 612 388 571 545 741 607 0 536 671 594 634 367 891 575 212 840 391 438 736 544 762 282 758 323 429 315 708 167 369 639 366 806 708 840 420 266 538 174 483 373 209 715 187 516 768 269 500 551 461 283 345 795 721 279 429 667 610 393 313 752 493 518 320 562 824 497 877 618 748 259 317 135 184 190 666 602 738 528 469 212 330 228 252 118 181 424 473 940 268 78 655 567 384 346 805 852 90
482 642 961 902 808 1007 426 616 109 536 0 872 630 910 878 846 926 726 930 810 249 1097 635 701 766 808 642 549 743 1104 437 711 401 632 884 927 951 414 759 568 693 55 521 375 544 722 952 607 774 648 130 710 691 543 846 646 261 897 618 1038 345 846 1140 238 728 320 335 760 221 874 398 1041 303 278 466 693 405 547 121 1155 780 674 571 810 509 746 653 418 826 168 961 778 589 888 724 815 612 829 755 583
397 447 189 142 382 425 483 452 852 671 872 0 277 118 585 392 246 795 214 381 624 330 243 373 883 225 348 325 954 391 567 314 587 307 206 56 196 458 532 319 765 828 366 595 509 712 413 501 559 225 776 210 937 363 235 388 703 472 360 420 527 685 398 647 159 573 591 390 665 337 570 205 801 624 572 788 807 447 833 458 145 216 882 499 891 851 695 806 347 706 349 835 611 49 148 402 330 272 441 590
222 214 332 373 479 612 214 207 593 594 630 277 0 363 670 297 451 774 303 480 384 586 67 178 859 186 335 165 908 631 443 357 311 277 258 332 322 234 574 67 738 593 221 442 243 705 578 253 603 133 520 248 877 252 226 155 517 594 105 623 305 734 649 394 207 376 322 234 411 288 294 478 634 424 464 757 672 177 573 696 268 196 792 572 780 826 663 675 463 462 363 825 563 312 149 498 284 222 270 541
427 553 291 29 298 310 552 555 903 634 910 118 363 0 492 510 132 731 325 296 667 223 314 483 818 342 318 363 896 277 557 265 666 295 322 104 301 502 457 391 705 862 389 596 604 646 302 603 482 273 826 203 885 373 353 492 714 372 457 303 566 601 288 698 184 596 657 504 715 454 646 132 799 645 555 729 790 539 886 344 130 236 844 414 861 787 640 787 258 750 462 766 567 69 216 315 319 390 556 548
536 881 775 463 205 266 736 869 930 367 878 585 670 492 0 933 374 313 797 206 716 477 604 845 383 766 342 535 477 419 444 314 857 397 780 595 781 617 122 644 308 823 502 507 877 238 226 911 104 539 862 433 488 459 793 825 618 128 772 306 632 123 465 770 492 593 800 893 780 894 833 554 625 616 412 330 555 813 920 425 457 478 505 98 556 359 281 545 239 777 927 322 296 547 563 185 396 820 936 298
516 209 275 533 730 814 430 233 780 891 846 392 297 510 933 0 635 1067 221 729 624 712 351 148 1154 171 616 462 1204 780 738 622 453 558 198 423 257 508 849 356 1032 822 517 731 312 996 795 257 879 407 720 500 1173 547 158 202 792 837 242 812 571 1011 782 613 441 652 512 86 628 67 451 572 913 696 761 1051 961 300 760 847 482 460 1088 836 1072 1121 957 965 704 688 140 1117 858 442 370 750 571 120 107 835
454 656 423 104 199 180 614 654 935 575 926 246 451 132 374 635 0 639 456 196 695 173 392 593 723 464 291 403 808 186 532 223 735 293 452 235 433 539 360 463 618 875 413 580 693 554 171 702 381 335 857 230 803 384 479 594 705 249 553 178 593 489 216 735 247 606 712 622 750 582 713 184 773 651 521 642 747 626 919 248 184 280 776 307 803 694 558 742 158 776 593 668 501 198 304 212 314 515 672 485
572 957 978 704 441 573 751 938 807 212 726 795 774 731 313 1067 639 0 987 443 649 773 717 948 89 921 460 610 169 724 375 481 850 515 958 821 980 624 279 724 39 675 558 420 919 86 525 969 260 663 756 596 175 523 956 912 481 424 857 613 603 202 771 705 658 531 773 1007 708 1046 828 823 427 527 341 34 330 866 803 736 650 619 214 337 278 56 111 318 482 681 1100 57 213 768 718 427 499 972 1040 235
505 365 54 352 593 635 507 381 886 840 930 214 303 325 797 221 456 987 0 591 686 504 318 280 1075 125 528 435 1140 578 711 509 576 476 46 224 36 535 736 368 955 896 489 724 457 907 626 422 764 344 816 391 1118 503 93 322 813 686 326 625 606 893 574 693 329 673 610 260 710 154 566 360 925 723 725 977 951 414 866 643 344 372 1050 708 1049 1043 882 952 559 763 137 1031 790 259 273 612 496 128 307 769
387 693 570 267 3 197 580 684 840 391 810 381 480 296 206 729 196 443 591 0 606 346 413 650 528 562 183 365 611 318 383 128 704 224 574 394 576 475 164 463 421 756 347 441 702 358 142 728 187 347 765 234 606 306 587 635 566 115 584 232 509 306 362 654 289 496 660 694 668 689 681 380 613 532 363 446 573 636 826 356 251 283 584 119 616 498 363 566 39 679 721 473 314 345 361 21 232 615 739 301
242 433 715 662 604 797 195 407 240 438 249 624 384 667 716 624 695 649 686 606 0 864 386 477 714 566 426 304 722 878 285 493 227 404 641 679 705 166 594 321 611 210 283 230 348 617 745 412 615 401 162 471 677 312 605 422 201 706 385 824 102 715 911 56 484 124 142 540 64 643 211 798 320 123 321 620 400 330 224 934 538 431 564 632 522 686 551 409 615 83 728 706 462 641 476 615 387 592 545 448
622 775 458 214 348 216 768 777 1103 736 1097 330 586 223 477 712 173 773 504 346 864 0 534 702 853 552 463 565 942 83 703 395 885 465 515 290 473 704 498 610 757 1046 581 753 827 689 252 826 514 486 1025 393 944 555 555 714 877 352 681 182 761 600 70 901 395 777 870 718 917 651 865 145 943 823 691 781 913 762 1086 141 333 439 929 437 962 826 705 908 311 945 639 794 659 283 437 356 486 595 770 645
188 281 337 320 412 549 241 273 610 544 635 243 67 314 604 351 392 717 318 413 386 534 0 242 803 216 271 119 855 574 401 291 352 212 276 300 330 224 509 77 681 594 175 408 303 646 513 318 538 66 534 182 827 199 255 222 496 527 171 561 296 669 595 406 145 356 348 295 423 333 332 436 607 407 419 701 637 235 591 639 208 129 747 506 740 770 607 639 396 468 399 767 508 271 100 432 222 261 334 485
383 85 329 500 650 765 282 102 639 762 701 373 178 483 845 148 593 948 280 650 477 702 242 0 1032 166 512 338 1077 759 603 531 314 454 238 418 313 365 751 224 911 676 391 592 181 881 737 143 780 307 576 416 1044 426 188 55 646 763 98 770 426 911 770 466 365 508 367 65 482 176 309 574 768 550 629 930 820 154 618 826 418 368 953 747 934 1000 837 825 630 541 265 1000 736 419 296 670 462 153 93 714
654 1038 1067 791 526 647 827 1019 854 282 766 883 859 818 383 1154 723 89 1075 528 714 853 803 1032 0 1009 548 695 96 800 449 569 921 603 1046 909 1069 702 364 808 122 718 642 489 997 172 602 1048 343 750 809 684 125 608 1043 995 534 501 940 688 676 263 846 768 746 600 843 1092 770 1133 900 908 463 591 416 103 361 946 852 807 739 707 212 418 281 33 196 349 567 738 1188 61 297 856 807 512 587 1059 1124 319
402 250 167 364 562 643 383 263 762 758 808 225 186 342 766 171 464 921 125 562 566 552 216 166 1009 0 463 336 1066 616 617 460 452 406 79 262 153 420 689 253 887 775 392 623 336 845 623 308 718 259 692 337 1039 413 40 201 703 667 201 642 491 849 621 570 275 562 485 167 587 128 441 417 819 611 635 908 852 290 741 682 312 303 963 671 956 976 813 854 534 641 183 968 716 274 207 582 422 54 219 694
205 541 523 299 181 371 402 528 663 323 642 348 335 318 342 616 291 460 528 183 426 463 271 512 548 463 0 193 612 463 243 69 525 59 498 385 524 293 239 302 427 589 166 290 535 383 319 569 268 209 587 139 592 124 496 487 414 292 433 399 328 399 500 473 199 322 478 566 487 589 501 441 485 364 237 449 472 471 649 513 205 159 535 244 546 516 354 469 189 502 640 506 265 333 258 195 54 514 605 243
73 354 449 359 364 533 218 339 541 429 549 325 165 363 535 462 403 610 435 365 304 565 119 338 695 336 193 0 742 589 281 238 342 142 394 379 444 140 427 116 573 504 56 289 343 544 488 378 456 101 463 174 712 88 375 304 384 479 249 553 204 584 618 337 179 249 310 398 353 450 319 493 491 300 301 592 517 278 523 649 235 128 629 437 620 662 499 519 360 388 518 662 398 339 181 381 139 380 430 376
694 1076 1135 870 609 740 854 1055 838 315 743 954 908 896 477 1204 808 169 1140 611 722 942 855 1077 96 1066 612 742 0 892 479 641 939 664 1108 984 1136 732 448 853 191 699 687 508 1026 254 693 1081 429 807 800 750 53 657 1102 1036 531 592 982 780 697 358 939 774 811 617 858 1139 774 1188 919 991 442 600 450 167 340 979 838 901 809 768 172 506 236 117 259 328 650 736 1247 157 350 931 868 596 646 1115 1167 372
639 828 534 260 321 153 800 829 1118 708 1104 391 631 277 419 780 186 724 578 318 878 83 574 759 800 616 463 589 892 0 694 393 920 474 586 358 547 725 457 647 711 1052 597 748 873 642 200 877 468 520 1041 416 897 566 622 767 873 300 729 114 776 542 47 919 430 784 898 780 935 721 899 224 929 827 678 735 891 807 1102 67 367 466 892 393 930 775 665 884 290 958 714 740 630 342 481 324 493 661 832 618
222 598 720 540 380 580 378 577 486 167 437 567 443 557 444 738 532 375 711 383 285 703 401 603 449 617 243 281 479 694 0 308 474 263 673 612 716 254 323 382 337 382 225 63 549 334 524 602 341 367 420 361 442 209 656 560 183 461 507 615 228 431 735 341 407 161 399 667 348 730 452 683 243 174 36 349 241 500 477 737 435 352 350 373 339 419 271 241 406 336 799 432 177 562 443 385 240 661 692 163
264 570 498 243 127 305 454 560 731 369 711 314 357 265 314 622 223 481 509 128 493 395 291 531 569 460 69 238 641 393 308 0 578 97 485 344 501 352 229 336 451 659 223 358 575 399 256 603 258 225 654 123 625 184 490 512 482 242 460 332 393 390 431 538 185 391 537 580 553 588 554 381 550 433 299 475 530 509 716 444 169 164 579 216 597 537 382 526 125 570 630 522 303 291 253 144 108 513 622 283
322 245 617 671 703 874 124 220 327 639 401 587 311 666 857 453 735 850 576 704 227 885 352 314 921 452 525 342 939 920 474 578 0 481 530 643 604 240 740 276 811 386 359 433 143 805 830 206 765 400 271 508 896 401 485 262 427 816 251 893 246 882 944 189 491 322 84 368 200 490 24 787 547 342 509 823 626 163 307 983 554 455 786 763 748 891 744 634 701 259 579 906 647 620 451 719 473 458 356 629
169 484 475 281 223 399 357 472 644 366 632 307 277 295 397 558 293 515 476 224 404 465 212 454 603 406 59 142 664 474 263 97 481 0 445 350 474 257 297 246 481 582 127 300 482 439 351 513 326 151 567 98 641 92 441 429 420 337 375 423 303 457 509 447 151 312 440 507 462 532 457 424 504 358 265 503 501 417 628 529 171 105 578 299 584 570 408 499 221 484 585 562 314 299 204 239 24 457 546 292
464 323 91 348 575 631 460 338 840 806 884 206 258 322 780 198 452 958 46 574 641 515 276 238 1046 79 498 394 1108 586 673 485 530 445 0 228 75 490 713 323 925 850 449 683 413 879 618 380 741 307 769 364 1085 465 51 278 770 673 280 625 562 871 585 647 301 630 563 224 664 135 519 374 883 679 688 947 911 368 819 652 323 340 1014 689 1011 1014 852 913 543 717 147 1003 759 254 240 595 463 90 273 736
450 495 187 134 396 412 539 502 908 708 927 56 332 104 595 423 235 821 224 394 679 290 300 418 909 262 385 379 984 358 612 344 643 350 228 0 198 513 552 375 793 883 418 643 561 737 407 550 578 279 831 252 969 412 265 437 753 476 412 401 582 700 360 703 208 626 647 429 720 363 625 156 849 676 615 817 851 500 889 424 180 265 919 513 931 877 725 849 358 762 361 859 645 53 203 414 373 305 481 625
515 398 17 330 578 610 529 413 910 840 951 196 322 301 781 257 433 980 36 576 705 473 330 313 1069 153 524 444 1136 547 716 501 604 474 75 198 0 550 725 385 949 915 496 732 488 900 604 455 752 350 839 385 1115 507 125 353 825 667 353 599 622 880 542 714 325 686 634 295 732 191 592 328 935 737 728 972 957 443 890 612 333 372 1051 694 1052 1037 877 958 543 783 166 1023 788 237 275 597 495 162 343 766
89 347 559 499 473 656 127 325 401 420 414 458 234 502 617 508 539 624 535 475 166 704 224 365 702 420 293 140 732 725 254 352 240 257 490 513 550 0 500 167 586 371 130 230 295 572 608 349 525 234 323 311 694 169 460 316 286 584 267 680 72 642 755 197 319 144 186 430 213 514 216 633 406 191 285 600 456 248 384 783 375 267 595 525 571 670 516 461 477 249 593 680 415 475 310 488 244 453 448 396
421 779 720 429 162 312 621 766 809 266 759 532 574 457 122 849 360 279 736 164 594 498 509 751 364 689 239 427 448 457 323 229 740 297 713 552 725 500 0 540 259 704 389 386 768 194 258 805 29 446 740 352 446 347 719 726 500 165 671 352 512 161 503 648 414 471 680 803 658 817 716 544 516 495 292 284 455 705 798 479 392 389 436 66 476 334 208 447 203 655 859 309 189 500 482 148 291 742 843 185
161 240 394 395 462 613 164 226 537 538 568 319 67 391 644 356 463 724 368 463 321 610 77 224 808 253 302 116 853 647 382 336 276 246 323 375 385 167 540 0 687 530 167 378 240 659 574 267 569 128 462 242 820 203 293 189 451 578 134 627 238 698 669 335 217 309 272 286 352 352 256 513 568 358 406 705 608 173 518 710 280 188 732 545 717 776 613 611 451 400 429 777 512 348 177 480 249 288 316 490
534 919 947 679 419 561 712 900 772 174 693 765 738 705 308 1032 618 39 955 421 611 757 681 911 122 887 427 573 191 711 337 451 811 481 925 793 949 586 259 687 0 642 521 382 880 70 512 930 244 628 720 564 187 486 922 875 445 412 820 602 565 205 758 667 626 493 735 971 671 1011 789 801 397 490 302 24 302 828 768 726 620 586 203 320 262 89 74 290 460 644 1066 95 176 740 685 407 465 937 1003 197
435 622 924 854 754 953 397 596 140 483 55 828 593 862 823 822 875 675 896 756 210 1046 594 676 718 775 589 504 699 1052 382 659 386 582 850 883 915 371 704 530 642 0 472 320 526 669 898 591 719 603 128 661 647 493 813 621 206 842 589 985 301 792 1088 210 682 269 313 737 194 846 380 993 257 225 412 642 359 523 144 1102 732 627 527 755 468 697 600 372 773 135 933 729 535 842 681 761 561 798 735 529
42 401 501 382 345 526 236 385 523 373 521 366 221 389 502 517 413 558 489 347 283 581 175 391 642 392 166 56 687 597 225 223 359 127 449 418 496 130 389 167 521 472 0 236 379 494 478 420 417 148 445 189 656 43 431 354 337 458 299 550 181 542 629 323 212 208 314 452 338 506 335 521 440 259 244 539 463 318 506 654 259 155 573 406 564 609 447 464 347 365 574 611 345 374 227 360 115 436 482 323
221 578 737 581 438 638 347 555 424 209 375 595 442 596 507 731 580 420 724 441 230 753 408 592 489 623 290 289 508 748 63 358 433 300 683 643 732 230 386 378 382 320 236 0 520 387 583 577 403 384 358 395 467 231 662 545 125 522 494 672 189 491 787 286 435 111 354 656 292 730 412 724 206 113 96 392 231 477 415 793 470 378 365 435 342 460 321 234 461 275 803 477 234 594 462 444 277 663 677 221
353 104 503 615 701 851 173 80 470 715 544 509 243 604 877 312 693 919 457 702 348 827 303 181 997 336 535 343 1026 873 549 575 143 482 413 561 488 295 768 240 880 526 379 520 0 864 813 65 796 364 414 481 986 422 364 135 541 817 149 863 332 921 891 322 448 417 214 228 335 354 146 713 664 448 581 895 733 68 450 939 510 427 883 780 853 965 809 740 691 395 442 974 708 549 392 719 481 333 213 688
512 895 897 619 355 491 700 878 794 187 722 712 705 646 238 996 554 86 907 358 617 689 646 881 172 845 383 544 254 642 334 399 805 439 879 737 900 572 194 659 70 669 494 387 864 0 443 910 176 589 737 516 255 456 879 847 467 343 792 532 560 142 689 673 579 495 732 939 678 971 782 738 435 499 298 93 347 808 789 657 568 542 269 252 324 141 69 336 396 658 1023 124 158 685 641 342 425 897 974 177
519 791 594 274 145 56 706 785 981 516 952 413 578 302 226 795 171 525 626 142 745 252 513 737 602 623 319 488 693 200 524 256 830 351 618 407 604 608 258 574 512 898 478 583 813 443 0 831 269 449 905 332 698 440 642 730 707 101 683 95 647 348 246 792 373 637 792 773 806 745 807 336 749 674 503 536 702 745 967 222 319 386 694 194 734 576 466 695 131 820 762 543 437 367 441 139 364 676 821 428
398 58 471 617 727 866 231 49 531 768 607 501 253 603 911 257 702 969 422 728 412 826 318 143 1048 308 569 378 1081 877 602 603 206 513 380 550 455 349 805 267 930 591 420 577 65 910 831 0 834 383 478 500 1042 461 330 112 603 843 149 876 391 961 892 387 460 476 279 177 400 305 211 705 727 510 633 946 793 103 511 943 520 447 941 812 912 1017 858 800 714 460 392 1023 757 544 398 746 515 295 154 736
447 808 748 454 185 320 648 795 827 269 774 559 603 482 104 879 381 260 764 187 615 514 538 780 343 718 268 456 429 468 341 258 765 326 741 578 752 525 29 569 244 719 417 403 796 176 269 834 0 475 759 381 430 374 748 755 514 171 700 361 535 132 515 670 443 492 705 832 679 846 742 565 524 513 308 268 458 734 817 487 420 418 427 77 471 314 199 449 226 674 888 287 195 527 511 169 320 771 872 194
174 346 354 274 346 486 282 338 633 500 648 225 133 273 539 407 335 663 344 347 401 486 66 307 750 259 209 101 807 520 367 225 400 151 307 279 350 234 446 128 628 603 148 384 364 589 449 383 475 0 556 117 780 158 296 288 484 461 237 500 303 607 544 428 91 350 385 357 445 383 379 401 588 401 381 649 607 297 615 584 154 64 707 440 704 717 554 608 331 484 441 712 457 241 80 366 164 309 398 435
404 514 850 822 763 958 309 489 78 551 130 776 520 826 862 720 857 756 816 765 162 1025 534 576 809 692 587 463 800 1041 420 654 271 567 769 831 839 323 740 462 720 128 445 358 414 737 905 478 759 556 0 633 750 475 729 521 275 862 497 986 265 848 1074 128 642 271 210 634 111 750 270 956 362 246 454 724 460 421 62 1096 698 591 631 784 576 784 669 472 776 86 839 811 590 797 628 773 549 709 627 579
229 462 384 193 234 371 385 454 711 461 710 210 248 203 433 500 230 596 391 234 471 393 182 416 684 337 139 174 750 416 361 123 508 98 364 252 385 311 352 242 564 661 189 395 481 516 332 500 381 117 633 0 731 170 367 402 511 347 353 386 369 513 445 508 63 394 482 461 524 465 485 334 600 443 363 586 599 413 694 477 75 54 672 337 681 652 492 597 215 554 509 640 404 201 131 254 121 390 505 382
660 1039 1115 860 604 746 814 1018 786 283 691 937 877 885 488 1173 803 175 1118 606 677 944 827 1044 125 1039 592 712 53 897 442 625 896 641 1085 969 1115 694 446 820 187 647 656 467 986 255 698 1042 430 780 750 731 0 628 1076 1001 483 598 948 787 656 374 944 728 791 574 814 1106 727 1160 876 985 390 555 415 162 289 941 787 911 793 745 120 507 184 134 246 278 645 688 1222 179 327 916 845 592 622 1087 1133 349
81 441 511 363 305 489 279 425 552 345 543 363 252 373 459 547 384 523 503 306 312 555 199 426 608 413 124 88 657 566 209 184 401 92 465 412 507 169 347 203 486 493 43 231 422 456 440 461 374 158 475 170 628 0 451 392 342 416 336 514 211 500 600 355 205 224 354 485 370 532 378 504 437 272 223 505 450 360 536 621 244 147 550 363 546 575 412 450 309 392 596 575 311 365 234 319 76 460 518 289
441 273 141 377 588 659 420 288 798 795 846 235 226 353 793 158 479 956 93 587 605 555 255 188 1043 40 496 375 1102 622 656 490 485 441 51 265 125 460 719 293 922 813 431 662 364 879 642 330 748 296 729 367 1076 451 0 229 743 690 235 655 531 879 624 608 305 602 521 174 625 103 475 416 859 651 673 943 892 322 777 689 336 337 1001 699 995 1011 848 894 559 679 145 1002 752 284 238 608 457 41 225 730
342 61 368 507 634 762 228 65 585 721 646 388 155 492 825 202 594 912 322 635 422 714 222 55 995 201 487 304 1036 767 560 512 262 429 278 437 353 316 726 189 875 621 354 545 135 847 730 112 755 288 521 402 1001 392 229 0 595 749 55 770 375 885 781 411 357 458 312 117 427 229 255 592 718 499 587 892 772 100 564 834 414 351 908 726 887 963 801 777 617 486 318 965 699 432 292 654 435 199 132 677
311 616 832 701 563 763 374 591 328 279 261 703 517 714 618 792 705 481 813 566 201 877 496 646 534 703 414 384 531 873 183 482 427 420 770 753 825 286 500 451 445 206 337 125 541 467 707 603 514 484 275 511 483 342 743 595 0 644 550 797 221 587 913 248 546 142 343 711 245 799 411 844 123 96 209 449 200 512 323 918 585 489 367 554 322 509 397 210 587 206 879 536 329 707 564 568 397 739 724 323
497 808 659 343 116 149 693 799 935 429 897 472 594 372 128 837 249 424 686 115 706 352 527 763 501 667 292 479 592 300 461 242 816 337 673 476 667 584 165 578 412 842 458 522 817 343 101 843 171 461 862 347 598 416 690 749 644 0 698 190 613 248 346 757 400 591 769 805 769 793 793 427 674 622 435 436 619 751 922 316 355 398 598 100 641 475 370 610 133 776 819 442 352 430 471 98 344 720 851 345
288 110 367 470 583 717 192 102 564 667 618 360 105 457 772 242 553 857 326 584 385 681 171 98 940 201 433 249 982 729 507 460 251 375 280 412 353 267 671 134 820 589 299 494 149 792 683 149 700 237 497 353 948 336 235 55 550 698 0 726 329 830 745 380 311 410 288 162 397 258 240 565 671 454 533 837 723 91 544 795 371 301 856 673 836 908 746 727 568 454 344 910 644 400 249 602 380 213 185 622
592 831 587 278 234 41 770 828 1062 610 1038 420 623 303 306 812 178 613 625 232 824 182 561 770 688 642 399 553 780 114 615 332 893 423 625 401 599 680 352 627 602 985 550 672 863 532 95 876 361 500 986 386 787 514 655 770 797 190 726 0 724 428 160 869 416 721 861 800 884 757 870 298 843 760 595 626 797 796 1047 128 356 440 787 287 828 663 559 790 212 901 763 628 532 371 478 232 439 691 850 522
140 398 631 560 508 698 160 375 342 393 345 527 305 566 632 571 593 603 606 509 102 761 296 426 676 491 328 204 697 776 228 393 246 303 562 582 622 72 512 238 565 301 181 189 332 560 647 391 535 303 265 369 656 211 531 375 221 613 329 724 0 644 809 145 383 85 173 491 160 581 225 697 343 125 263 577 402 295 326 832 437 330 551 545 521 646 498 408 517 185 662 660 402 543 380 520 286 523 504 384
569 937 874 572 304 389 767 923 911 313 846 685 734 601 123 1011 489 202 893 306 715 600 669 911 263 849 399 584 358 542 431 390 882 457 871 700 880 642 161 698 205 792 542 491 921 142 348 961 132 607 848 513 374 500 879 885 587 248 830 428 644 0 588 771 574 591 816 964 778 977 858 671 570 604 396 224 487 860 903 545 549 550 408 187 466 242 204 475 342 766 1018 202 259 650 643 286 450 903 1003 269
671 841 527 276 365 199 825 843 1151 752 1140 398 649 288 465 782 216 771 574 362 911 70 595 770 846 621 500 618 939 47 735 431 944 509 585 360 542 755 503 669 758 1088 629 787 891 689 246 892 515 544 1074 445 944 600 624 781 913 346 745 160 809 588 0 951 453 820 926 787 967 721 923 214 971 864 720 782 935 825 1135 76 390 493 938 439 975 821 711 928 332 992 708 787 675 351 500 369 528 664 839 663
281 414 725 695 652 843 188 388 206 493 238 647 394 698 770 613 735 705 693 654 56 901 406 466 768 570 473 337 774 919 341 538 189 447 647 703 714 197 648 335 667 210 323 286 322 673 792 387 670 428 128 508 728 355 608 411 248 757 380 869 145 771 951 0 515 180 108 527 18 637 178 828 362 177 377 675 448 314 187 976 572 464 613 685 569 740 607 457 662 75 724 761 518 668 500 664 431 591 527 504
247 417 324 183 290 406 373 413 720 518 728 159 207 184 492 441 247 658 329 289 484 395 145 365 746 275 199 179 811 430 407 185 491 151 301 208 325 319 414 217 626 682 212 435 448 579 373 460 443 91 642 63 791 205 305 357 546 400 311 416 383 574 453 515 0 420 476 406 531 403 470 314 642 471 414 648 648 380 702 494 63 57 729 396 735 714 553 647 266 567 446 702 463 162 71 310 173 329 452 442
176 483 693 587 493 691 245 459 344 320 320 573 376 596 593 652 606 531 673 496 124 777 356 508 600 562 322 249 617 784 161 391 322 312 630 626 686 144 471 309 493 269 208 111 417 495 637 476 492 350 271 394 574 224 602 458 142 591 410 721 85 591 820 180 420 0 243 573 188 658 302 728 261 51 198 503 317 380 332 835 466 364 468 513 436 571 430 324 509 186 737 588 339 582 430 503 292 597 588 324
274 309 646 659 659 839 108 283 277 562 335 591 322 657 800 512 712 773 610 660 142 870 348 367 843 485 478 310 858 898 399 537 84 440 563 647 634 186 680 272 735 313 314 354 214 732 792 279 705 385 210 482 814 354 521 312 343 769 288 861 173 816 926 108 476 243 0 426 120 541 70 783 463 259 435 746 542 212 256 959 537 433 703 709 664 814 670 550 662 181 629 830 574 619 447 673 429 500 422 557
446 125 312 524 694 798 345 148 695 824 760 390 234 504 893 86 622 1007 260 694 540 718 295 65 1092 167 566 398 1139 780 667 580 368 507 224 429 295 430 803 286 971 737 452 656 228 939 773 177 832 357 634 461 1106 485 174 117 711 805 162 800 491 964 787 527 406 573 426 0 543 129 365 584 833 615 692 990 885 214 674 847 455 416 1016 795 998 1060 897 889 672 602 216 1059 796 438 335 714 517 134 52 774
296 428 742 712 666 857 205 402 188 497 221 665 411 715 780 628 750 708 710 668 64 917 423 482 770 587 487 353 774 935 348 553 200 462 664 720 732 213 658 352 671 194 338 292 335 678 806 400 679 445 111 524 727 370 625 427 245 769 397 884 160 778 967 18 531 188 120 543 0 653 190 845 357 181 384 678 445 329 170 991 588 481 612 696 566 743 612 455 676 60 741 765 524 686 517 677 446 608 541 511
510 251 208 479 689 762 450 274 814 877 874 337 288 454 894 67 582 1046 154 689 643 651 333 176 1133 128 589 450 1188 721 730 588 490 532 135 363 191 514 817 352 1011 846 506 730 354 971 745 305 846 383 750 465 1160 532 103 229 799 793 258 757 581 977 721 637 403 658 541 129 653 0 484 509 919 704 750 1031 960 329 794 787 438 430 1079 799 1068 1100 937 963 661 711 89 1094 839 386 334 710 546 75 165 817
298 244 606 651 679 851 101 219 330 618 398 570 294 646 833 451 713 828 566 681 211 865 332 309 900 441 501 319 919 899 452 554 24 457 519 625 592 216 716 256 789 380 335 412 146 782 807 211 742 379 270 485 876 378 475 255 411 793 240 870 225 858 923 178 470 302 70 365 190 484 0 768 532 324 487 801 608 155 309 961 533 433 767 739 730 870 722 617 678 250 573 884 624 602 432 695 449 450 357 606
559 651 313 143 382 321 677 657 1034 748 1041 205 478 132 554 572 184 823 360 380 798 145 436 574 908 417 441 493 991 224 683 381 787 424 374 156 328 633 544 513 801 993 521 724 713 738 336 705 565 401 956 334 985 504 416 592 844 427 565 298 697 671 214 828 314 728 783 584 845 509 768 0 925 777 678 825 911 651 1016 286 262 367 953 491 976 878 740 907 341 881 494 852 676 167 337 396 447 457 636 659
420 739 941 783 610 806 498 715 396 259 303 801 634 799 625 913 773 427 925 613 320 943 607 768 463 819 485 491 442 929 243 550 547 504 883 849 935 406 516 568 397 257 440 206 664 435 749 727 524 588 362 600 390 437 859 718 123 674 671 843 343 570 971 362 642 261 463 833 357 919 532 925 0 219 252 394 102 635 397 968 674 585 271 577 215 443 367 115 639 309 997 478 329 800 667 611 480 856 847 331
227 521 744 635 530 729 280 497 314 317 278 624 424 645 616 696 651 527 723 532 123 823 407 550 591 611 364 300 600 827 174 433 342 358 679 676 737 191 495 358 490 225 259 113 448 499 674 510 513 401 246 443 555 272 651 499 96 622 454 760 125 604 864 177 471 51 259 615 181 704 324 777 219 0 208 498 285 417 304 877 516 414 443 540 406 563 432 293 548 162 785 584 347 633 481 538 337 645 628 335
246 626 731 537 361 559 411 606 519 135 466 572 464 555 412 761 521 341 725 363 321 691 419 629 416 635 237 301 450 678 36 299 509 265 688 615 728 285 292 406 302 412 244 96 581 298 503 633 308 381 454 363 415 223 673 587 209 435 533 595 263 396 720 377 414 198 435 692 384 750 487 678 252 208 0 316 236 531 510 719 436 360 328 345 324 385 235 234 388 370 818 397 141 564 454 364 242 680 718 127
551 936 970 703 443 585 726 917 774 184 693 788 757 729 330 1051 642 34 977 446 620 781 701 930 103 908 449 592 167 735 349 475 823 503 947 817 972 600 284 705 24 642 539 392 895 93 536 946 268 649 724 586 162 505 943 892 449 436 837 626 577 224 782 675 648 503 746 990 678 1031 801 825 394 498 316 0 297 843 771 750 644 607 186 344 248 71 95 284 484 650 1088 87 194 764 707 431 486 958 1021 216
451 800 961 771 570 758 562 777 498 190 405 807 672 790 555 961 747 330 951 573 400 913 637 820 361 852 472 517 340 891 241 530 626 501 911 851 957 456 455 608 302 359 463 231 733 347 702 793 458 607 460 599 289 450 892 772 200 619 723 797 402 487 935 448 648 317 542 885 445 960 608 911 102 285 236 297 0 697 498 924 672 593 170 519 122 343 283 13 603 401 1034 379 267 800 684 568 478 894 903 275
295 104 457 549 635 783 138 79 485 666 547 447 177 539 813 300 626 866 414 636 330 762 235 154 946 290 471 278 979 807 500 509 163 417 368 500 443 248 705 173 828 523 318 477 68 808 745 103 734 297 421 413 941 360 322 100 512 751 91 796 295 860 825 314 380 380 212 214 329 329 155 651 635 417 531 843 697 0 464 872 442 359 842 715 815 914 756 703 624 389 418 921 654 485 326 653 417 296 215 633
465 552 901 882 824 1019 361 527 21 602 121 833 573 886 920 760 919 803 866 826 224 1086 591 618 852 741 649 523 838 1102 477 716 307 628 819 889 890 384 798 518 768 144 506 415 450 789 967 511 817 615 62 694 787 536 777 564 323 922 544 1047 326 903 1135 187 702 332 256 674 170 794 309 1016 397 304 510 771 498 464 0 1157 758 651 668 843 610 829 720 510 837 147 882 858 645 855 686 834 610 756 663 635
696 895 597 327 358 168 862 895 1173 738 1155 458 696 344 425 847 248 736 643 356 934 141 639 826 807 682 513 649 901 67 737 444 983 529 652 424 612 783 479 710 726 1102 654 793 939 657 222 943 487 584 1096 477 911 621 689 834 918 316 795 128 832 545 76 976 494 835 959 847 991 787 961 286 968 877 719 750 924 872 1157 0 431 528 914 414 955 784 686 917 332 1013 778 747 660 409 547 358 547 728 899 650
298 476 329 124 252 347 435 472 776 528 780 145 268 130 457 482 184 650 344 251 538 333 208 418 739 312 205 235 809 367 435 169 554 171 323 180 333 375 392 280 620 732 259 470 510 568 319 520 420 154 698 75 793 244 336 414 585 355 371 356 437 549 390 572 63 466 537 455 588 438 533 262 674 516 436 644 672 442 758 431 0 107 739 365 751 707 550 670 223 621 470 691 467 128 123 272 195 365 503 446
192 410 373 231 283 424 334 402 669 469 674 216 196 236 478 460 280 619 372 283 431 439 129 368 707 303 159 128 768 466 352 164 455 105 340 265 372 267 389 188 586 627 155 378 427 542 386 447 418 64 591 54 745 147 337 351 489 398 301 440 330 550 493 464 57 364 433 416 481 430 433 367 585 414 360 607 593 359 651 528 107 0 679 380 683 674 512 592 267 514 481 666 419 219 100 303 123 355 458 397
572 942 1052 820 582 747 711 920 667 212 571 882 792 844 505 1088 776 214 1050 584 564 929 747 953 212 963 535 629 172 892 350 579 786 578 1014 919 1051 595 436 732 203 527 573 365 883 269 694 941 427 707 631 672 120 550 1001 908 367 598 856 787 551 408 938 613 729 468 703 1016 612 1079 767 953 271 443 328 186 170 842 668 914 739 679 0 501 69 203 229 159 621 570 1146 247 277 866 777 574 556 1009 1040 296
441 783 688 385 117 246 642 771 854 330 810 499 572 414 98 836 307 337 708 119 632 437 506 747 418 671 244 437 506 393 373 216 763 299 689 513 694 525 66 545 320 755 406 435 780 252 194 812 77 440 784 337 507 363 699 726 554 100 673 287 545 187 439 685 396 513 709 795 696 799 739 491 577 540 345 344 519 715 843 414 365 380 501 0 542 390 273 511 156 698 836 361 252 463 467 99 298 725 838 247
558 917 1054 840 613 788 681 894 608 228 509 891 780 861 556 1072 803 278 1049 616 522 962 740 934 281 956 546 620 236 930 339 597 748 584 1011 931 1052 571 476 717 262 468 564 342 853 324 734 912 471 704 576 681 184 546 995 887 322 641 836 828 521 466 975 569 735 436 664 998 566 1068 730 976 215 406 324 248 122 815 610 955 751 683 69 542 0 271 275 114 651 521 1138 315 303 879 777 607 562 999 1019 318
622 1006 1034 760 496 622 796 987 831 252 746 851 826 787 359 1121 694 56 1043 498 686 826 770 1000 33 976 516 662 117 775 419 537 891 570 1014 877 1037 670 334 776 89 697 609 460 965 141 576 1017 314 717 784 652 134 575 1011 963 509 475 908 663 646 242 821 740 714 571 814 1060 743 1100 870 878 443 563 385 71 343 914 829 784 707 674 203 390 271 0 164 330 537 712 1155 46 264 825 774 482 554 1026 1091 286
461 846 876 614 360 518 643 828 725 118 653 695 663 640 281 957 558 111 882 363 551 705 607 837 196 813 354 499 259 665 271 382 744 408 852 725 877 516 208 613 74 600 447 321 809 69 466 858 199 554 669 492 246 412 848 801 397 370 746 559 498 204 711 607 553 430 670 897 612 937 722 740 367 432 235 95 283 756 720 686 550 512 229 273 275 164 0 272 401 590 993 165 102 672 612 350 391 863 929 124
454 806 961 767 563 751 568 782 510 181 418 806 675 787 545 965 742 318 952 566 409 908 639 825 349 854 469 519 328 884 241 526 634 499 913 849 958 461 447 611 290 372 464 234 740 336 695 800 449 608 472 597 278 450 894 777 210 610 727 790 408 475 928 457 647 324 550 889 455 963 617 907 115 293 234 284 13 703 510 917 670 592 159 511 114 330 272 0 597 412 1036 366 259 798 684 561 476 896 909 267
389 677 536 229 41 182 577 669 851 424 826 347 463 258 239 704 158 482 559 39 615 311 396 630 567 534 189 360 650 290 406 125 701 221 543 358 543 477 203 451 460 773 347 461 691 396 131 714 226 331 776 215 645 309 559 617 587 133 568 212 517 342 332 662 266 509 662 672 676 661 678 341 639 548 388 484 603 624 837 332 223 267 621 156 651 537 401 597 0 691 690 512 348 309 337 57 233 588 718 334
324 488 793 745 677 873 261 462 161 473 168 706 462 750 777 688 776 681 763 679 83 945 468 541 738 641 502 388 736 958 336 570 259 484 717 762 783 249 655 400 644 135 365 275 395 658 820 460 674 484 86 554 688 392 679 486 206 776 454 901 185 766 992 75 567 186 181 602 60 711 250 881 309 162 370 650 401 389 147 1013 621 514 570 698 521 712 590 412 691 0 798 737 508 725 559 687 466 664 601 497
582 340 181 489 722 772 536 362 903 940 961 349 363 462 927 140 593 1100 137 721 728 639 399 265 1188 183 640 518 1247 714 799 630 579 585 147 361 166 593 859 429 1066 933 574 803 442 1023 762 392 888 441 839 509 1222 596 145 318 879 819 344 763 662 1018 708 724 446 737 629 216 741 89 573 494 997 785 818 1088 1034 418 882 778 470 481 1146 836 1138 1155 993 1036 690 798 0 1146 897 395 382 742 602 140 247 875
626 1011 1020 738 471 587 807 992 861 268 778 835 825 766 322 1117 668 57 1031 473 706 794 767 1000 61 968 506 662 157 740 432 522 906 562 1003 859 1023 680 309 777 95 729 611 477 974 124 543 1023 287 712 811 640 179 575 1002 965 536 442 910 628 660 202 787 761 702 588 830 1059 765 1094 884 852 478 584 397 87 379 921 858 747 691 666 247 361 315 46 165 366 512 737 1146 0 267 806 765 456 548 1020 1092 288
359 744 787 543 311 493 542 725 652 78 589 611 563 567 296 858 501 213 790 314 462 659 508 736 297 716 265 398 350 630 177 303 647 314 759 645 788 415 189 512 176 535 345 234 708 158 437 757 195 457 590 404 327 311 752 699 329 352 644 532 402 259 675 518 463 339 574 796 524 839 624 676 329 347 141 194 267 654 645 660 467 419 277 252 303 264 102 259 348 508 897 267 0 592 518 306 296 765 828 22
408 492 229 94 346 377 512 495 874 655 888 49 312 69 547 442 198 768 259 345 641 283 271 419 856 274 333 339 931 342 562 291 620 299 254 53 237 475 500 348 740 842 374 594 549 685 367 544 527 241 797 201 916 365 284 432 707 430 400 371 543 650 351 668 162 582 619 438 686 386 602 167 800 633 564 764 800 485 855 409 128 219 866 463 879 825 672 798 309 725 395 806 592 0 171 365 323 322 489 572
254 353 277 224 361 471 340 350 705 567 724 148 149 216 563 370 304 718 273 361 476 437 100 296 807 207 258 181 868 481 443 253 451 204 240 203 275 310 482 177 685 681 227 462 392 641 441 398 511 80 628 131 845 234 238 292 564 471 249 478 380 643 500 500 71 430 447 335 517 334 432 337 667 481 454 707 684 326 686 547 123 100 777 467 777 774 612 684 337 559 382 765 518 171 0 381 223 259 382 496
400 712 591 286 20 196 595 703 847 384 815 402 498 315 185 750 212 427 612 21 615 356 432 670 512 582 195 381 596 324 385 144 719 239 595 414 597 488 148 480 407 761 360 444 719 342 139 746 169 366 773 254 592 319 608 654 568 98 602 232 520 286 369 664 310 503 673 714 677 710 695 396 611 538 364 431 568 653 834 358 272 303 574 99 607 482 350 561 57 687 742 456 306 365 381 0 246 636 759 294
156 488 495 304 230 413 349 475 626 346 612 330 284 319 396 571 314 499 496 232 387 486 222 462 587 422 54 139 646 493 240 108 473 24 463 373 495 244 291 249 465 561 115 277 481 425 364 515 320 164 549 121 622 76 457 435 397 344 380 439 286 450 528 431 173 292 429 517 446 546 449 447 480 337 242 486 478 417 610 547 195 123 556 298 562 554 391 476 233 466 602 548 296 323 223 246 0 472 554 274
443 237 179 413 616 694 403 255 777 805 829 272 222 390 820 120 515 972 128 615 592 595 261 153 1059 54 514 380 1115 661 661 513 458 457 90 305 162 453 742 288 937 798 436 663 333 897 676 295 771 309 709 390 1087 460 41 199 739 720 213 691 523 903 664 591 329 597 500 134 608 75 450 457 856 645 680 958 894 296 756 728 365 355 1009 725 999 1026 863 896 588 664 140 1020 765 322 259 636 472 0 184 743
473 113 360 575 739 847 352 139 683 852 755 441 270 556 936 107 672 1040 307 739 545 770 334 93 1124 219 605 430 1167 832 692 622 356 546 273 481 343 448 843 316 1003 735 482 677 213 974 821 154 872 398 627 505 1133 518 225 132 724 851 185 850 504 1003 839 527 452 588 422 52 541 165 357 636 847 628 718 1021 903 215 663 899 503 458 1040 838 1019 1091 929 909 718 601 247 1092 828 489 382 759 554 184 0 806
338 723 766 525 298 483 523 704 643 90 583 590 541 548 298 835 485 235 769 301 448 645 485 714 319 694 243 376 372 618 163 283 629 292 736 625 766 396 185 490 197 529 323 221 688 177 428 736 194 435 579 382 349 289 730 677 323 345 622 522 384 269 663 504 442 324 557 774 511 817 606 659 331 335 127 216 275 633 635 650 446 397 296 247 318 286 124 267 334 497 875 288 22 572 496 294 274 743 806 0
