# TTSP Euclidean complete-graph matrix instance
# seed: 2051
# depot: 1
# L_max is not stored in this file; pass it with --budget when running algorithms.
# coordinate rows: node x y
# coord 1 206.123638 540.801774
# coord 2 339.206368 110.334986
# coord 3 551.594663 149.786209
# coord 4 811.345422 935.033093
# coord 5 124.526042 530.734800
# coord 6 879.254860 715.994442
# coord 7 964.050542 958.645629
# coord 8 922.203850 706.288143
# coord 9 386.321555 386.483452
# coord 10 479.659281 44.167456
# coord 11 357.425280 492.150907
# coord 12 971.405791 8.321101
# coord 13 656.120289 874.842651
# coord 14 478.353537 929.071921
# coord 15 119.994518 316.301070
# coord 16 779.566637 427.536132
# coord 17 903.902933 122.169019
# coord 18 290.728976 590.626325
# coord 19 466.932097 61.634581
# coord 20 546.221046 434.417991
# coord 21 457.734472 262.670476
# coord 22 397.019886 699.644078
# coord 23 750.929679 683.744799
# coord 24 884.148875 667.643548
# coord 25 420.916726 328.901779
# coord 26 865.680133 381.770614
# coord 27 697.271225 97.278858
# coord 28 773.994730 866.734883
# coord 29 741.087809 377.214863
# coord 30 902.647441 923.382708
# coord 31 694.860435 840.670926
# coord 32 541.475263 723.842527
# coord 33 727.859152 361.018355
# coord 34 493.266067 550.094215
# coord 35 601.791105 759.334647
# coord 36 138.217728 760.093217
# coord 37 471.278139 444.538055
# coord 38 25.716672 395.830886
# coord 39 145.563456 932.516346
# coord 40 242.751811 281.083196
# coord 41 516.182554 480.649433
# coord 42 706.072534 10.561436
# coord 43 905.237649 562.984205
# coord 44 306.975117 362.339750
# coord 45 956.962677 626.860732
# coord 46 635.277788 269.287273
# coord 47 975.965520 242.977823
# coord 48 675.295953 309.912261
# coord 49 293.552784 113.794009
# coord 50 730.596945 715.552107
# coord 51 474.201294 548.113980
# coord 52 222.030157 940.638917
# coord 53 562.842567 170.565048
# coord 54 818.303059 242.552492
# coord 55 876.960300 370.530574
# coord 56 905.074801 673.151526
# coord 57 878.948671 368.772130
# coord 58 915.626143 266.951341
# coord 59 264.026780 161.933685
# coord 60 431.544516 108.208858
# coord 61 554.195421 621.417146
# coord 62 999.948088 781.605436
# coord 63 939.197460 227.779242
# coord 64 872.385980 760.938281
# coord 65 198.313955 273.170989
# coord 66 174.113275 423.304220
# coord 67 520.445036 281.706207
# coord 68 357.028197 489.774793
# coord 69 691.411913 698.973323
# coord 70 542.683732 990.534542
# coord 71 311.792875 686.102564
# coord 72 100.447646 282.435561
# coord 73 237.435333 972.480251
# coord 74 776.880573 359.412766
# coord 75 571.346284 508.765348
# coord 76 696.119606 415.544860
# coord 77 200.194585 308.218753
# coord 78 665.886049 171.718785
# coord 79 993.311003 587.746315
# coord 80 594.855438 584.578108
# coord 81 346.801528 819.497544
# coord 82 562.816567 832.779161
# coord 83 628.518840 450.475721
# coord 84 718.132567 472.461053
# coord 85 617.221490 533.168648
# coord 86 657.176439 347.077008
# coord 87 619.317159 460.310633
# coord 88 60.774095 953.602363
# coord 89 182.974933 879.878819
# coord 90 756.726761 199.096013
# coord 91 138.815765 847.429326
# coord 92 263.637346 929.593657
# coord 93 93.274701 726.961937
# coord 94 606.527486 664.583563
# coord 95 252.215148 738.911057
# coord 96 200.620475 413.264284
# coord 97 885.767605 735.816267
# coord 98 778.138011 644.349844
# coord 99 339.773452 919.715324
# coord 100 181.209700 519.315215
# reference_nearest_neighbor_tour_cost: 9320
TTSP_MATRIX
100
0 25 75 49 14 25 40 80 82 38 16 83 31 32 15 97 31 53 14 28 62 88 94 36 19 33 67 68 78 3 100 57 1 62 53 30 69 16 90 21 35 12 33 7 76 6 14 17 84 86 68 54 25 59 24 66 64 11 71 47 70 85 29 51 17 70 11 50 41 66 62 65 29 57 86 21 88 69 88 44 50 63 6 15 69 83 47 64 19 16 77 13 22 59 54 79 68 69 32 95
0 451 522 722 82 696 865 735 237 567 159 932 560 474 240 585 814 98 546 356 375 248 563 690 302 678 662 655 559 795 573 382 552 287 452 230 282 231 396 262 316 729 699 205 756 508 825 523 436 553 268 400 514 681 692 711 694 761 383 488 357 830 797 702 268 122 407 159 510 562 180 279 433 599 367 506 233 590 789 391 312 461 432 517 411 491 421 438 340 648 314 393 218 419 203 128 707 581 402 33
451 0 216 950 472 811 1054 834 280 155 382 640 828 830 301 543 565 483 137 385 193 592 706 779 233 592 358 872 482 989 812 646 462 466 700 680 359 424 845 196 410 380 725 254 805 336 650 391 46 721 458 839 232 497 597 798 598 597 91 92 554 942 611 841 215 354 249 380 686 903 576 294 868 504 461 470 242 332 810 539 709 756 447 524 506 396 448 888 785 427 764 823 664 615 635 333 831 691 809 438
522 216 0 827 572 654 908 669 289 128 394 443 733 783 463 359 353 512 122 285 147 571 570 615 222 390 155 751 296 850 706 574 275 405 612 737 305 581 882 336 333 208 544 324 626 146 434 202 261 593 406 857 24 282 393 632 394 382 288 127 472 775 395 690 374 466 136 392 567 841 587 470 881 308 360 303 385 116 622 437 700 683 310 363 389 224 318 942 818 211 811 831 737 518 661 439 675 544 799 523
722 950 827 0 797 229 155 254 694 951 634 940 166 333 928 508 818 624 939 566 760 477 258 277 721 556 845 78 562 92 150 343 580 499 273 695 597 953 666 867 542 930 384 763 341 689 711 640 971 234 513 589 804 693 568 278 570 676 947 910 406 243 719 184 902 817 715 636 265 274 558 965 575 577 489 532 875 777 392 412 479 269 518 472 446 608 512 751 631 738 678 548 748 339 593 803 213 293 472 755
82 472 572 797 0 777 942 817 299 602 236 995 633 533 214 663 880 177 581 433 428 321 645 772 359 756 718 731 635 872 649 459 627 369 529 230 357 167 402 276 395 780 781 248 838 574 899 593 450 634 350 421 567 751 769 793 772 834 394 522 439 911 869 782 268 118 468 236 591 622 243 249 456 674 447 583 235 650 871 473 364 532 510 596 493 563 500 428 354 714 317 422 199 500 244 140 788 663 445 58
696 811 654 229 777 0 257 44 593 782 568 714 274 454 858 305 594 602 773 436 619 483 132 49 600 334 645 184 366 209 223 338 386 420 281 742 490 912 765 771 433 726 155 673 118 509 483 454 840 149 438 695 631 477 345 50 347 451 828 755 339 137 492 45 812 763 563 569 189 434 568 891 691 371 371 352 792 585 172 313 542 337 365 292 320 431 365 852 715 531 752 652 786 278 627 743 21 124 577 725
865 1054 908 155 942 257 0 256 813 1035 765 950 319 487 1061 562 839 767 1026 670 861 623 348 302 832 585 902 211 623 71 294 483 643 623 413 849 712 1094 819 990 655 983 400 887 332 764 716 710 1079 337 639 742 884 731 595 292 596 693 1061 1003 531 181 731 218 1028 954 809 767 377 423 707 1097 727 628 597 606 1003 842 372 526 633 421 609 545 549 684 606 903 785 787 833 701 901 463 745 938 236 365 625 898
735 834 669 254 817 44 256 0 624 796 604 700 315 497 892 313 584 642 789 464 642 525 173 54 627 329 649 218 376 218 264 381 396 456 325 786 521 949 809 802 465 729 144 705 87 523 466 467 864 192 475 738 645 475 339 37 340 439 854 774 378 108 479 74 844 800 585 605 231 474 611 925 735 376 403 368 824 593 138 349 586 381 389 310 351 446 390 896 759 534 796 695 829 318 671 779 47 157 620 764
237 280 289 694 299 593 813 624 0 355 110 697 558 550 275 395 581 225 335 167 143 313 470 572 67 479 425 617 355 745 549 371 342 195 431 448 103 361 597 178 160 494 548 83 619 275 607 299 288 476 184 578 279 455 491 593 493 543 256 282 289 730 575 614 220 215 170 107 437 624 309 304 605 391 222 311 202 353 639 288 435 480 251 343 274 274 244 654 534 415 523 557 449 355 377 188 609 469 535 244
567 155 128 951 602 782 1035 796 355 0 464 493 849 885 451 487 431 578 22 396 220 661 695 743 291 513 224 874 423 976 825 682 402 506 726 793 400 574 949 335 438 229 671 362 753 274 535 330 199 717 504 933 151 392 514 759 515 490 246 80 582 903 495 817 363 487 241 462 688 948 664 448 959 433 474 430 384 226 748 553 787 793 433 490 508 351 439 1001 887 317 873 911 785 633 731 463 802 670 887 561
159 382 394 634 236 568 765 604 110 464 0 782 485 453 295 427 660 119 444 197 250 211 438 555 175 520 521 560 401 695 485 296 393 148 362 346 123 345 489 240 159 595 552 139 614 356 667 366 384 435 129 468 382 524 534 577 536 602 343 391 235 705 639 581 271 196 266 2 393 532 199 332 495 440 215 347 242 445 643 255 328 398 274 361 263 333 264 549 425 495 417 447 353 303 268 176 582 447 428 178
932 640 443 940 995 714 950 700 697 493 782 0 922 1044 905 461 132 896 507 602 573 899 710 665 637 388 288 881 435 918 877 835 429 723 837 1122 664 1022 1239 778 656 265 559 753 619 426 235 423 686 747 734 1196 440 280 374 668 372 265 724 549 742 774 222 759 817 899 527 781 745 1072 946 913 1212 401 641 492 827 346 580 688 1024 920 560 529 633 462 573 1313 1175 287 1182 1162 1135 751 1025 871 733 665 1109 941
560 828 733 166 633 274 319 315 558 849 485 922 0 186 774 464 792 463 835 454 644 313 213 308 594 536 779 118 505 251 52 190 519 363 128 530 468 792 514 723 418 866 399 620 390 606 708 565 843 176 374 439 710 653 551 320 553 661 814 799 273 356 706 244 756 660 608 488 179 162 393 812 430 529 376 461 727 703 443 297 314 102 425 407 344 528 416 601 473 683 518 396 582 216 426 648 268 261 320 593
474 830 783 333 533 454 487 497 550 885 453 1044 186 0 710 585 912 387 868 499 667 243 367 483 603 670 860 302 611 424 234 215 620 379 210 380 485 699 333 689 450 946 562 592 566 678 848 650 836 330 381 257 763 766 686 498 689 793 797 822 317 542 839 428 713 590 649 456 314 89 295 749 245 643 430 558 680 780 618 364 171 128 502 516 420 609 489 418 299 781 349 215 435 294 295 586 451 413 139 506
240 301 463 928 214 858 1061 892 275 451 295 905 774 710 0 669 808 323 430 442 342 473 730 841 301 749 617 855 624 991 778 586 610 440 655 444 374 123 617 128 429 661 823 193 893 517 859 555 267 730 423 633 466 702 759 862 761 797 211 375 531 995 824 874 89 120 402 294 688 796 417 39 667 658 491 585 81 565 915 545 552 680 526 618 542 538 520 640 567 647 531 630 412 598 443 126 873 735 642 212
585 543 359 508 663 305 562 313 395 487 427 461 464 585 669 0 330 515 481 233 362 469 258 262 372 98 340 439 63 511 422 380 84 311 376 722 309 755 811 556 269 423 185 477 267 214 270 157 578 292 328 758 336 189 113 276 115 210 580 472 297 417 256 346 601 605 297 427 285 611 534 694 769 68 224 84 592 280 267 242 584 460 153 76 194 146 164 891 749 230 766 720 749 293 612 579 326 217 660 605
814 565 353 818 880 594 839 584 581 431 660 132 792 912 808 330 0 772 441 475 468 768 582 546 525 262 208 756 303 801 748 702 297 593 705 997 540 920 1110 680 528 227 441 643 507 306 141 296 610 618 605 1065 344 148 250 551 248 145 641 473 610 666 111 640 722 789 415 659 615 940 818 819 1080 269 510 360 728 243 474 556 893 788 429 397 501 334 442 1184 1046 166 1054 1030 1011 619 897 761 614 537 977 825
98 483 512 624 177 602 767 642 225 578 119 896 463 387 323 515 772 0 558 299 368 152 470 598 292 612 639 557 498 697 475 284 494 207 354 228 232 329 371 313 251 713 615 229 667 471 768 476 477 457 188 357 500 632 626 620 629 704 430 503 265 734 743 606 331 204 385 121 415 473 98 362 386 538 292 442 297 562 703 304 236 364 366 443 332 440 353 430 309 609 298 340 240 324 153 199 612 490 333 131
546 137 122 939 581 773 1026 789 335 22 444 507 835 868 430 481 441 558 0 381 201 642 684 736 271 511 233 862 418 966 812 666 397 489 711 772 383 553 928 314 422 245 666 341 748 267 540 324 181 705 487 912 145 395 513 752 514 493 226 58 567 896 501 808 342 465 226 442 676 932 643 428 939 430 459 422 363 227 744 538 767 777 421 482 495 343 427 980 866 321 852 891 763 619 710 441 794 661 867 540
356 385 285 566 433 436 670 464 167 396 197 602 454 499 442 233 475 299 381 0 193 304 323 411 164 324 369 489 203 605 433 289 196 127 330 522 76 522 639 340 55 453 381 250 454 188 470 179 408 336 135 601 264 333 337 431 339 406 392 346 187 571 444 462 383 372 155 197 302 556 344 471 620 243 78 151 368 289 473 158 434 399 84 176 122 141 78 711 575 316 580 570 539 238 423 346 454 313 527 375
375 193 147 760 428 619 861 642 143 220 250 573 644 667 342 362 468 368 201 193 0 441 513 588 76 425 291 682 306 797 625 469 287 290 517 591 182 452 739 216 226 354 539 181 618 178 519 223 222 529 286 718 140 361 433 607 434 458 218 157 371 751 483 648 260 326 66 248 495 733 448 358 743 333 271 283 262 227 627 350 568 580 254 334 314 217 255 797 676 306 666 695 590 429 519 298 638 498 668 377
248 592 571 477 321 483 623 525 313 661 211 899 313 243 473 469 768 152 642 304 441 0 354 488 372 566 673 412 472 553 330 146 473 178 213 266 266 480 343 446 249 755 526 349 565 492 737 479 595 334 170 298 554 622 582 509 585 675 554 592 176 608 719 479 470 355 436 214 294 325 86 512 316 510 259 413 438 592 607 229 130 213 340 393 276 438 327 421 280 616 298 266 305 212 150 347 490 385 227 281
563 706 570 258 645 132 348 173 470 695 438 710 213 367 730 258 582 470 684 323 513 354 0 134 485 323 589 184 307 284 167 213 324 290 167 617 368 780 654 648 310 675 196 548 214 430 495 381 731 38 308 588 547 446 338 155 340 448 714 658 206 268 493 144 688 633 463 439 61 371 439 764 589 325 251 274 667 519 261 185 426 240 263 214 201 349 259 741 601 485 634 546 659 146 502 613 145 48 474 593
690 779 615 277 772 49 302 54 572 743 555 665 308 483 841 262 546 598 736 411 588 488 134 0 574 286 600 228 324 256 256 347 344 408 297 752 469 900 785 749 413 681 107 653 83 470 434 414 810 161 427 716 592 430 297 22 299 402 800 720 333 162 443 94 791 751 530 556 195 470 573 873 715 326 351 314 773 542 135 301 558 361 335 256 299 393 336 872 733 486 767 674 793 278 636 729 68 109 600 718
302 233 222 721 359 600 832 627 67 291 175 637 594 603 301 372 525 292 271 164 76 372 485 574 0 448 361 643 324 765 580 413 309 233 467 516 126 401 663 184 179 427 538 119 613 222 562 255 250 495 226 643 213 407 458 594 460 499 229 221 321 735 528 625 229 264 110 173 458 673 373 324 669 357 234 289 222 291 628 309 496 523 241 330 283 237 238 721 600 360 590 621 516 384 443 236 618 477 596 306
678 592 390 556 756 334 585 329 479 513 520 388 536 670 749 98 262 612 511 324 425 566 323 286 448 0 331 494 125 543 490 471 139 409 461 820 399 840 907 631 363 404 185 559 262 256 177 203 632 360 425 852 369 147 16 294 19 125 641 513 393 422 171 379 676 693 359 520 362 689 632 772 862 92 321 173 670 290 242 338 679 543 247 173 291 211 259 987 845 213 863 814 846 384 710 666 355 277 752 698
662 358 155 845 718 645 902 649 425 224 521 288 779 860 617 340 208 639 233 369 291 673 589 600 361 331 0 773 283 851 743 646 266 497 669 867 414 735 1001 490 424 87 510 472 590 183 314 214 404 619 503 968 153 189 327 612 327 277 438 266 543 748 275 686 529 616 256 519 602 907 704 625 989 274 430 318 540 81 573 498 803 748 360 376 443 253 371 1067 936 118 935 939 873 575 781 589 666 553 897 667
655 872 751 78 731 184 211 218 617 874 560 881 118 302 855 439 756 557 862 489 682 412 184 228 643 494 773 0 491 141 83 273 508 423 203 645 520 884 632 791 464 859 331 687 302 613 656 566 893 157 437 557 727 626 507 234 509 616 870 832 329 241 660 144 827 746 638 562 187 262 496 892 547 507 411 458 801 703 355 334 430 214 441 398 369 533 435 718 591 668 635 514 695 263 537 731 172 222 437 687
559 482 296 562 635 366 623 376 355 423 401 435 505 611 624 63 303 498 418 203 306 472 307 324 324 125 283 491 0 570 466 400 21 302 407 714 278 716 814 508 248 368 248 434 330 151 271 94 519 338 317 766 273 155 136 338 138 206 523 410 308 480 248 406 553 569 240 400 326 645 529 648 780 40 215 59 545 219 329 254 593 489 134 98 199 89 147 892 751 179 764 730 736 317 608 542 387 270 675 578
795 989 850 92 872 209 71 218 745 976 695 918 251 424 991 511 801 697 966 605 797 553 284 256 765 543 851 141 570 0 224 413 589 554 343 782 644 1023 757 921 588 934 360 818 301 707 684 654 1013 270 570 681 826 686 553 250 555 657 994 942 461 172 697 165 959 884 747 697 308 366 637 1027 667 578 531 548 934 788 348 458 565 352 547 487 483 626 543 842 721 739 768 639 833 393 676 868 188 306 563 827
573 812 706 150 649 223 294 264 549 825 485 877 52 234 778 422 748 475 812 433 625 330 167 256 580 490 743 83 466 224 0 193 481 354 124 562 455 804 557 719 402 830 348 616 338 574 660 531 830 130 366 483 683 611 504 269 507 615 804 778 260 311 660 195 754 667 586 487 142 214 413 815 476 488 354 425 727 670 391 275 349 132 396 369 317 495 388 644 513 645 556 440 612 197 454 653 218 213 364 606
382 646 574 343 459 338 483 381 371 682 296 835 190 215 586 380 702 284 666 289 469 146 213 347 413 471 646 273 400 413 193 0 408 180 70 405 288 611 448 534 245 732 398 431 427 464 648 435 659 189 188 386 554 555 487 367 490 591 627 625 103 462 636 333 566 475 443 298 152 267 233 624 393 434 217 345 538 566 472 149 217 111 287 307 205 394 275 533 391 567 421 346 448 88 290 461 345 250 281 414
552 462 275 580 627 386 643 396 342 402 393 429 519 620 610 84 297 494 397 196 287 473 324 344 309 139 266 508 21 589 481 408 0 301 418 712 270 703 816 492 243 351 269 421 351 130 275 73 500 355 315 769 252 149 149 359 151 210 505 390 313 501 250 425 537 557 222 393 340 656 528 632 784 49 215 63 530 199 349 260 596 500 134 112 205 72 147 892 752 164 764 734 733 327 607 530 407 288 680 569
287 466 405 499 369 420 623 456 195 506 148 723 363 379 440 311 593 207 489 127 290 178 290 408 233 409 497 423 302 554 354 180 301 0 236 413 108 492 517 368 73 580 412 264 470 315 572 301 480 289 19 475 386 447 424 430 426 508 451 446 94 557 550 434 405 343 270 149 248 443 227 475 494 342 88 243 380 416 501 107 307 291 168 238 125 261 155 591 453 439 463 444 437 161 306 323 434 300 400 314
452 700 612 273 529 281 413 325 431 726 362 837 128 210 655 376 705 354 711 330 517 213 167 297 467 461 669 203 407 343 124 70 418 236 0 464 341 681 488 598 292 756 361 494 379 491 638 455 715 136 247 421 590 560 476 315 479 584 686 673 146 399 630 271 632 544 485 364 108 239 299 692 422 437 252 356 604 591 427 175 262 83 310 310 227 416 300 575 436 581 471 379 510 95 350 530 285 211 307 484
230 680 737 695 230 742 849 786 448 793 346 1122 530 380 444 722 997 228 772 522 591 266 617 752 516 820 867 645 714 782 562 405 712 413 464 0 459 381 173 490 470 940 792 432 830 699 984 701 665 594 397 199 727 855 835 772 838 921 611 715 438 862 962 734 491 339 612 348 557 466 189 479 234 754 501 656 456 790 872 489 217 431 580 647 530 663 567 208 128 835 87 211 56 478 116 352 748 650 257 245
282 359 305 597 357 490 712 521 103 400 123 664 468 485 374 309 540 232 383 76 182 266 368 469 126 399 414 520 278 644 455 288 270 108 341 459 0 448 587 281 58 493 450 184 519 240 543 244 375 375 104 555 289 402 412 490 415 479 350 339 195 627 516 511 322 298 170 123 336 551 289 405 577 317 119 227 303 335 541 187 395 399 157 248 171 210 149 654 522 376 522 528 472 258 367 272 507 366 493 300
231 424 581 953 167 912 1094 949 361 574 345 1022 792 699 123 755 920 329 553 522 452 480 780 900 401 840 735 884 716 1023 804 611 703 492 681 381 448 0 550 246 498 782 895 283 959 623 962 655 389 774 474 579 582 807 852 922 854 899 334 497 575 1048 929 922 212 151 508 344 731 788 408 136 614 752 557 671 195 678 986 600 532 692 605 697 607 633 597 559 509 757 466 584 338 640 411 176 925 792 611 199
396 845 882 666 402 765 819 809 597 949 489 1239 514 333 617 811 1110 371 928 639 739 343 654 785 663 907 1001 632 814 757 557 448 816 517 488 173 587 550 0 659 584 1079 845 593 867 824 1079 817 832 624 506 77 869 964 922 803 925 1018 780 873 514 868 1061 747 661 510 751 491 594 401 297 652 100 853 601 755 627 922 915 568 231 429 682 734 618 777 669 87 65 955 85 118 212 533 221 522 766 695 195 415
262 196 336 867 276 771 990 802 178 335 240 778 723 689 128 556 680 313 314 340 216 446 648 749 184 631 490 791 508 921 719 534 492 368 598 490 281 246 659 0 339 537 720 104 794 393 734 434 175 653 353 660 339 577 640 770 642 673 121 256 461 908 698 792 45 158 278 238 613 770 411 142 691 540 400 473 50 437 811 465 548 638 421 512 451 420 417 697 602 520 576 649 470 529 458 139 788 647 646 246
316 410 333 542 395 433 655 465 160 438 159 656 418 450 429 269 528 251 422 55 226 249 310 413 179 363 424 464 248 588 402 245 243 73 292 470 58 498 584 339 0 507 398 240 464 243 518 233 429 318 79 546 314 385 377 434 380 453 406 382 146 570 493 453 380 347 199 159 280 511 290 461 565 288 62 191 360 343 489 130 379 355 116 202 114 194 105 657 520 370 526 515 489 205 369 323 449 309 473 337
729 380 208 930 780 726 983 729 494 229 595 265 866 946 661 423 227 713 245 453 354 755 675 681 427 404 87 859 368 934 830 732 351 580 756 940 493 782 1079 537 507 0 587 532 665 268 356 301 425 705 585 1048 215 258 398 692 398 331 467 291 629 825 319 769 572 673 329 593 689 994 782 664 1070 356 516 405 587 166 645 585 885 835 447 462 530 340 458 1143 1015 195 1011 1020 943 662 858 646 747 638 980 731
699 725 544 384 781 155 400 144 548 671 552 559 399 562 823 185 441 615 666 381 539 526 196 107 538 185 510 331 248 360 348 398 269 412 361 792 450 895 845 720 398 587 0 631 82 399 328 342 759 232 431 781 521 332 195 110 196 296 756 657 356 238 337 201 764 744 477 553 253 561 606 852 783 241 338 256 750 459 91 311 615 436 299 208 290 329 304 930 789 393 818 739 828 316 676 720 174 151 669 725
205 254 324 763 248 673 887 705 83 362 139 753 620 592 193 477 643 229 341 250 181 349 548 653 119 559 472 687 434 818 616 431 421 264 494 432 184 283 593 104 240 532 631 0 702 341 680 372 249 552 250 585 320 525 570 674 572 616 205 283 358 810 646 692 141 146 228 137 511 671 324 221 614 470 302 393 120 406 722 364 459 536 333 426 354 351 327 640 532 478 513 569 423 426 381 118 689 549 558 201
756 805 626 341 838 118 332 87 619 753 614 619 390 566 893 267 507 667 748 454 618 565 214 83 613 262 590 302 330 301 338 427 351 470 379 830 519 959 867 794 464 665 82 702 0 481 384 424 839 243 489 799 603 409 269 70 270 362 834 738 403 161 399 159 837 809 556 615 275 551 648 923 798 322 403 336 821 540 53 365 640 445 373 284 352 410 376 954 814 472 847 757 869 352 714 786 130 180 683 783
508 336 146 689 574 509 764 523 275 274 356 426 606 678 517 214 306 471 267 188 178 492 430 470 222 256 183 613 151 707 574 464 130 315 491 699 240 623 824 393 243 268 399 341 481 0 342 57 375 456 322 788 122 185 262 486 263 280 386 260 361 629 307 546 437 486 116 355 433 727 528 535 808 168 248 158 437 102 479 318 621 568 181 219 264 81 192 893 760 140 762 758 709 396 606 458 530 401 714 518
825 650 434 711 899 483 716 466 607 535 667 235 708 848 859 270 141 768 540 470 519 737 495 434 562 177 314 656 271 684 660 648 275 572 638 984 543 962 1079 734 518 356 328 680 384 342 0 308 695 532 587 1027 419 158 161 436 159 65 717 561 567 539 40 528 778 822 457 666 537 864 798 876 1038 231 484 329 779 318 345 512 853 720 405 345 461 335 418 1159 1017 224 1033 989 1007 561 877 794 501 447 929 841
523 391 202 640 593 454 710 467 299 330 366 423 565 650 555 157 296 476 324 179 223 479 381 414 255 203 214 566 94 654 531 435 73 301 455 701 244 655 817 434 233 301 342 372 424 57 308 0 429 409 312 777 179 158 211 430 212 244 437 316 334 573 276 492 478 514 157 366 389 693 523 576 794 113 224 108 475 139 422 286 606 535 148 168 231 41 160 890 753 138 759 744 716 361 603 486 475 350 696 537
436 46 261 971 450 840 1079 864 288 199 384 686 843 836 267 578 610 477 181 408 222 595 731 810 250 632 404 893 519 1013 830 659 500 480 715 665 375 389 832 175 429 425 759 249 839 375 695 429 0 744 470 830 275 540 637 829 639 641 56 138 571 972 656 868 186 332 282 381 708 911 573 256 861 542 483 503 216 377 845 559 708 768 475 556 530 432 476 871 774 471 750 816 645 634 626 314 859 719 807 421
553 721 593 234 634 149 337 192 476 717 435 747 176 330 730 292 618 457 705 336 529 334 38 161 495 360 619 157 338 270 130 189 355 289 136 594 375 774 624 653 318 705 232 552 243 456 532 409 744 0 306 556 570 481 375 180 377 485 724 677 200 277 531 149 692 629 482 436 43 333 420 765 556 359 261 302 669 548 292 189 398 205 284 243 215 376 278 711 572 517 606 514 637 134 479 610 156 86 441 583
268 458 406 513 350 438 639 475 184 504 129 734 374 381 423 328 605 188 487 135 286 170 308 427 226 425 503 437 317 570 366 188 315 19 247 397 104 474 506 353 79 585 431 250 489 322 587 312 470 306 0 467 388 460 440 449 443 523 440 442 109 575 565 451 389 325 270 131 264 448 213 459 486 357 105 259 364 422 521 126 300 298 183 255 144 272 170 579 441 449 450 436 421 176 293 305 452 319 395 294
400 839 857 589 421 695 742 738 578 933 468 1196 439 257 633 758 1065 357 912 601 718 298 588 716 643 852 968 557 766 681 483 386 769 475 421 199 555 579 77 660 546 1048 781 585 799 788 1027 777 830 556 467 0 842 918 868 734 871 967 780 858 461 794 1011 675 668 520 723 471 528 325 270 669 35 804 555 707 633 888 848 516 174 357 637 682 568 736 623 162 72 914 125 43 249 473 204 528 695 630 120 423
514 232 24 804 567 631 884 645 279 151 382 440 710 763 466 336 344 500 145 264 140 554 547 592 213 369 153 727 273 826 683 554 252 386 590 727 289 582 869 339 314 215 521 320 603 122 419 179 275 570 388 842 0 265 372 608 373 366 299 145 451 751 381 667 379 464 119 380 544 820 573 476 865 285 338 279 388 103 599 415 684 662 288 339 367 200 295 930 805 196 799 816 728 496 648 436 651 520 782 517
681 497 282 693 751 477 731 475 455 392 524 280 653 766 702 189 148 632 395 333 361 622 446 430 407 147 189 626 155 686 611 555 149 447 560 855 402 807 964 577 385 258 332 525 409 185 158 158 540 481 460 918 265 0 141 439 140 100 560 409 462 569 122 521 621 669 300 523 474 797 673 719 933 124 363 212 622 168 387 409 745 643 282 251 353 192 295 1039 900 75 910 883 872 472 753 641 498 404 829 695
692 597 393 568 769 345 595 339 491 514 534 374 551 686 759 113 250 626 513 337 433 582 338 297 458 16 327 507 136 553 504 487 149 424 476 835 412 852 922 640 377 398 195 570 269 262 161 211 637 375 440 868 372 141 0 304 3 111 647 517 409 429 156 390 686 705 367 533 377 704 647 781 878 101 335 186 680 290 246 354 695 559 261 189 306 221 273 1003 861 209 879 830 861 400 725 678 365 291 768 711
711 798 632 278 793 50 292 37 593 759 577 668 320 498 862 276 551 620 752 431 607 509 155 22 594 294 612 234 338 250 269 367 359 430 315 772 490 922 803 770 434 692 110 674 70 486 436 430 829 180 449 734 608 439 304 0 305 406 820 737 355 144 447 94 812 772 549 578 215 482 593 894 732 339 372 332 794 556 123 323 577 378 355 274 320 410 356 890 751 497 786 691 814 299 656 751 66 130 617 740
694 598 394 570 772 347 596 340 493 515 536 372 553 689 761 115 248 629 514 339 434 585 340 299 460 19 327 509 138 555 507 490 151 426 479 838 415 854 925 642 380 398 196 572 270 263 159 212 639 377 443 871 373 140 3 305 0 108 649 518 411 430 153 392 687 707 369 536 380 707 650 783 881 102 338 189 681 290 247 357 697 561 263 191 309 223 275 1006 863 209 881 833 863 402 728 680 367 293 771 714
761 597 382 676 834 451 693 439 543 490 602 265 661 793 797 210 145 704 493 406 458 675 448 402 499 125 277 616 206 657 615 591 210 508 584 921 479 899 1018 673 453 331 296 616 362 280 65 244 641 485 523 967 366 100 111 406 108 0 660 509 506 522 46 496 717 758 395 601 487 814 735 815 979 167 421 265 717 267 330 451 793 667 341 285 400 271 354 1096 955 173 970 930 942 504 814 730 470 402 870 777
383 91 288 947 394 828 1061 854 256 246 343 724 814 797 211 580 641 430 226 392 218 554 714 800 229 641 438 870 523 994 804 627 505 451 686 611 350 334 780 121 406 467 756 205 834 386 717 437 56 724 440 780 299 560 647 820 649 660 0 176 543 962 678 854 129 276 283 341 686 874 526 203 811 550 463 501 160 402 844 537 663 734 465 550 512 435 464 817 723 494 697 768 590 608 577 259 846 705 762 367
488 92 127 910 522 755 1003 774 282 80 391 549 799 822 375 472 473 503 58 346 157 592 658 720 221 513 266 832 410 942 778 625 390 446 673 715 339 497 873 256 382 291 657 283 738 260 561 316 138 677 442 858 145 409 517 737 518 509 176 0 528 881 522 788 286 407 195 389 645 889 590 374 886 427 424 406 306 243 739 504 716 736 395 463 464 329 399 923 811 338 795 838 705 583 656 383 775 638 817 481
357 554 472 406 439 339 531 378 289 582 235 742 273 317 531 297 610 265 567 187 371 176 206 333 321 393 543 329 308 461 260 103 313 94 146 438 195 575 514 461 146 629 356 358 403 361 567 334 571 200 109 461 451 462 409 355 411 506 543 528 0 474 551 347 498 429 341 237 158 369 251 566 473 344 114 250 473 463 440 55 287 212 186 222 108 293 174 595 452 468 473 424 473 68 324 410 351 225 367 387
830 942 775 243 911 137 181 108 730 903 705 774 356 542 995 417 666 734 896 571 751 608 268 162 735 422 748 241 480 172 311 462 501 557 399 862 627 1048 868 908 570 825 238 810 161 629 539 573 972 277 575 794 751 569 429 144 430 522 962 881 474 0 557 129 949 900 693 706 319 503 695 1029 786 477 508 476 929 695 194 450 654 440 498 418 456 553 498 955 823 631 864 751 908 410 749 880 123 261 674 860
797 611 395 719 869 492 731 479 575 495 639 222 706 839 824 256 111 743 501 444 483 719 493 443 528 171 275 660 248 697 660 636 250 550 630 962 516 929 1061 698 493 319 337 646 399 307 40 276 656 531 565 1011 381 122 156 447 153 46 678 522 551 557 0 537 742 790 422 638 532 860 777 841 1023 209 463 307 743 279 364 496 837 713 382 330 444 306 395 1139 999 185 1012 974 982 549 856 762 511 447 915 812
702 841 690 184 782 45 218 74 614 817 581 759 244 428 874 346 640 606 808 462 648 479 144 94 625 379 686 144 406 165 195 333 425 434 271 734 511 922 747 792 453 769 201 692 159 546 528 492 868 149 451 675 667 521 390 94 392 496 854 788 347 129 537 0 832 776 595 582 191 402 566 908 669 413 393 388 810 624 211 329 529 318 395 327 342 466 393 834 700 574 739 632 780 283 621 756 28 150 556 732
268 215 374 902 268 812 1028 844 220 363 271 817 756 713 89 601 722 331 342 383 260 470 688 791 229 676 529 827 553 959 754 566 537 405 632 491 322 212 661 45 380 572 764 141 837 437 778 478 186 692 389 668 379 621 686 812 687 717 129 286 498 949 742 832 0 152 322 269 652 796 428 98 700 585 441 518 35 478 855 504 566 668 465 557 493 465 461 694 607 563 577 660 466 566 469 140 829 688 662 247
122 354 466 817 118 763 954 800 215 487 196 899 660 590 120 605 789 204 465 372 326 355 633 751 264 693 616 746 569 884 667 475 557 343 544 339 298 151 510 158 347 673 744 146 809 486 822 514 332 629 325 520 464 669 705 772 707 758 276 407 429 900 790 776 152 0 374 195 586 676 297 159 553 606 406 522 118 552 836 451 432 565 455 546 457 489 447 542 457 624 426 514 314 495 325 28 777 643 523 96
407 249 136 715 468 563 809 585 170 241 266 527 608 649 402 297 415 385 226 155 66 436 463 530 110 359 256 638 240 747 586 443 222 270 485 612 170 508 751 278 199 329 477 228 556 116 457 157 282 482 270 723 119 300 367 549 369 395 283 195 341 693 422 595 322 374 0 265 451 709 455 420 747 268 233 221 321 182 563 312 565 553 200 275 269 152 204 814 687 250 682 697 617 392 530 346 583 445 663 414
159 380 392 636 236 569 767 605 107 462 2 781 488 456 294 427 659 121 442 197 248 214 439 556 173 520 519 562 400 697 487 298 393 149 364 348 123 344 491 238 159 593 553 137 615 355 666 366 381 436 131 471 380 523 533 578 536 601 341 389 237 706 638 582 269 195 265 0 394 534 201 330 497 440 215 347 240 443 644 256 330 400 274 362 264 332 264 550 427 494 419 450 355 305 270 174 583 449 430 178
510 686 567 265 591 189 377 231 437 688 393 745 179 314 688 285 615 415 676 302 495 294 61 195 458 362 602 187 326 308 142 152 340 248 108 557 336 731 594 613 280 689 253 511 275 433 537 389 708 43 264 528 544 474 377 215 380 487 686 645 158 319 532 191 652 586 451 394 0 327 380 723 530 350 225 283 628 528 322 150 365 186 256 228 182 354 249 680 540 504 572 486 599 92 441 568 198 102 415 541
562 903 841 274 622 434 423 474 624 948 532 1072 162 89 796 611 940 473 932 556 733 325 371 470 673 689 907 262 645 366 214 267 656 443 239 466 551 788 401 770 511 994 561 671 551 727 864 693 911 333 448 325 820 797 704 482 707 814 874 889 369 503 860 402 796 676 709 534 327 0 382 835 306 673 483 595 763 828 604 409 260 159 547 547 463 654 536 483 376 820 428 286 521 332 384 671 427 419 215 594
180 576 587 558 243 568 707 611 309 664 199 946 393 295 417 534 818 98 643 344 448 86 439 573 373 632 704 496 529 637 413 233 528 227 299 189 289 408 297 411 290 782 606 324 648 528 798 523 573 420 213 270 573 673 647 593 650 735 526 590 251 695 777 566 428 297 455 201 380 382 0 456 296 568 314 470 394 624 689 301 138 291 395 459 342 484 382 367 233 660 237 248 222 296 80 295 576 468 235 212
279 294 470 965 249 891 1097 925 304 448 332 913 812 749 39 694 819 362 428 471 358 512 764 873 324 772 625 892 648 1027 815 624 632 475 692 479 405 136 652 142 461 664 852 221 923 535 876 576 256 765 459 669 476 719 781 894 783 815 203 374 566 1029 841 908 98 159 420 330 723 835 456 0 704 681 522 610 103 576 944 579 591 719 554 646 574 560 549 672 603 662 566 667 445 634 481 165 907 768 681 250
433 868 881 575 456 691 727 735 605 959 495 1212 430 245 667 769 1080 386 939 620 743 316 589 715 669 862 989 547 780 667 476 393 784 494 422 234 577 614 100 691 565 1070 783 614 798 808 1038 794 861 556 486 35 865 933 878 732 881 979 811 886 473 786 1023 669 700 553 747 497 530 306 296 704 0 817 571 722 665 908 848 527 188 354 652 694 581 753 639 178 107 932 159 50 285 481 234 560 690 632 115 457
599 504 308 577 674 371 628 376 391 433 440 401 529 643 658 68 269 538 430 243 333 510 325 326 357 92 274 507 40 578 488 434 49 342 437 754 317 752 853 540 288 356 241 470 322 168 231 113 542 359 357 804 285 124 101 339 102 167 550 427 344 477 209 413 585 606 268 440 350 673 568 681 817 0 254 98 579 218 315 290 630 520 174 127 236 120 187 931 790 162 803 767 776 349 648 579 392 285 711 617
367 461 360 489 447 371 597 403 222 474 215 641 376 430 491 224 510 292 459 78 271 259 251 351 234 321 430 411 215 531 354 217 215 88 252 501 119 557 601 400 62 516 338 302 403 248 484 224 483 261 105 555 338 363 335 372 338 421 463 424 114 508 463 393 441 406 233 215 225 483 314 522 571 254 0 156 422 350 429 79 383 324 82 151 52 183 68 677 537 361 549 521 526 160 393 383 388 247 472 390
506 470 303 532 583 352 606 368 311 430 347 492 461 558 585 84 360 442 422 151 283 413 274 314 289 173 318 458 59 548 425 345 63 243 356 656 227 671 755 473 191 405 256 393 336 158 329 108 503 302 259 707 279 212 186 332 189 265 501 406 250 476 307 388 518 522 221 347 283 595 470 610 722 98 156 0 507 246 343 197 534 438 76 61 142 79 89 833 692 225 705 672 679 265 549 496 372 243 617 525
233 242 385 875 235 792 1003 824 202 384 242 827 727 680 81 592 728 297 363 368 262 438 667 773 222 670 540 801 545 934 727 538 530 380 604 456 303 195 627 50 360 587 750 120 821 437 779 475 216 669 364 633 388 622 680 794 681 717 160 306 473 929 743 810 35 118 321 240 628 763 394 103 665 579 422 507 0 485 841 482 532 638 451 543 474 459 446 660 572 567 543 625 432 540 434 105 808 669 627 212
590 332 116 777 650 585 842 593 353 226 445 346 703 780 565 280 243 562 227 289 227 592 519 542 291 290 81 703 219 788 670 566 199 416 591 790 335 678 922 437 343 166 459 406 540 102 318 139 377 548 422 888 103 168 290 556 290 267 402 243 463 695 279 624 478 552 182 443 528 828 624 576 908 218 350 246 485 0 529 419 722 669 281 305 365 176 292 989 857 95 857 858 798 496 702 524 605 486 816 596
789 810 622 392 871 172 372 138 639 748 643 580 443 618 915 267 474 703 744 473 627 607 261 135 628 242 573 355 329 348 391 472 349 501 427 872 541 986 915 811 489 645 91 722 53 479 345 422 845 292 521 848 599 387 246 123 247 330 844 739 440 194 364 211 855 836 563 644 322 604 689 944 848 315 429 343 841 529 0 398 687 495 390 298 380 413 395 1002 861 455 893 806 911 394 756 812 183 222 733 815
391 539 437 412 473 313 526 349 288 553 255 688 297 364 545 242 556 304 538 158 350 229 185 301 309 338 498 334 254 458 275 149 260 107 175 489 187 600 568 465 130 585 311 364 365 318 512 286 559 189 126 516 415 409 354 323 357 451 537 504 55 450 496 329 504 451 312 256 150 409 301 579 527 290 79 197 482 419 398 0 342 250 138 167 56 246 127 649 507 418 526 478 521 81 376 430 328 193 421 419
312 709 700 479 364 542 633 586 435 787 328 1024 314 171 552 584 893 236 767 434 568 130 426 558 496 679 803 430 593 565 349 217 596 307 262 217 395 532 231 548 379 885 615 459 640 621 853 606 708 398 300 174 684 745 695 577 697 793 663 716 287 654 837 529 566 432 565 330 365 260 138 591 188 630 383 534 532 722 687 342 0 216 464 508 394 565 451 316 175 744 210 138 270 302 124 432 545 466 100 343
461 756 683 269 532 337 421 381 480 793 398 920 102 128 680 460 788 364 777 399 580 213 240 361 523 543 748 214 489 352 132 111 500 291 83 431 399 692 429 638 355 835 436 536 445 568 720 535 768 205 298 357 662 643 559 378 561 667 734 736 212 440 713 318 668 565 553 400 186 159 291 719 354 520 324 438 638 669 495 250 216 0 388 392 305 495 377 516 383 663 424 314 481 174 324 554 337 286 239 494
432 447 310 518 510 365 609 389 251 433 274 560 425 502 526 153 429 366 421 84 254 340 263 335 241 247 360 441 134 547 396 287 134 168 310 580 157 605 682 421 116 447 299 333 373 181 405 148 475 284 183 637 288 282 261 355 263 341 465 395 186 498 382 395 465 455 200 274 256 547 395 554 652 174 82 76 451 281 390 138 464 388 0 92 83 107 13 759 619 282 630 602 602 215 474 430 384 245 551 453
517 524 363 472 596 292 545 310 343 490 361 529 407 516 618 76 397 443 482 176 334 393 214 256 330 173 376 398 98 487 369 307 112 238 310 647 248 697 734 512 202 462 208 426 284 219 345 168 556 243 255 682 339 251 189 274 191 285 550 463 222 418 330 327 557 546 275 362 228 547 459 646 694 127 151 61 543 305 298 167 508 392 92 0 118 139 100 815 673 276 690 645 675 222 537 521 312 182 586 539
411 506 389 446 493 320 549 351 274 508 263 633 344 420 542 194 501 332 495 122 314 276 201 299 283 291 443 369 199 483 317 205 205 125 227 530 171 607 618 451 114 530 290 354 352 264 461 231 530 215 144 568 367 353 306 320 309 400 512 464 108 456 444 342 493 457 269 264 182 463 342 574 581 236 52 142 474 365 380 56 394 305 83 118 0 190 73 697 556 362 572 531 559 132 419 434 336 196 476 436
491 396 224 608 563 431 684 446 274 351 333 462 528 609 538 146 334 440 343 141 217 438 349 393 237 211 253 533 89 626 495 394 72 261 416 663 210 633 777 420 194 340 329 351 410 81 335 41 432 376 272 736 200 192 221 410 223 271 435 329 293 553 306 466 465 489 152 332 354 654 484 560 753 120 183 79 459 176 413 246 565 495 107 139 190 0 119 851 713 178 720 703 680 322 563 461 451 321 655 506
421 448 318 512 500 365 606 390 244 439 264 573 416 489 520 164 442 353 427 78 255 327 259 336 238 259 371 435 147 543 388 275 147 155 300 567 149 597 669 417 105 458 304 327 376 192 418 160 476 278 170 623 295 295 273 356 275 354 464 399 174 498 395 393 461 447 204 264 249 536 382 549 639 187 68 89 446 292 395 127 451 377 13 100 73 119 0 745 605 295 617 589 590 205 461 421 383 243 538 442
438 888 942 751 428 852 903 896 654 1001 549 1313 601 418 640 891 1184 430 980 711 797 421 741 872 721 987 1067 718 892 842 644 533 892 591 575 208 654 559 87 697 657 1143 930 640 954 893 1159 890 871 711 579 162 930 1039 1003 890 1006 1096 817 923 595 955 1139 834 694 542 814 550 680 483 367 672 178 931 677 833 660 989 1002 649 316 516 759 815 697 851 745 0 143 1026 132 204 229 618 288 558 853 781 281 451
340 785 818 631 354 715 785 759 534 887 425 1175 473 299 567 749 1046 309 866 575 676 280 601 733 600 845 936 591 751 721 513 391 752 453 436 128 522 509 65 602 520 1015 789 532 814 760 1017 753 774 572 441 72 805 900 861 751 863 955 723 811 452 823 999 700 607 457 687 427 540 376 233 603 107 790 537 692 572 857 861 507 175 383 619 673 556 713 605 143 0 890 55 95 177 475 157 467 717 640 162 361
648 427 211 738 714 531 787 534 415 317 495 287 683 781 647 230 166 609 321 316 306 616 485 486 360 213 118 668 179 739 645 567 164 439 581 835 376 757 955 520 370 195 393 478 472 140 224 138 471 517 449 914 196 75 209 497 209 173 494 338 468 631 185 574 563 624 250 494 504 820 660 662 932 162 361 225 567 95 455 418 744 663 282 276 362 178 295 1026 890 0 896 881 848 489 739 596 552 446 833 659
314 764 811 678 317 752 833 796 523 873 417 1182 518 349 531 766 1054 298 852 580 666 298 634 767 590 863 935 635 764 768 556 421 764 463 471 87 522 466 85 576 526 1011 818 513 847 762 1033 759 750 606 450 125 799 910 879 786 881 970 697 795 473 864 1012 739 577 426 682 419 572 428 237 566 159 803 549 705 543 857 893 526 210 424 630 690 572 720 617 132 55 896 0 149 129 502 157 439 755 671 214 331
393 823 831 548 422 652 701 695 557 911 447 1162 396 215 630 720 1030 340 891 570 695 266 546 674 621 814 939 514 730 639 440 346 734 444 379 211 528 584 118 649 515 1020 739 569 757 758 989 744 816 514 436 43 816 883 830 691 833 930 768 838 424 751 974 632 660 514 697 450 486 286 248 667 50 767 521 672 625 858 806 478 138 314 602 645 531 703 589 204 95 881 149 0 265 433 191 520 652 588 77 418
218 664 737 748 199 786 901 829 449 785 353 1135 582 435 412 749 1011 240 763 539 590 305 659 793 516 846 873 695 736 833 612 448 733 437 510 56 472 338 212 470 489 943 828 423 869 709 1007 716 645 637 421 249 728 872 861 814 863 942 590 705 473 908 982 780 466 314 617 355 599 521 222 445 285 776 526 679 432 798 911 521 270 481 602 675 559 680 590 229 177 848 129 265 0 517 159 332 793 690 313 225
419 615 518 339 500 278 463 318 355 633 303 751 216 294 598 293 619 324 619 238 429 212 146 278 384 384 575 263 317 393 197 88 327 161 95 478 258 640 533 529 205 662 316 426 352 396 561 361 634 134 176 473 496 472 400 299 402 504 608 583 68 410 549 283 566 495 392 305 92 332 296 634 481 349 160 265 540 496 394 81 302 174 215 222 132 322 205 618 475 489 502 433 517 0 362 477 288 173 369 449
203 635 661 593 244 627 745 671 377 731 268 1025 426 295 443 612 897 153 710 423 519 150 502 636 443 710 781 537 608 676 454 290 607 306 350 116 367 411 221 458 369 858 676 381 714 606 877 603 626 479 293 204 648 753 725 656 728 814 577 656 324 749 856 621 469 325 530 270 441 384 80 481 234 648 393 549 434 702 756 376 124 324 474 537 419 563 461 288 157 739 157 191 159 362 0 330 634 534 201 231
128 333 439 803 140 743 938 779 188 463 176 871 648 586 126 579 761 199 441 346 298 347 613 729 236 666 589 731 542 868 653 461 530 323 530 352 272 176 522 139 323 646 720 118 786 458 794 486 314 610 305 528 436 641 678 751 680 730 259 383 410 880 762 756 140 28 346 174 568 671 295 165 560 579 383 496 105 524 812 430 432 554 430 521 434 461 421 558 467 596 439 520 332 477 330 0 757 622 525 108
707 831 675 213 788 21 236 47 609 802 582 733 268 451 873 326 614 612 794 454 638 490 145 68 618 355 666 172 387 188 218 345 407 434 285 748 507 925 766 788 449 747 174 689 130 530 501 475 859 156 452 695 651 498 365 66 367 470 846 775 351 123 511 28 829 777 583 583 198 427 576 907 690 392 388 372 808 605 183 328 545 337 384 312 336 451 383 853 717 552 755 652 793 288 634 757 0 141 576 737
581 691 544 293 663 124 365 157 469 670 447 665 261 413 735 217 537 490 661 313 498 385 48 109 477 277 553 222 270 306 213 250 288 300 211 650 366 792 695 647 309 638 151 549 180 401 447 350 719 86 319 630 520 404 291 130 293 402 705 638 225 261 447 150 688 643 445 449 102 419 468 768 632 285 247 243 669 486 222 193 466 286 245 182 196 321 243 781 640 446 671 588 690 173 534 622 141 0 518 610
402 809 799 472 445 577 625 620 535 887 428 1109 320 139 642 660 977 333 867 527 668 227 474 600 596 752 897 437 675 563 364 281 680 400 307 257 493 611 195 646 473 980 669 558 683 714 929 696 807 441 395 120 782 829 768 617 771 870 762 817 367 674 915 556 662 523 663 430 415 215 235 681 115 711 472 617 627 816 733 421 100 239 551 586 476 655 538 281 162 833 214 77 313 369 201 525 576 518 0 431
33 438 523 755 58 725 898 764 244 561 178 941 593 506 212 605 825 131 540 375 377 281 593 718 306 698 667 687 578 827 606 414 569 314 484 245 300 199 415 246 337 731 725 201 783 518 841 537 421 583 294 423 517 695 711 740 714 777 367 481 387 860 812 732 247 96 414 178 541 594 212 250 457 617 390 525 212 596 815 419 343 494 453 539 436 506 442 451 361 659 331 418 225 449 231 108 737 610 431 0
