# TTSP Euclidean complete-graph matrix instance
# seed: 2018
# depot: 1
# L_max is not stored in this file; pass it with --budget when running algorithms.
# coordinate rows: node x y
# coord 1 533.157931 27.689512
# coord 2 627.492507 507.200966
# coord 3 120.435375 534.157370
# coord 4 235.651167 34.948118
# coord 5 862.840683 434.353766
# coord 6 528.188341 458.888641
# coord 7 638.938826 765.988633
# coord 8 78.977412 164.659606
# coord 9 202.034071 429.982183
# coord 10 588.101906 337.841351
# coord 11 956.258917 473.587791
# coord 12 452.211211 289.441586
# coord 13 583.324450 160.053260
# coord 14 226.355891 319.139770
# coord 15 610.141173 887.225633
# coord 16 454.857382 262.348071
# coord 17 259.823968 190.443917
# coord 18 118.614123 144.186352
# coord 19 684.386035 514.936432
# coord 20 237.417385 351.902188
# coord 21 15.459916 802.018991
# coord 22 783.194385 631.910232
# coord 23 694.081568 657.775617
# coord 24 220.364193 814.116615
# coord 25 356.206388 705.190118
# coord 26 329.296369 588.872755
# coord 27 959.993340 249.755571
# coord 28 27.594559 862.732068
# coord 29 219.173240 906.160533
# coord 30 558.042062 575.820590
# coord 31 821.908534 896.979655
# coord 32 278.271520 851.443250
# coord 33 651.961820 263.634489
# coord 34 734.405787 694.481382
# coord 35 646.207350 235.853071
# coord 36 986.064680 384.406297
# coord 37 78.126943 872.618072
# coord 38 782.751079 828.088241
# coord 39 143.435630 475.776910
# coord 40 343.440252 460.245646
# coord 41 298.407926 17.752465
# coord 42 568.513668 989.067014
# coord 43 470.531264 666.511487
# coord 44 606.913125 254.786210
# coord 45 879.190498 324.723760
# coord 46 559.145242 366.042139
# coord 47 611.906277 306.961345
# coord 48 634.891754 673.562177
# coord 49 390.084995 713.677043
# coord 50 386.161038 448.341311
# coord 51 197.200318 385.643713
# coord 52 206.829529 921.687587
# coord 53 973.495245 137.280769
# coord 54 863.505860 578.058856
# coord 55 501.923979 460.006541
# coord 56 148.076267 325.627224
# coord 57 919.771041 242.212346
# coord 58 536.894153 471.799906
# coord 59 677.885311 611.218805
# coord 60 405.845480 17.409006
# coord 61 313.206017 439.218965
# coord 62 606.797093 18.597400
# coord 63 943.893079 606.804101
# coord 64 830.735896 864.235386
# coord 65 49.094371 392.869789
# coord 66 417.113813 894.537585
# coord 67 749.569419 184.790346
# coord 68 367.991281 113.449433
# coord 69 504.136660 223.598896
# coord 70 321.427789 422.929315
# coord 71 243.538759 597.017538
# coord 72 313.629673 61.043377
# coord 73 320.919699 818.723157
# coord 74 665.565975 966.893170
# coord 75 814.941600 240.710198
# coord 76 390.989696 775.920954
# coord 77 956.925994 442.607090
# coord 78 404.399689 361.801789
# coord 79 284.306877 876.631685
# coord 80 850.912766 724.079942
# coord 81 573.655246 398.651197
# coord 82 676.871602 876.468989
# coord 83 256.691075 933.020478
# coord 84 955.246922 133.805713
# coord 85 975.034561 991.316274
# coord 86 384.232443 533.702095
# coord 87 553.099832 247.380855
# coord 88 366.546095 795.008452
# coord 89 291.149033 701.707386
# coord 90 759.937613 473.951402
# coord 91 11.386848 974.492013
# coord 92 787.254255 969.868884
# coord 93 742.402365 771.329600
# coord 94 800.061116 994.413598
# coord 95 476.749323 225.434028
# coord 96 857.968107 167.775737
# coord 97 616.414267 758.188847
# coord 98 862.285991 531.289732
# coord 99 414.044015 326.982182
# coord 100 424.199910 272.495991
# reference_nearest_neighbor_tour_cost: 10157
TTSP_MATRIX
100
0 82 52 94 53 16 91 39 41 70 98 30 95 22 72 10 29 50 96 86 8 96 56 98 62 50 75 96 35 86 86 100 9 57 64 25 10 78 49 4 17 75 72 51 57 57 22 77 15 25 86 31 5 2 32 70 61 33 100 35 48 79 40 87 47 38 92 38 45 100 29 8 28 29 2 89 68 49 42 80 78 82 33 74 62 76 62 96 61 46 91 22 35 35 80 74 56 9 39 63
0 489 653 298 524 431 746 474 521 315 615 274 142 423 863 247 318 431 510 439 931 654 650 846 700 597 481 976 933 549 916 862 264 696 237 577 960 838 594 472 235 962 642 239 456 339 290 654 701 446 491 952 454 642 433 487 442 444 601 128 467 74 710 888 606 875 267 186 198 448 639 222 819 948 353 762 593 358 885 765 373 861 947 435 1060 527 221 785 716 501 1081 976 773 1003 206 354 735 602 322 268
489 0 508 614 246 110 259 647 432 174 330 280 350 443 380 300 485 625 57 420 679 199 165 510 336 309 421 697 571 98 436 490 245 216 272 379 660 356 485 288 590 485 224 253 311 157 201 167 315 248 447 591 507 246 134 513 395 97 116 538 322 489 332 411 590 441 345 472 309 317 394 545 437 461 326 358 336 266 504 311 121 373 565 497 596 245 270 388 389 137 773 489 288 517 320 410 251 236 279 311
653 508 0 512 749 415 568 372 132 507 838 412 595 240 604 431 371 390 564 217 288 670 587 297 291 216 886 341 385 440 790 354 596 635 605 878 341 725 63 235 546 639 374 561 787 470 541 533 324 279 167 397 941 744 389 210 851 421 563 590 215 709 827 783 158 467 720 488 494 230 138 511 348 696 754 363 841 332 380 755 473 653 421 926 969 264 519 359 239 642 454 797 666 821 471 824 544 742 359 401
298 614 512 0 744 515 835 203 396 465 844 334 369 284 931 316 157 160 657 317 798 810 773 779 681 562 756 854 871 630 1042 818 475 827 457 828 852 964 450 439 65 1011 674 431 706 463 464 753 696 440 353 887 745 830 502 304 715 531 726 171 412 372 910 1021 404 879 535 154 328 397 562 82 788 1026 615 757 829 368 843 924 497 950 898 726 1209 520 382 771 669 684 966 1086 894 1113 307 636 817 799 342 303
524 246 749 744 0 336 400 829 661 291 101 435 392 647 519 443 650 799 196 631 924 213 280 746 574 555 209 939 798 336 464 718 271 290 294 133 899 402 721 520 702 628 456 313 111 311 281 330 549 477 667 817 317 144 362 723 200 328 256 619 550 488 191 431 815 641 274 590 416 542 640 664 664 568 199 583 94 464 728 290 291 480 785 314 568 489 362 613 631 110 1008 541 358 564 439 267 407 97 461 468
431 110 415 515 336 0 326 537 327 135 428 186 304 333 436 210 380 517 166 310 617 308 259 470 300 238 480 643 544 121 527 465 231 313 252 464 611 448 385 185 497 532 215 219 376 98 173 240 290 142 339 563 549 356 26 403 448 16 214 458 216 447 441 506 484 450 352 381 237 210 316 452 415 526 360 345 429 157 484 418 75 443 546 537 695 162 213 373 339 232 730 573 379 601 239 440 312 342 174 213
746 259 568 835 400 326 0 822 551 431 431 512 608 608 125 536 689 811 255 577 625 197 121 421 289 357 608 619 443 207 225 371 503 119 530 516 571 157 574 425 822 234 196 512 502 408 460 93 254 406 583 459 712 293 335 659 594 311 160 784 461 748 344 215 698 256 592 707 559 467 430 776 322 203 554 248 454 467 371 216 373 117 417 707 405 345 526 274 354 316 661 252 104 280 564 637 24 324 493 538
474 647 372 203 829 537 822 0 292 538 930 394 504 214 897 388 183 45 699 245 641 845 788 665 607 493 885 700 755 631 1043 715 581 843 572 933 708 967 318 397 264 959 637 536 816 521 552 754 631 418 251 768 895 887 516 175 844 551 747 359 361 548 971 1027 230 804 671 294 429 354 463 257 697 994 740 686 921 380 741 953 547 930 789 877 1219 479 481 693 577 748 813 1072 899 1099 402 779 801 865 372 362
521 432 132 396 661 327 551 292 0 397 755 287 467 113 613 303 246 298 490 86 416 615 542 385 315 204 779 467 476 385 776 428 480 594 485 785 460 704 74 145 423 668 358 441 685 363 428 497 340 185 45 492 825 678 301 117 742 337 509 460 112 577 763 764 157 512 600 357 366 120 172 385 407 709 641 394 755 214 454 712 373 652 506 809 955 210 396 400 286 560 577 796 639 822 343 706 529 668 236 272
315 174 507 465 291 135 431 538 397 0 392 144 178 362 550 153 360 508 202 351 737 353 337 602 434 361 382 768 678 240 606 600 98 385 117 401 739 527 466 274 432 652 349 85 291 40 39 339 425 230 394 697 434 365 150 440 345 143 288 369 293 320 446 580 542 582 222 314 142 280 431 390 550 634 247 480 383 185 619 467 63 546 681 420 759 283 97 508 470 219 859 663 460 690 158 319 421 336 174 176
615 330 838 844 101 428 431 930 755 392 0 537 487 746 539 544 752 900 275 729 996 235 320 811 643 637 224 1007 855 411 444 776 370 313 391 94 965 395 813 613 800 645 523 412 168 411 383 379 615 571 764 873 337 140 455 822 234 419 311 715 644 574 134 410 911 684 355 690 517 637 723 764 723 573 272 641 31 563 784 272 390 490 837 340 518 575 462 672 703 196 1069 524 367 544 540 321 443 110 562 569
274 280 412 334 435 186 512 394 287 144 537 0 184 228 618 27 216 364 324 224 673 476 441 574 427 324 509 713 659 305 711 588 201 494 201 542 693 632 361 202 312 709 378 159 428 132 161 425 429 172 273 678 543 502 178 306 470 201 393 276 204 312 585 688 416 606 315 195 84 187 372 267 545 710 366 490 527 87 611 590 163 629 673 527 875 254 109 513 443 359 815 758 563 786 69 424 497 476 54 33
142 350 595 369 392 304 608 504 467 178 487 184 0 391 728 164 325 465 369 396 857 512 510 748 591 498 387 896 830 417 775 756 124 555 98 461 873 697 541 384 318 829 519 98 339 207 150 516 586 349 447 850 391 503 311 466 346 315 461 228 388 143 574 746 583 753 168 220 102 371 554 287 709 811 245 645 468 270 776 624 239 722 839 373 919 423 92 671 615 360 995 835 632 862 125 275 599 464 238 195
423 443 240 284 647 333 608 214 113 362 746 228 391 0 686 235 133 205 498 35 527 639 577 495 407 289 737 579 587 419 830 535 429 632 428 763 573 754 177 183 310 752 425 386 653 336 386 541 427 206 73 603 769 688 309 79 698 346 538 351 148 485 773 814 192 606 540 250 294 141 278 272 508 783 594 486 741 183 560 744 356 717 615 752 1006 266 335 496 388 556 690 859 686 886 267 649 587 670 188 203
863 380 604 931 519 436 125 897 613 550 539 618 728 686 0 644 780 891 380 652 601 308 244 397 312 410 727 583 391 316 212 334 625 229 652 628 532 182 622 503 924 110 261 632 624 524 580 215 280 493 650 405 833 400 441 727 715 422 284 893 537 869 436 222 748 193 716 811 672 547 468 878 297 97 678 246 564 564 326 291 490 68 356 829 379 420 642 260 369 440 605 195 176 218 675 761 129 436 594 642
247 300 431 316 443 210 536 388 303 153 544 27 164 235 644 0 208 356 341 235 696 494 462 600 454 350 505 737 686 330 733 615 197 515 193 545 717 654 378 227 290 736 404 152 429 147 163 449 456 198 286 704 534 516 203 313 465 225 414 250 227 287 598 710 426 633 305 172 63 209 396 246 572 735 361 518 533 112 638 608 181 653 699 517 896 280 99 540 469 371 839 782 585 809 43 414 521 488 76 32
318 485 371 157 650 380 689 183 246 360 752 216 325 133 780 208 0 149 534 163 659 685 638 625 524 404 703 711 717 487 903 661 399 692 389 752 706 825 308 282 177 856 521 353 634 347 371 612 539 287 205 733 716 717 362 175 662 395 593 226 254 387 801 883 292 721 490 133 247 241 407 140 631 876 557 600 741 224 687 796 377 803 743 698 1074 365 299 614 512 575 822 941 755 969 220 599 670 692 206 184
431 625 390 160 799 517 811 45 298 508 900 364 465 205 891 356 149 0 676 239 666 824 771 678 609 492 848 724 769 616 1030 725 547 826 535 900 730 953 333 388 220 957 630 501 782 493 519 739 631 405 254 782 855 862 497 184 807 531 729 314 353 504 946 1013 258 808 632 251 394 345 470 212 704 988 703 688 890 359 751 934 521 921 801 837 1205 471 447 696 584 721 837 1062 885 1090 367 740 790 838 347 331
510 57 564 657 196 166 255 699 490 202 275 324 369 498 380 341 534 676 0 476 728 153 143 552 379 363 382 743 608 140 406 527 253 186 282 329 704 328 542 345 629 488 262 271 272 195 220 166 355 306 504 627 476 190 191 569 360 154 97 570 379 502 275 379 647 464 337 511 343 374 448 586 474 452 304 393 282 319 539 267 161 362 598 468 558 301 298 424 435 86 815 466 263 493 356 388 253 179 329 356
439 420 217 317 631 310 577 245 86 351 729 224 396 35 652 235 163 239 476 0 502 613 550 463 373 254 730 552 555 391 799 501 424 604 425 749 545 724 155 152 340 718 392 382 642 322 377 511 393 177 52 571 767 666 286 93 691 323 511 375 116 498 751 784 193 572 539 272 296 110 245 301 474 749 588 451 725 167 527 718 339 684 581 750 976 234 333 462 354 537 662 827 656 854 271 647 556 650 178 203
931 679 288 798 924 617 625 641 416 737 996 673 857 527 601 696 659 666 728 502 0 786 694 205 354 379 1094 62 229 588 812 267 834 727 848 1057 94 768 350 474 834 584 475 806 987 697 775 633 385 512 454 226 1166 877 595 495 1064 617 689 876 469 982 949 818 411 412 959 774 757 487 307 799 306 671 977 376 1008 587 279 839 689 666 275 1153 978 456 772 351 293 814 173 790 728 808 738 1055 603 889 620 669
654 199 670 810 213 308 197 845 615 353 235 476 512 639 308 494 685 824 153 613 786 0 93 592 433 456 421 790 627 232 268 551 391 79 419 320 745 196 659 472 782 417 315 416 322 348 367 154 402 437 636 645 530 97 330 705 413 294 107 721 508 638 163 237 772 451 448 664 495 507 541 739 499 355 392 418 257 465 556 114 314 267 607 527 407 411 448 447 497 160 844 338 145 363 509 470 209 128 479 508
650 165 587 773 280 259 121 788 542 337 320 441 510 577 244 462 638 771 143 550 694 93 0 499 341 371 487 697 536 159 271 459 396 55 425 400 652 192 580 402 752 354 224 412 381 321 360 61 309 372 567 554 591 187 276 639 473 244 49 702 439 645 255 248 697 364 476 635 474 440 455 708 406 310 434 325 340 414 465 170 286 219 517 585 436 334 434 355 405 195 753 326 123 353 484 517 127 210 433 470
846 510 297 779 746 470 421 665 385 602 811 574 748 495 397 600 625 678 552 463 205 592 499 0 174 250 930 199 92 413 607 69 700 528 718 878 154 563 347 375 800 390 290 680 821 562 641 438 197 402 429 108 1013 685 452 494 903 466 500 818 386 884 753 612 455 213 822 716 655 404 218 759 101 471 826 175 825 488 89 637 545 461 124 1001 775 325 657 147 133 638 263 588 524 607 642 908 400 701 524 579
700 336 291 681 574 300 289 607 315 434 643 427 591 407 312 454 524 609 379 373 354 433 341 174 0 119 756 364 243 240 504 166 531 378 552 707 325 444 313 245 690 354 121 515 647 395 473 280 35 259 357 263 839 523 285 433 729 295 335 690 269 731 596 500 438 199 652 592 504 284 156 646 119 405 653 79 656 347 186 495 376 364 249 828 682 174 498 90 65 465 438 506 392 530 495 735 266 535 383 438
597 309 216 562 555 238 357 493 204 361 637 324 498 289 410 350 404 492 363 254 379 456 371 250 119 0 716 407 336 229 581 267 458 419 474 688 379 513 218 129 572 466 161 434 610 320 399 317 139 152 242 355 787 534 215 320 685 238 349 577 151 634 615 572 342 318 583 477 405 166 86 528 230 506 598 197 644 239 291 539 310 451 352 774 761 78 408 209 119 446 500 596 452 621 392 676 333 536 275 330
481 421 886 756 209 480 608 885 779 382 224 509 387 737 727 505 703 848 382 730 1094 421 487 930 756 716 0 1116 990 518 662 909 308 499 314 137 1080 605 847 651 701 837 643 353 110 417 353 534 735 607 775 1009 113 342 504 815 41 478 459 601 674 422 357 628 922 843 220 607 457 662 796 673 856 775 145 775 193 567 922 487 414 688 981 116 742 642 407 806 807 300 1194 741 565 762 484 131 614 298 551 536
976 697 341 854 939 643 619 700 467 768 1007 713 896 579 583 737 711 724 743 552 62 790 697 199 364 407 1116 0 196 603 795 251 865 727 881 1071 51 756 404 512 887 555 484 840 1007 727 806 636 392 548 506 189 1192 883 622 550 1087 642 697 926 511 1024 951 803 470 391 990 823 797 529 342 851 297 646 1003 374 1020 627 257 835 717 649 240 1180 956 485 809 346 309 829 113 767 721 784 780 1083 598 898 661 711
933 571 385 871 798 544 443 755 476 678 855 659 830 587 391 686 717 769 608 555 229 627 536 92 243 336 990 196 0 473 603 81 775 557 795 928 145 569 437 463 892 359 347 758 880 638 716 476 257 487 521 20 1077 723 528 585 965 538 545 908 476 969 784 613 541 198 895 807 740 494 310 850 134 451 893 216 871 575 72 657 619 459 46 1067 761 407 739 185 217 692 219 572 540 588 728 976 424 744 611 666
549 98 440 630 336 121 207 631 385 240 411 305 417 419 316 330 487 616 140 391 588 232 159 413 240 229 518 603 473 0 416 393 326 213 351 469 564 338 427 244 616 413 126 325 408 210 274 124 217 214 408 493 604 305 129 480 492 106 125 579 280 559 387 397 541 348 435 500 356 282 315 570 339 406 422 261 421 263 407 328 178 323 467 594 589 179 328 291 295 226 677 456 269 484 360 506 191 307 287 332
916 436 790 1042 464 527 225 1043 776 606 444 711 775 830 212 733 903 1030 406 799 812 268 271 607 504 581 662 795 603 416 0 546 656 221 684 538 744 79 799 648 1023 270 420 677 575 592 626 291 469 625 807 616 775 322 542 883 662 512 320 973 684 904 315 34 923 405 716 906 745 689 652 978 507 171 656 448 474 679 538 175 557 146 566 775 180 569 703 467 566 428 814 81 149 100 755 730 248 368 701 740
862 490 354 818 718 465 371 715 428 600 776 588 756 535 334 615 661 725 527 501 267 551 459 69 166 267 909 251 81 393 546 0 697 482 717 848 201 505 399 397 834 321 267 681 799 561 639 399 177 417 473 100 997 646 451 542 885 459 466 844 414 895 709 553 513 145 816 743 667 431 257 791 54 404 813 136 792 506 26 587 541 399 84 987 711 335 664 105 150 612 294 523 471 541 657 896 351 666 542 597
264 245 596 475 271 231 503 581 480 98 370 201 124 429 625 197 399 547 253 424 834 391 396 700 531 458 308 865 775 326 656 697 0 439 28 355 837 579 551 366 431 730 442 46 235 138 59 410 521 324 471 794 345 379 247 508 269 238 349 348 382 249 451 627 617 673 125 321 153 367 527 394 646 703 165 575 354 266 715 502 156 613 777 330 796 380 100 603 568 236 957 719 516 746 179 227 496 340 246 228
696 216 635 827 290 313 119 843 594 385 313 494 555 632 229 515 692 826 186 604 727 79 55 528 378 419 499 727 557 213 221 482 439 0 467 399 680 142 630 456 805 338 265 458 397 372 406 102 345 426 620 574 606 174 330 693 489 298 101 753 493 688 227 195 749 375 510 687 524 494 500 760 432 281 461 353 336 469 486 120 337 191 534 603 382 385 482 381 443 222 775 280 77 307 535 541 134 207 488 524
237 272 605 457 294 252 530 572 485 117 391 201 98 428 652 193 389 535 282 425 848 419 425 718 552 474 314 881 795 351 684 717 28 467 0 371 853 608 557 377 411 757 465 44 249 157 79 438 542 336 473 815 342 405 267 506 274 260 377 325 390 221 476 655 617 697 115 304 143 375 541 376 667 731 169 597 373 273 736 529 178 641 799 325 824 397 94 625 586 264 974 747 544 774 170 222 523 366 249 225
577 379 878 828 133 464 516 933 785 401 94 542 461 763 628 545 752 900 329 749 1057 320 400 878 707 688 137 1071 928 469 538 848 355 399 371 0 1031 488 848 647 779 735 588 401 122 427 382 455 681 603 789 947 247 229 490 840 157 458 383 687 675 527 226 504 937 764 309 675 508 666 772 746 794 665 223 712 65 582 857 366 413 581 913 252 607 620 454 743 764 243 1139 618 457 638 534 252 526 192 575 573
960 660 341 852 899 611 571 708 460 739 965 693 873 573 532 717 706 730 704 545 94 745 652 154 325 379 1080 51 145 564 744 201 837 680 853 1031 0 706 402 490 883 504 443 813 971 699 778 591 350 524 501 138 1159 839 591 551 1052 609 654 916 493 1004 906 753 481 340 961 813 776 511 321 845 249 595 971 327 978 606 206 787 686 599 189 1147 905 457 785 299 273 790 122 716 672 732 760 1051 550 855 641 693
838 356 725 964 402 448 157 967 704 527 395 632 697 754 182 654 825 953 328 724 768 196 192 563 444 513 605 756 569 338 79 505 579 142 608 488 706 0 730 573 944 268 352 600 513 513 548 214 409 549 734 583 717 263 463 809 602 433 241 894 610 828 274 60 853 372 644 826 666 614 587 899 462 182 588 395 423 600 501 124 478 116 536 715 252 495 624 418 508 355 785 142 70 167 676 665 180 307 622 661
594 485 63 450 721 385 574 318 74 466 813 361 541 177 622 378 308 333 542 155 350 659 580 347 313 218 847 404 437 427 799 399 551 630 557 848 402 730 0 201 484 666 379 513 751 430 498 530 343 244 105 450 896 727 359 150 811 393 551 528 174 651 811 789 126 500 672 426 440 186 157 448 386 717 711 389 814 285 425 750 437 667 471 881 978 248 469 389 270 617 516 812 668 837 417 778 551 721 309 347
472 288 235 439 520 185 425 397 145 274 613 202 384 183 503 227 282 388 345 152 474 472 402 375 245 129 651 512 463 244 648 397 366 456 377 647 490 573 201 0 445 575 242 334 553 235 309 361 258 44 164 481 708 533 158 237 616 194 367 447 37 514 618 633 302 440 491 348 286 43 169 400 359 600 520 319 614 116 421 572 238 533 481 693 825 84 299 336 247 417 612 676 506 703 270 592 404 524 151 204
235 590 546 65 702 497 822 264 423 432 800 312 318 310 924 290 177 220 629 340 834 782 752 800 690 572 701 887 892 616 1023 834 431 805 411 779 883 944 484 445 0 1008 671 389 657 435 427 737 702 439 382 909 686 796 487 343 661 513 704 107 422 308 874 1000 450 885 481 118 291 406 582 46 801 1018 563 764 784 360 859 897 470 938 916 667 1186 523 343 780 684 649 999 1070 875 1098 274 579 806 763 330 284
962 485 639 1011 628 532 234 959 668 652 645 709 829 752 110 736 856 957 488 718 584 417 354 390 354 466 837 555 359 413 270 321 730 338 757 735 504 268 666 575 1008 0 337 735 733 623 683 322 328 571 709 368 943 506 533 785 825 518 393 985 606 971 536 290 791 178 824 898 768 618 509 962 301 100 788 277 670 648 306 387 590 156 317 939 407 491 742 280 399 550 557 220 279 232 769 871 236 544 680 731
642 224 374 674 456 215 196 637 358 349 523 378 519 425 261 404 521 630 262 392 475 315 224 290 121 161 643 484 347 126 420 267 442 265 465 588 443 352 379 242 671 337 0 434 533 313 386 165 93 234 392 367 730 403 209 469 618 206 215 652 276 662 477 411 502 234 557 562 444 286 237 625 213 358 548 135 535 312 281 385 287 294 342 720 600 158 427 165 183 348 553 439 291 465 441 632 172 414 344 397
239 253 561 431 313 219 512 536 441 85 412 159 98 386 632 152 353 501 271 382 806 416 412 680 515 434 353 840 758 325 677 681 46 458 44 401 813 600 513 334 389 735 434 0 281 121 52 420 508 294 430 778 385 413 231 464 313 228 363 311 347 236 487 649 575 667 159 278 107 331 499 351 632 715 209 564 397 229 701 529 148 626 763 369 823 357 54 591 547 267 934 737 534 764 133 266 503 376 206 184
456 311 787 706 111 376 502 816 685 291 168 428 339 653 624 429 634 782 272 642 987 322 381 821 647 610 110 1007 880 408 575 799 235 397 249 122 971 513 751 553 657 733 533 281 0 323 268 426 625 508 685 899 210 254 401 731 92 373 350 564 577 410 289 542 833 734 191 553 388 566 692 624 745 677 106 665 141 476 811 400 314 588 870 206 673 537 335 696 699 191 1084 652 467 674 415 158 507 207 465 458
339 157 470 463 311 98 408 521 363 40 411 132 207 336 524 147 347 493 195 322 697 348 321 562 395 320 417 727 638 210 592 561 138 372 157 427 699 513 430 235 435 623 313 121 323 0 79 317 387 192 362 658 473 371 110 413 381 108 272 381 257 351 454 567 511 547 263 317 153 244 391 392 512 610 285 443 405 155 580 462 36 524 643 459 751 242 119 470 430 228 819 645 445 673 163 359 396 345 150 164
290 201 541 464 281 173 460 552 428 39 383 161 150 386 580 163 371 519 220 377 775 367 360 641 473 399 353 806 716 274 626 639 59 406 79 382 778 548 498 309 427 683 386 52 268 79 0 367 463 266 422 736 399 370 188 464 315 181 311 355 327 288 447 599 569 619 184 311 136 313 469 387 589 662 214 518 371 215 657 481 99 573 720 385 775 321 84 546 509 223 898 686 482 713 158 283 451 336 199 191
654 167 533 753 330 240 93 754 497 339 379 425 516 541 215 449 612 739 166 511 633 154 61 438 280 317 534 636 476 124 291 399 410 102 438 455 591 214 530 361 737 322 165 420 426 317 367 0 248 336 524 495 634 248 252 598 517 224 76 695 398 656 316 273 650 310 502 620 469 401 399 692 346 295 469 265 396 388 405 222 282 207 459 628 465 287 434 295 345 236 692 333 145 361 475 553 87 268 411 453
701 315 324 696 549 290 254 631 340 425 615 429 586 427 280 456 539 631 355 393 385 402 309 197 35 139 735 392 257 217 469 177 521 345 542 681 350 409 343 258 702 328 93 508 625 387 463 248 0 265 381 277 820 492 277 457 709 283 305 696 285 728 564 466 468 183 639 601 503 299 187 657 126 374 636 62 628 352 194 461 365 330 257 810 647 180 494 85 100 441 460 473 357 497 496 719 231 506 387 442
446 248 279 440 477 142 406 418 185 230 571 172 349 206 493 198 287 405 306 177 512 437 372 402 259 152 607 548 487 214 625 417 324 426 336 603 524 549 244 44 439 571 234 294 508 192 266 336 265 0 199 506 665 495 116 268 572 153 334 431 74 483 580 609 342 447 449 335 254 70 206 394 376 589 476 328 571 88 440 540 194 517 502 650 801 85 261 347 271 375 646 658 481 685 241 549 386 483 125 180
491 447 167 353 667 339 583 251 45 394 764 273 447 73 650 286 205 254 504 52 454 636 567 429 357 242 775 506 521 408 807 473 471 620 473 789 501 734 105 164 382 709 392 430 685 362 422 524 381 199 0 536 815 694 314 78 737 350 531 423 128 550 779 794 148 554 588 321 347 130 216 345 450 746 635 436 762 209 499 736 377 686 551 799 986 239 382 443 330 570 617 830 668 857 322 696 561 681 225 254
952 591 397 887 817 563 459 768 492 697 873 678 850 603 405 704 733 782 627 571 226 645 554 108 263 355 1009 189 20 493 616 100 794 574 815 947 138 583 450 481 909 368 367 778 899 658 736 495 277 506 536 0 1097 741 548 599 985 558 564 926 494 988 802 627 552 212 915 824 759 512 327 867 154 461 913 235 890 594 90 674 639 472 51 1087 771 427 758 204 236 712 202 582 556 598 747 996 441 763 630 685
454 507 941 745 317 549 712 895 825 434 337 543 391 769 833 534 716 855 476 767 1166 530 591 1013 839 787 113 1192 1077 604 775 997 345 606 342 247 1159 717 896 708 686 943 730 385 210 473 399 634 820 665 815 1097 0 454 571 847 118 550 559 580 726 385 470 741 959 940 229 606 477 712 863 664 944 885 189 864 306 612 1011 599 478 796 1071 19 854 710 435 895 886 399 1275 853 675 875 505 119 716 409 591 566
642 246 744 830 144 356 293 887 678 365 140 502 503 688 400 516 717 862 190 666 877 97 187 685 523 534 342 883 723 305 322 646 379 174 405 229 839 263 727 533 796 506 403 413 254 371 370 248 492 495 694 741 454 0 380 759 341 343 189 724 568 616 85 288 835 547 409 679 505 564 620 755 594 436 341 512 165 507 652 147 341 352 703 454 428 481 454 542 586 147 940 399 228 421 523 410 306 47 515 535
433 134 389 502 362 26 335 516 301 150 455 178 311 309 441 203 362 497 191 286 595 330 276 452 285 215 504 622 528 129 542 451 247 330 267 490 591 463 359 158 487 533 209 231 401 110 188 252 277 116 314 548 571 380 0 379 471 37 232 453 190 454 466 521 458 443 370 372 236 184 292 441 402 533 382 335 455 138 470 438 94 452 533 558 711 139 219 361 321 258 711 584 393 612 236 461 319 367 159 203
487 513 210 304 723 403 659 175 117 440 822 306 466 79 727 313 175 184 569 93 495 705 639 494 433 320 815 550 585 480 883 542 508 693 506 840 551 809 150 237 343 785 469 464 731 413 464 598 457 268 78 599 847 759 379 0 776 415 602 402 200 552 844 870 120 629 618 306 370 199 288 312 523 824 672 512 817 259 568 808 432 764 617 830 1062 315 413 518 402 630 663 908 743 934 344 727 638 743 266 281
442 395 851 715 200 448 594 844 742 345 234 470 346 698 715 465 662 807 360 691 1064 413 473 903 729 685 41 1087 965 492 662 885 269 489 274 157 1052 602 811 616 661 825 618 313 92 381 315 517 709 572 737 985 118 341 471 776 0 446 441 561 638 385 365 628 884 824 180 567 416 625 764 633 831 768 105 751 204 529 898 487 380 679 958 114 751 610 367 782 779 282 1167 740 558 762 443 97 599 295 513 496
444 97 421 531 328 16 311 551 337 143 419 201 315 346 422 225 395 531 154 323 617 294 244 466 295 238 478 642 538 106 512 459 238 298 260 458 609 433 393 194 513 518 206 228 373 108 181 224 283 153 350 558 550 343 37 415 446 0 198 473 226 459 429 490 494 439 357 396 250 221 319 468 409 512 362 337 421 172 477 403 82 428 540 538 680 165 225 365 337 223 727 557 363 585 254 442 297 331 190 229
601 116 563 726 256 214 160 747 509 288 311 393 461 538 284 414 593 729 97 511 689 107 49 500 335 349 459 697 545 125 320 466 349 101 377 383 654 241 551 367 704 393 215 363 350 272 311 76 305 334 531 564 559 189 232 602 441 198 0 653 403 597 266 296 666 385 432 586 425 403 435 660 413 356 395 331 326 370 475 207 237 265 530 552 482 304 385 362 397 160 759 375 173 402 435 479 159 201 388 423
128 538 590 171 619 458 784 359 460 369 715 276 228 351 893 250 226 314 570 375 876 721 702 818 690 577 601 926 908 579 973 844 348 753 325 687 916 894 528 447 107 985 652 311 564 381 355 695 696 431 423 926 580 724 453 402 561 473 653 0 432 201 798 947 518 877 382 103 228 414 602 102 806 984 466 759 696 344 868 835 417 901 928 562 1128 517 273 779 694 578 1035 1026 826 1054 220 476 770 687 310 256
467 322 215 412 550 216 461 361 112 293 644 204 388 148 537 227 254 353 379 116 469 508 439 386 269 151 674 511 476 280 684 414 382 493 390 675 493 610 174 37 422 606 276 347 577 257 327 398 285 74 128 494 726 568 190 200 638 226 403 432 0 513 653 670 268 467 505 330 288 18 172 378 380 635 540 346 644 120 438 609 264 569 497 711 862 118 307 360 263 448 615 712 543 738 269 609 440 557 151 200
74 489 709 372 488 447 748 548 577 320 574 312 143 485 869 287 387 504 502 498 982 638 645 884 731 634 422 1024 969 559 904 895 249 688 221 527 1004 828 651 514 308 971 662 236 410 351 288 656 728 483 550 988 385 616 454 552 385 459 597 201 513 0 678 875 672 896 219 257 229 495 683 296 850 950 304 787 550 398 917 747 381 861 979 367 1040 561 235 813 753 480 1126 968 765 995 244 292 740 573 364 313
710 332 827 910 191 441 344 971 763 446 134 585 574 773 436 598 801 946 275 751 949 163 255 753 596 615 357 951 784 387 315 709 451 227 476 226 906 274 811 618 874 536 477 487 289 454 447 316 564 580 779 802 470 85 466 844 365 429 266 798 653 678 0 281 920 600 465 758 583 649 700 834 658 455 388 578 165 593 713 150 425 379 761 473 386 564 531 607 660 227 1002 395 260 413 603 447 361 111 599 618
888 411 783 1021 431 506 215 1027 764 580 410 688 746 814 222 710 883 1013 379 784 818 237 248 612 500 572 628 803 613 397 34 553 627 195 655 504 753 60 789 633 1000 290 411 649 542 567 599 273 466 609 794 627 741 288 521 870 628 490 296 947 670 875 281 0 913 415 684 882 719 674 645 955 512 194 624 449 440 659 547 142 532 154 578 741 192 556 676 469 564 397 827 114 128 134 730 697 239 334 680 718
606 590 158 404 815 484 698 230 157 542 911 416 583 192 748 426 292 258 647 193 411 772 697 455 438 342 922 470 541 541 923 513 617 749 617 937 481 853 126 302 450 791 502 575 833 511 569 650 468 342 148 552 959 835 458 120 884 494 666 518 268 672 920 913 0 622 731 424 486 274 282 424 505 842 781 513 909 357 538 868 525 792 579 942 1102 364 525 512 392 715 583 937 790 962 459 840 675 825 371 394
875 441 467 879 641 450 256 804 512 582 684 606 753 606 193 633 721 808 464 572 412 451 364 213 199 318 843 391 198 348 405 145 673 375 697 764 340 372 500 440 885 178 234 667 734 547 619 310 183 447 554 212 940 547 443 629 824 439 385 877 467 896 600 415 622 0 784 783 677 481 344 840 122 259 765 121 704 533 134 466 520 260 165 932 566 362 661 112 230 543 414 378 348 396 672 850 241 575 568 622
267 345 720 535 274 352 592 671 600 222 355 315 168 540 716 305 490 632 337 539 959 448 476 822 652 583 220 990 895 435 716 816 125 510 115 309 961 644 672 491 481 824 557 159 191 263 184 502 639 449 588 915 229 409 370 618 180 357 432 382 505 219 465 684 731 784 0 388 248 490 653 453 765 787 86 691 331 388 834 549 277 695 896 212 837 505 206 720 691 289 1081 786 587 811 276 110 589 364 364 337
186 472 488 154 590 381 707 294 357 314 690 195 220 250 811 172 133 251 511 272 774 664 635 716 592 477 607 823 807 500 906 743 321 687 304 675 813 826 426 348 118 898 562 278 553 317 311 620 601 335 321 824 606 679 372 306 567 396 586 103 330 257 758 882 424 783 388 0 175 313 499 76 707 904 465 663 675 251 768 779 352 823 827 588 1067 421 228 682 593 533 932 954 757 981 156 493 691 647 218 169
198 309 494 328 416 237 559 429 366 142 517 84 102 294 672 63 247 394 343 296 757 495 474 655 504 405 457 797 740 356 745 667 153 524 143 508 776 666 440 286 291 768 444 107 388 153 136 469 503 254 347 759 477 505 236 370 416 250 425 228 288 229 583 719 486 677 248 175 0 270 455 250 623 761 311 564 503 170 689 609 188 675 751 460 901 332 54 588 523 358 898 798 597 826 27 358 546 472 137 94
448 317 230 397 542 210 467 354 120 280 637 187 371 141 547 209 241 345 374 110 487 507 440 404 284 166 662 529 494 282 689 431 367 494 375 666 511 614 186 43 406 618 286 331 566 244 313 401 299 70 130 512 712 564 184 199 625 221 403 414 18 495 649 674 274 481 490 313 270 0 191 362 396 644 526 360 636 103 455 609 253 576 514 697 866 127 291 375 280 441 633 718 546 745 251 594 447 552 133 182
639 394 138 562 640 316 430 463 172 431 723 372 554 278 468 396 407 470 448 245 307 541 455 218 156 86 796 342 310 315 652 257 527 500 541 772 321 587 157 169 582 509 237 499 692 391 469 399 187 206 216 327 863 620 292 288 764 319 435 602 172 683 700 645 282 344 653 499 455 191 0 541 235 561 673 232 730 285 283 621 385 516 336 849 831 154 467 233 115 531 443 659 528 684 439 750 406 622 319 371
222 545 511 82 664 452 776 257 385 390 764 267 287 272 878 246 140 212 586 301 799 739 708 759 646 528 673 851 850 570 978 791 394 760 376 746 845 899 448 400 46 962 625 351 624 392 387 692 657 394 345 867 664 755 441 312 633 468 660 102 378 296 834 955 424 840 453 76 250 362 541 0 758 972 533 719 748 314 816 853 426 893 874 646 1141 478 303 736 641 608 962 1025 830 1053 232 555 760 723 284 239
819 437 348 788 664 415 322 697 407 550 723 545 709 508 297 572 631 704 474 474 306 499 406 101 119 230 856 297 134 339 507 54 646 432 667 794 249 462 386 359 801 301 213 632 745 512 589 346 126 376 450 154 944 594 402 523 831 409 413 806 380 850 658 512 505 122 765 707 623 396 235 758 0 375 760 82 739 464 69 538 490 361 131 934 677 292 617 51 121 558 347 490 424 510 613 844 302 613 500 556
948 461 696 1026 568 526 203 994 709 634 573 710 811 783 97 735 876 988 452 749 671 355 310 471 405 506 775 646 451 406 171 404 703 281 731 665 595 182 717 600 1018 100 358 715 677 610 662 295 374 589 746 461 885 436 533 824 768 512 356 984 635 950 455 194 842 259 787 904 761 644 561 972 375 0 741 334 600 659 392 305 576 91 410 882 310 517 728 345 459 502 654 122 210 137 765 822 214 478 688 735
353 326 754 615 199 360 554 740 641 247 272 366 245 594 678 361 557 703 304 588 977 392 434 826 653 598 145 1003 893 422 656 813 165 461 169 223 971 588 711 520 563 788 548 209 106 285 214 469 636 476 635 913 189 341 382 672 105 362 395 466 540 304 388 624 781 765 86 465 311 526 673 533 760 741 0 683 247 428 828 485 288 651 889 176 767 521 262 713 698 240 1088 730 536 754 339 85 554 294 410 392
762 358 363 757 583 345 248 686 394 480 641 490 645 486 246 518 600 688 393 451 376 418 325 175 79 197 775 374 216 261 448 136 575 353 597 712 327 395 389 319 764 277 135 564 665 443 518 265 62 328 436 235 864 512 335 512 751 337 331 759 346 787 578 449 513 121 691 663 564 360 232 719 82 334 683 0 657 414 147 463 419 303 207 855 622 242 553 31 124 477 428 441 351 464 557 767 226 531 450 505
593 336 841 829 94 429 454 921 755 383 31 527 468 741 564 533 741 890 282 725 1008 257 340 825 656 644 193 1020 871 421 474 792 354 336 373 65 978 423 814 614 784 670 535 397 141 405 371 396 628 571 762 890 306 165 455 817 204 421 326 696 644 550 165 440 909 704 331 675 503 636 730 748 739 600 247 657 0 558 800 301 386 516 855 309 549 580 449 688 714 199 1085 554 393 574 527 292 464 130 555 559
358 266 332 368 464 157 467 380 214 185 563 87 270 183 564 112 224 359 319 167 587 465 414 488 347 239 567 627 575 263 679 506 266 469 273 582 606 600 285 116 360 648 312 229 476 155 215 388 352 88 209 594 612 507 138 259 529 172 370 344 120 398 593 659 357 533 388 251 170 103 285 314 464 659 428 414 558 0 529 575 173 582 590 596 850 173 188 435 358 373 728 719 531 746 154 493 450 488 36 91
885 504 380 843 728 484 371 741 454 619 784 611 776 560 326 638 687 751 539 527 279 556 465 89 186 291 922 257 72 407 538 26 715 486 736 857 206 501 425 421 859 306 281 701 811 580 657 405 194 440 499 90 1011 652 470 568 898 477 475 868 438 917 713 547 538 134 834 768 689 455 283 816 69 392 828 147 800 529 0 587 559 393 63 1001 700 357 684 116 175 623 290 512 470 529 679 912 353 673 565 620
765 311 755 924 290 418 216 953 712 467 272 590 624 744 291 608 796 934 267 718 839 114 170 637 495 539 487 835 657 328 175 587 502 120 529 366 787 124 750 572 897 387 385 529 400 462 481 222 461 540 736 674 599 147 438 808 487 403 207 835 609 747 150 142 868 466 549 779 609 609 621 853 538 305 485 463 301 575 587 0 428 231 630 599 295 504 562 490 560 266 876 254 118 275 623 556 237 193 590 621
373 121 473 497 291 75 373 547 373 63 390 163 239 356 490 181 377 521 161 339 689 314 286 545 376 310 414 717 619 178 557 541 156 337 178 413 686 478 437 238 470 590 287 148 314 36 99 282 365 194 377 639 478 341 94 432 380 82 237 417 264 381 425 532 525 520 277 352 188 253 385 426 490 576 288 419 386 173 559 428 0 489 621 464 716 233 153 447 414 201 805 610 409 637 198 366 362 318 175 196
861 373 653 950 480 443 117 930 652 546 490 629 722 717 68 653 803 921 362 684 666 267 219 461 364 451 688 649 459 323 146 399 613 191 641 581 599 116 667 533 938 156 294 626 588 524 573 207 330 517 686 472 796 352 452 764 679 428 265 901 569 861 379 154 792 260 695 823 675 576 516 893 361 91 651 303 516 582 393 231 489 0 424 793 320 451 641 321 423 411 673 145 124 171 681 731 133 392 609 655
947 565 421 898 785 546 417 789 506 681 837 673 839 615 356 699 743 801 598 581 275 607 517 124 249 352 981 240 46 467 566 84 777 534 799 913 189 536 471 481 916 317 342 763 870 643 720 459 257 502 551 51 1071 703 533 617 958 540 530 928 497 979 761 578 579 165 896 827 751 514 336 874 131 410 889 207 855 590 63 630 621 424 0 1061 721 419 747 176 234 681 249 532 512 547 741 973 400 727 626 681
435 497 926 726 314 537 707 877 809 420 340 527 373 752 829 517 698 837 468 750 1153 527 585 1001 828 774 116 1180 1067 594 775 987 330 603 325 252 1147 715 881 693 667 939 720 369 206 459 385 628 810 650 799 1087 19 454 558 830 114 538 552 562 711 367 473 741 942 932 212 588 460 697 849 646 934 882 176 855 309 596 1001 599 464 793 1061 0 858 697 418 885 874 392 1264 853 672 874 487 103 710 408 575 549
1060 596 969 1209 568 695 405 1219 955 759 518 875 919 1006 379 896 1074 1205 558 976 978 407 436 775 682 761 742 956 761 589 180 711 796 382 824 607 905 252 978 825 1186 407 600 823 673 751 775 465 647 801 986 771 854 428 711 1062 751 680 482 1128 862 1040 386 192 1102 566 837 1067 901 866 831 1141 677 310 767 622 549 850 700 295 716 320 721 858 0 747 855 639 743 560 964 189 320 175 914 832 428 474 870 906
527 245 264 520 489 162 345 479 210 283 575 254 423 266 420 280 365 471 301 234 456 411 334 325 174 78 642 485 407 179 569 335 380 385 397 620 457 495 248 84 523 491 158 357 537 242 321 287 180 85 239 427 710 481 139 315 610 165 304 517 118 561 564 556 364 362 505 421 332 127 154 478 292 517 521 242 580 173 357 504 233 451 419 697 747 0 332 262 192 380 577 594 430 621 322 599 323 478 209 264
221 270 519 382 362 213 526 481 396 97 462 109 92 335 642 99 299 447 298 333 772 448 434 657 498 408 407 809 739 328 703 664 100 482 94 454 785 624 469 299 343 742 427 54 335 119 84 434 494 261 382 758 435 454 219 413 367 225 385 273 307 235 531 676 525 661 206 228 54 291 467 303 617 728 262 553 449 188 684 562 153 641 747 418 855 332 0 579 524 307 907 759 557 787 79 315 515 420 160 131
785 388 359 771 613 373 274 693 400 508 672 513 671 496 260 540 614 696 424 462 351 447 355 147 90 209 806 346 185 291 467 105 603 381 625 743 299 418 389 336 780 280 165 591 696 470 546 295 85 347 443 204 895 542 361 518 782 365 362 779 360 813 607 469 512 112 720 682 588 375 233 736 51 345 713 31 688 435 116 490 447 321 176 885 639 262 579 0 120 508 398 456 377 477 580 797 253 562 470 526
716 389 239 669 631 339 354 577 286 470 703 443 615 388 369 469 512 584 435 354 293 497 405 133 65 119 807 309 217 295 566 150 568 443 586 764 273 508 270 247 684 399 183 547 699 430 509 345 100 271 330 236 886 586 321 402 779 337 397 694 263 753 660 564 392 230 691 593 523 280 115 641 121 459 698 124 714 358 175 560 414 423 234 874 743 192 524 120 0 521 391 564 457 587 511 779 330 596 394 449
501 137 642 684 110 232 316 748 560 219 196 359 360 556 440 371 575 721 86 537 814 160 195 638 465 446 300 829 692 226 428 612 236 222 264 243 790 355 617 417 649 550 348 267 191 228 223 236 441 375 570 712 399 147 258 630 282 223 160 578 448 480 227 397 715 543 289 533 358 441 531 608 558 502 240 477 199 373 623 266 201 411 681 392 560 380 307 508 521 0 900 497 298 522 377 321 318 117 376 392
1081 773 454 966 1008 730 661 813 577 859 1069 815 995 690 605 839 822 837 815 662 173 844 753 263 438 500 1194 113 219 677 814 294 957 775 974 1139 122 785 516 612 999 557 553 934 1084 819 898 692 460 646 617 202 1275 940 711 663 1167 727 759 1035 615 1126 1002 827 583 414 1081 932 898 633 443 962 347 654 1088 428 1085 728 290 876 805 673 249 1264 964 577 907 398 391 900 0 776 759 789 882 1169 643 959 762 814
976 489 797 1086 541 573 252 1072 796 663 524 758 835 859 195 782 941 1062 466 827 790 338 326 588 506 596 741 767 572 456 81 523 719 280 747 618 716 142 812 676 1070 220 439 737 652 645 686 333 473 658 830 582 853 399 584 908 740 557 375 1026 712 968 395 114 937 378 786 954 798 718 659 1025 490 122 730 441 554 719 512 254 610 145 532 853 189 594 759 456 564 497 776 0 204 28 807 805 272 445 743 786
773 288 666 894 358 379 104 899 639 460 367 563 632 686 176 585 755 885 263 656 728 145 123 524 392 452 565 721 540 269 149 471 516 77 544 457 672 70 668 506 875 279 291 534 467 445 482 145 357 481 668 556 675 228 393 743 558 363 173 826 543 765 260 128 790 348 587 757 597 546 528 830 424 210 536 351 393 531 470 118 409 124 512 672 320 430 557 377 457 298 759 204 0 230 607 615 127 268 553 592
1003 517 821 1113 564 601 280 1099 822 690 544 786 862 886 218 809 969 1090 493 854 808 363 353 607 530 621 762 784 588 484 100 541 746 307 774 638 732 167 837 703 1098 232 465 764 674 673 713 361 497 685 857 598 875 421 612 934 762 585 402 1054 738 995 413 134 962 396 811 981 826 745 684 1053 510 137 754 464 574 746 529 275 637 171 547 874 175 621 787 477 587 522 789 28 230 0 834 829 299 467 771 814
206 320 471 307 439 239 564 402 343 158 540 69 125 267 675 43 220 367 356 271 738 509 484 642 495 392 484 780 728 360 755 657 179 535 170 534 760 676 417 270 274 769 441 133 415 163 158 475 496 241 322 747 505 523 236 344 443 254 435 220 269 244 603 730 459 672 276 156 27 251 439 232 613 765 339 557 527 154 679 623 198 681 741 487 914 322 79 580 511 377 882 807 607 834 0 386 551 492 119 71
354 410 824 636 267 440 637 779 706 319 321 424 275 649 761 414 599 740 388 647 1055 470 517 908 735 676 131 1083 976 506 730 896 227 541 222 252 1051 665 778 592 579 871 632 266 158 359 283 553 719 549 696 996 119 410 461 727 97 442 479 476 609 292 447 697 840 850 110 493 358 594 750 555 844 822 85 767 292 493 912 556 366 731 973 103 832 599 315 797 779 321 1169 805 615 829 386 0 638 364 472 446
735 251 544 817 407 312 24 801 529 421 443 497 599 587 129 521 670 790 253 556 603 209 127 400 266 333 614 598 424 191 248 351 496 134 523 526 550 180 551 404 806 236 172 503 507 396 451 87 231 386 561 441 716 306 319 638 599 297 159 770 440 740 361 239 675 241 589 691 546 447 406 760 302 214 554 226 464 450 353 237 362 133 400 710 428 323 515 253 330 318 643 272 127 299 551 638 0 335 476 522
602 236 742 799 97 342 324 865 668 336 110 476 464 670 436 488 692 838 179 650 889 128 210 701 535 536 298 898 744 307 368 666 340 207 366 192 855 307 721 524 763 544 414 376 207 345 336 268 506 483 681 763 409 47 367 743 295 331 201 687 557 573 111 334 825 575 364 647 472 552 622 723 613 478 294 531 130 488 673 193 318 392 727 408 474 478 420 562 596 117 959 445 268 467 492 364 335 0 493 509
322 279 359 342 461 174 493 372 236 174 562 54 238 188 594 76 206 347 329 178 620 479 433 524 383 275 551 661 611 287 701 542 246 488 249 575 641 622 309 151 330 680 344 206 465 150 199 411 387 125 225 630 591 515 159 266 513 190 388 310 151 364 599 680 371 568 364 218 137 133 319 284 500 688 410 450 555 36 565 590 175 609 626 575 870 209 160 470 394 376 762 743 553 771 119 472 476 493 0 55
268 311 401 303 468 213 538 362 272 176 569 33 195 203 642 32 184 331 356 203 669 508 470 579 438 330 536 711 666 332 740 597 228 524 225 573 693 661 347 204 284 731 397 184 458 164 191 453 442 180 254 685 566 535 203 281 496 229 423 256 200 313 618 718 394 622 337 169 94 182 371 239 556 735 392 505 559 91 620 621 196 655 681 549 906 264 131 526 449 392 814 786 592 814 71 446 522 509 55 0
