# TTSP Euclidean complete-graph matrix instance
# seed: 2058
# depot: 1
# L_max is not stored in this file; pass it with --budget when running algorithms.
# coordinate rows: node x y
# coord 1 152.684510 992.951124
# coord 2 112.277789 854.857107
# coord 3 407.720221 216.035984
# coord 4 317.601943 217.099515
# coord 5 448.829765 587.351288
# coord 6 493.899742 432.569830
# coord 7 20.063755 258.940754
# coord 8 6.065573 695.396187
# coord 9 700.520179 24.881559
# coord 10 210.732750 542.763141
# coord 11 351.974568 78.388815
# coord 12 247.727994 517.364968
# coord 13 386.974941 296.070219
# coord 14 496.350557 148.260362
# coord 15 302.844301 101.560510
# coord 16 370.723057 191.479889
# coord 17 101.369606 698.314527
# coord 18 875.352449 289.138949
# coord 19 642.641786 268.274149
# coord 20 841.850589 686.982516
# coord 21 906.602179 299.955934
# coord 22 510.702814 901.796377
# coord 23 324.284332 131.487507
# coord 24 329.745662 208.554172
# coord 25 966.502133 318.903499
# coord 26 193.980220 676.711681
# coord 27 527.251964 149.294430
# coord 28 971.779512 39.860751
# coord 29 346.259870 583.453847
# coord 30 676.747393 714.560397
# coord 31 685.920612 921.649563
# coord 32 648.128551 609.504489
# coord 33 588.319244 40.640120
# coord 34 752.278651 888.574478
# coord 35 48.909490 421.848003
# coord 36 460.057089 825.197822
# coord 37 899.113263 733.637332
# coord 38 777.005697 357.326669
# coord 39 836.439553 785.529783
# coord 40 915.584064 683.157742
# coord 41 712.734449 750.043115
# coord 42 539.141361 585.835356
# coord 43 697.832760 547.335965
# coord 44 5.862880 817.277779
# coord 45 913.691250 893.666258
# coord 46 746.861885 855.642708
# coord 47 531.161397 242.003256
# coord 48 875.347834 130.646168
# coord 49 140.412466 590.707574
# coord 50 974.047426 256.834413
# coord 51 816.849369 45.556072
# coord 52 688.982339 656.861283
# coord 53 807.290105 156.609491
# coord 54 319.946623 225.585417
# coord 55 369.046967 110.945833
# coord 56 612.628965 951.848438
# coord 57 244.938454 895.274249
# coord 58 976.635489 31.067732
# coord 59 363.881863 318.098302
# coord 60 428.711189 572.244970
# coord 61 60.113570 581.880666
# coord 62 584.068262 587.158858
# coord 63 992.345694 868.937456
# coord 64 726.554008 227.497131
# coord 65 299.712248 48.771374
# coord 66 172.046874 779.200998
# coord 67 582.802346 566.381121
# coord 68 576.534078 76.923164
# coord 69 407.919562 875.038148
# coord 70 281.713561 113.763935
# coord 71 540.328657 236.330832
# coord 72 791.097764 639.581793
# coord 73 808.397952 644.675260
# coord 74 396.637652 450.659269
# coord 75 658.140372 716.258453
# coord 76 966.713202 617.285389
# coord 77 437.653214 638.838248
# coord 78 380.763360 239.965280
# coord 79 79.158632 177.025155
# coord 80 127.069671 969.398718
# coord 81 71.376224 402.266932
# coord 82 621.450110 73.259350
# coord 83 537.560455 979.007212
# coord 84 100.121626 890.633554
# coord 85 919.594626 382.779121
# coord 86 21.759169 504.640372
# coord 87 265.097605 911.851254
# coord 88 475.561398 254.280596
# coord 89 764.599188 430.458489
# coord 90 328.814574 160.961161
# coord 91 884.230536 525.691280
# coord 92 397.483772 196.567962
# coord 93 425.230862 279.618870
# coord 94 211.221600 420.269781
# coord 95 556.556154 256.572340
# coord 96 293.861884 817.134087
# coord 97 180.741260 834.109814
# coord 98 689.327122 737.415942
# coord 99 579.943613 594.634749
# coord 100 31.798244 945.829253
# reference_nearest_neighbor_tour_cost: 9397
TTSP_MATRIX
100
0 78 23 70 86 62 25 100 89 90 34 21 11 100 28 18 9 92 90 71 3 69 100 13 80 90 92 21 57 8 59 78 74 78 48 32 21 8 12 56 4 8 74 40 46 96 71 33 81 8 89 26 4 96 26 32 48 80 28 24 36 87 52 4 79 59 19 73 65 74 42 87 59 98 68 19 56 31 16 32 35 90 59 24 75 1 87 54 63 49 80 31 1 45 51 98 80 84 6 83
0 144 818 793 502 656 746 332 1112 454 936 485 735 912 904 831 299 1009 875 754 1024 369 878 804 1057 319 923 1257 453 593 538 626 1047 609 580 350 790 891 715 823 610 561 704 229 767 610 841 1125 402 1103 1157 633 1062 785 908 462 134 1267 707 503 421 592 849 957 956 215 606 1009 281 889 850 730 742 595 576 897 455 787 819 35 596 1032 385 115 980 506 139 806 831 850 868 833 764 576 840 225 161 594 584 130
144 0 704 670 430 569 603 192 1017 327 813 364 623 804 777 712 157 950 791 749 969 401 754 682 1008 196 819 1184 358 582 578 589 943 641 438 349 796 830 727 821 610 505 661 113 802 635 742 1052 266 1049 1073 610 985 663 787 510 139 1194 593 424 278 542 880 878 828 96 552 906 296 760 752 712 727 494 563 887 391 671 679 115 454 933 443 38 935 362 163 702 778 727 839 717 655 446 745 185 72 589 535 121
818 704 0 90 374 233 390 625 350 382 149 341 83 112 155 44 571 473 241 641 506 693 119 78 568 508 137 591 373 566 758 461 252 756 414 611 714 395 713 690 615 392 440 723 846 724 126 475 460 568 443 523 404 88 112 764 698 598 111 357 505 411 876 319 199 610 392 219 659 162 134 571 587 235 559 688 424 36 331 804 384 257 774 741 538 482 710 78 416 96 568 22 66 283 154 612 658 593 416 821
793 670 90 0 393 278 300 571 428 343 143 308 105 192 116 59 528 562 329 704 595 711 86 15 657 476 220 678 367 614 795 513 323 800 338 625 778 480 770 758 663 430 504 676 902 769 215 564 413 658 528 576 493 9 118 792 682 685 111 372 447 456 938 409 169 581 439 294 664 109 224 635 651 247 604 763 438 67 242 776 308 336 793 708 624 413 697 162 495 57 645 82 124 229 242 601 632 639 460 783
502 430 374 393 0 161 540 456 616 242 518 213 298 442 507 404 365 520 373 405 541 320 473 397 583 270 445 757 103 261 410 201 564 428 433 238 473 401 435 476 310 90 252 499 557 401 355 625 308 621 655 250 560 384 483 400 369 767 282 25 389 135 612 455 559 337 136 526 291 502 363 346 364 146 246 519 53 354 552 499 420 542 402 462 513 435 373 334 353 443 440 394 309 290 348 277 364 283 131 550
656 569 233 278 161 0 505 554 457 304 382 260 173 284 382 271 474 408 222 431 433 470 346 278 486 387 285 619 211 336 525 235 403 524 445 394 505 293 492 491 386 160 234 621 624 493 194 486 387 511 504 297 418 270 345 533 525 628 173 154 459 179 662 310 430 473 161 365 451 383 202 362 379 99 328 508 214 223 487 650 424 381 548 604 429 478 531 179 271 318 401 255 168 283 187 433 509 362 183 691
746 603 390 300 540 505 0 437 720 342 378 344 369 489 324 357 447 856 623 927 887 809 330 314 948 453 519 977 460 799 939 719 609 966 165 717 999 763 971 991 849 613 737 559 1096 940 511 865 353 954 825 778 794 302 379 912 675 983 349 515 325 653 1148 707 350 542 641 585 728 299 521 860 878 423 785 1012 565 361 101 718 152 629 887 637 908 246 697 456 764 324 904 383 406 250 536 622 597 823 653 687
332 192 625 571 456 554 437 0 965 255 707 300 552 735 664 622 95 960 767 836 984 545 647 585 1032 189 755 1167 358 671 717 648 876 771 277 472 894 842 835 910 709 544 707 122 929 758 694 1037 170 1063 1039 684 966 565 688 659 311 1176 520 440 126 588 1001 859 710 186 591 841 440 644 704 787 804 461 652 964 435 590 523 300 300 875 602 217 966 191 338 644 803 624 894 634 590 343 704 312 223 685 583 252
1112 1017 350 428 616 457 720 965 0 713 353 669 415 239 405 369 901 317 250 677 344 897 391 414 396 826 213 272 661 690 897 587 113 865 763 836 736 341 773 693 725 584 522 1054 895 832 275 204 796 359 118 632 170 430 342 931 982 276 446 611 849 574 893 204 402 921 554 134 899 428 265 621 629 523 693 649 668 385 640 1105 734 93 968 1054 420 831 988 321 411 396 533 348 375 629 273 891 962 713 582 1138
454 327 382 343 242 304 342 255 713 0 485 45 303 487 451 386 190 711 512 647 737 468 427 355 788 135 505 912 142 497 608 442 628 643 202 377 714 596 671 719 543 331 487 343 786 621 439 782 85 815 784 492 711 335 460 573 354 921 272 220 156 376 847 605 502 240 373 592 386 435 450 588 606 207 480 760 246 347 389 435 198 624 545 365 727 193 373 392 565 400 674 393 339 122 449 287 293 517 373 441
936 813 149 143 518 382 378 707 353 485 0 451 220 160 54 115 669 564 347 781 597 839 60 132 660 619 189 621 505 714 907 608 239 904 458 755 854 508 857 827 762 541 583 816 990 872 243 526 554 647 466 669 462 151 37 912 824 626 240 500 582 559 1017 403 60 724 540 225 799 79 246 713 727 375 708 818 567 164 290 919 429 270 920 850 644 539 838 215 542 86 695 127 214 370 271 741 775 740 564 925
485 364 341 308 213 260 344 300 669 45 451 0 261 445 419 348 233 668 467 618 694 466 393 320 746 168 462 867 119 472 596 411 586 626 221 374 686 553 647 688 520 299 451 385 765 603 395 737 130 772 739 463 666 301 424 567 378 876 231 189 198 344 823 560 471 273 339 550 392 405 406 557 575 163 456 726 225 308 380 468 211 580 545 401 685 226 395 348 524 366 637 354 297 104 404 303 324 493 341 480
735 623 83 105 298 173 369 552 415 303 220 261 0 184 212 106 493 488 257 600 520 618 176 105 580 427 203 638 290 509 693 408 325 696 361 534 674 395 665 655 559 327 400 646 797 665 154 516 384 588 498 471 443 97 186 694 616 646 32 279 434 352 833 346 262 529 334 290 579 211 165 530 547 155 500 663 346 56 330 722 333 323 699 660 540 421 628 98 401 147 548 100 42 215 174 529 576 535 355 740
912 804 112 192 442 284 489 735 239 487 160 445 184 0 199 133 677 404 189 640 437 754 173 177 500 609 31 488 460 594 796 486 142 783 524 678 711 350 722 680 640 440 447 830 854 750 100 379 568 490 337 544 311 193 133 812 788 494 215 429 615 448 875 243 220 709 427 107 732 217 98 573 586 318 591 664 494 148 418 900 495 146 832 841 484 594 798 108 389 168 541 110 149 394 124 699 755 620 454 923
904 777 155 116 507 382 324 664 405 451 54 419 212 199 0 113 630 602 378 796 636 827 37 110 698 585 229 672 484 718 905 614 292 906 409 741 869 539 867 845 767 539 596 775 1000 875 268 573 515 689 517 676 507 125 67 905 796 677 225 487 538 561 1032 442 53 690 543 275 781 24 273 727 742 361 710 841 554 159 236 885 379 320 908 815 678 491 811 231 567 65 720 134 216 332 297 716 743 744 566 887
831 712 44 59 404 271 357 622 369 386 115 348 106 133 113 0 574 514 283 684 547 724 76 44 609 516 162 620 393 606 795 502 265 795 396 640 757 439 755 734 655 429 483 724 888 763 168 508 461 607 469 564 438 61 81 798 715 627 127 385 499 450 919 358 159 620 431 236 685 118 175 614 630 260 598 732 452 50 292 815 366 277 805 750 581 469 728 122 461 52 613 27 104 279 197 630 670 632 454 827
299 157 571 528 365 474 447 95 901 190 669 233 493 677 630 574 0 875 691 741 898 457 609 540 945 95 695 1091 270 576 626 554 818 678 281 380 799 757 740 814 614 452 615 153 835 664 627 960 114 978 969 589 890 521 645 571 244 1101 462 351 124 495 907 783 679 107 499 782 354 612 637 692 709 385 557 869 342 537 522 272 298 813 519 192 877 209 269 581 715 584 802 583 529 299 634 226 157 589 490 257
1009 950 473 562 520 408 856 960 317 711 564 668 488 404 602 514 875 0 234 399 33 713 573 552 96 784 375 267 605 469 660 393 380 612 837 678 445 120 498 396 489 448 313 1017 606 581 347 158 794 104 251 412 149 559 537 713 875 277 512 529 866 417 591 161 624 857 403 367 750 619 339 360 362 505 479 341 560 497 804 1011 812 333 768 981 104 880 872 401 180 561 237 487 450 677 320 785 883 485 425 1069
875 791 241 329 373 222 623 767 250 512 347 467 257 189 378 283 691 234 0 464 266 647 346 319 328 607 166 401 433 448 655 341 234 630 613 586 531 161 552 497 487 334 284 841 682 597 115 270 597 332 283 391 199 326 316 684 742 410 283 372 662 324 695 93 407 695 304 202 651 393 107 400 411 306 448 476 423 263 571 870 587 196 718 826 300 664 746 168 203 332 353 255 218 457 87 650 730 471 332 912
754 749 641 704 405 431 927 836 677 647 781 618 600 640 796 684 741 399 464 0 392 395 759 701 389 648 623 660 506 167 282 209 694 221 836 406 74 336 99 74 144 319 201 846 219 194 543 557 708 450 642 156 531 697 745 350 632 670 604 429 789 276 236 474 837 676 286 665 473 801 542 69 54 504 186 143 407 642 917 769 821 652 422 769 314 840 619 567 268 735 167 662 583 685 516 563 677 161 278 850
1024 969 506 595 541 433 887 984 344 737 597 694 520 437 636 547 898 33 266 392 0 720 606 584 63 806 408 268 628 474 660 403 411 609 866 689 434 142 491 383 490 466 324 1039 594 578 380 172 820 80 270 418 174 591 570 715 890 278 543 550 892 432 575 194 657 877 419 398 761 652 372 359 358 532 485 323 579 529 837 1028 841 364 773 1000 84 908 887 433 193 594 227 520 482 706 353 802 901 488 440 1087
369 401 693 711 320 470 809 545 897 468 839 466 618 754 827 724 457 713 647 395 720 0 793 716 740 389 753 978 358 250 176 323 865 242 666 92 423 606 346 460 253 317 401 512 403 241 660 853 484 794 909 303 802 703 803 114 266 988 602 340 553 323 483 708 879 360 343 827 106 821 666 384 393 465 237 537 273 674 844 390 665 836 82 411 661 630 246 648 535 763 530 714 628 567 647 233 337 243 315 481
878 754 119 86 473 346 330 647 391 427 60 393 176 173 37 76 609 573 346 759 606 793 0 77 669 561 204 654 453 681 869 577 279 870 400 707 832 506 831 809 730 503 559 756 963 838 235 551 495 662 500 640 484 94 49 870 768 660 191 453 522 525 995 414 86 665 506 258 748 46 240 690 705 327 673 805 520 122 249 861 371 303 874 792 646 480 783 195 532 30 685 98 179 310 264 686 717 707 529 865
804 682 78 15 397 278 314 585 414 355 132 320 105 177 110 44 540 552 319 701 584 716 77 0 646 487 206 664 375 614 797 512 308 801 353 630 775 471 768 754 663 431 500 690 900 770 204 551 426 646 514 574 480 20 105 795 692 671 115 377 461 456 935 397 163 592 438 280 671 106 212 631 648 251 605 757 444 60 253 787 323 322 798 720 615 427 706 153 488 48 639 69 119 243 232 610 643 640 460 795
1057 1008 568 657 583 486 948 1032 396 788 660 746 580 500 698 609 945 96 328 389 63 740 669 646 0 851 471 279 674 490 665 431 470 609 923 716 420 193 484 368 500 504 353 1082 577 580 442 209 870 63 312 437 227 653 633 725 924 288 603 594 944 467 551 257 719 918 457 459 788 715 434 366 362 585 503 298 618 591 899 1062 899 424 787 1038 79 963 918 495 231 657 223 582 543 762 415 837 940 502 475 1125
319 196 508 476 270 387 453 189 826 135 619 168 427 609 585 516 95 784 607 648 806 389 561 487 851 0 624 1005 179 484 550 459 748 597 293 305 707 665 652 722 524 357 520 235 752 581 550 873 101 886 887 495 804 468 592 501 224 1015 397 257 164 400 821 697 637 105 404 711 292 570 560 598 615 304 466 775 247 475 513 300 301 740 458 234 783 243 246 508 621 533 707 521 460 257 555 172 158 499 395 314
923 819 137 220 445 285 519 755 213 505 189 462 203 31 229 162 695 375 166 623 408 753 204 206 471 624 0 458 470 585 788 476 125 773 551 679 693 325 707 660 629 437 433 847 839 740 93 349 587 460 308 533 280 221 163 807 798 465 235 434 637 442 857 214 249 723 421 88 735 248 88 557 570 328 582 642 498 172 449 913 521 121 830 856 457 618 806 117 368 199 519 138 166 416 111 707 767 610 448 938
1257 1184 591 678 757 619 977 1167 272 912 621 867 638 488 672 620 1091 267 401 660 268 978 654 664 279 1005 458 0 829 736 927 655 383 877 999 937 698 372 758 646 756 697 577 1240 856 846 485 132 997 217 155 679 202 678 607 980 1123 10 669 760 1061 671 829 309 672 1089 655 397 1008 694 474 626 626 707 746 577 803 624 903 1256 971 352 1035 1218 347 1058 1122 541 442 654 494 595 597 850 468 1031 1121 753 679 1306
453 358 373 367 103 211 460 358 661 142 505 119 290 460 484 393 270 605 433 506 628 358 453 375 674 179 470 829 0 356 479 303 594 508 338 267 573 486 530 578 403 193 353 413 647 484 388 696 206 708 715 350 628 359 473 455 328 838 266 83 286 238 706 521 537 262 237 556 298 474 398 448 466 142 339 621 107 345 486 444 329 580 439 394 607 334 338 354 445 423 541 390 314 212 389 239 300 376 234 480
593 582 566 614 261 336 799 671 690 497 714 472 509 594 718 606 576 469 448 167 474 250 681 614 490 484 585 736 356 0 207 109 680 190 693 243 223 371 175 241 51 188 169 679 297 158 494 617 550 546 684 59 573 605 678 246 468 746 505 286 631 158 351 490 765 509 175 645 313 719 497 137 149 385 19 306 251 559 804 606 681 644 299 603 411 688 456 502 297 654 281 588 502 551 473 396 510 26 154 685
538 578 758 795 410 525 939 717 897 608 907 596 693 796 905 795 626 660 655 282 660 176 869 797 665 550 788 927 479 207 0 314 886 74 810 246 284 572 203 331 174 366 375 688 229 90 697 813 638 725 886 265 775 786 870 79 442 937 684 434 712 350 311 695 955 533 370 852 282 903 701 301 303 553 207 414 376 747 961 561 805 851 159 587 587 784 421 700 497 840 443 780 693 690 678 406 513 184 344 655
626 589 461 513 201 235 719 648 587 442 608 411 408 486 614 502 554 393 341 209 403 323 577 512 431 459 476 655 303 109 314 0 572 298 628 286 280 283 258 277 155 112 80 675 389 265 386 530 508 480 589 63 480 505 571 344 494 665 407 223 589 68 431 390 660 505 78 537 358 616 388 146 164 297 107 319 213 456 715 633 613 537 386 616 354 635 488 395 214 551 251 483 398 476 365 411 519 134 70 702
1047 943 252 323 564 403 609 876 113 628 239 586 325 142 292 265 818 380 234 694 411 865 279 308 470 748 125 383 594 680 886 572 0 864 661 795 759 369 785 721 720 547 518 971 913 830 209 301 709 442 229 624 248 326 230 912 921 388 357 555 756 547 922 232 289 848 526 38 854 315 201 632 643 453 679 690 617 288 527 1037 631 46 940 980 476 732 929 242 428 286 568 246 289 535 218 830 892 704 554 1063
609 641 756 800 428 524 966 771 865 643 904 626 696 783 906 795 678 612 630 221 609 242 870 801 609 597 773 877 508 190 74 298 864 0 844 299 213 532 133 262 144 370 346 750 161 33 683 768 681 670 845 240 734 791 867 153 507 886 690 453 757 345 241 662 954 590 364 830 345 907 686 252 250 564 196 346 402 747 979 630 837 826 233 652 533 825 488 692 458 842 386 778 691 716 662 464 574 164 341 723
580 438 414 338 433 445 165 277 763 202 458 221 361 524 409 396 281 837 613 836 866 666 400 353 923 293 551 999 338 693 810 628 661 844 0 576 906 731 867 905 741 517 661 398 985 822 515 876 192 940 855 682 803 335 446 774 512 1007 332 408 160 560 1044 705 450 378 553 630 578 386 525 773 792 349 677 938 445 378 247 553 30 670 741 472 872 87 536 458 716 383 842 415 402 162 534 465 433 714 558 524
350 349 611 625 238 394 717 472 836 377 755 374 534 678 741 640 380 678 586 406 689 92 707 630 716 305 679 937 267 243 246 286 795 299 576 0 449 565 378 477 264 252 366 454 459 288 588 809 396 766 857 284 753 616 720 198 226 947 516 255 468 268 534 654 793 292 286 757 72 733 594 380 392 380 226 548 188 591 752 363 574 769 172 366 638 543 213 571 499 677 519 632 547 475 577 166 279 246 260 445
790 796 714 778 473 505 999 894 736 714 854 686 674 711 869 757 799 445 531 74 434 423 832 775 420 707 693 698 573 223 284 280 759 213 906 449 0 396 81 53 187 389 274 897 161 195 614 603 772 483 693 224 584 770 818 360 674 707 678 497 853 347 164 535 910 728 358 732 511 875 613 143 127 577 242 135 471 716 991 807 892 716 437 814 351 907 659 640 332 808 208 735 656 756 587 611 725 210 348 893
891 830 395 480 401 293 763 842 341 596 508 553 395 350 539 439 757 120 161 336 142 606 506 471 193 665 325 372 486 371 572 283 369 532 731 565 396 0 432 354 398 330 206 898 553 499 272 247 678 221 314 312 203 476 477 617 757 382 415 409 751 300 555 139 568 738 285 345 636 552 266 283 289 392 378 322 441 413 721 893 707 324 666 862 145 769 755 319 74 489 200 412 360 569 242 667 763 390 308 950
715 727 713 770 435 492 971 835 773 671 857 647 665 722 867 755 740 498 552 99 491 346 831 768 484 652 707 758 530 175 203 258 785 133 867 378 81 432 0 129 129 358 276 831 133 114 623 656 723 546 740 196 630 762 821 279 602 767 665 460 803 321 177 569 912 664 335 755 438 871 624 153 144 553 191 213 425 711 971 733 856 744 356 744 411 862 585 642 362 805 264 735 652 724 598 543 657 155 320 820
823 821 690 758 476 491 991 910 693 719 827 688 655 680 845 734 814 396 497 74 383 460 809 754 368 722 660 646 578 241 331 277 721 262 905 477 53 354 129 0 214 389 257 920 211 241 585 554 781 430 645 228 538 751 791 405 703 655 662 499 861 345 201 493 884 750 353 695 543 852 583 132 114 569 260 83 480 695 978 839 890 677 480 841 300 911 690 614 294 785 161 711 635 752 558 636 750 233 347 922
610 610 615 663 310 386 849 709 725 543 762 520 559 640 767 655 614 489 487 144 490 253 730 663 500 524 629 756 403 51 174 155 720 144 741 264 187 398 129 214 0 239 203 710 247 111 540 640 594 558 712 96 601 655 726 225 490 766 555 335 674 208 304 523 814 541 225 687 329 769 542 135 142 435 64 287 297 609 854 625 730 683 288 629 422 733 476 550 324 703 282 637 551 600 518 424 539 27 204 709
561 505 392 430 90 160 613 544 584 331 541 299 327 440 539 429 452 448 334 319 466 317 503 431 504 357 437 697 193 188 366 112 547 370 517 252 389 330 358 389 239 0 163 581 485 341 344 566 399 545 607 166 506 422 504 373 427 707 320 111 479 45 534 404 588 415 48 510 318 538 350 258 276 196 177 429 114 380 615 563 502 519 393 534 431 524 426 338 274 474 350 414 327 367 330 337 436 213 42 622
704 661 440 504 252 234 737 707 522 487 583 451 400 447 596 483 615 313 284 201 324 401 559 500 353 520 433 577 353 169 375 80 518 346 661 366 274 206 276 257 203 163 0 743 408 312 348 453 559 401 516 110 406 496 546 413 571 587 405 270 639 121 436 321 638 575 117 486 438 601 349 131 147 316 174 278 276 442 721 710 643 480 460 689 276 677 566 368 135 534 188 462 382 503 323 486 591 190 127 776
229 113 723 676 499 621 559 122 1054 343 816 385 646 830 775 724 153 1017 841 846 1039 512 756 690 1082 235 847 1240 413 679 688 675 971 750 398 454 897 898 831 920 710 581 743 0 911 742 779 1108 264 1119 1119 702 1039 670 794 622 251 1249 614 489 242 622 988 931 823 170 629 935 406 756 789 805 821 536 660 981 467 688 644 195 420 966 556 119 1012 313 276 733 852 731 926 734 682 447 786 288 176 688 616 131
767 802 846 902 557 624 1096 929 895 786 990 765 797 854 1000 888 835 606 682 219 594 403 963 900 577 752 839 856 647 297 229 389 913 161 985 459 161 553 133 211 247 485 408 911 0 171 756 764 831 640 854 326 745 894 954 307 669 865 796 582 909 450 82 692 1044 750 465 884 506 1004 756 282 270 681 311 281 540 843 1100 790 975 871 386 814 511 973 649 775 487 938 369 867 785 847 730 625 735 273 448 883
610 635 724 769 401 493 940 758 832 621 872 603 665 750 875 763 664 581 597 194 578 241 838 770 580 581 740 846 484 158 90 265 830 33 822 288 195 499 114 241 111 341 312 742 171 0 650 736 662 640 813 207 702 761 835 165 503 856 660 426 739 314 246 628 922 580 333 797 339 876 653 221 220 535 165 324 378 716 952 630 814 792 243 648 503 806 485 660 426 811 357 746 660 690 629 455 567 131 310 721
841 742 126 215 355 194 511 694 275 439 243 395 154 100 268 168 627 347 115 543 380 660 235 204 442 550 93 485 388 494 697 386 209 683 515 588 614 272 623 585 540 344 348 779 756 650 0 362 524 443 347 444 289 212 208 715 713 493 184 346 581 349 778 196 302 646 328 171 645 280 11 475 489 248 491 575 408 150 457 832 487 191 737 779 413 573 721 57 300 218 453 141 112 366 29 622 688 520 356 863
1125 1052 475 564 625 486 865 1037 204 782 526 737 516 379 573 508 960 158 270 557 172 853 551 551 209 873 349 132 696 617 813 530 301 768 876 809 603 247 656 554 640 566 453 1108 764 736 362 0 867 160 103 558 73 563 507 862 991 142 545 628 932 542 748 178 581 957 525 304 879 594 351 516 518 576 625 495 671 507 798 1124 849 260 913 1086 256 932 991 418 320 547 395 482 474 725 343 900 989 635 550 1173
402 266 460 413 308 387 353 170 796 85 554 130 384 568 515 461 114 794 597 708 820 484 495 426 870 101 587 997 206 550 638 508 709 681 192 396 772 678 723 781 594 399 559 264 831 662 524 867 0 898 869 553 796 407 531 594 322 1006 352 289 81 444 896 690 565 191 443 674 390 497 534 653 670 292 533 827 301 425 418 379 201 707 555 303 806 147 344 475 644 469 747 471 422 185 534 274 247 568 440 371
1103 1049 568 658 621 511 954 1063 359 815 647 772 588 490 689 607 978 104 332 450 80 794 662 646 63 886 460 217 708 546 725 480 442 670 940 766 483 221 546 430 558 545 401 1119 640 640 443 160 898 0 263 491 195 655 622 783 969 226 613 630 970 511 612 249 706 957 499 436 838 707 434 424 422 609 558 361 659 594 898 1107 914 398 844 1080 137 984 965 498 272 652 283 580 549 780 417 881 981 559 519 1167
1157 1073 443 528 655 504 825 1039 118 784 466 739 498 337 517 469 969 251 283 642 270 909 500 514 312 887 308 155 715 684 886 589 229 845 855 857 693 314 740 645 712 607 516 1119 854 813 347 103 869 263 0 625 111 529 453 929 1024 160 529 654 928 590 842 203 517 977 571 242 925 539 336 595 599 584 689 591 704 477 749 1153 826 197 974 1108 353 918 1027 400 388 501 485 446 456 712 335 932 1013 704 598 1194
633 610 523 576 250 297 778 684 632 492 669 463 471 544 676 564 589 412 391 156 418 303 640 574 437 495 533 679 350 59 265 63 624 240 682 284 224 312 196 228 96 166 110 702 326 207 444 558 553 491 625 0 514 568 633 305 504 689 470 274 633 126 370 431 722 531 140 591 356 679 446 104 120 358 67 281 252 518 776 643 668 587 356 634 358 684 495 456 239 613 235 545 460 533 422 426 538 81 126 718
1062 985 404 493 560 418 794 966 170 711 462 666 443 311 507 438 890 149 199 531 174 802 484 480 227 804 280 202 628 573 775 480 248 734 803 753 584 203 630 538 601 506 406 1039 745 702 289 73 796 195 111 514 0 492 441 819 928 211 472 562 860 485 736 107 519 889 467 244 822 527 279 483 488 505 579 487 608 435 728 1060 776 204 866 1019 253 859 930 346 277 478 377 412 401 652 270 837 923 593 494 1106
785 663 88 9 384 270 302 565 430 335 151 301 97 193 125 61 521 559 326 697 591 703 94 20 653 468 221 678 359 605 786 505 326 791 335 616 770 476 762 751 655 422 496 670 894 761 212 563 407 655 529 568 492 0 125 783 674 685 102 363 441 448 931 407 178 573 430 297 655 118 221 627 644 238 596 756 430 62 246 768 305 338 784 700 620 408 688 158 490 65 639 83 118 223 239 592 624 631 451 776
908 787 112 118 483 345 379 688 342 460 37 424 186 133 67 81 645 537 316 745 570 803 49 105 633 592 163 607 473 678 870 571 230 867 446 720 818 477 821 791 726 504 546 794 954 835 208 507 531 622 453 633 441 125 0 875 794 613 207 465 563 523 981 376 93 697 503 210 765 87 212 676 691 341 671 783 532 130 297 892 417 255 884 825 614 525 808 179 508 64 661 90 178 347 237 710 747 704 528 900
462 510 764 792 400 533 912 659 931 573 912 567 694 812 905 798 571 713 684 350 715 114 870 795 725 501 807 980 455 246 79 344 912 153 774 198 360 617 279 405 225 373 413 622 307 165 715 862 594 783 929 305 819 783 875 0 372 990 681 422 665 366 389 733 956 473 387 876 219 901 719 360 364 546 240 487 359 749 941 486 771 879 80 516 647 741 350 711 543 840 505 785 698 666 698 346 448 228 359 581
134 139 698 682 369 525 675 311 982 354 824 378 616 788 796 715 244 875 742 632 890 266 768 692 924 224 798 1123 328 468 442 494 921 507 512 226 674 757 602 703 490 427 571 251 669 503 713 991 322 969 1024 504 928 674 794 372 0 1132 589 372 364 458 748 823 848 137 472 883 164 782 722 603 617 470 450 773 321 669 737 139 523 904 304 145 847 450 26 681 697 739 738 715 642 476 711 92 89 472 450 219
1267 1194 598 685 767 628 983 1176 276 921 626 876 646 494 677 627 1101 277 410 670 278 988 660 671 288 1015 465 10 838 746 937 665 388 886 1007 947 707 382 767 655 766 707 587 1249 865 856 493 142 1006 226 160 689 211 685 613 990 1132 0 677 770 1069 681 838 318 677 1099 665 403 1018 700 482 636 636 716 756 586 812 631 909 1266 978 358 1045 1228 356 1066 1132 549 452 661 503 602 605 859 477 1041 1131 763 689 1315
707 593 111 111 282 173 349 520 446 272 240 231 32 215 225 127 462 512 283 604 543 602 191 115 603 397 235 669 266 505 684 407 357 690 332 516 678 415 665 662 555 320 405 614 796 660 184 545 352 613 529 470 472 102 207 681 589 677 0 262 402 348 836 374 277 499 331 322 559 220 194 535 552 137 495 673 329 80 318 693 304 355 683 630 559 390 602 129 416 161 560 126 72 184 202 504 548 531 351 710
503 424 357 372 25 154 515 440 611 220 500 189 279 429 487 385 351 529 372 429 550 340 453 377 594 257 434 760 83 286 434 223 555 453 408 255 497 409 460 499 335 111 270 489 582 426 346 628 289 630 654 274 562 363 465 422 372 770 262 0 369 156 637 456 539 330 154 517 304 481 354 369 387 126 271 540 67 336 528 499 396 535 421 458 526 413 377 321 365 423 458 377 293 265 341 280 361 309 153 545
421 278 505 447 389 459 325 126 849 156 582 198 434 615 538 499 124 866 662 789 892 553 522 461 944 164 637 1061 286 631 712 589 756 757 160 468 853 751 803 861 674 479 639 242 909 739 581 932 81 970 928 633 860 441 563 665 364 1069 402 369 0 524 975 755 584 227 523 722 455 518 592 733 751 361 613 907 382 469 405 393 180 757 621 311 882 86 388 529 721 499 826 512 474 221 594 332 280 648 520 365
592 542 411 456 135 179 653 588 574 376 559 344 352 448 561 450 495 417 324 276 432 323 525 456 467 400 442 671 238 158 350 68 547 345 560 268 347 300 321 345 208 45 121 622 450 314 349 542 444 511 590 126 485 448 523 366 458 681 348 156 524 0 496 387 609 455 21 510 337 562 354 214 232 232 149 384 155 402 650 596 545 515 395 571 393 568 455 350 239 497 306 433 346 408 332 370 473 183 9 659
849 880 876 938 612 662 1148 1001 893 847 1017 823 833 875 1032 919 907 591 695 236 575 483 995 935 551 821 857 829 706 351 311 431 922 241 1044 534 164 555 177 201 304 534 436 988 82 246 778 748 896 612 842 370 736 931 981 389 748 838 836 637 975 496 0 694 1074 825 509 895 584 1037 778 305 290 728 367 253 601 877 1146 871 1032 878 468 892 492 1037 729 803 494 970 360 898 818 901 752 700 812 330 495 964
957 878 319 409 455 310 707 859 204 605 403 560 346 243 442 358 783 161 93 474 194 708 414 397 257 697 214 309 521 490 695 390 232 662 705 654 535 139 569 493 523 404 321 931 692 628 196 178 690 249 203 431 107 407 376 733 823 318 374 456 755 387 694 0 463 782 368 213 722 459 186 417 425 398 494 458 503 346 649 954 678 187 775 912 248 757 825 252 206 403 337 331 306 550 172 731 816 511 395 999
956 828 199 169 559 430 350 710 402 502 60 471 262 220 53 159 679 624 407 837 657 879 86 163 719 637 249 672 537 765 955 660 289 954 450 793 910 568 912 884 814 588 638 823 1044 922 302 581 565 706 517 722 519 178 93 956 848 677 277 539 584 609 1074 463 0 742 590 278 833 67 305 768 783 413 758 876 606 208 255 937 421 323 960 865 704 534 864 270 602 116 754 177 263 382 330 768 794 791 614 936
215 96 610 581 337 473 542 186 921 240 724 273 529 709 690 620 107 857 695 676 877 360 665 592 918 105 723 1089 262 509 533 505 848 590 378 292 728 738 664 750 541 415 575 170 750 580 646 957 191 957 977 531 889 573 697 473 137 1099 499 330 227 455 825 782 742 0 463 810 255 674 656 635 650 398 490 811 300 578 609 195 390 837 417 133 846 313 162 606 688 638 756 625 560 361 649 128 56 519 448 218
606 552 392 439 136 161 641 591 554 373 540 339 334 427 543 431 499 403 304 286 419 343 506 438 457 404 421 655 237 175 370 78 526 364 553 286 358 285 335 353 225 48 117 629 465 333 328 525 443 499 571 140 467 430 503 387 472 665 331 154 523 21 509 368 590 463 0 489 355 544 333 221 239 219 168 387 162 384 637 608 537 495 415 581 384 564 469 330 227 478 304 414 327 399 311 383 483 201 28 669
1009 906 219 294 526 365 585 841 134 592 225 550 290 107 275 236 782 367 202 665 398 827 258 280 459 711 88 397 556 645 852 537 38 830 630 757 732 345 755 695 687 510 486 935 884 797 171 304 674 436 242 591 244 297 210 876 883 403 322 517 722 510 895 213 278 810 489 0 816 297 163 602 613 415 645 667 579 255 507 999 601 45 903 943 460 701 891 204 400 262 544 215 253 501 181 792 854 670 518 1026
281 296 659 664 291 451 728 440 899 386 799 392 579 732 781 685 354 750 651 473 761 106 748 671 788 292 735 1008 298 313 282 358 854 345 578 72 511 636 438 543 329 318 438 406 506 339 645 879 390 838 925 356 822 655 765 219 164 1018 559 304 455 337 584 722 833 255 355 816 0 772 652 450 462 425 296 615 238 636 772 296 580 830 166 308 710 535 147 624 570 718 591 679 596 495 636 128 231 313 329 383
889 760 162 109 502 383 299 644 428 435 79 405 211 217 24 118 612 619 393 801 652 821 46 106 715 570 248 694 474 719 903 616 315 907 386 733 875 552 871 852 769 538 601 756 1004 876 280 594 497 707 539 679 527 118 87 901 782 700 220 481 518 562 1037 459 67 674 544 297 772 0 286 732 748 356 710 850 548 160 212 869 357 342 902 798 692 469 798 239 577 67 730 142 219 315 310 703 727 745 566 869
850 752 134 224 363 202 521 704 265 450 246 406 165 98 273 175 637 339 107 542 372 666 240 212 434 560 88 474 398 497 701 388 201 686 525 594 613 266 624 583 542 350 349 789 756 653 11 351 534 434 336 446 279 221 212 719 722 482 194 354 592 354 778 186 305 656 333 163 652 286 0 475 488 258 494 572 415 160 465 842 497 182 743 789 407 584 729 67 297 225 449 148 123 377 26 631 698 523 360 873
730 712 571 635 346 362 860 787 621 588 713 557 530 573 727 614 692 360 400 69 359 384 690 631 366 598 557 626 448 137 301 146 632 252 773 380 143 283 153 132 135 258 131 805 282 221 475 516 653 424 595 104 483 627 676 360 603 636 535 369 733 214 305 417 768 635 221 602 450 732 475 0 18 437 153 177 353 573 849 741 758 591 424 735 287 781 592 498 211 665 147 593 513 620 449 528 641 141 216 819
742 727 587 651 364 379 878 804 629 606 727 575 547 586 742 630 709 362 411 54 358 393 705 648 362 615 570 626 466 149 303 164 643 250 792 392 127 289 144 114 142 276 147 821 270 220 489 518 670 422 599 120 488 644 691 364 617 636 552 387 751 232 290 425 783 650 239 613 462 748 488 18 0 455 166 161 371 589 866 755 776 601 430 750 285 799 605 513 219 681 141 608 529 638 463 543 656 151 234 833
595 494 235 247 146 99 423 461 523 207 375 163 155 318 361 260 385 505 306 504 532 465 327 251 585 304 328 707 142 385 553 297 453 564 349 380 577 392 553 569 435 196 316 536 681 535 248 576 292 609 584 358 505 238 341 546 470 716 137 126 361 232 728 398 413 398 219 415 425 356 258 437 455 0 373 594 193 211 419 585 329 439 547 531 527 379 480 212 369 298 493 254 173 188 251 381 440 410 233 615
576 563 559 604 246 328 785 652 693 480 708 456 500 591 710 598 557 479 448 186 485 237 673 605 503 466 582 746 339 19 207 107 679 196 677 226 242 378 191 260 64 177 174 660 311 165 491 625 533 558 689 67 579 596 671 240 450 756 495 271 613 149 367 494 758 490 168 645 296 710 494 153 166 373 0 324 234 551 791 588 665 644 289 585 424 671 439 497 305 646 296 581 495 536 471 378 492 38 145 667
897 887 688 763 519 508 1012 964 649 760 818 726 663 664 841 732 869 341 476 143 323 537 805 757 298 775 642 577 621 306 414 319 690 346 938 548 135 322 213 83 287 429 278 981 281 324 575 495 827 361 591 281 487 756 783 487 773 586 673 540 907 384 253 458 876 811 387 667 615 850 572 177 161 594 324 0 529 697 991 910 921 644 561 909 239 952 761 611 275 784 123 708 638 781 546 702 815 302 387 991
455 391 424 438 53 214 565 435 668 246 567 225 346 494 554 452 342 560 423 407 579 273 520 444 618 247 498 803 107 251 376 213 617 402 445 188 471 441 425 480 297 114 276 467 540 378 408 671 301 659 704 252 608 430 532 359 321 812 329 67 382 155 601 503 606 300 162 579 238 548 415 353 371 193 234 529 0 403 585 454 436 595 355 421 546 437 323 386 388 490 461 444 359 315 400 229 323 270 149 509
787 671 36 67 354 223 361 590 385 347 164 308 56 148 159 50 537 497 263 642 529 674 122 60 591 475 172 624 345 559 747 456 288 747 378 591 716 413 711 695 609 380 442 688 843 716 150 507 425 594 477 518 435 62 130 749 669 631 80 336 469 402 877 346 208 578 384 255 636 160 160 573 589 211 551 697 403 0 308 772 349 293 755 709 557 446 682 96 429 95 579 47 60 247 177 584 627 585 407 787
819 679 331 242 552 487 101 523 640 389 290 380 330 418 236 292 522 804 571 917 837 844 249 253 899 513 449 903 486 804 961 715 527 979 247 752 991 721 971 978 854 615 721 644 1100 952 457 798 418 898 749 776 728 246 297 941 737 909 318 528 405 650 1146 649 255 609 637 507 772 212 465 849 866 419 791 991 585 308 0 794 225 552 924 714 865 333 758 404 731 250 877 319 361 277 484 675 665 828 652 770
35 115 804 776 499 650 718 300 1105 435 919 468 722 900 885 815 272 1011 870 769 1028 390 861 787 1062 300 913 1256 444 606 561 633 1037 630 553 363 807 893 733 839 625 563 710 195 790 630 832 1124 379 1107 1153 643 1060 768 892 486 139 1266 693 499 393 596 871 954 937 195 608 999 296 869 842 741 755 585 588 910 454 772 794 0 570 1023 411 83 986 477 150 796 835 833 878 819 751 556 832 226 146 608 588 98
596 454 384 308 420 424 152 300 734 198 429 211 333 495 379 366 298 812 587 821 841 665 371 323 899 301 521 971 329 681 805 613 631 837 30 574 892 707 856 890 730 502 643 420 975 814 487 849 201 914 826 668 776 305 417 771 523 978 304 396 180 545 1032 678 421 390 537 601 580 357 497 758 776 329 665 921 436 349 225 570 0 641 742 489 848 114 545 430 694 353 822 386 375 141 507 471 445 703 544 545
1032 933 257 336 542 381 629 875 93 624 270 580 323 146 320 277 813 333 196 652 364 836 303 322 424 740 121 352 580 644 851 537 46 826 670 769 716 324 744 677 683 519 480 966 871 792 191 260 707 398 197 587 204 338 255 879 904 358 355 535 757 515 878 187 323 837 495 45 830 342 182 591 601 439 644 644 595 293 552 1023 641 0 910 969 430 739 911 232 385 305 523 256 285 537 194 813 879 668 523 1053
385 443 774 793 402 548 887 602 968 545 920 545 699 832 908 805 519 768 718 422 773 82 874 798 787 458 830 1035 439 299 159 386 940 233 741 172 437 666 356 480 288 393 460 556 386 243 737 913 555 844 974 356 866 784 884 80 304 1045 683 421 621 395 468 775 960 417 415 903 166 902 743 424 430 547 289 561 355 755 924 411 742 910 0 446 708 701 281 727 594 844 571 795 708 647 723 293 385 285 387 507
115 38 741 708 462 604 637 217 1054 365 850 401 660 841 815 750 192 981 826 769 1000 411 792 720 1038 234 856 1218 394 603 587 616 980 652 472 366 814 862 744 841 629 534 689 119 814 648 779 1086 303 1080 1108 634 1019 700 825 516 145 1228 630 458 311 571 892 912 865 133 581 943 308 798 789 735 750 531 585 909 421 709 714 83 489 969 446 0 964 394 166 739 808 765 865 755 692 483 781 207 98 609 564 88
980 935 538 624 513 429 908 966 420 727 644 685 540 484 678 581 877 104 300 314 84 661 646 615 79 783 457 347 607 411 587 354 476 533 872 638 351 145 411 300 422 431 276 1012 511 503 413 256 806 137 353 358 253 620 614 647 847 356 559 526 882 393 492 248 704 846 384 460 710 692 407 287 285 527 424 239 546 557 865 986 848 430 708 964 0 906 842 462 162 631 147 554 505 709 384 762 866 423 400 1051
506 362 482 413 435 478 246 191 831 193 539 226 421 594 491 469 209 880 664 840 908 630 480 427 963 243 618 1058 334 688 784 635 732 825 87 543 907 769 862 911 733 524 677 313 973 806 573 932 147 984 918 684 859 408 525 741 450 1066 390 413 86 568 1037 757 534 313 564 701 535 469 584 781 799 379 671 952 437 446 333 477 114 739 701 394 906 0 474 518 747 461 863 486 462 207 590 414 366 707 565 441
139 163 710 697 373 531 697 338 988 373 838 395 628 798 811 728 269 872 746 619 887 246 783 706 918 246 806 1122 338 456 421 488 929 488 536 213 659 755 585 690 476 426 566 276 649 485 721 991 344 965 1027 495 930 688 808 350 26 1132 602 377 388 455 729 825 864 162 469 891 147 798 729 592 605 480 439 761 323 682 758 150 545 911 281 166 842 474 0 690 694 754 730 727 652 495 717 99 115 459 447 236
806 702 78 162 334 179 456 644 321 392 215 348 98 108 231 122 581 401 168 567 433 648 195 153 495 508 117 541 354 502 700 395 242 692 458 571 640 319 642 614 550 338 368 733 775 660 57 418 475 498 400 456 346 158 179 711 681 549 129 321 529 350 803 252 270 606 330 204 624 239 67 498 513 212 497 611 386 96 404 796 430 232 727 739 462 518 690 0 338 174 491 97 56 312 81 591 650 528 356 822
831 778 416 495 353 271 764 803 411 565 542 524 401 389 567 461 715 180 203 268 193 535 532 488 231 621 368 442 445 297 497 214 428 458 716 499 332 74 362 294 324 274 135 852 487 426 300 320 644 272 388 239 277 490 508 543 697 452 416 365 721 239 494 206 602 688 227 400 570 577 297 211 219 369 305 275 388 429 731 835 694 385 594 808 162 747 694 338 0 512 153 435 371 553 271 609 710 316 247 896
850 727 96 57 443 318 324 624 396 400 86 366 147 168 65 52 584 561 332 735 594 763 30 48 657 533 199 654 423 654 840 551 286 842 383 677 808 489 805 785 703 474 534 731 938 811 218 547 469 652 501 613 478 65 64 840 739 661 161 423 499 497 970 403 116 638 478 262 718 67 225 665 681 298 646 784 490 95 250 833 353 305 844 765 631 461 754 174 512 0 664 77 153 285 247 657 689 680 501 839
868 839 568 645 440 401 904 894 533 674 695 637 548 541 720 613 802 237 353 167 227 530 685 639 223 707 519 494 541 281 443 251 568 386 842 519 208 200 264 161 282 350 188 926 369 357 453 395 747 283 485 235 377 639 661 505 738 503 560 458 826 306 360 337 754 756 304 544 591 730 449 147 141 493 296 123 461 579 877 878 822 523 571 865 147 863 730 491 153 664 0 588 521 681 424 658 768 288 312 950
833 717 22 82 394 255 383 634 348 393 127 354 100 110 134 27 583 487 255 662 520 714 98 69 582 521 138 595 390 588 780 483 246 778 415 632 735 412 735 711 637 414 462 734 867 746 141 482 471 580 446 545 412 83 90 785 715 602 126 377 512 433 898 331 177 625 414 215 679 142 148 593 608 254 581 708 444 47 319 819 386 256 795 755 554 486 727 97 435 77 588 0 88 291 170 629 673 615 438 834
764 655 66 124 309 168 406 590 375 339 214 297 42 149 216 104 529 450 218 583 482 628 179 119 543 460 166 597 314 502 693 398 289 691 402 547 656 360 652 635 551 327 382 682 785 660 112 474 422 549 456 460 401 118 178 698 642 605 72 293 474 346 818 306 263 560 327 253 596 219 123 513 529 173 495 638 359 60 361 751 375 285 708 692 505 462 652 56 371 153 521 88 0 256 133 553 606 529 351 774
576 446 283 229 290 283 250 343 629 122 370 104 215 394 332 279 299 677 457 685 706 567 310 243 762 257 416 850 212 551 690 476 535 716 162 475 756 569 724 752 600 367 503 447 847 690 366 725 185 780 712 533 652 223 347 666 476 859 184 265 221 408 901 550 382 361 399 501 495 315 377 620 638 188 536 781 315 247 277 556 141 537 647 483 709 207 495 312 553 285 681 291 256 0 382 405 415 574 408 555
840 745 154 242 348 187 536 704 273 449 271 404 174 124 297 197 634 320 87 516 353 647 264 232 415 555 111 468 389 473 678 365 218 662 534 577 587 242 598 558 518 330 323 786 730 629 29 343 534 417 335 422 270 239 237 698 711 477 202 341 594 332 752 172 330 649 311 181 636 310 26 449 463 251 471 546 400 177 484 832 507 194 723 781 384 590 717 81 271 247 424 170 133 382 0 619 689 499 339 866
225 185 612 601 277 433 622 312 891 287 741 303 529 699 716 630 226 785 650 563 802 233 686 610 837 172 707 1031 239 396 406 411 830 464 465 166 611 667 543 636 424 337 486 288 625 455 622 900 274 881 932 426 837 592 710 346 92 1041 504 280 332 370 700 731 768 128 383 792 128 703 631 528 543 381 378 702 229 584 675 226 471 813 293 207 762 414 99 591 609 657 658 629 553 405 619 0 114 403 362 292
161 72 658 632 364 509 597 223 962 293 775 324 576 755 743 670 157 883 730 677 901 337 717 643 940 158 767 1121 300 510 513 519 892 574 433 279 725 763 657 750 539 436 591 176 735 567 688 989 247 981 1013 538 923 624 747 448 89 1131 548 361 280 473 812 816 794 56 483 854 231 727 698 641 656 440 492 815 323 627 665 146 445 879 385 98 866 366 115 650 710 689 768 673 606 415 689 114 0 518 466 186
594 589 593 639 283 362 823 685 713 517 740 493 535 620 744 632 589 485 471 161 488 243 707 640 502 499 610 753 376 26 184 134 704 164 714 246 210 390 155 233 27 213 190 688 273 131 520 635 568 559 704 81 593 631 704 228 472 763 531 309 648 183 330 511 791 519 201 670 313 745 523 141 151 410 38 302 270 585 828 608 703 668 285 609 423 707 459 528 316 680 288 615 529 574 499 403 518 0 180 690
584 535 416 460 131 183 653 583 582 373 564 341 355 454 566 454 490 425 332 278 440 315 529 460 475 395 448 679 234 154 344 70 554 341 558 260 348 308 320 347 204 42 127 616 448 310 356 550 440 519 598 126 494 451 528 359 450 689 351 153 520 9 495 395 614 448 28 518 329 566 360 216 234 233 145 387 149 407 652 588 544 523 387 564 400 565 447 356 247 501 312 438 351 408 339 362 466 180 0 651
130 121 821 783 550 691 687 252 1138 441 925 480 740 923 887 827 257 1069 912 850 1087 481 865 795 1125 314 938 1306 480 685 655 702 1063 723 524 445 893 950 820 922 709 622 776 131 883 721 863 1173 371 1167 1194 718 1106 776 900 581 219 1315 710 545 365 659 964 999 936 218 669 1026 383 869 873 819 833 615 667 991 509 787 770 98 545 1053 507 88 1051 441 236 822 896 839 950 834 774 555 866 292 186 690 651 0
