# TTSP Euclidean complete-graph matrix instance
# seed: 2040
# depot: 1
# L_max is not stored in this file; pass it with --budget when running algorithms.
# coordinate rows: node x y
# coord 1 381.879761 558.316636
# coord 2 570.322870 496.202145
# coord 3 975.526328 830.914966
# coord 4 510.755191 160.069807
# coord 5 167.300552 43.546980
# coord 6 988.296272 760.596681
# coord 7 93.645011 865.711960
# coord 8 998.107061 353.044550
# coord 9 80.276919 800.420083
# coord 10 322.525942 771.719373
# coord 11 815.627612 11.411686
# coord 12 262.366173 953.103164
# coord 13 457.500004 24.929867
# coord 14 827.229863 640.784212
# coord 15 986.295103 167.657598
# coord 16 815.143922 614.451060
# coord 17 587.103744 87.340266
# coord 18 417.378613 816.604278
# coord 19 869.261582 357.079180
# coord 20 213.227771 330.737803
# coord 21 256.791119 940.645143
# coord 22 978.982278 392.111279
# coord 23 1.365166 62.360327
# coord 24 297.961354 556.240027
# coord 25 664.632927 655.408689
# coord 26 71.776655 664.457515
# coord 27 952.563371 545.244681
# coord 28 980.486818 851.334565
# coord 29 727.821374 829.892615
# coord 30 998.357461 777.061559
# coord 31 435.440139 798.200057
# coord 32 770.417968 27.261226
# coord 33 294.382019 200.443859
# coord 34 193.090948 384.579164
# coord 35 730.862193 497.722778
# coord 36 68.217192 493.859115
# coord 37 986.377660 457.352100
# coord 38 851.761054 843.464811
# coord 39 153.052104 946.467231
# coord 40 49.748951 880.141608
# coord 41 209.425676 105.800336
# coord 42 886.573599 131.006588
# coord 43 725.657948 13.661479
# coord 44 751.954848 833.661266
# coord 45 973.269407 832.468642
# coord 46 895.498956 518.561802
# coord 47 239.640767 847.187925
# coord 48 357.559567 326.624173
# coord 49 932.409693 802.518674
# coord 50 779.092373 72.144065
# coord 51 461.714075 631.094890
# coord 52 164.220948 518.195611
# coord 53 514.998595 59.597930
# coord 54 584.134713 407.278962
# coord 55 161.231274 595.184382
# coord 56 891.321695 618.718372
# coord 57 324.920322 433.569743
# coord 58 468.230679 769.987811
# coord 59 67.934481 970.089548
# coord 60 682.546877 445.841359
# coord 61 111.936947 842.085091
# coord 62 448.116820 332.080365
# coord 63 804.531644 166.362138
# coord 64 559.486158 662.625562
# coord 65 212.927888 211.473902
# coord 66 303.310590 433.970328
# coord 67 503.566512 81.733306
# coord 68 968.960158 603.914072
# coord 69 759.892639 187.437934
# coord 70 539.970773 978.553289
# coord 71 266.385116 193.356984
# coord 72 786.298525 120.315106
# coord 73 441.011802 681.623756
# coord 74 97.325619 576.089761
# coord 75 466.178116 274.694989
# coord 76 142.701525 155.206961
# coord 77 630.983273 934.166726
# coord 78 226.659943 370.772785
# coord 79 532.747013 386.772967
# coord 80 940.165356 987.321672
# coord 81 416.584394 600.376163
# coord 82 674.377289 124.243333
# coord 83 311.569823 861.464683
# coord 84 973.606582 649.490237
# coord 85 172.058434 106.400148
# coord 86 843.697354 448.664348
# coord 87 671.834507 306.702543
# coord 88 362.606557 628.023513
# coord 89 832.390585 734.984386
# coord 90 348.463471 818.042427
# coord 91 635.794410 552.338589
# coord 92 934.999610 864.074694
# coord 93 191.929927 310.104347
# coord 94 89.626756 975.143274
# coord 95 578.575929 570.265559
# coord 96 819.951353 651.729500
# coord 97 199.718867 42.083578
# coord 98 698.169340 413.838478
# coord 99 272.484511 704.325478
# coord 100 613.625388 471.030743
# reference_nearest_neighbor_tour_cost: 9188
TTSP_MATRIX
100
0 99 34 1 71 60 73 32 27 4 22 72 16 17 50 33 34 51 25 86 12 67 17 98 87 21 65 52 6 82 53 42 16 61 5 21 61 15 49 41 24 11 54 95 21 24 71 84 36 57 83 98 52 64 21 22 99 94 71 67 13 45 68 88 23 68 81 23 12 28 68 91 32 73 75 91 77 85 70 86 3 75 21 42 41 64 79 5 37 88 10 11 52 23 37 86 7 17 32 50
0 198 653 419 558 639 421 650 387 222 698 412 539 453 720 437 514 261 527 283 402 620 625 84 299 328 571 666 440 654 246 658 368 257 354 320 613 550 451 462 484 661 644 461 652 515 322 233 602 628 108 221 516 252 224 513 137 229 518 321 392 236 576 206 386 147 492 589 530 449 383 596 137 285 296 469 451 243 228 704 55 523 311 599 498 475 384 72 484 262 254 632 313 509 197 448 547 348 182 248
198 0 526 341 606 495 603 451 577 371 543 551 485 295 530 272 409 355 330 394 544 422 715 279 185 526 385 543 369 512 331 510 404 393 161 502 418 447 614 647 532 483 507 383 525 326 482 272 474 473 173 407 440 90 421 344 253 292 691 123 574 205 405 167 457 274 420 413 362 483 429 434 226 480 245 547 442 366 116 615 186 386 448 431 557 277 215 246 355 391 86 518 422 679 75 294 586 152 363 50
653 526 0 816 1128 71 883 478 896 656 835 724 958 241 663 269 839 558 486 912 727 439 1241 731 357 919 287 21 248 58 541 829 928 901 413 968 374 124 831 927 1055 706 855 224 3 322 736 798 52 784 551 869 898 577 848 228 762 511 918 484 864 726 686 449 982 781 885 227 679 460 954 735 555 914 754 1072 360 879 627 160 605 768 665 181 1082 404 606 646 172 627 439 52 941 898 475 237 1106 501 714 510
419 341 816 0 363 767 820 524 772 640 339 831 145 576 476 547 105 663 409 343 821 523 519 450 519 669 586 836 704 786 643 292 220 389 403 554 561 764 864 855 306 377 260 715 816 526 739 226 768 282 474 498 101 258 558 596 331 611 923 333 790 183 294 505 302 344 79 638 251 819 247 278 526 587 123 368 783 354 228 932 450 167 729 674 343 441 218 491 659 678 412 822 352 917 416 581 333 315 594 328
558 606 1128 363 0 1090 825 887 762 745 649 915 291 890 828 864 422 813 769 291 902 883 167 529 788 628 932 1146 966 1108 801 603 202 342 724 461 918 1053 903 845 75 725 559 983 1128 869 807 341 1078 612 657 475 348 553 552 925 421 786 932 654 800 403 649 733 174 413 338 978 610 1007 180 624 694 537 378 114 1004 333 501 1220 610 513 831 1009 63 788 569 616 959 795 692 1124 268 935 668 892 32 647 669 618
639 495 71 767 1090 0 901 408 909 666 769 751 907 201 593 227 784 574 421 886 753 369 1209 720 340 922 218 91 270 19 554 765 892 880 368 958 303 160 856 946 1018 638 792 247 73 259 754 766 70 720 542 859 846 537 843 172 740 520 944 439 880 690 622 440 950 759 834 158 617 498 918 671 553 910 713 1040 397 856 589 232 594 710 684 112 1046 344 553 640 158 642 409 116 915 924 452 200 1067 452 718 474
421 603 883 820 825 901 0 1040 67 247 1119 190 916 767 1133 764 922 327 928 548 180 1004 809 371 608 202 917 887 635 909 348 1078 695 491 736 373 982 758 100 46 769 1081 1061 659 880 874 147 600 841 1049 436 355 910 671 279 835 490 387 107 723 30 641 997 508 665 480 885 914 951 460 694 1018 393 290 699 712 542 513 650 855 418 942 218 906 763 858 804 359 750 259 626 841 564 110 568 757 830 755 241 653
650 451 478 524 887 408 1040 0 1021 795 387 949 632 335 186 319 489 743 129 785 946 43 1038 729 450 977 198 499 548 424 717 397 720 806 304 940 105 512 1033 1085 827 248 435 540 480 195 905 641 454 356 604 850 565 418 871 286 678 674 1116 329 1012 550 269 537 798 699 564 253 290 775 749 315 647 928 538 878 687 772 467 637 632 396 854 297 862 182 330 692 416 799 414 515 807 1101 472 348 857 306 806 402
387 577 896 772 762 909 67 1021 0 244 1079 238 862 764 1105 758 875 337 905 488 225 987 742 327 602 136 909 902 648 918 355 1036 637 431 718 307 969 773 163 85 707 1048 1018 672 894 863 166 549 852 1009 417 294 859 639 221 831 441 389 170 699 52 596 963 499 604 429 834 910 915 493 635 980 380 225 652 648 567 454 613 880 391 900 239 906 700 841 771 331 755 269 608 857 503 175 549 754 768 729 215 627
222 371 656 640 745 666 247 795 244 0 906 191 759 521 897 517 734 105 686 454 181 758 779 217 361 273 670 663 409 676 116 869 572 408 492 377 735 534 243 294 675 854 859 434 654 626 112 446 611 835 198 299 738 449 239 589 338 146 323 486 222 457 774 261 571 338 713 668 730 300 581 800 149 298 517 642 349 412 439 654 195 737 90 662 682 613 582 149 511 53 382 619 480 309 326 512 740 519 84 419
698 543 835 339 649 769 1119 387 1079 906 0 1092 358 629 231 603 241 898 350 682 1084 414 816 752 661 990 551 856 823 787 874 48 554 726 494 890 478 833 1146 1158 614 139 90 825 836 513 1015 556 800 71 714 825 304 459 877 612 647 834 1216 454 1089 488 155 700 635 664 320 612 185 1006 579 113 768 914 438 688 941 690 470 984 711 181 988 657 651 438 328 765 724 932 570 861 692 1207 607 640 617 419 880 502
412 551 724 831 915 751 190 949 238 191 1092 0 948 645 1068 648 925 207 851 624 14 910 928 398 500 346 802 725 481 757 232 1056 753 573 653 499 877 600 110 225 849 1032 1047 504 721 768 108 634 687 1021 379 446 929 634 372 712 523 276 195 659 187 648 955 416 743 521 904 788 913 279 760 984 325 412 708 807 369 583 628 679 385 926 104 773 852 770 765 340 610 160 548 678 647 174 497 634 913 693 249 596
539 485 958 145 291 907 916 632 862 759 358 948 0 718 548 690 144 793 529 391 937 638 458 555 664 747 718 978 849 926 774 313 240 446 546 609 683 909 971 947 261 442 268 861 958 660 851 318 911 325 606 574 67 403 643 735 430 745 1022 477 887 307 375 646 308 437 73 773 343 957 255 342 657 658 250 341 926 416 370 1077 577 239 849 810 297 573 354 611 803 801 557 965 390 1019 559 724 258 457 704 473
453 295 241 576 890 201 767 335 764 521 629 645 718 0 499 29 603 446 287 688 644 291 1008 536 163 756 158 260 214 219 422 616 691 684 172 773 243 204 740 813 817 513 635 207 241 140 623 565 193 571 366 674 660 337 668 68 543 382 828 243 743 489 475 269 749 563 646 146 458 443 717 522 388 733 514 839 353 658 389 364 413 539 561 147 845 193 368 465 94 511 211 248 716 810 258 13 867 261 558 273
720 530 663 476 828 593 1133 186 1105 897 231 1068 548 499 0 478 407 863 223 790 1063 225 991 790 584 1041 379 684 711 610 837 258 693 822 417 974 290 689 1141 1177 779 106 303 706 665 362 1010 649 637 228 700 894 484 468 929 461 713 794 1220 412 1104 563 182 654 775 733 490 437 227 926 720 206 749 978 531 844 845 786 504 821 715 315 968 482 817 315 344 775 588 911 520 698 807 1207 573 512 797 379 893 481
437 272 269 547 864 227 764 319 758 517 603 648 690 29 478 0 574 446 263 665 647 276 983 520 156 745 154 289 232 245 422 589 665 663 144 757 232 232 741 810 791 489 607 228 269 125 621 541 222 544 354 658 631 310 654 76 523 380 828 215 739 463 448 260 725 543 617 154 431 456 692 495 380 719 487 814 369 637 363 393 399 510 561 162 820 168 339 453 122 509 190 277 694 810 241 38 840 232 550 247
514 409 839 105 422 784 922 489 875 734 241 925 144 603 407 574 0 749 390 446 915 496 586 551 573 774 586 859 756 803 727 193 314 494 435 659 544 801 963 958 378 303 157 764 839 530 836 332 794 193 558 604 77 320 663 612 434 693 1024 371 892 281 231 576 394 448 84 642 200 892 338 202 612 692 223 450 848 459 304 967 541 95 822 682 415 443 235 585 693 769 468 851 454 1018 483 611 390 345 693 385
261 355 558 663 813 574 327 743 337 105 898 207 793 446 863 446 749 0 644 527 203 704 861 286 295 378 600 564 311 582 26 865 628 487 447 475 673 435 295 373 741 831 860 335 556 563 180 494 515 828 191 391 763 442 339 514 394 69 382 456 307 485 757 210 639 399 740 591 716 203 641 788 137 400 544 716 244 485 445 550 216 739 115 581 751 563 570 196 423 69 343 520 554 364 294 435 805 491 183 397
527 330 486 409 769 421 928 129 905 686 350 851 529 287 223 263 390 644 0 657 846 115 917 605 362 855 206 507 494 439 619 344 596 677 197 813 154 487 928 972 706 227 372 491 487 164 798 513 450 299 491 723 463 290 747 263 550 576 1009 207 899 422 201 435 672 571 458 266 202 703 625 251 537 802 411 754 624 643 338 634 514 304 752 310 741 95 204 575 380 695 304 511 679 995 360 299 740 180 690 280
283 394 912 343 291 886 548 785 488 454 682 624 391 688 790 665 446 527 657 0 611 768 342 241 556 362 770 927 717 903 518 634 154 57 544 218 783 819 619 573 225 702 603 737 911 708 517 144 860 622 390 194 406 379 270 737 152 508 656 483 521 235 614 480 119 137 382 804 565 726 147 610 418 271 259 189 734 42 324 980 338 505 540 824 228 641 459 333 739 506 477 897 30 656 437 686 289 492 378 424
402 544 727 821 902 753 180 946 225 181 1084 14 937 644 1063 647 915 203 846 611 0 907 915 387 498 332 800 729 484 759 228 1048 741 560 649 485 875 603 104 216 836 1026 1039 507 725 766 95 622 690 1013 371 432 918 626 358 712 512 272 191 653 175 638 948 411 730 509 894 788 906 286 747 976 318 398 698 794 374 571 619 685 376 917 96 774 839 766 758 330 611 153 543 683 634 171 491 633 900 687 237 590
620 422 439 523 883 369 1004 43 987 758 414 910 638 291 225 276 496 704 115 768 907 0 1032 701 410 947 155 459 505 385 678 420 711 786 270 916 66 469 995 1050 821 277 455 496 440 152 868 625 413 377 570 824 571 395 843 243 655 635 1079 301 977 534 285 499 787 677 568 212 300 733 740 333 611 901 526 869 644 753 446 596 600 406 816 257 856 147 319 660 373 761 379 474 791 1063 438 304 854 282 772 374
625 715 1241 519 167 1209 809 1038 742 779 816 928 458 1008 991 983 586 861 917 342 915 1032 0 576 890 606 1067 1257 1057 1227 854 770 324 375 850 437 1061 1155 897 819 213 888 726 1076 1240 1004 820 444 1189 778 732 484 514 677 556 1050 492 848 910 782 788 522 810 820 259 479 503 1109 769 1063 296 787 759 523 511 169 1075 382 623 1318 680 676 857 1136 176 927 714 671 1069 832 802 1231 313 917 769 1009 199 780 697 736
84 279 731 450 529 720 371 729 327 217 752 398 555 536 790 520 551 286 605 241 387 701 576 0 380 251 655 744 510 734 278 709 356 201 437 238 695 624 416 408 459 726 691 532 730 599 297 237 681 683 180 139 542 323 142 597 126 273 473 400 341 270 639 282 355 122 517 673 591 487 364 655 190 202 328 430 504 199 290 773 127 573 306 682 467 556 449 97 564 267 338 708 268 468 281 531 523 425 150 327
299 185 357 519 788 340 608 450 602 361 661 500 664 163 584 156 573 295 362 556 498 410 890 380 0 593 308 372 186 355 270 637 587 544 171 618 378 265 589 655 714 569 645 198 356 268 466 450 306 594 204 519 614 261 507 230 406 227 675 210 583 389 509 105 633 424 596 309 478 346 610 549 225 573 429 723 281 522 299 431 254 531 409 309 738 274 349 303 186 356 107 342 585 658 121 155 770 244 395 191
328 526 919 669 628 922 202 977 136 273 990 346 747 756 1041 745 774 378 855 362 332 947 606 251 593 0 889 928 677 933 387 946 515 305 680 171 938 800 293 217 575 974 923 701 917 837 248 442 872 923 391 173 750 573 113 821 343 410 306 649 182 502 886 488 474 327 725 899 837 564 510 898 370 92 554 514 621 332 538 926 351 809 310 902 567 802 699 293 764 316 575 886 374 311 515 748 635 675 205 575
571 385 287 586 932 218 917 198 909 670 551 802 718 158 379 154 586 600 206 770 800 155 1067 655 308 889 0 307 363 236 576 549 743 776 227 886 94 315 895 963 863 419 578 351 288 63 774 634 258 504 498 789 654 393 793 96 638 534 981 288 891 548 407 410 811 659 645 61 406 598 771 456 529 856 557 899 505 747 449 442 539 505 715 106 895 146 368 596 225 663 317 319 796 964 375 170 906 286 698 347
666 543 21 836 1146 91 887 499 902 663 856 725 978 260 684 289 859 564 507 927 729 459 1257 744 372 928 307 0 254 76 548 850 946 915 433 980 394 129 833 931 1073 726 876 229 20 343 741 814 69 805 564 882 918 595 858 249 777 519 920 503 869 744 707 461 999 795 905 248 700 459 971 756 566 925 773 1089 359 894 645 142 617 789 669 202 1099 425 626 657 188 633 456 47 956 899 490 256 1124 521 723 528
440 369 248 704 966 270 635 548 648 409 823 481 849 214 711 232 756 311 494 717 484 505 1057 510 186 677 363 254 0 276 294 804 764 696 332 740 453 125 586 680 891 717 816 24 245 354 488 625 206 759 332 644 799 446 613 267 565 266 675 387 616 571 668 237 805 580 781 330 643 240 786 712 323 680 614 893 142 680 484 264 387 708 417 305 912 398 526 417 141 380 292 210 747 655 299 201 948 417 472 377
654 512 58 786 1108 19 909 424 918 676 787 757 926 219 610 245 803 582 439 903 759 385 1227 734 355 933 236 76 276 0 563 784 910 896 387 972 320 161 862 954 1036 656 811 253 61 278 762 783 71 738 556 873 865 555 857 191 756 530 950 458 889 708 641 454 968 775 853 176 636 501 936 690 565 923 732 1058 400 872 608 218 608 729 692 130 1064 363 573 653 171 651 427 108 932 930 468 218 1085 471 730 492
246 331 541 643 801 554 348 717 355 116 874 232 774 422 837 422 727 26 619 518 228 678 854 278 270 387 576 548 294 563 0 841 614 479 421 477 648 419 319 394 728 805 836 318 539 538 202 478 497 803 169 390 743 418 341 490 381 43 406 430 326 466 732 184 628 387 720 568 692 208 628 763 117 405 524 706 238 476 423 539 199 715 139 558 740 537 545 185 402 89 317 504 545 388 269 411 792 466 188 373
658 510 829 292 603 765 1078 397 1036 869 48 1056 313 616 258 589 193 865 344 634 1048 420 770 709 637 946 549 850 804 784 841 0 507 679 472 843 481 820 1107 1117 566 156 47 807 830 507 977 510 792 46 678 780 257 423 833 604 603 802 1176 428 1048 444 143 669 587 619 272 610 161 979 531 94 733 868 392 641 918 643 431 975 674 136 952 655 604 428 296 726 710 896 542 853 644 1167 576 626 571 393 840 471
368 404 928 220 202 892 695 720 637 572 554 753 240 691 693 665 314 628 596 154 741 711 324 356 587 515 743 946 764 910 614 507 0 210 528 370 738 851 759 722 127 596 470 781 928 680 649 141 877 501 462 343 262 356 417 729 235 595 802 459 667 202 511 533 82 234 241 786 466 816 29 498 503 424 187 158 807 183 303 1018 418 388 661 814 154 603 392 433 758 620 490 922 150 801 466 693 184 457 504 418
257 393 901 389 342 880 491 806 431 408 726 573 446 684 822 663 494 487 677 57 560 786 375 201 544 305 776 915 696 896 479 679 210 0 550 166 797 803 563 516 279 738 649 717 900 715 465 174 849 664 365 137 457 392 213 736 141 474 599 493 465 260 649 460 174 121 434 806 600 688 205 649 387 214 294 235 703 36 340 960 311 547 491 824 279 654 485 297 729 460 473 883 74 600 428 681 343 506 329 429
354 161 413 403 724 368 736 304 718 492 494 653 546 172 417 144 435 447 197 544 649 270 850 437 171 680 227 433 332 387 421 472 528 550 0 663 259 366 732 781 652 398 484 337 413 166 603 411 365 428 300 567 488 172 578 201 411 378 814 71 708 328 339 238 592 432 474 261 312 517 555 381 343 638 346 681 448 520 227 532 331 378 555 286 682 123 200 391 258 499 110 419 571 799 169 178 700 90 503 120
320 502 968 554 461 958 373 940 307 377 890 499 609 773 974 757 659 475 813 218 485 916 437 238 618 171 886 980 740 972 477 843 370 166 663 0 919 858 460 387 413 895 814 764 966 828 393 334 918 827 417 99 623 523 138 833 264 486 476 616 351 413 806 519 317 243 599 907 757 676 360 809 417 87 454 347 715 201 477 1002 364 710 441 919 401 777 632 324 801 429 571 943 222 482 516 768 471 635 293 546
613 418 374 561 918 303 982 105 969 735 478 877 683 243 290 232 544 673 154 783 875 66 1061 695 378 938 94 394 453 320 648 481 738 797 259 919 0 409 966 1028 853 341 515 443 375 110 842 642 349 437 553 824 617 405 837 187 662 605 1052 304 955 553 343 474 812 683 612 148 352 686 767 392 590 897 551 896 595 765 459 532 587 456 787 193 887 143 349 647 317 733 363 410 808 1036 423 256 890 291 755 373
550 447 124 764 1053 160 758 512 773 534 833 600 909 204 689 232 801 435 487 819 603 469 1155 624 265 800 315 129 125 161 419 820 851 803 366 858 409 0 706 803 978 713 839 100 122 328 612 715 90 775 444 761 853 512 734 228 668 391 794 432 740 651 679 344 899 684 838 267 662 340 875 726 441 800 687 988 239 784 557 169 498 741 540 229 1003 395 566 534 110 504 362 86 848 773 386 194 1033 456 596 442
451 614 831 864 903 856 100 1033 163 243 1146 110 971 740 1141 741 963 295 928 619 104 995 897 416 589 293 895 833 586 862 319 1107 759 563 732 460 966 706 0 123 843 1097 1095 609 828 857 132 653 793 1075 441 428 958 690 351 808 541 361 88 729 112 682 1016 496 737 534 933 885 972 388 762 1041 391 375 741 791 478 580 676 788 435 974 180 873 840 851 824 381 711 234 623 786 638 70 568 729 906 762 270 662
462 647 927 855 845 946 46 1085 85 294 1158 225 947 813 1177 810 958 373 972 573 216 1050 819 408 655 217 963 931 680 954 394 1117 722 516 781 387 1028 803 123 0 791 1123 1099 704 925 920 193 633 886 1088 481 380 943 714 306 881 525 433 92 767 73 678 1039 554 688 513 918 960 992 500 720 1058 439 308 735 731 584 539 690 897 461 981 262 952 783 904 846 402 796 305 671 885 588 103 613 803 851 799 284 697
484 532 1055 306 75 1018 769 827 707 675 614 849 261 817 779 791 378 741 706 225 836 821 213 459 714 575 863 1073 891 1036 728 566 127 279 652 413 853 978 843 791 0 678 524 908 1054 801 742 266 1004 571 583 415 309 481 492 853 348 713 876 583 743 329 598 658 106 341 295 908 556 933 104 577 621 483 307 83 929 266 428 1145 536 465 763 938 37 721 504 544 885 726 617 1049 205 878 593 819 64 578 602 545
661 483 706 377 725 638 1081 248 1048 854 139 1032 442 513 106 489 303 831 227 702 1026 277 888 726 569 974 419 726 717 656 805 156 596 738 398 895 341 713 1097 1123 678 0 199 715 707 388 965 564 673 123 656 820 378 410 861 488 638 764 1172 375 1052 482 89 624 678 657 386 480 139 916 623 101 708 906 444 744 843 702 437 858 664 212 930 526 715 321 277 722 606 873 490 735 717 1161 536 525 693 340 840 436
644 507 855 260 559 792 1061 435 1018 859 90 1047 268 635 303 607 157 860 372 603 1039 455 726 691 645 923 578 876 816 811 836 47 470 649 484 814 515 839 1095 1099 524 199 0 820 855 533 965 483 816 79 671 755 216 418 810 627 580 799 1161 434 1031 422 172 670 550 596 232 638 177 983 493 123 726 843 368 600 925 614 420 997 663 122 944 682 561 451 298 714 729 888 546 876 611 1153 576 645 527 401 826 471
461 383 224 715 983 247 659 540 672 434 825 504 861 207 706 228 764 335 491 737 507 496 1076 532 198 701 351 229 24 253 318 807 781 717 337 764 443 100 609 704 908 715 820 0 221 346 512 642 183 762 354 667 810 458 637 256 585 291 697 394 640 586 669 257 823 601 792 316 646 257 804 714 346 703 628 912 157 700 498 243 409 714 441 288 930 396 533 440 127 404 304 186 767 677 315 194 965 423 497 388
652 525 3 816 1128 73 880 480 894 654 836 721 958 241 665 269 839 556 487 911 725 440 1240 730 356 917 288 20 245 61 539 830 928 900 413 966 375 122 828 925 1054 707 855 221 0 323 734 797 51 785 550 868 899 576 846 229 761 509 916 484 861 725 687 447 982 780 886 229 679 457 953 736 553 913 754 1072 357 878 627 158 603 769 662 183 1081 405 606 644 171 625 439 50 940 895 474 237 1106 501 712 510
515 326 322 526 869 259 874 195 863 626 513 768 660 140 362 125 530 563 164 708 766 152 1004 599 268 837 63 343 354 278 538 507 680 715 166 828 110 328 857 920 801 388 533 346 323 0 734 571 286 461 448 731 596 331 738 100 577 496 943 225 848 485 364 366 748 598 587 113 358 581 708 413 483 800 494 836 493 685 386 471 486 452 677 152 833 87 308 544 225 624 262 348 734 926 321 153 843 223 650 286
322 482 736 739 807 754 147 905 166 112 1015 108 851 623 1010 621 836 180 798 517 95 868 820 297 466 248 774 741 488 762 202 977 649 465 603 393 842 612 132 193 742 965 965 512 734 734 0 534 694 944 310 338 834 559 264 691 422 241 211 598 128 556 885 369 636 418 810 769 840 328 654 909 261 306 616 699 401 477 546 714 304 844 73 760 744 724 692 251 603 113 494 696 539 197 438 612 806 631 147 530
233 272 798 226 341 766 600 641 549 446 556 634 318 565 649 541 332 494 513 144 622 625 444 237 450 442 634 814 625 783 478 510 141 174 411 334 642 715 653 633 266 564 483 642 797 571 534 0 746 492 322 272 310 241 333 608 112 457 706 346 571 91 475 392 185 120 285 671 426 677 161 476 365 360 120 275 666 138 185 881 280 376 537 696 288 501 315 301 626 492 358 789 166 702 329 565 325 352 387 294
602 474 52 768 1078 70 841 454 852 611 800 687 911 193 637 222 794 515 450 860 690 413 1189 681 306 872 258 69 206 71 497 792 877 849 365 918 349 90 793 886 1004 673 816 183 51 286 694 746 0 746 501 819 852 527 799 188 711 465 881 435 821 675 649 398 931 729 839 202 639 430 903 698 506 865 704 1021 329 827 577 185 554 726 624 158 1031 365 560 596 121 584 388 62 889 860 423 188 1056 454 667 460
628 473 784 282 612 720 1049 356 1009 835 71 1021 325 571 228 544 193 828 299 622 1013 377 778 683 594 923 504 805 759 738 803 46 501 664 428 827 437 775 1075 1088 571 123 79 762 785 461 944 492 746 0 643 760 264 388 810 558 580 764 1145 386 1019 421 98 630 583 598 276 565 117 937 527 49 697 848 373 642 875 628 400 929 641 117 917 609 608 382 258 695 665 861 501 807 634 1136 537 581 580 351 810 432
108 173 551 474 657 542 436 604 417 198 714 379 606 366 700 354 558 191 491 390 371 570 732 180 204 391 498 564 332 556 169 678 462 365 300 417 553 444 441 481 583 656 671 354 550 448 310 322 501 643 0 318 574 255 303 430 240 139 520 288 408 299 577 103 488 253 551 508 535 356 479 605 55 369 356 573 347 351 254 597 55 550 275 512 599 423 386 99 385 219 191 528 419 507 132 359 645 321 203 221
221 407 869 498 475 859 355 850 294 299 825 446 574 674 894 658 604 391 723 194 432 824 484 139 519 173 789 882 644 873 390 780 343 137 567 99 824 761 428 380 415 820 755 667 868 731 338 272 819 760 318 0 577 434 77 734 182 395 462 523 328 339 731 421 311 163 553 809 681 594 341 738 321 88 388 364 625 160 391 907 265 645 374 820 412 683 550 227 702 352 473 845 210 463 418 669 477 544 215 452
516 440 898 101 348 846 910 565 859 738 304 929 67 660 484 631 77 763 463 406 918 571 514 542 614 750 654 918 799 865 743 257 262 457 488 623 617 853 958 943 309 378 216 810 899 596 834 310 852 264 574 577 0 354 642 674 420 712 1014 421 880 281 309 605 338 430 25 709 276 919 282 278 626 664 221 384 882 424 328 1021 550 172 827 747 346 509 293 588 746 777 507 908 409 1010 515 666 316 399 689 423
252 90 577 258 553 537 671 418 639 449 459 634 403 337 468 310 320 442 290 379 626 395 677 323 261 573 393 595 446 555 418 423 356 392 172 523 405 512 690 714 481 410 418 458 576 331 559 241 527 388 255 434 354 0 463 373 261 381 764 106 642 155 327 257 420 282 335 432 281 573 383 351 309 515 177 508 529 359 55 681 256 297 530 459 510 263 133 313 411 474 154 576 404 753 163 340 530 114 431 70
224 421 848 558 552 843 279 871 221 239 877 372 643 668 929 654 663 339 747 270 358 843 556 142 507 113 793 858 613 857 341 833 417 213 578 138 837 734 351 306 492 861 810 637 846 738 264 333 799 810 303 77 642 463 0 730 230 353 386 542 252 389 773 404 387 215 617 808 724 539 415 785 293 67 442 440 579 234 426 872 255 696 306 814 489 698 586 204 686 291 476 819 287 387 418 661 554 567 156 469
513 344 228 596 925 172 835 286 831 589 612 712 735 68 461 76 612 514 263 737 712 243 1050 597 230 821 96 249 267 191 490 604 729 736 201 833 187 228 808 881 853 488 627 256 229 100 691 608 188 558 430 734 674 373 730 0 596 449 895 271 811 528 461 335 791 616 662 79 451 503 756 509 455 795 547 880 409 709 427 372 475 540 629 88 883 177 381 529 130 578 264 249 764 877 316 79 900 282 625 315
137 253 762 331 421 740 490 678 441 338 647 523 430 543 713 523 434 394 550 152 512 655 492 126 406 343 638 777 565 756 381 603 235 141 411 264 662 668 541 525 348 638 580 585 761 577 422 112 711 580 240 182 420 261 230 596 0 366 595 358 461 160 549 328 249 22 395 666 500 586 247 558 274 269 213 333 587 117 213 828 190 467 428 684 361 519 369 198 590 385 333 747 181 590 288 541 411 374 276 291
229 292 511 611 786 520 387 674 389 146 834 276 745 382 794 380 693 69 576 508 272 635 848 273 227 410 534 519 266 530 43 802 595 474 378 486 605 391 361 433 713 764 799 291 509 496 241 457 465 764 139 395 712 381 353 449 366 0 448 389 364 438 691 141 614 374 689 528 651 221 611 723 92 419 495 696 231 467 389 520 177 678 181 520 727 494 506 177 366 129 275 476 537 431 228 371 776 424 206 332
518 691 918 923 932 944 107 1116 170 323 1216 195 1022 828 1220 828 1024 382 1009 656 191 1079 910 473 675 306 981 920 675 950 406 1176 802 599 814 476 1052 794 88 92 876 1172 1161 697 916 943 211 706 881 1145 520 462 1014 764 386 895 595 448 0 808 135 743 1090 580 772 586 989 973 1045 472 802 1113 472 395 801 818 564 620 746 872 508 1041 267 961 870 935 897 451 800 319 705 874 672 22 649 817 937 841 335 739
321 123 484 333 654 439 723 329 699 486 454 659 477 243 412 215 371 456 207 483 653 301 782 400 210 649 288 503 387 458 430 428 459 493 71 616 304 432 729 767 583 375 434 394 484 225 598 346 435 386 288 523 421 106 542 271 358 389 808 0 695 261 305 249 525 379 406 327 270 551 487 342 338 600 276 613 491 462 161 600 308 322 557 355 613 161 140 368 326 500 116 489 509 795 162 248 629 36 485 73
392 574 864 790 800 880 30 1012 52 222 1089 187 887 743 1104 739 892 307 899 521 175 977 788 341 583 182 891 869 616 889 326 1048 667 465 708 351 955 740 112 73 743 1052 1031 640 861 848 128 571 821 1019 408 328 880 642 252 811 461 364 135 695 0 611 968 482 639 451 855 890 921 449 667 988 366 266 669 688 527 485 620 841 389 912 201 883 738 831 775 330 728 238 599 823 538 135 540 733 805 726 212 624
236 205 726 183 403 690 641 550 596 457 488 648 307 489 563 463 281 485 422 235 638 534 522 270 389 502 548 744 571 708 466 444 202 260 328 413 553 651 682 678 329 482 422 586 725 485 556 91 675 421 299 339 281 155 389 528 160 438 743 261 611 0 393 349 264 177 256 588 344 653 229 399 350 427 60 353 629 225 101 819 270 307 547 614 357 412 225 308 557 496 289 721 257 736 272 490 382 263 412 216
576 405 686 294 649 622 997 269 963 774 155 955 375 475 182 448 231 757 201 614 948 285 810 639 509 886 407 707 668 641 732 143 511 649 339 806 343 679 1016 1039 598 89 172 669 687 364 885 475 649 98 577 731 309 327 773 461 549 691 1090 305 968 393 0 553 593 568 313 467 49 854 539 50 631 817 355 662 787 613 350 832 582 137 852 512 635 285 193 639 569 795 421 710 629 1079 463 486 617 269 757 360
206 167 449 505 733 440 508 537 499 261 700 416 646 269 654 260 576 210 435 480 411 499 820 282 105 488 410 461 237 454 184 669 533 460 238 519 474 344 496 554 658 624 670 257 447 366 369 392 398 630 103 421 605 257 404 335 328 141 580 249 482 349 553 0 569 343 584 414 516 317 553 588 120 470 399 657 281 443 277 500 156 551 318 414 678 356 373 200 282 262 134 426 509 564 94 261 717 285 290 199
386 457 982 302 174 950 665 798 604 571 635 743 308 749 775 725 394 639 672 119 730 787 259 355 633 474 811 999 805 968 628 587 82 174 592 317 812 899 737 688 106 678 550 823 982 748 636 185 931 583 488 311 338 420 387 791 249 614 772 525 639 264 593 569 0 240 318 852 547 834 56 581 523 383 261 90 835 160 365 1063 439 470 657 878 113 674 469 443 811 622 543 973 101 774 512 750 170 526 496 477
147 274 781 344 413 759 480 699 429 338 664 521 437 563 733 543 448 399 571 137 509 677 479 122 424 327 659 795 580 775 387 619 234 121 432 243 683 684 534 513 341 657 596 601 780 598 418 120 729 598 253 163 430 282 215 616 22 374 586 379 451 177 568 343 240 0 405 687 519 594 243 576 283 250 228 322 598 99 234 844 201 483 428 704 353 541 390 203 609 387 353 764 167 582 307 561 405 395 272 313
492 420 885 79 338 834 885 564 834 713 320 904 73 646 490 617 84 740 458 382 894 568 503 517 596 725 645 905 781 853 720 272 241 434 474 599 612 838 933 918 295 386 232 792 886 587 810 285 839 276 551 553 25 335 617 662 395 689 989 406 855 256 313 584 318 405 0 699 277 898 262 285 603 640 197 368 862 400 306 1005 526 176 803 737 332 500 281 564 731 752 489 893 386 985 494 652 306 385 664 405
589 413 227 638 978 158 914 253 910 668 612 788 773 146 437 154 642 591 266 804 788 212 1109 673 309 899 61 248 330 176 568 610 786 806 261 907 148 267 885 960 908 480 638 316 229 113 769 671 202 565 508 809 709 432 808 79 666 528 973 327 890 588 467 414 852 687 699 0 466 570 814 517 534 872 601 940 473 778 487 384 552 563 706 46 939 199 420 607 189 656 337 262 831 954 392 156 953 331 704 379
530 362 679 251 610 617 951 290 915 730 185 913 343 458 227 431 200 716 202 565 906 300 769 591 478 837 406 700 643 636 692 161 466 600 312 757 352 662 972 992 556 139 177 646 679 358 840 426 639 117 535 681 276 281 724 451 500 651 1045 270 921 344 49 516 547 519 277 466 0 821 494 72 588 768 306 618 758 564 302 820 537 106 810 509 593 274 148 593 552 753 385 699 581 1034 424 468 579 235 710 319
449 483 460 819 1007 498 460 775 493 300 1006 279 957 443 926 456 892 203 703 726 286 733 1063 487 346 564 598 459 240 501 208 979 816 688 517 676 686 340 388 500 933 916 983 257 457 581 328 677 430 937 356 594 919 573 539 503 586 221 472 551 449 653 854 317 834 594 898 570 821 0 831 893 313 598 708 914 101 684 592 400 398 865 257 544 947 611 685 393 381 250 437 411 754 450 410 430 996 586 383 513
383 429 954 247 180 918 694 749 635 581 579 760 255 717 720 692 338 641 625 147 747 740 296 364 610 510 771 971 786 936 628 531 29 205 555 360 767 875 762 720 104 623 493 804 953 708 654 161 903 527 479 341 282 383 415 756 247 611 802 487 667 229 539 553 56 243 262 814 494 831 0 525 519 418 216 129 826 182 329 1041 434 414 670 842 128 631 421 445 783 630 515 947 138 802 489 719 165 485 511 445
596 434 735 278 624 671 1018 315 980 800 113 984 342 522 206 495 202 788 251 610 976 333 787 655 549 898 456 756 712 690 763 94 498 649 381 809 392 726 1041 1058 577 101 123 714 736 413 909 476 698 49 605 738 278 351 785 509 558 723 1113 342 988 399 50 588 581 576 285 517 72 893 525 0 659 826 355 645 829 613 368 881 606 112 880 561 614 333 219 661 616 824 457 758 624 1103 496 532 592 306 778 391
137 226 555 526 694 553 393 647 380 149 768 325 657 388 749 380 612 137 537 418 318 611 759 190 225 370 529 566 323 565 117 733 503 387 343 417 590 441 391 439 621 708 726 346 553 483 261 365 506 697 55 321 626 309 293 455 274 92 472 338 366 350 631 120 523 283 603 534 588 313 519 659 0 360 408 605 316 378 309 585 85 604 222 534 635 465 440 95 395 165 234 527 447 458 177 380 684 371 170 272
285 480 914 587 537 910 290 928 225 298 914 412 658 733 978 719 692 400 802 271 398 901 523 202 573 92 856 925 680 923 405 868 424 214 638 87 897 800 375 308 483 906 843 703 913 800 306 360 865 848 369 88 664 515 67 795 269 419 395 600 266 427 817 470 383 250 640 872 768 598 418 826 360 0 476 423 643 243 475 938 320 733 357 879 476 757 635 270 752 349 539 886 282 399 481 727 544 622 217 527
296 245 754 123 378 713 699 538 652 517 438 708 250 514 531 487 223 544 411 259 698 526 511 328 429 554 557 773 614 732 524 392 187 294 346 454 551 687 741 735 307 444 368 628 754 494 616 120 704 373 356 388 221 177 442 547 213 495 801 276 669 60 355 399 261 228 197 601 306 708 216 355 408 476 0 345 680 258 130 856 329 257 607 631 339 416 208 368 588 556 325 753 277 795 316 517 354 271 471 246
469 547 1072 368 114 1040 712 878 648 642 688 807 341 839 844 814 450 716 754 189 794 869 169 430 723 514 899 1089 893 1058 706 641 158 235 681 347 896 988 791 731 83 744 600 912 1072 836 699 275 1021 642 573 364 384 508 440 880 333 696 818 613 688 353 662 657 90 322 368 940 618 914 129 645 605 423 345 0 919 231 454 1153 523 533 726 967 57 760 550 521 901 694 633 1063 163 822 602 840 127 613 564 567
451 442 360 783 1004 397 542 687 567 349 941 369 926 353 845 369 848 244 624 734 374 644 1075 504 281 621 505 359 142 400 238 918 807 703 448 715 595 239 478 584 929 843 925 157 357 493 401 666 329 875 347 625 882 529 579 409 587 231 564 491 527 629 787 281 835 598 862 473 758 101 826 829 316 643 680 919 0 693 556 314 397 811 328 445 946 530 629 407 283 305 382 312 763 543 368 340 991 525 426 463
243 366 879 354 333 856 513 772 454 412 690 583 416 658 786 637 459 485 643 42 571 753 382 199 522 332 747 894 680 872 476 643 183 36 520 201 765 784 580 539 266 702 614 700 878 685 477 138 827 628 351 160 424 359 234 709 117 467 620 462 485 225 613 443 160 99 400 778 564 684 182 613 378 243 258 231 693 0 307 943 298 511 498 797 270 622 450 291 707 464 448 863 70 620 405 656 330 473 337 400
228 116 627 228 501 589 650 467 613 439 470 628 370 389 504 363 304 445 338 324 619 446 623 290 299 538 449 645 484 608 423 431 303 340 227 477 459 557 676 690 428 437 420 498 627 386 546 185 577 400 254 391 328 55 426 427 213 389 746 161 620 101 350 277 365 234 306 487 302 592 329 368 309 475 130 454 556 307 0 726 243 298 524 513 457 317 160 295 459 469 195 624 349 737 189 391 479 168 411 117
704 615 160 932 1220 232 855 637 880 654 984 679 1077 364 821 393 967 550 634 980 685 596 1318 773 431 926 442 142 264 218 539 975 1018 960 532 1002 532 169 788 897 1145 858 997 243 158 471 714 881 185 929 597 907 1021 681 872 372 828 520 872 600 841 819 832 500 1063 844 1005 384 820 400 1041 881 585 938 856 1153 314 943 726 0 651 903 641 339 1169 547 732 680 274 615 531 123 1009 851 552 356 1201 622 725 611
55 186 605 450 610 594 418 632 391 195 711 385 577 413 715 399 541 216 514 338 376 600 680 127 254 351 539 617 387 608 199 674 418 311 331 364 587 498 435 461 536 664 663 409 603 486 304 280 554 641 55 265 550 256 255 475 190 177 508 308 389 270 582 156 439 201 526 552 537 398 434 606 85 320 329 523 397 298 243 651 0 541 281 559 551 453 389 61 437 228 224 582 367 497 165 407 599 338 178 236
523 386 768 167 513 710 942 396 900 737 181 926 239 539 315 510 95 739 304 505 917 406 676 573 531 809 505 789 708 729 715 136 388 547 378 710 456 741 974 981 465 212 122 714 769 452 844 376 726 117 550 645 172 297 696 540 467 678 1041 322 912 307 137 551 470 483 176 563 106 865 414 112 604 733 257 533 811 511 298 903 541 0 822 605 503 366 182 592 631 767 430 784 517 1032 456 547 482 291 706 352
311 448 665 729 831 684 218 854 239 90 988 104 849 561 968 561 822 115 752 540 96 816 857 306 409 310 715 669 417 692 139 952 661 491 555 441 787 540 180 262 763 930 944 441 662 677 73 537 624 917 275 374 827 530 306 629 428 181 267 557 201 547 852 318 657 428 803 706 810 257 670 880 222 357 607 726 328 498 524 641 281 822 0 695 768 673 661 239 536 57 448 623 564 249 395 550 827 591 162 494
599 431 181 674 1009 112 906 297 906 662 657 773 810 147 482 162 682 581 310 824 774 257 1136 682 309 902 106 202 305 130 558 655 814 824 286 919 193 229 873 952 938 526 682 288 183 152 760 696 158 609 512 820 747 459 814 88 684 520 961 355 883 614 512 414 878 704 737 46 509 544 842 561 534 879 631 967 445 797 513 339 559 605 695 0 968 239 457 611 165 647 352 218 852 942 403 154 984 362 703 402
498 557 1082 343 63 1046 763 862 700 682 651 852 297 845 817 820 415 751 741 228 839 856 176 467 738 567 895 1099 912 1064 740 604 154 279 682 401 887 1003 840 783 37 715 561 930 1081 833 744 288 1031 608 599 412 346 510 489 883 361 727 870 613 738 357 635 678 113 353 332 939 593 947 128 614 635 476 339 57 946 270 457 1169 551 503 768 968 0 754 538 555 912 733 643 1075 205 873 617 847 70 609 606 573
475 277 404 441 788 344 858 182 841 613 438 770 573 193 315 168 443 563 95 641 766 147 927 556 274 802 146 425 398 363 537 428 603 654 123 777 143 395 851 904 721 321 451 396 405 87 724 501 365 382 423 683 509 263 698 177 519 494 935 161 831 412 285 356 674 541 500 199 274 611 631 333 465 757 416 760 530 622 317 547 453 366 673 239 754 0 223 513 287 618 232 425 666 920 292 204 762 150 626 231
384 215 606 218 569 553 804 330 771 582 328 765 354 368 344 339 235 570 204 459 758 319 714 449 349 699 368 626 526 573 545 296 392 485 200 632 349 566 824 846 504 277 298 533 606 308 692 315 560 258 386 550 293 133 586 381 369 506 897 140 775 225 193 373 469 390 281 420 148 685 421 219 440 635 208 550 629 450 160 732 389 182 661 457 538 223 0 446 457 605 248 616 480 886 280 375 541 110 564 174
72 246 646 491 616 640 359 692 331 149 765 340 611 465 775 453 585 196 575 333 330 660 671 97 303 293 596 657 417 653 185 726 433 297 391 324 647 534 381 402 544 722 714 440 644 544 251 301 596 695 99 227 588 313 204 529 198 177 451 368 330 308 639 200 443 203 564 607 593 393 445 661 95 270 368 521 407 291 295 680 61 592 239 611 555 513 446 0 482 191 283 619 361 442 224 458 608 398 118 296
484 355 172 659 959 158 750 416 755 511 724 610 803 94 588 122 693 423 380 739 611 373 1069 564 186 764 225 188 141 171 402 710 758 729 258 801 317 110 711 796 885 606 729 127 171 225 603 626 121 665 385 702 746 411 686 130 590 366 800 326 728 557 569 282 811 609 731 189 552 381 783 616 395 752 588 901 283 707 459 274 437 631 536 165 912 287 457 482 0 491 268 165 769 781 303 84 938 348 561 343
262 391 627 678 795 642 259 799 269 53 932 160 801 511 911 509 769 69 695 506 153 761 832 267 356 316 663 633 380 651 89 896 620 460 499 429 733 504 234 305 726 873 888 404 625 624 113 492 584 861 219 352 777 474 291 578 385 129 319 500 238 496 795 262 622 387 752 656 753 250 630 824 165 349 556 694 305 464 469 615 228 767 57 647 733 618 605 191 491 0 391 588 532 303 338 500 790 534 137 437
254 86 439 412 692 409 626 414 608 382 570 548 557 211 520 190 468 343 304 477 543 379 802 338 107 575 317 456 292 427 317 542 490 473 110 571 363 362 623 671 617 490 546 304 439 262 494 358 388 501 191 473 507 154 476 264 333 275 705 116 599 289 421 134 543 353 489 337 385 437 515 457 234 539 325 633 382 448 195 531 224 430 448 352 643 232 248 283 268 391 0 432 506 691 60 209 671 152 394 84
632 518 52 822 1124 116 841 515 857 619 861 678 965 248 698 277 851 520 511 897 683 474 1231 708 342 886 319 47 210 108 504 853 922 883 419 943 410 86 786 885 1049 735 876 186 50 348 696 789 62 807 528 845 908 576 819 249 747 476 874 489 823 721 710 426 973 764 893 262 699 411 947 758 527 886 753 1063 312 863 624 123 582 784 623 218 1075 425 616 619 165 588 432 0 927 853 462 242 1103 509 682 508
313 422 941 352 268 915 564 807 503 480 692 647 390 716 807 694 454 554 679 30 634 791 313 268 585 374 796 956 747 932 545 644 150 74 571 222 808 848 638 588 205 717 611 767 940 734 539 166 889 634 419 210 409 404 287 764 181 537 672 509 538 257 629 509 101 167 386 831 581 754 138 624 447 282 277 163 763 70 349 1009 367 517 564 852 205 666 480 361 769 532 506 927 0 673 466 715 268 517 402 451
509 679 898 917 935 924 110 1101 175 309 1207 174 1019 810 1207 810 1018 364 995 656 171 1063 917 468 658 311 964 899 655 930 388 1167 801 600 799 482 1036 773 70 103 878 1161 1153 677 895 926 197 702 860 1136 507 463 1010 753 387 877 590 431 22 795 135 736 1079 564 774 582 985 954 1034 450 802 1103 458 399 795 822 543 620 737 851 497 1032 249 942 873 920 886 442 781 303 691 853 673 0 635 799 940 828 327 727
197 75 475 416 668 452 568 472 549 326 607 497 559 258 573 241 483 294 360 437 491 438 769 281 121 515 375 490 299 468 269 576 466 428 169 516 423 386 568 613 593 536 576 315 474 321 438 329 423 537 132 418 515 163 418 316 288 228 649 162 540 272 463 94 512 307 494 392 424 410 489 496 177 481 316 602 368 405 189 552 165 456 395 403 617 292 280 224 303 338 60 462 466 635 0 255 650 197 334 105
448 294 237 581 892 200 757 348 754 512 640 634 724 13 512 38 611 435 299 686 633 304 1009 531 155 748 170 256 201 218 411 626 693 681 178 768 256 194 729 803 819 525 645 194 237 153 612 565 188 581 359 669 666 340 661 79 541 371 817 248 733 490 486 261 750 561 652 156 468 430 719 532 380 727 517 840 340 656 391 356 407 547 550 154 847 204 375 458 84 500 209 242 715 799 255 0 870 267 550 274
547 586 1106 333 32 1067 830 857 768 740 617 913 258 867 797 840 390 805 740 289 900 854 199 523 770 635 906 1124 948 1085 792 571 184 343 700 471 890 1033 906 851 64 693 527 965 1106 843 806 325 1056 580 645 477 316 530 554 900 411 776 937 629 805 382 617 717 170 405 306 953 579 996 165 592 684 544 354 127 991 330 479 1201 599 482 827 984 70 762 541 608 938 790 671 1103 268 940 650 870 0 622 666 596
348 152 501 315 647 452 755 306 729 519 419 693 457 261 379 232 345 491 180 492 687 282 780 425 244 675 286 521 417 471 466 393 457 506 90 635 291 456 762 799 578 340 401 423 501 223 631 352 454 351 321 544 399 114 567 282 374 424 841 36 726 263 269 285 526 395 385 331 235 586 485 306 371 622 271 613 525 473 168 622 338 291 591 362 609 150 110 398 348 534 152 509 517 828 197 267 622 0 515 102
182 363 714 594 669 718 241 806 215 84 880 249 704 558 893 550 693 183 690 378 237 772 697 150 395 205 698 723 472 730 188 840 504 329 503 293 755 596 270 284 602 840 826 497 712 650 147 387 667 810 203 215 689 431 156 625 276 206 335 485 212 412 757 290 496 272 664 704 710 383 511 778 170 217 471 564 426 337 411 725 178 706 162 703 606 626 564 118 561 137 394 682 402 327 334 550 666 515 0 413
248 50 510 328 618 474 653 402 627 419 502 596 473 273 481 247 385 397 280 424 590 374 736 327 191 575 347 528 377 492 373 471 418 429 120 546 373 442 662 697 545 436 471 388 510 286 530 294 460 432 221 452 423 70 469 315 291 332 739 73 624 216 360 199 477 313 405 379 319 513 445 391 272 527 246 567 463 400 117 611 236 352 494 402 573 231 174 296 343 437 84 508 451 727 105 274 596 102 413 0
