# TTSP Euclidean complete-graph matrix instance
# seed: 2000
# depot: 1
# L_max is not stored in this file; pass it with --budget when running algorithms.
# coordinate rows: node x y
# coord 1 448.457018 947.163714
# coord 2 474.473327 768.232978
# coord 3 790.902285 934.101156
# coord 4 254.057733 795.920843
# coord 5 574.616340 138.976997
# coord 6 755.354743 187.899521
# coord 7 819.844035 146.040801
# coord 8 657.821809 713.575969
# coord 9 343.816955 423.523671
# coord 10 965.434976 206.393873
# coord 11 795.374482 850.349240
# coord 12 604.299267 593.317477
# coord 13 442.764403 957.449914
# coord 14 704.292164 948.154727
# coord 15 730.629541 911.434166
# coord 16 482.240153 881.059469
# coord 17 582.469508 984.852856
# coord 18 219.210323 122.619750
# coord 19 453.351687 52.785801
# coord 20 512.183980 196.782733
# coord 21 468.122345 892.298349
# coord 22 821.349122 283.076928
# coord 23 642.639249 300.132459
# coord 24 567.265783 3.478534
# coord 25 116.320752 108.095639
# coord 26 514.675129 221.603283
# coord 27 196.397979 11.908590
# coord 28 931.309633 123.580381
# coord 29 147.450713 133.955287
# coord 30 905.031717 244.138223
# coord 31 793.280643 88.279209
# coord 32 809.079554 567.449775
# coord 33 845.976811 641.243205
# coord 34 788.037851 220.566940
# coord 35 6.419483 318.512693
# coord 36 330.980776 847.896263
# coord 37 152.067202 285.859924
# coord 38 537.228525 409.758455
# coord 39 743.968292 797.987606
# coord 40 144.420196 189.263426
# coord 41 227.624214 11.124303
# coord 42 487.450936 543.749464
# coord 43 596.058759 885.004497
# coord 44 347.654024 603.037281
# coord 45 426.531445 143.562922
# coord 46 770.270442 890.751601
# coord 47 19.881663 211.946524
# coord 48 565.637281 760.689663
# coord 49 646.788363 395.207444
# coord 50 709.849219 346.726196
# coord 51 399.076257 885.248252
# coord 52 163.668721 234.843523
# coord 53 209.584172 936.798860
# coord 54 594.185798 301.551109
# coord 55 43.787940 487.782125
# coord 56 118.116310 81.846619
# coord 57 634.141708 713.863703
# coord 58 950.598659 646.880566
# coord 59 427.642833 37.240589
# coord 60 133.384543 760.259147
# coord 61 204.526645 515.233975
# coord 62 446.954414 234.265733
# coord 63 818.168267 115.617900
# coord 64 191.671398 743.414840
# coord 65 155.431769 610.267150
# coord 66 769.911490 84.360036
# coord 67 328.838104 529.144086
# coord 68 112.566901 558.995784
# coord 69 80.824074 636.919815
# coord 70 719.716533 716.075674
# coord 71 0.177584 237.539500
# coord 72 728.733299 750.140387
# coord 73 302.570190 936.444308
# coord 74 112.434537 234.684289
# coord 75 545.277411 717.236190
# coord 76 785.340387 429.722335
# coord 77 659.849933 463.240674
# coord 78 914.257003 939.923308
# coord 79 106.303327 40.981107
# coord 80 50.645896 444.464861
# coord 81 365.765455 993.147327
# coord 82 621.729021 324.723979
# coord 83 952.007972 498.551112
# coord 84 64.213189 755.733075
# coord 85 529.355608 68.152723
# coord 86 436.214226 485.817242
# coord 87 806.651317 502.486375
# coord 88 28.991949 72.561891
# coord 89 341.232190 263.222741
# coord 90 572.867048 220.018236
# coord 91 708.996515 10.370048
# coord 92 60.642449 988.264304
# coord 93 154.962776 882.173243
# coord 94 326.017136 343.502369
# coord 95 327.532318 976.371805
# coord 96 141.528052 427.761214
# coord 97 853.882963 727.272039
# coord 98 338.316948 843.433815
# coord 99 935.422351 586.881226
# coord 100 313.364301 659.662641
# reference_nearest_neighbor_tour_cost: 10165
TTSP_MATRIX
100
0 73 59 87 12 17 22 17 84 24 38 26 1 3 28 50 38 78 70 36 50 56 83 30 62 88 58 22 21 20 24 3 85 48 92 97 70 31 95 22 34 31 33 46 92 48 41 34 65 89 56 2 65 22 20 89 20 26 24 88 99 36 37 20 14 98 94 80 84 61 51 85 42 52 86 83 55 20 87 98 80 24 71 47 42 24 77 47 30 35 69 43 8 1 82 54 45 11 19 100
0 181 343 246 818 819 883 314 534 903 360 387 12 256 284 74 139 856 894 753 58 762 676 951 902 729 969 955 867 838 926 524 502 802 769 154 725 545 331 817 962 405 160 359 804 327 851 220 587 655 79 767 239 662 612 926 298 585 910 366 496 713 910 328 447 921 435 513 481 356 839 343 146 788 249 617 528 466 969 641 95 646 674 429 883 462 571 970 692 738 972 390 301 616 124 603 461 151 606 318
181 0 357 222 637 645 712 191 369 746 331 218 192 292 293 113 242 694 716 573 124 596 497 770 751 548 806 790 714 678 751 390 393 631 649 164 580 364 271 666 796 225 169 208 627 320 718 91 411 483 139 617 314 482 514 773 169 491 732 341 370 535 738 284 356 745 280 418 415 251 712 255 241 645 87 460 357 472 815 533 250 467 548 410 702 285 425 826 522 557 793 469 339 450 255 476 382 156 495 194
343 357 0 554 824 747 789 258 679 748 84 389 349 88 64 313 215 993 944 788 325 652 651 957 1066 764 1097 823 1027 699 846 367 298 714 997 468 910 582 144 986 1081 494 201 553 870 48 1056 284 558 593 395 939 581 662 870 1086 270 329 968 680 721 780 819 629 713 850 614 775 770 229 1054 194 488 974 328 504 489 123 1125 888 429 632 464 748 905 572 432 1150 808 747 927 732 638 752 465 823 216 462 376 551
246 222 554 0 731 788 862 412 383 924 544 405 248 475 490 244 379 674 769 652 235 765 630 852 701 631 786 954 670 853 890 600 612 785 538 93 520 479 490 616 785 344 353 214 675 525 629 314 561 640 170 568 148 600 373 727 389 712 778 126 285 594 884 82 210 879 277 276 235 472 613 477 149 579 302 645 525 676 769 406 227 598 759 194 778 360 626 758 540 658 908 273 131 458 195 385 604 97 713 149
818 637 824 731 0 187 245 581 366 397 745 455 829 820 788 748 846 356 149 85 761 286 175 136 459 102 399 357 427 347 224 488 571 228 596 750 447 273 680 433 370 414 746 517 148 777 560 622 266 248 767 422 877 164 635 460 578 632 179 762 528 159 245 716 631 203 461 624 701 595 583 630 843 472 579 359 335 870 478 607 879 192 521 801 84 373 431 550 264 81 186 993 853 322 873 521 651 743 575 583
819 645 747 788 187 0 77 535 474 211 664 433 831 762 724 745 815 540 331 243 761 116 159 263 644 243 586 187 610 160 107 383 462 46 760 785 611 311 610 611 557 445 715 582 332 703 736 603 234 165 783 594 927 197 772 646 540 499 361 845 641 312 96 791 734 105 546 742 810 529 757 563 875 645 569 244 291 769 665 750 895 191 368 894 256 437 319 735 421 185 183 1060 918 457 897 659 548 777 438 646
883 712 789 862 245 77 0 590 551 158 705 497 895 810 771 809 872 601 378 312 825 137 235 290 705 314 638 114 673 130 64 422 496 81 832 855 682 387 656 677 607 518 772 657 393 746 803 665 303 229 851 662 999 274 848 705 597 518 407 921 718 383 30 867 811 79 623 819 887 579 825 611 945 713 634 286 355 799 721 825 961 267 376 971 301 512 357 794 493 258 175 1134 992 532 965 734 582 847 456 721
314 191 258 412 581 535 590 0 427 593 194 132 325 239 211 243 282 736 692 537 261 461 414 716 812 512 840 650 772 531 640 210 202 510 762 353 662 327 121 734 824 241 182 329 615 210 812 104 319 371 311 688 501 417 654 831 24 300 714 527 495 524 619 467 513 639 377 567 582 62 812 80 419 726 113 311 250 342 870 664 404 391 364 595 658 318 258 898 550 501 705 657 530 497 422 590 197 345 305 349
534 369 679 383 366 474 551 427 0 658 621 311 543 637 623 478 610 326 387 282 485 498 323 476 389 265 437 660 350 589 561 487 547 488 353 425 236 194 548 308 428 187 526 180 292 633 387 404 304 374 465 261 531 278 307 409 411 647 395 397 167 216 566 354 265 545 107 268 339 476 391 505 515 299 356 442 319 769 450 294 570 295 613 434 401 111 470 471 160 306 551 632 496 82 553 202 594 420 614 238
903 746 748 924 397 211 158 593 658 0 666 529 915 786 743 830 868 751 535 453 847 163 336 447 855 451 793 90 821 71 209 393 451 178 966 902 817 474 632 821 763 585 773 734 543 712 946 683 370 292 884 802 1051 383 964 856 606 441 564 1000 821 519 173 942 905 230 714 923 984 566 966 593 986 853 661 287 399 735 875 945 989 364 292 1055 457 598 336 946 627 393 323 1196 1055 654 1000 853 533 894 382 794
360 331 84 544 745 664 705 194 621 666 0 320 369 134 89 315 252 928 868 712 330 568 571 877 1006 689 1030 739 966 616 762 283 215 630 951 464 856 511 73 928 1013 435 202 511 797 48 1004 247 479 511 398 882 592 585 834 1024 211 256 892 668 679 708 735 613 683 766 566 742 746 154 1004 120 500 919 283 421 410 149 1063 848 453 554 385 737 826 512 348 1092 742 668 844 748 641 691 485 779 136 457 298 518
387 218 389 405 455 433 497 132 311 529 320 0 398 369 342 313 392 608 561 407 329 379 296 591 688 382 710 572 648 461 539 206 246 416 658 374 547 195 248 612 693 127 292 257 484 341 698 172 203 268 357 568 523 292 570 706 124 350 583 500 407 392 523 439 449 535 283 493 525 168 701 200 457 609 137 244 141 465 744 573 466 269 360 564 530 200 222 776 422 375 592 672 534 374 473 491 283 365 331 298
12 192 349 248 829 831 895 325 543 915 369 398 0 262 292 86 142 864 905 764 70 773 687 962 910 739 977 966 875 850 937 535 512 814 774 157 732 556 341 824 970 416 170 367 814 334 857 232 598 667 84 775 234 673 616 934 310 595 920 367 502 723 922 330 451 932 443 517 483 367 845 353 142 795 261 629 540 472 976 646 85 658 686 429 894 472 583 977 702 749 984 383 297 625 117 609 471 155 616 325
256 292 88 475 820 762 810 239 637 786 134 369 262 0 45 232 127 958 930 776 243 675 651 955 1025 751 1065 855 986 732 864 395 338 732 940 387 862 564 155 943 1051 459 125 496 851 87 1005 233 556 601 312 895 495 656 805 1046 245 389 952 601 661 759 840 552 645 866 563 708 697 233 1000 200 402 927 280 525 487 210 1087 825 342 629 513 668 897 534 457 1106 775 740 938 645 553 713 378 766 267 381 429 486
284 293 64 490 788 724 771 211 623 743 89 342 292 45 0 250 165 940 902 747 263 635 618 923 1011 723 1046 813 972 690 826 353 294 693 936 405 852 538 114 930 1031 441 137 492 826 45 997 223 523 565 333 883 522 625 807 1031 220 344 925 616 659 734 801 565 649 828 555 711 705 196 994 161 429 917 268 485 454 186 1071 825 374 597 468 684 867 518 416 1094 756 709 901 674 576 697 408 762 222 398 384 487
74 113 313 244 748 745 809 243 478 830 315 313 86 232 250 0 144 803 829 685 18 687 603 882 855 660 915 881 819 764 852 453 436 728 737 155 681 474 275 770 906 337 114 309 740 288 813 146 513 581 83 720 278 590 589 878 226 524 846 369 459 648 836 322 424 847 384 490 470 289 804 279 188 745 176 544 454 436 920 614 162 574 606 436 814 398 499 927 634 667 900 435 327 560 182 567 402 149 540 278
139 242 215 379 846 815 872 282 610 868 252 392 142 127 165 144 0 936 941 791 147 741 687 981 993 766 1047 929 956 808 921 475 433 791 881 286 821 577 247 908 1036 451 101 448 856 210 956 225 593 651 209 859 376 683 733 1015 276 500 960 502 603 763 901 459 568 920 522 634 610 302 947 277 284 885 270 591 527 335 1057 758 217 661 611 567 918 520 532 1067 761 765 983 522 440 691 255 710 374 282 532 422
856 694 993 674 356 540 601 736 326 751 928 608 864 958 940 803 936 0 244 302 809 623 459 368 104 312 113 712 73 697 575 739 814 577 289 734 177 428 855 100 112 499 850 497 208 945 218 726 507 539 784 125 814 415 405 109 722 900 225 643 393 254 599 621 492 552 421 449 533 776 247 808 818 155 678 644 557 1073 139 363 883 450 824 652 315 423 700 197 186 367 502 880 762 245 861 315 877 731 854 545
894 716 944 769 149 331 378 692 387 535 868 561 905 930 902 829 941 244 0 156 840 434 311 124 342 180 260 483 316 491 342 626 707 374 520 804 381 367 800 338 230 492 844 560 95 896 462 717 393 390 834 342 917 286 597 336 685 775 30 776 525 182 370 739 632 318 492 610 693 715 489 750 896 386 671 502 459 1000 347 562 944 320 669 803 78 433 572 425 238 206 259 1015 881 317 932 488 784 799 719 623
753 573 788 652 85 243 312 537 282 453 712 407 764 776 747 685 791 302 156 0 697 321 166 201 406 25 366 425 370 396 301 475 556 277 520 676 371 214 644 368 340 348 693 438 101 740 493 566 240 248 698 351 799 133 551 410 531 628 181 679 443 75 317 634 546 281 380 539 616 559 514 594 769 402 522 359 305 845 435 524 810 168 533 716 130 299 424 499 183 65 271 911 773 237 801 437 631 670 576 504
58 124 325 235 761 761 825 261 485 847 330 329 70 243 263 18 147 809 840 697 0 704 617 894 859 672 921 897 823 782 867 471 454 744 736 144 684 487 292 774 913 349 128 313 750 302 815 164 528 597 69 725 262 604 586 883 244 541 856 360 460 658 852 314 421 862 389 487 464 307 805 297 171 748 191 561 470 449 925 612 144 588 624 426 826 408 516 930 642 680 914 419 313 567 164 568 420 139 558 279
762 596 652 765 286 116 137 461 498 163 568 379 773 675 635 687 741 623 434 321 704 0 180 378 726 313 681 194 690 92 197 285 359 71 816 748 669 311 521 683 653 424 643 572 419 610 805 542 207 128 735 659 895 228 804 731 470 386 464 837 659 378 167 780 742 205 551 761 821 445 822 476 834 711 514 151 242 663 755 787 844 204 252 893 363 435 220 820 481 256 295 1037 896 499 851 695 445 740 325 632
676 497 651 630 175 159 235 414 323 336 571 296 687 651 618 603 687 459 311 166 617 180 0 306 560 150 531 338 522 268 260 315 397 166 636 630 491 152 508 510 506 289 587 423 267 604 629 467 95 82 634 483 770 48 628 568 414 464 340 686 488 206 255 632 578 251 388 590 655 423 646 458 721 534 428 193 164 695 596 609 746 32 368 736 258 278 260 654 304 106 297 901 759 320 746 517 477 623 410 488
951 770 957 852 136 263 290 716 476 447 877 591 962 955 923 882 981 368 124 201 894 378 306 0 463 224 371 383 440 415 241 614 696 310 643 877 502 407 814 462 340 546 882 639 199 910 586 757 400 372 898 465 1000 299 713 456 714 749 144 872 627 260 275 830 733 218 577 718 799 729 613 764 970 510 714 479 469 999 462 679 1010 326 627 905 75 500 553 543 344 217 142 1107 971 417 1002 601 778 871 690 704
902 751 1066 701 459 644 705 812 389 855 1006 688 910 1025 1011 855 993 104 342 406 859 726 560 463 0 414 125 815 40 800 677 831 904 681 237 770 181 518 933 86 148 572 913 546 312 1020 142 792 603 640 827 135 834 516 387 26 797 993 319 652 417 354 702 640 504 654 472 451 530 857 174 887 849 127 745 742 649 1153 68 343 920 550 922 650 415 495 795 94 273 470 601 882 775 315 894 321 963 768 949 586
729 548 764 631 102 243 314 512 265 451 689 382 739 751 723 660 766 312 180 25 672 313 150 224 414 0 381 428 378 391 309 454 535 273 517 653 368 190 620 372 356 323 668 416 118 716 495 541 218 232 674 351 778 113 541 420 507 609 204 660 427 69 321 614 529 290 359 525 601 535 515 570 746 402 497 341 282 822 447 515 786 149 518 699 154 276 405 508 178 58 287 891 752 225 778 426 609 646 557 482
969 806 1097 786 399 586 638 840 437 793 1030 710 977 1065 1046 915 1047 113 260 366 921 681 531 371 125 381 0 743 131 746 602 827 904 627 361 847 278 524 958 185 31 606 960 610 265 1050 267 835 591 613 897 225 925 492 500 105 827 986 233 751 503 335 630 732 600 578 534 553 636 877 299 910 931 238 787 722 647 1173 95 456 996 528 899 755 338 531 783 178 290 430 513 986 871 356 973 419 972 844 936 658
955 790 823 954 357 187 114 650 660 90 739 572 966 855 813 881 929 712 483 425 897 194 338 383 815 428 743 0 784 123 142 460 525 173 945 941 796 487 700 790 713 611 832 755 505 784 916 735 393 314 929 776 1087 381 959 814 661 524 511 1021 826 497 113 965 916 166 726 927 993 629 938 658 1028 826 708 339 435 817 829 937 1037 369 376 1073 406 613 399 904 606 371 249 1227 1085 644 1045 846 609 933 463 818
867 714 1027 670 427 610 673 772 350 821 966 648 875 986 972 819 956 73 316 370 823 690 522 440 40 378 131 784 0 766 647 791 863 646 232 737 152 477 893 55 147 532 875 510 279 980 150 753 564 601 792 102 805 477 369 60 757 953 296 626 386 316 671 611 476 624 435 426 507 816 180 847 817 107 706 703 609 1112 102 325 886 511 883 627 388 455 755 133 233 434 575 859 748 275 861 294 923 735 909 551
838 678 699 853 347 160 130 531 589 71 616 461 850 732 690 764 808 697 491 396 782 92 268 415 800 391 746 123 766 0 192 337 401 119 902 833 754 403 577 763 716 514 711 663 489 661 886 618 299 221 817 741 982 316 895 803 542 405 520 928 751 458 155 871 834 209 643 853 913 507 905 536 918 793 594 221 329 696 824 878 923 295 259 984 415 527 276 893 564 333 305 1125 985 587 933 785 486 825 344 723
926 751 846 890 224 107 64 640 561 209 762 539 937 864 826 852 921 575 342 301 867 197 260 241 677 309 602 142 647 192 0 479 555 132 820 889 671 411 711 657 571 549 821 681 371 803 783 710 340 272 889 646 1030 292 849 675 646 580 369 942 727 376 37 889 824 24 640 828 899 632 807 665 980 696 676 342 398 860 689 824 1001 292 440 988 265 534 414 764 485 257 115 1160 1019 532 1003 735 642 882 518 746
524 390 367 600 488 383 422 210 487 393 283 206 535 395 353 453 475 739 626 475 471 285 315 614 831 454 827 460 791 337 479 0 83 348 840 554 715 314 240 765 805 323 382 463 571 326 866 311 237 242 519 726 704 342 769 845 228 162 653 703 607 492 452 642 655 485 482 697 732 173 874 200 627 772 303 140 182 387 878 768 615 307 159 768 572 382 65 924 558 420 566 859 726 532 632 682 166 546 128 504
502 393 298 612 571 462 496 202 547 451 215 246 512 338 294 436 433 814 707 556 454 359 397 696 904 535 904 525 863 401 555 83 0 425 899 555 780 386 187 835 883 372 349 500 651 261 931 305 317 324 509 794 702 423 817 918 224 105 735 722 654 570 526 662 691 562 529 738 765 147 937 160 618 839 310 220 258 306 953 819 595 388 178 790 655 438 144 995 631 502 646 859 732 599 617 736 86 546 105 533
802 631 714 785 228 46 81 510 488 178 630 416 814 732 693 728 791 577 374 277 744 71 166 310 681 273 627 173 646 119 132 348 425 0 788 776 639 314 579 644 598 441 692 583 370 670 768 584 225 148 770 625 921 210 791 684 517 456 404 848 654 341 109 793 743 137 553 756 821 500 788 533 865 676 553 209 274 730 705 771 880 196 323 900 300 441 283 773 449 215 225 1058 916 478 885 679 511 768 395 647
769 649 997 538 596 760 832 762 353 966 951 658 774 940 936 737 881 289 520 520 736 816 636 643 237 517 361 945 232 902 820 840 899 788 0 621 149 539 880 189 379 531 818 444 455 954 107 713 645 704 689 178 651 588 173 262 742 1000 507 460 279 449 837 464 328 799 385 263 327 817 81 841 685 135 670 787 669 1100 295 133 764 615 963 441 580 461 821 247 339 575 767 672 583 321 732 174 941 621 967 459
154 164 468 93 750 785 855 353 425 902 464 374 157 387 405 155 286 734 804 676 144 748 630 877 770 653 847 941 737 833 889 554 555 776 621 0 590 484 416 685 843 342 268 245 711 441 708 250 552 628 78 635 150 606 461 795 331 651 816 216 356 624 880 174 295 881 319 362 327 410 694 410 93 651 251 618 506 590 838 491 149 599 713 282 805 377 588 832 585 673 919 305 179 504 129 461 537 9 658 189
725 580 910 520 447 611 682 662 236 817 856 547 732 862 852 681 821 177 381 371 684 669 491 502 181 368 278 796 152 754 671 715 780 639 149 590 0 405 783 97 285 423 746 373 309 865 151 630 507 561 648 52 653 442 229 207 645 876 371 475 235 299 688 459 324 650 301 276 358 712 159 740 668 65 584 649 538 1004 249 188 739 471 828 478 436 347 689 246 191 426 621 708 596 183 712 142 829 588 839 407
545 364 582 479 273 311 387 327 194 474 511 195 556 564 538 474 577 428 367 214 487 311 152 407 518 190 524 487 477 403 411 314 386 314 539 484 405 0 440 450 505 143 479 271 288 534 554 352 111 184 495 412 621 122 500 532 319 477 388 535 349 197 407 480 431 400 240 450 510 357 564 391 577 459 308 249 134 651 567 488 608 120 424 586 342 126 285 610 245 193 435 750 608 221 604 396 448 477 436 336
331 271 144 490 680 610 656 121 548 632 73 248 341 155 114 275 247 855 800 644 292 521 508 814 933 620 958 700 893 577 711 240 187 579 880 416 783 440 0 854 941 361 172 442 727 96 932 182 414 453 356 809 552 519 766 951 138 256 824 612 609 637 686 555 618 714 495 675 682 85 931 50 463 846 214 371 345 222 990 778 426 489 365 681 761 438 302 1019 669 603 788 709 595 617 453 707 131 408 285 452
817 666 986 616 433 611 677 734 308 821 928 612 824 943 930 770 908 100 338 368 774 683 510 462 86 372 185 790 55 763 657 765 835 644 189 685 97 450 854 0 197 493 829 461 286 940 127 710 543 587 741 49 750 464 315 111 718 927 321 571 331 306 678 556 421 634 387 371 452 780 152 810 764 56 663 685 584 1075 153 272 834 496 865 572 404 416 733 164 210 430 592 803 693 238 808 239 890 682 885 500
962 796 1081 785 370 557 607 824 428 763 1013 693 970 1051 1031 906 1036 112 230 340 913 653 506 340 148 356 31 713 147 716 571 805 883 598 379 843 285 505 941 197 0 593 948 604 239 1034 289 822 569 588 891 233 926 468 511 130 812 963 202 755 505 313 600 733 603 547 528 560 643 860 321 893 928 251 774 697 625 1155 125 468 992 504 873 762 307 519 759 208 277 404 481 991 874 347 970 425 951 840 912 654
405 225 494 344 414 445 518 241 187 585 435 127 416 459 441 337 451 499 492 348 349 424 289 546 572 323 606 611 532 514 549 323 372 441 531 342 423 143 361 493 593 0 358 152 405 448 573 231 218 297 353 448 481 265 447 591 225 474 510 415 284 312 541 357 339 539 159 375 417 289 575 318 434 486 183 319 190 582 631 448 466 257 467 473 477 77 322 657 316 335 578 616 474 257 461 365 410 335 450 209
160 169 201 353 746 715 772 182 526 773 202 292 170 125 137 114 101 850 844 693 128 643 587 882 913 668 960 832 875 711 821 382 349 692 818 268 746 479 172 829 948 358 0 376 761 174 886 128 492 550 197 781 390 583 680 935 175 427 864 479 539 668 801 428 519 819 445 583 572 209 880 189 298 810 175 493 427 323 976 701 254 561 525 547 820 430 437 991 672 665 882 545 441 605 284 645 302 261 452 362
359 208 553 214 517 582 657 329 180 734 511 257 367 496 492 309 448 497 560 438 313 572 423 639 546 416 610 755 510 663 681 463 500 583 444 245 373 271 442 461 604 152 376 0 466 511 510 269 364 444 287 412 361 389 325 569 307 605 571 266 168 382 677 210 192 669 76 239 269 389 504 408 336 437 228 471 342 659 612 337 391 391 613 322 565 147 470 619 340 444 694 480 339 260 374 271 521 241 588 66
804 627 870 675 148 332 393 615 292 543 797 484 814 851 826 740 856 208 95 101 750 419 267 199 312 118 265 505 279 489 371 571 651 370 455 711 309 288 727 286 239 405 761 466 0 822 412 633 334 349 742 278 822 230 515 315 607 727 106 683 433 93 393 644 540 348 398 521 602 643 437 678 803 327 586 459 396 934 336 481 852 266 634 711 128 342 523 404 147 165 312 921 787 224 839 402 723 705 675 528
327 320 48 525 777 703 746 210 633 712 48 341 334 87 45 288 210 945 896 740 302 610 604 910 1020 716 1050 784 980 661 803 326 261 670 954 441 865 534 96 940 1034 448 174 511 822 0 1012 242 511 547 371 893 563 615 831 1039 223 303 920 650 679 732 777 597 676 806 571 737 735 182 1010 147 470 929 284 461 442 152 1078 847 417 585 432 719 857 525 390 1104 760 699 883 716 615 705 451 781 184 435 346 512
851 718 1056 629 560 736 803 812 387 946 1004 698 857 1005 997 813 956 218 462 493 815 805 629 586 142 495 267 916 150 886 783 866 931 768 107 708 151 554 932 127 289 573 886 510 412 1012 0 774 653 703 773 146 749 581 277 163 793 1027 444 560 355 428 804 559 421 761 443 359 429 863 32 890 778 95 729 796 688 1153 192 235 854 612 975 546 529 498 839 140 325 553 718 777 684 333 824 248 980 707 989 535
220 91 284 314 622 603 665 104 404 683 247 172 232 233 223 146 225 726 717 566 164 542 467 757 792 541 835 735 753 618 710 311 305 584 713 250 630 352 182 710 822 231 128 269 633 242 774 0 374 438 208 662 397 460 589 813 83 401 736 432 437 540 693 374 437 707 331 496 500 160 770 163 316 694 48 397 312 392 854 604 307 440 467 501 693 304 353 873 546 541 764 554 428 481 321 539 290 242 409 272
587 411 558 561 266 234 303 319 304 370 479 203 598 556 523 513 593 507 393 240 528 207 95 400 603 218 591 393 564 299 340 237 317 225 645 552 507 111 414 543 569 218 492 364 334 511 653 374 0 80 549 509 696 107 610 615 319 395 420 630 458 257 328 573 536 334 345 559 615 329 666 364 641 558 338 143 69 607 646 598 661 75 322 685 347 229 193 697 333 190 390 834 692 325 663 506 391 544 346 426
655 483 593 640 248 165 229 371 374 292 511 268 667 601 565 581 651 539 390 248 597 128 82 372 640 232 613 314 601 221 272 242 324 148 704 628 561 184 453 587 588 297 550 444 349 547 703 438 80 0 622 558 774 124 681 648 375 385 419 709 533 286 255 653 614 269 422 634 693 369 718 404 717 608 405 112 127 627 677 666 732 91 286 764 332 307 183 734 378 187 336 913 771 384 737 574 407 620 329 505
79 139 395 170 767 783 851 311 465 884 398 357 84 312 333 83 209 784 834 698 69 735 634 898 827 674 897 929 792 817 889 519 509 770 689 78 648 495 356 741 891 353 197 287 742 371 773 208 549 622 0 692 196 615 533 851 291 601 848 294 418 653 876 251 367 883 363 434 404 363 761 356 109 711 223 597 496 518 894 562 113 603 675 359 827 401 559 893 625 688 928 354 244 547 116 525 481 74 614 241
767 617 939 568 422 594 662 688 261 802 882 568 775 895 883 720 859 125 342 351 725 659 483 465 135 351 225 776 102 741 646 726 794 625 178 635 52 412 809 49 233 448 781 412 278 893 146 662 509 558 692 0 703 436 280 160 671 888 330 526 283 283 665 509 376 625 337 328 411 735 164 765 715 51 615 652 546 1030 202 238 785 467 831 530 402 370 696 211 180 409 590 760 647 195 759 194 848 633 848 450
239 314 581 148 877 927 999 501 531 1051 592 523 234 495 522 278 376 814 917 799 262 895 770 1000 834 778 925 1087 805 982 1030 704 702 921 651 150 653 621 552 750 926 481 390 361 822 563 749 397 696 774 196 703 0 743 479 860 480 796 926 192 422 742 1022 194 331 1020 425 390 326 556 730 552 93 709 401 767 653 705 902 517 166 738 862 232 926 505 738 883 686 804 1052 158 77 605 124 514 678 159 806 296
662 482 662 600 164 197 274 417 278 383 585 292 673 656 625 590 683 415 286 133 604 228 48 299 516 113 492 381 477 316 292 342 423 210 588 606 442 122 519 464 468 265 583 389 230 615 581 460 107 124 615 436 743 0 581 524 414 496 312 650 444 162 291 598 536 279 350 546 613 433 597 468 699 486 419 230 175 714 553 562 728 36 408 698 242 243 292 610 256 84 313 870 728 271 726 470 499 599 445 455
612 514 870 373 635 772 848 654 307 964 834 570 616 805 807 589 733 405 597 551 586 804 628 713 387 541 500 959 369 895 849 769 817 791 173 461 229 500 766 315 511 447 680 325 515 831 277 589 610 681 533 280 479 581 0 413 632 921 592 287 163 476 859 295 166 831 288 99 154 713 254 733 518 262 551 744 617 981 451 44 599 601 908 269 642 392 763 415 373 593 819 501 410 317 565 115 845 462 897 320
926 773 1086 727 460 646 705 831 409 856 1024 706 934 1046 1031 878 1015 109 336 410 883 731 568 456 26 420 105 814 60 803 675 845 918 684 262 795 207 532 951 111 130 591 935 569 315 1039 163 813 615 648 851 160 860 524 413 0 816 1006 313 679 442 362 701 666 530 652 494 477 556 874 195 905 874 153 766 752 663 1171 43 369 944 559 932 676 411 514 807 90 288 475 595 908 801 334 919 347 979 793 961 610
298 169 270 389 578 540 597 24 411 606 211 124 310 245 220 226 276 722 685 531 244 470 414 714 797 507 827 661 757 542 646 228 224 517 742 331 645 319 138 718 812 225 175 307 607 223 793 83 319 375 291 671 480 414 632 816 0 323 707 503 473 515 626 443 490 644 357 544 559 86 793 101 399 708 89 322 252 360 855 643 387 389 384 571 654 302 273 882 537 498 707 636 508 482 404 570 220 323 327 325
585 491 329 712 632 499 518 300 647 441 256 350 595 389 344 524 500 900 775 628 541 386 464 749 993 609 986 524 953 405 580 162 105 456 1000 651 876 477 256 927 963 474 427 605 727 303 1027 401 395 385 601 888 796 496 921 1006 323 0 803 825 758 651 548 765 796 591 633 843 870 241 1035 245 710 934 411 273 344 295 1039 922 680 460 148 893 716 539 204 1086 720 570 681 953 830 694 705 838 126 643 62 637
910 732 968 778 179 361 407 714 395 564 892 583 920 952 925 846 960 225 30 181 856 464 340 144 319 204 233 511 296 520 369 653 735 404 507 816 371 388 824 321 202 510 864 571 106 920 444 736 420 419 848 330 926 312 592 313 707 803 0 781 528 198 398 745 634 345 502 610 693 739 472 774 908 372 690 531 485 1025 321 555 958 347 698 805 106 449 600 400 242 233 283 1019 888 323 944 484 811 811 748 633
366 341 680 126 762 845 921 527 397 1000 668 500 367 601 616 369 502 643 776 679 360 837 686 872 652 660 751 1021 626 928 942 703 722 848 460 216 475 535 612 571 755 415 479 266 683 650 560 432 630 709 294 526 192 650 287 679 503 825 781 0 255 612 940 61 152 928 303 202 134 588 539 595 244 526 414 731 604 801 720 326 329 654 859 69 797 409 721 696 539 696 945 239 124 459 291 333 721 221 821 206
496 370 721 285 528 641 718 495 167 821 679 407 502 661 659 459 603 393 525 443 460 659 488 627 417 427 503 826 386 751 727 607 654 654 279 356 235 349 609 331 505 284 539 168 433 679 355 437 458 533 418 283 422 444 163 442 473 758 528 255 0 371 732 229 107 711 125 102 174 553 345 574 432 295 396 587 458 827 484 169 504 459 748 278 553 234 602 476 287 472 714 494 370 210 477 108 683 354 734 181
713 535 780 594 159 312 383 524 216 519 708 392 723 759 734 648 763 254 182 75 658 378 206 260 354 69 335 497 316 458 376 492 570 341 449 624 299 197 637 306 313 312 668 382 93 732 428 540 257 286 653 283 742 162 476 362 515 651 198 612 371 0 390 570 476 356 318 466 544 554 447 588 717 335 493 391 313 846 392 449 763 197 570 647 185 252 449 448 110 127 345 847 711 163 752 362 639 619 602 446
910 738 819 884 245 96 30 619 566 173 735 523 922 840 801 836 901 599 370 317 852 167 255 275 702 321 630 113 671 155 37 452 526 109 837 880 688 407 686 678 600 541 801 677 393 777 804 693 328 255 876 665 1022 291 859 701 626 548 398 940 732 390 0 887 827 57 641 833 903 608 827 641 969 716 661 316 382 830 716 835 987 287 406 989 293 532 387 790 499 267 152 1156 1014 542 991 745 613 872 486 742
328 284 629 82 716 791 867 467 354 942 613 439 330 552 565 322 459 621 739 634 314 780 632 830 640 614 732 965 611 871 889 642 662 793 464 174 459 480 555 556 733 357 428 210 644 597 559 374 573 653 251 509 194 598 295 666 443 765 745 61 229 570 887 0 138 877 254 201 154 529 541 537 223 515 355 671 546 749 708 331 304 600 799 128 755 355 660 690 503 647 897 278 144 422 270 320 662 178 760 148
447 356 713 210 631 734 811 513 265 905 683 449 451 645 649 424 568 492 632 546 421 742 578 733 504 529 600 916 476 834 824 655 691 743 328 295 324 431 618 421 603 339 519 192 540 676 421 437 536 614 367 376 331 536 166 530 490 796 634 152 107 476 827 138 0 809 191 67 79 574 404 590 358 378 404 655 525 827 571 196 437 547 804 172 659 307 660 552 394 571 816 390 272 317 405 183 708 296 780 165
921 745 850 879 203 105 79 639 545 230 766 535 932 866 828 847 920 552 318 281 862 205 251 218 654 290 578 166 624 209 24 485 562 137 799 881 650 400 714 634 547 539 819 669 348 806 761 707 334 269 883 625 1020 279 831 652 644 591 345 928 711 356 57 877 809 0 626 811 883 634 785 667 972 674 672 346 395 868 665 804 995 282 452 974 241 522 420 741 464 239 96 1149 1007 514 996 716 648 873 529 734
435 280 614 277 461 546 623 377 107 714 566 283 443 563 555 384 522 421 492 380 389 551 388 577 472 359 534 726 435 643 640 482 529 553 385 319 301 240 495 387 528 159 445 76 398 571 443 331 345 422 363 337 425 350 288 494 357 633 502 303 125 318 641 254 191 626 0 218 270 433 439 457 408 365 287 467 338 715 536 291 465 357 624 348 503 116 479 546 266 394 643 532 394 186 447 213 561 314 609 131
513 418 775 276 624 742 819 567 268 923 742 493 517 708 711 490 634 449 610 539 487 761 590 718 451 525 553 927 426 853 828 697 738 756 263 362 276 450 675 371 560 375 583 239 521 737 359 496 559 634 434 328 390 546 99 477 544 843 610 202 102 466 833 201 67 811 218 0 84 627 341 645 423 324 461 685 556 888 518 130 503 560 842 203 644 332 696 494 374 572 810 432 326 303 469 134 760 363 823 225
481 415 770 235 701 810 887 582 339 984 746 525 483 697 705 470 610 533 693 616 464 821 655 799 530 601 636 993 507 913 899 732 765 821 327 327 358 510 682 452 643 417 572 269 602 735 429 500 615 693 404 411 326 613 154 556 559 870 693 134 174 544 903 154 79 883 270 84 0 644 407 658 373 403 471 734 605 887 596 195 456 625 882 120 724 386 738 567 455 645 887 352 256 382 420 218 778 330 856 234
356 251 229 472 595 529 579 62 476 566 154 168 367 233 196 289 302 776 715 559 307 445 423 729 857 535 877 629 816 507 632 173 147 500 817 410 712 357 85 780 860 289 209 389 643 182 863 160 329 369 363 735 556 433 713 874 86 241 739 588 553 554 608 529 574 634 433 627 644 0 864 35 472 775 174 294 260 297 912 722 449 403 318 657 675 365 231 944 590 517 706 713 589 542 471 646 135 402 251 410
839 712 1054 613 583 757 825 812 391 966 1004 701 845 1000 994 804 947 247 489 514 805 822 646 613 174 515 299 938 180 905 807 874 937 788 81 694 159 564 931 152 321 575 880 504 437 1010 32 770 666 718 761 164 730 597 254 195 793 1035 472 539 345 447 827 541 404 785 439 341 407 864 0 891 762 112 726 808 697 1153 223 213 839 628 987 522 556 502 849 167 342 573 744 753 663 343 808 237 984 694 998 526
343 255 194 477 630 563 611 80 505 593 120 200 353 200 161 279 277 808 750 594 297 476 458 764 887 570 910 658 847 536 665 200 160 533 841 410 740 391 50 810 893 318 189 408 678 147 890 163 364 404 356 765 552 468 733 905 101 245 774 595 574 588 641 537 590 667 457 645 658 35 891 0 465 803 186 325 295 265 944 744 437 439 336 665 711 394 260 974 622 553 740 709 589 572 461 670 127 401 263 425
146 241 488 149 843 875 945 419 515 986 500 457 142 402 429 188 284 818 896 769 171 834 721 970 849 746 931 1028 817 918 980 627 618 865 685 93 668 577 463 764 928 434 298 336 803 470 778 316 641 717 109 715 93 699 518 874 399 710 908 244 432 717 969 223 358 972 408 423 373 472 762 465 0 727 327 700 593 612 917 553 85 690 783 299 897 470 665 906 674 766 1011 247 157 593 47 534 590 100 723 277
788 645 974 579 472 645 713 726 299 853 919 609 795 927 917 745 885 155 386 402 748 711 534 510 127 402 238 826 107 793 696 772 839 676 135 651 65 459 846 56 251 486 810 437 327 929 95 694 558 608 711 51 709 486 262 153 708 934 372 526 295 335 716 515 378 674 365 324 403 775 112 803 727 0 648 701 593 1068 194 219 800 517 880 523 449 410 744 182 231 461 637 755 649 240 772 195 890 649 895 470
249 87 328 302 579 569 634 113 356 661 283 137 261 280 268 176 270 678 671 522 191 514 428 714 745 497 787 708 706 594 676 303 310 553 670 251 584 308 214 663 774 183 175 228 586 284 729 48 338 405 223 615 401 419 551 766 89 411 690 414 396 493 661 355 404 672 287 461 471 174 726 186 327 648 0 375 279 431 806 565 329 400 462 483 649 256 338 826 498 498 726 555 424 433 338 497 309 242 411 239
617 460 504 645 359 244 286 311 442 287 421 244 629 525 485 544 591 644 502 359 561 151 193 479 742 341 722 339 703 221 342 140 220 209 787 618 649 249 371 685 697 319 493 471 459 461 796 397 143 112 597 652 767 230 744 752 322 273 531 731 587 391 316 671 655 346 467 685 734 294 808 325 700 701 375 0 130 526 782 735 702 194 180 791 443 354 76 836 474 299 426 915 776 467 713 644 305 609 217 525
528 357 489 525 335 291 355 250 319 399 410 141 540 487 454 454 527 557 459 305 470 242 164 469 649 282 647 435 609 329 398 182 258 274 669 506 538 134 345 584 625 190 427 342 396 442 688 312 69 127 496 546 653 175 617 663 252 344 485 604 458 313 382 546 525 395 338 556 605 260 697 295 593 593 279 130 0 540 696 609 606 144 294 664 416 225 152 742 376 258 456 797 656 355 611 520 328 498 302 398
466 472 123 676 870 769 799 342 769 735 149 465 472 210 186 436 335 1073 1000 845 449 663 695 999 1153 822 1173 817 1112 696 860 387 306 730 1100 590 1004 651 222 1075 1155 582 323 659 934 152 1153 392 607 627 518 1030 705 714 981 1171 360 295 1025 801 827 846 830 749 827 868 715 888 887 297 1153 265 612 1068 431 526 540 0 1209 996 551 681 443 870 953 659 450 1239 887 797 952 855 761 838 588 927 221 584 354 663
969 815 1125 769 478 665 721 870 450 875 1063 744 976 1087 1071 920 1057 139 347 435 925 755 596 462 68 447 95 829 102 824 689 878 953 705 295 838 249 567 990 153 125 631 976 612 336 1078 192 854 646 677 894 202 902 553 451 43 855 1039 321 720 484 392 716 708 571 665 536 518 596 912 223 944 917 194 806 782 696 1209 0 407 987 588 962 716 424 554 839 84 323 500 603 948 843 374 961 388 1015 835 993 652
641 533 888 406 607 750 825 664 294 945 848 573 646 825 825 614 758 363 562 524 612 787 609 679 343 515 456 937 325 878 824 768 819 771 133 491 188 488 778 272 468 448 701 337 481 847 235 604 598 666 562 238 517 562 44 369 643 922 555 326 169 449 835 331 196 804 291 130 195 722 213 744 553 219 565 735 609 996 407 0 633 584 903 312 609 388 758 373 342 568 789 544 450 293 600 92 852 492 896 340
95 250 429 227 879 895 961 404 570 989 453 466 85 342 374 162 217 883 944 810 144 844 746 1010 920 786 996 1037 886 923 1001 615 595 880 764 149 739 608 426 834 992 466 254 391 852 417 854 307 661 732 113 785 166 728 599 944 387 680 958 329 504 763 987 304 437 995 465 503 456 449 839 437 85 800 329 702 606 551 987 633 0 716 767 384 939 512 660 980 730 800 1041 305 238 651 42 608 556 152 700 338
646 467 632 598 192 191 267 391 295 364 554 269 658 629 597 574 661 450 320 168 588 204 32 326 550 149 528 369 511 295 292 307 388 196 615 599 471 120 489 496 504 257 561 391 266 585 612 440 75 91 603 467 738 36 601 559 389 460 347 654 459 197 287 600 547 282 357 560 625 403 628 439 690 517 400 194 144 681 588 584 716 0 373 705 273 246 257 644 287 116 326 869 727 296 715 491 465 591 409 455
674 548 464 759 521 368 376 364 613 292 385 360 686 513 468 606 611 824 669 533 624 252 368 627 922 518 899 376 883 259 440 159 178 323 963 713 828 424 365 865 873 467 525 613 634 432 975 467 322 286 675 831 862 408 908 932 384 148 698 859 748 570 406 799 804 452 624 842 882 318 987 336 783 880 462 180 294 443 962 903 767 373 0 924 603 516 145 1017 655 470 545 1017 885 645 786 814 249 704 90 659
429 410 748 194 801 894 971 595 434 1055 737 564 429 668 684 436 567 652 803 716 426 893 736 905 650 699 755 1073 627 984 988 768 790 900 441 282 478 586 681 572 762 473 547 322 711 719 546 501 685 764 359 530 232 698 269 676 571 893 805 69 278 647 989 128 172 974 348 203 120 657 522 665 299 523 483 791 664 870 716 312 384 705 924 0 830 460 784 684 565 739 986 233 156 488 344 337 790 288 887 267
883 702 905 778 84 256 301 658 401 457 826 530 894 897 867 814 918 315 78 130 826 363 258 75 415 154 338 406 388 415 265 572 655 300 580 805 436 342 761 404 307 477 820 565 128 857 529 693 347 332 827 402 926 242 642 411 654 716 106 797 553 185 293 755 659 241 503 644 724 675 556 711 897 449 649 443 416 953 424 609 939 273 603 830 0 428 515 500 271 158 189 1033 896 342 930 529 735 798 659 630
462 285 572 360 373 437 512 318 111 598 512 200 472 534 518 398 520 423 433 299 408 435 278 500 495 276 531 613 455 527 534 382 438 441 461 377 347 126 438 416 519 77 430 147 342 525 498 304 229 307 401 370 505 243 392 514 302 539 449 409 234 252 532 355 307 522 116 332 386 365 502 394 470 410 256 354 225 659 554 388 512 246 516 460 428 0 371 580 242 299 548 627 486 180 502 300 482 371 509 213
571 425 432 626 431 319 357 258 470 336 348 222 583 457 416 499 532 700 572 424 516 220 260 553 795 405 783 399 755 276 414 65 144 283 821 588 689 285 302 733 759 322 437 470 523 390 839 353 193 183 559 696 738 292 763 807 273 204 600 721 602 449 387 660 660 420 479 696 738 231 849 260 665 744 338 76 152 450 839 758 660 257 145 784 515 371 0 889 523 367 502 890 754 506 674 669 230 579 154 518
970 826 1150 758 550 735 794 898 471 946 1092 776 977 1106 1094 927 1067 197 425 499 930 820 654 543 94 508 178 904 133 893 764 924 995 773 247 832 246 610 1019 164 208 657 991 619 404 1104 140 873 697 734 893 211 883 610 415 90 882 1086 400 696 476 448 790 690 552 741 546 494 567 944 167 974 906 182 826 836 742 1239 84 373 980 644 1017 684 500 580 889 0 366 564 683 916 819 402 952 373 1053 831 1042 652
692 522 808 540 264 421 493 550 160 627 742 422 702 775 756 634 761 186 238 183 642 481 304 344 273 178 290 606 233 564 485 558 631 449 339 585 191 245 669 210 277 316 672 340 147 760 325 546 333 378 625 180 686 256 373 288 537 720 242 539 287 110 499 503 394 464 266 374 455 590 342 622 674 231 498 474 376 887 323 342 730 287 655 565 271 242 523 366 0 236 446 777 646 82 713 259 691 580 677 397
738 557 747 658 81 185 258 501 306 393 668 375 749 740 709 667 765 367 206 65 680 256 106 217 470 58 430 371 434 333 257 420 502 215 575 673 426 193 603 430 404 335 665 444 165 699 553 541 190 187 688 409 804 84 593 475 498 570 233 696 472 127 267 647 571 239 394 572 645 517 573 553 766 461 498 299 258 797 500 568 800 116 470 739 158 299 367 564 236 0 250 923 783 276 795 479 580 666 516 511
972 793 927 908 186 183 175 705 551 323 844 592 984 938 901 900 983 502 259 271 914 295 297 142 601 287 513 249 575 305 115 566 646 225 767 919 621 435 788 592 481 578 882 694 312 883 718 764 390 336 928 590 1052 313 819 595 707 681 283 945 714 345 152 897 816 96 643 810 887 706 744 740 1011 637 726 426 456 952 603 789 1041 326 545 986 189 548 502 683 446 250 0 1173 1033 508 1039 704 731 912 619 760
390 469 732 273 993 1060 1134 657 632 1196 748 672 383 645 674 435 522 880 1015 911 419 1037 901 1107 882 891 986 1227 859 1125 1160 859 859 1058 672 305 708 750 709 803 991 616 545 480 921 716 777 554 834 913 354 760 158 870 501 908 636 953 1019 239 494 847 1156 278 390 1149 532 432 352 713 753 709 247 755 555 915 797 855 948 544 305 869 1017 233 1033 627 890 916 777 923 1173 0 142 697 267 566 835 313 962 415
301 339 638 131 853 918 992 530 496 1055 641 534 297 553 576 327 440 762 881 773 313 896 759 971 775 752 871 1085 748 985 1019 726 732 916 583 179 596 608 595 693 874 474 441 339 787 615 684 428 692 771 244 647 77 728 410 801 508 830 888 124 370 711 1014 144 272 1007 394 326 256 589 663 589 157 649 424 776 656 761 843 450 238 727 885 156 896 486 754 819 646 783 1033 142 0 565 197 455 716 187 834 273
616 450 752 458 322 457 532 497 82 654 691 374 625 713 697 560 691 245 317 237 567 499 320 417 315 225 356 644 275 587 532 532 599 478 321 504 183 221 617 238 347 257 605 260 224 705 333 481 325 384 547 195 605 271 317 334 482 694 323 459 210 163 542 422 317 514 186 303 382 542 343 572 593 240 433 467 355 838 374 293 651 296 645 488 342 180 506 402 82 276 508 697 565 0 633 203 653 500 656 316
124 255 465 195 873 897 965 422 553 1000 485 473 117 378 408 182 255 861 932 801 164 851 746 1002 894 778 973 1045 861 933 1003 632 617 885 732 129 712 604 453 808 970 461 284 374 839 451 824 321 663 737 116 759 124 726 565 919 404 705 944 291 477 752 991 270 405 996 447 469 420 471 808 461 47 772 338 713 611 588 961 600 42 715 786 344 930 502 674 952 713 795 1039 267 197 633 0 579 582 133 722 317
603 476 823 385 521 659 734 590 202 853 779 491 609 766 762 567 710 315 488 437 568 695 517 601 321 426 419 846 294 785 735 682 736 679 174 461 142 396 707 239 425 365 645 271 402 781 248 539 506 574 525 194 514 470 115 347 570 838 484 333 108 362 745 320 183 716 213 134 218 646 237 670 534 195 497 644 520 927 388 92 608 491 814 337 529 300 669 373 259 479 704 566 455 203 579 0 773 460 810 289
461 382 216 604 651 548 582 197 594 533 136 283 471 267 222 402 374 877 784 631 420 445 477 778 963 609 972 609 923 486 642 166 86 511 941 537 829 448 131 890 951 410 302 521 723 184 980 290 391 407 481 848 678 499 845 979 220 126 811 721 683 639 613 662 708 648 561 760 778 135 984 127 590 890 309 305 328 221 1015 852 556 465 249 790 735 482 230 1053 691 580 731 835 716 653 582 773 0 528 162 545
151 156 462 97 743 777 847 345 420 894 457 365 155 381 398 149 282 731 799 670 139 740 623 871 768 646 844 933 735 825 882 546 546 768 621 9 588 477 408 682 840 335 261 241 705 435 707 242 544 620 74 633 159 599 462 793 323 643 811 221 354 619 872 178 296 873 314 363 330 402 694 401 100 649 242 609 498 584 835 492 152 591 704 288 798 371 579 831 580 666 912 313 187 500 133 460 528 0 650 185
606 495 376 713 575 438 456 305 614 382 298 331 616 429 384 540 532 854 719 576 558 325 410 690 949 557 936 463 909 344 518 128 105 395 967 658 839 436 285 885 912 450 452 588 675 346 989 409 346 329 614 848 806 445 897 961 327 62 748 821 734 602 486 760 780 529 609 823 856 251 998 263 723 895 411 217 302 354 993 896 700 409 90 887 659 509 154 1042 677 516 619 962 834 656 722 810 162 650 0 626
318 194 551 149 583 646 721 349 238 794 518 298 325 486 487 278 422 545 623 504 279 632 488 704 586 482 658 818 551 723 746 504 533 647 459 189 407 336 452 500 654 209 362 66 528 512 535 272 426 505 241 450 296 455 320 610 325 637 633 206 181 446 742 148 165 734 131 225 234 410 526 425 277 470 239 525 398 663 652 340 338 455 659 267 630 213 518 652 397 511 760 415 273 316 317 289 545 185 626 0
