# TTSP Euclidean complete-graph matrix instance
# seed: 2010
# depot: 1
# L_max is not stored in this file; pass it with --budget when running algorithms.
# coordinate rows: node x y
# coord 1 139.156773 486.652512
# coord 2 228.607354 546.662624
# coord 3 446.968219 973.414048
# coord 4 256.499879 878.143498
# coord 5 190.458264 755.857618
# coord 6 270.936510 605.294440
# coord 7 398.643516 496.150755
# coord 8 620.424439 495.991046
# coord 9 783.849748 223.133099
# coord 10 31.845155 648.946884
# coord 11 200.268051 655.947222
# coord 12 918.269579 235.955074
# coord 13 182.331775 371.427129
# coord 14 806.737664 967.106499
# coord 15 139.773340 105.964001
# coord 16 16.543262 985.672381
# coord 17 138.408560 819.455328
# coord 18 128.743484 313.911493
# coord 19 953.530430 580.702226
# coord 20 364.774045 614.105318
# coord 21 838.734100 15.771430
# coord 22 30.180840 89.456354
# coord 23 88.384688 985.202783
# coord 24 241.857533 579.540945
# coord 25 950.602904 785.775068
# coord 26 402.188318 900.048420
# coord 27 317.439107 965.555217
# coord 28 172.309564 211.420616
# coord 29 624.806317 340.609967
# coord 30 955.477388 942.909107
# coord 31 207.414342 419.173964
# coord 32 841.760326 309.843606
# coord 33 13.075026 314.759345
# coord 34 931.002916 29.771464
# coord 35 435.668488 823.993989
# coord 36 982.702685 284.908503
# coord 37 238.534249 552.700574
# coord 38 127.635420 547.030011
# coord 39 961.182904 672.312589
# coord 40 72.472159 202.759395
# coord 41 269.673366 866.119215
# coord 42 947.374736 300.735932
# coord 43 831.156562 17.285220
# coord 44 835.278875 493.571281
# coord 45 726.258954 742.427341
# coord 46 847.352791 433.977606
# coord 47 4.006995 66.401973
# coord 48 430.934195 215.844624
# coord 49 20.128662 455.193859
# coord 50 439.901231 533.391889
# coord 51 531.130473 605.378305
# coord 52 116.642531 24.741620
# coord 53 233.845734 510.199369
# coord 54 663.268749 202.239267
# coord 55 102.950067 716.689551
# coord 56 118.828823 425.234305
# coord 57 273.085546 480.212487
# coord 58 911.648142 540.893570
# coord 59 553.211754 558.989582
# coord 60 88.701768 88.259112
# coord 61 966.674993 666.863590
# coord 62 179.533588 89.050737
# coord 63 933.644361 200.210588
# coord 64 361.538702 226.023128
# coord 65 412.888391 504.301432
# coord 66 106.170067 169.848002
# coord 67 542.325132 659.181968
# coord 68 483.352310 787.014731
# coord 69 990.940643 259.105810
# coord 70 307.634677 547.083017
# coord 71 73.817122 100.697108
# coord 72 783.435621 716.264482
# coord 73 345.093130 799.078464
# coord 74 299.768373 397.549362
# coord 75 543.672980 834.278644
# coord 76 143.459123 462.887043
# coord 77 565.714346 187.951003
# coord 78 735.384860 190.257009
# coord 79 717.027658 227.864739
# coord 80 536.297710 781.595218
# coord 81 202.415114 287.372493
# coord 82 137.935596 352.359858
# coord 83 568.767953 427.272037
# coord 84 132.024306 996.131812
# coord 85 610.089317 643.709549
# coord 86 2.593240 530.823528
# coord 87 176.094212 767.825441
# coord 88 863.460753 145.104018
# coord 89 150.942125 671.403320
# coord 90 879.526015 990.733724
# coord 91 911.384633 582.237674
# coord 92 907.061853 755.225937
# coord 93 41.766838 798.818948
# coord 94 675.261868 724.689785
# coord 95 830.089516 180.530601
# coord 96 971.612640 808.636979
# coord 97 668.174090 378.617334
# coord 98 567.954992 162.604681
# coord 99 408.491319 474.695960
# coord 100 479.322391 47.516300
# reference_nearest_neighbor_tour_cost: 10138
TTSP_MATRIX
100
0 55 17 71 1 97 44 94 40 56 86 59 95 48 100 82 91 50 31 6 52 18 71 52 31 35 27 53 6 89 53 97 6 13 7 33 22 80 20 3 64 87 99 35 43 79 47 80 99 97 96 100 24 69 16 67 43 62 79 52 75 88 46 54 40 64 56 83 42 18 10 60 32 68 59 29 57 80 89 24 85 99 92 36 19 21 19 10 49 58 25 2 74 47 85 84 31 39 40 48
0 108 576 409 274 177 260 481 696 195 180 818 123 822 381 514 333 173 820 259 843 412 501 138 865 490 511 277 507 935 96 725 213 914 449 867 119 61 843 292 401 829 836 696 640 710 441 398 123 304 410 462 98 596 233 65 134 774 420 402 847 400 845 343 274 319 439 457 882 179 391 684 374 184 533 24 521 666 633 495 209 134 434 510 496 144 284 801 185 896 778 814 327 587 756 893 540 537 270 555
108 0 479 333 213 72 177 395 643 222 113 756 181 715 450 488 287 253 726 152 809 498 460 35 761 394 428 340 447 828 129 657 317 872 346 798 12 101 743 378 322 760 802 609 535 629 530 388 228 212 308 534 37 555 211 164 80 683 325 479 748 460 786 347 189 396 333 350 815 79 472 580 278 165 427 119 492 620 583 387 261 214 361 460 394 227 227 751 147 788 684 710 314 481 704 788 471 513 194 559
576 479 0 213 336 408 480 508 822 527 402 875 658 360 920 431 345 732 641 369 1035 977 359 444 537 86 130 810 657 509 604 772 789 1061 150 872 470 533 596 857 207 838 1030 617 362 672 1009 758 671 440 378 1005 510 801 429 639 523 635 428 955 603 924 914 752 470 873 328 190 898 449 949 423 202 594 169 594 794 835 793 212 728 694 560 316 368 627 340 927 423 433 607 509 441 338 881 550 635 820 500 926
409 333 213 0 139 273 408 528 841 321 229 922 512 557 781 263 132 579 758 285 1041 821 199 299 700 147 107 672 652 702 462 816 614 1084 187 938 326 355 734 700 18 900 1035 695 489 739 850 685 485 390 387 865 369 789 223 473 398 737 436 808 741 793 958 661 405 724 360 244 961 335 799 551 119 483 291 430 756 838 797 296 593 539 548 172 424 430 137 952 232 633 719 662 229 446 903 718 647 780 431 860
274 213 336 139 0 171 333 502 797 191 100 894 385 651 652 288 82 446 783 225 984 685 251 184 761 256 245 545 601 788 337 789 475 1037 255 922 209 218 775 566 136 883 978 696 536 732 714 591 346 334 372 735 249 728 96 338 288 753 413 675 781 667 928 557 336 592 365 295 942 239 665 594 161 375 362 297 681 785 746 347 469 407 501 247 434 293 19 909 93 728 742 717 155 486 860 783 609 703 356 765
177 72 408 273 171 0 168 366 640 243 87 745 250 647 516 458 252 324 683 94 818 569 421 39 703 323 363 406 442 763 197 643 388 876 274 781 62 155 693 449 261 742 812 575 476 601 601 421 292 184 260 601 102 562 202 236 125 644 286 548 698 524 777 390 174 466 277 280 799 69 542 524 207 210 356 191 511 623 584 319 325 286 347 415 341 278 188 750 137 720 641 654 300 422 702 730 457 533 190 595
260 177 480 408 333 168 0 222 472 397 255 581 250 623 468 621 415 326 561 123 651 549 579 178 623 404 476 364 274 714 206 481 426 708 330 621 170 276 589 439 392 582 645 437 410 453 583 282 381 56 172 549 165 395 369 289 127 515 167 512 593 462 611 273 16 438 217 303 638 104 512 443 308 140 368 257 351 455 416 317 287 298 184 567 258 398 351 582 303 690 520 571 468 359 535 653 294 374 24 456
481 395 508 528 502 366 222 0 318 608 450 395 455 507 619 777 580 524 344 282 528 717 723 388 439 459 559 531 155 559 420 289 634 560 376 419 386 495 384 621 510 381 523 215 268 235 751 338 602 184 141 690 387 297 563 507 348 295 92 670 386 600 431 374 208 609 181 322 440 317 675 274 409 335 347 478 313 327 285 298 467 503 86 699 148 619 521 427 501 558 303 386 653 235 379 470 127 337 213 470
696 643 822 841 797 640 472 318 0 864 727 135 620 744 655 1082 879 661 396 573 215 765 1032 649 587 777 877 612 198 740 609 104 776 243 694 208 637 732 483 712 823 181 211 275 522 220 795 353 798 463 458 696 620 122 841 695 572 342 407 708 480 619 152 422 465 680 498 639 210 576 721 493 724 515 657 684 221 59 67 611 585 659 297 1011 455 840 816 111 776 774 381 546 939 513 63 615 194 224 452 352
195 222 527 321 191 243 397 608 864 0 169 978 316 838 554 337 201 349 924 335 1026 559 341 221 929 447 426 460 668 969 289 878 335 1092 440 1018 228 140 930 448 322 980 1019 818 701 843 583 589 194 424 501 630 245 773 98 240 294 886 529 564 935 579 1007 536 408 485 511 472 1035 294 550 755 347 367 544 217 705 840 804 522 400 315 581 361 578 122 187 972 121 914 882 882 150 648 926 953 691 724 415 750
180 113 402 229 100 87 255 450 727 169 0 832 285 682 553 377 175 349 757 170 904 591 348 87 761 317 331 445 529 808 237 729 389 962 289 866 110 131 761 471 221 827 898 655 533 684 621 497 270 269 335 637 150 648 115 245 190 721 366 579 766 567 863 459 261 495 342 312 885 153 569 586 204 277 387 201 594 709 671 359 369 310 434 347 410 234 114 837 52 757 715 714 213 480 789 786 544 615 276 669
818 756 875 922 894 745 581 395 135 978 832 0 748 740 789 1173 974 793 347 670 234 900 1118 759 551 841 945 746 312 708 734 106 909 207 761 81 750 850 438 846 904 71 235 271 542 210 930 488 925 563 535 829 737 257 946 822 690 305 487 843 434 753 39 557 572 815 566 702 76 685 855 499 804 639 706 807 356 189 201 666 718 789 398 1094 511 962 913 106 882 756 346 519 1042 546 104 575 288 358 563 478
123 181 658 512 385 250 250 455 620 316 285 748 0 863 269 636 450 79 799 304 747 320 621 216 873 573 609 160 444 961 54 662 178 823 519 805 190 184 835 201 502 768 739 664 658 668 353 293 183 304 420 353 148 510 354 83 142 749 416 298 838 282 771 231 266 215 461 513 816 216 292 693 458 120 587 99 425 582 554 542 86 48 390 627 507 240 396 718 302 933 759 820 450 606 675 902 486 439 249 439
822 715 360 557 651 647 623 507 744 838 682 740 863 0 1089 790 684 941 413 566 952 1172 719 685 231 410 489 987 652 151 812 658 1027 946 398 705 703 799 333 1060 546 681 950 474 239 535 1207 840 939 568 455 1168 733 778 747 876 722 439 480 1135 340 1079 777 865 608 1061 406 370 732 652 1135 252 491 763 295 833 816 780 745 328 910 908 590 675 378 915 661 824 719 77 399 234 783 276 787 229 605 839 633 976
381 450 920 781 652 516 468 619 655 554 553 789 269 1089 0 888 713 208 942 556 705 111 881 484 1058 836 878 110 539 1169 320 731 244 795 777 862 458 441 998 118 771 831 697 796 865 780 141 311 369 522 634 84 415 532 612 320 397 886 613 54 999 43 799 252 483 72 684 763 865 472 66 887 723 333 833 357 434 602 590 783 192 246 536 890 714 446 663 725 566 1153 907 1005 700 818 694 1089 595 432 456 345
514 488 431 263 288 458 621 777 1082 337 377 1173 636 790 888 0 206 681 1021 509 1271 896 72 464 955 395 302 790 887 940 598 1067 671 1323 449 1194 487 452 995 785 280 1156 1265 955 750 997 919 874 530 620 640 966 523 1016 283 570 567 1000 686 900 1002 911 1207 834 624 821 619 507 1215 526 887 813 378 653 548 538 968 1072 1032 558 723 645 785 116 685 455 270 1193 342 863 982 920 189 709 1145 971 891 991 644 1046
333 287 345 132 82 252 415 580 879 201 175 974 450 684 713 206 0 506 849 306 1066 738 173 261 813 276 231 609 683 826 406 869 520 1119 297 999 285 273 836 620 139 961 1060 769 593 807 765 671 383 416 447 795 324 810 109 395 365 822 490 733 842 732 1008 634 418 650 435 346 1020 321 722 653 208 452 406 357 762 867 828 400 536 467 582 177 503 319 64 990 149 761 809 771 99 545 942 833 689 785 438 844
173 253 732 579 446 324 326 524 661 349 349 793 79 941 208 681 506 0 867 382 770 245 673 289 948 647 678 111 497 1039 131 713 116 851 595 854 263 233 906 125 570 819 762 729 735 729 277 318 178 381 497 289 223 546 404 112 220 815 490 229 909 231 813 249 342 146 539 591 864 294 220 768 531 190 666 150 455 619 595 620 78 40 454 682 583 251 456 754 358 1011 827 895 493 684 714 977 543 465 323 440
820 726 641 758 783 683 561 344 396 924 757 347 799 413 942 1021 849 867 0 590 576 1046 955 712 205 637 743 864 407 362 763 293 977 551 572 297 716 827 92 959 741 280 577 147 279 181 1080 637 942 516 423 1005 723 477 861 849 688 58 401 995 87 917 381 690 546 942 419 513 324 647 1002 218 646 679 482 819 552 447 425 463 806 847 414 921 349 952 800 445 808 417 42 181 937 313 419 229 350 569 555 714
259 152 369 285 225 94 123 282 573 335 170 670 304 566 556 509 306 382 590 0 763 622 463 128 610 288 355 446 377 676 251 566 462 814 222 700 140 246 599 505 269 662 757 486 384 515 656 404 380 110 167 639 167 509 281 310 162 552 196 594 604 557 704 388 120 514 183 210 720 88 590 431 186 226 284 268 471 563 523 240 365 346 277 447 247 372 243 685 221 638 548 560 372 330 636 637 384 495 146 578
843 809 1035 1041 984 818 651 528 215 1026 904 234 747 952 705 1271 1066 770 576 763 0 812 1226 821 778 986 1083 695 389 934 749 294 878 93 903 305 805 888 668 789 1023 305 8 478 735 418 836 454 929 653 665 722 781 256 1016 828 732 530 614 754 664 663 207 521 648 749 708 849 287 751 770 703 926 660 870 827 323 203 245 823 692 777 492 1209 668 982 1002 132 950 976 571 743 1117 728 165 804 401 308 629 361
412 498 977 821 685 569 549 717 765 559 591 900 320 1172 111 896 738 245 1046 622 812 0 898 534 1154 892 922 187 645 1259 374 841 226 903 839 972 508 468 1098 121 813 941 804 901 954 887 35 420 366 604 719 108 467 643 631 347 460 990 703 59 1100 149 910 358 564 111 766 832 976 535 45 980 776 409 905 390 545 712 701 857 262 284 636 912 802 442 694 835 594 1238 1010 1101 709 905 805 1185 700 543 540 451
501 460 359 199 251 421 579 723 1032 341 348 1118 621 719 881 72 173 673 955 463 1226 898 0 434 885 325 230 778 839 868 578 1012 675 1274 383 1136 458 440 927 783 217 1098 1220 894 683 938 923 842 534 572 583 961 497 971 269 561 538 936 631 897 934 901 1154 807 580 816 559 442 1158 490 885 745 317 625 480 525 929 1025 984 492 707 635 736 45 624 462 234 1143 320 791 916 850 192 642 1094 901 839 952 603 1016
138 35 444 299 184 39 178 388 649 221 87 759 216 685 484 464 261 289 712 128 821 534 434 0 738 358 393 375 451 801 164 658 350 882 312 797 27 119 725 413 288 759 814 600 511 623 566 410 254 203 290 569 70 566 195 197 104 671 312 515 730 494 789 373 187 432 311 318 815 73 507 559 243 191 395 153 508 629 591 357 295 250 361 431 374 244 199 758 129 759 670 688 297 457 711 765 471 529 197 583
865 761 537 700 761 703 623 439 587 929 761 551 873 231 1058 955 813 948 205 610 778 1154 885 738 0 560 658 967 552 157 829 488 1049 756 516 502 749 857 114 1054 686 485 778 314 228 367 1189 771 987 570 457 1129 768 650 850 907 743 248 458 1109 120 1039 586 813 607 1045 427 467 528 686 1113 181 606 758 410 869 711 633 605 414 899 921 524 845 369 982 775 647 808 217 207 53 909 282 617 31 496 731 625 876
490 394 86 147 256 323 404 459 777 447 317 841 573 410 836 395 276 647 637 288 986 892 325 358 560 0 107 726 602 555 519 736 703 1018 83 846 384 447 604 771 137 810 981 594 360 645 924 685 586 369 322 921 425 745 351 553 439 623 373 870 611 841 879 675 396 788 279 139 870 365 864 423 116 513 156 508 731 784 742 179 644 608 501 287 330 544 262 885 340 486 600 525 374 325 837 577 585 756 425 856
511 428 130 107 245 363 476 559 877 426 331 945 609 489 878 302 231 678 743 355 1083 922 230 393 658 107 0 768 696 638 557 840 718 1119 184 952 420 460 707 801 110 916 1078 701 466 751 952 758 591 449 419 962 463 838 329 576 487 730 470 907 715 887 983 741 471 823 380 244 976 419 899 528 169 568 262 532 816 881 839 286 688 639 594 188 435 537 243 986 338 563 707 626 322 431 938 673 684 841 499 932
277 340 810 672 545 406 364 531 612 460 445 746 160 987 110 790 609 111 864 446 695 187 778 375 967 726 768 0 471 1072 211 677 190 780 667 814 348 339 914 100 662 780 687 721 767 711 222 259 287 419 533 195 305 491 510 220 287 809 516 149 916 123 761 190 379 78 581 654 820 362 148 793 613 226 725 253 394 563 545 676 82 145 451 786 615 362 556 694 460 1052 827 914 602 719 659 998 523 399 354 348
507 447 657 652 601 442 274 155 198 668 529 312 444 652 539 887 683 497 407 377 389 645 839 451 552 602 696 471 0 687 425 219 612 436 519 362 441 538 472 569 634 325 384 260 414 241 679 231 615 267 281 598 426 144 643 513 378 350 230 593 473 511 339 287 268 546 329 468 375 378 601 408 537 330 500 497 164 187 146 450 426 487 103 820 303 651 620 309 578 698 375 502 742 387 260 583 58 187 255 327
935 828 509 702 788 763 714 559 740 969 808 708 961 151 1169 940 826 1039 362 676 934 1259 868 801 157 555 638 1072 687 0 913 643 1133 913 533 659 816 918 271 1152 690 642 934 465 305 520 1294 897 1055 658 542 1244 841 796 882 984 824 404 556 1217 276 1154 743 931 698 1148 501 497 685 759 1219 285 627 853 426 943 850 784 754 449 998 1009 645 825 457 1038 799 803 849 90 363 194 925 355 773 135 633 871 720 1014
96 129 604 462 337 197 206 420 609 289 237 734 54 812 320 598 406 131 763 251 749 374 578 164 829 519 557 211 425 913 0 644 221 822 465 787 137 151 795 255 451 749 742 632 611 640 407 302 191 259 373 405 95 505 315 89 90 715 373 352 799 331 759 247 222 269 412 460 800 162 345 648 404 95 534 77 426 575 544 489 132 96 361 582 461 233 350 711 258 882 723 776 414 559 667 858 463 443 209 461
725 657 772 816 789 643 481 289 104 878 729 106 662 658 731 1067 869 713 293 566 294 841 1012 658 488 736 840 677 219 643 644 0 829 294 655 143 650 752 382 777 798 106 293 184 448 124 872 421 834 460 429 779 640 208 843 732 594 241 381 785 378 698 143 487 471 749 460 597 158 584 796 411 697 549 603 715 302 160 149 562 640 705 297 987 406 868 808 166 780 682 281 450 938 447 130 515 187 311 464 447
213 317 789 614 475 388 426 634 776 335 389 909 178 1027 244 671 520 116 977 462 878 226 675 350 1049 703 718 190 612 1133 221 829 0 961 662 970 328 259 1013 127 608 934 870 841 832 843 249 429 141 480 594 308 295 660 412 153 308 927 593 239 1017 280 928 360 442 172 631 666 979 375 223 869 587 298 743 197 567 733 709 701 191 130 567 692 682 216 482 867 382 1099 937 997 485 779 828 1078 658 575 427 537
914 872 1061 1084 1037 876 708 560 243 1092 962 207 823 946 795 1323 1119 851 551 814 93 903 1274 882 756 1018 1119 780 436 913 822 294 961 0 936 260 868 955 643 876 1066 271 101 474 741 413 928 534 1005 703 701 814 847 318 1076 903 797 511 650 844 638 754 170 602 703 837 740 880 237 810 860 702 967 731 893 899 398 253 292 849 773 856 538 1254 693 1055 1056 134 1010 962 553 726 1176 740 181 780 437 387 686 452
449 346 150 187 255 274 330 376 694 440 289 761 519 398 777 449 297 595 572 222 903 839 383 312 516 83 184 667 519 533 465 655 662 936 0 768 335 414 547 720 171 732 898 519 302 567 872 608 556 291 239 861 373 662 350 509 380 554 290 813 554 778 798 603 321 732 196 60 792 305 809 364 94 448 108 465 649 701 659 109 585 558 418 349 251 523 266 802 323 474 534 476 395 259 755 536 502 674 350 778
867 798 872 938 922 781 621 419 208 1018 866 81 805 705 862 1194 999 854 297 700 305 972 1136 797 502 846 952 814 362 659 787 143 970 260 768 0 791 894 388 914 920 39 308 255 524 201 1003 556 978 597 554 904 782 330 980 875 736 266 509 915 382 827 98 624 611 884 578 708 27 724 927 475 819 692 703 858 428 265 272 668 780 847 438 1109 517 1010 940 184 917 713 306 476 1072 537 185 524 328 432 605 557
119 12 470 326 209 62 170 386 637 228 110 750 190 703 458 487 285 263 716 140 805 508 458 27 749 384 420 348 441 816 137 650 328 868 335 791 0 111 732 387 315 752 799 600 523 620 540 388 239 202 297 542 43 551 213 175 80 673 315 488 737 467 779 349 181 405 322 339 808 69 481 569 268 167 415 131 490 615 578 376 268 224 353 456 383 237 224 746 148 776 673 699 315 469 699 776 464 511 187 560
61 101 533 355 218 155 276 495 732 140 131 850 184 799 441 452 273 233 827 246 888 468 440 119 857 447 460 339 538 918 151 752 259 955 414 894 111 0 843 349 349 856 881 710 630 729 496 449 141 313 408 522 112 637 171 122 160 784 426 460 848 461 877 397 288 378 430 429 910 180 450 677 333 228 506 86 566 705 670 471 270 195 457 449 492 126 226 838 127 873 785 807 266 576 792 884 566 585 290 611
843 743 596 734 775 693 589 384 483 930 761 438 835 333 998 995 836 906 92 599 668 1098 927 725 114 604 707 914 472 271 795 382 1013 643 547 388 732 843 0 1005 718 372 668 219 245 264 1133 700 966 539 435 1064 745 557 859 878 714 140 423 1050 8 975 473 747 573 992 419 491 414 665 1056 183 629 716 448 844 625 532 507 439 851 883 463 890 352 969 791 536 810 329 103 99 928 291 509 137 415 644 587 789
292 378 857 700 566 449 439 621 712 448 471 846 201 1060 118 785 620 125 959 505 789 121 783 413 1054 771 801 100 569 1152 255 777 127 876 720 914 387 349 1005 0 692 880 781 816 848 809 153 359 258 494 610 183 347 591 515 227 342 905 598 116 1007 156 861 290 455 47 655 714 920 417 102 877 656 299 788 270 493 663 645 742 155 163 545 796 695 335 574 793 475 1128 921 1001 597 797 758 1084 621 497 432 435
401 322 207 18 136 261 392 510 823 322 221 904 502 546 771 280 139 570 741 269 1023 813 217 288 686 137 110 662 634 690 451 798 608 1066 171 920 315 349 718 692 0 883 1018 677 473 721 843 670 481 374 369 855 358 772 224 466 386 720 418 799 725 782 940 647 389 715 342 228 943 321 790 535 101 470 276 423 740 821 779 280 583 530 531 189 407 429 136 934 228 622 702 647 238 430 885 704 630 764 415 845
829 760 838 900 883 742 582 381 181 980 827 71 768 681 831 1156 961 819 280 662 305 941 1098 759 485 810 916 780 325 642 749 106 934 271 732 39 752 856 372 880 883 0 306 223 494 167 972 523 940 558 516 875 744 301 941 838 698 243 471 885 367 796 101 591 572 851 541 672 60 686 896 447 782 655 669 820 398 239 242 633 745 811 399 1072 481 972 902 177 878 693 284 456 1034 504 168 508 290 404 566 532
836 802 1030 1035 978 812 645 523 211 1019 898 235 739 950 697 1265 1060 762 577 757 8 804 1220 814 778 981 1078 687 384 934 742 293 870 101 898 308 799 881 668 781 1018 306 0 476 733 417 829 447 922 648 660 715 774 250 1010 821 725 530 609 746 664 656 210 514 642 741 704 845 290 745 762 701 921 653 866 819 316 198 240 819 684 770 487 1203 664 975 996 132 944 975 571 742 1111 724 163 804 396 301 623 353
696 609 617 695 696 575 437 215 275 818 655 271 664 474 796 955 769 729 147 486 478 901 894 600 314 594 701 721 260 465 632 184 841 474 519 255 600 710 219 816 677 223 476 0 272 61 935 491 816 397 324 858 602 338 766 720 562 90 290 850 217 770 309 544 423 798 337 458 281 530 857 229 578 544 448 692 408 319 291 415 666 711 275 864 271 834 714 350 707 499 117 271 850 281 313 343 203 425 427 571
640 535 362 489 536 476 410 268 522 701 533 542 658 239 865 750 593 735 279 384 735 954 683 511 228 360 466 767 414 305 611 448 832 741 302 524 523 630 245 848 473 494 733 272 0 331 989 604 762 355 238 942 544 544 624 685 524 274 252 913 252 852 581 632 394 844 202 247 551 462 915 63 385 548 204 646 577 552 515 194 694 706 352 646 152 754 551 613 580 292 245 181 687 54 571 254 368 601 416 737
710 629 672 739 732 601 453 235 220 843 684 210 668 535 780 997 807 729 181 515 418 887 938 623 367 645 751 711 241 520 640 124 843 413 567 201 620 729 264 809 721 167 417 61 331 0 920 470 827 419 360 838 618 296 796 729 576 125 320 834 262 752 249 528 440 787 379 507 226 551 842 289 621 549 502 704 374 268 244 466 661 714 279 910 317 850 750 289 736 558 161 327 884 338 254 395 188 389 441 534
441 530 1009 850 714 601 583 751 795 583 621 930 353 1207 141 919 765 277 1080 656 836 35 923 566 1189 924 952 222 679 1294 407 872 249 928 872 1003 540 496 1133 153 843 972 829 935 989 920 0 452 389 639 754 120 500 673 658 377 494 1024 738 87 1135 177 939 392 599 145 801 865 1006 569 78 1015 808 444 939 420 575 742 731 892 297 316 670 939 837 464 722 863 623 1273 1044 1136 733 940 834 1219 734 572 575 476
398 388 758 685 591 421 282 338 353 589 497 488 293 840 311 874 671 318 637 404 454 420 842 410 771 685 758 259 231 897 302 421 429 534 608 556 388 449 700 359 670 523 447 491 604 470 452 0 475 318 402 368 354 233 599 376 308 580 364 365 700 282 503 70 289 328 457 574 562 353 375 612 590 224 629 379 138 306 286 575 239 323 252 836 464 532 608 438 535 895 604 719 701 564 401 802 288 147 260 175
123 228 671 485 346 292 381 602 798 194 270 925 183 939 369 530 383 178 942 380 929 366 534 254 987 586 591 287 615 1055 191 834 141 1005 556 978 239 141 966 258 481 940 922 816 762 827 389 475 0 427 533 441 221 691 274 103 254 896 543 373 970 399 948 411 396 298 561 570 990 302 359 807 473 286 646 124 608 763 733 611 248 156 549 552 619 78 349 899 253 1013 900 936 344 708 855 1015 653 621 389 614
304 212 440 390 334 184 56 184 463 424 269 563 304 568 522 620 416 381 516 110 653 604 572 203 570 369 449 419 267 658 259 460 480 703 291 597 202 313 539 494 374 558 648 397 355 419 639 318 427 0 116 603 207 399 384 339 175 472 116 567 543 515 596 317 40 493 162 257 616 133 567 389 282 195 318 305 368 453 412 266 342 352 167 556 203 437 353 575 320 634 474 517 479 303 526 599 276 392 67 487
410 308 378 387 372 260 172 141 458 501 335 535 420 455 634 640 447 497 423 167 665 719 583 290 457 322 419 533 281 542 373 429 594 701 239 554 297 408 435 610 369 516 660 324 238 360 754 402 533 116 0 713 312 424 442 450 287 386 51 681 440 625 571 416 156 609 55 188 576 231 681 276 269 311 229 413 419 463 421 176 457 468 182 559 88 534 390 568 386 519 381 405 526 187 519 485 265 444 179 560
462 534 1005 865 735 601 549 690 696 630 637 829 353 1168 84 966 795 289 1005 639 722 108 961 569 1129 921 962 195 598 1244 405 779 308 814 861 904 542 522 1064 183 855 875 715 858 942 838 120 368 441 603 713 0 499 575 692 400 482 948 690 69 1065 90 836 317 564 145 764 846 905 556 87 961 807 415 915 439 478 640 634 865 276 328 605 972 792 519 745 756 648 1231 971 1076 778 896 730 1160 655 472 536 363
98 37 510 369 249 102 165 387 620 245 150 737 148 733 415 523 324 223 723 167 781 467 497 70 768 425 463 305 426 841 95 640 295 847 373 782 43 112 745 347 358 744 774 602 544 618 500 354 221 207 312 499 0 528 244 143 49 678 323 446 749 425 765 312 179 364 343 373 798 82 440 587 310 131 448 102 463 595 560 406 225 185 345 496 399 232 264 728 181 805 681 716 347 491 681 796 454 482 178 524
596 555 801 789 728 562 395 297 122 773 648 257 510 778 532 1016 810 546 477 509 256 643 971 566 650 745 838 491 144 796 505 208 660 318 662 330 551 637 557 591 772 301 250 338 544 296 673 233 691 399 424 575 528 0 761 588 479 420 373 586 555 497 270 303 392 558 473 612 333 495 598 528 676 413 643 581 99 73 60 593 469 546 244 955 445 738 746 208 695 818 454 604 861 523 168 680 176 103 373 240
233 211 429 223 96 202 369 563 841 98 115 946 354 747 612 283 109 404 861 281 1016 631 269 195 850 351 329 510 643 882 315 843 412 1076 350 980 213 171 859 515 224 941 1010 766 624 796 658 599 274 384 442 692 244 761 0 292 291 828 477 629 865 632 978 555 376 547 443 387 999 266 617 680 256 375 456 257 703 823 785 438 441 366 548 281 512 211 89 951 66 824 820 805 102 572 903 874 659 723 390 768
65 164 639 473 338 236 289 507 695 240 245 822 83 876 320 570 395 112 849 310 828 347 561 197 907 553 576 220 513 984 89 732 153 903 509 875 175 122 878 227 466 838 821 720 685 729 377 376 103 339 450 400 143 588 292 0 164 801 455 338 882 342 845 314 305 256 484 514 888 225 328 726 437 183 590 45 506 660 630 549 161 75 450 571 538 157 347 796 248 948 808 855 381 632 752 935 551 520 294 522
134 80 523 398 288 125 127 348 572 294 190 690 142 722 397 567 365 220 688 162 732 460 538 104 743 439 487 287 378 824 90 594 308 797 380 736 80 160 714 342 386 698 725 562 524 576 494 308 254 175 287 482 49 479 291 164 0 641 291 433 718 402 717 269 142 352 323 372 751 75 429 562 327 87 446 131 414 546 511 400 205 186 300 535 375 275 304 679 227 793 646 691 394 471 633 772 408 433 136 479
774 683 635 737 753 644 515 295 342 886 721 305 749 439 886 1000 822 815 58 552 530 990 936 671 248 623 730 809 350 404 715 241 927 511 554 266 673 784 140 905 720 243 530 90 274 125 1024 580 896 472 386 948 678 420 828 801 641 0 359 939 137 860 341 634 500 887 388 494 293 604 946 217 623 628 471 772 494 392 369 446 753 796 361 903 319 909 770 399 772 451 41 214 907 299 369 274 293 511 507 656
420 325 428 436 413 286 167 92 407 529 366 487 416 480 613 686 490 490 401 196 614 703 631 312 458 373 470 516 230 556 373 381 593 650 290 509 315 426 423 598 418 471 609 290 252 320 738 364 543 116 51 690 323 373 477 455 291 359 0 661 427 600 523 384 151 593 101 238 531 246 663 279 318 300 275 421 371 411 369 223 444 464 133 607 102 551 431 517 418 541 359 405 565 206 469 487 214 397 167 517
402 479 955 808 675 548 512 670 708 564 579 843 298 1135 54 900 733 229 995 594 754 59 897 515 1109 870 907 149 593 1217 352 785 239 844 813 915 488 460 1050 116 799 885 746 850 913 834 87 365 373 567 681 69 446 586 629 338 433 939 661 0 1051 91 852 306 527 83 729 803 918 508 19 937 756 374 874 379 487 655 644 825 229 269 588 909 762 451 685 777 586 1200 960 1056 712 866 747 1140 648 485 502 393
847 748 603 741 781 698 593 386 480 935 766 434 838 340 999 1002 842 909 87 604 664 1100 934 730 120 611 715 916 473 276 799 378 1017 638 554 382 737 848 8 1007 725 367 664 217 252 262 1135 700 970 543 440 1065 749 555 865 882 718 137 427 1051 0 976 468 749 577 994 424 498 408 670 1057 190 635 719 455 848 625 530 505 445 853 886 464 897 357 974 797 532 816 335 101 107 934 297 505 142 415 643 590 788
400 460 924 793 667 524 462 600 619 579 567 753 282 1079 43 911 732 231 917 557 663 149 901 494 1039 841 887 123 511 1154 331 698 280 754 778 827 467 461 975 156 782 796 656 770 852 752 177 282 399 515 625 90 425 497 632 342 402 860 600 91 976 0 762 228 476 109 676 761 829 476 106 871 729 331 829 376 399 565 555 779 200 267 516 908 702 476 679 686 583 1141 883 986 723 806 657 1070 568 395 448 303
845 786 914 958 928 777 611 431 152 1007 863 39 771 777 799 1207 1008 813 381 704 207 910 1154 789 586 879 983 761 339 743 759 143 928 170 798 98 779 877 473 861 940 101 210 309 581 249 939 503 948 596 571 836 765 270 978 845 717 341 523 852 468 762 0 573 603 828 603 740 82 716 866 537 840 664 744 833 368 199 218 704 736 810 430 1130 549 988 947 89 914 792 383 556 1074 585 105 610 320 368 593 479
343 347 752 661 557 390 273 374 422 536 459 557 231 865 252 834 634 249 690 388 521 358 807 373 813 675 741 190 287 931 247 487 360 602 603 624 349 397 747 290 647 591 514 544 632 528 392 70 411 317 416 317 312 303 555 314 269 634 384 306 749 228 573 0 283 261 469 574 630 326 314 647 573 182 635 322 208 376 355 582 171 257 289 804 486 471 573 508 493 924 655 760 656 589 471 844 343 216 253 214
274 189 470 405 336 174 16 208 465 408 261 572 266 608 483 624 418 342 546 120 648 564 580 187 607 396 471 379 268 698 222 471 442 703 321 611 181 288 573 455 389 572 642 423 394 440 599 289 396 40 156 564 179 392 376 305 142 500 151 527 577 476 603 283 0 454 202 291 628 114 527 427 302 156 355 273 351 450 411 304 302 314 174 566 242 411 354 576 311 674 505 554 474 343 528 636 285 375 30 462
319 396 873 724 592 466 438 609 680 485 495 815 215 1061 72 821 650 146 942 514 749 111 816 432 1045 788 823 78 546 1148 269 749 172 837 732 884 405 378 992 47 715 851 741 798 844 787 145 328 298 493 609 145 364 558 547 256 352 887 593 83 994 109 828 261 454 0 655 723 889 428 76 870 673 299 796 295 460 630 614 748 152 185 529 827 692 376 602 758 504 1128 905 992 632 795 724 1076 600 462 429 393
439 333 328 360 365 277 217 181 498 511 342 566 461 406 684 619 435 539 419 183 708 766 559 311 427 279 380 581 329 501 412 460 631 740 196 578 322 430 419 655 342 541 704 337 202 379 801 457 561 162 55 764 343 473 443 484 323 388 101 729 424 676 603 469 202 655 0 141 601 260 729 248 242 357 175 445 472 507 465 123 504 508 233 531 70 555 382 606 392 473 377 377 520 148 558 455 307 497 228 615
457 350 190 244 295 280 303 322 639 472 312 702 513 370 763 507 346 591 513 210 849 832 442 318 467 139 244 654 468 497 460 597 666 880 60 708 339 429 491 714 228 672 845 458 247 507 865 574 570 257 188 846 373 612 387 514 372 494 238 803 498 761 740 574 291 723 141 0 732 297 799 308 139 431 77 470 605 648 606 53 573 555 370 409 191 545 308 746 352 445 474 425 442 202 699 489 448 630 321 740
882 815 898 961 942 799 638 440 210 1035 885 76 816 732 865 1215 1020 864 324 720 287 976 1158 815 528 870 976 820 375 685 800 158 979 237 792 27 808 910 414 920 943 60 290 281 551 226 1006 562 990 616 576 905 798 333 999 888 751 293 531 918 408 829 82 630 628 889 601 732 0 742 931 502 842 705 729 872 431 265 276 693 789 858 454 1132 541 1025 961 171 936 740 333 503 1092 563 179 550 344 434 621 554
179 79 449 335 239 69 104 317 576 294 153 685 216 652 472 526 321 294 647 88 751 535 490 73 686 365 419 362 378 759 162 584 375 810 305 724 69 180 665 417 321 686 745 530 462 551 569 353 302 133 231 556 82 495 266 225 75 604 246 508 670 476 716 326 114 428 260 297 742 0 504 505 255 150 372 185 442 557 519 328 280 258 287 482 318 305 257 686 200 724 605 635 366 408 638 714 398 464 124 528
391 472 949 799 665 542 512 675 721 550 569 855 292 1135 66 887 722 220 1002 590 770 45 885 507 1113 864 899 148 601 1219 345 796 223 860 809 927 481 450 1056 102 790 896 762 857 915 842 78 375 359 567 681 87 440 598 617 328 429 946 663 19 1057 106 866 314 527 76 729 799 931 504 0 939 749 373 871 369 500 668 656 823 227 260 593 897 763 436 675 791 576 1201 966 1060 699 867 760 1143 656 498 502 409
684 580 423 551 594 524 443 274 493 755 586 499 693 252 887 813 653 768 218 431 703 980 745 559 181 423 528 793 408 285 648 411 869 702 364 475 569 677 183 877 535 447 701 229 63 289 1015 612 807 389 276 961 587 528 680 726 562 217 279 937 190 871 537 647 427 870 248 308 502 505 939 0 446 579 267 688 571 528 493 256 722 741 360 709 188 803 610 577 634 291 185 130 746 109 538 210 357 594 446 735
374 278 202 119 161 207 308 409 724 347 204 804 458 491 723 378 208 531 646 186 926 776 317 243 606 116 169 613 537 627 404 697 587 967 94 819 268 333 629 656 101 782 921 578 385 621 808 590 473 282 269 807 310 676 256 437 327 623 318 756 635 729 840 573 302 673 242 139 842 255 749 446 0 404 202 392 650 723 682 192 531 492 434 290 307 435 172 834 232 568 606 564 303 338 786 627 530 674 331 763
184 165 594 483 375 210 140 335 515 367 277 639 120 763 333 653 452 190 679 226 660 409 625 191 758 513 568 226 330 853 95 549 298 731 448 692 167 228 716 299 470 655 653 544 548 549 444 224 286 195 311 415 131 413 375 183 87 628 300 374 719 331 664 182 156 299 357 431 705 150 373 579 404 0 500 169 339 482 450 451 147 168 271 622 396 326 390 618 312 829 639 705 477 498 573 788 369 357 133 393
533 427 169 291 362 356 368 347 657 544 387 706 587 295 833 548 406 666 482 284 870 905 480 395 410 156 262 725 500 426 534 603 743 893 108 703 415 506 448 788 276 669 866 448 204 502 939 629 646 318 229 915 448 643 456 590 446 471 275 874 455 829 744 635 355 796 175 77 729 372 871 267 202 500 0 546 647 672 631 53 645 630 408 442 202 620 374 760 425 371 446 372 503 171 714 429 472 672 384 789
24 119 594 430 297 191 257 478 684 217 201 807 99 833 357 538 357 150 819 268 827 390 525 153 869 508 532 253 497 943 77 715 197 899 465 858 131 86 844 270 423 820 819 692 646 704 420 379 124 305 413 439 102 581 257 45 131 772 421 379 848 376 833 322 273 295 445 470 872 185 369 688 392 169 546 0 504 652 620 506 185 111 427 533 500 156 307 787 209 906 777 818 351 593 742 897 531 520 265 534
521 492 794 756 681 511 351 313 221 705 594 356 425 816 434 968 762 455 552 471 323 545 929 508 711 731 816 394 164 850 426 302 567 398 649 428 490 566 625 493 740 398 316 408 577 374 575 138 608 368 419 478 463 99 703 506 414 494 371 487 625 399 368 208 351 460 472 605 431 442 500 571 650 339 647 504 0 170 156 594 377 458 239 917 458 659 699 301 637 862 524 662 805 548 264 742 216 25 327 165
666 620 835 838 785 623 455 327 59 840 709 189 582 780 602 1072 867 619 447 563 203 712 1025 629 633 784 881 563 187 784 575 160 733 253 701 265 615 705 532 663 821 239 198 319 552 268 742 306 763 453 463 640 595 73 823 660 546 392 411 655 530 565 199 376 450 630 507 648 265 557 668 528 723 482 672 652 170 0 42 624 542 619 290 1007 470 808 804 136 757 813 430 590 923 538 95 662 200 170 433 293
633 583 793 797 746 584 416 285 67 804 671 201 554 745 590 1032 828 595 425 523 245 701 984 591 605 742 839 545 146 754 544 149 709 292 659 272 578 670 507 645 779 242 240 291 515 244 731 286 733 412 421 634 560 60 785 630 511 369 369 644 505 555 218 355 411 614 465 606 276 519 656 493 682 450 631 620 156 42 0 582 518 592 248 966 429 776 764 168 719 780 404 561 884 499 123 634 158 163 395 298
495 387 212 296 347 319 317 298 611 522 359 666 542 328 783 558 400 620 463 240 823 857 492 357 414 179 286 676 450 449 489 562 701 849 109 668 376 471 439 742 280 633 819 415 194 466 892 575 611 266 176 865 406 593 438 549 400 446 223 825 445 779 704 582 304 748 123 53 693 328 823 256 192 451 53 506 594 624 582 0 596 586 356 458 156 590 360 716 401 402 425 372 495 150 669 436 424 620 332 736
209 261 728 593 469 325 287 467 585 400 369 718 86 910 192 723 536 78 806 365 692 262 707 295 899 644 688 82 426 998 132 640 191 773 585 780 268 270 851 155 583 745 684 666 694 661 297 239 248 342 457 276 225 469 441 161 205 753 444 229 853 200 736 171 302 152 504 573 789 280 227 722 531 147 645 185 377 542 518 596 0 92 392 712 541 315 481 676 387 976 768 846 536 644 637 929 475 386 278 366
134 214 694 539 407 286 298 503 659 315 310 789 48 908 246 645 467 40 847 346 777 284 635 250 921 608 639 145 487 1009 96 705 130 856 558 847 224 195 883 163 530 811 770 711 706 714 316 323 156 352 468 328 185 546 366 75 186 796 464 269 886 267 810 257 314 185 508 555 858 258 260 741 492 168 630 111 458 619 592 586 92 0 437 644 555 224 417 755 319 979 807 868 457 654 713 950 531 470 297 458
434 361 560 548 501 347 184 86 297 581 434 398 390 590 536 785 582 454 414 277 492 636 736 361 524 501 594 451 103 645 361 297 567 538 418 438 353 457 463 545 531 399 487 275 352 279 670 252 549 167 182 605 345 244 548 450 300 361 133 588 464 516 430 289 174 529 233 370 454 287 593 360 434 271 408 427 239 290 248 356 392 437 0 717 220 576 520 408 484 643 376 471 645 316 359 555 111 265 167 390
510 460 316 172 247 415 567 699 1011 361 347 1094 627 675 890 116 177 682 921 447 1209 912 45 431 845 287 188 786 820 825 582 987 692 1254 349 1109 456 449 890 796 189 1072 1203 864 646 910 939 836 552 556 559 972 496 955 281 571 535 903 607 909 897 908 1130 804 566 827 531 409 1132 482 897 709 290 622 442 533 917 1007 966 458 712 644 717 0 594 483 233 1122 325 748 882 812 217 607 1074 860 818 941 590 1010
496 394 368 424 434 341 258 148 455 578 410 511 507 378 714 685 503 583 349 247 668 802 624 374 369 330 435 615 303 457 461 406 682 693 251 517 383 492 352 695 407 481 664 271 152 317 837 464 619 203 88 792 399 445 512 538 375 319 102 762 357 702 549 486 242 692 70 191 541 318 763 188 307 396 202 500 458 470 429 156 541 555 220 594 0 618 451 559 460 439 308 317 589 104 513 397 271 483 263 610
144 227 627 430 293 278 398 619 840 122 234 962 240 915 446 455 319 251 952 372 982 442 462 244 982 544 537 362 651 1038 233 868 216 1055 523 1010 237 126 969 335 429 972 975 834 754 850 464 532 78 437 534 519 232 738 211 157 275 909 551 451 974 476 988 471 411 376 555 545 1025 305 436 803 435 326 620 156 659 808 776 590 315 224 576 483 618 0 294 943 204 990 910 932 271 700 899 1008 683 675 410 679
284 227 340 137 19 188 351 521 816 187 114 913 396 661 663 270 64 456 800 243 1002 694 234 199 775 262 243 556 620 799 350 808 482 1056 266 940 224 226 791 574 136 902 996 714 551 750 722 608 349 353 390 745 264 746 89 347 304 770 431 685 797 679 947 573 354 602 382 308 961 257 675 610 172 390 374 307 699 804 764 360 481 417 520 233 451 294 0 927 100 738 758 731 138 501 879 797 627 721 374 782
801 751 927 952 909 750 582 427 111 972 837 106 718 824 725 1193 990 754 445 685 132 835 1143 758 647 885 986 694 309 803 711 166 867 134 802 184 746 838 536 793 934 177 132 350 613 289 863 438 899 575 568 756 728 208 951 796 679 399 517 777 532 686 89 508 576 758 606 746 171 686 791 577 834 618 760 787 301 136 168 716 676 755 408 1122 559 943 927 0 886 846 440 612 1050 609 49 672 304 296 562 396
185 147 423 232 93 137 303 501 776 121 52 882 302 719 566 342 149 358 808 221 950 594 320 129 808 340 338 460 578 849 258 780 382 1010 323 917 148 127 810 475 228 878 944 707 580 736 623 535 253 320 386 648 181 695 66 248 227 772 418 586 816 583 914 493 311 504 392 352 936 200 576 634 232 312 425 209 637 757 719 401 387 319 484 325 460 204 100 886 0 795 766 761 168 527 838 832 594 658 324 705
896 788 433 633 728 720 690 558 774 914 757 756 933 77 1153 863 761 1011 417 638 976 1238 791 759 217 486 563 1052 698 90 882 682 1099 962 474 713 776 873 329 1128 622 693 975 499 292 558 1273 895 1013 634 519 1231 805 818 824 948 793 451 541 1200 335 1141 792 924 674 1128 473 445 740 724 1201 291 568 829 371 906 862 813 780 402 976 979 643 748 439 990 738 846 795 0 410 237 859 335 812 204 648 885 699 1025
778 684 607 719 742 641 520 303 381 882 715 346 759 399 907 982 809 827 42 548 571 1010 916 670 207 600 707 827 375 363 723 281 937 553 534 306 673 785 103 921 702 284 571 117 245 161 1044 604 900 474 381 971 681 454 820 808 646 41 359 960 101 883 383 655 505 905 377 474 333 605 966 185 606 639 446 777 524 430 404 425 768 807 376 882 308 910 758 440 766 410 0 173 896 276 410 234 317 542 514 687
814 710 509 662 717 654 571 386 546 882 714 519 820 234 1005 920 771 895 181 560 743 1101 850 688 53 525 626 914 502 194 776 450 997 726 476 476 699 807 99 1001 647 456 742 271 181 327 1136 719 936 517 405 1076 716 604 805 855 691 214 405 1056 107 986 556 760 554 992 377 425 503 635 1060 130 564 705 372 818 662 590 561 372 846 868 471 812 317 932 731 612 761 237 173 0 866 234 580 84 446 683 572 827
327 314 441 229 155 300 468 653 939 150 213 1042 450 783 700 189 99 493 937 372 1117 709 192 297 909 374 322 602 742 925 414 938 485 1176 395 1072 315 266 928 597 238 1034 1111 850 687 884 733 701 344 479 526 778 347 861 102 381 394 907 565 712 934 723 1074 656 474 632 520 442 1092 366 699 746 303 477 503 351 805 923 884 495 536 457 645 217 589 271 138 1050 168 859 896 866 0 638 1002 930 754 826 489 869
587 481 338 446 486 422 359 235 513 648 480 546 606 276 818 709 545 684 313 330 728 905 642 457 282 325 431 719 387 355 559 447 779 740 259 537 469 576 291 797 430 504 724 281 54 338 940 564 708 303 187 896 491 523 572 632 471 299 206 866 297 806 585 589 343 795 148 202 563 408 867 109 338 498 171 593 548 538 499 150 644 654 316 607 104 700 501 609 527 335 276 234 638 0 566 308 346 572 366 705
756 704 881 903 860 702 535 379 63 926 789 104 675 787 694 1145 942 714 419 636 165 805 1094 711 617 837 938 659 260 773 667 130 828 181 755 185 699 792 509 758 885 168 163 313 571 254 834 401 855 526 519 730 681 168 903 752 633 369 469 747 505 657 105 471 528 724 558 699 179 638 760 538 786 573 714 742 264 95 123 669 637 713 359 1074 513 899 879 49 838 812 410 580 1002 566 0 644 256 263 514 375
893 788 550 718 783 730 653 470 615 953 786 575 902 229 1089 971 833 977 229 637 804 1185 901 765 31 577 673 998 583 135 858 515 1078 780 536 524 776 884 137 1084 704 508 804 343 254 395 1219 802 1015 599 485 1160 796 680 874 935 772 274 487 1140 142 1070 610 844 636 1076 455 489 550 714 1143 210 627 788 429 897 742 662 634 436 929 950 555 860 397 1008 797 672 832 204 234 84 930 308 644 0 526 762 655 906
540 471 635 647 609 457 294 127 194 691 544 288 486 605 595 891 689 543 350 384 401 700 839 471 496 585 684 523 58 633 463 187 658 437 502 328 464 566 415 621 630 290 396 203 368 188 734 288 653 276 265 655 454 176 659 551 408 293 214 648 415 568 320 343 285 600 307 448 344 398 656 357 530 369 472 531 216 200 158 424 475 531 111 818 271 683 627 304 594 648 317 446 754 346 256 526 0 238 277 381
537 513 820 780 703 533 374 337 224 724 615 358 439 839 432 991 785 465 569 495 308 543 952 529 731 756 841 399 187 871 443 311 575 387 674 432 511 585 644 497 764 404 301 425 601 389 572 147 621 392 444 472 482 103 723 520 433 511 397 485 643 395 368 216 375 462 497 630 434 464 498 594 674 357 672 520 25 170 163 620 386 470 265 941 483 675 721 296 658 885 542 683 826 572 263 762 238 0 350 145
270 194 500 431 356 190 24 213 452 415 276 563 249 633 456 644 438 323 555 146 629 540 603 197 625 425 499 354 255 720 209 464 427 686 350 605 187 290 587 432 415 566 623 427 416 441 575 260 389 67 179 536 178 373 390 294 136 507 167 502 590 448 593 253 30 429 228 321 621 124 502 446 331 133 384 265 327 433 395 332 278 297 167 590 263 410 374 562 324 699 514 572 489 366 514 655 277 350 0 433
555 559 926 860 765 595 456 470 352 750 669 478 439 976 345 1046 844 440 714 578 361 451 1016 583 876 856 932 348 327 1014 461 447 537 452 778 557 560 611 789 435 845 532 353 571 737 534 476 175 614 487 560 363 524 240 768 522 479 656 517 393 788 303 479 214 462 393 615 740 554 528 409 735 763 393 789 534 165 293 298 736 366 458 390 1010 610 679 782 396 705 1025 687 827 869 705 375 906 381 145 433 0
