# TTSP Euclidean complete-graph matrix instance
# seed: 2060
# depot: 1
# L_max is not stored in this file; pass it with --budget when running algorithms.
# coordinate rows: node x y
# coord 1 575.100308 833.151365
# coord 2 373.110734 474.383546
# coord 3 6.234203 26.700616
# coord 4 676.487725 553.495188
# coord 5 486.746704 755.339876
# coord 6 617.353644 701.485539
# coord 7 795.312950 976.762930
# coord 8 503.327962 948.853080
# coord 9 177.935667 813.630181
# coord 10 263.920212 765.910726
# coord 11 192.559148 664.740034
# coord 12 873.051249 805.265893
# coord 13 457.470600 288.246016
# coord 14 780.091586 160.920634
# coord 15 884.265688 481.065846
# coord 16 490.042709 899.569502
# coord 17 463.534216 986.373568
# coord 18 145.231371 533.456010
# coord 19 356.747023 28.955381
# coord 20 553.658708 575.295916
# coord 21 896.705116 785.803571
# coord 22 817.690594 798.597344
# coord 23 997.430362 63.411961
# coord 24 801.987520 963.885132
# coord 25 212.442704 228.649238
# coord 26 485.628786 228.331175
# coord 27 951.778211 743.594581
# coord 28 827.661354 42.870825
# coord 29 378.564801 544.756854
# coord 30 160.379516 355.254094
# coord 31 205.884460 222.842140
# coord 32 497.574198 726.609977
# coord 33 590.705022 279.517004
# coord 34 860.181936 691.790397
# coord 35 996.516403 597.682907
# coord 36 295.105971 463.746443
# coord 37 988.425672 251.552878
# coord 38 98.579917 564.720051
# coord 39 10.998788 781.588576
# coord 40 10.728300 725.525453
# coord 41 871.134286 476.718240
# coord 42 707.128354 891.587451
# coord 43 867.786054 426.184476
# coord 44 963.790336 821.310367
# coord 45 830.351741 111.236198
# coord 46 862.498033 861.330358
# coord 47 994.765958 512.083939
# coord 48 230.814110 879.317875
# coord 49 40.027513 861.933254
# coord 50 269.737181 627.768919
# coord 51 479.060561 104.733149
# coord 52 644.271011 400.568744
# coord 53 928.699155 469.617199
# coord 54 228.609133 142.818294
# coord 55 867.565821 300.347410
# coord 56 502.848398 115.921251
# coord 57 296.133665 268.500602
# coord 58 118.827971 673.020790
# coord 59 221.524463 442.423640
# coord 60 929.044605 924.868269
# coord 61 799.200667 477.953413
# coord 62 574.255707 37.314661
# coord 63 546.345146 774.099527
# coord 64 829.255481 593.888381
# coord 65 884.738490 366.913716
# coord 66 446.621725 220.483025
# coord 67 555.870752 837.917187
# coord 68 152.921118 790.848858
# coord 69 358.270510 521.263932
# coord 70 6.898455 577.217653
# coord 71 816.109055 264.147889
# coord 72 287.449981 868.880432
# coord 73 170.560903 550.455917
# coord 74 872.094644 727.912427
# coord 75 381.495870 348.571740
# coord 76 476.889433 846.722401
# coord 77 484.654625 529.647422
# coord 78 360.275510 426.098383
# coord 79 893.785180 603.597803
# coord 80 368.297218 274.044801
# coord 81 113.042150 399.598551
# coord 82 327.050697 855.534938
# coord 83 72.036430 3.930045
# coord 84 213.960730 877.225653
# coord 85 904.510693 863.350539
# coord 86 935.215464 709.093306
# coord 87 846.443443 15.781852
# coord 88 110.711799 550.408510
# coord 89 122.538579 361.082214
# coord 90 429.041879 156.675908
# coord 91 295.752492 22.296272
# coord 92 562.244744 826.924184
# coord 93 425.562298 362.515637
# coord 94 543.239116 163.785204
# coord 95 153.030438 976.988551
# coord 96 205.678747 947.753525
# coord 97 578.937127 383.348990
# coord 98 261.879557 354.648639
# coord 99 996.694938 902.452129
# coord 100 574.675366 34.681640
# reference_nearest_neighbor_tour_cost: 9555
TTSP_MATRIX
100
0 97 8 20 90 16 52 40 1 84 75 80 71 94 85 11 51 36 76 29 4 14 17 74 11 89 44 7 82 70 96 36 67 91 51 9 49 98 79 17 81 26 35 5 56 97 70 60 46 48 64 99 89 70 82 53 84 84 58 99 22 12 42 63 93 85 48 40 93 53 69 8 96 11 96 12 95 21 91 12 35 6 16 100 16 95 89 73 89 49 83 72 63 66 57 55 25 9 5 18
0 412 987 297 118 138 263 136 398 318 418 299 557 703 469 108 190 524 833 259 325 245 878 262 705 611 387 830 349 633 713 132 554 318 483 464 714 547 566 575 463 144 501 389 766 289 528 347 536 368 735 438 507 772 608 721 630 484 527 366 420 796 66 349 560 626 20 424 380 623 618 290 494 315 522 99 317 460 393 596 634 249 970 364 331 381 861 544 654 692 858 14 494 670 446 387 450 572 427 798
412 0 579 314 303 334 656 492 391 311 262 600 204 514 511 441 520 235 446 207 609 550 747 651 294 271 638 627 71 244 302 281 292 533 635 79 654 289 475 441 498 534 497 685 584 624 623 429 511 185 385 281 556 362 524 381 220 323 155 716 426 481 346 472 523 264 407 386 49 380 490 404 216 560 126 387 124 50 536 200 271 384 559 433 659 609 659 273 275 323 459 400 124 354 549 502 225 163 756 484
987 579 0 852 873 910 1235 1048 805 783 665 1165 522 785 989 998 1063 525 351 775 1170 1120 992 1229 289 520 1187 822 638 363 280 855 637 1082 1143 524 1008 546 755 699 975 1113 950 1244 828 1196 1101 882 836 656 479 740 1023 251 904 505 378 656 468 1288 912 568 922 1000 942 481 980 778 607 551 844 888 549 1114 494 945 694 534 1059 438 388 889 70 876 1228 1153 840 534 354 442 290 974 537 554 962 942 675 416 1322 568
297 314 852 0 277 159 440 432 562 464 497 319 344 406 220 393 482 532 614 125 320 283 586 429 566 377 335 533 298 553 575 249 287 230 323 392 434 578 703 688 209 339 230 393 468 360 321 552 707 413 490 156 266 608 317 471 475 570 468 449 144 526 256 158 280 405 309 575 320 670 321 501 506 262 359 355 193 341 223 416 584 462 817 565 385 302 564 566 586 468 654 296 315 412 673 614 196 460 474 529
118 303 873 277 0 141 380 194 314 223 308 390 468 663 483 144 232 407 738 192 411 334 860 378 594 527 465 790 237 516 602 31 487 379 534 349 711 432 476 477 475 259 504 482 730 390 563 284 459 252 651 388 526 665 593 640 523 377 410 474 418 723 62 379 556 536 108 336 267 512 591 229 377 386 420 92 226 353 434 496 516 189 858 299 432 451 822 428 537 601 758 104 398 594 401 341 383 459 531 726
138 334 910 159 141 0 328 272 454 359 426 276 443 565 346 235 324 501 721 141 292 223 743 321 623 491 337 691 286 573 631 122 423 243 393 400 583 536 612 607 339 210 372 367 628 293 422 425 599 355 613 302 388 681 473 597 539 499 473 383 288 666 102 238 428 510 150 473 316 623 480 370 472 256 424 202 217 377 293 495 588 329 885 440 330 318 723 529 601 576 751 137 389 543 540 480 320 497 429 668
263 656 1235 440 380 328 0 293 639 572 679 188 767 816 504 315 332 787 1044 469 216 180 935 15 948 810 281 934 600 888 957 389 727 292 429 717 750 809 808 824 506 123 555 229 866 134 506 573 764 631 928 596 524 1008 680 909 866 742 784 143 499 965 321 384 616 833 277 669 631 884 713 519 756 260 752 344 544 702 386 822 894 484 1212 590 157 302 962 807 912 898 1077 277 717 851 642 590 632 819 215 968
136 492 1048 432 194 272 293 0 352 301 421 397 662 835 603 51 55 548 932 377 426 348 1014 299 777 721 493 962 423 686 785 222 675 440 605 528 849 558 520 541 598 212 637 478 899 370 657 281 471 397 844 566 641 852 744 833 711 473 580 426 556 914 180 482 696 731 123 384 452 620 753 230 519 430 613 105 420 542 521 688 674 199 1039 298 410 494 994 559 700 796 950 135 591 786 351 298 571 641 496 917
398 391 805 562 314 454 639 352 0 98 150 695 595 888 781 324 334 282 805 445 719 640 1111 642 586 661 777 1008 335 459 591 331 675 693 847 369 986 261 170 189 771 535 791 786 959 686 871 84 146 207 770 623 826 673 860 770 558 153 374 759 706 872 371 687 836 651 379 34 344 292 842 123 263 699 508 301 418 428 746 572 419 155 817 73 728 764 1041 272 456 703 800 385 515 745 165 137 588 467 824 874
318 311 783 464 223 359 572 301 98 0 124 610 515 795 683 263 297 261 743 347 633 555 1016 573 540 582 688 917 249 424 546 237 586 601 752 304 889 260 253 256 673 461 693 702 866 606 774 118 244 138 695 527 728 624 762 693 498 172 326 684 608 792 283 591 738 575 301 114 262 319 746 106 235 609 434 228 323 353 650 503 396 110 786 122 648 674 950 264 429 631 744 304 435 664 238 191 496 411 745 795
418 262 665 497 308 426 679 421 150 124 0 695 460 774 716 379 421 140 657 372 714 639 1005 679 437 526 763 889 221 311 442 311 554 668 807 226 897 137 216 192 704 562 716 787 844 698 817 218 249 86 629 523 762 523 767 630 410 74 224 781 635 734 370 641 754 512 402 132 219 205 741 225 116 682 368 338 322 292 704 428 277 233 672 214 739 744 921 141 312 560 651 404 382 611 315 283 478 318 839 737
299 600 1165 319 390 276 188 397 695 610 695 0 663 651 324 394 448 777 932 394 31 56 752 174 877 695 100 764 559 843 886 384 597 114 242 671 566 811 862 866 329 187 379 92 695 57 317 646 835 629 804 465 340 924 505 782 788 766 746 132 336 824 328 216 439 724 319 720 588 896 544 589 747 77 671 398 476 638 203 733 861 548 1133 663 66 115 790 804 872 786 973 312 630 721 740 682 514 759 157 826
557 204 522 344 468 443 767 662 595 515 460 663 0 347 468 612 698 397 278 303 664 625 585 758 252 66 672 444 268 305 260 440 134 570 622 239 532 453 665 625 455 653 433 735 413 702 582 633 709 388 185 218 505 271 410 178 163 513 282 792 391 277 494 481 434 69 558 588 253 535 359 605 389 604 97 559 243 169 538 90 362 582 479 637 728 637 475 435 343 135 311 549 81 151 753 706 154 207 817 279
703 514 785 406 663 565 816 835 888 795 774 651 347 0 337 794 884 736 443 472 636 639 238 803 572 302 607 127 555 649 578 632 223 537 487 572 227 792 988 954 329 734 279 685 71 705 412 904 1019 692 306 275 343 552 165 281 496 836 625 778 318 240 656 436 231 339 713 889 555 878 109 862 723 574 441 750 472 497 457 427 708 829 725 913 713 570 160 774 687 351 504 701 408 237 1029 974 300 553 773 241
469 511 989 220 483 346 504 603 781 683 716 324 468 337 0 575 658 741 695 344 305 324 433 490 718 472 271 442 510 735 726 458 356 212 162 589 252 790 924 907 14 447 57 349 374 381 115 765 926 632 553 253 46 738 181 528 625 789 664 446 85 541 447 126 114 509 485 794 528 883 227 712 717 247 520 547 403 527 123 556 776 671 942 779 383 234 467 777 771 559 746 473 474 466 884 824 321 635 436 543
108 441 998 393 144 235 315 51 324 263 379 394 612 794 575 0 91 503 881 330 422 343 978 319 726 671 487 921 372 636 734 173 628 424 590 477 818 515 493 510 569 217 606 480 859 374 636 260 452 350 795 522 614 801 708 784 660 435 530 440 523 866 138 457 663 680 90 354 401 581 714 205 473 419 562 54 370 491 501 637 626 169 988 277 416 484 953 516 652 745 899 102 541 738 346 288 524 591 507 869
190 520 1063 482 232 324 332 55 334 297 421 448 698 884 658 91 0 554 963 421 477 401 1066 339 798 758 545 1011 450 700 806 262 718 494 660 549 903 558 497 523 653 261 691 527 949 418 712 256 441 408 882 613 695 876 796 871 737 466 595 470 609 955 228 536 749 766 175 367 477 613 804 212 525 483 643 140 457 570 576 719 683 189 1058 272 458 547 1043 561 712 830 979 188 625 826 311 261 614 663 540 958
524 235 525 532 407 501 787 548 282 261 140 777 397 736 741 503 554 0 547 411 793 723 973 785 312 457 833 840 234 179 316 402 513 732 854 165 889 56 282 234 728 666 730 868 805 789 850 356 345 156 543 516 786 399 759 550 305 142 119 876 656 656 468 687 758 434 511 258 213 145 723 364 31 752 300 456 339 240 752 342 138 370 535 351 828 809 872 38 174 472 533 510 328 543 444 419 459 213 928 658
833 446 351 614 738 721 1044 932 805 743 657 932 278 443 695 881 963 547 0 581 930 897 642 1036 246 237 930 471 516 381 246 712 343 832 856 439 670 595 828 778 682 931 647 998 481 974 800 860 891 605 144 470 722 171 578 170 247 687 435 1063 630 218 769 736 627 212 833 789 492 650 516 843 554 868 321 827 517 397 787 245 444 827 286 860 998 893 490 577 406 147 61 824 341 230 970 931 418 339 1083 218
259 207 775 125 192 141 469 377 445 347 372 394 303 472 344 330 421 411 581 0 402 346 677 461 486 354 432 599 178 451 495 161 298 328 443 282 542 455 581 563 332 352 348 478 540 421 446 443 588 289 476 197 390 541 417 462 401 446 358 513 264 538 199 276 391 371 263 455 203 547 407 396 384 353 285 282 83 244 341 354 474 360 747 454 454 404 631 444 481 437 610 252 248 412 567 510 194 366 551 541
325 609 1170 320 411 292 216 426 719 633 714 31 664 636 305 422 477 793 930 402 0 80 729 202 882 693 69 746 571 853 891 403 592 101 213 682 542 828 886 888 310 217 361 76 678 83 291 672 860 647 799 461 318 927 486 777 793 786 757 143 323 815 351 203 419 723 345 744 600 914 528 615 763 63 676 424 485 646 182 736 874 574 1136 689 78 86 772 820 883 784 972 337 633 715 768 710 513 767 154 817
245 550 1120 283 334 223 180 348 640 555 639 56 625 639 324 343 401 723 897 346 80 0 757 166 831 660 145 756 507 793 840 328 567 115 269 621 573 756 807 810 326 144 376 148 687 77 337 592 780 574 772 434 347 882 501 752 744 710 694 168 321 799 272 205 437 687 265 665 537 840 534 535 693 89 627 344 428 590 209 691 810 494 1090 609 108 148 783 749 821 750 935 257 586 692 688 630 479 711 207 802
878 747 992 586 860 743 935 1014 1111 1016 1005 752 585 238 433 978 1066 973 642 677 729 757 0 921 802 538 682 171 784 886 807 830 461 643 534 808 188 1029 1220 1188 432 878 385 759 174 809 449 1120 1247 921 520 488 412 773 270 497 731 1069 864 864 459 424 842 556 324 573 892 1115 786 1116 271 1074 960 676 679 940 693 733 550 663 946 1038 927 1130 805 649 158 1012 924 576 703 879 645 465 1244 1187 527 791 839 424
262 651 1229 429 378 321 15 299 642 573 679 174 758 803 490 319 339 785 1036 461 202 166 921 0 942 801 266 921 596 884 951 386 716 278 415 712 736 809 812 826 492 119 542 216 853 119 491 577 769 629 918 585 510 1001 667 899 860 743 780 133 486 954 318 371 603 824 276 672 627 884 700 523 755 246 745 346 538 696 372 815 891 487 1206 594 144 288 949 805 908 889 1069 276 709 841 649 597 622 814 204 957
705 294 289 566 594 623 948 777 586 540 437 877 252 572 718 726 798 312 246 486 882 831 802 942 0 273 901 643 357 137 9 574 382 796 867 249 776 355 588 536 704 827 684 957 629 907 832 651 656 403 294 465 756 87 659 312 93 454 214 999 638 409 640 717 686 234 699 565 327 405 605 645 325 827 207 672 406 247 778 162 198 637 265 649 939 868 669 337 160 228 223 693 252 337 751 719 398 135 1034 411
611 271 520 377 527 491 810 721 661 582 526 695 66 302 472 671 758 457 237 354 693 660 538 801 273 0 695 389 334 349 280 498 117 596 630 303 503 513 729 688 459 699 430 762 364 737 583 699 775 454 124 234 505 271 389 114 194 576 340 826 401 211 549 502 422 40 614 654 319 592 332 671 451 632 159 618 301 234 554 126 410 647 471 703 761 658 419 494 387 91 280 603 147 87 819 772 181 257 846 213
387 638 1187 335 465 337 281 493 777 688 763 100 672 607 271 487 545 833 930 432 69 145 682 266 901 695 0 712 607 882 910 455 588 105 153 714 493 872 942 941 279 286 328 79 644 148 235 734 919 692 795 461 275 940 451 772 810 836 790 183 306 801 407 193 383 727 407 800 634 959 498 676 805 81 694 486 514 671 152 749 907 635 1149 750 129 38 735 863 913 786 975 398 650 709 832 774 518 792 165 803
830 627 822 533 790 691 934 962 1008 917 889 764 444 127 442 921 1011 840 471 599 746 756 171 921 643 389 712 0 673 737 647 759 335 650 580 679 263 897 1101 1065 436 857 385 790 68 819 498 1028 1136 808 354 402 439 607 261 333 577 948 726 888 436 253 783 551 329 420 840 1007 670 979 222 987 830 686 541 877 595 604 565 514 799 954 757 1036 824 675 33 878 774 415 532 828 514 309 1152 1098 422 646 876 253
349 71 638 298 237 286 600 423 335 249 221 559 268 555 510 372 450 234 516 178 571 507 784 596 357 334 607 673 0 289 365 217 340 504 620 116 677 281 437 410 497 478 503 647 626 578 617 366 464 137 451 302 555 429 547 446 288 290 187 669 426 544 284 453 537 331 343 334 31 373 520 337 208 526 196 318 107 120 519 271 303 315 622 371 615 580 706 268 315 391 529 337 188 415 488 439 257 223 714 546
633 244 363 553 516 573 888 686 459 424 311 843 305 649 735 636 700 179 381 451 853 793 886 884 137 349 882 737 289 0 140 502 437 777 871 173 835 218 452 399 721 766 711 929 713 865 849 529 521 294 405 486 777 223 709 418 161 320 106 957 650 522 570 710 724 316 624 436 258 270 662 529 195 803 221 585 368 212 774 223 65 527 362 525 901 852 765 201 38 334 359 620 265 428 622 594 419 102 999 524
713 302 280 575 602 631 957 785 591 546 442 886 260 578 726 734 806 316 246 495 891 840 807 951 9 280 910 647 365 140 0 582 389 805 875 257 783 358 592 539 712 836 692 966 634 916 840 657 660 410 298 473 764 83 666 316 101 459 220 1008 646 412 648 725 694 241 708 570 335 406 612 651 330 836 216 680 415 255 786 170 200 644 257 654 948 877 673 341 161 233 220 701 260 342 756 725 406 143 1043 414
132 281 855 249 31 122 389 222 331 237 311 384 440 632 458 173 262 402 712 161 403 328 830 386 574 498 455 759 217 502 582 0 457 364 515 332 683 431 490 487 449 267 477 476 700 389 541 307 477 248 622 358 502 643 564 611 500 383 396 475 391 694 68 357 528 509 126 351 248 513 562 254 371 375 395 122 197 330 415 471 505 214 839 321 429 438 792 425 524 574 733 119 371 565 426 366 353 440 529 696
554 292 637 287 487 423 727 675 675 586 554 597 134 223 356 628 718 513 343 298 592 567 461 716 382 117 588 335 340 437 389 457 0 493 516 348 399 569 767 732 343 623 314 658 293 642 466 699 802 474 207 132 388 387 278 186 295 614 404 729 288 243 497 395 307 156 559 673 335 655 226 663 500 529 220 579 272 273 444 222 493 633 587 707 663 551 367 551 475 203 391 548 185 125 823 771 104 337 744 245
318 533 1082 230 379 243 292 440 693 601 668 114 570 537 212 424 494 732 832 328 101 115 643 278 796 596 105 650 504 777 805 364 493 0 166 609 459 772 854 850 215 252 266 166 581 170 225 657 838 594 700 363 232 837 392 678 705 742 686 243 222 714 324 103 326 627 338 714 530 861 430 599 704 38 589 413 409 566 94 645 802 558 1046 672 177 77 676 763 808 687 876 327 545 616 762 703 417 687 251 716
483 635 1143 323 534 393 429 605 847 752 807 242 622 487 162 590 660 854 856 443 213 269 534 415 867 630 153 580 620 871 875 515 516 166 0 714 346 899 1003 994 174 412 214 226 514 296 86 816 992 727 715 404 145 893 324 690 774 881 790 334 231 702 484 167 256 667 502 865 643 990 379 759 827 180 664 576 516 659 103 707 905 717 1099 831 281 127 601 887 905 719 907 491 617 627 925 865 469 774 305 704
464 79 524 392 349 400 717 528 369 304 226 671 239 572 589 477 549 165 439 282 682 621 808 712 249 303 714 679 116 173 257 332 348 609 714 0 725 221 426 387 576 594 574 758 641 693 701 421 473 166 403 355 634 328 595 405 195 274 77 784 504 510 399 550 598 287 456 357 85 310 558 405 152 635 144 424 201 75 615 203 193 393 511 421 729 686 710 204 201 335 441 451 165 389 533 492 295 114 827 512
714 654 1008 434 711 583 750 849 986 889 897 566 532 227 252 818 903 889 670 542 542 573 188 736 776 503 493 263 677 835 783 683 399 459 346 725 0 943 1112 1087 254 699 212 570 211 623 261 984 1128 811 530 375 226 768 130 504 692 966 790 676 295 466 684 378 155 543 729 994 685 1034 173 934 871 490 615 785 575 652 365 621 888 896 949 996 618 461 275 927 873 567 730 716 574 454 1106 1048 430 734 651 467
547 289 546 578 432 536 809 558 261 260 137 811 453 792 790 515 558 56 595 455 828 756 1029 809 355 513 872 897 281 218 358 431 569 772 899 221 943 0 234 183 778 691 782 902 861 819 898 341 303 182 597 570 836 441 813 604 356 110 173 905 706 710 494 731 811 490 533 233 263 93 778 358 73 791 356 472 388 296 796 397 166 370 561 333 859 849 928 19 205 525 577 533 384 599 416 398 513 266 960 712
566 475 755 703 476 612 808 520 170 253 216 862 665 988 924 493 497 282 828 581 886 807 1220 812 588 729 942 1101 437 452 592 490 767 854 1003 426 1112 234 0 56 913 705 928 954 1059 855 1020 241 85 301 823 739 969 675 982 828 587 153 399 929 845 933 535 840 967 710 548 142 434 204 957 290 281 863 570 470 536 498 901 621 395 325 780 224 897 927 1133 252 435 752 811 553 589 815 242 256 694 495 993 936
575 441 699 688 477 607 824 541 189 256 192 866 625 954 907 510 523 234 778 563 888 810 1188 826 536 688 941 1065 410 399 539 487 732 850 994 387 1087 183 56 0 896 716 908 958 1024 863 1007 268 140 277 778 712 953 622 957 783 539 120 353 940 826 889 538 829 945 667 557 156 403 148 928 312 237 861 529 482 513 460 891 576 342 342 724 254 904 925 1096 202 381 706 759 561 551 774 289 296 663 448 1002 892
463 498 975 209 475 339 506 598 771 673 704 329 455 329 14 569 653 728 682 332 310 326 432 492 704 459 279 436 497 721 712 449 343 215 174 576 254 778 913 896 0 446 51 357 368 385 129 756 916 620 540 239 58 724 176 516 612 777 651 452 72 530 440 124 111 496 479 784 515 870 220 703 704 251 506 541 390 513 129 542 762 663 928 770 388 241 462 764 757 546 733 467 460 453 875 815 307 621 444 532
144 534 1113 339 259 210 123 212 535 461 562 187 653 734 447 217 261 666 931 352 217 144 878 119 827 699 286 857 478 766 836 267 623 252 412 594 699 691 705 716 446 0 492 266 790 158 476 476 668 511 819 495 477 889 613 802 746 628 661 224 424 865 199 322 554 720 160 563 509 768 637 420 636 232 633 235 425 581 343 704 771 382 1091 493 199 292 887 687 789 786 962 159 599 746 561 505 524 698 290 867
501 497 950 230 504 372 555 637 791 693 716 379 433 279 57 606 691 730 647 348 361 376 385 542 684 430 328 385 503 711 692 477 314 266 214 574 212 782 928 908 51 492 0 407 317 435 153 782 935 631 504 225 75 699 126 479 593 789 646 502 86 487 474 172 62 469 517 803 518 874 170 730 708 302 492 574 397 508 179 522 755 690 901 794 439 291 411 767 748 515 700 504 447 417 902 843 292 610 493 489
389 685 1244 393 482 367 229 478 786 702 787 92 735 685 349 480 527 868 998 478 76 148 759 216 957 762 79 790 647 929 966 476 658 166 226 758 570 902 954 958 357 266 407 0 723 109 311 735 925 721 865 528 353 1000 530 843 867 858 833 109 381 875 420 264 461 793 408 811 676 988 576 678 838 131 750 488 561 721 229 809 950 638 1210 752 73 116 814 895 959 853 1041 402 707 781 826 769 583 843 88 878
766 584 828 468 730 628 866 899 959 866 844 695 413 71 374 859 949 805 481 540 678 687 174 853 629 364 644 68 626 713 634 700 293 581 514 641 211 861 1059 1024 368 790 317 723 0 751 433 974 1090 762 351 344 372 603 193 328 557 907 693 820 368 267 721 483 261 399 777 960 625 946 154 932 793 618 508 816 543 566 496 490 773 898 766 983 756 607 97 843 751 404 542 764 476 292 1099 1044 370 618 809 267
289 624 1196 360 390 293 134 370 686 606 698 57 702 705 381 374 418 789 974 421 83 77 809 119 907 737 148 819 578 865 916 389 642 170 296 693 623 819 855 863 385 158 435 109 751 0 373 632 822 637 848 510 397 958 561 828 820 767 766 92 389 873 328 270 495 764 308 713 608 902 599 575 759 134 703 386 503 665 260 768 880 535 1166 649 42 169 846 814 893 827 1013 302 663 767 719 662 556 786 140 875
528 623 1101 321 563 422 506 657 871 774 817 317 582 412 115 636 712 850 800 446 291 337 449 491 832 583 235 498 617 849 840 541 466 225 86 701 261 898 1020 1007 129 476 153 311 433 373 0 848 1017 734 657 368 79 851 247 632 740 891 776 418 199 634 519 185 182 621 547 887 637 990 306 792 825 248 635 617 510 640 136 670 889 751 1053 862 363 206 518 885 885 668 854 535 589 570 962 901 435 750 390 636
347 429 882 552 284 425 573 281 84 118 218 646 633 904 765 260 256 356 860 443 672 592 1120 577 651 699 734 1028 366 529 657 307 699 657 816 421 984 341 241 268 756 476 782 735 974 632 848 0 192 255 813 633 809 737 861 810 614 235 437 700 696 909 333 663 831 693 328 118 380 376 849 58 334 659 552 248 432 471 718 621 494 99 890 17 674 725 1061 350 529 749 859 336 552 781 125 73 606 526 766 912
536 511 836 707 459 599 764 471 146 244 249 835 709 1019 926 452 441 345 891 588 860 780 1247 769 656 775 919 1136 464 521 660 477 802 838 992 473 1128 303 85 140 916 668 935 925 1090 822 1017 192 0 328 875 760 971 743 1000 878 646 205 457 891 851 983 514 834 979 759 516 133 466 287 980 248 338 843 617 437 555 541 892 673 468 287 859 175 864 908 1169 319 508 805 878 523 631 861 161 187 721 554 958 985
368 185 656 413 252 355 631 397 207 138 86 629 388 692 632 350 408 156 605 289 647 574 921 629 403 454 692 808 137 294 410 248 474 594 727 166 811 182 301 277 620 511 631 721 762 637 734 255 328 0 563 438 678 487 682 562 360 158 192 723 550 664 313 561 668 444 355 201 138 268 656 242 126 611 301 301 236 221 625 367 277 235 654 256 677 670 841 177 305 497 606 354 308 539 368 326 394 273 777 667
735 385 479 490 651 613 928 844 770 695 629 804 185 306 553 795 882 543 144 476 799 772 520 918 294 124 795 354 451 405 298 622 207 700 715 403 530 597 823 778 540 819 504 865 351 848 657 813 875 563 0 339 579 253 435 26 246 673 425 935 492 117 673 602 483 120 737 760 434 668 373 788 542 737 263 742 425 343 649 202 470 766 419 817 870 757 378 578 439 72 201 727 263 87 931 886 296 331 951 119
438 281 740 156 388 302 596 566 623 527 523 465 218 275 253 522 613 516 470 197 461 434 488 585 465 234 461 402 302 486 473 358 132 363 404 355 375 570 739 712 239 495 225 528 344 510 368 633 760 438 339 0 293 489 245 318 372 592 425 597 173 370 386 268 243 267 446 627 310 661 219 589 497 399 268 477 205 285 322 304 531 555 696 642 531 424 435 554 523 325 514 434 222 257 757 701 68 385 613 372
507 556 1023 266 526 388 524 641 826 728 762 340 505 343 46 614 695 786 722 390 318 347 412 510 756 505 275 439 555 777 764 502 388 232 145 634 226 836 969 953 58 477 75 353 372 397 79 809 971 678 579 293 0 773 180 554 664 835 708 455 130 559 489 159 112 543 524 840 573 928 234 755 762 264 560 589 448 570 138 594 819 715 975 823 394 240 461 822 813 590 775 512 514 492 927 867 360 677 438 561
772 362 251 608 665 681 1008 852 673 624 523 924 271 552 738 801 876 399 171 541 927 882 773 1001 87 271 940 607 429 223 83 643 387 837 893 328 768 441 675 622 724 889 699 1000 603 958 851 737 743 487 253 489 773 0 658 276 143 541 300 1050 662 361 707 751 693 231 768 652 400 488 600 728 412 870 256 746 464 312 809 192 282 719 209 735 988 906 631 424 243 201 138 761 295 315 838 805 425 214 1080 363
608 524 904 317 593 473 680 744 860 762 767 505 410 165 181 708 796 759 578 417 486 501 270 667 659 389 451 261 547 709 666 564 278 392 324 595 130 813 982 957 176 613 126 530 193 561 247 861 1000 682 435 245 180 658 0 409 572 836 661 628 190 394 572 296 69 428 621 867 555 904 63 812 741 428 488 672 446 523 304 500 761 775 849 872 564 414 285 797 747 461 636 609 446 352 984 926 300 608 616 395
721 381 505 471 640 597 909 833 770 693 630 782 178 281 528 784 871 550 170 462 777 752 497 899 312 114 772 333 446 418 316 611 186 678 690 405 504 604 828 783 516 802 479 843 328 828 632 810 878 562 26 318 554 276 409 0 257 677 431 914 468 106 660 579 457 119 724 760 430 677 347 783 547 715 262 731 414 341 625 208 482 760 445 814 849 734 358 585 452 84 227 713 258 63 929 883 278 339 929 108
630 220 378 475 523 539 866 711 558 498 410 788 163 496 625 660 737 305 247 401 793 744 731 860 93 194 810 577 288 161 101 500 295 705 774 195 692 356 587 539 612 746 593 867 557 820 740 614 646 360 246 372 664 143 572 257 0 442 189 912 545 362 564 625 597 158 626 542 260 423 520 600 309 737 117 606 322 170 685 72 225 588 347 614 851 776 606 337 197 174 246 619 160 268 723 685 305 93 945 364
484 323 656 570 377 499 742 473 153 172 74 766 513 836 789 435 466 142 687 446 786 710 1069 743 454 576 836 948 290 320 459 383 614 742 881 274 966 110 153 120 777 628 789 858 907 767 891 235 205 158 673 592 835 541 836 677 442 0 252 848 708 782 439 715 825 559 467 123 283 147 808 258 133 755 417 398 393 345 778 471 273 277 671 225 808 817 981 123 312 602 674 469 436 663 306 288 544 349 907 784
527 155 468 468 410 473 784 580 374 326 224 746 282 625 664 530 595 119 435 358 757 694 864 780 214 340 790 726 187 106 220 396 404 686 790 77 790 173 399 353 651 661 646 833 693 766 776 437 457 192 425 425 708 300 661 431 189 252 0 856 579 537 464 626 667 316 518 355 158 253 621 432 119 710 185 478 277 140 691 223 117 426 463 435 802 762 757 155 128 353 427 514 219 426 539 506 362 97 901 539
366 716 1288 449 474 383 143 426 759 684 781 132 792 778 446 440 470 876 1063 513 143 168 864 133 999 826 183 888 669 957 1008 475 729 243 334 784 676 905 929 940 452 224 502 109 820 92 418 700 891 723 935 597 455 1050 628 914 912 848 856 0 465 956 411 346 560 854 383 788 699 986 670 644 846 205 795 459 595 756 323 859 970 606 1258 717 66 216 913 900 984 917 1103 380 755 853 778 724 645 878 71 958
420 426 912 144 418 288 499 556 706 608 635 336 391 318 85 523 609 656 630 264 323 321 459 486 638 401 306 436 426 650 646 391 288 222 231 504 295 706 845 826 72 424 86 381 368 389 199 696 851 550 492 173 130 662 190 468 545 708 579 465 0 495 389 120 140 437 434 718 443 798 214 644 633 260 437 490 319 442 157 477 691 605 868 708 400 268 465 692 687 490 679 422 391 405 816 757 240 551 468 497
796 481 568 526 723 666 965 914 872 792 734 824 277 240 541 866 955 656 218 538 815 799 424 954 409 211 801 253 544 522 412 694 243 714 702 510 466 710 933 889 530 865 487 875 267 873 634 909 983 664 117 370 559 361 394 106 362 782 537 956 495 0 737 612 453 223 801 863 530 783 332 880 653 752 366 815 500 444 650 314 586 855 503 914 890 763 273 691 556 188 279 790 358 130 1030 982 346 445 963 3
66 346 922 256 62 102 321 180 371 283 370 328 494 656 447 138 228 468 769 199 351 272 842 318 640 549 407 783 284 570 648 68 497 324 484 399 684 494 535 538 440 199 474 420 721 328 519 333 514 313 673 386 489 707 572 660 564 439 464 411 389 737 0 335 529 563 65 394 315 574 577 276 437 329 456 100 252 395 387 531 573 234 905 348 369 394 816 490 592 628 792 55 429 610 443 382 392 507 468 740
349 472 1000 158 379 238 384 482 687 591 641 216 481 436 126 457 536 687 736 276 203 205 556 371 717 502 193 551 453 710 725 357 395 103 167 550 378 731 840 829 124 322 172 264 483 270 185 663 834 561 602 268 159 751 296 579 625 715 626 346 120 612 335 0 234 535 366 704 477 823 330 608 660 141 511 434 351 498 65 561 742 566 960 677 280 157 578 720 744 593 782 354 465 517 777 717 327 616 351 614
560 523 942 280 556 428 616 696 836 738 754 439 434 231 114 663 749 758 627 391 419 437 324 603 686 422 383 329 537 724 694 528 307 326 256 598 155 811 967 945 111 554 62 461 261 495 182 831 979 668 483 243 112 693 69 457 597 825 667 560 140 453 529 234 0 462 574 846 549 903 124 780 737 361 504 630 432 528 237 525 772 741 890 843 497 346 353 795 762 502 682 562 459 397 953 894 306 623 547 454
626 264 481 405 536 510 833 731 651 575 512 724 69 339 509 680 766 434 212 371 723 687 573 824 234 40 727 420 331 316 241 509 156 627 667 287 543 490 710 667 496 720 469 793 399 764 621 693 759 444 120 267 543 231 428 119 158 559 316 854 437 223 563 535 462 0 627 642 313 566 372 668 430 662 144 627 311 223 589 95 379 646 433 697 789 691 449 471 353 66 249 617 144 112 811 766 210 228 876 226
20 407 980 309 108 150 277 123 379 301 402 319 558 713 485 90 175 511 833 263 345 265 892 276 699 614 407 840 343 624 708 126 559 338 502 456 729 533 548 557 479 160 517 408 777 308 547 328 516 355 737 446 524 768 621 724 626 467 518 383 434 801 65 366 574 627 0 406 373 608 630 270 481 335 519 79 316 456 411 594 623 229 964 344 350 401 872 530 644 693 856 13 493 674 426 367 455 566 446 803
424 386 778 575 336 473 669 384 34 114 132 720 588 889 794 354 367 258 789 455 744 665 1115 672 565 654 800 1007 334 436 570 351 673 714 865 357 994 233 142 156 784 563 803 811 960 713 887 118 133 201 760 627 840 652 867 760 542 123 355 788 718 863 394 704 846 642 406 0 339 259 847 156 241 722 498 329 422 420 764 560 393 186 791 106 755 787 1040 244 431 692 782 411 508 739 186 166 590 450 851 866
380 49 607 320 267 316 631 452 344 262 219 588 253 555 528 401 477 213 492 203 600 537 786 627 327 319 634 670 31 258 335 248 335 530 643 85 685 263 434 403 515 509 518 676 625 608 637 380 466 138 434 310 573 400 555 430 260 283 158 699 443 530 315 477 549 313 373 339 0 356 525 355 190 554 174 346 127 95 542 247 274 336 591 384 645 607 703 249 285 371 503 367 172 402 500 453 260 192 744 533
623 380 551 670 512 623 884 620 292 319 205 896 535 878 883 581 613 145 650 547 914 840 1116 884 405 592 959 979 373 270 406 513 655 861 990 310 1034 93 204 148 870 768 874 988 946 902 990 376 287 268 668 661 928 488 904 677 423 147 253 986 798 783 574 823 903 566 608 259 356 0 868 405 166 878 439 542 480 384 887 472 207 424 577 365 942 938 1010 107 245 596 626 609 471 677 426 420 604 338 1042 785
618 490 844 321 591 480 713 753 842 746 741 544 359 109 227 714 804 723 516 407 528 534 271 700 605 332 498 222 520 662 612 562 226 430 379 558 173 778 957 928 220 637 170 576 154 599 306 849 980 656 373 219 234 600 63 347 520 808 621 670 214 332 577 330 124 372 630 847 525 868 0 803 706 467 443 674 425 484 348 448 716 767 788 859 606 461 250 761 700 402 574 617 403 291 974 916 265 562 663 333
290 404 888 501 229 370 519 230 123 106 225 589 605 862 712 205 212 364 843 396 615 535 1074 523 645 671 676 987 337 529 651 254 663 599 759 405 934 358 290 312 703 420 730 678 932 575 792 58 248 242 788 589 755 728 812 783 600 258 432 644 644 880 276 608 780 668 270 156 355 405 803 0 339 601 529 191 392 449 662 600 501 42 891 74 617 667 1020 364 534 726 847 278 525 750 172 114 566 515 710 882
494 216 549 506 377 472 756 519 263 235 116 747 389 723 717 473 525 31 554 384 763 693 960 755 325 451 805 830 208 195 330 371 500 704 827 152 871 73 281 237 704 636 708 838 793 759 825 334 338 126 542 497 762 412 741 547 309 133 119 846 633 653 437 660 737 430 481 241 190 166 706 339 0 724 292 426 315 227 725 340 161 343 555 330 798 781 862 60 195 471 543 479 317 537 427 399 441 216 898 655
315 560 1114 262 386 256 260 430 699 609 682 77 604 574 247 419 483 752 868 353 63 89 676 246 827 632 81 686 526 803 836 375 529 38 180 635 490 791 863 861 251 232 302 131 618 134 248 659 843 611 737 399 264 870 428 715 737 755 710 205 260 752 329 141 361 662 335 722 554 878 467 601 724 0 620 413 435 594 126 678 827 560 1079 675 139 66 713 782 835 723 911 325 577 653 761 702 452 715 214 754
522 126 494 359 420 424 752 613 508 434 368 671 97 441 520 562 643 300 321 285 676 627 679 745 207 159 694 541 196 221 216 395 220 589 664 144 615 356 570 529 506 633 492 750 508 703 635 552 617 301 263 268 560 256 488 262 117 417 185 795 437 366 456 511 504 144 519 498 174 439 443 529 292 620 0 507 208 80 572 76 273 510 463 555 734 661 572 338 259 198 337 511 46 246 669 624 200 120 828 369
99 387 945 355 92 202 344 105 301 228 338 398 559 750 547 54 140 456 827 282 424 344 940 346 672 618 486 877 318 585 680 122 579 413 576 424 785 472 470 482 541 235 574 488 816 386 617 248 437 301 742 477 589 746 672 731 606 398 478 459 490 815 100 434 630 627 79 329 346 542 674 191 426 413 507 0 317 436 483 583 576 150 935 265 428 479 909 471 601 692 844 88 487 686 349 289 474 537 523 818
317 124 694 193 226 217 544 420 418 323 322 476 243 472 403 370 457 339 517 83 485 428 693 538 406 301 514 595 107 368 415 197 272 409 516 201 575 388 536 513 390 425 397 561 543 503 510 432 555 236 425 205 448 464 446 414 322 393 277 595 319 500 252 351 432 311 316 422 127 480 425 392 315 435 208 317 0 162 416 281 394 362 668 441 536 485 628 375 399 377 541 307 177 371 557 503 174 283 633 503
460 50 534 341 353 377 702 542 428 353 292 638 169 497 527 491 570 240 397 244 646 590 733 696 247 234 671 604 120 212 255 330 273 566 659 75 652 296 498 460 513 581 508 721 566 665 640 471 541 221 343 285 570 312 523 341 170 345 140 756 442 444 395 498 528 223 456 420 95 384 484 449 227 594 80 436 162 0 562 152 249 431 511 474 698 641 636 279 246 278 409 449 91 320 589 544 223 122 795 446
393 536 1059 223 434 293 386 521 746 650 704 203 538 457 123 501 576 752 787 341 182 209 550 372 778 554 152 565 519 774 786 415 444 94 103 615 365 796 901 891 129 343 179 229 496 260 136 718 892 625 649 322 138 809 304 625 685 778 691 323 157 650 387 65 237 589 411 764 542 887 348 662 725 126 572 483 416 562 0 620 807 620 1017 733 260 113 590 785 808 645 834 400 527 562 830 769 384 679 316 652
596 200 438 416 496 495 822 688 572 503 428 733 90 427 556 637 719 342 245 354 736 691 663 815 162 126 749 514 271 223 170 471 222 645 707 203 621 397 621 576 542 704 522 809 490 768 670 621 673 367 202 304 594 192 500 208 72 471 223 859 477 314 531 561 525 95 594 560 247 472 448 600 340 678 76 583 281 152 620 0 284 583 401 623 797 715 543 378 261 132 262 586 105 207 735 693 237 133 889 316
634 271 388 584 516 588 894 674 419 396 277 861 362 708 776 626 683 138 444 474 874 810 946 891 198 410 907 799 303 65 200 505 493 802 905 193 888 166 395 342 762 771 755 950 773 880 889 494 468 277 470 531 819 282 761 482 225 273 117 970 691 586 573 742 772 379 623 393 274 207 716 501 161 827 273 576 394 249 807 284 0 504 398 488 917 878 828 151 40 399 419 620 315 491 579 556 466 155 1017 588
249 384 889 462 189 329 484 199 155 110 233 548 582 829 671 169 189 370 827 360 574 494 1038 487 637 647 635 954 315 527 644 214 633 558 717 393 896 370 325 342 663 382 690 638 898 535 751 99 287 235 766 555 715 719 775 760 588 277 426 606 605 855 234 566 741 646 229 186 336 424 767 42 343 560 510 150 362 431 620 583 504 0 889 115 578 626 987 374 535 706 834 237 503 725 212 152 535 505 671 857
970 559 70 817 858 885 1212 1039 817 786 672 1133 479 725 942 988 1058 535 286 747 1136 1090 927 1206 265 471 1149 757 622 362 257 839 587 1046 1099 511 949 561 780 724 928 1091 901 1210 766 1166 1053 890 859 654 419 696 975 209 849 445 347 671 463 1258 868 503 905 960 890 433 964 791 591 577 788 891 555 1079 463 935 668 511 1017 401 398 889 0 885 1197 1115 774 548 361 388 224 958 504 498 976 953 633 399 1289 504
364 433 876 565 299 440 590 298 73 122 214 663 637 913 779 277 272 351 860 454 689 609 1130 594 649 703 750 1036 371 525 654 321 707 672 831 421 996 333 224 254 770 493 794 752 983 649 862 17 175 256 817 642 823 735 872 814 614 225 435 717 708 914 348 677 843 697 344 106 384 365 859 74 330 675 555 265 441 474 733 623 488 115 885 0 691 741 1069 343 524 752 859 352 557 786 117 71 614 525 783 917
331 659 1228 385 432 330 157 410 728 648 739 66 728 713 383 416 458 828 998 454 78 108 805 144 939 761 129 824 615 901 948 429 663 177 281 729 618 859 897 904 388 199 439 73 756 42 363 674 864 677 870 531 394 988 564 849 851 808 802 66 400 890 369 280 497 789 350 755 645 942 606 617 798 139 734 428 536 698 260 797 917 578 1197 691 0 157 850 853 929 852 1038 344 693 787 760 704 580 820 100 892
381 609 1153 302 451 318 302 494 764 674 744 115 637 570 234 484 547 809 893 404 86 148 649 288 868 658 38 675 580 852 877 438 551 77 127 686 461 849 927 925 241 292 291 116 607 169 206 725 908 670 757 424 240 906 414 734 776 817 762 216 268 763 394 157 346 691 401 787 607 938 461 667 781 66 661 479 485 641 113 715 878 626 1115 741 157 0 699 840 884 749 938 391 616 672 827 768 483 761 203 765
861 659 840 564 822 723 962 994 1041 950 921 790 475 160 467 953 1043 872 490 631 772 783 158 949 669 419 735 33 706 765 673 792 367 676 601 710 275 928 1133 1096 462 887 411 814 97 846 518 1061 1169 841 378 435 461 631 285 358 606 981 757 913 465 273 816 578 353 449 872 1040 703 1010 250 1020 862 713 572 909 628 636 590 543 828 987 774 1069 850 699 0 909 802 441 551 859 545 337 1185 1131 455 676 899 272
544 273 534 566 428 529 807 559 272 264 141 804 435 774 777 516 561 38 577 444 820 749 1012 805 337 494 863 878 268 201 341 425 551 763 887 204 927 19 252 202 764 687 767 895 843 814 885 350 319 177 578 554 822 424 797 585 337 123 155 900 692 691 490 720 795 471 530 244 249 107 761 364 60 782 338 471 375 279 785 378 151 374 548 343 853 840 909 0 190 506 560 529 367 580 429 409 497 247 953 694
654 275 354 586 537 601 912 700 456 429 312 872 343 687 771 652 712 174 406 481 883 821 924 908 160 387 913 774 315 38 161 524 475 808 905 201 873 205 435 381 757 789 748 959 751 893 885 529 508 305 439 523 813 243 747 452 197 312 128 984 687 556 592 744 762 353 644 431 285 245 700 534 195 835 259 601 399 246 808 261 40 535 361 524 929 884 802 190 0 368 380 641 303 465 617 593 457 139 1028 558
692 323 442 468 601 576 898 796 703 631 560 786 135 351 559 745 830 472 147 437 784 750 576 889 228 91 786 415 391 334 233 574 203 687 719 335 567 525 752 706 546 786 515 853 404 827 668 749 805 497 72 325 590 201 461 84 174 602 353 917 490 188 628 593 502 66 693 692 371 596 402 726 471 723 198 692 377 278 645 132 399 706 388 752 852 749 441 506 368 0 189 683 206 114 866 822 272 259 937 190
858 459 290 654 758 751 1077 950 800 744 651 973 311 504 746 899 979 533 61 610 972 935 703 1069 223 280 975 532 529 359 220 733 391 876 907 441 730 577 811 759 733 962 700 1041 542 1013 854 859 878 606 201 514 775 138 636 227 246 674 427 1103 679 279 792 782 682 249 856 782 503 626 574 847 543 911 337 844 541 409 834 262 419 834 224 859 1038 938 551 560 380 189 0 848 364 285 965 930 459 334 1125 279
14 400 974 296 104 137 277 135 385 304 404 312 549 701 473 102 188 510 824 252 337 257 879 276 693 603 398 828 337 620 701 119 548 327 491 451 716 533 553 561 467 159 504 402 764 302 535 336 523 354 727 434 512 761 609 713 619 469 514 380 422 790 55 354 562 617 13 411 367 609 617 278 479 325 511 88 307 449 400 586 620 237 958 352 344 391 859 529 641 683 848 0 484 663 436 376 444 560 441 792
494 124 537 315 398 389 717 591 515 435 382 630 81 408 474 541 625 328 341 248 633 586 645 709 252 147 650 514 188 265 260 371 185 545 617 165 574 384 589 551 460 599 447 707 476 663 589 552 631 308 263 222 514 295 446 258 160 436 219 755 391 358 429 465 459 144 493 508 172 471 403 525 317 577 46 487 177 91 527 105 315 503 504 557 693 616 545 367 303 206 364 484 0 231 672 625 155 164 786 360
670 354 554 412 594 543 851 786 745 664 611 721 151 237 466 738 826 543 230 412 715 692 465 841 337 87 709 309 415 428 342 565 125 616 627 389 454 599 815 774 453 746 417 781 292 767 570 781 861 539 87 257 492 315 352 63 268 663 426 853 405 130 610 517 397 112 674 739 402 677 291 750 537 653 246 686 371 320 562 207 491 725 498 786 787 672 337 580 465 114 285 663 231 0 902 854 222 340 867 133
446 549 962 673 401 540 642 351 165 238 315 740 753 1029 884 346 311 444 970 567 768 688 1244 649 751 819 832 1152 488 622 756 426 823 762 925 533 1106 416 242 289 875 561 902 826 1099 719 962 125 161 368 931 757 927 838 984 929 723 306 539 778 816 1030 443 777 953 811 426 186 500 426 974 172 427 761 669 349 557 589 830 735 579 212 976 117 760 827 1185 429 617 866 965 436 672 902 0 60 731 632 847 1032
387 502 942 614 341 480 590 298 137 191 283 682 706 974 824 288 261 419 931 510 710 630 1187 597 719 772 774 1098 439 594 725 366 771 703 865 492 1048 398 256 296 815 505 843 769 1044 662 901 73 187 326 886 701 867 805 926 883 685 288 506 724 757 982 382 717 894 766 367 166 453 420 916 114 399 702 624 289 503 544 769 693 556 152 953 71 704 768 1131 409 593 822 930 376 625 854 60 0 677 596 792 985
450 225 675 196 383 320 632 571 588 496 478 514 154 300 321 524 614 459 418 194 513 479 527 622 398 181 518 422 257 419 406 353 104 417 469 295 430 513 694 663 307 524 292 583 370 556 435 606 721 394 296 68 360 425 300 278 305 544 362 645 240 346 392 327 306 210 455 590 260 604 265 566 441 452 200 474 174 223 384 237 466 535 633 614 580 483 455 497 457 272 459 444 155 222 731 677 0 318 666 349
572 163 416 460 459 497 819 641 467 411 318 759 207 553 635 591 663 213 339 366 767 711 791 814 135 257 792 646 223 102 143 440 337 687 774 114 734 266 495 448 621 698 610 843 618 786 750 526 554 273 331 385 677 214 608 339 93 349 97 878 551 445 507 616 623 228 566 450 192 338 562 515 216 715 120 537 283 122 679 133 155 505 399 525 820 761 676 247 139 259 334 560 164 340 632 596 318 0 917 447
427 756 1322 474 531 429 215 496 824 745 839 157 817 773 436 507 540 928 1083 551 154 207 839 204 1034 846 165 876 714 999 1043 529 744 251 305 827 651 960 993 1002 444 290 493 88 809 140 390 766 958 777 951 613 438 1080 616 929 945 907 901 71 468 963 468 351 547 876 446 851 744 1042 663 710 898 214 828 523 633 795 316 889 1017 671 1289 783 100 203 899 953 1028 937 1125 441 786 867 847 792 666 917 0 965
798 484 568 529 726 668 968 917 874 795 737 826 279 241 543 869 958 658 218 541 817 802 424 957 411 213 803 253 546 524 414 696 245 716 704 512 467 712 936 892 532 867 489 878 267 875 636 912 985 667 119 372 561 363 395 108 364 784 539 958 497 3 740 614 454 226 803 866 533 785 333 882 655 754 369 818 503 446 652 316 588 857 504 917 892 765 272 694 558 190 279 792 360 133 1032 985 349 447 965 0
