# TTSP Euclidean complete-graph matrix instance
# seed: 2097
# depot: 1
# L_max is not stored in this file; pass it with --budget when running algorithms.
# coordinate rows: node x y
# coord 1 82.758692 802.260484
# coord 2 92.828325 268.326281
# coord 3 219.390872 203.951703
# coord 4 469.192759 565.783134
# coord 5 2.974849 453.159971
# coord 6 731.021334 453.285928
# coord 7 696.693338 403.775839
# coord 8 113.407175 161.905052
# coord 9 622.314935 713.901177
# coord 10 864.535392 478.637652
# coord 11 331.997745 164.444072
# coord 12 830.558057 313.043071
# coord 13 398.831345 893.435011
# coord 14 824.654397 167.938637
# coord 15 755.945778 568.628767
# coord 16 480.889134 204.103671
# coord 17 141.883021 293.281030
# coord 18 377.436432 198.742496
# coord 19 308.266224 749.101663
# coord 20 705.147415 362.459346
# coord 21 23.578415 699.848386
# coord 22 26.837037 620.221345
# coord 23 435.495845 771.897024
# coord 24 341.654682 637.754899
# coord 25 868.042953 636.950952
# coord 26 72.143722 115.965160
# coord 27 451.574152 688.522336
# coord 28 526.836272 284.338723
# coord 29 855.917340 225.181055
# coord 30 332.367757 451.190331
# coord 31 264.349649 858.290449
# coord 32 324.403188 259.328105
# coord 33 179.687622 751.633123
# coord 34 503.294816 366.064673
# coord 35 402.110623 142.508768
# coord 36 428.419419 681.276072
# coord 37 683.616607 565.325334
# coord 38 620.653449 363.420915
# coord 39 220.516590 922.500396
# coord 40 972.022435 547.236747
# coord 41 970.384719 684.071840
# coord 42 53.204154 537.210574
# coord 43 322.115279 835.393841
# coord 44 822.492097 158.731649
# coord 45 875.536577 116.425600
# coord 46 94.309388 714.628688
# coord 47 477.853844 512.989985
# coord 48 39.206127 77.465324
# coord 49 700.836427 767.567268
# coord 50 811.533867 584.677078
# coord 51 343.092025 564.668164
# coord 52 182.962691 761.005887
# coord 53 690.915016 609.710627
# coord 54 116.611469 516.982412
# coord 55 201.100928 410.669270
# coord 56 466.797744 624.271700
# coord 57 867.643499 72.184837
# coord 58 899.549626 834.796531
# coord 59 476.696452 221.277234
# coord 60 642.207311 102.773855
# coord 61 611.236811 783.582566
# coord 62 204.100398 255.872010
# coord 63 59.437652 693.379493
# coord 64 767.461658 97.272234
# coord 65 731.824071 473.739648
# coord 66 136.911375 213.569000
# coord 67 183.420117 773.105029
# coord 68 355.288346 488.105565
# coord 69 689.093143 517.808648
# coord 70 402.807289 498.686436
# coord 71 63.211522 653.177377
# coord 72 244.534734 657.505104
# coord 73 851.365527 981.181375
# coord 74 980.269725 932.667700
# coord 75 851.310412 398.869343
# coord 76 405.072913 792.378758
# coord 77 18.461686 273.392176
# coord 78 143.027460 624.851147
# coord 79 74.108854 469.696802
# coord 80 52.565553 365.726432
# coord 81 345.244724 614.141058
# coord 82 269.093516 633.262683
# coord 83 267.448472 348.501543
# coord 84 556.891223 76.288367
# coord 85 771.258783 358.951869
# coord 86 2.718039 753.814842
# coord 87 199.216916 916.367255
# coord 88 105.052826 707.666290
# coord 89 463.157206 381.481396
# coord 90 550.899530 807.467586
# coord 91 484.070962 764.744023
# coord 92 772.685451 87.372041
# coord 93 223.930998 101.977499
# coord 94 620.638248 585.757450
# coord 95 723.986914 300.282645
# coord 96 526.045822 812.152615
# coord 97 619.859955 878.678903
# coord 98 167.365117 289.133455
# coord 99 221.864064 416.494301
# coord 100 256.650749 373.650410
# reference_nearest_neighbor_tour_cost: 9525
TTSP_MATRIX
100
0 83 24 38 21 88 31 77 35 22 92 83 41 53 76 66 58 14 51 36 24 19 86 67 52 80 37 72 72 97 25 84 4 35 60 5 54 6 24 97 61 12 32 92 70 47 87 77 41 5 76 29 19 42 2 42 97 39 61 58 50 45 93 18 49 46 39 4 89 79 88 81 99 67 26 54 81 32 21 1 19 54 14 98 29 65 84 32 6 80 40 10 29 82 100 2 42 58 81 65
0 534 614 453 358 736 732 641 547 846 685 894 329 976 713 719 512 672 232 762 118 190 354 307 802 686 386 682 965 431 190 594 109 606 733 366 646 694 183 925 895 267 242 980 1048 88 490 726 619 761 352 108 638 287 409 423 1072 817 702 896 529 560 111 983 727 591 105 416 670 441 150 217 789 907 868 322 533 187 333 438 323 252 490 867 819 94 163 97 567 468 403 994 714 580 814 443 543 520 410 463
534 0 142 480 206 664 619 108 692 800 261 739 696 739 728 393 55 293 527 620 437 358 609 445 858 154 553 434 764 301 614 232 491 422 334 532 661 536 667 922 971 272 612 738 797 446 456 198 787 785 388 501 689 250 179 516 799 986 387 574 731 112 426 696 671 70 513 342 646 386 386 418 1041 1109 770 610 75 360 202 105 428 405 192 502 684 494 657 440 387 707 632 704 212 616 632 695 806 77 196 195
614 142 0 440 330 569 517 114 650 701 119 621 712 606 649 261 118 158 552 511 533 459 608 451 780 172 537 318 637 272 656 119 549 327 193 521 588 432 719 827 891 372 640 605 662 526 403 220 741 704 381 558 622 329 208 488 662 928 258 435 700 54 515 558 579 83 570 315 565 347 476 454 1002 1054 661 617 213 428 303 232 429 432 152 361 573 591 713 517 302 689 620 565 102 554 514 681 785 100 213 174
453 480 440 0 480 285 279 538 213 405 424 441 335 534 287 362 426 378 244 311 465 446 209 146 405 600 124 287 515 178 357 339 344 203 429 122 214 253 435 503 515 417 307 539 606 403 53 651 307 343 126 346 226 356 310 59 634 508 345 494 260 408 429 555 278 484 353 138 225 94 415 243 564 629 417 235 537 331 407 462 133 211 296 497 366 503 442 391 184 255 200 567 525 153 368 253 347 409 289 287
358 206 330 480 0 728 695 311 672 862 438 839 592 870 762 539 212 453 425 708 248 169 537 386 884 344 507 550 883 329 482 375 347 508 506 483 690 624 517 974 995 98 498 871 935 277 479 377 765 819 358 357 706 130 203 494 945 974 527 729 692 282 247 843 729 274 367 354 689 402 209 316 999 1089 850 526 180 222 73 101 378 321 284 670 774 301 503 274 466 652 573 852 415 632 737 634 749 232 222 266
736 664 569 285 728 0 60 683 282 136 493 172 551 300 118 353 610 436 516 94 749 724 435 431 229 740 365 265 260 399 618 451 627 244 453 379 122 142 693 259 333 683 560 308 367 688 260 787 316 154 404 629 161 618 532 315 405 417 344 362 351 563 713 358 20 641 634 377 77 331 697 528 541 540 132 470 735 613 657 684 418 496 475 415 103 788 705 676 277 397 397 368 617 172 153 413 440 587 510 481
732 619 517 279 695 60 0 631 319 184 436 162 573 268 175 294 566 379 520 42 735 704 451 425 289 688 376 208 239 367 627 399 623 197 394 386 162 86 704 310 392 657 571 275 338 678 245 734 364 214 388 626 206 591 496 319 373 476 286 306 389 514 700 315 78 591 632 352 114 309 681 518 598 600 155 486 691 596 626 645 410 485 433 356 87 777 714 665 235 429 419 325 561 197 107 443 481 542 475 441
641 108 114 538 311 683 631 0 751 815 219 733 785 711 760 370 134 267 619 625 545 466 690 528 892 62 626 431 745 363 713 232 593 440 289 607 698 546 768 941 1004 380 705 709 763 553 506 112 844 816 464 603 731 355 264 582 760 1035 368 532 796 131 534 657 693 57 615 406 677 444 494 513 1103 1160 775 695 146 464 310 213 508 496 242 452 687 602 759 546 413 780 708 663 126 661 626 770 878 138 277 256
547 692 650 213 672 282 319 751 0 338 621 452 287 582 197 529 639 570 316 361 599 603 196 291 257 813 173 440 542 391 386 543 444 368 612 197 161 350 453 387 349 596 324 590 649 528 247 863 95 229 317 442 125 543 519 179 687 302 514 611 71 620 563 633 264 697 443 350 207 307 562 382 352 420 389 231 747 487 600 668 294 362 509 641 385 621 469 517 369 118 147 644 730 128 426 138 165 622 499 499
846 800 701 405 862 136 184 815 338 0 618 169 624 313 141 472 746 562 619 197 870 850 520 547 158 871 463 390 254 533 710 583 737 378 572 481 201 270 782 128 231 813 649 323 362 806 388 918 332 119 528 738 218 749 667 424 406 358 465 437 396 697 833 394 133 774 742 509 180 462 820 645 503 469 81 556 871 736 790 820 537 615 611 506 152 905 796 793 413 454 476 402 743 266 227 475 469 722 646 617
685 261 119 424 438 493 436 219 621 618 0 520 732 493 586 154 230 57 585 422 618 549 616 473 715 264 538 229 527 287 697 95 607 265 73 526 533 351 766 746 823 465 671 491 546 599 378 305 707 638 400 615 572 413 279 479 544 878 155 316 679 157 595 441 505 201 627 324 502 342 558 501 968 1005 570 632 332 498 400 344 450 473 195 242 480 675 764 589 254 679 619 447 125 511 415 676 770 207 275 222
894 739 621 441 839 172 162 733 452 169 520 0 723 145 266 366 689 467 680 135 895 860 605 587 326 784 533 305 91 517 786 509 785 332 461 545 292 216 862 274 397 809 729 155 202 839 405 826 473 272 549 787 328 743 637 479 244 526 366 282 519 629 860 225 189 701 794 506 249 466 839 680 668 637 88 641 813 755 772 780 571 646 564 362 75 938 873 826 374 568 569 233 642 344 107 585 604 664 617 577
329 696 712 335 592 551 573 785 287 624 732 723 0 841 483 694 653 695 170 613 422 462 127 262 535 843 212 622 810 447 139 638 261 538 751 214 434 575 181 670 609 496 96 848 912 353 389 892 327 515 333 253 407 470 522 278 946 504 677 827 239 667 394 877 536 729 247 408 475 395 413 282 461 583 670 101 727 371 534 631 284 291 561 832 651 420 201 348 516 175 154 889 811 379 676 151 222 647 509 539
976 739 606 534 870 300 268 711 582 313 493 145 841 0 407 346 694 448 777 228 962 917 718 674 471 754 640 320 65 568 889 509 870 378 423 648 422 283 967 407 536 855 835 9 72 912 489 791 612 417 624 874 462 789 669 580 105 671 352 194 652 627 928 91 320 689 882 568 375 536 903 759 814 780 232 752 813 821 809 797 655 725 586 283 198 1009 975 900 420 696 687 96 604 465 166 710 740 668 652 604
713 728 649 287 762 118 175 760 197 141 586 266 483 407 0 457 673 529 483 212 744 731 379 420 131 820 327 365 358 440 571 531 605 324 554 346 72 246 642 217 244 703 509 415 468 678 284 869 206 58 413 604 77 641 577 294 509 302 446 480 259 634 708 471 98 714 608 409 84 360 698 519 423 428 195 416 794 615 689 732 413 491 536 531 210 776 656 666 347 315 335 482 708 136 270 335 339 652 555 536
719 393 261 362 539 353 294 370 529 472 154 366 694 346 457 0 351 104 572 275 674 616 570 455 581 418 485 92 376 288 689 166 625 164 100 480 414 212 764 599 686 542 651 345 404 640 309 459 605 504 386 632 457 480 348 420 409 757 18 191 594 282 646 306 368 344 642 311 377 305 613 511 861 883 419 593 468 540 486 458 432 479 258 149 329 729 766 628 178 607 561 314 277 406 261 610 689 325 335 281
512 55 118 426 212 610 566 134 639 746 230 689 653 694 673 351 0 254 485 567 423 347 561 398 803 191 502 385 717 247 578 186 460 369 301 482 606 484 634 868 916 260 571 694 755 424 401 239 733 730 338 470 634 225 131 464 759 931 342 535 679 73 409 656 617 80 482 289 591 332 368 378 988 1054 717 564 125 332 189 115 380 363 137 468 633 481 626 416 333 657 583 664 208 561 582 646 756 26 147 140
672 293 158 378 453 436 379 267 570 562 57 467 695 448 529 104 254 0 555 366 613 548 576 440 658 316 495 172 479 256 669 81 587 209 61 485 478 294 741 689 766 469 639 447 505 588 330 359 654 581 368 595 517 411 276 435 506 823 102 282 630 183 588 403 449 241 606 290 446 301 552 478 915 950 514 594 367 486 407 365 417 448 186 217 425 670 739 577 202 633 576 411 181 457 361 631 722 229 268 213
232 527 552 244 425 516 520 619 316 619 585 680 170 777 483 572 485 555 0 554 289 310 129 116 571 676 156 514 758 299 118 490 129 430 614 138 418 496 194 694 665 332 87 783 850 217 291 724 393 529 188 126 407 301 355 202 878 597 554 728 305 504 255 797 505 562 127 265 446 268 263 112 591 697 646 106 557 207 365 461 140 122 403 717 605 306 200 207 399 250 176 808 653 353 612 227 337 481 344 379
762 620 511 311 708 94 42 625 361 197 422 135 613 228 212 275 567 366 554 0 761 726 490 456 319 679 413 195 204 383 663 394 654 202 374 422 204 84 741 325 417 675 609 235 299 705 273 724 405 246 415 657 248 608 506 354 333 511 269 267 431 512 726 272 114 587 664 372 156 332 705 547 636 633 151 524 692 620 640 653 439 513 438 322 66 804 750 692 243 471 459 283 547 239 65 484 523 543 486 449
118 437 533 465 248 749 735 545 599 870 618 895 422 962 744 674 423 613 289 761 0 80 418 324 847 586 428 653 958 396 288 533 164 584 674 405 674 685 297 961 947 165 328 965 1033 72 491 623 681 796 347 171 673 205 339 450 1052 886 659 860 594 479 36 957 743 499 176 394 690 429 61 225 874 985 881 393 426 141 236 335 333 254 428 821 822 58 279 82 543 538 465 968 631 608 806 515 623 435 346 401
190 358 459 446 169 724 704 466 603 850 549 860 462 917 731 616 347 548 310 726 80 0 436 315 841 506 430 602 918 349 336 468 202 540 607 406 659 647 359 948 946 87 365 920 987 116 464 543 690 786 321 210 664 137 273 440 1004 899 601 804 607 405 80 907 720 421 219 354 670 395 49 221 900 1003 854 416 347 116 158 256 318 243 363 759 789 136 343 117 497 557 480 917 554 595 767 535 647 360 282 337
354 609 608 209 537 435 451 690 196 520 616 605 127 718 379 570 561 576 129 490 418 436 0 164 453 750 85 496 690 337 192 524 257 411 630 91 323 448 262 582 542 449 130 725 789 346 262 800 265 420 227 253 303 408 431 151 822 468 552 700 176 566 384 752 420 633 252 295 359 275 391 223 466 568 559 37 650 327 471 558 182 217 456 706 532 433 277 337 391 121 49 763 703 263 553 99 213 552 415 437
307 445 451 146 386 431 425 528 291 547 473 587 262 674 420 455 398 440 116 456 324 315 164 0 526 587 121 399 659 187 234 379 198 316 499 97 350 391 309 637 630 305 199 679 746 259 185 637 382 473 73 201 350 255 267 126 772 592 438 614 306 406 288 688 423 471 208 150 368 152 279 99 615 703 563 167 487 199 316 397 24 73 299 601 512 358 313 247 284 269 191 699 549 284 510 254 368 390 252 277
802 858 780 405 884 229 289 892 257 158 715 326 535 471 131 581 803 658 571 319 847 841 453 526 0 951 420 491 412 567 643 662 698 454 679 442 198 369 708 137 113 821 581 480 521 778 409 1000 212 77 530 696 179 761 704 401 565 200 571 580 296 766 811 549 213 845 698 534 215 485 805 624 345 316 239 488 924 725 811 859 523 599 666 641 294 873 725 766 479 360 405 558 837 253 366 384 346 782 683 666
686 154 172 600 344 740 688 62 813 871 264 784 843 754 820 418 191 316 676 679 586 506 750 587 951 0 687 485 791 424 767 290 645 498 331 668 759 602 820 998 1063 422 762 752 803 599 568 51 905 875 524 654 792 403 322 644 797 1096 418 570 858 192 578 696 750 117 666 468 736 506 537 568 1164 1221 829 754 166 514 354 251 568 554 304 486 740 642 810 593 473 841 769 701 152 722 677 831 939 198 336 317
386 553 537 124 507 365 376 626 173 463 538 533 212 640 327 485 502 495 156 413 428 430 85 121 420 687 0 411 615 266 253 448 279 327 548 24 263 366 329 539 519 426 196 647 712 358 177 737 261 375 165 278 252 376 374 66 744 471 468 616 186 498 392 670 353 570 281 222 293 196 390 209 495 582 494 114 600 315 436 513 130 191 387 621 459 454 340 347 307 155 83 682 629 198 474 144 254 490 356 370
682 434 318 287 550 265 208 431 440 390 229 305 622 320 365 92 385 172 514 195 653 602 496 399 491 485 411 0 334 256 631 204 582 85 189 409 322 123 708 517 597 537 588 321 387 610 234 530 514 414 335 588 364 472 349 345 401 665 81 215 506 324 621 305 279 396 597 266 284 248 592 468 769 791 344 522 508 513 489 481 376 434 267 210 256 704 712 598 116 524 482 315 354 316 198 528 602 360 332 285
965 764 637 515 883 260 239 745 542 254 527 91 810 65 358 376 717 479 758 204 958 918 690 659 412 791 615 334 0 570 866 533 857 380 461 625 381 273 943 342 473 861 811 74 111 905 475 830 564 362 615 860 418 795 681 557 153 611 379 246 610 653 924 156 278 719 867 565 337 529 901 749 756 718 174 725 839 817 819 816 642 715 601 334 158 1004 953 893 423 657 655 161 644 431 152 673 695 692 662 617
431 301 272 178 329 399 367 363 391 533 287 517 447 568 440 288 247 256 299 383 396 349 337 187 567 424 266 256 570 0 413 192 337 191 316 249 369 301 484 647 679 292 384 571 638 355 158 475 486 497 114 344 392 226 137 219 656 685 271 466 434 234 365 561 400 308 355 43 363 85 337 224 742 807 522 349 361 257 259 293 163 193 121 437 448 447 484 343 148 418 348 571 366 318 420 410 515 231 116 108
190 614 656 357 482 618 627 713 386 710 697 786 139 889 571 689 578 669 118 663 288 336 192 234 643 767 253 631 866 413 0 602 136 547 729 241 511 610 78 773 727 384 62 895 961 223 406 813 446 612 304 127 494 372 452 309 991 636 671 845 355 605 263 912 605 657 117 381 544 385 287 202 600 720 745 155 634 263 433 536 257 225 510 835 712 282 87 219 517 291 239 923 757 449 723 266 356 577 444 485
594 232 119 339 375 451 399 232 543 583 95 509 638 509 531 166 186 81 490 394 533 468 524 379 662 290 448 204 533 192 602 0 513 208 140 435 472 314 671 709 773 388 576 508 569 510 296 338 632 586 306 521 507 331 195 392 575 814 157 354 598 120 509 472 460 193 533 231 447 252 473 406 894 940 545 539 306 408 327 292 355 378 106 296 458 590 669 499 185 593 530 480 187 441 402 588 686 160 188 133
109 491 549 344 347 627 623 593 444 737 607 785 261 870 605 625 460 587 129 654 164 202 257 198 698 645 279 582 857 337 136 513 0 503 648 258 537 588 176 818 794 249 165 874 942 93 382 689 521 654 248 10 531 243 342 314 967 725 608 797 433 496 134 880 618 540 22 317 561 337 153 114 710 821 759 229 505 132 301 406 215 148 413 774 710 177 166 87 466 375 305 890 651 471 707 352 458 463 338 386
606 422 327 203 508 244 197 440 368 378 265 332 538 378 324 164 369 209 430 202 584 540 411 316 454 498 327 85 380 191 547 208 503 0 245 324 269 117 624 503 565 482 503 381 448 537 149 547 447 378 255 509 308 415 305 261 468 614 147 298 431 319 551 377 253 397 518 192 240 166 525 390 707 741 350 437 494 444 442 451 294 355 236 295 268 633 629 525 43 444 399 388 384 249 230 447 526 345 286 247
733 334 193 429 506 453 394 289 612 572 73 461 751 423 554 100 301 61 614 374 674 607 630 499 679 331 548 189 461 316 729 140 648 245 0 539 508 311 801 699 785 527 697 421 474 650 378 369 693 603 426 656 549 471 335 486 471 852 108 243 674 228 649 368 467 275 667 349 472 356 613 539 951 979 517 650 405 548 463 415 475 508 246 168 428 730 800 638 247 681 628 375 183 494 358 681 768 277 328 273
366 532 521 122 483 379 386 607 197 481 526 545 214 648 346 480 482 485 138 422 405 406 91 97 442 668 24 409 625 249 241 435 258 324 539 0 280 371 318 560 542 402 187 654 720 336 175 718 286 395 144 258 272 352 353 69 751 496 463 617 209 481 369 675 368 551 262 207 308 184 366 185 518 606 509 114 578 291 413 491 107 166 370 618 471 432 328 324 302 176 100 686 614 215 482 163 275 471 336 352
646 661 588 214 690 122 162 698 161 201 533 292 434 422 72 414 606 478 418 204 674 659 323 350 198 759 263 322 381 369 511 472 537 269 508 280 0 211 585 289 310 631 451 430 488 608 212 808 203 129 341 538 45 569 507 225 526 345 401 464 230 571 637 476 103 650 542 337 48 289 627 449 448 472 236 359 726 544 617 662 342 420 469 505 224 707 598 596 287 276 282 486 653 66 268 293 320 585 485 468
694 536 432 253 624 142 86 546 350 270 351 216 575 283 246 212 484 294 496 84 685 647 448 391 369 602 366 123 273 301 610 314 588 117 311 371 211 0 688 397 474 593 558 287 355 633 207 648 412 292 343 591 256 527 422 303 382 548 202 262 420 430 651 304 157 506 599 293 169 256 628 477 659 673 233 480 609 544 557 568 372 443 354 294 151 731 695 620 159 449 424 315 475 222 121 459 515 459 402 364
183 667 719 435 517 693 704 768 453 782 766 862 181 967 642 764 634 741 194 741 297 359 262 309 708 820 329 708 943 484 78 671 176 624 801 318 585 688 0 840 787 420 134 972 1039 243 484 864 505 681 378 166 565 419 512 387 1069 685 747 922 415 667 280 990 680 714 154 455 619 461 312 266 634 760 820 226 680 308 476 582 333 293 576 911 788 275 22 244 593 350 307 1001 821 523 800 325 402 636 506 550
925 922 827 503 974 259 310 941 387 128 746 274 670 407 217 599 868 689 694 325 961 948 582 637 137 998 539 517 342 647 773 709 818 503 699 560 289 397 840 0 137 919 711 416 441 894 495 1044 349 165 629 818 288 856 783 511 486 297 593 553 431 821 924 494 251 899 820 620 284 571 915 736 450 386 191 618 992 833 901 937 630 708 732 628 275 991 856 882 535 495 534 501 871 353 350 519 484 845 761 736
895 971 891 515 995 333 392 1004 349 231 823 397 609 536 244 686 916 766 665 417 947 946 542 630 113 1063 519 597 473 679 727 773 794 565 785 542 310 474 787 137 0 929 666 546 576 877 521 1111 282 187 639 791 289 870 816 507 620 167 677 668 373 878 911 621 318 957 792 646 327 597 908 726 320 249 309 576 1037 829 922 971 629 703 779 735 381 970 805 866 591 437 493 629 947 363 456 462 401 895 795 778
267 272 372 417 98 683 657 380 596 813 465 809 496 855 703 542 260 469 332 675 165 87 449 305 821 422 426 537 861 292 384 388 249 482 527 402 631 593 420 919 929 0 402 857 924 182 425 460 687 760 291 259 642 67 195 423 938 897 528 732 610 319 156 839 682 334 269 306 636 352 116 226 913 1008 810 435 266 125 71 171 302 236 286 683 740 222 406 178 439 566 487 849 468 570 711 547 662 273 207 261
242 612 640 307 498 560 571 705 324 649 671 729 96 835 509 651 571 639 87 609 328 365 130 199 581 762 196 588 811 384 62 576 165 503 697 187 451 558 134 711 666 402 0 842 907 258 358 809 385 550 272 158 432 379 442 256 938 577 633 799 294 591 299 862 546 649 152 349 485 346 317 194 549 665 686 93 639 276 442 542 222 209 490 795 655 330 147 252 475 230 177 873 740 389 669 205 301 568 431 466
980 738 605 539 871 308 275 709 590 323 491 155 848 9 415 345 694 447 783 235 965 920 725 679 480 752 647 321 74 571 895 508 874 381 421 654 430 287 972 416 546 857 842 0 68 916 494 787 621 426 628 878 470 792 671 586 98 680 351 189 660 626 932 82 328 688 886 572 383 540 906 763 823 790 242 759 812 824 810 797 660 729 587 278 207 1013 981 903 423 703 694 87 601 472 172 718 748 668 654 605
1048 797 662 606 935 367 338 763 649 362 546 202 912 72 468 404 755 505 850 299 1033 987 789 746 521 803 712 387 111 638 961 569 942 448 474 720 488 355 1039 441 576 924 907 68 0 984 562 837 674 473 696 946 527 858 736 652 45 719 412 234 718 686 999 110 385 745 954 639 443 608 974 831 865 823 283 824 871 892 876 860 727 797 651 321 264 1081 1048 971 490 763 757 107 652 534 238 779 804 729 719 670
88 446 526 403 277 688 678 553 528 806 599 839 353 912 678 640 424 588 217 705 72 116 346 259 778 599 358 610 905 355 223 510 93 537 650 336 608 633 243 894 877 182 258 916 984 0 433 640 609 729 290 100 606 199 322 383 1005 814 624 821 522 472 41 913 682 503 107 346 627 377 69 161 803 912 820 320 448 102 246 351 270 193 405 788 765 100 227 13 497 466 393 924 626 542 754 443 551 432 324 378
490 456 403 53 479 260 245 506 247 388 378 405 389 489 284 309 401 330 291 273 491 464 262 185 409 568 177 234 475 158 406 296 382 149 378 175 212 207 484 495 521 425 358 494 562 433 0 618 338 341 144 385 234 361 295 112 588 530 292 442 302 376 456 507 257 454 393 125 211 76 438 274 599 655 391 289 518 353 406 450 167 241 267 444 331 533 490 421 132 303 252 518 483 160 325 303 392 383 274 261
726 198 220 651 377 787 734 112 863 918 305 826 892 791 869 459 239 359 724 724 623 543 800 637 1000 51 737 530 830 475 813 338 689 547 369 718 808 648 864 1044 1111 460 809 787 837 640 618 0 956 924 574 698 841 446 370 694 828 1146 461 604 909 243 616 729 798 168 710 518 785 556 576 615 1215 1272 873 803 197 557 394 289 618 601 354 518 784 677 854 634 522 891 819 734 186 772 720 881 989 247 385 367
619 787 741 307 765 316 364 844 95 332 707 473 327 612 206 605 733 654 393 405 681 690 265 382 212 905 261 514 564 486 446 632 521 447 693 286 203 412 505 349 282 687 385 621 674 609 338 956 0 214 411 518 158 636 614 274 715 210 590 667 91 713 646 674 295 791 517 444 250 401 648 469 261 325 398 297 843 576 694 763 387 452 603 706 415 698 523 599 453 155 217 684 819 199 468 180 137 717 594 594
761 785 704 343 819 154 214 816 229 119 638 272 515 417 58 504 730 581 529 246 796 786 420 473 77 875 375 414 362 497 612 586 654 378 603 395 129 292 681 165 187 760 550 426 473 729 341 924 214 0 469 653 123 698 635 347 516 265 494 511 282 691 760 489 137 770 656 466 140 418 751 572 398 387 190 456 852 670 746 790 467 545 593 569 229 826 696 717 403 343 374 499 760 191 298 365 351 709 613 594
352 388 381 126 358 404 388 464 317 528 400 549 333 624 413 386 338 368 188 415 347 321 227 73 530 524 165 335 615 114 304 306 248 255 426 144 341 343 378 629 639 291 272 628 696 290 144 574 411 469 0 253 351 231 209 137 720 619 368 550 346 339 311 631 399 407 263 78 349 89 294 135 657 736 535 236 436 209 285 352 50 101 229 533 475 389 380 278 219 320 245 642 478 278 464 308 419 327 191 210
108 501 558 346 357 629 626 603 442 738 615 787 253 874 604 632 470 595 126 657 171 210 253 201 696 654 278 588 860 344 127 521 10 509 656 258 538 591 166 818 791 259 158 878 946 100 385 698 518 653 253 0 530 253 351 315 971 720 614 803 429 506 141 884 619 549 12 323 562 342 161 120 704 816 760 224 515 142 311 416 219 154 421 780 713 180 156 94 472 371 301 895 660 471 711 347 452 472 347 394
638 689 622 226 706 161 206 731 125 218 572 328 407 462 77 457 634 517 407 248 673 664 303 350 179 792 252 364 418 392 494 507 531 308 549 272 45 256 565 288 289 642 432 470 527 606 234 841 158 123 351 530 0 582 529 225 566 307 444 509 191 602 637 518 142 681 533 357 92 309 629 449 405 434 265 339 752 548 632 683 346 422 498 550 263 703 579 594 322 242 258 529 690 74 311 261 278 614 507 494
287 250 329 356 130 618 591 355 543 749 413 743 470 789 641 480 225 411 301 608 205 137 408 255 761 403 376 472 795 226 372 331 243 415 471 352 569 527 419 856 870 67 379 792 858 199 361 446 636 698 231 253 582 0 136 366 873 845 466 669 562 275 185 774 617 304 265 240 572 287 146 190 869 958 744 399 263 111 64 164 248 192 226 623 673 263 408 191 372 522 443 784 429 509 645 505 620 233 146 200
409 179 208 310 203 532 496 264 519 667 279 637 522 669 577 348 131 276 355 506 339 273 431 267 704 322 374 349 681 137 452 195 342 305 335 353 507 422 512 783 816 195 442 671 736 322 295 370 614 635 209 351 529 136 0 341 748 817 334 538 554 155 316 647 534 207 363 173 500 220 279 251 865 938 650 433 228 222 140 155 249 233 91 488 572 396 506 312 264 529 453 657 310 455 534 517 628 126 22 67
423 516 488 59 494 315 319 582 179 424 479 479 278 580 294 420 464 435 202 354 450 440 151 126 401 644 66 345 557 219 309 392 314 261 486 69 225 303 387 511 507 423 256 586 652 383 112 694 274 347 137 315 225 366 341 0 682 481 403 550 215 452 413 607 305 527 320 176 246 141 405 225 525 599 446 179 569 324 422 488 122 198 340 555 404 482 396 371 243 202 142 618 576 159 414 197 297 449 321 327
1072 799 662 634 945 405 373 760 687 406 544 244 946 105 509 409 759 506 878 333 1052 1004 822 772 565 797 744 401 153 656 991 575 967 468 471 751 526 382 1069 486 620 938 938 98 45 1005 588 828 715 516 720 971 566 873 748 682 0 763 418 228 756 688 1019 103 424 744 980 660 480 631 992 855 909 868 327 856 873 911 888 866 753 820 661 311 303 1101 1077 993 509 801 792 96 644 570 270 815 844 733 732 681
817 986 928 508 974 417 476 1035 302 358 878 526 504 671 302 757 931 823 597 511 886 899 468 592 200 1096 471 665 611 685 636 814 725 614 852 496 345 548 685 297 167 897 577 680 719 814 530 1146 210 265 619 720 307 845 817 481 763 0 745 776 293 905 852 749 398 984 719 645 380 600 856 679 154 127 439 496 1045 785 903 968 597 662 798 832 493 900 705 805 629 350 421 758 997 374 563 374 283 913 796 791
702 387 258 345 527 344 286 368 514 465 155 366 677 352 446 18 342 102 554 269 659 601 552 438 571 418 468 81 379 271 671 157 608 147 108 463 401 202 747 593 677 528 633 351 412 624 292 461 590 494 368 614 444 466 334 403 418 745 0 204 578 275 630 316 359 340 625 293 365 287 598 494 847 872 415 576 461 524 473 448 414 461 245 166 325 713 748 612 161 591 544 325 280 392 260 593 673 317 321 268
896 574 435 494 729 362 306 532 611 437 316 282 827 194 480 191 535 282 728 267 860 804 700 614 580 570 616 215 246 466 845 354 797 298 243 617 464 262 922 553 668 732 799 189 234 821 442 604 667 511 550 803 509 669 538 550 228 776 204 0 682 464 830 125 382 517 812 480 418 463 799 683 903 896 362 729 647 722 676 646 591 649 448 89 287 913 926 809 331 711 681 131 418 483 214 719 776 510 525 471
529 731 700 260 692 351 389 796 71 396 679 519 239 652 259 594 679 630 305 431 594 607 176 306 296 858 186 506 610 434 355 598 433 431 674 209 230 420 415 431 373 610 294 660 718 522 302 909 91 282 346 429 191 562 554 215 756 293 578 682 0 667 559 704 332 742 428 391 277 353 563 388 311 398 453 206 782 494 622 698 315 374 555 709 454 609 433 512 429 65 129 715 784 198 496 90 95 664 535 542
560 112 54 408 282 563 514 131 620 697 157 629 667 627 634 282 73 183 504 512 479 405 566 406 766 192 498 324 653 234 605 120 496 319 228 481 571 430 667 821 878 319 591 626 686 472 376 243 713 691 339 506 602 275 155 452 688 905 275 464 667 0 461 585 571 79 518 277 551 314 422 404 972 1030 663 573 186 374 250 187 385 383 112 396 576 537 661 463 288 652 581 593 155 531 522 643 749 50 162 129
111 426 515 429 247 713 700 534 563 833 595 860 394 928 708 646 409 588 255 726 36 80 384 288 811 578 392 621 924 365 263 509 134 551 649 369 637 651 280 924 911 156 299 932 999 41 456 616 646 760 311 141 637 185 316 413 1019 852 630 830 559 461 0 926 707 486 147 360 654 395 40 189 843 951 845 360 422 108 224 328 297 218 403 793 786 83 263 48 510 505 431 936 614 571 772 481 590 418 321 376
983 696 558 555 843 358 315 657 633 394 441 225 877 91 471 306 656 403 797 272 957 907 752 688 549 696 670 305 156 561 912 472 880 377 368 675 476 304 990 494 621 839 862 82 110 913 507 729 674 489 631 884 518 774 647 607 103 749 316 125 704 585 926 0 378 641 893 568 428 542 897 766 888 862 313 784 769 817 787 764 667 732 560 212 262 1008 997 901 416 742 725 11 544 510 208 755 795 630 632 581
727 671 579 278 729 20 78 693 264 133 505 189 536 320 98 368 617 449 505 114 743 720 420 423 213 750 353 279 278 400 605 460 618 253 467 368 103 157 680 251 318 682 546 328 385 682 257 798 295 137 399 619 142 617 534 305 424 398 359 382 332 571 707 378 0 649 625 377 61 330 692 521 521 522 141 456 741 608 658 688 411 489 481 434 121 781 693 669 284 380 382 389 629 158 174 396 420 594 513 486
591 70 83 484 274 641 591 57 697 774 201 701 729 689 714 344 80 241 562 587 499 421 633 471 845 117 570 396 719 308 657 193 540 397 275 551 650 506 714 899 957 334 649 688 745 503 454 168 791 770 407 549 681 304 207 527 744 984 340 517 742 79 486 641 649 0 561 351 630 390 446 457 1049 1108 738 638 133 411 264 174 452 440 188 442 651 557 706 495 367 724 651 648 142 610 593 714 822 81 220 200
105 513 570 353 367 634 632 615 443 742 627 794 247 882 608 642 482 606 127 664 176 219 252 208 698 666 281 597 867 355 117 533 22 518 667 262 542 599 154 820 792 269 152 886 954 107 393 710 517 656 263 12 533 265 363 320 980 719 625 812 428 518 147 893 625 561 0 333 566 351 170 131 700 813 766 222 526 154 322 428 227 164 433 791 719 182 144 102 481 369 301 904 672 476 718 345 449 484 359 406
416 342 315 138 354 377 352 406 350 509 324 506 408 568 409 311 289 290 265 372 394 354 295 150 534 468 222 266 565 43 381 231 317 192 349 207 337 293 455 620 646 306 349 572 639 346 125 518 444 466 78 323 357 240 173 176 660 645 293 480 391 277 360 568 377 351 333 0 335 49 335 202 699 767 504 308 399 252 282 327 126 169 165 459 436 441 456 333 152 375 305 579 408 283 414 366 472 274 151 151
670 646 565 225 689 77 114 677 207 180 502 249 475 375 84 377 591 446 446 156 690 670 359 368 215 736 293 284 337 363 544 447 561 240 472 308 48 169 619 284 327 636 485 383 443 627 211 785 250 140 349 562 92 572 500 246 480 380 365 418 277 551 654 428 61 630 566 335 0 287 640 466 491 507 201 395 714 556 617 654 357 436 454 461 179 726 632 614 264 321 321 438 624 96 220 336 367 570 478 456
441 386 347 94 402 331 309 444 307 462 342 466 395 536 360 305 332 301 268 332 429 395 275 152 485 506 196 248 529 85 385 252 337 166 356 184 289 256 461 571 597 352 346 540 608 377 76 556 401 418 89 342 309 287 220 141 631 600 287 463 353 314 395 542 330 390 351 49 287 0 373 224 659 722 459 294 446 289 330 375 129 190 202 450 394 475 465 364 132 342 278 553 435 235 378 337 438 315 199 192
150 386 476 415 209 697 681 494 562 820 558 839 413 903 698 613 368 552 263 705 61 49 391 279 805 537 390 592 901 337 287 473 153 525 613 366 627 628 312 915 908 116 317 906 974 69 438 576 648 751 294 161 629 146 279 405 992 856 598 799 563 422 40 897 692 446 170 335 640 373 0 181 854 959 828 369 382 85 184 288 285 207 367 759 767 117 296 69 484 512 435 907 574 561 749 489 601 379 285 340
217 418 454 243 316 528 518 513 382 645 501 680 282 759 519 511 378 478 112 547 225 221 223 99 624 568 209 468 749 224 202 406 114 390 539 185 449 477 266 736 726 226 194 763 831 161 274 615 469 572 135 120 449 190 251 225 855 679 494 683 388 404 189 766 521 457 131 202 466 224 181 0 688 786 660 210 446 107 254 349 110 35 310 660 605 260 263 148 352 341 262 777 556 383 598 321 436 376 242 284
789 1041 1002 564 999 541 598 1103 352 503 968 668 461 814 423 861 988 915 591 636 874 900 466 615 345 1164 495 769 756 742 600 894 710 707 951 518 448 659 634 450 320 913 549 823 865 803 599 1215 261 398 657 704 405 869 865 525 909 154 847 903 311 972 843 888 521 1049 700 699 491 659 854 688 0 138 582 485 1093 793 930 1008 625 678 861 952 627 879 655 795 714 347 426 897 1080 458 693 367 253 973 846 850
907 1109 1054 629 1089 540 600 1160 420 469 1005 637 583 780 428 883 1054 950 697 633 985 1003 568 703 316 1221 582 791 718 807 720 940 821 741 979 606 472 673 760 386 249 1008 665 790 823 912 655 1272 325 387 736 816 434 958 938 599 868 127 872 896 398 1030 951 862 522 1108 813 767 507 722 959 786 138 0 549 592 1166 892 1018 1087 710 772 922 955 611 994 781 904 756 447 524 870 1123 500 682 470 364 1037 917 914
868 770 661 417 850 132 155 775 389 81 570 88 670 232 195 419 717 514 646 151 881 854 559 563 239 829 494 344 174 522 745 545 759 350 517 509 236 233 820 191 309 810 686 242 283 820 391 873 398 190 535 760 265 744 650 446 327 439 415 362 453 663 845 313 141 738 766 504 201 459 828 660 582 549 0 595 842 743 780 799 550 628 586 437 89 920 832 808 389 507 518 321 694 297 161 526 533 693 630 595
322 610 617 235 526 470 486 695 231 556 632 641 101 752 416 593 564 594 106 524 393 416 37 167 488 754 114 522 725 349 155 539 229 437 650 114 359 480 226 618 576 435 93 759 824 320 289 803 297 456 236 224 339 399 433 179 856 496 576 729 206 573 360 784 456 638 222 308 395 294 369 210 485 592 595 0 647 311 462 553 188 209 465 732 567 404 240 312 415 147 84 795 714 299 586 123 231 557 418 444
533 75 213 537 180 735 691 146 747 871 332 813 727 813 794 468 125 367 557 692 426 347 650 487 924 166 600 508 839 361 634 306 505 494 405 578 726 609 680 992 1037 266 639 812 871 448 518 197 843 852 436 515 752 263 228 569 873 1045 461 647 782 186 422 769 741 133 526 399 714 446 382 446 1093 1166 842 647 0 373 204 98 472 439 260 573 758 481 668 443 458 754 677 777 268 678 706 740 853 150 249 258
187 360 428 331 222 613 596 464 487 736 498 755 371 821 615 540 332 486 207 620 141 116 327 199 725 514 315 513 817 257 263 408 132 444 548 291 544 544 308 833 829 125 276 824 892 102 353 557 576 670 209 142 548 111 222 324 911 785 524 722 494 374 108 817 608 411 154 252 556 289 85 107 793 892 743 311 373 0 170 274 203 126 303 687 682 191 297 91 402 447 369 828 529 479 665 426 540 337 223 276
333 202 303 407 73 657 626 310 600 790 400 772 534 809 689 486 189 407 365 640 236 158 471 316 811 354 436 489 819 259 433 327 301 442 463 413 617 557 476 901 922 71 442 810 876 246 406 394 694 746 285 311 632 64 140 422 888 903 473 676 622 250 224 787 658 264 322 282 617 330 184 254 930 1018 780 462 204 170 0 106 307 255 228 623 706 293 464 240 399 584 505 796 397 559 672 567 682 203 157 206
438 105 232 462 101 684 645 213 668 820 344 780 631 797 732 458 115 365 461 653 335 256 558 397 859 251 513 481 816 293 536 292 406 451 415 491 662 568 582 937 971 171 542 797 860 351 450 289 763 790 352 416 683 164 155 488 866 968 448 646 698 187 328 764 688 174 428 327 654 375 288 349 1008 1087 799 553 98 274 106 0 384 344 216 581 719 391 570 346 411 666 588 772 315 609 675 651 765 138 177 204
323 428 429 133 378 418 410 508 294 537 450 571 284 655 413 432 380 417 140 439 333 318 182 24 523 568 130 376 642 163 257 355 215 294 475 107 342 372 333 630 629 302 222 660 727 270 167 618 387 467 50 219 346 248 249 122 753 597 414 591 315 385 297 667 411 452 227 126 357 129 285 110 625 710 550 188 472 203 307 384 0 79 277 578 497 370 336 258 261 282 205 678 526 277 492 268 381 371 233 256
252 405 432 211 321 496 485 496 362 615 473 646 291 725 491 479 363 448 122 513 254 243 217 73 599 554 191 434 715 193 225 378 148 355 508 166 420 443 293 708 703 236 209 729 797 193 241 601 452 545 101 154 422 192 233 198 820 662 461 649 374 383 218 732 489 440 164 169 436 190 207 35 678 772 628 209 439 126 255 344 79 0 285 627 572 292 292 180 318 331 252 743 533 355 564 313 428 359 222 260
490 192 152 296 284 475 433 242 509 611 195 564 561 586 536 258 137 186 403 438 428 363 456 299 666 304 387 267 601 121 510 106 413 236 246 370 469 354 576 732 779 286 490 587 651 405 267 354 603 593 229 421 498 226 91 340 661 798 245 448 555 112 403 560 481 188 433 165 454 202 367 310 861 922 586 465 260 303 228 216 277 285 0 397 504 484 572 394 198 539 469 569 250 425 459 531 637 116 82 27
867 502 361 497 670 415 356 452 641 506 242 362 832 283 531 149 468 217 717 322 821 759 706 601 641 486 621 210 334 437 835 296 774 295 168 618 505 294 911 628 735 683 795 278 321 788 444 518 706 569 533 780 550 623 488 555 311 832 166 89 709 396 793 212 434 442 791 459 461 450 759 660 952 955 437 732 573 687 623 581 578 627 397 0 355 875 913 776 319 731 692 216 334 513 279 737 805 444 477 423
819 684 573 366 774 103 87 687 385 152 480 75 651 198 210 329 633 425 605 66 822 789 532 512 294 740 459 256 158 448 712 458 710 268 428 471 224 151 788 275 381 740 655 207 264 765 331 784 415 229 475 713 263 673 572 404 303 493 325 287 454 576 786 262 121 651 719 436 179 394 767 605 627 611 89 567 758 682 706 719 497 572 504 355 0 864 799 752 309 500 497 272 605 272 75 515 541 608 552 515
94 494 591 503 301 788 777 602 621 905 675 938 420 1009 776 729 481 670 306 804 58 136 433 358 873 642 454 704 1004 447 282 590 177 633 730 432 707 731 275 991 970 222 330 1013 1081 100 533 677 698 826 389 180 703 263 396 482 1101 900 713 913 609 537 83 1008 781 557 182 441 726 475 117 260 879 994 920 404 481 191 293 391 370 292 484 875 864 0 255 112 592 551 481 1018 688 640 852 527 630 493 402 457
163 657 713 442 503 705 714 759 469 796 764 873 201 975 656 766 626 739 200 750 279 343 277 313 725 810 340 712 953 484 87 669 166 629 800 328 598 695 22 856 805 406 147 981 1048 227 490 854 523 696 380 156 579 408 506 396 1077 705 748 926 433 661 263 997 693 706 144 456 632 465 296 263 655 781 832 240 668 297 464 570 336 292 572 913 799 255 0 229 596 368 323 1008 815 536 809 343 422 628 500 546
97 440 517 391 274 676 665 546 517 793 589 826 348 900 666 628 416 577 207 692 82 117 337 247 766 593 347 598 893 343 219 499 87 525 638 324 596 620 244 882 866 178 252 903 971 13 421 634 599 717 278 94 594 191 312 371 993 805 612 809 512 463 48 901 669 495 102 333 614 364 69 148 795 904 808 312 443 91 240 346 258 180 394 776 752 112 229 0 484 457 383 911 617 530 741 434 542 423 314 367
567 387 302 184 466 277 235 413 369 413 254 374 516 420 347 178 333 202 399 243 543 497 391 284 479 473 307 116 423 148 517 185 466 43 247 302 287 159 593 535 591 439 475 423 490 497 132 522 453 403 219 472 322 372 264 243 509 629 161 331 429 288 510 416 284 367 481 152 264 132 484 352 714 756 389 415 458 402 399 411 261 318 198 319 309 592 596 484 0 435 384 427 368 258 273 435 521 310 244 207
468 707 689 255 652 397 429 780 118 454 679 568 175 696 315 607 657 633 250 471 538 557 121 269 360 841 155 524 657 418 291 593 375 444 681 176 276 449 350 495 437 566 230 703 763 466 303 891 155 343 320 371 242 522 529 202 801 350 591 711 65 652 505 742 380 724 369 375 321 342 512 341 347 447 507 147 754 447 584 666 282 331 539 731 500 551 368 457 435 0 79 753 778 232 536 25 99 645 511 524
403 632 620 200 573 397 419 708 147 476 619 569 154 687 335 561 583 576 176 459 465 480 49 191 405 769 83 482 655 348 239 530 305 399 628 100 282 424 307 534 493 487 177 694 757 393 252 819 217 374 245 301 258 443 453 142 792 421 544 681 129 581 431 725 382 651 301 305 321 278 435 262 426 524 518 84 677 369 505 588 205 252 469 692 497 481 323 383 384 79 0 736 712 225 523 63 177 571 436 452
994 704 565 567 852 368 325 663 644 402 447 233 889 96 482 314 664 411 808 283 968 917 763 699 558 701 682 315 161 571 923 480 890 388 375 686 486 315 1001 501 629 849 873 87 107 924 518 734 684 499 642 895 529 784 657 618 96 758 325 131 715 593 936 11 389 648 904 579 438 553 907 777 897 870 321 795 777 828 796 772 678 743 569 216 272 1018 1008 911 427 753 736 0 549 521 218 766 806 638 642 590
714 212 102 525 415 617 561 126 730 743 125 642 811 604 708 277 208 181 653 547 631 554 703 549 837 152 629 354 644 366 757 187 651 384 183 614 653 475 821 871 947 468 740 601 652 626 483 186 819 760 478 660 690 429 310 576 644 997 280 418 784 155 614 544 629 142 672 408 624 435 574 556 1080 1123 694 714 268 529 397 315 526 533 250 334 605 688 815 617 368 778 712 549 0 626 538 772 872 196 315 274
580 616 554 153 632 172 197 661 128 266 511 344 379 465 136 406 561 457 353 239 608 595 263 284 253 722 198 316 431 318 449 441 471 249 494 215 66 222 523 353 363 570 389 472 534 542 160 772 199 191 278 471 74 509 455 159 570 374 392 483 198 531 571 510 158 610 476 283 96 235 561 383 458 500 297 299 678 479 559 609 277 355 425 513 272 640 536 530 258 232 225 521 626 0 304 245 293 542 433 421
814 632 514 368 737 153 107 626 426 227 415 107 676 166 270 261 582 361 612 65 806 767 553 510 366 677 474 198 152 420 723 402 707 230 358 482 268 121 800 350 456 711 669 172 238 754 325 720 468 298 464 711 311 645 534 414 270 563 260 214 496 522 772 208 174 593 718 414 220 378 749 598 693 682 161 586 706 665 672 675 492 564 459 279 75 852 809 741 273 536 523 218 538 304 0 549 588 557 515 473
443 695 681 253 634 413 443 770 138 475 676 585 151 710 335 610 646 631 227 484 515 535 99 254 384 831 144 528 673 410 266 588 352 447 681 163 293 459 325 519 462 547 205 718 779 443 303 881 180 365 308 347 261 505 517 197 815 374 593 719 90 643 481 755 396 714 345 366 336 337 489 321 367 470 526 123 740 426 567 651 268 313 531 737 515 527 343 434 435 25 63 766 772 245 549 0 115 634 499 515
543 806 785 347 749 440 481 878 165 469 770 604 222 740 339 689 756 722 337 523 623 647 213 368 346 939 254 602 695 515 356 686 458 526 768 275 320 515 402 484 401 662 301 748 804 551 392 989 137 351 419 452 278 620 628 297 844 283 673 776 95 749 590 795 420 822 449 472 367 438 601 436 253 364 533 231 853 540 682 765 381 428 637 805 541 630 422 542 521 99 177 806 872 293 588 115 0 743 610 622
520 77 100 409 232 587 542 138 622 722 207 664 647 668 652 325 26 229 481 543 435 360 552 390 782 198 490 360 692 231 577 160 463 345 277 471 585 459 636 845 895 273 568 668 729 432 383 247 717 709 327 472 614 233 126 449 733 913 317 510 664 50 418 630 594 81 484 274 570 315 379 376 973 1037 693 557 150 337 203 138 371 359 116 444 608 493 628 423 310 645 571 638 196 542 557 634 743 0 139 123
410 196 213 289 222 510 475 277 499 646 275 617 509 652 555 335 147 268 344 486 346 282 415 252 683 336 356 332 662 116 444 188 338 286 328 336 485 402 506 761 795 207 431 654 719 324 274 385 594 613 191 347 507 146 22 321 732 796 321 525 535 162 321 632 513 220 359 151 478 199 285 242 846 917 630 418 249 223 157 177 233 222 82 477 552 402 500 314 244 511 436 642 315 433 515 499 610 139 0 55
463 195 174 287 266 481 441 256 499 617 222 577 539 604 536 281 140 213 379 449 401 337 437 277 666 317 370 285 617 108 485 133 386 247 273 352 468 364 550 736 778 261 466 605 670 378 261 367 594 594 210 394 494 200 67 327 681 791 268 471 542 129 376 581 486 200 406 151 456 192 340 284 850 914 595 444 258 276 206 204 256 260 27 423 515 457 546 367 207 524 452 590 274 421 473 515 622 123 55 0
