# TTSP Euclidean complete-graph matrix instance
# seed: 2088
# depot: 1
# L_max is not stored in this file; pass it with --budget when running algorithms.
# coordinate rows: node x y
# coord 1 563.675661 732.075257
# coord 2 879.090326 825.960103
# coord 3 196.380545 104.412562
# coord 4 767.588115 814.430366
# coord 5 663.786631 210.386491
# coord 6 16.230985 950.955276
# coord 7 28.010146 110.496844
# coord 8 296.682823 418.690899
# coord 9 100.753455 691.593723
# coord 10 501.529290 544.332179
# coord 11 544.458626 193.142180
# coord 12 398.090462 384.912642
# coord 13 667.755713 466.633719
# coord 14 667.298289 56.182624
# coord 15 155.060013 120.770580
# coord 16 89.038183 893.370081
# coord 17 410.509532 936.432152
# coord 18 184.206921 917.487519
# coord 19 531.818734 424.673646
# coord 20 211.610354 178.513389
# coord 21 372.218642 921.467464
# coord 22 391.307628 361.997038
# coord 23 166.794065 143.338361
# coord 24 467.390865 999.363257
# coord 25 700.660157 265.684532
# coord 26 947.956501 280.297067
# coord 27 860.566513 701.055963
# coord 28 212.239359 424.475282
# coord 29 786.537454 733.970373
# coord 30 73.650351 180.978226
# coord 31 803.435840 729.800089
# coord 32 569.003210 636.319714
# coord 33 396.868916 93.524432
# coord 34 817.863605 719.370244
# coord 35 90.120889 476.689774
# coord 36 614.378578 427.405956
# coord 37 647.471574 477.427818
# coord 38 767.395365 108.799105
# coord 39 986.013211 978.427205
# coord 40 29.972736 178.417129
# coord 41 493.712193 180.090910
# coord 42 341.196151 497.315788
# coord 43 406.289780 755.152883
# coord 44 566.908005 705.191307
# coord 45 930.027335 11.594050
# coord 46 891.030957 389.611149
# coord 47 979.009706 853.841799
# coord 48 596.854217 177.448150
# coord 49 181.636119 568.451846
# coord 50 139.559183 780.984550
# coord 51 844.527697 953.911434
# coord 52 371.524737 503.232618
# coord 53 506.890921 664.133515
# coord 54 526.312882 226.669426
# coord 55 97.001717 700.802453
# coord 56 916.223967 768.170100
# coord 57 330.541041 138.558280
# coord 58 982.090500 535.439604
# coord 59 706.532875 306.876807
# coord 60 776.154529 294.513461
# coord 61 775.563862 986.038374
# coord 62 203.306529 801.600011
# coord 63 887.141804 394.358242
# coord 64 514.647762 525.958175
# coord 65 911.850154 526.706538
# coord 66 504.386948 306.727286
# coord 67 82.090126 596.054178
# coord 68 781.205665 134.123542
# coord 69 15.234490 827.071292
# coord 70 673.011852 40.717398
# coord 71 912.969552 93.100788
# coord 72 294.679048 675.022963
# coord 73 71.118646 431.076513
# coord 74 354.625765 703.472680
# coord 75 411.923394 56.930511
# coord 76 936.024478 776.533127
# coord 77 631.724566 699.283902
# coord 78 515.590028 771.228197
# coord 79 75.551510 805.282900
# coord 80 656.895381 982.244260
# coord 81 621.069582 650.992784
# coord 82 463.203579 300.988880
# coord 83 405.478936 14.252525
# coord 84 95.623063 7.524806
# coord 85 71.095813 9.605333
# coord 86 946.627235 467.563881
# coord 87 686.759104 385.349915
# coord 88 788.460646 192.147798
# coord 89 535.789451 810.015472
# coord 90 212.345477 375.184925
# coord 91 788.085045 436.256351
# coord 92 902.915247 658.576029
# coord 93 844.229024 305.492777
# coord 94 887.276803 887.574875
# coord 95 333.319111 596.877788
# coord 96 871.911676 88.776684
# coord 97 325.113718 362.310670
# coord 98 135.770947 264.371550
# coord 99 5.963840 283.639610
# coord 100 658.092025 814.188862
# reference_nearest_neighbor_tour_cost: 10296
TTSP_MATRIX
100
0 95 19 86 14 27 64 73 59 47 71 43 51 87 63 3 69 82 78 8 52 30 44 64 92 55 76 33 36 70 47 68 24 30 65 29 39 21 23 63 50 22 77 24 79 58 94 41 34 31 45 98 31 44 4 70 75 57 96 54 46 70 29 23 12 100 21 49 69 13 3 42 68 64 37 19 15 87 25 23 5 100 71 71 31 13 100 69 79 16 17 36 72 81 16 46 28 78 42 52
0 329 727 220 531 590 821 412 465 198 539 385 285 684 735 501 255 422 309 656 269 408 710 284 486 593 299 467 223 737 240 96 660 255 538 309 268 656 489 769 556 323 159 27 808 474 433 556 416 427 358 299 89 507 468 354 638 462 449 486 331 367 468 212 404 429 500 636 557 700 728 275 577 211 692 375 76 62 494 267 99 443 735 863 874 465 368 585 83 501 371 347 511 359 267 713 440 634 716 125
329 0 993 112 652 872 1112 711 790 471 716 653 417 798 1011 793 481 701 531 930 516 673 987 447 588 550 126 778 130 1032 122 363 877 123 863 478 418 726 186 1068 752 630 478 335 816 437 104 707 743 741 133 601 406 695 792 69 879 308 547 541 191 676 432 472 301 640 829 699 864 812 734 604 899 539 900 75 278 368 804 272 312 670 940 1133 1149 365 481 640 344 805 400 169 522 62 592 737 722 932 1028 221
727 993 0 911 479 865 168 330 595 535 359 345 594 473 44 796 859 813 464 76 836 323 49 935 529 772 893 320 863 145 872 649 201 874 387 528 585 571 1178 182 307 419 684 706 739 751 1084 407 464 679 1069 436 640 352 605 979 138 896 549 610 1055 697 749 528 831 369 505 586 745 481 717 579 350 620 221 999 737 739 711 991 692 331 228 140 157 834 565 599 783 271 678 898 678 1044 511 676 288 171 261 847
220 112 911 0 613 764 1021 615 678 379 660 567 362 765 925 683 377 592 456 845 410 588 901 353 553 564 147 679 83 940 92 267 811 108 757 416 358 706 273 974 691 531 366 228 819 442 215 659 635 629 159 504 301 635 680 156 805 352 511 520 172 564 437 384 322 572 719 680 752 779 736 493 795 428 837 173 178 256 692 201 219 597 878 1050 1064 390 437 623 232 708 379 206 515 140 486 733 633 838 928 109
531 652 479 613 0 984 644 422 741 371 121 318 256 154 517 893 769 854 252 453 769 312 501 813 66 293 529 500 538 591 538 436 291 532 632 223 268 145 833 635 173 432 603 504 332 289 717 75 601 775 765 414 480 138 750 612 341 455 106 140 784 749 289 349 402 186 698 140 895 170 275 593 632 582 295 628 490 580 837 772 443 220 324 603 626 382 176 126 613 481 258 508 204 713 509 241 371 531 662 604
590 872 865 764 984 0 841 602 273 633 924 683 812 1107 842 93 395 171 737 797 357 698 822 454 969 1148 881 562 800 772 818 636 938 834 480 795 789 1128 970 773 907 558 436 603 1311 1039 968 967 417 210 828 572 568 886 263 918 871 1051 944 1004 760 239 1034 655 991 808 361 1119 124 1122 1241 392 523 419 978 936 665 531 157 641 675 789 1014 947 943 1048 877 1083 538 608 928 934 1050 873 475 1215 665 697 667 656
821 1112 168 1021 644 841 0 409 586 642 523 461 732 642 127 785 910 822 594 196 881 442 143 992 690 935 1021 364 982 84 992 754 369 997 371 667 720 739 1293 68 471 498 747 803 907 907 1207 573 483 680 1174 522 732 512 594 1105 304 1044 706 770 1151 713 905 640 977 515 489 754 717 649 885 624 323 677 388 1126 843 821 696 1075 802 475 390 123 110 986 714 765 864 323 827 1032 839 1159 574 844 389 188 175 945
412 711 330 615 422 602 409 0 336 240 335 107 374 518 330 518 530 511 235 255 508 110 304 605 432 666 631 85 583 326 595 349 340 602 215 318 356 564 888 359 309 90 354 394 753 595 809 385 189 395 766 113 323 299 346 711 282 695 425 495 742 394 591 243 625 236 278 562 496 533 697 256 226 291 380 733 437 415 445 669 399 204 419 458 467 652 391 541 459 95 492 652 559 754 182 663 63 223 321 536
465 790 595 678 741 273 586 336 0 427 667 427 610 851 573 202 395 241 507 525 356 439 552 479 736 942 760 289 687 511 704 472 667 718 215 578 587 885 931 518 645 309 312 466 1072 846 893 714 147 97 789 330 407 630 10 819 599 895 718 783 736 150 841 446 828 558 97 880 160 867 1009 195 262 254 707 840 531 422 116 628 522 533 743 684 683 875 661 850 451 336 733 803 838 811 251 979 398 429 419 571
198 471 535 379 371 633 642 240 427 0 354 190 183 516 547 540 403 490 123 467 399 213 522 456 342 519 392 313 342 561 354 114 463 362 417 163 161 510 651 597 364 167 231 174 684 419 569 379 321 432 534 136 120 319 434 471 440 481 314 371 520 394 414 23 411 238 423 496 563 532 611 245 445 217 496 493 202 227 500 465 160 246 539 673 686 452 244 454 268 335 306 417 418 516 176 587 253 461 560 312
539 716 359 660 121 924 523 335 667 354 0 241 300 184 396 835 755 809 232 333 748 228 381 810 172 413 598 405 593 471 596 444 178 593 536 244 302 238 901 515 52 366 579 513 426 398 791 55 522 714 818 355 472 38 677 685 221 556 198 253 826 698 397 334 496 120 613 244 826 199 382 543 530 544 190 703 514 579 771 797 464 135 227 486 508 487 239 244 617 379 344 587 320 774 456 344 277 415 546 631
385 653 345 567 318 683 461 107 427 190 241 0 282 425 359 595 552 574 140 278 537 24 334 618 325 560 560 190 522 383 532 304 291 537 321 220 266 461 835 422 226 126 370 362 650 493 747 287 284 473 723 121 300 204 436 644 255 603 318 389 710 460 489 183 533 132 380 458 585 441 592 308 330 322 328 665 392 404 530 651 347 106 371 484 498 555 289 435 447 186 393 574 453 701 222 559 76 289 405 502
285 417 594 362 256 812 732 374 610 183 300 282 0 410 618 719 536 661 142 540 542 296 596 569 204 337 304 457 293 659 296 196 461 294 578 66 23 371 603 700 335 328 389 259 525 236 497 298 497 615 518 298 255 279 617 391 470 322 164 203 530 573 231 164 251 229 600 351 745 426 447 427 598 393 483 410 235 340 682 516 190 263 523 734 752 279 83 300 368 465 124 304 239 475 359 429 358 569 687 348
684 798 473 765 154 1107 642 518 851 516 184 425 410 0 516 1017 917 988 393 472 914 412 508 964 212 359 673 585 688 607 687 588 273 680 714 375 422 113 976 649 213 549 746 657 266 402 856 140 706 897 915 536 629 221 861 754 347 573 254 262 936 878 403 494 530 299 796 138 1010 16 248 722 704 719 255 769 644 731 955 926 597 319 265 574 598 497 330 182 765 556 399 647 306 860 636 207 459 571 699 758
735 1011 44 925 517 842 127 330 573 547 396 359 618 516 0 775 855 797 484 81 830 338 25 932 565 809 913 309 880 101 890 661 243 893 362 552 608 612 1194 138 344 420 682 715 783 784 1103 445 448 660 1081 439 647 386 583 999 176 925 582 645 1065 683 782 542 859 396 481 626 720 524 758 572 321 616 265 1020 750 744 689 997 706 357 272 128 139 864 594 637 787 261 707 921 713 1060 508 718 295 145 221 857
501 793 796 683 893 93 785 518 202 540 835 595 719 1017 775 0 324 98 645 725 285 611 754 393 876 1055 795 485 715 713 733 544 857 749 417 702 696 1037 901 717 820 470 346 514 1219 947 891 878 338 123 758 482 477 797 193 837 793 962 852 911 693 147 941 562 901 719 297 1027 99 1033 1149 300 463 326 897 855 576 444 89 575 585 701 934 886 884 957 784 990 454 533 835 847 957 798 384 1123 581 631 615 575
255 481 859 377 769 395 910 530 395 403 755 552 536 917 855 324 0 227 526 784 41 575 830 85 731 848 508 549 427 827 444 339 843 462 560 548 517 901 577 848 761 445 181 279 1061 728 574 782 433 312 434 435 289 719 392 533 802 698 696 739 368 247 722 423 647 637 473 884 410 933 982 286 609 240 880 549 324 196 360 251 355 638 922 981 987 712 616 835 178 595 627 565 766 479 348 965 580 726 768 276
422 701 813 592 854 171 822 511 241 490 809 574 661 988 797 98 227 0 603 739 188 593 774 295 832 995 710 494 630 745 647 477 851 664 451 652 639 997 804 755 800 449 275 438 1173 882 797 847 349 144 661 455 410 771 234 747 793 885 804 859 595 117 876 512 826 690 337 985 192 1004 1100 266 499 274 890 765 498 362 156 477 512 677 930 914 915 885 732 944 368 543 772 764 900 704 354 1077 573 655 658 485
309 531 464 456 252 737 594 235 507 123 232 140 142 393 484 645 526 603 0 404 522 154 461 578 232 440 429 320 401 519 409 215 358 411 445 83 127 394 716 559 248 204 354 283 574 361 620 256 379 530 615 179 241 198 515 516 350 464 211 277 612 500 357 103 393 121 481 383 655 409 505 345 461 330 387 536 292 347 594 571 243 141 429 604 620 417 160 346 385 323 257 439 334 584 263 478 216 427 544 409
656 930 76 845 453 797 196 255 525 467 333 278 540 472 81 725 784 739 404 0 760 257 57 860 497 743 833 246 799 138 809 581 204 812 322 473 529 560 1113 182 282 344 609 635 738 711 1022 385 391 607 1001 362 568 318 535 919 125 849 511 576 985 623 709 461 782 320 437 571 678 482 707 503 289 544 234 939 669 666 641 919 625 280 254 207 220 790 518 577 710 197 631 842 645 979 436 666 216 115 231 777
269 516 836 410 769 357 881 508 356 399 748 537 542 914 830 285 41 188 522 760 0 560 805 123 733 862 536 522 455 798 472 346 828 489 527 550 522 904 616 818 751 425 170 291 1067 743 611 777 401 272 473 418 290 712 353 565 784 722 700 746 408 207 737 420 669 629 436 887 369 931 989 258 575 219 865 582 342 208 319 291 368 627 908 955 960 732 622 840 198 569 639 592 776 516 327 971 561 698 736 305
408 673 323 588 312 698 442 110 439 213 228 24 296 412 338 611 575 593 154 257 560 0 313 642 324 563 579 190 543 366 552 327 269 556 322 232 281 453 857 405 209 144 393 386 643 500 766 276 294 489 746 143 323 191 449 664 232 616 320 391 733 478 497 205 546 126 388 452 598 427 587 328 328 343 306 685 414 428 544 675 369 94 348 462 476 565 296 432 471 179 404 591 456 723 242 553 66 274 393 525
710 987 49 901 501 822 143 304 552 522 381 334 596 508 25 754 830 774 461 57 805 313 0 907 548 793 890 285 856 100 866 636 235 869 342 530 585 602 1170 141 329 395 657 690 775 765 1079 431 425 638 1057 414 622 369 562 976 164 905 564 628 1040 659 763 517 838 375 461 614 700 517 748 547 303 591 260 996 725 718 668 972 681 336 271 153 164 845 574 624 762 236 687 899 697 1036 483 707 270 125 213 832
284 447 935 353 813 454 992 605 479 456 810 618 569 964 932 393 85 295 578 860 123 642 907 0 770 865 494 629 415 908 431 377 909 449 645 591 552 940 519 930 820 518 252 311 1091 742 532 832 517 394 380 505 338 775 476 505 872 693 733 770 308 330 736 476 649 694 558 920 484 980 1010 367 693 317 944 519 342 233 437 190 381 698 987 1059 1066 716 652 869 201 674 648 553 790 435 424 996 653 806 852 266
486 588 529 553 66 969 690 432 736 342 172 325 204 212 565 876 731 832 232 497 733 324 548 770 0 248 464 514 476 633 475 393 349 469 646 183 218 170 768 676 224 428 571 459 342 227 651 136 601 762 703 406 443 179 744 547 391 390 42 81 724 731 227 320 336 201 701 154 886 227 274 577 651 558 356 562 439 538 826 718 393 240 388 658 680 318 120 115 569 500 192 442 149 649 495 246 388 565 695 550
593 550 772 564 293 1148 935 666 942 519 413 560 337 359 809 1055 848 995 440 743 862 563 793 865 248 0 430 750 482 880 472 520 582 458 880 365 359 249 699 924 465 644 720 571 269 123 574 366 819 951 682 618 585 425 949 489 633 257 243 172 726 909 129 498 249 444 922 222 1081 365 190 763 890 729 581 496 525 654 1018 760 494 485 604 895 918 187 282 182 671 742 223 381 107 610 691 206 628 812 942 608
299 126 893 147 529 881 1021 631 760 392 598 560 304 673 913 795 508 710 429 833 536 579 890 494 464 430 0 705 81 943 64 299 764 46 802 368 309 600 304 981 637 558 457 294 693 313 193 586 692 725 253 528 356 580 764 87 773 205 423 415 297 665 308 388 182 531 786 572 855 686 610 566 834 506 785 107 229 352 792 347 245 564 824 1033 1049 249 360 514 343 726 275 60 396 188 537 612 634 846 951 232
467 778 320 679 500 562 364 85 289 313 405 190 457 585 309 485 549 494 320 246 522 190 285 629 514 750 705 0 652 280 665 415 379 674 133 402 438 639 952 306 373 148 383 452 828 680 879 457 147 364 825 178 380 371 299 783 309 778 508 579 795 377 676 319 707 315 215 639 448 600 775 264 141 313 418 805 501 461 405 713 467 280 453 433 438 736 476 621 503 49 576 729 643 819 211 740 129 177 250 592
223 130 863 83 538 800 982 583 687 342 593 522 293 688 880 715 427 630 401 799 455 543 856 415 476 482 81 652 0 902 17 238 750 35 742 352 292 625 316 939 627 504 381 222 736 360 227 588 627 649 227 475 288 570 690 134 750 279 435 440 252 587 354 342 242 512 718 600 777 702 653 495 777 433 774 155 159 273 715 280 185 540 814 1003 1018 311 363 542 262 677 298 139 432 184 473 651 592 803 901 151
737 1032 145 940 591 772 84 326 511 561 471 383 659 607 101 713 827 745 519 138 798 366 100 908 633 880 943 280 902 0 913 673 335 919 296 594 646 697 1212 44 420 414 664 720 873 844 1128 523 402 604 1092 439 649 455 520 1027 260 975 645 712 1068 634 841 560 907 449 415 709 649 616 844 541 250 593 360 1048 762 737 624 991 722 408 371 175 171 919 646 715 781 239 759 957 781 1078 490 804 310 104 123 862
240 122 872 92 538 818 992 595 704 354 596 532 296 687 890 733 444 647 409 809 472 552 866 431 475 472 64 665 17 913 0 252 755 18 757 357 297 622 308 950 631 517 398 238 729 351 215 590 642 666 228 488 304 574 707 119 757 264 434 436 258 604 346 353 230 518 734 596 794 701 646 512 791 450 778 141 174 291 732 292 199 547 819 1011 1027 299 364 538 279 689 294 122 426 179 489 645 603 814 914 168
96 363 649 267 436 636 754 349 472 114 444 304 196 588 661 544 339 477 215 581 346 327 636 377 393 520 299 415 238 673 252 0 569 262 505 214 177 564 539 707 462 267 201 69 722 406 464 460 393 453 420 238 68 412 476 371 552 425 357 400 406 401 400 123 360 336 489 545 586 605 643 277 539 225 600 393 89 145 522 357 54 352 643 787 800 414 277 495 177 442 297 335 430 405 239 626 367 571 664 199
660 877 201 811 291 938 369 340 667 463 178 291 461 273 243 857 843 851 358 204 828 269 235 909 349 582 764 379 750 335 755 569 0 754 491 398 458 371 1063 377 130 408 662 635 539 576 958 217 521 734 970 410 581 186 677 851 80 733 376 429 970 734 575 448 673 239 593 386 827 281 516 590 469 611 40 870 650 688 781 926 601 218 80 313 336 665 411 404 730 337 520 759 495 933 507 475 278 312 435 767
255 123 874 108 532 834 997 602 718 362 593 537 294 680 893 749 462 664 411 812 489 556 869 449 469 458 46 674 35 919 18 262 754 0 767 356 296 613 309 956 629 526 413 251 717 338 210 585 654 681 236 496 316 572 721 110 758 247 427 427 270 620 332 360 214 518 746 586 810 694 633 525 800 464 777 131 187 307 747 308 208 548 817 1014 1030 283 359 528 296 697 285 105 415 182 500 633 609 820 921 186
538 863 387 757 632 480 371 215 215 417 536 321 578 714 362 417 560 451 445 322 527 322 342 645 646 880 802 133 742 296 757 505 491 767 0 527 557 771 1027 304 501 252 421 529 960 806 966 588 130 308 893 283 457 503 224 876 415 894 639 710 854 344 801 427 823 448 120 771 358 728 908 285 49 348 529 897 586 517 329 759 559 412 560 469 467 857 604 754 557 159 699 833 773 897 271 873 261 217 211 661
309 478 528 416 223 795 667 318 578 163 244 220 66 375 552 702 548 652 83 473 550 232 530 591 183 365 368 402 352 594 357 214 398 356 527 0 60 353 665 635 275 282 388 282 522 279 561 251 455 592 575 254 260 219 585 455 405 383 152 209 581 556 275 140 314 163 558 337 720 391 448 404 543 379 422 475 272 358 658 556 224 197 463 667 685 335 84 293 391 405 174 370 260 535 328 425 296 506 625 389
268 418 585 358 268 789 720 356 587 161 302 266 23 422 608 696 517 639 127 529 522 281 585 552 218 359 309 438 292 646 297 177 458 296 557 60 0 388 605 686 335 307 368 242 545 259 502 304 475 592 516 277 234 278 594 396 464 340 180 224 524 550 254 141 269 223 578 368 722 437 467 404 578 370 482 416 222 322 659 505 176 255 523 725 742 299 100 318 351 447 147 313 261 475 336 449 342 554 670 337
656 726 571 706 145 1128 739 564 885 510 238 461 371 113 612 1037 901 997 394 560 904 453 602 940 170 249 600 639 625 697 622 564 371 613 771 353 388 0 897 741 283 577 740 629 189 307 775 184 745 920 849 559 613 268 894 676 438 478 207 186 877 893 310 488 442 329 841 29 1040 116 146 738 767 724 359 689 606 709 982 880 562 360 374 679 703 401 288 86 738 616 328 566 211 788 653 106 510 651 781 714
489 186 1178 273 833 970 1293 888 931 651 901 835 603 976 1194 901 577 804 716 1113 616 857 1170 519 768 699 304 952 316 1212 308 539 1063 309 1027 665 605 897 0 1247 938 805 621 500 968 596 125 891 903 869 144 777 573 881 931 222 1065 443 727 715 211 802 592 653 458 827 981 869 983 989 888 755 1066 689 1086 208 451 514 927 329 490 856 1125 1317 1333 512 664 811 481 981 577 330 688 134 756 897 904 1110 1201 367
769 1068 182 974 635 773 68 359 518 597 515 422 700 649 138 717 848 755 559 182 818 405 141 930 676 924 981 306 939 44 950 707 377 956 304 635 686 741 1247 0 464 446 689 752 915 887 1165 567 418 612 1125 471 681 499 527 1065 303 1017 689 755 1099 647 884 596 948 491 421 753 649 658 887 563 256 617 401 1086 796 766 629 1019 757 450 410 183 174 961 689 759 809 268 801 996 824 1113 517 847 348 136 108 894
556 752 307 691 173 907 471 309 645 364 52 226 335 213 344 820 761 800 248 282 751 209 329 820 224 465 637 373 627 420 631 462 130 629 501 275 335 283 938 464 0 352 582 530 468 449 830 103 498 697 850 345 484 57 655 724 168 604 248 305 854 686 448 347 543 127 585 291 805 227 428 533 492 542 148 743 537 592 752 819 488 125 188 434 456 536 282 295 631 342 390 630 372 810 447 389 248 368 499 655
323 630 419 531 432 558 498 90 309 167 366 126 328 549 420 470 445 449 204 344 425 144 395 518 428 644 558 148 504 414 517 267 408 526 252 282 307 577 805 446 352 0 266 307 763 560 731 409 175 348 680 31 235 328 318 636 359 642 412 480 654 334 556 176 571 251 277 571 464 564 700 184 278 207 446 657 354 325 407 579 319 231 487 548 558 606 363 541 368 178 451 584 538 671 100 670 136 311 398 448
159 478 684 366 603 436 747 354 312 231 579 370 389 746 682 346 181 275 354 609 170 393 657 252 571 720 457 383 381 664 398 201 662 413 421 388 368 740 621 689 582 266 0 168 909 607 581 608 292 268 481 254 136 542 314 510 621 616 540 591 436 208 601 254 555 459 361 725 398 763 834 137 466 73 698 530 232 110 335 338 239 458 741 810 817 612 464 680 141 427 497 506 628 499 174 813 401 560 619 259
27 335 706 228 504 603 803 394 466 174 513 362 259 657 715 514 279 438 283 635 291 386 690 311 459 571 294 452 222 720 238 69 635 251 529 282 242 629 500 752 530 307 168 0 783 452 438 529 409 434 373 281 73 480 470 355 614 449 422 461 350 376 446 187 388 403 497 610 565 673 703 274 567 212 667 376 65 84 501 291 77 417 710 842 854 448 342 559 109 484 348 339 486 369 257 688 420 617 702 142
808 816 739 819 332 1311 907 753 1072 684 426 650 525 266 783 1219 1061 1173 574 738 1067 643 775 1091 342 269 693 828 736 873 729 722 539 717 960 522 545 189 968 915 468 763 909 783 0 380 844 372 933 1103 946 744 778 457 1081 757 613 526 370 322 987 1073 385 661 515 518 1030 193 1225 259 83 919 956 900 520 765 750 865 1166 1008 710 549 525 834 859 456 446 229 890 805 448 648 306 877 836 97 699 834 963 847
474 437 751 442 289 1039 907 595 846 419 398 493 236 402 784 947 728 882 361 711 743 500 765 742 227 123 313 680 360 844 351 406 576 338 806 279 259 307 596 887 449 560 607 452 380 0 472 363 732 847 566 532 472 399 853 379 614 172 202 149 608 802 6 400 139 395 835 278 979 411 297 661 821 621 583 390 404 535 915 637 376 437 614 882 904 96 204 223 550 679 113 269 96 498 595 301 567 766 891 484
433 104 1084 215 717 968 1207 809 893 569 791 747 497 856 1103 891 574 797 620 1022 611 766 1079 532 651 574 193 879 227 1128 215 464 958 210 966 561 502 775 125 1165 830 731 581 438 844 472 0 777 847 843 168 701 509 773 895 106 965 318 611 595 243 777 469 568 334 724 933 746 964 869 764 707 1001 642 978 88 380 471 905 347 411 756 1017 1223 1240 388 552 689 445 904 459 210 565 98 695 773 818 1029 1128 323
556 707 407 659 75 967 573 385 714 379 55 287 298 140 445 878 782 847 256 385 777 276 431 832 136 366 586 457 588 523 590 460 217 585 588 251 304 184 891 567 103 409 608 529 372 363 777 0 570 757 815 396 495 86 724 672 269 526 170 214 828 738 362 358 470 159 663 189 872 157 327 582 584 579 221 688 523 599 816 807 474 182 252 529 552 454 227 192 636 432 322 570 279 767 495 289 329 469 600 640
416 743 464 635 601 417 483 189 147 321 522 284 497 706 448 338 433 349 379 391 401 294 425 517 601 819 692 147 627 402 642 393 521 654 130 455 475 745 903 418 498 175 292 409 933 732 847 570 0 217 767 201 339 485 157 761 455 801 586 655 726 234 727 336 731 416 103 740 308 721 872 155 176 219 561 783 469 391 260 630 447 388 598 567 570 772 537 714 429 196 621 727 713 774 154 841 251 308 335 536
427 741 679 629 775 210 680 395 97 432 714 473 615 897 660 123 312 144 530 607 272 489 638 394 762 951 725 364 649 604 666 453 734 681 308 592 592 920 869 612 697 348 268 434 1103 847 843 757 217 0 726 362 385 676 91 777 670 878 739 801 668 67 842 454 813 598 194 911 133 912 1035 188 357 229 774 796 499 376 68 555 499 579 812 775 774 866 675 876 397 412 734 773 850 755 267 1008 458 517 515 520
358 133 1069 159 765 828 1174 766 789 534 818 723 518 915 1081 758 434 661 615 1001 473 746 1057 380 703 682 253 825 227 1092 228 420 970 236 893 575 516 849 144 1125 850 680 481 373 946 566 168 815 767 726 0 653 445 794 789 199 964 441 662 663 76 659 561 540 432 731 842 822 839 929 864 617 934 550 996 200 332 376 783 190 376 756 1037 1207 1221 497 590 764 341 857 521 301 648 79 624 866 787 989 1074 233
299 601 436 504 414 572 522 113 330 136 355 121 298 536 439 482 435 455 179 362 418 143 414 505 406 618 528 178 475 439 488 238 410 496 283 254 277 559 777 471 345 31 254 281 744 532 701 396 201 362 653 0 210 317 338 606 367 611 388 455 630 343 527 145 541 237 304 551 481 552 679 188 309 201 448 627 326 304 423 558 290 222 490 567 578 576 337 520 348 204 422 554 512 643 101 650 148 336 426 423
89 406 640 301 480 568 732 323 407 120 472 300 255 629 647 477 289 410 241 568 290 323 622 338 443 585 356 380 288 649 304 68 581 316 457 260 234 613 573 681 484 235 136 73 778 472 509 495 339 385 445 210 0 438 412 422 554 492 409 457 419 333 466 138 428 357 430 597 518 645 701 212 494 157 615 444 130 107 454 352 115 366 658 775 786 482 332 550 149 413 362 396 492 441 186 681 352 545 629 213
507 695 352 635 138 886 512 299 630 319 38 204 279 221 386 797 719 771 198 318 712 191 369 775 179 425 580 371 570 455 574 412 186 572 503 219 278 268 881 499 57 328 542 480 457 399 773 86 485 676 794 317 438 0 640 667 215 551 197 259 799 659 398 300 489 83 578 271 788 237 409 505 499 507 205 686 484 545 733 767 435 97 244 483 504 484 226 264 583 347 335 573 328 753 417 372 243 392 523 602
468 792 605 680 750 263 594 346 10 434 677 436 617 861 583 193 392 234 515 535 353 449 562 476 744 949 764 299 690 520 707 476 677 721 224 585 594 894 931 527 655 318 314 470 1081 853 895 724 157 91 789 338 412 640 0 822 609 900 726 791 736 146 847 453 833 567 106 888 150 876 1017 199 271 258 717 842 535 424 107 627 526 542 753 693 692 881 669 858 452 345 740 807 845 812 258 987 408 438 427 572
354 69 979 156 612 918 1105 711 819 471 685 644 391 754 999 837 533 747 516 919 565 664 976 505 547 489 87 783 134 1027 119 371 851 110 876 455 396 676 222 1065 724 636 510 355 757 379 106 672 761 777 199 606 422 667 822 0 860 242 507 494 259 714 375 469 242 618 852 648 903 767 675 628 910 565 872 21 293 401 841 336 318 651 911 1119 1136 302 446 590 383 806 356 110 468 123 608 681 717 929 1031 262
638 879 138 805 341 871 304 282 599 440 221 255 470 347 176 793 802 793 350 125 784 232 164 872 391 633 773 309 750 260 757 552 80 758 415 405 464 438 1065 303 168 359 621 614 613 614 965 269 455 670 964 367 554 215 609 860 0 763 412 472 957 675 613 429 699 242 521 451 757 356 584 538 391 565 115 880 636 659 714 905 589 210 145 269 290 698 433 461 702 265 546 773 540 933 458 544 224 232 356 751
462 308 896 352 455 1051 1044 695 895 481 556 603 322 573 925 962 698 885 464 849 722 616 905 693 390 257 205 778 279 975 264 425 733 247 894 383 340 478 443 1017 604 642 616 449 526 172 318 526 801 878 441 611 492 551 900 242 763 0 358 317 496 823 170 468 71 530 902 449 1010 583 448 701 917 650 744 245 387 523 946 553 379 569 777 1032 1052 77 331 394 524 786 218 146 268 365 652 460 679 889 1008 427
449 547 549 511 106 944 706 425 718 314 198 318 164 254 582 852 696 804 211 511 700 320 564 733 42 243 423 508 435 645 434 357 376 427 639 152 180 207 727 689 248 412 540 422 370 202 611 170 586 739 662 388 409 197 726 507 412 358 0 71 683 706 201 291 301 202 688 188 865 268 297 552 647 530 386 523 399 502 804 677 355 243 420 680 702 289 81 141 531 499 153 403 138 608 473 274 385 572 701 510
486 541 610 520 140 1004 770 495 783 371 253 389 203 262 645 911 739 859 277 576 746 391 628 770 81 172 415 579 440 712 436 400 429 427 710 209 224 186 715 755 305 480 591 461 322 149 595 214 655 801 663 455 457 259 791 494 472 317 71 0 692 765 149 349 269 272 757 160 929 274 243 614 718 587 435 508 430 543 867 698 389 313 465 739 760 243 127 103 569 570 142 385 69 603 536 227 456 641 770 533
331 191 1055 172 784 760 1151 742 736 520 826 710 530 936 1065 693 368 595 612 985 408 733 1040 308 724 726 297 795 252 1068 258 406 970 270 854 581 524 877 211 1099 854 654 436 350 987 608 243 828 726 668 76 630 419 799 736 259 957 496 683 692 0 601 602 529 479 731 796 852 777 951 903 573 897 507 998 264 321 337 723 119 369 753 1040 1192 1204 546 607 794 297 831 550 351 684 149 589 902 769 964 1042 208
367 676 697 564 749 239 713 394 150 394 698 460 573 878 683 147 247 117 500 623 207 478 659 330 731 909 665 377 587 634 604 401 734 620 344 556 550 893 802 647 686 334 208 376 1073 802 777 738 234 67 659 343 333 659 146 714 675 823 706 765 601 0 796 416 760 579 239 883 190 894 1003 156 393 180 773 733 440 314 128 488 444 564 813 801 803 815 638 845 333 427 690 714 810 689 243 977 456 541 554 455
468 432 749 437 289 1034 905 591 841 414 397 489 231 403 782 941 722 876 357 709 737 497 763 736 227 129 308 676 354 841 346 400 575 332 801 275 254 310 592 884 448 556 601 446 385 6 469 362 727 842 561 527 466 398 847 375 613 170 201 149 602 796 0 395 135 393 830 281 973 413 302 656 817 616 583 385 398 529 910 631 370 434 614 881 902 94 201 225 544 675 108 265 99 493 590 306 563 763 888 478
212 472 528 384 349 655 640 243 446 23 334 183 164 494 542 562 423 512 103 461 420 205 517 476 320 498 388 319 342 560 353 123 448 360 427 140 141 488 653 596 347 176 254 187 661 400 568 358 336 454 540 145 138 300 453 469 429 468 291 349 529 416 395 0 397 219 438 474 583 510 588 266 454 239 480 490 209 245 520 478 164 231 523 667 681 436 222 432 285 338 288 410 397 519 195 565 250 460 563 322
404 301 831 322 402 991 977 625 828 411 496 533 251 530 859 901 647 826 393 782 669 546 838 649 336 249 182 707 242 907 230 360 673 214 823 314 269 442 458 948 543 571 555 388 515 139 334 470 731 813 432 541 428 489 833 242 699 71 301 269 479 760 135 397 0 463 833 414 946 542 434 635 846 585 686 251 329 466 881 522 316 502 720 967 987 69 266 357 471 716 153 132 231 362 583 440 609 819 938 383
429 640 369 572 186 808 515 236 558 238 120 132 229 299 396 719 637 690 121 320 629 126 375 694 201 444 531 315 512 449 518 336 239 518 448 163 223 329 827 491 127 251 459 403 518 395 724 159 416 598 731 237 357 83 567 618 242 530 202 272 731 579 393 219 463 0 512 326 714 315 461 424 451 424 266 638 413 465 658 693 364 42 309 507 525 471 199 306 504 300 312 532 340 696 337 427 188 371 499 530
500 829 505 719 698 361 489 278 97 423 613 380 600 796 481 297 473 337 481 437 436 388 461 558 701 922 786 215 718 415 734 489 593 746 120 558 578 841 981 421 585 277 361 497 1030 835 933 663 103 194 842 304 430 578 106 852 521 902 688 757 796 239 830 438 833 512 0 838 240 811 971 227 165 293 632 873 559 468 209 692 542 482 666 589 587 874 640 814 502 256 724 823 816 856 251 939 337 336 322 616
636 699 586 680 140 1119 754 562 880 496 244 458 351 138 626 1027 884 985 383 571 887 452 614 920 154 222 572 639 600 709 596 545 386 586 771 337 368 29 869 753 291 571 725 610 193 278 746 189 740 911 822 551 597 271 888 648 451 449 188 160 852 883 281 474 414 326 838 0 1033 143 138 728 770 711 377 661 585 690 974 857 541 359 394 697 721 372 268 58 719 618 302 538 183 761 644 101 510 658 790 691
557 864 745 752 895 124 717 496 160 563 826 585 745 1010 720 99 410 192 655 678 369 598 700 484 886 1081 855 448 777 649 794 586 827 810 358 720 722 1040 983 649 805 464 398 565 1225 979 964 872 308 133 839 481 518 788 150 903 757 1010 865 929 777 190 973 583 946 714 240 1033 0 1025 1160 318 400 361 866 922 630 503 64 660 631 691 902 823 819 998 804 1001 521 493 866 904 979 874 393 1131 559 575 544 643
700 812 481 779 170 1122 649 533 867 532 199 441 426 16 524 1033 933 1004 409 482 931 427 517 980 227 365 686 600 702 616 701 605 281 694 728 391 437 116 989 658 227 564 763 673 259 411 869 157 721 912 929 552 645 237 876 767 356 583 268 274 951 894 413 510 542 315 811 143 1025 0 246 739 717 735 262 781 660 747 970 942 612 334 269 578 603 507 345 190 781 569 412 659 315 874 652 205 474 582 710 774
728 734 717 736 275 1241 885 697 1009 611 382 592 447 248 758 1149 982 1100 505 707 989 587 748 1010 274 190 610 775 653 844 646 643 516 633 908 448 467 146 888 887 428 700 834 703 83 297 764 327 872 1035 864 679 701 409 1017 675 584 448 297 243 903 1003 302 588 434 461 971 138 1160 246 0 849 907 827 502 684 668 786 1099 925 630 495 514 822 846 376 370 159 810 755 365 566 223 795 768 41 647 796 927 765
275 604 579 493 593 392 624 256 195 245 543 308 427 722 572 300 286 266 345 503 258 328 547 367 577 763 566 264 495 541 512 277 590 525 285 404 404 738 755 563 533 184 137 274 919 661 707 582 155 188 617 188 212 505 199 628 538 701 552 614 573 156 656 266 635 424 227 728 318 739 849 0 331 66 629 649 338 241 255 475 327 410 670 697 702 684 487 691 276 311 548 608 662 630 87 823 314 440 486 389
577 899 350 795 632 523 323 226 262 445 530 330 598 704 321 463 609 499 461 289 575 328 303 693 651 890 834 141 777 250 791 539 469 800 49 543 578 767 1066 256 492 278 466 567 956 821 1001 584 176 357 934 309 494 499 271 910 391 917 647 718 897 393 817 454 846 451 165 770 400 717 907 331 0 393 506 931 621 560 374 804 592 413 534 424 421 876 617 756 600 152 717 862 783 935 310 871 263 179 161 701
211 539 620 428 582 419 677 291 254 217 544 322 393 719 616 326 240 274 330 544 219 343 591 317 558 729 506 313 433 593 450 225 611 464 348 379 370 724 689 617 542 207 73 212 900 621 642 579 219 229 550 201 157 507 258 565 565 650 530 587 507 180 616 239 585 424 293 711 361 735 827 66 393 0 649 586 277 175 297 411 272 417 691 743 750 637 460 671 210 358 509 550 631 564 109 803 342 491 546 323
692 900 221 837 295 978 388 380 707 496 190 328 483 255 265 897 880 890 387 234 865 306 260 944 356 581 785 418 774 360 778 600 40 777 529 422 482 359 1086 401 148 446 698 667 520 583 978 221 561 774 996 448 615 205 717 872 115 744 386 435 998 773 583 480 686 266 632 377 866 262 502 629 506 649 0 890 679 722 820 957 630 249 43 320 344 674 428 400 763 376 534 777 499 957 546 461 317 345 465 796
375 75 999 173 628 936 1126 733 840 493 703 665 410 769 1020 855 549 765 536 939 582 685 996 519 562 496 107 805 155 1048 141 393 870 131 897 475 416 689 208 1086 743 657 530 376 765 390 88 688 783 796 200 627 444 686 842 21 880 245 523 508 264 733 385 490 251 638 873 661 922 781 684 649 931 586 890 0 314 420 861 347 339 671 929 1139 1156 309 464 603 402 828 371 123 480 121 629 691 738 950 1053 280
76 278 737 178 490 665 843 437 531 202 514 392 235 644 750 576 324 498 292 669 342 414 725 342 439 525 229 501 159 762 174 89 650 187 586 272 222 606 451 796 537 354 232 65 750 404 380 523 469 499 332 326 130 484 535 293 636 387 399 430 321 440 398 209 329 413 559 585 630 660 668 338 621 277 679 314 0 137 566 284 49 432 721 875 889 391 319 531 147 530 306 274 447 317 315 656 456 660 751 118
62 368 739 256 580 531 821 415 422 227 579 404 340 731 744 444 196 362 347 666 208 428 718 233 538 654 352 461 273 737 291 145 688 307 517 358 322 709 514 766 592 325 110 84 865 535 471 599 391 376 376 304 107 545 424 401 659 523 502 543 337 314 529 245 466 465 468 690 503 747 786 241 560 175 722 420 137 0 441 254 160 473 765 872 882 527 422 640 44 499 432 403 570 389 252 770 451 633 705 149
494 804 711 692 837 157 696 445 116 500 771 530 682 955 689 89 360 156 594 641 319 544 668 437 826 1018 792 405 715 624 732 522 781 747 329 658 659 982 927 629 752 407 335 501 1166 915 905 816 260 68 783 423 454 733 107 841 714 946 804 867 723 128 910 520 881 658 209 974 64 970 1099 255 374 297 820 861 566 441 0 608 567 636 857 798 796 934 742 940 460 451 802 840 917 816 331 1071 508 544 526 583
267 272 991 201 772 641 1075 669 628 465 797 651 516 926 997 575 251 477 571 919 291 675 972 190 718 760 347 713 280 991 292 357 926 308 759 556 505 880 329 1019 819 579 338 291 1008 637 347 807 630 555 190 558 352 767 627 336 905 553 677 698 119 488 631 478 522 693 692 857 660 942 925 475 804 411 957 347 284 254 608 0 333 708 1000 1125 1135 591 598 801 211 752 562 407 702 249 503 919 703 887 955 168
99 312 692 219 443 675 802 399 522 160 464 347 190 597 706 585 355 512 243 625 368 369 681 381 393 494 245 467 185 722 199 54 601 208 559 224 176 562 490 757 488 319 239 77 710 376 411 474 447 499 376 290 115 435 526 318 589 379 355 389 369 444 370 164 316 364 542 541 631 612 630 327 592 272 630 339 49 160 567 333 0 384 672 831 845 374 274 488 180 493 272 282 411 356 293 616 413 620 716 167
443 670 331 597 220 789 475 204 533 246 135 106 263 319 357 701 638 677 141 280 627 94 336 698 240 485 564 280 540 408 547 352 218 548 412 197 255 360 856 450 125 231 458 417 549 437 756 182 388 579 756 222 366 97 542 651 210 569 243 313 753 564 434 231 502 42 482 359 691 334 495 410 413 417 249 671 432 473 636 708 384 0 292 470 489 511 239 343 514 262 352 567 381 724 323 461 151 329 458 549
735 940 228 878 324 1014 390 419 743 539 227 371 523 265 272 934 922 930 429 254 908 348 271 987 388 604 824 453 814 371 819 643 80 817 560 463 523 374 1125 410 188 487 741 710 525 614 1017 252 598 812 1037 490 658 244 753 911 145 777 420 465 1040 813 614 523 720 309 666 394 902 269 514 670 534 691 43 929 721 765 857 1000 672 292 0 310 334 706 466 422 806 409 570 814 527 997 587 472 357 368 482 839
863 1133 140 1050 603 947 123 458 684 673 486 484 734 574 128 886 981 914 604 207 955 462 153 1059 658 895 1033 433 1003 175 1011 787 313 1014 469 667 725 679 1317 183 434 548 810 842 834 882 1223 529 567 775 1207 567 775 483 693 1119 269 1032 680 739 1192 801 881 667 967 507 589 697 823 578 822 697 424 743 320 1139 875 872 798 1125 831 470 310 0 25 967 702 717 915 386 814 1037 806 1184 635 781 423 260 290 983
874 1149 157 1064 626 943 110 467 683 686 508 498 752 598 139 884 987 915 620 220 960 476 164 1066 680 918 1049 438 1018 171 1027 800 336 1030 467 685 742 703 1333 174 456 558 817 854 859 904 1240 552 570 774 1221 578 786 504 692 1136 290 1052 702 760 1204 803 902 681 987 525 587 721 819 603 846 702 421 750 344 1156 889 882 796 1135 845 489 334 25 0 988 721 740 926 392 834 1055 828 1199 643 805 435 263 282 996
465 365 834 390 382 1048 986 652 875 452 487 555 279 497 864 957 712 885 417 790 732 565 845 716 318 187 249 736 311 919 299 414 665 283 857 335 299 401 512 961 536 606 612 448 456 96 388 454 772 866 497 576 482 484 881 302 698 77 289 243 546 815 94 436 69 471 874 372 998 507 376 684 876 637 674 309 391 527 934 591 374 511 706 967 988 0 273 318 535 740 162 196 192 424 627 386 630 836 958 451
368 481 565 437 176 877 714 391 661 244 239 289 83 330 594 784 616 732 160 518 622 296 574 652 120 282 360 476 363 646 364 277 411 359 604 84 100 288 664 689 282 363 464 342 446 204 552 227 537 675 590 337 332 226 669 446 433 331 81 127 607 638 201 222 266 199 640 268 804 345 370 487 617 460 428 464 319 422 742 598 274 239 466 702 721 273 0 218 451 475 113 348 177 541 412 350 362 564 688 430
585 640 599 623 126 1083 765 541 850 454 244 435 300 182 637 990 835 944 346 577 840 432 624 869 115 182 514 621 542 715 538 495 404 528 754 293 318 86 811 759 295 541 680 559 229 223 689 192 714 876 764 520 550 264 858 590 461 394 141 103 794 845 225 432 357 306 814 58 1001 190 159 691 756 671 400 603 531 640 940 801 488 343 422 717 740 318 218 0 668 604 244 480 126 702 609 133 494 657 788 636
83 344 783 232 613 538 864 459 451 268 617 447 368 765 787 454 178 368 385 710 198 471 762 201 569 671 343 503 262 781 279 177 730 296 557 391 351 738 481 809 631 368 141 109 890 550 445 636 429 397 341 348 149 583 452 383 702 524 531 569 297 333 544 285 471 504 502 719 521 781 810 276 600 210 763 402 147 44 460 211 180 514 806 915 926 535 451 668 0 542 451 397 591 360 294 796 495 677 747 122
501 805 271 708 481 608 323 95 336 335 379 186 465 556 261 533 595 543 323 197 569 179 236 674 500 742 726 49 677 239 689 442 337 697 159 405 447 616 981 268 342 178 427 484 805 679 904 432 196 412 857 204 413 347 345 806 265 786 499 570 831 427 675 338 716 300 256 618 493 569 755 311 152 358 376 828 530 499 451 752 493 262 409 386 392 740 475 604 542 0 579 746 636 847 253 719 114 135 226 626
371 400 678 379 258 928 827 492 733 306 344 393 124 399 707 835 627 772 257 631 639 404 687 648 192 223 275 576 298 759 294 297 520 285 699 174 147 328 577 801 390 451 497 348 448 113 459 322 621 734 521 422 362 335 740 356 546 218 153 142 550 690 108 288 153 312 724 302 866 412 365 548 717 509 534 371 306 432 802 562 272 352 570 814 834 162 113 244 451 579 0 250 142 462 482 357 469 675 797 400
347 169 898 206 508 934 1032 652 803 417 587 574 304 647 921 847 565 764 439 842 592 591 899 553 442 381 60 729 139 957 122 335 759 105 833 370 313 566 330 996 630 584 506 339 648 269 210 570 727 773 301 554 396 573 807 110 773 146 403 385 351 714 265 410 132 532 823 538 904 659 566 608 862 550 777 123 274 403 840 407 282 567 814 1037 1055 196 348 480 397 746 250 0 358 230 573 571 649 863 972 290
511 522 678 515 204 1050 839 559 838 418 320 453 239 306 713 957 766 900 334 645 776 456 697 790 149 107 396 643 432 781 426 430 495 415 773 260 261 211 688 824 372 538 628 486 306 96 565 279 713 850 648 512 492 328 845 468 540 268 138 69 684 810 99 397 231 340 816 183 979 315 223 662 783 631 499 480 447 570 917 702 411 381 527 806 828 192 177 126 591 636 142 358 0 584 588 218 522 710 839 542
359 62 1044 140 713 873 1159 754 811 516 774 701 475 860 1060 798 479 704 584 979 516 723 1036 435 649 610 188 819 184 1078 179 405 933 182 897 535 475 788 134 1113 810 671 499 369 877 498 98 767 774 755 79 643 441 753 812 123 933 365 608 603 149 689 493 519 362 696 856 761 874 874 795 630 935 564 957 121 317 389 816 249 356 724 997 1184 1199 424 541 702 360 847 462 230 584 0 626 799 769 976 1068 241
267 592 511 486 509 475 574 182 251 176 456 222 359 636 508 384 348 354 263 436 327 242 483 424 495 691 537 211 473 490 489 239 507 500 271 328 336 653 756 517 447 100 174 257 836 595 695 495 154 267 624 101 186 417 258 608 458 652 473 536 589 243 590 195 583 337 251 644 393 652 768 87 310 109 546 629 315 252 331 503 293 323 587 635 643 627 412 609 294 253 482 573 588 626 0 740 235 387 453 391
713 737 676 733 241 1215 844 663 979 587 344 559 429 207 718 1123 965 1077 478 666 971 553 707 996 246 206 612 740 651 804 645 626 475 633 873 425 449 106 897 847 389 670 813 688 97 301 773 289 841 1008 866 650 681 372 987 681 544 460 274 227 902 977 306 565 440 427 939 101 1131 205 41 823 871 803 461 691 656 770 1071 919 616 461 472 781 805 386 350 133 796 719 357 571 218 799 740 0 611 757 888 756
440 722 288 633 371 665 389 63 398 253 277 76 358 459 295 581 580 573 216 216 561 66 270 653 388 628 634 129 592 310 603 367 278 609 261 296 342 510 904 348 248 136 401 420 699 567 818 329 251 458 787 148 352 243 408 717 224 679 385 456 769 456 563 250 609 188 337 510 559 474 647 314 263 342 317 738 456 451 508 703 413 151 357 423 435 630 362 494 495 114 469 649 522 769 235 611 0 213 329 561
634 932 171 838 531 697 188 223 429 461 415 289 569 571 145 631 726 655 427 115 698 274 125 806 565 812 846 177 803 104 814 571 312 820 217 506 554 651 1110 136 368 311 560 617 834 766 1029 469 308 517 989 336 545 392 438 929 232 889 572 641 964 541 763 460 819 371 336 658 575 582 796 440 179 491 345 950 660 633 544 887 620 329 368 260 263 836 564 657 677 135 675 863 710 976 387 757 213 0 131 758
716 1028 261 928 662 667 175 321 419 560 546 405 687 699 221 615 768 658 544 231 736 393 213 852 695 942 951 250 901 123 914 664 435 921 211 625 670 781 1201 108 499 398 619 702 963 891 1128 600 335 515 1074 426 629 523 427 1031 356 1008 701 770 1042 554 888 563 938 499 322 790 544 710 927 486 161 546 465 1053 751 705 526 955 716 458 482 290 282 958 688 788 747 226 797 972 839 1068 453 888 329 131 0 841
125 221 847 109 604 656 945 536 571 312 631 502 348 758 857 575 276 485 409 777 305 525 832 266 550 608 232 592 151 862 168 199 767 186 661 389 337 714 367 894 655 448 259 142 847 484 323 640 536 520 233 423 213 602 572 262 751 427 510 533 208 455 478 322 383 530 616 691 643 774 765 389 701 323 796 280 118 149 583 168 167 549 839 983 996 451 430 636 122 626 400 290 542 241 391 756 561 758 841 0
