# TTSP Euclidean complete-graph matrix instance
# seed: 2023
# depot: 1
# L_max is not stored in this file; pass it with --budget when running algorithms.
# coordinate rows: node x y
# coord 1 382.921924 971.862088
# coord 2 843.817423 320.280638
# coord 3 571.025736 337.235210
# coord 4 100.047699 123.879646
# coord 5 303.372121 696.789231
# coord 6 718.364511 301.158139
# coord 7 232.664793 977.742493
# coord 8 176.688750 17.059968
# coord 9 363.047675 623.158940
# coord 10 705.016396 782.293275
# coord 11 199.816131 971.363369
# coord 12 900.633286 531.685385
# coord 13 502.836548 75.927239
# coord 14 957.507368 498.481214
# coord 15 793.063463 572.555000
# coord 16 741.091494 637.080876
# coord 17 842.547619 580.884100
# coord 18 69.186286 984.471488
# coord 19 480.063637 203.223151
# coord 20 632.180789 532.384352
# coord 21 894.024777 872.200439
# coord 22 817.393092 716.840082
# coord 23 575.262791 56.123915
# coord 24 474.762553 910.107868
# coord 25 87.769929 891.820810
# coord 26 874.755997 575.289173
# coord 27 314.443896 318.930203
# coord 28 812.838399 159.219226
# coord 29 725.527230 77.613143
# coord 30 357.117225 813.387448
# coord 31 144.706447 346.962881
# coord 32 646.794290 20.741740
# coord 33 178.915105 827.518060
# coord 34 1.374701 142.740136
# coord 35 200.305225 642.567879
# coord 36 251.285079 987.357657
# coord 37 700.522677 424.293844
# coord 38 722.880382 693.859558
# coord 39 88.049850 729.313150
# coord 40 651.782117 847.930747
# coord 41 770.288239 117.131129
# coord 42 67.815903 890.657019
# coord 43 489.623152 967.073095
# coord 44 579.052108 882.265577
# coord 45 27.995664 862.703037
# coord 46 587.300447 200.900222
# coord 47 860.203676 193.428741
# coord 48 846.211403 69.879395
# coord 49 267.956338 179.023082
# coord 50 207.785329 600.276103
# coord 51 42.950245 48.243563
# coord 52 905.842389 401.702695
# coord 53 702.807933 590.442814
# coord 54 333.327986 699.739674
# coord 55 658.385267 121.135091
# coord 56 855.779166 585.897183
# coord 57 512.179666 277.869107
# coord 58 40.066423 517.748693
# coord 59 360.052734 285.956458
# coord 60 157.323211 539.298237
# coord 61 80.380267 232.612035
# coord 62 137.430963 223.625354
# coord 63 657.550505 869.134390
# coord 64 547.749477 591.297889
# coord 65 47.814001 595.996917
# coord 66 687.974247 869.910676
# coord 67 425.874820 819.632674
# coord 68 701.078210 108.795888
# coord 69 576.945917 39.927062
# coord 70 395.665088 667.617329
# coord 71 858.562693 822.536124
# coord 72 922.769900 133.975360
# coord 73 569.903831 725.203199
# coord 74 682.531225 685.328180
# coord 75 618.211777 656.661325
# coord 76 34.253603 504.645917
# coord 77 84.598984 916.462838
# coord 78 449.570646 177.612537
# coord 79 875.794129 95.124323
# coord 80 41.443025 748.096644
# coord 81 26.633042 357.476582
# coord 82 493.892755 527.514719
# coord 83 614.050109 933.716634
# coord 84 399.171303 962.453027
# coord 85 492.704879 758.860004
# coord 86 295.782039 143.559054
# coord 87 568.804867 310.898953
# coord 88 656.428731 764.293140
# coord 89 515.581919 951.480830
# coord 90 439.830909 976.450443
# coord 91 659.817237 811.724151
# coord 92 758.129184 63.205596
# coord 93 655.799714 799.202304
# coord 94 256.144075 11.701056
# coord 95 288.285821 674.702591
# coord 96 6.251891 85.691027
# coord 97 736.001451 230.084789
# coord 98 72.038384 906.651706
# coord 99 254.316126 787.532729
# coord 100 325.347703 857.831654
# reference_nearest_neighbor_tour_cost: 9170
TTSP_MATRIX
100
0 52 23 71 46 8 75 44 88 96 38 12 88 51 3 67 1 58 17 49 72 35 58 97 82 91 12 93 15 10 63 15 8 23 86 71 76 28 34 49 93 77 58 38 36 59 27 92 45 36 47 96 19 72 90 94 30 28 64 86 35 34 74 36 56 70 66 79 89 25 89 47 20 67 46 60 13 9 22 10 81 5 34 49 34 18 33 14 21 48 44 19 64 31 84 27 7 61 38 98
0 798 662 894 286 750 150 977 349 374 183 680 904 744 572 490 603 314 775 505 521 504 936 111 306 632 657 919 958 161 669 987 250 913 377 133 633 439 382 296 938 325 107 216 371 798 913 1014 801 411 984 774 498 277 894 610 706 569 686 488 799 787 293 415 504 322 158 920 952 305 499 997 310 415 393 583 303 797 1006 408 710 458 234 19 240 833 687 343 134 57 320 983 323 968 312 963 822 318 225 128
798 0 273 769 659 127 898 733 568 482 916 219 419 211 257 333 261 1020 382 300 554 397 377 696 948 257 529 164 270 693 700 359 836 861 720 892 177 393 859 562 216 963 737 621 980 283 128 250 593 695 846 102 305 636 272 266 334 828 485 721 768 713 580 401 842 571 651 255 387 567 502 202 489 399 405 830 965 419 227 909 818 407 655 781 562 576 275 482 711 771 525 271 515 664 659 870 141 969 752 747
662 273 0 517 448 152 724 508 354 465 735 383 270 419 324 345 365 819 162 205 625 453 281 581 736 386 257 300 302 522 426 325 628 602 480 724 156 388 622 517 297 748 635 545 756 137 323 384 342 448 602 341 285 433 233 378 84 561 217 460 502 448 539 255 584 545 504 263 297 374 564 406 388 366 323 562 756 201 389 670 545 205 598 648 429 337 26 436 617 653 483 332 470 453 440 618 197 757 551 576
894 769 517 0 608 643 864 131 564 894 853 898 406 936 826 821 872 861 388 671 1091 931 480 871 768 897 290 714 627 736 228 556 708 100 528 877 671 844 606 910 670 767 929 897 742 493 763 748 177 488 95 852 762 621 558 886 440 398 306 419 110 107 931 647 475 950 768 601 484 619 1031 823 763 809 743 386 793 354 776 627 245 564 959 890 747 197 505 848 926 918 887 661 875 192 582 101 645 783 681 768
286 659 448 608 0 573 290 691 95 411 293 620 652 684 505 442 551 371 524 368 616 514 696 274 291 584 378 741 749 128 384 758 180 631 116 295 482 420 218 380 744 305 328 332 321 571 751 829 519 136 699 671 413 30 676 563 468 318 415 215 515 501 394 266 275 422 173 710 712 97 569 837 268 379 317 331 310 539 830 267 438 255 391 282 199 553 468 359 332 311 375 780 367 687 27 680 636 312 103 163
750 127 152 643 573 0 833 612 480 481 847 294 312 310 281 337 306 943 258 247 597 427 284 656 864 316 404 171 224 627 575 289 754 734 620 830 124 393 762 551 191 878 704 598 890 165 178 264 467 592 721 213 290 554 190 316 207 712 359 609 642 586 571 337 733 570 595 193 297 488 540 264 449 386 369 714 883 296 259 811 694 319 641 734 510 451 150 467 681 730 514 241 502 545 570 744 73 886 672 681
150 898 724 864 290 833 0 962 378 511 33 803 941 869 692 612 728 164 813 598 670 640 983 251 168 758 664 1003 1026 206 637 1043 160 866 337 21 725 566 287 439 1015 186 257 359 235 854 1004 1096 799 378 949 886 609 296 957 736 754 499 703 445 761 760 439 499 424 468 250 987 999 350 645 1090 421 537 502 513 160 829 1092 299 654 521 384 167 340 837 747 474 284 207 458 1055 459 966 308 920 901 176 191 152
977 733 508 131 691 612 962 0 634 930 955 888 331 917 830 838 873 973 356 688 1116 949 400 941 879 894 332 652 552 817 331 470 810 216 626 973 664 870 718 957 602 880 1000 954 859 450 706 672 186 584 137 824 778 700 493 886 425 519 325 523 236 210 978 684 593 994 840 532 401 686 1055 755 810 838 777 508 904 317 703 743 372 601 1016 971 806 174 490 888 994 995 930 583 917 80 667 184 599 896 774 854
349 568 354 564 95 480 378 634 0 377 385 545 565 607 433 378 481 466 436 284 586 464 605 308 385 514 308 646 655 190 352 666 275 601 164 381 392 367 295 366 650 398 366 337 412 478 657 735 454 157 658 586 341 82 582 494 376 340 337 222 482 459 384 187 316 408 206 615 621 55 534 743 231 325 257 350 404 454 736 345 429 162 399 341 188 484 374 326 362 362 352 685 342 621 91 645 542 406 197 238
374 482 465 894 411 481 511 930 377 0 539 318 735 380 227 150 244 667 621 260 209 130 738 263 627 268 606 632 705 349 710 764 528 951 524 498 358 90 619 85 668 646 284 161 682 593 609 726 745 529 989 430 192 381 663 248 540 716 604 599 832 796 99 247 683 89 282 674 753 330 159 684 147 100 153 726 635 656 708 664 800 331 177 355 214 759 491 52 254 329 54 721 52 892 430 987 553 645 451 387
183 916 735 853 293 847 33 955 385 539 0 827 945 893 715 636 752 131 818 616 701 668 989 282 137 783 662 1018 1037 223 627 1050 145 852 329 54 742 592 267 469 1027 155 290 390 203 862 1020 1109 795 371 936 907 631 303 966 761 761 481 704 434 748 750 469 515 405 499 272 998 1005 361 675 1106 444 561 524 495 128 832 1107 274 638 532 416 200 362 833 757 501 316 240 487 1066 487 961 310 907 915 143 192 169
680 219 383 898 620 294 803 888 545 318 827 0 605 66 115 191 76 947 534 268 341 203 576 570 889 51 624 383 487 612 778 571 780 980 709 793 227 241 836 402 435 907 599 476 933 456 341 465 724 696 985 130 206 592 477 70 464 861 594 743 873 823 416 358 855 400 555 468 589 523 294 398 383 267 309 867 902 573 437 886 891 407 494 661 467 719 399 337 570 640 369 490 363 828 629 999 344 909 695 661
904 419 270 406 652 312 941 331 565 735 945 605 0 621 575 610 609 1007 129 474 887 714 75 835 915 623 307 321 223 752 449 154 818 506 642 946 401 656 774 786 271 924 891 810 919 151 376 343 257 602 461 518 552 646 162 620 202 640 254 578 451 394 808 517 691 815 748 201 82 601 827 424 653 635 592 635 939 115 373 815 553 452 865 893 683 218 244 705 876 903 752 256 739 255 636 497 280 936 754 802
744 211 419 936 684 310 869 917 607 380 893 66 621 0 180 257 141 1013 561 327 379 259 585 634 955 113 668 369 481 678 827 570 845 1020 771 859 267 305 900 464 425 972 662 539 998 475 320 443 760 757 1019 110 271 656 482 134 497 918 634 801 917 865 477 420 915 459 621 466 596 587 339 366 449 332 374 923 968 601 412 949 941 465 554 726 533 751 432 402 633 705 432 479 426 854 692 1037 348 975 760 727
572 257 324 826 505 281 692 830 433 227 715 115 575 180 0 83 50 833 484 166 316 146 560 464 774 82 542 414 500 498 686 571 665 901 597 682 175 140 722 310 456 792 498 376 818 425 385 505 656 586 915 205 92 477 471 64 407 755 519 637 790 743 326 246 746 315 443 473 575 409 258 457 270 158 194 762 788 523 485 772 796 303 403 554 353 657 345 235 470 537 274 511 265 776 515 925 347 795 580 548
490 333 345 821 442 337 612 838 378 150 636 191 610 257 83 0 116 756 506 151 280 110 604 381 701 147 532 483 560 423 663 624 594 890 541 602 217 60 660 229 521 719 415 294 748 462 459 577 659 535 913 287 60 413 523 126 426 711 518 592 775 732 247 199 694 239 364 530 619 347 220 535 193 76 124 719 713 544 558 708 767 270 323 472 277 665 369 153 387 454 193 574 183 791 454 919 407 721 509 471
603 261 365 872 551 306 728 873 481 244 752 76 609 141 50 116 0 872 523 216 296 138 589 494 816 33 590 423 517 538 736 593 708 948 645 718 211 165 769 328 469 834 523 400 862 458 388 511 701 635 961 190 140 523 495 14 448 805 565 686 838 790 343 295 795 328 480 493 603 455 242 454 308 191 237 812 829 563 487 818 846 353 420 585 393 700 384 261 494 564 294 525 287 817 562 972 367 837 623 587
314 1020 819 861 371 943 164 973 466 667 131 947 1007 1013 833 756 872 0 883 722 832 795 1057 412 94 904 709 1111 1119 335 642 1124 192 844 366 182 844 715 256 598 1115 94 421 520 129 939 1119 1200 830 408 937 1020 746 388 1045 882 834 468 757 454 752 764 600 619 389 629 393 1080 1072 455 806 1205 564 682 639 481 70 892 1201 238 628 624 547 331 480 871 839 627 448 371 615 1150 615 991 379 901 1007 78 270 286
775 382 162 388 524 258 813 356 436 621 818 534 129 561 484 506 523 883 0 363 787 614 175 707 793 542 202 336 276 622 365 247 693 482 521 817 312 547 656 667 303 802 764 686 800 107 380 390 213 481 464 470 447 518 196 536 81 541 146 466 401 343 689 394 584 698 619 240 190 472 726 448 530 523 474 538 816 40 410 699 479 325 743 764 556 194 140 588 749 774 634 311 621 295 509 488 257 813 626 673
505 300 205 671 368 247 598 688 284 260 616 268 474 327 166 151 216 722 363 0 429 261 480 409 652 246 383 415 464 393 522 512 541 741 446 593 128 185 579 316 438 668 457 354 689 335 409 510 507 430 763 303 91 343 412 230 281 592 367 475 628 583 338 103 588 342 354 429 496 272 368 493 203 161 125 599 669 399 501 629 630 138 402 489 266 514 230 233 435 484 281 486 268 642 372 769 320 674 456 447
521 554 625 1091 616 597 670 1116 586 209 701 341 887 379 316 280 296 832 787 429 0 173 876 421 806 298 801 718 812 540 915 887 717 1153 731 653 488 247 819 243 765 826 415 315 866 738 680 804 934 738 1185 471 341 587 787 289 706 925 793 808 1035 997 236 446 890 206 471 787 891 539 61 739 356 282 350 935 811 825 777 862 1009 528 287 503 417 943 649 261 387 466 242 820 249 1071 637 1186 661 823 645 569
504 397 453 931 514 427 640 949 464 130 668 203 714 259 146 110 138 795 614 261 173 0 704 393 750 153 641 558 646 470 768 717 648 998 622 627 315 97 729 211 602 769 412 290 803 565 525 648 769 621 1023 327 171 484 617 136 535 802 628 684 882 840 221 297 779 200 405 619 718 425 113 592 248 138 208 811 759 653 624 777 869 375 297 485 327 775 476 168 382 458 184 656 181 901 531 1028 494 769 567 512
936 377 281 480 696 284 983 400 605 738 989 576 75 585 560 604 589 1057 175 480 876 704 0 860 967 599 370 259 152 788 520 80 867 580 696 986 389 655 831 795 204 977 915 826 975 145 316 271 331 657 532 478 549 688 106 599 231 707 315 639 525 469 817 536 755 822 778 136 16 637 817 356 669 638 602 703 990 175 303 874 626 478 878 923 708 293 255 713 897 930 760 183 747 322 682 570 237 988 799 840
111 696 581 871 274 656 251 941 308 263 282 570 835 634 464 381 494 412 707 409 421 393 860 0 387 522 613 823 869 152 653 906 307 902 383 236 536 329 427 188 846 407 59 108 449 718 814 919 760 409 964 667 393 253 810 500 633 586 635 488 784 765 187 327 530 217 103 833 876 255 394 896 208 306 291 599 390 733 908 463 711 383 141 92 152 787 607 233 58 75 210 893 212 925 300 948 728 403 252 158
306 948 736 768 291 864 168 879 385 627 137 889 915 955 774 701 816 94 793 652 806 750 967 387 0 848 616 1031 1034 281 548 1035 112 754 273 189 771 665 163 566 1032 20 409 491 66 853 1041 1118 735 315 845 954 685 312 959 827 746 377 664 359 659 670 570 549 299 601 346 995 982 381 774 1128 510 630 580 391 25 801 1121 151 538 546 528 319 426 777 754 583 432 362 578 1066 576 896 296 810 926 22 197 240
632 257 386 897 584 316 758 894 514 268 783 51 623 113 82 147 33 904 542 246 298 153 599 522 848 0 616 421 520 570 765 600 740 975 678 747 231 193 802 352 470 866 549 426 894 472 382 506 725 667 985 176 173 556 503 22 469 837 590 718 865 817 365 327 827 349 511 498 613 488 248 444 340 221 269 843 861 582 480 851 876 384 443 613 424 722 404 289 520 592 320 525 313 837 595 997 372 868 656 618
657 529 257 290 378 404 664 332 308 606 662 624 307 668 542 532 590 709 202 383 801 641 370 613 616 616 0 523 477 496 172 447 526 359 343 671 400 554 469 627 499 623 671 622 615 297 560 587 147 301 383 597 474 381 397 604 202 339 56 271 249 201 648 359 385 666 513 440 383 358 741 636 480 519 454 336 640 196 604 509 290 275 684 649 475 176 254 562 664 669 602 512 589 313 357 387 431 636 472 539
919 164 300 714 741 171 1003 652 646 632 1018 383 321 369 414 483 423 1111 336 415 718 558 259 823 1031 421 523 0 120 797 694 216 921 812 780 1001 288 542 922 707 60 1044 870 760 1054 229 58 95 545 749 778 260 445 723 159 429 323 852 470 758 736 678 727 507 881 722 765 123 264 658 665 113 616 542 534 852 1051 364 90 970 811 487 800 903 680 517 287 625 846 898 670 111 659 576 735 810 105 1052 841 852
958 270 302 627 749 224 1026 552 655 705 1037 487 223 481 500 560 517 1119 276 464 812 646 152 869 1034 520 477 120 0 823 640 97 928 727 771 1026 348 616 912 774 60 1046 920 818 1050 185 178 121 469 736 683 371 513 735 80 525 293 815 421 732 664 606 794 544 853 793 800 40 153 676 757 205 666 609 589 813 1056 294 151 958 753 506 863 943 720 435 281 690 899 943 737 36 725 474 740 719 153 1056 852 877
161 693 522 736 128 627 206 817 190 349 223 612 752 678 498 423 538 335 622 393 540 470 788 152 281 570 496 797 823 0 513 844 179 759 232 204 519 385 282 297 810 299 203 232 333 654 798 890 641 260 827 686 411 116 755 548 558 434 527 339 643 629 306 293 378 336 69 784 804 151 502 884 230 350 305 447 291 642 886 322 563 317 284 155 146 673 545 303 210 183 303 851 299 808 155 808 696 300 106 55
669 700 426 228 384 575 637 331 352 710 627 778 449 827 686 663 736 642 365 522 915 768 520 653 548 765 172 694 640 513 0 599 482 250 301 649 561 674 387 713 666 549 710 689 529 466 732 754 208 261 316 763 609 400 561 750 374 200 224 193 131 124 732 471 267 754 550 605 530 407 858 807 569 635 566 193 573 349 773 414 119 393 751 666 539 253 426 660 709 695 694 676 682 353 358 296 603 564 454 542
987 359 325 556 758 289 1043 470 666 764 1050 571 154 570 571 624 593 1124 247 512 887 717 80 906 1035 600 447 216 97 844 599 0 933 657 766 1044 407 677 902 827 157 1045 959 864 1045 190 275 205 411 727 604 461 572 748 101 603 290 784 391 713 605 548 848 579 830 850 829 103 72 694 829 298 709 666 637 781 1058 252 241 946 706 529 914 974 754 372 300 744 940 978 791 119 779 391 746 644 228 1056 861 897
250 836 628 708 180 754 160 810 275 528 145 780 818 845 665 594 708 192 693 541 717 648 867 307 112 740 526 921 928 179 482 933 0 707 186 175 659 560 134 473 924 128 341 404 155 748 931 1010 655 229 791 842 575 200 854 719 643 339 571 289 603 605 480 438 266 511 247 888 882 269 680 1017 404 523 471 354 130 704 1011 159 494 435 448 258 321 694 647 482 359 300 481 959 478 819 188 762 817 133 85 150
913 861 602 100 631 734 866 216 601 951 852 980 506 1020 901 890 948 844 482 741 1153 998 580 902 754 975 359 812 727 759 250 657 707 0 538 881 754 908 593 959 769 751 958 938 720 589 860 848 269 502 103 941 832 648 657 962 528 377 386 426 120 158 979 707 456 1000 799 701 585 656 1094 921 814 871 803 363 778 450 876 607 216 625 1001 911 788 294 592 903 958 942 939 761 927 286 604 57 740 767 693 785
377 720 480 528 116 620 337 626 164 524 329 709 642 771 597 541 645 366 521 446 731 622 696 383 273 678 343 780 771 232 301 766 186 538 0 349 546 525 142 496 775 281 435 448 280 587 798 863 468 43 615 746 505 145 694 658 480 203 391 112 427 424 510 351 159 538 287 732 711 197 682 884 379 484 418 216 297 528 869 191 334 315 506 377 315 508 496 472 441 411 490 804 482 633 94 590 676 294 155 249
133 892 724 877 295 830 21 973 381 498 54 793 946 859 682 602 718 182 817 593 653 627 986 236 189 747 671 1001 1026 204 649 1044 175 881 349 0 720 555 305 424 1013 207 239 344 256 855 1001 1093 809 390 962 878 601 299 957 726 756 515 710 458 774 772 423 495 441 452 242 987 1002 351 629 1086 413 526 494 529 181 834 1089 318 669 520 367 150 332 845 747 462 267 189 445 1054 446 976 315 934 899 197 200 149
633 177 156 671 482 124 725 664 392 358 742 227 401 267 175 217 211 844 312 128 488 315 389 536 771 231 400 288 348 519 561 407 659 754 546 720 0 270 684 426 315 786 582 474 803 250 281 383 497 523 758 207 166 459 306 224 239 667 368 555 649 598 447 226 675 446 481 315 404 390 428 366 328 262 247 671 788 352 373 734 677 231 517 617 394 493 174 343 559 611 390 366 378 606 482 772 197 792 575 573
439 393 388 844 420 393 566 870 367 90 592 241 656 305 140 60 165 715 547 185 247 97 655 329 665 193 554 542 616 385 674 677 560 908 525 555 270 0 636 170 579 684 359 237 715 511 519 636 687 524 938 345 105 390 576 171 466 705 546 586 791 751 187 203 682 179 323 585 670 328 187 594 156 41 111 714 676 584 618 684 773 283 263 421 239 697 413 97 331 400 134 632 125 827 435 940 464 685 478 430
382 859 622 606 218 762 287 718 295 619 267 836 774 900 722 660 769 256 656 579 819 729 831 427 163 802 469 922 912 282 387 902 134 593 142 305 684 636 0 576 917 163 467 514 146 727 940 1005 579 176 683 881 630 247 834 781 619 217 520 202 497 508 586 480 139 616 350 872 845 314 776 1025 482 596 535 231 187 660 1011 50 377 453 564 389 406 621 637 569 482 430 578 945 572 737 208 649 818 178 176 270
296 562 517 910 380 551 439 957 366 85 469 402 786 464 310 229 328 598 667 316 243 211 795 188 566 352 627 707 774 297 713 827 473 959 496 424 426 170 576 0 740 586 201 80 624 650 687 802 771 508 1005 513 262 351 727 332 587 695 633 583 840 809 22 277 654 42 228 741 811 313 208 764 148 165 194 707 571 700 785 618 795 357 94 277 182 789 543 84 171 248 37 792 49 925 403 999 624 583 402 327
938 216 297 670 744 191 1015 602 650 668 1027 435 271 425 456 521 469 1115 303 438 765 602 204 846 1032 470 499 60 60 810 666 157 924 769 775 1013 315 579 917 740 0 1045 895 789 1052 201 118 89 506 742 731 315 478 728 112 476 304 833 444 744 700 642 760 524 867 757 782 70 208 666 711 153 640 575 561 832 1053 326 108 964 782 495 831 923 699 475 280 657 872 921 703 55 692 525 737 765 118 1054 846 864
325 963 748 767 305 878 186 880 398 646 155 907 924 972 792 719 834 94 802 668 826 769 977 407 20 866 623 1044 1046 299 549 1045 128 751 281 207 786 684 163 586 1045 0 429 511 49 863 1055 1131 739 322 843 970 702 327 970 845 757 374 672 363 658 671 590 566 295 621 365 1006 991 397 794 1142 529 648 598 387 31 809 1134 145 535 560 548 339 445 781 766 602 452 382 597 1078 595 899 309 807 940 17 213 260
107 737 635 929 328 704 257 1000 366 284 290 599 891 662 498 415 523 421 764 457 415 412 915 59 409 549 671 870 920 203 710 959 341 958 435 239 582 359 467 201 895 429 0 123 473 772 858 965 819 463 1022 702 433 310 863 529 690 636 693 542 841 823 194 380 577 221 161 884 931 314 396 939 255 341 336 649 408 790 954 499 765 440 129 91 208 846 661 263 30 51 230 943 236 983 355 1005 777 422 296 197
216 621 545 897 332 598 359 954 337 161 390 476 810 539 376 294 400 520 686 354 315 290 826 108 491 426 622 760 818 232 689 864 404 938 448 344 474 237 514 80 789 511 123 0 551 681 744 855 769 466 991 581 317 306 765 405 608 651 635 544 819 793 80 293 603 110 165 783 842 282 286 823 157 222 229 663 496 716 841 554 762 365 62 197 151 791 571 141 94 168 107 838 113 929 357 981 671 508 338 255
371 980 756 742 321 890 235 859 412 682 203 933 919 998 818 748 862 129 800 689 866 803 975 449 66 894 615 1054 1050 333 529 1045 155 720 280 256 803 715 146 624 1052 49 473 551 0 866 1068 1139 725 318 815 992 728 346 973 873 759 345 666 348 632 648 630 586 267 660 400 1011 989 416 832 1154 559 678 625 358 78 804 1144 115 505 574 590 384 476 767 773 636 496 427 634 1083 631 881 321 777 949 62 238 297
798 283 137 493 571 165 854 450 478 593 862 456 151 475 425 462 458 939 107 335 738 565 145 718 853 472 297 229 185 654 466 190 748 589 587 855 250 511 727 650 201 863 772 681 866 0 273 290 320 551 565 377 406 560 107 469 108 632 243 547 508 450 672 392 669 677 639 146 161 505 678 342 525 494 457 631 874 140 307 773 582 340 733 784 566 297 112 568 754 789 615 219 602 381 560 592 152 874 675 707
913 128 323 763 751 178 1004 706 657 609 1020 341 376 320 385 459 388 1119 380 409 680 525 316 814 1041 382 560 58 178 798 732 275 931 860 798 1001 281 519 940 687 118 1055 858 744 1068 273 0 124 592 769 830 213 427 731 214 392 358 882 509 783 781 723 705 506 907 698 762 180 322 664 629 86 606 523 523 883 1060 411 100 989 850 496 780 897 674 567 314 606 833 889 650 165 639 631 747 861 129 1063 849 853
1014 250 384 748 829 264 1096 672 735 726 1109 465 343 443 505 577 511 1200 390 510 804 648 271 919 1118 506 587 95 121 890 754 205 1010 848 863 1093 383 636 1005 802 89 1131 965 855 1139 290 124 0 588 830 804 337 540 812 195 516 393 922 532 834 783 725 821 601 956 816 860 150 271 749 753 100 711 637 630 921 1139 411 39 1052 869 578 894 998 774 555 367 720 942 993 765 88 754 593 823 840 194 1140 930 945
801 593 342 177 519 467 799 186 454 745 795 724 257 760 656 659 701 830 213 507 934 769 331 760 735 725 147 545 469 641 208 411 655 269 468 809 497 687 579 771 506 739 819 769 725 320 592 588 0 426 260 676 599 525 395 715 263 408 141 377 195 138 792 498 472 809 660 439 339 505 873 656 624 654 592 401 760 182 614 612 300 415 830 794 622 45 328 702 811 816 744 504 731 168 496 278 471 754 609 681
411 695 448 488 136 592 378 584 157 529 371 696 602 757 586 535 635 408 481 430 738 621 657 409 315 667 301 749 736 260 261 727 229 502 43 390 523 524 176 508 742 322 463 466 318 551 769 830 426 0 576 726 495 160 658 648 443 187 349 79 389 383 524 340 160 551 309 696 671 200 688 854 383 482 414 198 339 487 838 223 303 295 526 410 326 465 463 478 467 442 499 769 490 591 110 553 645 335 193 283
984 846 602 95 699 721 949 137 658 989 936 985 461 1019 915 913 961 937 464 763 1185 1023 532 964 845 985 383 778 683 827 316 604 791 103 615 962 758 938 683 1005 731 843 1022 991 815 565 830 804 260 576 0 932 854 713 620 975 522 470 396 504 188 199 1025 741 548 1045 861 661 534 713 1125 884 858 903 837 456 869 427 834 700 310 658 1054 981 841 270 588 943 1019 1009 982 715 969 216 673 52 717 859 769 857
774 102 341 852 671 213 886 824 586 430 907 130 518 110 205 287 190 1020 470 303 471 327 478 667 954 176 597 260 371 686 763 461 842 941 746 878 207 345 881 513 315 970 702 581 992 377 213 337 676 726 932 0 277 645 374 191 413 874 558 761 843 789 529 405 880 516 636 357 489 575 423 268 466 361 384 878 969 508 308 931 880 431 607 756 546 662 349 440 674 740 478 369 470 758 675 953 241 975 757 738
498 305 285 762 413 290 609 778 341 192 631 206 552 271 92 60 140 746 447 91 341 171 549 393 685 173 474 445 513 411 609 572 575 832 505 601 166 105 630 262 478 702 433 317 728 406 427 540 599 495 854 277 0 385 471 153 366 667 458 548 718 674 282 155 655 280 359 482 565 317 280 507 189 97 107 674 699 484 525 680 715 218 355 480 269 604 310 180 407 467 225 530 214 731 423 860 362 706 490 463
277 636 433 621 30 554 296 700 82 381 303 592 646 656 477 413 523 388 518 343 587 484 688 253 312 556 381 723 735 116 400 748 200 648 145 299 459 390 247 351 728 327 310 306 346 560 731 812 525 160 713 645 385 0 664 535 458 345 415 238 531 515 366 240 304 393 151 696 703 70 539 817 238 350 288 357 330 535 812 296 460 235 365 271 170 557 455 329 311 296 345 765 337 692 52 696 619 333 118 158
894 272 233 558 676 190 957 493 582 663 966 477 162 482 471 523 495 1045 196 412 787 617 106 810 959 503 397 159 80 755 561 101 854 657 694 957 306 576 834 727 112 970 863 765 973 107 214 195 395 658 620 374 471 664 0 505 214 735 341 653 589 531 748 483 773 749 736 44 115 606 729 265 611 565 537 733 981 216 219 880 675 438 814 880 659 363 210 643 843 883 691 115 678 417 666 653 134 980 779 808
610 266 378 886 563 316 736 886 494 248 761 70 620 134 64 126 14 882 536 230 289 136 599 500 827 22 604 429 525 548 750 603 719 962 658 726 224 171 781 332 476 845 529 405 873 469 392 516 715 648 975 191 153 535 505 0 461 819 579 700 852 805 346 308 808 330 489 502 613 467 237 457 318 200 248 826 839 576 491 830 860 367 424 592 402 714 397 268 499 571 299 532 292 830 574 986 375 847 634 596
706 334 84 440 468 207 754 425 376 540 761 464 202 497 407 426 448 834 81 281 706 535 231 633 746 469 202 323 293 558 374 290 643 528 480 756 239 466 619 587 304 757 690 608 759 108 358 393 263 443 522 413 366 458 214 461 0 530 152 441 434 379 609 315 563 618 549 254 247 407 645 435 451 442 393 529 769 118 407 665 492 250 664 694 481 255 66 507 674 702 554 326 541 369 456 541 229 768 571 609
569 828 561 398 318 712 499 519 340 716 481 861 640 918 755 711 805 468 541 592 925 802 707 586 377 837 339 852 815 434 200 784 339 377 203 515 667 705 217 695 833 374 636 651 345 632 882 922 408 187 470 874 667 345 735 819 530 0 395 119 288 310 710 513 79 737 490 777 719 386 873 963 569 664 595 14 401 532 937 230 161 454 709 572 513 453 568 664 644 608 686 850 677 550 294 433 753 390 345 444
686 485 217 306 415 359 703 325 337 604 704 594 254 634 519 518 565 757 146 367 793 628 315 635 664 590 56 470 421 527 224 391 571 386 391 710 368 546 520 633 444 672 693 635 666 243 509 532 141 349 396 558 458 415 341 579 152 395 0 324 285 231 655 358 440 670 538 384 328 383 732 583 487 513 452 392 688 141 550 561 341 276 696 678 491 156 210 563 683 695 605 456 592 293 395 407 380 684 513 573
488 721 460 419 215 609 445 523 222 599 434 743 578 801 637 592 686 454 466 475 808 684 639 488 359 718 271 758 732 339 193 713 289 426 112 458 555 586 202 583 744 363 542 544 348 547 783 834 377 79 504 761 548 238 653 700 441 119 324 0 316 316 599 394 123 625 388 694 652 271 756 866 453 545 476 128 384 465 845 239 224 337 603 487 401 419 471 547 546 520 572 767 562 537 188 478 656 377 267 360
799 768 502 110 515 642 761 236 482 832 748 873 451 917 790 775 838 752 401 628 1035 882 525 784 659 865 249 736 664 643 131 605 603 120 427 774 649 791 497 840 700 658 841 819 632 508 781 783 195 389 188 843 718 531 589 852 434 288 285 316 0 58 859 589 365 881 681 633 533 537 977 848 694 753 685 276 684 373 807 517 136 508 881 796 669 233 495 784 840 826 819 699 808 282 489 165 656 674 582 671
787 713 448 107 501 586 760 210 459 796 750 823 394 865 743 732 790 764 343 583 997 840 469 765 670 817 201 678 606 629 124 548 605 158 424 772 598 751 508 809 642 671 823 793 648 450 723 725 138 383 199 789 674 515 531 805 379 310 231 316 58 0 829 551 383 849 662 575 476 514 937 790 662 714 647 299 695 316 749 533 174 468 855 784 642 177 440 749 820 811 787 641 775 243 476 190 599 686 576 661
293 580 539 931 394 571 439 978 384 99 469 416 808 477 326 247 343 600 689 338 236 221 817 187 570 365 648 727 794 306 732 848 480 979 510 423 447 187 586 22 760 590 194 80 630 672 705 821 792 524 1025 529 282 366 748 346 609 710 655 599 859 829 0 299 668 30 237 762 833 330 206 782 169 185 216 722 575 722 804 628 812 379 78 275 198 811 565 105 164 243 57 812 70 947 417 1019 644 587 411 332
415 401 255 647 266 337 499 684 187 247 515 358 517 420 246 199 295 619 394 103 446 297 536 327 549 327 359 507 544 293 471 579 438 707 351 495 226 203 480 277 524 566 380 293 586 392 506 601 498 340 741 405 155 240 483 308 315 513 358 394 589 551 299 0 500 312 259 506 552 170 387 591 136 164 96 521 566 425 595 530 571 83 349 400 176 514 281 204 362 400 247 568 234 649 273 741 407 571 353 347
504 842 584 475 275 733 424 593 316 683 405 855 691 915 746 694 795 389 584 588 890 779 755 530 299 827 385 881 853 378 267 830 266 456 159 441 675 682 139 654 867 295 577 603 267 669 907 956 472 160 548 880 655 304 773 808 563 79 440 123 365 383 668 500 0 696 439 815 768 355 842 989 538 641 574 92 323 580 968 152 239 451 659 508 474 516 594 631 588 546 649 888 641 620 253 512 779 312 282 382
322 571 545 950 422 570 468 994 408 89 499 400 815 459 315 239 328 629 698 342 206 200 822 217 601 349 666 722 793 336 754 850 511 1000 538 452 446 179 616 42 757 621 221 110 660 677 698 816 809 551 1045 516 280 393 749 330 618 737 670 625 881 849 30 312 696 0 267 761 837 355 177 772 187 185 224 749 605 732 797 658 837 394 98 303 225 825 572 110 191 270 65 810 78 961 445 1039 642 617 441 363
158 651 504 768 173 595 250 840 206 282 272 555 748 621 443 364 480 393 619 354 471 405 778 103 346 511 513 765 800 69 550 829 247 799 287 242 481 323 350 228 782 365 161 165 400 639 762 860 660 309 861 636 359 151 736 489 549 490 538 388 681 662 237 259 439 267 0 762 794 155 433 847 172 290 252 503 355 642 853 391 611 300 220 145 90 688 528 237 159 157 234 826 231 826 200 845 666 364 175 108
920 255 263 601 710 193 987 532 615 674 998 468 201 466 473 530 493 1080 240 429 787 619 136 833 995 498 440 123 40 784 605 103 888 701 732 987 315 585 872 741 70 1006 884 783 1011 146 180 150 439 696 661 357 482 696 44 502 254 777 384 694 633 575 762 506 815 761 762 0 142 637 731 223 630 577 554 775 1016 261 175 919 719 467 829 905 683 407 242 657 863 906 704 73 692 455 700 695 126 1016 813 838
952 387 297 484 712 297 999 401 621 753 1005 589 82 596 575 619 603 1072 190 496 891 718 16 876 982 613 383 264 153 804 530 72 882 585 711 1002 404 670 845 811 208 991 931 842 989 161 322 271 339 671 534 489 565 703 115 613 247 719 328 652 533 476 833 552 768 837 794 142 0 653 832 358 685 654 618 714 1005 188 304 888 635 495 895 939 724 300 271 729 914 947 776 183 763 322 697 573 248 1003 814 856
305 567 374 619 97 488 350 686 55 330 361 523 601 587 409 347 455 455 472 272 539 425 637 255 381 488 358 658 676 151 407 694 269 656 197 351 390 328 314 313 666 397 314 282 416 505 664 749 505 200 713 575 317 70 606 467 407 386 383 271 537 514 330 170 355 355 155 637 653 0 488 750 184 287 223 396 398 493 747 363 482 171 344 295 133 533 397 278 308 312 301 705 292 671 108 700 554 402 185 203
499 502 564 1031 569 540 645 1055 534 159 675 294 827 339 258 220 242 806 726 368 61 113 817 394 774 248 741 665 757 502 858 829 680 1094 682 629 428 187 776 208 711 794 396 286 832 678 629 753 873 688 1125 423 280 539 729 237 645 873 732 756 977 937 206 387 842 177 433 731 832 488 0 692 305 223 292 883 780 764 728 821 953 469 269 480 371 882 588 210 366 446 199 766 204 1010 589 1127 605 791 605 534
997 202 406 823 837 264 1090 755 743 684 1106 398 424 366 457 535 454 1205 448 493 739 592 356 896 1128 444 636 113 205 884 807 298 1017 921 884 1086 366 594 1025 764 153 1142 939 823 1154 342 86 100 656 854 884 268 507 817 265 457 435 963 583 866 848 790 782 591 989 772 847 223 358 750 692 0 689 601 605 963 1147 475 61 1074 924 582 857 980 759 627 396 684 913 971 727 179 717 678 834 918 210 1149 935 939
310 489 388 763 268 449 421 810 231 147 444 383 653 449 270 193 308 564 530 203 356 248 669 208 510 340 480 616 666 230 569 709 404 814 379 413 328 156 482 148 640 529 255 157 559 525 606 711 624 383 858 466 189 238 611 318 451 569 487 453 694 662 169 136 538 187 172 630 685 184 305 689 0 119 84 579 522 561 700 529 656 212 213 292 84 643 414 95 233 283 125 688 113 779 286 852 522 530 322 278
415 399 366 809 379 386 537 838 325 100 561 267 635 332 158 76 191 682 523 161 282 138 638 306 630 221 519 542 609 350 635 666 523 871 484 526 262 41 596 165 575 648 341 222 678 494 523 637 654 482 903 361 97 350 565 200 442 664 513 545 753 714 185 164 641 185 290 577 654 287 223 601 119 0 70 673 641 559 621 644 733 246 258 396 204 666 391 83 314 379 128 627 117 797 394 904 458 649 440 397
393 405 323 743 317 369 502 777 257 153 524 309 592 374 194 124 237 639 474 125 350 208 602 291 580 269 454 534 589 305 566 637 471 803 418 494 247 111 535 194 561 598 336 229 625 457 523 630 592 414 837 384 107 288 537 248 393 595 452 476 685 647 216 96 574 224 252 554 618 223 292 605 84 70 0 603 593 508 618 584 663 179 277 376 162 606 349 114 312 366 161 610 147 740 330 837 443 601 387 355
583 830 562 386 331 714 513 508 350 726 495 867 635 923 762 719 812 481 538 599 935 811 703 599 391 843 336 852 813 447 193 781 354 363 216 529 671 714 231 707 832 387 649 663 358 631 883 921 401 198 456 878 674 357 733 826 529 14 392 128 276 299 722 521 92 749 503 775 714 396 883 963 579 673 603 0 415 529 936 244 147 460 721 585 524 446 569 674 657 622 697 848 688 541 306 420 754 404 358 458
303 965 756 793 310 883 160 904 404 635 128 902 939 968 788 713 829 70 816 669 811 759 990 390 25 861 640 1051 1056 291 573 1058 130 778 297 181 788 676 187 571 1053 31 408 496 78 874 1060 1139 760 339 869 969 699 330 981 839 769 401 688 384 684 695 575 566 323 605 355 1016 1005 398 780 1147 522 641 593 415 0 824 1140 174 562 565 530 318 437 801 775 592 432 360 585 1087 583 921 316 834 946 16 213 248
797 419 201 354 539 296 829 317 454 656 832 573 115 601 523 544 563 892 40 399 825 653 175 733 801 582 196 364 294 642 349 252 704 450 528 834 352 584 660 700 326 809 790 716 804 140 411 411 182 487 427 508 484 535 216 576 118 532 141 465 373 316 722 425 580 732 642 261 188 493 764 475 561 559 508 529 824 0 434 701 460 353 774 786 583 158 179 622 777 799 668 329 655 255 523 453 291 821 640 691
1006 227 389 776 830 259 1092 703 736 708 1107 437 373 412 485 558 487 1201 410 501 777 624 303 908 1121 480 604 90 151 886 773 241 1011 876 869 1089 373 618 1011 785 108 1134 954 841 1144 307 100 39 614 838 834 308 525 812 219 491 407 937 550 845 807 749 804 595 968 797 853 175 304 747 728 61 700 621 618 936 1140 434 0 1059 889 577 878 990 766 582 375 704 929 983 748 122 738 625 825 870 194 1142 930 941
408 909 670 627 267 811 299 743 345 664 274 886 815 949 772 708 818 238 699 629 862 777 874 463 151 851 509 970 958 322 414 946 159 607 191 318 734 684 50 618 964 145 499 554 115 773 989 1052 612 223 700 931 680 296 880 830 665 230 561 239 517 533 628 530 152 658 391 919 888 363 821 1074 529 644 584 244 174 701 1059 0 391 503 602 417 451 656 685 615 516 459 622 991 616 767 258 663 866 161 216 304
710 818 545 245 438 694 654 372 429 800 638 891 553 941 796 767 846 628 479 630 1009 869 626 711 538 876 290 811 753 563 119 706 494 216 334 669 677 773 377 795 782 535 765 762 505 582 850 869 300 303 310 880 715 460 675 860 492 161 341 224 136 174 812 571 239 837 611 719 635 482 953 924 656 733 663 147 562 460 889 391 0 497 823 710 615 344 544 750 769 744 779 788 769 415 411 273 721 551 487 583
458 407 205 564 255 319 521 601 162 331 532 407 452 465 303 270 353 624 325 138 528 375 478 383 546 384 275 487 506 317 393 529 435 625 315 520 231 283 453 357 495 560 440 365 574 340 496 578 415 295 658 431 218 235 438 367 250 454 276 337 508 468 379 83 451 394 300 467 495 171 469 582 212 246 179 460 565 353 577 503 497 0 424 445 231 432 229 287 425 452 329 534 316 568 253 658 384 567 354 371
234 655 598 959 391 641 384 1016 399 177 416 494 865 554 403 323 420 547 743 402 287 297 878 141 528 443 684 800 863 284 751 914 448 1001 506 367 517 263 564 94 831 548 129 62 590 733 780 894 830 526 1054 607 355 365 814 424 664 709 696 603 881 855 78 349 659 98 220 829 895 344 269 857 213 258 277 721 530 774 878 602 823 424 0 217 213 852 624 175 100 179 130 882 141 989 416 1043 714 543 388 299
19 781 648 890 282 734 167 971 341 355 200 661 893 726 554 472 585 331 764 489 503 485 923 92 319 613 649 903 943 155 666 974 258 911 377 150 617 421 389 277 923 339 91 197 384 784 897 998 794 410 981 756 480 271 880 592 694 572 678 487 796 784 275 400 508 303 145 905 939 295 480 980 292 396 376 585 318 786 990 417 710 445 217 0 224 825 673 325 117 43 301 968 304 961 308 961 806 332 227 128
240 562 429 747 199 510 340 806 188 214 362 467 683 533 353 277 393 480 556 266 417 327 708 152 426 424 475 680 720 146 539 754 321 788 315 332 394 239 406 182 699 445 208 151 476 566 674 774 622 326 841 546 269 170 659 402 481 513 491 401 669 642 198 176 474 225 90 683 724 133 371 759 84 204 162 524 437 583 766 451 615 231 213 224 0 646 454 164 194 224 175 745 168 784 221 831 582 446 240 194
833 576 337 197 553 451 837 174 484 759 833 719 218 751 657 665 700 871 194 514 943 775 293 787 777 722 176 517 435 673 253 372 694 294 508 845 493 697 621 789 475 781 846 791 767 297 567 555 45 465 270 662 604 557 363 714 255 453 156 419 233 177 811 514 516 825 688 407 300 533 882 627 643 666 606 446 801 158 582 656 344 432 852 825 646 0 320 718 837 845 761 469 748 138 531 295 449 795 645 715
687 275 26 505 468 150 747 490 374 491 757 399 244 432 345 369 384 839 140 230 649 476 255 607 754 404 254 287 281 545 426 300 647 592 496 747 174 413 637 543 280 766 661 571 773 112 314 367 328 463 588 349 310 455 210 397 66 568 210 471 495 440 565 281 594 572 528 242 271 397 588 396 414 391 349 569 775 179 375 685 544 229 624 673 454 320 0 462 643 678 509 312 496 433 459 606 186 776 571 599
343 482 436 848 359 467 474 888 326 52 501 337 705 402 235 153 261 627 588 233 261 168 713 233 583 289 562 625 690 303 660 744 482 903 472 462 343 97 569 84 657 602 263 141 636 568 606 720 702 478 943 440 180 329 643 268 507 664 563 547 784 749 105 204 631 110 237 657 729 278 210 684 95 83 114 674 592 622 704 615 750 287 175 325 164 718 462 0 234 303 48 708 35 852 379 940 540 601 403 344
134 711 617 926 332 681 284 994 362 254 316 570 876 633 470 387 494 448 749 435 387 382 897 58 432 520 664 846 899 210 709 940 359 958 441 267 559 331 482 171 872 452 30 94 496 754 833 942 811 467 1019 674 407 311 843 499 674 644 683 546 840 820 164 362 588 191 159 863 914 308 366 913 233 314 312 657 432 777 929 516 769 425 100 117 194 837 643 234 0 80 201 921 207 975 358 1004 754 446 308 212
57 771 653 918 311 730 207 995 362 329 240 640 903 705 537 454 564 371 774 484 466 458 930 75 362 592 669 898 943 183 695 978 300 942 411 189 611 400 430 248 921 382 51 168 427 789 889 993 816 442 1009 740 467 296 883 571 702 608 695 520 826 811 243 400 546 270 157 906 947 312 446 971 283 379 366 622 360 799 983 459 744 452 179 43 224 845 678 303 80 0 275 967 279 982 338 991 803 374 265 165
320 525 483 887 375 514 458 930 352 54 487 369 752 432 274 193 294 615 634 281 242 184 760 210 578 320 602 670 737 303 694 791 481 939 490 445 390 134 578 37 703 597 230 107 634 615 650 765 744 499 982 478 225 345 691 299 554 686 605 572 819 787 57 247 649 65 234 704 776 301 199 727 125 128 161 697 585 668 748 622 779 329 130 301 175 761 509 48 201 275 0 755 13 896 396 977 587 595 406 338
983 271 332 661 780 241 1055 583 685 721 1066 490 256 479 511 574 525 1150 311 486 820 656 183 893 1066 525 512 111 36 851 676 119 959 761 804 1054 366 632 945 792 55 1078 943 838 1083 219 165 88 504 769 715 369 530 765 115 532 326 850 456 767 699 641 812 568 888 810 826 73 183 705 766 179 688 627 610 848 1087 329 122 991 788 534 882 968 745 469 312 708 921 967 755 0 743 505 771 752 168 1087 882 905
323 515 470 875 367 502 459 917 342 52 487 363 739 426 265 183 287 615 621 268 249 181 747 212 576 313 589 659 725 299 682 779 478 927 482 446 378 125 572 49 692 595 236 113 631 602 639 754 731 490 969 470 214 337 678 292 541 677 592 562 808 775 70 234 641 78 231 692 763 292 204 717 113 117 147 688 583 655 738 616 769 316 141 304 168 748 496 35 207 279 13 743 0 883 388 965 575 594 402 336
968 664 453 192 687 545 966 80 621 892 961 828 255 854 776 791 817 991 295 642 1071 901 322 925 896 837 313 576 474 808 353 391 819 286 633 976 606 827 737 925 525 899 983 929 881 381 631 593 168 591 216 758 731 692 417 830 369 550 293 537 282 243 947 649 620 961 826 455 322 671 1010 678 779 797 740 541 921 255 625 767 415 568 989 961 784 138 433 852 975 982 896 505 883 0 664 261 527 914 776 849
312 659 440 582 27 570 308 667 91 430 310 629 636 692 515 454 562 379 509 372 637 531 682 300 296 595 357 735 740 155 358 746 188 604 94 315 482 435 208 403 737 309 355 357 321 560 747 823 496 110 673 675 423 52 666 574 456 294 395 188 489 476 417 273 253 445 200 700 697 108 589 834 286 394 330 306 316 523 825 258 411 253 416 308 221 531 459 379 358 338 396 771 388 664 0 653 631 317 118 187
963 870 618 101 680 744 920 184 645 987 907 999 497 1037 925 919 972 901 488 769 1186 1028 570 948 810 997 387 810 719 808 296 644 762 57 590 934 772 940 649 999 765 807 1005 981 777 592 861 840 278 553 52 953 860 696 653 986 541 433 407 478 165 190 1019 741 512 1039 845 695 573 700 1127 918 852 904 837 420 834 453 870 663 273 658 1043 961 831 295 606 940 1004 991 977 752 965 261 653 0 744 824 744 835
822 141 197 645 636 73 901 599 542 553 915 344 280 348 347 407 367 1007 257 320 661 494 237 728 926 372 431 105 153 696 603 228 817 740 676 899 197 464 818 624 118 940 777 671 949 152 129 194 471 645 717 241 362 619 134 375 229 753 380 656 656 599 644 407 779 642 666 126 248 554 605 210 522 458 443 754 946 291 194 866 721 384 714 806 582 449 186 540 754 803 587 168 575 527 631 744 0 948 737 750
318 969 757 783 312 886 176 896 406 645 143 909 936 975 795 721 837 78 813 674 823 769 988 403 22 868 636 1052 1056 300 564 1056 133 767 294 197 792 685 178 583 1054 17 422 508 62 874 1063 1140 754 335 859 975 706 333 980 847 768 390 684 377 674 686 587 571 312 617 364 1016 1003 402 791 1149 530 649 601 404 16 821 1142 161 551 567 543 332 446 795 776 601 446 374 595 1087 594 914 317 824 948 0 218 258
225 752 551 681 103 672 191 774 197 451 192 695 754 760 580 509 623 270 626 456 645 567 799 252 197 656 472 841 852 106 454 861 85 693 155 200 575 478 176 402 846 213 296 338 238 675 849 930 609 193 769 757 490 118 779 634 571 345 513 267 582 576 411 353 282 441 175 813 814 185 605 935 322 440 387 358 213 640 930 216 487 354 388 227 240 645 571 403 308 265 406 882 402 776 118 744 737 218 0 100
128 747 576 768 163 681 152 854 238 387 169 661 802 727 548 471 587 286 673 447 569 512 840 158 240 618 539 852 877 55 542 897 150 785 249 149 573 430 270 327 864 260 197 255 297 707 853 945 681 283 857 738 463 158 808 596 609 444 573 360 671 661 332 347 382 363 108 838 856 203 534 939 278 397 355 458 248 691 941 304 583 371 299 128 194 715 599 344 212 165 338 905 336 849 187 835 750 258 100 0
