# TTSP Euclidean complete-graph matrix instance
# seed: 1000
# depot: 1
# L_max is not stored in this file; pass it with --budget when running algorithms.
# coordinate rows: node x y
# scenario: clustered_center_depot
# coordinate_max: 1000
# geometry: clustered
# depot_position: center
# reward_pattern: uniform
# clusters: 4
# cluster_spread_ratio: 0.08
# coord 1 500.000000 500.000000
# coord 2 657.991196 551.871100
# coord 3 165.636630 400.856752
# coord 4 448.637149 474.563738
# coord 5 812.543986 247.229012
# coord 6 785.441985 604.000711
# coord 7 96.456012 427.319991
# coord 8 333.056127 608.833641
# coord 9 984.682143 263.312627
# coord 10 550.861779 647.618601
# coord 11 434.692888 320.470965
# coord 12 532.967729 635.097773
# coord 13 871.464769 271.097753
# coord 14 752.121363 657.146322
# coord 15 375.501418 413.359613
# coord 16 442.051396 658.905837
# coord 17 784.608227 225.568482
# coord 18 675.825733 686.630510
# coord 19 187.857932 348.334919
# coord 20 353.216701 408.370138
# coord 21 880.321931 192.415683
# coord 22 605.149408 642.802483
# coord 23 205.836689 467.238461
# coord 24 489.876513 523.052747
# coord 25 907.261863 332.115654
# coord 26 753.397224 649.062840
# coord 27 266.901252 227.392228
# coord 28 440.314343 563.720025
# coord 29 917.379313 163.768310
# coord 30 622.457726 617.294593
# coord 31 181.171650 451.542132
# coord 32 486.352507 433.425682
# coord 33 883.410259 395.843703
# coord 34 699.382827 458.100806
# coord 35 273.610000 372.529242
# coord 36 583.913326 438.999494
# coord 37 773.988184 277.358300
# coord 38 595.035070 578.692304
# coord 39 266.103156 476.718046
# coord 40 562.867349 495.971526
# coord 41 692.043026 349.643864
# coord 42 882.709438 601.923136
# coord 43 371.087456 443.886247
# coord 44 499.760580 594.241650
# coord 45 861.755418 216.718189
# coord 46 736.425808 665.788194
# coord 47 237.861527 467.723584
# coord 48 460.964754 412.413550
# coord 49 908.779067 355.817254
# coord 50 789.133218 569.640812
# reference_nearest_neighbor_tour_cost: 4672
TTSP_MATRIX
50
0 22 11 63 36 92 29 28 35 79 3 80 3 31 97 19 98 99 79 68 67 57 30 62 22 34 67 53 91 100 1 84 5 59 96 78 8 87 50 9 90 62 36 92 82 28 4 55 14 38
0 166 349 57 402 304 410 199 539 156 191 139 436 297 152 169 395 256 347 173 489 177 296 25 441 294 359 87 536 170 322 68 397 204 260 104 353 123 235 63 244 396 141 94 459 289 264 96 433 297
166 0 515 223 342 138 575 330 436 144 322 150 353 141 315 241 350 136 512 337 423 105 460 171 332 136 508 218 467 74 487 209 274 102 424 135 298 68 399 110 205 230 307 164 392 138 428 241 318 132
349 515 0 292 665 652 74 267 831 457 281 436 718 640 210 378 643 585 57 188 744 502 78 347 745 638 201 319 788 506 53 322 718 537 112 420 621 465 126 408 529 745 210 386 720 629 98 296 745 646
57 223 292 0 429 361 355 177 576 201 155 181 469 354 95 184 418 311 290 116 516 230 243 64 480 351 307 90 562 225 268 56 442 251 203 140 380 180 183 116 274 452 83 130 487 346 211 63 475 354
402 342 665 429 0 358 738 601 173 478 385 478 64 414 468 554 35 460 633 487 87 447 645 424 127 406 546 489 134 416 664 376 165 239 553 298 49 396 593 352 158 362 483 467 58 425 616 388 145 323
304 138 652 361 358 0 711 452 395 239 451 254 344 63 452 348 378 137 650 474 422 184 596 306 298 55 641 347 460 164 623 344 230 169 562 260 327 192 535 247 271 97 444 286 395 79 564 377 277 35
410 575 74 355 738 711 0 298 903 505 355 483 791 695 279 416 717 635 121 257 818 552 116 405 816 693 263 370 862 559 88 390 788 604 185 488 694 521 177 471 601 805 275 436 794 683 147 365 815 707
199 330 267 177 601 452 298 0 738 221 306 202 636 422 200 120 592 351 298 201 688 274 190 179 637 422 387 116 735 290 219 233 590 396 244 303 552 264 148 256 443 550 169 167 658 407 170 234 629 458
539 436 831 576 173 395 903 738 0 580 553 585 113 457 627 672 204 524 801 648 126 537 805 559 104 450 719 622 120 506 825 527 167 345 719 438 211 501 750 482 305 354 640 587 131 473 774 545 120 363
156 144 457 201 478 239 505 221 580 0 347 22 495 201 293 109 482 131 470 310 562 55 389 139 476 203 507 139 607 78 418 224 417 241 391 211 432 82 332 152 330 335 272 74 531 186 361 252 462 251
191 322 281 155 385 451 355 306 553 347 0 330 440 463 110 339 363 438 248 120 464 365 272 210 473 458 192 243 507 351 285 124 455 298 169 191 342 304 230 217 259 529 139 281 439 459 246 96 475 433
139 150 436 181 478 254 483 202 585 22 330 0 497 220 272 94 481 152 449 289 563 73 368 120 482 221 487 117 608 91 397 207 424 243 369 203 431 84 310 142 327 351 251 53 532 206 339 234 468 264
436 353 718 469 64 344 791 636 113 495 440 497 0 404 516 579 98 459 688 536 79 457 694 457 71 396 606 521 117 426 713 418 125 254 606 333 98 414 639 382 196 331 529 493 55 417 663 434 93 310
297 141 640 354 414 63 695 422 457 201 463 220 404 0 449 310 433 82 643 470 482 148 578 295 360 8 648 326 520 136 607 347 292 206 557 275 380 176 518 249 313 142 437 260 454 18 548 380 340 95
152 315 210 95 468 452 279 200 627 293 110 272 516 449 0 254 450 406 199 23 551 325 178 158 538 445 215 164 597 320 198 113 508 327 110 210 421 275 126 205 323 541 31 219 525 440 148 85 536 442
169 241 378 184 554 348 416 120 672 109 339 94 579 310 254 0 552 235 401 266 640 164 304 144 569 312 466 95 686 185 333 230 514 326 332 262 506 173 253 203 398 444 226 87 610 294 280 247 557 358
395 350 643 418 35 378 717 592 204 482 363 481 98 433 450 552 0 474 609 469 101 454 627 419 162 425 518 483 146 424 644 364 197 248 532 293 53 401 576 350 155 389 468 466 78 443 598 374 180 344
256 136 585 311 460 137 635 351 524 131 438 152 459 82 406 235 474 0 594 426 535 83 519 248 423 86 615 266 576 87 548 316 357 230 510 264 421 135 460 222 337 224 390 199 505 64 490 348 405 163
347 512 57 290 633 650 121 298 801 470 248 449 688 643 199 401 609 594 0 176 710 511 120 349 720 641 144 332 753 511 103 310 697 523 89 406 590 468 150 403 504 740 207 397 687 634 129 281 721 641
173 337 188 116 487 474 257 201 648 310 120 289 536 470 23 266 469 426 176 0 570 344 159 178 559 467 201 178 615 341 177 135 530 350 87 233 441 296 111 227 344 564 40 237 543 462 130 108 558 465
489 423 744 516 87 422 818 688 126 562 464 563 79 482 551 640 101 535 710 570 0 528 728 512 142 474 614 576 47 497 746 462 203 321 633 386 136 480 677 439 245 410 568 553 31 495 699 474 166 388
177 105 502 230 447 184 552 274 537 55 365 73 457 148 325 164 454 83 511 344 528 0 436 166 433 148 536 183 572 31 465 241 372 207 428 205 403 65 378 153 306 281 307 116 497 133 407 272 418 198
296 460 78 243 645 596 116 190 805 389 272 368 694 578 178 304 627 519 120 159 728 436 0 289 714 577 247 254 774 443 29 283 681 494 116 379 599 405 61 358 500 690 167 320 702 567 32 261 712 592
25 171 347 64 424 306 405 179 559 139 210 120 457 295 158 144 419 248 349 178 512 166 289 0 459 292 370 64 558 163 317 90 414 219 263 126 376 119 229 78 266 401 143 72 482 285 258 114 451 303
441 332 745 480 127 298 816 637 104 476 473 482 71 360 538 569 162 423 720 559 142 433 714 459 0 352 649 521 169 403 736 433 68 243 635 341 144 398 657 381 216 271 548 485 124 375 683 453 24 265
294 136 638 351 406 55 693 422 450 203 458 221 396 8 445 312 425 86 641 467 474 148 577 292 352 0 644 325 512 135 605 343 285 198 554 270 372 173 517 244 306 138 434 259 446 24 546 376 332 87
359 508 201 307 546 641 263 387 719 507 192 487 606 648 215 466 518 615 144 201 614 536 247 370 649 644 0 378 654 528 240 301 639 490 145 381 510 481 249 400 442 721 240 435 595 642 242 268 655 624
87 218 319 90 489 347 370 116 622 139 243 117 521 326 164 95 483 266 332 178 576 183 254 64 521 325 378 0 623 190 282 138 474 280 254 190 440 155 195 140 330 444 138 67 546 313 224 153 513 349
536 467 788 562 134 460 862 735 120 607 507 608 117 520 597 686 146 576 753 615 47 572 774 558 169 512 654 623 0 541 790 508 235 366 677 432 183 525 723 486 292 440 614 600 77 534 744 520 192 426
170 74 506 225 416 164 559 290 506 78 351 91 426 136 320 185 424 87 511 341 497 31 443 163 403 135 528 190 541 0 471 229 342 177 426 182 372 47 383 135 277 261 305 125 467 124 413 261 388 173
322 487 53 268 664 623 88 219 825 418 285 397 713 607 198 333 644 548 103 177 746 465 29 317 736 605 240 282 790 471 0 306 704 518 122 403 618 433 89 384 521 717 190 349 720 595 59 283 734 619
68 209 322 56 376 344 390 233 527 224 124 207 418 347 113 230 364 316 310 135 462 241 283 90 433 343 301 138 508 229 306 0 399 214 221 98 327 181 224 99 222 431 116 161 433 341 251 33 429 332
397 274 718 442 165 230 788 590 167 417 455 424 125 292 508 514 197 357 697 530 203 372 681 414 68 285 639 474 235 342 704 399 0 194 610 303 161 341 623 336 197 206 515 432 180 307 650 423 47 198
204 102 537 251 239 169 604 396 345 241 298 243 254 206 327 326 248 230 523 350 321 207 494 219 243 198 490 280 366 177 518 214 194 0 434 117 196 159 434 142 109 233 329 242 291 211 462 243 233 143
260 424 112 203 553 562 185 244 719 391 169 369 606 557 110 332 532 510 89 87 633 428 116 263 635 554 145 254 677 426 122 221 610 434 0 317 509 382 104 314 419 651 121 317 608 548 102 192 635 552
104 135 420 140 298 260 488 303 438 211 191 203 333 275 210 262 293 264 406 233 386 205 379 126 341 270 381 190 432 182 403 98 303 117 317 0 250 140 320 61 140 340 213 177 356 273 347 126 335 243
353 298 621 380 49 327 694 552 211 432 342 431 98 380 421 506 53 421 590 441 136 403 599 376 144 372 510 440 183 372 618 327 161 196 509 250 0 350 546 304 109 342 436 419 107 390 569 341 156 293
123 68 465 180 396 192 521 264 501 82 304 84 414 176 275 173 401 135 468 296 480 65 405 119 398 173 481 155 525 47 433 181 341 159 382 140 350 0 344 89 249 289 261 97 450 166 374 214 385 194
235 399 126 183 593 535 177 148 750 332 230 310 639 518 126 253 576 460 150 111 677 378 61 229 657 517 249 195 723 383 89 224 623 434 104 320 546 344 0 297 444 629 110 262 650 507 30 205 654 531
63 110 408 116 352 247 471 256 482 152 217 142 382 249 205 203 350 222 403 227 439 153 358 78 381 244 400 140 486 135 384 99 336 142 314 61 304 89 297 0 195 337 199 117 409 243 326 132 373 238
244 205 529 274 158 271 601 443 305 330 259 327 196 313 323 398 155 337 504 344 245 306 500 266 216 306 442 330 292 277 521 222 197 109 419 140 109 249 444 195 0 316 335 311 216 319 469 239 217 240
396 230 745 452 362 97 805 550 354 335 529 351 331 142 541 444 389 224 740 564 410 281 690 401 271 138 721 444 440 261 717 431 206 233 651 340 342 289 629 337 316 0 535 383 386 160 659 462 247 99
141 307 210 83 483 444 275 169 640 272 139 251 529 437 31 226 468 390 207 40 568 307 167 143 548 434 240 138 614 305 190 116 515 329 121 213 436 261 110 199 335 535 0 198 541 427 135 95 545 437
94 164 386 130 467 286 436 167 587 74 281 53 493 260 219 87 466 199 397 237 553 116 320 72 485 259 435 67 600 125 349 161 432 242 317 177 419 97 262 117 311 383 198 0 523 247 291 186 473 290
459 392 720 487 58 395 794 658 131 531 439 532 55 454 525 610 78 505 687 543 31 497 702 482 124 446 595 546 77 467 720 433 180 291 608 356 107 450 650 409 216 386 541 523 0 466 672 446 147 360
289 138 629 346 425 79 683 407 473 186 459 206 417 18 440 294 443 64 634 462 495 133 567 285 375 24 642 313 534 124 595 341 307 211 548 273 390 166 507 243 319 160 427 247 466 0 536 374 355 110
264 428 98 211 616 564 147 170 774 361 246 339 663 548 148 280 598 490 129 130 699 407 32 258 683 546 242 224 744 413 59 251 650 462 102 347 569 374 30 326 469 659 135 291 672 536 0 230 680 561
96 241 296 63 388 377 365 234 545 252 96 234 434 380 85 247 374 348 281 108 474 272 261 114 453 376 268 153 520 261 283 33 423 243 192 126 341 214 205 132 239 462 95 186 446 374 230 0 451 364
433 318 745 475 145 277 815 629 120 462 475 468 93 340 536 557 180 405 721 558 166 418 712 451 24 332 655 513 192 388 734 429 47 233 635 335 156 385 654 373 217 247 545 473 147 355 680 451 0 245
297 132 646 354 323 35 707 458 363 251 433 264 310 95 442 358 344 163 641 465 388 198 592 303 265 87 624 349 426 173 619 332 198 143 552 243 293 194 531 238 240 99 437 290 360 110 561 364 245 0
