# TTSP Euclidean complete-graph matrix instance
# seed: 1025
# depot: 1
# L_max is not stored in this file; pass it with --budget when running algorithms.
# coordinate rows: node x y
# coord 1 209.843673 44.333892
# coord 2 344.697997 229.194162
# coord 3 676.850634 384.094892
# coord 4 316.024449 899.441543
# coord 5 135.700529 293.892061
# coord 6 69.533182 99.676001
# coord 7 561.679450 206.728443
# coord 8 562.896137 299.810214
# coord 9 700.835169 113.216548
# coord 10 517.078638 7.005040
# reference_nearest_neighbor_tour_cost: 3289
TTSP_MATRIX
10
0 35 100 5 8 44 23 88 97 42
0 229 578 862 260 151 388 436 496 309
229 0 366 671 219 304 218 229 375 281
578 366 0 629 549 671 211 142 272 410
862 671 629 0 632 837 735 648 875 915
260 219 549 632 0 205 435 427 593 477
151 304 671 837 205 0 504 532 631 457
388 218 211 735 435 504 0 93 168 205
436 229 142 648 427 532 93 0 232 296
496 375 272 875 593 631 168 232 0 212
309 281 410 915 477 457 205 296 212 0
