# TTSP Euclidean complete-graph matrix instance
# seed: 1055
# depot: 1
# L_max is not stored in this file; pass it with --budget when running algorithms.
# coordinate rows: node x y
# coord 1 86.301931 348.117567
# coord 2 568.781537 207.749526
# coord 3 441.645047 755.463293
# coord 4 807.186584 721.889754
# coord 5 422.782623 590.424458
# coord 6 663.362982 741.924395
# coord 7 525.602154 630.686888
# coord 8 896.859225 187.482181
# coord 9 771.474502 140.558466
# coord 10 355.303436 999.175785
# reference_nearest_neighbor_tour_cost: 3566
TTSP_MATRIX
10
0 59 97 47 49 94 97 15 56 93
0 502 541 812 415 699 522 826 716 704
502 0 562 567 410 542 425 329 214 820
541 562 0 367 166 222 150 728 698 259
812 567 367 0 406 145 296 542 582 530
415 410 166 406 0 284 110 622 569 414
699 542 222 145 284 0 177 602 611 401
522 425 150 296 110 177 0 578 548 406
826 329 728 542 622 602 578 0 134 976
716 214 698 582 569 611 548 134 0 954
704 820 259 530 414 401 406 976 954 0
