# TTSP Euclidean complete-graph matrix instance
# seed: 1080
# depot: 1
# L_max is not stored in this file; pass it with --budget when running algorithms.
# coordinate rows: node x y
# coord 1 795.936372 808.175136
# coord 2 879.373118 271.794275
# coord 3 139.309417 195.371422
# coord 4 315.173662 369.178692
# coord 5 95.367090 976.118222
# coord 6 245.813841 304.083433
# coord 7 537.315237 276.956646
# coord 8 424.805670 555.654414
# coord 9 656.269677 43.842854
# coord 10 577.504460 973.990721
# reference_nearest_neighbor_tour_cost: 3943
TTSP_MATRIX
10
0 95 29 78 79 72 70 69 88 10
0 543 898 651 720 746 591 449 777 274
543 0 744 573 1054 634 342 536 319 764
898 744 0 247 782 152 406 460 539 893
651 573 247 0 646 95 241 216 471 659
720 1054 782 646 0 689 827 534 1088 482
746 634 152 95 689 0 293 309 486 748
591 342 406 241 827 293 0 301 262 698
449 536 460 216 534 309 301 0 562 445
777 319 539 471 1088 486 262 562 0 933
274 764 893 659 482 748 698 445 933 0
