# TTSP Euclidean complete-graph matrix instance
# seed: 1089
# depot: 1
# L_max is not stored in this file; pass it with --budget when running algorithms.
# coordinate rows: node x y
# coord 1 312.591068 461.767208
# coord 2 607.425484 997.455764
# coord 3 342.001894 52.230722
# coord 4 928.734199 866.315567
# coord 5 717.821703 901.737243
# coord 6 56.233492 42.056909
# coord 7 704.488259 184.311209
# coord 8 652.442683 50.400102
# coord 9 11.156872 58.682940
# coord 10 960.488850 676.598887
# reference_nearest_neighbor_tour_cost: 3248
TTSP_MATRIX
10
0 87 15 88 5 99 32 64 15 8
0 611 411 737 598 492 480 534 503 683
611 0 982 347 146 1103 819 948 1112 477
411 982 0 1003 929 286 386 310 331 879
737 347 1003 0 214 1200 718 861 1222 192
598 146 929 214 0 1085 718 854 1100 331
492 1103 286 1200 1085 0 664 596 48 1105
480 819 386 718 718 664 0 144 705 555
534 948 310 861 854 596 144 0 641 698
503 1112 331 1222 1100 48 705 641 0 1133
683 477 879 192 331 1105 555 698 1133 0
