# TTSP Euclidean complete-graph matrix instance
# seed: 1060
# depot: 1
# L_max is not stored in this file; pass it with --budget when running algorithms.
# coordinate rows: node x y
# coord 1 244.897546 16.661115
# coord 2 655.885114 137.783365
# coord 3 859.173239 801.836331
# coord 4 162.202014 293.993346
# coord 5 110.305208 713.726408
# coord 6 522.580877 333.879955
# coord 7 706.324511 542.146261
# coord 8 217.605733 824.815643
# coord 9 226.203716 36.502465
# coord 10 484.795279 148.155180
# reference_nearest_neighbor_tour_cost: 3139
TTSP_MATRIX
10
0 49 91 39 43 48 66 86 80 39
0 428 997 289 710 422 699 809 27 274
428 0 694 518 793 237 407 815 441 171
997 694 0 862 754 576 301 642 993 753
289 518 862 0 423 363 598 534 265 354
710 793 754 423 0 561 620 154 687 678
422 237 576 363 561 0 278 578 420 190
699 407 301 598 620 278 0 565 697 452
809 815 642 534 154 578 565 0 788 728
27 441 993 265 687 420 697 788 0 282
274 171 753 354 678 190 452 728 282 0
