# TTSP Euclidean complete-graph matrix instance
# seed: 1020
# depot: 1
# L_max is not stored in this file; pass it with --budget when running algorithms.
# coordinate rows: node x y
# coord 1 112.699613 462.150200
# coord 2 405.431610 179.652537
# coord 3 780.383149 601.283955
# coord 4 364.593218 521.044973
# coord 5 275.753073 307.028919
# coord 6 409.497254 448.660241
# coord 7 45.276341 744.520161
# coord 8 184.168267 586.086159
# coord 9 124.677480 153.280120
# coord 10 781.236719 524.506801
# reference_nearest_neighbor_tour_cost: 3173
TTSP_MATRIX
10
0 81 63 1 50 51 29 23 37 15
0 407 682 259 225 297 290 143 309 671
407 0 564 344 182 269 670 463 282 510
682 564 0 423 584 401 749 596 794 77
259 344 423 0 232 85 390 192 439 417
225 182 584 232 0 195 494 294 216 550
297 269 401 85 195 0 469 264 410 379
290 670 749 390 494 469 0 211 597 768
143 463 596 192 294 264 211 0 437 600
309 282 794 439 216 410 597 437 0 754
671 510 77 417 550 379 768 600 754 0
