# TTSP Euclidean complete-graph matrix instance
# seed: 1010
# depot: 1
# L_max is not stored in this file; pass it with --budget when running algorithms.
# coordinate rows: node x y
# coord 1 671.005477 856.553531
# coord 2 246.981237 83.175901
# coord 3 434.248555 164.338493
# coord 4 436.751015 728.839888
# coord 5 204.320588 833.959190
# coord 6 509.891366 505.400400
# coord 7 996.682802 575.551135
# coord 8 146.141577 477.556799
# coord 9 770.544944 368.348953
# coord 10 76.386944 527.541507
# reference_nearest_neighbor_tour_cost: 3296
TTSP_MATRIX
10
0 71 96 37 96 91 19 19 65 23
0 882 732 267 467 386 430 647 498 680
882 0 204 673 752 497 897 407 596 476
732 204 0 565 708 349 697 426 393 510
267 673 565 0 255 235 581 384 491 413
467 752 708 255 0 449 833 361 733 332
386 497 349 235 449 0 492 365 294 434
430 897 697 581 833 492 0 856 307 922
647 407 426 384 361 365 856 0 634 86
498 596 393 491 733 294 307 634 0 712
680 476 510 413 332 434 922 86 712 0
