# TTSP Euclidean complete-graph matrix instance
# seed: 1072
# depot: 1
# L_max is not stored in this file; pass it with --budget when running algorithms.
# coordinate rows: node x y
# coord 1 814.976833 494.528174
# coord 2 389.723785 599.965123
# coord 3 403.747866 207.480861
# coord 4 91.309961 161.592148
# coord 5 69.130770 422.189062
# coord 6 600.960335 617.413338
# coord 7 615.099866 850.349402
# coord 8 145.440104 256.581291
# coord 9 441.785499 977.464432
# coord 10 457.227370 375.974293
# reference_nearest_neighbor_tour_cost: 2796
TTSP_MATRIX
10
0 84 63 57 73 63 88 26 32 41
0 438 502 797 749 247 408 711 610 377
438 0 393 530 367 212 337 421 381 234
502 393 0 316 398 455 677 263 771 177
797 530 316 0 262 684 865 109 888 424
749 367 398 262 0 567 694 182 669 391
247 212 455 684 567 0 233 581 394 281
408 337 677 865 694 233 0 757 215 500
711 421 263 109 182 581 757 0 779 334
610 381 771 888 669 394 215 779 0 602
377 234 177 424 391 281 500 334 602 0
