# TTSP Euclidean complete-graph matrix instance
# seed: 1047
# depot: 1
# L_max is not stored in this file; pass it with --budget when running algorithms.
# coordinate rows: node x y
# coord 1 78.973340 375.075037
# coord 2 463.172416 469.552049
# coord 3 363.779102 248.785467
# coord 4 836.483397 65.426626
# coord 5 543.516523 73.645135
# coord 6 610.794569 449.247000
# coord 7 641.902672 95.479685
# coord 8 724.403539 186.125483
# coord 9 541.385514 274.113575
# coord 10 404.358873 946.600493
# reference_nearest_neighbor_tour_cost: 3369
TTSP_MATRIX
10
0 43 25 10 73 40 62 22 79 44
0 396 312 818 554 537 629 673 473 658
396 0 242 550 404 149 415 385 211 481
312 242 0 507 251 318 318 366 179 699
818 550 507 0 293 445 197 165 361 981
554 404 251 293 0 382 101 213 200 884
537 149 318 445 382 0 355 287 188 538
629 415 318 197 101 355 0 123 205 884
673 385 366 165 213 287 123 0 203 825
473 211 179 361 200 188 205 203 0 686
658 481 699 981 884 538 884 825 686 0
