# TTSP Euclidean complete-graph matrix instance
# seed: 1029
# depot: 1
# L_max is not stored in this file; pass it with --budget when running algorithms.
# coordinate rows: node x y
# coord 1 604.437205 702.359957
# coord 2 524.903820 746.292416
# coord 3 559.829019 857.905168
# coord 4 796.289052 884.280138
# coord 5 257.386355 377.440917
# coord 6 840.548113 942.012281
# coord 7 274.041313 273.012619
# coord 8 666.105602 481.235566
# coord 9 506.454903 965.972250
# coord 10 990.575613 876.127522
# reference_nearest_neighbor_tour_cost: 2448
TTSP_MATRIX
10
0 26 1 89 33 3 90 1 44 18
0 91 162 264 475 336 542 230 281 423
91 0 117 304 456 371 536 300 220 483
162 117 0 238 568 293 651 391 121 431
264 304 238 0 740 73 804 424 301 194
475 456 568 740 0 812 106 422 639 887
336 371 293 73 812 0 877 493 335 164
542 536 651 804 106 877 0 444 731 937
230 300 391 424 422 493 444 0 510 511
281 220 121 301 639 335 731 510 0 492
423 483 431 194 887 164 937 511 492 0
