# TTSP Euclidean complete-graph matrix instance
# seed: 1041
# depot: 1
# L_max is not stored in this file; pass it with --budget when running algorithms.
# coordinate rows: node x y
# coord 1 443.148398 453.153598
# coord 2 9.097734 772.095428
# coord 3 206.881163 77.463252
# coord 4 387.952958 918.214319
# coord 5 825.970493 520.720742
# coord 6 951.327966 801.352845
# coord 7 456.728745 223.449171
# coord 8 462.590915 678.615231
# coord 9 109.624851 970.132243
# coord 10 825.612006 700.486750
# reference_nearest_neighbor_tour_cost: 3697
TTSP_MATRIX
10
0 82 73 73 84 82 25 75 7 36
0 539 444 468 389 616 230 226 615 455
539 0 722 406 855 943 708 463 222 820
444 722 0 860 761 1038 289 653 898 878
468 406 860 0 591 575 698 251 283 489
389 855 761 591 0 307 474 396 846 180
616 943 1038 575 307 0 761 504 858 161
230 708 289 698 474 761 0 455 823 603
226 463 653 251 396 504 455 0 458 364
615 222 898 283 846 858 823 458 0 765
455 820 878 489 180 161 603 364 765 0
