# TTSP Euclidean complete-graph matrix instance
# seed: 1003
# depot: 1
# L_max is not stored in this file; pass it with --budget when running algorithms.
# coordinate rows: node x y
# coord 1 497.341421 359.990457
# coord 2 722.061757 446.721267
# coord 3 453.359652 25.925679
# coord 4 334.900894 475.544024
# coord 5 451.323565 87.889745
# coord 6 295.096717 338.632342
# coord 7 902.095903 717.347374
# coord 8 898.615917 32.997166
# coord 9 228.468215 538.147066
# coord 10 61.275105 229.355661
# reference_nearest_neighbor_tour_cost: 3027
TTSP_MATRIX
10
0 72 71 1 18 51 44 5 70 31
0 241 337 199 276 203 540 518 323 455
241 0 499 388 450 440 325 450 502 696
337 499 0 465 62 350 824 445 559 442
199 388 465 0 405 143 617 717 123 368
276 450 62 405 0 295 774 451 502 415
203 440 350 143 295 0 715 676 210 258
540 325 824 617 774 715 0 684 697 972
518 450 445 717 451 676 684 0 839 860
323 502 559 123 502 210 697 839 0 351
455 696 442 368 415 258 972 860 351 0
