# TTSP Euclidean complete-graph matrix instance
# seed: 1090
# depot: 1
# L_max is not stored in this file; pass it with --budget when running algorithms.
# coordinate rows: node x y
# coord 1 452.889540 392.491299
# coord 2 682.840602 937.173524
# coord 3 729.807404 93.708422
# coord 4 31.370249 345.007712
# coord 5 681.138172 308.095133
# coord 6 841.025737 111.858419
# coord 7 461.329479 525.517098
# coord 8 613.403779 313.737554
# coord 9 196.062266 605.870056
# coord 10 170.847954 26.784679
# reference_nearest_neighbor_tour_cost: 3307
TTSP_MATRIX
10
0 98 12 37 92 75 47 12 16 20
0 591 407 424 243 479 133 179 334 462
591 0 845 880 629 840 467 627 589 1044
407 845 0 742 220 113 508 249 740 563
424 880 742 0 651 843 466 583 309 347
243 629 220 651 0 253 309 68 569 583
479 840 113 843 253 0 562 304 812 676
133 467 508 466 309 562 0 261 277 577
179 627 249 583 68 304 261 0 509 527
334 589 740 309 569 812 277 509 0 580
462 1044 563 347 583 676 577 527 580 0
