# TTSP Euclidean complete-graph matrix instance
# seed: 1031
# depot: 1
# L_max is not stored in this file; pass it with --budget when running algorithms.
# coordinate rows: node x y
# coord 1 700.909067 550.978259
# coord 2 968.777761 847.799793
# coord 3 314.018289 46.028002
# coord 4 808.232314 373.037991
# coord 5 826.205976 276.097867
# coord 6 785.635482 455.232816
# coord 7 975.037686 54.942850
# coord 8 920.179553 185.433909
# coord 9 948.567188 182.618880
# coord 10 576.591744 698.140678
# reference_nearest_neighbor_tour_cost: 2786
TTSP_MATRIX
10
0 5 74 92 97 97 27 89 2 79
0 400 636 208 302 128 567 426 444 193
400 0 1035 501 589 433 793 664 665 420
636 1035 0 593 561 624 661 622 649 703
208 501 593 0 99 85 359 218 237 399
302 589 561 99 0 184 267 131 154 490
128 433 624 85 184 0 443 301 318 320
567 793 661 359 267 443 0 142 130 757
426 664 622 218 131 301 142 0 29 617
444 665 649 237 154 318 130 29 0 636
193 420 703 399 490 320 757 617 636 0
