# TTSP Euclidean complete-graph matrix instance
# seed: 1063
# depot: 1
# L_max is not stored in this file; pass it with --budget when running algorithms.
# coordinate rows: node x y
# coord 1 199.106232 983.910983
# coord 2 541.501268 860.297683
# coord 3 752.045911 818.727639
# coord 4 565.614154 857.176451
# coord 5 236.325060 367.977466
# coord 6 322.963123 989.477140
# coord 7 744.296762 343.800620
# coord 8 560.499295 725.569194
# coord 9 716.054403 876.008667
# coord 10 836.182730 928.080111
# reference_nearest_neighbor_tour_cost: 2663
TTSP_MATRIX
10
0 64 64 39 89 91 45 72 56 26
0 364 577 388 617 124 841 444 528 640
364 0 215 24 579 254 555 136 175 302
577 215 0 190 685 462 475 213 68 138
388 24 190 0 590 276 544 132 152 280
617 579 685 590 0 628 509 483 699 821
124 254 462 276 628 0 771 355 409 517
841 555 475 544 509 771 0 424 533 591
444 136 213 132 483 355 424 0 216 342
528 175 68 152 699 409 533 216 0 131
640 302 138 280 821 517 591 342 131 0
