# TTSP Euclidean complete-graph matrix instance
# seed: 1044
# depot: 1
# L_max is not stored in this file; pass it with --budget when running algorithms.
# coordinate rows: node x y
# coord 1 797.895761 356.882225
# coord 2 753.149180 446.317805
# coord 3 743.626450 798.180506
# coord 4 871.717656 689.158567
# coord 5 994.855658 551.245773
# coord 6 493.135136 24.384432
# coord 7 892.226025 329.231723
# coord 8 51.311258 185.422318
# coord 9 408.263763 283.157454
# coord 10 692.689549 286.521671
# reference_nearest_neighbor_tour_cost: 3032
TTSP_MATRIX
10
0 57 25 22 26 30 84 88 79 32
0 100 445 340 277 451 98 766 397 127
100 0 352 270 263 496 182 749 382 171
445 352 0 168 352 813 492 925 615 514
340 270 168 0 185 765 361 963 616 441
277 263 352 185 0 728 245 1012 645 402
451 496 813 765 728 0 502 470 272 329
98 182 492 361 245 502 0 853 486 204
766 749 925 963 1012 470 853 0 370 649
397 382 615 616 645 272 486 370 0 284
127 171 514 441 402 329 204 649 284 0
