# TTSP Euclidean complete-graph matrix instance
# seed: 1094
# depot: 1
# L_max is not stored in this file; pass it with --budget when running algorithms.
# coordinate rows: node x y
# coord 1 543.349868 648.051482
# coord 2 367.308949 477.920995
# coord 3 917.408977 319.056746
# coord 4 391.248956 779.811941
# coord 5 977.046947 497.566459
# coord 6 289.777031 518.036832
# coord 7 479.324746 171.966439
# coord 8 730.798388 314.711920
# coord 9 106.139412 316.616060
# coord 10 171.644321 925.613956
# reference_nearest_neighbor_tour_cost: 2806
TTSP_MATRIX
10
0 84 4 87 10 9 87 40 6 23
0 245 498 201 459 285 480 382 549 464
245 0 573 303 610 87 326 398 307 489
498 573 0 699 188 658 462 187 811 961
201 303 699 0 650 281 614 576 544 264
459 610 188 650 0 688 595 307 890 912
285 87 658 281 688 0 395 486 273 424
480 326 462 614 595 395 0 289 400 814
382 398 187 576 307 486 289 0 625 828
549 307 811 544 890 273 400 625 0 613
464 489 961 264 912 424 814 828 613 0
