# TTSP Euclidean complete-graph matrix instance
# seed: 1012
# depot: 1
# L_max is not stored in this file; pass it with --budget when running algorithms.
# coordinate rows: node x y
# coord 1 338.476026 144.816394
# coord 2 208.232109 29.780510
# coord 3 256.390979 850.487057
# coord 4 533.191179 198.394549
# coord 5 152.871344 415.453173
# coord 6 399.488214 920.122520
# coord 7 477.076893 891.395831
# coord 8 956.874157 484.024001
# coord 9 360.575794 166.205899
# coord 10 613.233152 884.189470
# reference_nearest_neighbor_tour_cost: 3020
TTSP_MATRIX
10
0 72 17 62 82 70 37 29 14 94
0 174 710 202 328 778 759 705 31 789
174 0 822 366 390 911 903 876 205 946
710 822 0 708 447 159 224 791 692 358
202 366 708 0 438 734 695 511 176 690
328 390 447 438 0 562 576 807 324 657
778 911 159 734 562 0 83 708 755 217
759 903 224 695 576 83 0 629 734 136
705 876 791 511 807 708 629 0 676 527
31 205 692 176 324 755 734 676 0 761
789 946 358 690 657 217 136 527 761 0
