# TTSP Euclidean complete-graph matrix instance
# seed: 1059
# depot: 1
# L_max is not stored in this file; pass it with --budget when running algorithms.
# coordinate rows: node x y
# coord 1 41.611017 597.969034
# coord 2 239.661474 912.468068
# coord 3 417.852131 698.081550
# coord 4 806.449866 793.665851
# coord 5 106.410986 677.482312
# coord 6 58.750388 954.430699
# coord 7 926.835243 523.734210
# coord 8 192.092935 380.642708
# coord 9 741.547348 194.375100
# coord 10 88.404338 590.979163
# reference_nearest_neighbor_tour_cost: 3465
TTSP_MATRIX
10
0 91 47 60 35 58 96 9 51 91
0 372 389 789 103 357 888 264 808 47
372 0 279 579 270 186 790 534 876 355
389 279 0 400 312 441 538 390 599 346
789 579 400 0 710 765 296 740 603 746
103 270 312 710 0 281 835 309 798 88
357 186 441 765 281 0 969 589 1022 365
888 790 538 296 835 969 0 749 378 841
264 534 390 740 309 589 749 0 580 235
808 876 599 603 798 1022 378 580 0 764
47 355 346 746 88 365 841 235 764 0
