# TTSP Euclidean complete-graph matrix instance
# seed: 1015
# depot: 1
# L_max is not stored in this file; pass it with --budget when running algorithms.
# coordinate rows: node x y
# coord 1 103.760203 300.945974
# coord 2 934.386976 486.606512
# coord 3 718.616298 760.092003
# coord 4 401.474202 436.430861
# coord 5 662.811643 306.538317
# coord 6 734.289146 623.533396
# coord 7 9.504248 906.674823
# coord 8 109.770878 412.242813
# coord 9 495.572253 411.362525
# coord 10 330.085372 645.150183
# reference_nearest_neighbor_tour_cost: 3160
TTSP_MATRIX
10
0 30 92 30 39 6 30 79 49 76
0 851 767 327 559 708 613 111 407 412
851 0 348 535 326 242 1016 828 445 625
767 348 0 453 457 137 724 701 414 405
327 535 453 0 292 382 612 293 97 221
559 326 457 292 0 325 887 563 197 475
708 242 137 382 325 0 778 659 319 405
613 1016 724 612 887 778 0 504 694 414
111 828 701 293 563 659 504 0 386 321
407 445 414 97 197 319 694 386 0 286
412 625 405 221 475 405 414 321 286 0
