# TTSP Euclidean complete-graph matrix instance
# seed: 1096
# depot: 1
# L_max is not stored in this file; pass it with --budget when running algorithms.
# coordinate rows: node x y
# coord 1 633.071113 924.353077
# coord 2 121.280725 476.682935
# coord 3 83.370159 270.074591
# coord 4 407.314610 155.106130
# coord 5 502.572154 899.624267
# coord 6 685.207830 89.459907
# coord 7 958.906667 439.956309
# coord 8 94.064081 103.398238
# coord 9 656.058282 39.798940
# coord 10 541.252180 650.800908
# reference_nearest_neighbor_tour_cost: 2895
TTSP_MATRIX
10
0 41 16 93 91 64 73 32 64 100
0 680 855 802 133 837 584 982 885 289
680 0 210 430 569 684 838 374 691 455
855 210 0 344 756 628 892 167 617 595
802 430 344 0 751 286 621 317 274 513
133 569 756 751 0 830 648 895 873 252
837 684 628 286 830 0 445 591 58 580
584 838 892 621 648 445 0 928 502 468
982 374 167 317 895 591 928 0 566 707
885 691 617 274 873 58 502 566 0 622
289 455 595 513 252 580 468 707 622 0
