# TTSP Euclidean complete-graph matrix instance
# seed: 1085
# depot: 1
# L_max is not stored in this file; pass it with --budget when running algorithms.
# coordinate rows: node x y
# coord 1 643.399840 683.077677
# coord 2 654.954112 686.118376
# coord 3 928.121385 987.781169
# coord 4 569.144451 101.352784
# coord 5 155.460805 78.978137
# coord 6 1.567962 431.850205
# coord 7 446.950016 235.906334
# coord 8 118.941156 719.709349
# coord 9 247.260323 173.595527
# coord 10 739.893706 443.576222
# reference_nearest_neighbor_tour_cost: 3237
TTSP_MATRIX
10
0 99 38 75 21 9 11 77 21 58
0 12 417 586 777 689 488 526 645 258
12 0 407 591 786 701 496 537 655 257
417 407 0 956 1193 1081 893 852 1061 576
586 591 956 0 414 657 182 765 330 382
777 786 1193 414 0 385 331 642 132 689
689 701 1081 657 385 0 487 311 356 738
488 496 893 182 331 487 0 585 209 359
526 537 852 765 642 311 585 0 561 680
645 655 1061 330 132 356 209 561 0 562
258 257 576 382 689 738 359 680 562 0
