# TTSP Euclidean complete-graph matrix instance
# seed: 1036
# depot: 1
# L_max is not stored in this file; pass it with --budget when running algorithms.
# coordinate rows: node x y
# coord 1 415.912566 730.883894
# coord 2 866.870002 719.562687
# coord 3 38.375363 367.050390
# coord 4 141.388915 355.827319
# coord 5 620.366892 105.073225
# coord 6 513.269367 800.281513
# coord 7 252.123348 919.286654
# coord 8 781.303860 956.568894
# coord 9 580.638544 850.919210
# coord 10 62.922986 299.537016
# reference_nearest_neighbor_tour_cost: 3368
TTSP_MATRIX
10
0 48 28 34 42 20 42 2 4 16
0 451 524 465 658 120 250 429 204 557
451 0 900 812 662 363 646 252 315 907
524 900 0 104 638 643 592 948 727 72
465 812 104 0 541 580 574 878 662 97
658 662 638 541 0 703 894 867 747 590
120 363 643 580 703 0 287 310 84 673
250 646 592 574 894 287 0 530 336 648
429 252 948 878 867 310 530 0 227 974
204 315 727 662 747 84 336 227 0 756
557 907 72 97 590 673 648 974 756 0
