# TTSP Euclidean complete-graph matrix instance
# seed: 1076
# depot: 1
# L_max is not stored in this file; pass it with --budget when running algorithms.
# coordinate rows: node x y
# coord 1 356.934318 32.334182
# coord 2 632.486723 840.513249
# coord 3 253.837429 629.908684
# coord 4 779.741492 816.396704
# coord 5 986.951978 949.365307
# coord 6 697.276857 760.609077
# coord 7 87.923276 308.798796
# coord 8 347.347872 27.747172
# coord 9 595.885881 113.729508
# coord 10 871.204429 352.570643
# reference_nearest_neighbor_tour_cost: 3249
TTSP_MATRIX
10
0 3 26 38 77 3 91 69 98 89
0 854 606 891 1113 804 386 11 252 606
854 0 433 149 371 103 761 861 728 543
606 433 0 558 800 462 361 609 619 677
891 149 558 0 246 100 858 899 726 473
1113 371 800 246 0 346 1104 1122 923 608
804 103 462 100 346 0 759 812 655 444
386 761 361 858 1104 759 0 382 544 785
11 861 609 899 1122 812 382 0 263 616
252 728 619 726 923 655 544 263 0 364
606 543 677 473 608 444 785 616 364 0
