# TTSP Euclidean complete-graph matrix instance
# seed: 1001
# depot: 1
# L_max is not stored in this file; pass it with --budget when running algorithms.
# coordinate rows: node x y
# coord 1 796.650968 58.626233
# coord 2 760.239774 862.703740
# coord 3 91.274035 902.492437
# coord 4 785.896057 406.679665
# coord 5 374.472645 649.026228
# coord 6 400.924666 572.110923
# coord 7 607.793062 50.723896
# coord 8 737.088009 708.486384
# coord 9 922.172453 714.939033
# coord 10 655.772497 737.107165
# reference_nearest_neighbor_tour_cost: 3462
TTSP_MATRIX
10
0 25 65 94 79 20 3 73 13 82
0 805 1100 348 726 648 189 653 668 693
805 0 670 457 441 462 826 156 219 163
1100 670 0 853 380 453 996 674 852 588
348 457 853 0 477 419 398 306 337 355
726 441 380 477 0 81 642 367 552 295
648 462 453 419 81 0 561 363 540 304
189 826 996 398 642 561 0 670 735 688
653 156 674 306 367 363 670 0 185 86
668 219 852 337 552 540 735 185 0 267
693 163 588 355 295 304 688 86 267 0
