# TTSP Euclidean complete-graph matrix instance
# seed: 1048
# depot: 1
# L_max is not stored in this file; pass it with --budget when running algorithms.
# coordinate rows: node x y
# coord 1 267.942922 160.054797
# coord 2 975.678333 658.227869
# coord 3 297.642918 392.070300
# coord 4 79.722155 400.915155
# coord 5 93.654889 13.592045
# coord 6 128.439471 642.404103
# coord 7 986.976187 916.901453
# coord 8 211.735176 751.484364
# coord 9 95.670938 52.540025
# coord 10 980.074715 991.738104
# reference_nearest_neighbor_tour_cost: 3486
TTSP_MATRIX
10
0 49 24 64 31 34 86 4 47 78
0 865 234 306 228 502 1044 594 203 1095
865 0 728 932 1092 847 259 770 1068 334
234 728 0 218 430 302 866 370 395 908
306 932 218 0 388 246 1044 375 349 1077
228 1092 430 388 0 630 1270 747 39 1320
502 847 302 246 630 0 901 137 591 920
1044 259 866 1044 1270 901 0 793 1242 75
594 770 370 375 747 137 793 0 709 805
203 1068 395 349 39 591 1242 709 0 1290
1095 334 908 1077 1320 920 75 805 1290 0
