# TTSP Euclidean complete-graph matrix instance
# seed: 1026
# depot: 1
# L_max is not stored in this file; pass it with --budget when running algorithms.
# coordinate rows: node x y
# coord 1 25.578975 473.959575
# coord 2 387.891164 264.624679
# coord 3 576.208367 415.124338
# coord 4 721.700665 320.076352
# coord 5 539.646795 525.032372
# coord 6 100.035440 626.991498
# coord 7 294.508737 904.120224
# coord 8 709.706815 720.507091
# coord 9 817.944894 1.035898
# coord 10 10.951391 668.067296
# reference_nearest_neighbor_tour_cost: 3500
TTSP_MATRIX
10
0 77 59 44 78 23 89 60 20 21
0 418 554 713 517 170 507 727 923 195
418 0 241 338 301 463 646 558 504 552
554 241 0 174 116 521 564 333 479 619
713 338 174 0 274 693 724 401 333 791
517 301 116 274 0 451 451 259 593 548
170 463 521 693 451 0 339 617 952 98
507 646 564 724 451 339 0 454 1044 369
727 558 333 401 259 617 454 0 728 701
923 504 479 333 593 952 1044 728 0 1047
195 552 619 791 548 98 369 701 1047 0
