# TTSP Euclidean complete-graph matrix instance
# seed: 1038
# depot: 1
# L_max is not stored in this file; pass it with --budget when running algorithms.
# coordinate rows: node x y
# coord 1 112.988867 254.140140
# coord 2 124.371874 489.561029
# coord 3 458.089163 468.663847
# coord 4 148.493991 41.242306
# coord 5 930.354478 265.867926
# coord 6 90.967162 837.679748
# coord 7 71.386564 631.367206
# coord 8 645.218138 913.038989
# coord 9 920.000095 998.201216
# coord 10 391.926018 471.067770
# reference_nearest_neighbor_tour_cost: 3882
TTSP_MATRIX
10
0 41 9 22 80 57 29 23 83 29
0 236 406 216 817 584 380 847 1098 353
236 0 334 449 836 350 151 671 944 268
406 334 0 528 514 521 420 482 703 66
216 449 528 0 813 799 595 1003 1229 494
817 836 514 813 0 1016 933 707 732 576
584 350 521 799 1016 0 207 559 844 474
380 151 420 595 933 207 0 639 925 358
847 671 482 1003 707 559 639 0 288 509
1098 944 703 1229 732 844 925 288 0 746
353 268 66 494 576 474 358 509 746 0
