# TTSP Euclidean complete-graph matrix instance
# seed: 1069
# depot: 1
# L_max is not stored in this file; pass it with --budget when running algorithms.
# coordinate rows: node x y
# coord 1 950.589972 718.916417
# coord 2 882.414676 592.301156
# coord 3 491.738647 63.948379
# coord 4 506.344141 951.713879
# coord 5 487.155245 429.970914
# coord 6 546.436417 54.694954
# coord 7 245.497729 40.192185
# coord 8 182.159256 429.368099
# coord 9 412.718938 624.379614
# coord 10 439.061395 355.426913
# reference_nearest_neighbor_tour_cost: 3792
TTSP_MATRIX
10
0 5 14 11 15 42 87 28 56 42
0 144 800 502 546 778 979 821 546 628
144 0 657 520 427 634 843 719 471 503
800 657 0 888 366 55 247 479 566 296
502 520 888 0 522 898 948 615 340 600
546 427 366 522 0 380 459 305 208 89
778 634 55 898 380 0 301 523 585 319
979 843 247 948 459 301 0 394 608 370
821 719 479 615 305 523 394 0 302 267
546 471 566 340 208 585 608 302 0 270
628 503 296 600 89 319 370 267 270 0
