# TTSP Euclidean complete-graph matrix instance
# seed: 1086
# depot: 1
# L_max is not stored in this file; pass it with --budget when running algorithms.
# coordinate rows: node x y
# coord 1 915.354125 852.772337
# coord 2 668.551046 323.931864
# coord 3 722.025853 940.162839
# coord 4 913.493062 567.566020
# coord 5 890.271844 891.902833
# coord 6 303.264763 560.625000
# coord 7 643.174408 451.090092
# coord 8 353.593261 37.890042
# coord 9 206.230673 467.019331
# coord 10 3.152558 631.328765
# reference_nearest_neighbor_tour_cost: 3325
TTSP_MATRIX
10
0 22 21 58 13 76 90 9 31 36
0 584 212 285 46 678 485 990 807 939
584 0 619 345 610 435 130 425 484 733
212 619 0 419 175 565 495 975 700 782
285 345 419 0 325 610 294 771 714 913
46 610 175 325 0 674 505 1009 805 925
678 435 565 610 674 0 357 525 135 308
485 130 495 294 505 357 0 505 437 665
990 425 975 771 1009 525 505 0 454 689
807 484 700 714 805 135 437 454 0 261
939 733 782 913 925 308 665 689 261 0
