# TTSP Euclidean complete-graph matrix instance
# seed: 1057
# depot: 1
# L_max is not stored in this file; pass it with --budget when running algorithms.
# coordinate rows: node x y
# coord 1 836.473793 558.784817
# coord 2 161.034036 357.899523
# coord 3 222.121583 583.843339
# coord 4 259.814411 349.480081
# coord 5 103.807985 414.136819
# coord 6 653.761264 778.485968
# coord 7 542.084013 324.415818
# coord 8 236.222973 54.616726
# coord 9 107.570395 257.001288
# coord 10 794.838321 67.930905
# reference_nearest_neighbor_tour_cost: 3406
TTSP_MATRIX
10
0 15 6 29 93 43 69 77 55 98
0 705 615 613 747 286 376 784 789 493
705 0 234 99 80 648 383 312 114 697
615 234 0 237 207 473 412 529 346 771
613 99 237 0 169 582 283 296 178 605
747 80 207 169 0 660 447 383 157 773
286 648 473 582 660 0 468 836 755 724
376 383 412 283 447 468 0 408 440 360
784 312 529 296 383 836 408 0 240 559
789 114 346 178 157 755 440 240 0 713
493 697 771 605 773 724 360 559 713 0
