# TTSP Euclidean complete-graph matrix instance
# seed: 1011
# depot: 1
# L_max is not stored in this file; pass it with --budget when running algorithms.
# coordinate rows: node x y
# coord 1 366.920779 30.768211
# coord 2 177.477916 442.124809
# coord 3 783.866932 442.673981
# coord 4 505.314769 178.409823
# coord 5 465.283578 296.610585
# coord 6 796.175038 379.857130
# coord 7 617.475532 112.924191
# coord 8 211.928480 430.070898
# coord 9 569.093521 477.490239
# coord 10 19.460577 839.231691
# reference_nearest_neighbor_tour_cost: 2997
TTSP_MATRIX
10
0 21 69 1 88 35 68 70 22 92
0 453 586 202 283 553 264 428 490 880
453 0 606 421 323 622 550 36 393 427
586 606 0 384 350 64 369 572 218 861
202 421 384 0 125 354 130 387 306 820
283 323 350 125 0 341 239 286 209 702
553 622 64 354 341 0 321 586 247 902
264 550 369 130 239 321 0 515 368 941
428 36 572 387 286 586 515 0 360 452
490 393 218 306 209 247 368 360 0 658
880 427 861 820 702 902 941 452 658 0
