# TTSP Euclidean complete-graph matrix instance
# seed: 1027
# depot: 1
# L_max is not stored in this file; pass it with --budget when running algorithms.
# coordinate rows: node x y
# coord 1 20.290778 906.471871
# coord 2 540.928482 898.262299
# coord 3 828.050092 491.476597
# coord 4 2.811327 597.360878
# coord 5 699.168991 873.188366
# coord 6 527.951880 38.623270
# coord 7 841.207299 51.005123
# coord 8 569.425336 578.137807
# coord 9 792.750679 660.378011
# coord 10 363.077244 274.706475
# reference_nearest_neighbor_tour_cost: 3363
TTSP_MATRIX
10
0 62 88 8 49 89 12 77 13 80
0 521 908 310 680 1005 1186 640 811 719
521 0 498 617 160 860 899 321 346 648
908 498 0 832 403 543 441 273 173 513
310 617 832 0 749 767 1001 567 792 484
680 160 403 749 0 852 834 322 232 686
1005 860 543 767 852 0 314 541 676 288
1186 899 441 1001 834 314 0 593 611 528
640 321 273 567 322 541 593 0 238 367
811 346 173 792 232 676 611 238 0 577
719 648 513 484 686 288 528 367 577 0
