# TTSP Euclidean complete-graph matrix instance
# seed: 1019
# depot: 1
# L_max is not stored in this file; pass it with --budget when running algorithms.
# coordinate rows: node x y
# coord 1 34.262205 214.181431
# coord 2 777.431482 446.558413
# coord 3 985.946473 992.319418
# coord 4 228.174149 791.708334
# coord 5 294.748864 376.365262
# coord 6 286.730493 225.428322
# coord 7 104.127100 652.765120
# coord 8 408.956156 184.817194
# coord 9 444.589803 809.575636
# coord 10 653.413198 473.814339
# reference_nearest_neighbor_tour_cost: 3679
TTSP_MATRIX
10
0 16 64 21 78 25 68 87 52 53
0 779 1229 609 307 253 444 376 723 671
779 0 584 649 488 538 704 452 493 127
1229 584 0 784 926 1038 945 992 571 616
609 649 784 0 421 569 186 633 217 531
307 488 926 421 0 151 336 223 458 372
253 538 1038 569 151 0 465 129 605 443
444 704 945 186 336 465 0 558 375 578
376 452 992 633 223 129 558 0 626 379
723 493 571 217 458 605 375 626 0 395
671 127 616 531 372 443 578 379 395 0
