# TTSP Euclidean complete-graph matrix instance
# seed: 1030
# depot: 1
# L_max is not stored in this file; pass it with --budget when running algorithms.
# coordinate rows: node x y
# coord 1 957.886108 425.759999
# coord 2 597.823770 655.199117
# coord 3 188.633769 948.970053
# coord 4 941.695890 510.785006
# coord 5 863.323781 753.756725
# coord 6 448.772085 142.604968
# coord 7 188.385233 894.708779
# coord 8 147.634560 12.688873
# coord 9 835.142112 300.692751
# coord 10 756.537667 363.896217
# reference_nearest_neighbor_tour_cost: 3866
TTSP_MATRIX
10
0 90 37 56 7 81 48 51 97 32
0 427 930 87 341 583 901 909 175 211
427 0 504 373 283 534 474 785 427 332
930 504 0 871 702 847 54 937 916 815
87 373 871 0 255 615 846 937 236 236
341 283 702 255 0 738 689 1030 454 404
583 534 847 615 738 0 796 328 417 379
901 474 54 846 689 796 0 883 878 778
909 785 937 937 1030 328 883 0 745 703
175 427 916 236 454 417 878 745 0 101
211 332 815 236 404 379 778 703 101 0
