# TTSP Euclidean complete-graph matrix instance
# seed: 1052
# depot: 1
# L_max is not stored in this file; pass it with --budget when running algorithms.
# coordinate rows: node x y
# coord 1 938.316100 636.970019
# coord 2 122.381786 125.725914
# coord 3 455.398658 261.199668
# coord 4 484.635064 468.532244
# coord 5 614.932741 885.890184
# coord 6 294.382251 764.942085
# coord 7 517.747695 437.368689
# coord 8 403.415234 846.455628
# coord 9 368.156499 157.255685
# coord 10 708.121181 428.854835
# reference_nearest_neighbor_tour_cost: 2560
TTSP_MATRIX
10
0 19 34 1 99 63 29 87 85 49
0 963 612 484 408 657 466 574 745 310
963 0 360 499 906 662 503 774 248 660
612 360 0 209 645 529 187 588 136 303
484 499 209 0 437 352 45 387 332 227
408 906 645 437 0 343 459 215 769 466
657 662 529 352 343 0 396 136 612 533
466 503 187 45 459 396 0 425 318 191
574 774 588 387 215 136 425 0 690 517
745 248 136 332 769 612 318 690 0 435
310 660 303 227 466 533 191 517 435 0
