# TTSP Euclidean complete-graph matrix instance
# seed: 1007
# depot: 1
# L_max is not stored in this file; pass it with --budget when running algorithms.
# coordinate rows: node x y
# coord 1 855.939389 800.483941
# coord 2 593.843350 887.009332
# coord 3 741.558170 809.767039
# coord 4 224.732410 976.181880
# coord 5 633.903877 558.028564
# coord 6 446.352650 283.364629
# coord 7 901.988042 32.685071
# coord 8 436.282522 188.515434
# coord 9 925.009025 901.234970
# coord 10 121.085604 917.401551
# reference_nearest_neighbor_tour_cost: 3968
TTSP_MATRIX
10
0 82 8 36 89 83 55 38 38 30
0 276 115 655 329 660 769 742 122 744
276 0 167 380 331 621 908 716 331 474
115 167 0 543 274 604 793 692 205 630
655 380 543 0 585 727 1161 816 704 119
329 331 274 585 0 333 590 419 450 626
660 621 604 727 333 0 520 95 782 713
769 908 793 1161 590 520 0 491 869 1180
742 716 692 816 419 95 491 0 864 794
122 331 205 704 450 782 869 864 0 804
744 474 630 119 626 713 1180 794 804 0
