# TTSP Euclidean complete-graph matrix instance
# seed: 1082
# depot: 1
# L_max is not stored in this file; pass it with --budget when running algorithms.
# coordinate rows: node x y
# coord 1 189.962893 842.588459
# coord 2 537.157566 714.124765
# coord 3 278.142942 273.342237
# coord 4 869.176955 752.373606
# coord 5 463.681660 135.885692
# coord 6 5.212910 162.052963
# coord 7 710.848127 886.451938
# coord 8 686.488788 260.618049
# coord 9 88.111454 659.913429
# coord 10 617.766025 347.062344
# reference_nearest_neighbor_tour_cost: 3815
TTSP_MATRIX
10
0 42 6 83 26 76 98 39 74 5
0 370 576 685 758 705 523 765 209 655
370 0 511 334 583 767 245 477 452 376
576 511 0 761 231 295 750 409 431 348
685 334 761 0 738 1046 207 525 787 477
758 583 231 738 0 459 790 255 645 261
705 767 295 1046 459 0 1011 688 505 640
523 245 750 207 790 1011 0 626 663 547
765 477 409 525 255 688 626 0 719 110
209 452 431 787 645 505 663 719 0 615
655 376 348 477 261 640 547 110 615 0
