# TTSP Euclidean complete-graph matrix instance
# seed: 1070
# depot: 1
# L_max is not stored in this file; pass it with --budget when running algorithms.
# coordinate rows: node x y
# coord 1 347.506387 90.079594
# coord 2 14.040259 343.494877
# coord 3 852.194877 198.196675
# coord 4 63.409583 507.747169
# coord 5 261.566017 409.956598
# coord 6 948.227987 480.190910
# coord 7 512.026213 545.202418
# coord 8 868.310710 753.834890
# coord 9 912.986307 70.303127
# coord 10 129.410459 610.541441
# reference_nearest_neighbor_tour_cost: 3206
TTSP_MATRIX
10
0 96 50 13 71 61 92 84 10 84
0 419 516 505 331 716 484 844 566 564
419 0 851 172 256 944 537 948 940 291
516 851 0 847 627 298 486 556 142 832
505 172 847 0 221 885 450 842 956 122
331 256 627 221 0 690 285 697 735 240
716 944 298 885 690 0 441 285 411 829
484 537 486 450 285 441 0 413 622 388
844 948 556 842 697 285 413 0 685 753
566 940 142 956 735 411 622 685 0 952
564 291 832 122 240 829 388 753 952 0
