# TTSP Euclidean complete-graph matrix instance
# seed: 1000
# depot: 1
# L_max is not stored in this file; pass it with --budget when running algorithms.
# coordinate rows: node x y
# coord 1 777.356643 669.825560
# coord 2 99.139604 352.970511
# coord 3 467.907743 534.683741
# coord 4 978.309061 130.315350
# coord 5 671.243468 364.229416
# coord 6 488.835707 203.012211
# coord 7 666.198376 227.663031
# coord 8 458.064058 40.722398
# coord 9 974.289795 487.476074
# coord 10 461.613864 714.147156
# reference_nearest_neighbor_tour_cost: 3499
TTSP_MATRIX
10
0 54 89 26 3 98 69 60 92 99
0 749 338 576 323 549 456 705 268 319
749 0 411 907 572 418 581 476 885 512
338 411 0 651 265 332 365 494 509 180
576 907 651 0 386 495 327 528 357 780
323 572 265 386 0 243 137 387 327 408
549 418 332 495 243 0 179 165 563 512
456 581 365 327 137 179 0 280 403 528
705 476 494 528 387 165 280 0 683 673
268 885 509 357 327 563 403 683 0 561
319 512 180 780 408 512 528 673 561 0
