# TTSP Euclidean complete-graph matrix instance
# seed: 1054
# depot: 1
# L_max is not stored in this file; pass it with --budget when running algorithms.
# coordinate rows: node x y
# coord 1 124.402721 840.533464
# coord 2 3.024711 594.692860
# coord 3 673.227744 172.158408
# coord 4 856.767136 816.324262
# coord 5 607.587261 288.300625
# coord 6 567.076222 961.755858
# coord 7 199.262665 697.293439
# coord 8 744.398403 392.068188
# coord 9 336.042166 19.615096
# coord 10 490.928029 943.878153
# reference_nearest_neighbor_tour_cost: 3347
TTSP_MATRIX
10
0 74 69 90 34 64 57 61 87 41
0 274 865 733 734 459 162 765 848 381
274 0 792 882 678 673 221 769 665 600
865 792 0 670 133 797 707 231 370 793
733 882 670 0 584 324 668 439 952 387
734 678 133 584 0 675 578 172 382 666
459 673 797 324 675 0 453 597 970 78
162 221 707 668 578 453 0 625 691 382
765 769 231 439 172 597 625 0 553 607
848 665 370 952 382 970 691 553 0 937
381 600 793 387 666 78 382 607 937 0
