# TTSP Euclidean complete-graph matrix instance
# seed: 1035
# depot: 1
# L_max is not stored in this file; pass it with --budget when running algorithms.
# coordinate rows: node x y
# coord 1 760.655095 889.725646
# coord 2 442.543865 263.157689
# coord 3 72.062217 379.177705
# coord 4 515.579750 229.892569
# coord 5 238.315061 339.682157
# coord 6 303.370407 588.915954
# coord 7 238.323731 158.789772
# coord 8 955.731807 388.113420
# coord 9 805.782311 154.654693
# coord 10 749.536750 298.375041
# reference_nearest_neighbor_tour_cost: 2944
TTSP_MATRIX
10
0 26 1 18 12 80 96 94 91 44
0 703 857 704 759 547 898 538 736 591
703 0 388 80 218 354 229 528 379 309
857 388 0 468 171 312 276 884 767 682
704 80 468 0 298 417 286 468 300 244
759 218 171 298 0 258 181 719 597 513
547 354 312 417 258 0 435 683 664 532
898 229 276 286 181 435 0 753 567 530
538 528 884 468 719 683 753 0 277 225
736 379 767 300 597 664 567 277 0 154
591 309 682 244 513 532 530 225 154 0
