# TTSP Euclidean complete-graph matrix instance
# seed: 1045
# depot: 1
# L_max is not stored in this file; pass it with --budget when running algorithms.
# coordinate rows: node x y
# coord 1 919.640369 676.266491
# coord 2 996.210663 857.568212
# coord 3 702.101407 669.627226
# coord 4 844.690039 429.613176
# coord 5 476.156473 756.776006
# coord 6 465.021172 325.910233
# coord 7 717.500102 844.004545
# coord 8 675.039598 526.038361
# coord 9 586.032928 502.866455
# coord 10 230.841823 572.881658
# reference_nearest_neighbor_tour_cost: 2501
TTSP_MATRIX
10
0 42 78 13 45 32 95 79 28 10
0 197 218 258 451 574 263 287 376 697
197 0 349 454 530 752 279 462 542 817
218 349 0 279 242 418 175 146 203 481
258 454 279 0 493 394 433 195 269 630
451 530 242 493 0 431 257 305 277 307
574 752 418 394 431 0 576 290 214 340
263 279 175 433 257 576 0 321 366 557
287 462 146 195 305 290 321 0 92 447
376 542 203 269 277 214 366 92 0 362
697 817 481 630 307 340 557 447 362 0
