# TTSP Euclidean complete-graph matrix instance
# seed: 1077
# depot: 1
# L_max is not stored in this file; pass it with --budget when running algorithms.
# coordinate rows: node x y
# coord 1 673.394256 219.021979
# coord 2 345.035828 870.200153
# coord 3 219.748485 410.534096
# coord 4 489.514829 379.594002
# coord 5 389.511658 88.149381
# coord 6 970.980634 925.359745
# coord 7 597.528326 511.186543
# coord 8 722.577369 858.535531
# coord 9 277.958754 283.516383
# coord 10 145.023160 269.766047
# reference_nearest_neighbor_tour_cost: 3036
TTSP_MATRIX
10
0 10 16 46 87 92 6 82 46 77
0 729 492 244 313 766 302 641 401 531
729 0 476 511 783 628 439 378 591 633
492 476 0 272 364 911 391 673 140 159
244 511 272 0 308 728 170 533 232 362
313 783 364 308 0 1019 471 839 225 305
766 628 911 728 1019 0 558 257 945 1055
302 439 391 170 471 558 0 369 392 513
641 378 673 533 839 257 369 0 727 825
401 591 140 232 225 945 392 727 0 134
531 633 159 362 305 1055 513 825 134 0
