# TTSP Euclidean complete-graph matrix instance
# seed: 1087
# depot: 1
# L_max is not stored in this file; pass it with --budget when running algorithms.
# coordinate rows: node x y
# coord 1 199.815875 859.311312
# coord 2 785.358206 299.127324
# coord 3 378.224133 195.493578
# coord 4 814.381796 198.834270
# coord 5 867.887569 269.313561
# coord 6 443.762932 163.066106
# coord 7 168.396949 709.004160
# coord 8 419.901534 145.751569
# coord 9 437.753198 255.886385
# coord 10 196.943171 800.286999
# reference_nearest_neighbor_tour_cost: 2307
TTSP_MATRIX
10
0 85 54 77 82 99 53 44 69 98
0 810 687 902 891 738 154 747 649 59
810 0 420 104 88 368 741 396 350 773
687 420 0 436 495 73 555 65 85 631
902 104 436 0 88 372 823 398 381 862
891 88 495 88 0 437 826 465 430 856
738 368 73 372 437 0 611 29 93 683
154 741 555 823 826 611 0 617 527 96
747 396 65 398 465 29 617 0 112 691
649 350 85 381 430 93 527 112 0 595
59 773 631 862 856 683 96 691 595 0
