# TTSP Euclidean complete-graph matrix instance
# seed: 1081
# depot: 1
# L_max is not stored in this file; pass it with --budget when running algorithms.
# coordinate rows: node x y
# coord 1 474.580599 298.546932
# coord 2 501.288642 66.800636
# coord 3 199.264657 912.507472
# coord 4 332.971941 918.630505
# coord 5 170.052352 811.390474
# coord 6 31.318240 987.018547
# coord 7 619.034748 776.109037
# coord 8 231.471111 752.728979
# coord 9 305.212439 377.855610
# coord 10 938.909238 238.316681
# reference_nearest_neighbor_tour_cost: 3422
TTSP_MATRIX
10
0 74 40 34 5 42 14 1 10 36
0 233 673 636 596 819 499 515 187 468
233 0 898 868 815 1033 719 737 368 470
673 898 0 134 105 184 441 163 545 1001
636 868 134 0 195 309 320 194 541 911
596 815 105 195 0 224 450 85 454 959
819 1033 184 309 224 0 624 308 668 1177
499 719 441 320 450 624 0 388 507 626
515 737 163 194 85 308 388 0 382 875
187 368 545 541 454 668 507 382 0 649
468 470 1001 911 959 1177 626 875 649 0
