# TTSP Euclidean complete-graph matrix instance
# seed: 1098
# depot: 1
# L_max is not stored in this file; pass it with --budget when running algorithms.
# coordinate rows: node x y
# coord 1 176.555390 530.519745
# coord 2 303.642411 977.934335
# coord 3 950.878445 427.876601
# coord 4 817.644074 754.903094
# coord 5 637.293252 105.940970
# coord 6 612.010960 229.714761
# coord 7 80.362993 988.388491
# coord 8 823.675828 477.790126
# coord 9 390.399741 646.553974
# coord 10 589.073903 243.633131
# reference_nearest_neighbor_tour_cost: 3190
TTSP_MATRIX
10
0 69 79 4 74 68 26 11 53 16
0 465 781 679 627 529 468 649 243 502
465 0 849 560 934 809 224 722 343 788
781 849 0 353 449 393 1035 137 602 406
679 560 353 0 674 564 773 277 441 560
627 934 449 674 0 126 1043 416 594 146
529 809 393 564 126 0 926 326 472 27
468 224 1035 773 1043 926 0 902 461 902
649 722 137 277 416 326 902 0 465 331
243 343 602 441 594 472 461 465 0 449
502 788 406 560 146 27 902 331 449 0
