# TTSP Euclidean complete-graph matrix instance
# seed: 1099
# depot: 1
# L_max is not stored in this file; pass it with --budget when running algorithms.
# coordinate rows: node x y
# coord 1 404.376062 246.964013
# coord 2 774.452185 697.249898
# coord 3 485.368195 111.373393
# coord 4 35.430875 624.506642
# coord 5 719.793646 910.965399
# coord 6 293.767746 433.440646
# coord 7 404.891276 303.491350
# coord 8 163.686518 357.624393
# coord 9 584.957539 197.341660
# coord 10 883.746342 361.329907
# reference_nearest_neighbor_tour_cost: 3139
TTSP_MATRIX
10
0 63 58 81 100 85 84 19 41 78
0 583 158 528 735 217 57 265 187 493
583 0 653 743 221 548 540 699 535 353
158 653 0 682 833 375 208 405 132 470
528 743 682 0 742 321 489 296 696 888
735 221 833 742 0 640 684 785 726 574
217 548 375 321 640 0 171 151 375 594
57 540 208 489 684 171 0 247 209 482
265 699 405 296 785 151 247 0 451 720
187 535 132 696 726 375 209 451 0 341
493 353 470 888 574 594 482 720 341 0
