# TTSP Euclidean complete-graph matrix instance
# seed: 1009
# depot: 1
# L_max is not stored in this file; pass it with --budget when running algorithms.
# coordinate rows: node x y
# coord 1 180.192418 487.362273
# coord 2 77.591700 522.566724
# coord 3 919.643334 876.250961
# coord 4 502.969591 816.026798
# coord 5 805.911200 214.059109
# coord 6 88.058211 203.297371
# coord 7 583.736092 673.733380
# coord 8 160.801303 746.502668
# coord 9 570.671509 463.799819
# coord 10 510.707170 134.367398
# reference_nearest_neighbor_tour_cost: 3752
TTSP_MATRIX
10
0 77 46 81 18 18 89 82 59 100
0 108 835 461 683 299 445 260 391 484
108 0 913 517 791 319 528 239 497 582
835 913 0 421 672 1070 392 770 540 847
461 517 421 0 674 740 164 349 359 682
683 791 672 674 0 718 511 836 343 306
299 319 1070 740 718 0 683 548 548 428
445 528 392 164 511 683 0 429 210 544
260 239 770 349 836 548 429 0 498 705
391 497 540 359 343 548 210 498 0 335
484 582 847 682 306 428 544 705 335 0
