# TTSP Euclidean complete-graph matrix instance
# seed: 1058
# depot: 1
# L_max is not stored in this file; pass it with --budget when running algorithms.
# coordinate rows: node x y
# coord 1 301.581089 128.026524
# coord 2 863.121898 552.987536
# coord 3 497.969122 201.701425
# coord 4 69.646605 120.639510
# coord 5 952.646393 64.954125
# coord 6 527.973121 524.065473
# coord 7 468.216197 161.956309
# coord 8 559.311338 461.393921
# coord 9 738.643939 908.935408
# coord 10 741.498111 25.831308
# reference_nearest_neighbor_tour_cost: 3267
TTSP_MATRIX
10
0 65 41 57 46 40 79 71 27 89
0 704 210 232 654 456 170 421 895 452
704 0 507 904 496 336 556 317 377 541
210 507 0 436 475 324 50 267 747 300
232 904 436 0 885 611 401 597 1034 679
654 496 475 885 0 625 494 558 871 215
456 336 324 611 625 0 367 70 439 542
170 556 50 401 494 367 0 313 794 305
421 317 267 597 558 70 313 0 482 472
895 377 747 1034 871 439 794 482 0 883
452 541 300 679 215 542 305 472 883 0
