# TTSP Euclidean complete-graph matrix instance
# seed: 1064
# depot: 1
# L_max is not stored in this file; pass it with --budget when running algorithms.
# coordinate rows: node x y
# coord 1 248.396096 56.414756
# coord 2 561.042459 482.420669
# coord 3 133.428016 64.504792
# coord 4 993.917765 764.921154
# coord 5 460.804726 164.766989
# coord 6 388.747140 717.750401
# coord 7 208.546903 740.569540
# coord 8 285.692586 969.057217
# coord 9 724.719060 340.518338
# coord 10 601.929221 602.809766
# reference_nearest_neighbor_tour_cost: 3548
TTSP_MATRIX
10
0 5 55 92 48 55 11 24 15 67
0 528 115 1028 238 676 685 913 555 651
528 0 598 517 333 292 437 559 217 127
115 598 0 1110 342 701 680 917 653 714
1028 517 1110 0 803 607 786 737 503 424
238 333 342 803 0 558 629 823 317 460
676 292 701 607 558 0 182 272 505 242
685 437 680 786 629 182 0 241 653 417
913 559 917 737 823 272 241 0 767 484
555 217 653 503 317 505 653 767 0 290
651 127 714 424 460 242 417 484 290 0
