# TTSP Euclidean complete-graph matrix instance
# seed: 1017
# depot: 1
# L_max is not stored in this file; pass it with --budget when running algorithms.
# coordinate rows: node x y
# coord 1 481.315746 635.200332
# coord 2 190.777434 94.090740
# coord 3 312.410706 292.270811
# coord 4 764.165899 975.768527
# coord 5 9.550971 285.092561
# coord 6 477.712503 867.339935
# coord 7 629.890296 623.750631
# coord 8 578.573684 261.349503
# coord 9 730.939504 465.058795
# coord 10 74.490052 983.653151
# reference_nearest_neighbor_tour_cost: 3226
TTSP_MATRIX
10
0 82 60 33 58 18 65 16 20 57
0 614 382 443 587 232 149 386 302 536
614 0 233 1052 263 825 688 422 655 897
382 233 0 819 303 598 459 268 453 731
443 1052 819 0 1023 306 377 738 512 690
587 263 303 1023 0 747 707 570 743 702
232 825 598 306 747 0 287 614 475 420
149 688 459 377 707 287 0 366 188 662
386 422 268 738 570 614 366 0 254 881
302 655 453 512 743 475 188 254 0 837
536 897 731 690 702 420 662 881 837 0
