# TTSP Euclidean complete-graph matrix instance
# seed: 1037
# depot: 1
# L_max is not stored in this file; pass it with --budget when running algorithms.
# coordinate rows: node x y
# coord 1 84.267947 672.776673
# coord 2 662.367151 45.601174
# coord 3 352.490043 285.594945
# coord 4 249.393796 138.461053
# coord 5 594.354516 0.458080
# coord 6 152.842631 290.958584
# coord 7 533.509166 336.198486
# coord 8 875.702719 736.525379
# coord 9 842.813047 304.321043
# coord 10 4.759907 382.290255
# reference_nearest_neighbor_tour_cost: 3313
TTSP_MATRIX
10
0 95 82 32 21 51 48 24 71 43
0 853 471 559 844 388 561 794 843 301
853 0 392 423 82 566 318 723 315 739
471 392 0 180 374 200 188 691 491 361
559 423 180 0 372 180 346 866 616 345
844 82 374 372 0 529 341 788 393 702
388 566 200 180 529 0 383 849 690 174
561 318 188 346 341 383 0 527 311 531
794 723 691 866 788 849 527 0 433 940
843 315 491 616 393 690 311 433 0 842
301 739 361 345 702 174 531 940 842 0
