# TTSP Euclidean complete-graph matrix instance
# seed: 1053
# depot: 1
# L_max is not stored in this file; pass it with --budget when running algorithms.
# coordinate rows: node x y
# coord 1 752.776499 354.670830
# coord 2 669.765053 360.659269
# coord 3 730.594369 349.266409
# coord 4 418.747713 326.516746
# coord 5 85.812312 130.975223
# coord 6 498.558983 201.186018
# coord 7 95.038139 651.836592
# coord 8 353.422343 970.869666
# coord 9 58.554949 848.404451
# coord 10 621.884126 767.995062
# reference_nearest_neighbor_tour_cost: 2664
TTSP_MATRIX
10
0 86 85 33 67 62 71 24 47 76
0 83 23 335 703 297 722 734 852 434
83 0 62 253 627 234 644 687 782 410
23 62 0 313 681 275 704 727 837 433
335 253 313 0 386 149 459 648 634 486
703 627 681 386 0 419 521 881 718 833
297 234 275 149 419 0 605 783 783 580
722 644 704 459 521 605 0 411 200 539
734 687 727 648 881 783 411 0 319 336
852 782 837 634 718 783 200 319 0 569
434 410 433 486 833 580 539 336 569 0
