# TTSP Euclidean complete-graph matrix instance
# seed: 1023
# depot: 1
# L_max is not stored in this file; pass it with --budget when running algorithms.
# coordinate rows: node x y
# coord 1 488.562284 451.827217
# coord 2 995.675155 422.017480
# coord 3 2.254029 945.303662
# coord 4 419.606494 787.848684
# coord 5 367.489423 414.796407
# coord 6 66.288121 997.340959
# coord 7 266.493913 953.570084
# coord 8 626.468401 915.370719
# coord 9 193.553019 685.893627
# coord 10 102.687615 263.019132
# reference_nearest_neighbor_tour_cost: 3376
TTSP_MATRIX
10
0 60 49 96 43 61 79 67 27 57
0 508 693 343 127 690 549 484 377 430
508 0 1123 682 628 1093 902 616 844 907
693 1123 0 446 644 83 264 625 322 690
343 682 446 0 377 411 226 243 248 613
127 628 644 377 0 656 548 564 322 305
690 1093 83 411 656 0 205 566 336 735
549 902 264 226 548 205 0 362 277 710
484 616 625 243 564 566 362 0 490 837
377 844 322 248 322 336 277 490 0 433
430 907 690 613 305 735 710 837 433 0
