# TTSP Euclidean complete-graph matrix instance
# seed: 1049
# depot: 1
# L_max is not stored in this file; pass it with --budget when running algorithms.
# coordinate rows: node x y
# coord 1 998.374437 670.706172
# coord 2 919.225979 793.699875
# coord 3 62.329532 478.285047
# coord 4 900.501009 260.332641
# coord 5 178.901650 14.918455
# coord 6 114.108786 307.269760
# coord 7 194.719582 208.613575
# coord 8 346.735386 625.981182
# coord 9 813.155769 395.371226
# coord 10 797.571544 600.496155
# reference_nearest_neighbor_tour_cost: 3275
TTSP_MATRIX
10
0 88 100 6 43 69 67 14 71 63
0 146 956 422 1050 956 927 653 332 213
146 0 913 534 1075 941 931 597 412 228
956 913 0 866 478 179 300 320 755 745
422 534 866 0 762 788 708 664 161 355
1050 1075 478 762 0 299 194 634 740 852
956 941 179 788 299 0 127 395 705 744
927 931 300 708 194 127 0 444 646 719
653 597 320 664 634 395 444 0 520 452
332 412 755 161 740 705 646 520 0 206
213 228 745 355 852 744 719 452 206 0
