# TTSP Euclidean complete-graph matrix instance
# seed: 1034
# depot: 1
# L_max is not stored in this file; pass it with --budget when running algorithms.
# coordinate rows: node x y
# coord 1 823.087737 632.092529
# coord 2 84.041924 386.637092
# coord 3 233.244477 379.960535
# coord 4 994.601944 185.484636
# coord 5 326.054946 157.945216
# coord 6 284.639176 457.660919
# coord 7 231.611457 463.555357
# coord 8 127.451537 116.552071
# coord 9 240.670425 100.176796
# coord 10 879.696622 560.601263
# reference_nearest_neighbor_tour_cost: 2495
TTSP_MATRIX
10
0 49 59 84 46 5 1 84 88 34
0 779 641 478 687 566 615 866 789 91
779 0 149 933 333 213 166 274 326 814
641 149 0 786 241 93 84 284 280 671
478 933 786 0 669 760 812 870 759 392
687 333 241 669 0 303 320 203 103 685
566 213 93 760 303 0 53 376 360 604
615 166 84 812 320 53 0 362 363 655
866 274 284 870 203 376 362 0 114 874
789 326 280 759 103 360 363 114 0 788
91 814 671 392 685 604 655 874 788 0
