# TTSP Euclidean complete-graph matrix instance
# seed: 1056
# depot: 1
# L_max is not stored in this file; pass it with --budget when running algorithms.
# coordinate rows: node x y
# coord 1 111.796395 866.145960
# coord 2 792.752097 976.219529
# coord 3 355.093848 913.967070
# coord 4 910.993093 603.124408
# coord 5 509.597918 919.934574
# coord 6 67.302838 657.721285
# coord 7 103.304823 714.754762
# coord 8 908.015899 412.443553
# coord 9 462.399995 482.187417
# coord 10 34.007995 42.456726
# reference_nearest_neighbor_tour_cost: 3522
TTSP_MATRIX
10
0 5 76 37 2 31 2 51 24 18
0 690 248 841 401 213 152 916 520 827
690 0 442 391 289 792 737 575 594 1203
248 442 0 637 155 385 321 746 445 929
841 391 637 0 511 845 815 191 465 1041
401 289 155 511 0 514 455 645 440 998
213 792 385 845 514 0 67 876 432 616
152 737 321 815 455 67 0 860 428 676
916 575 746 191 645 876 860 0 451 949
520 594 445 465 440 432 428 451 0 614
827 1203 929 1041 998 616 676 949 614 0
