# TTSP Euclidean complete-graph matrix instance
# seed: 1008
# depot: 1
# L_max is not stored in this file; pass it with --budget when running algorithms.
# coordinate rows: node x y
# coord 1 519.823827 958.398874
# coord 2 340.295636 708.184978
# coord 3 925.218941 50.326667
# coord 4 661.327546 827.114114
# coord 5 873.496113 591.301903
# coord 6 112.647225 344.777850
# coord 7 11.377599 790.974288
# coord 8 327.796402 222.227957
# coord 9 146.765735 40.648812
# coord 10 143.280370 103.492014
# reference_nearest_neighbor_tour_cost: 3566
TTSP_MATRIX
10
0 30 49 45 14 13 19 29 48 32
0 308 994 193 510 736 535 761 991 934
308 0 880 342 546 429 339 486 695 636
994 880 0 820 543 864 1176 622 779 784
193 342 820 0 317 731 651 691 940 890
510 546 543 317 0 800 885 659 912 878
736 429 864 731 800 0 458 248 306 243
535 339 1176 651 885 458 0 651 762 700
761 486 622 691 659 248 651 0 256 219
991 695 779 940 912 306 762 256 0 63
934 636 784 890 878 243 700 219 63 0
