# TTSP Euclidean complete-graph matrix instance
# seed: 1042
# depot: 1
# L_max is not stored in this file; pass it with --budget when running algorithms.
# coordinate rows: node x y
# coord 1 249.510759 355.161474
# coord 2 935.116599 884.655090
# coord 3 489.297937 997.064771
# coord 4 759.333858 481.082324
# coord 5 171.398232 626.205624
# coord 6 737.603750 879.159156
# coord 7 280.637853 873.683379
# coord 8 357.494289 763.549301
# coord 9 848.939568 714.420315
# coord 10 942.568954 516.909266
# reference_nearest_neighbor_tour_cost: 2484
TTSP_MATRIX
10
0 98 27 27 58 14 19 4 41 80
0 866 685 525 282 716 519 422 699 712
866 0 460 440 806 198 655 590 191 368
685 460 0 582 488 275 242 268 457 660
525 440 582 0 606 399 619 491 250 187
282 806 488 606 0 620 271 231 683 779
716 198 275 399 620 0 457 397 199 416
519 655 242 619 271 457 0 134 590 752
422 590 268 491 231 397 134 0 494 635
699 191 457 250 683 199 590 494 0 219
712 368 660 187 779 416 752 635 219 0
