# TTSP Euclidean complete-graph matrix instance
# seed: 1021
# depot: 1
# L_max is not stored in this file; pass it with --budget when running algorithms.
# coordinate rows: node x y
# coord 1 531.119127 178.280849
# coord 2 245.587818 252.063882
# coord 3 408.583497 429.886071
# coord 4 409.000757 107.593261
# coord 5 811.560172 257.516713
# coord 6 423.619523 718.592284
# coord 7 907.008742 20.750696
# coord 8 646.570452 228.894487
# coord 9 597.342845 346.684720
# coord 10 97.311513 353.729169
# reference_nearest_neighbor_tour_cost: 3363
TTSP_MATRIX
10
0 50 59 58 51 4 3 20 57 69
0 295 280 141 291 551 408 126 181 468
295 0 241 218 566 499 701 402 364 180
280 241 0 322 438 289 645 312 206 320
141 218 322 0 430 611 506 267 304 397
291 566 438 430 0 603 255 167 232 721
551 499 289 611 603 0 849 538 410 489
408 701 645 506 255 849 0 333 450 875
126 402 312 267 167 538 333 0 128 563
181 364 206 304 232 410 450 128 0 500
468 180 320 397 721 489 875 563 500 0
