# TTSP Euclidean complete-graph matrix instance
# seed: 1024
# depot: 1
# L_max is not stored in this file; pass it with --budget when running algorithms.
# coordinate rows: node x y
# coord 1 797.051571 483.498870
# coord 2 389.427813 829.409888
# coord 3 870.433416 100.435096
# coord 4 512.879322 956.707066
# coord 5 721.819548 715.968962
# coord 6 388.399294 982.154363
# coord 7 711.438758 873.698310
# coord 8 797.650891 102.290604
# coord 9 155.064899 473.950829
# coord 10 734.779719 843.189932
# reference_nearest_neighbor_tour_cost: 2536
TTSP_MATRIX
10
0 45 79 78 12 5 11 82 99 11
0 535 390 552 244 645 399 381 642 365
535 0 873 177 351 153 325 834 426 346
390 873 0 928 633 1005 789 73 807 755
552 177 928 0 319 127 215 901 601 249
244 351 633 319 0 427 158 618 616 128
645 153 1005 127 427 0 341 970 559 373
399 325 789 215 158 341 0 776 685 38
381 834 73 901 618 970 776 0 742 744
642 426 807 601 616 559 685 742 0 687
365 346 755 249 128 373 38 744 687 0
