# TTSP Euclidean complete-graph matrix instance
# seed: 1083
# depot: 1
# L_max is not stored in this file; pass it with --budget when running algorithms.
# coordinate rows: node x y
# coord 1 215.822460 477.768595
# coord 2 773.834618 215.729268
# coord 3 209.007037 477.856686
# coord 4 852.927387 824.339057
# coord 5 75.265502 294.502184
# coord 6 429.755423 666.248534
# coord 7 650.753264 79.063788
# coord 8 372.010477 446.745536
# coord 9 703.347253 187.643993
# coord 10 141.281574 77.751200
# reference_nearest_neighbor_tour_cost: 2630
TTSP_MATRIX
10
0 56 88 12 5 2 100 97 63 12
0 616 7 725 231 285 590 159 567 407
616 0 623 614 703 567 184 463 76 647
7 623 0 731 227 290 595 166 573 406
725 614 731 0 941 452 772 611 654 1031
231 703 227 941 0 514 614 334 637 227
285 567 290 452 514 0 627 227 551 655
590 184 595 772 614 627 0 461 121 509
159 463 166 611 334 227 461 0 421 435
567 76 573 654 637 551 121 421 0 573
407 647 406 1031 227 655 509 435 573 0
