# TTSP Euclidean complete-graph matrix instance
# seed: 1039
# depot: 1
# L_max is not stored in this file; pass it with --budget when running algorithms.
# coordinate rows: node x y
# coord 1 675.930483 186.610439
# coord 2 685.831592 54.991560
# coord 3 900.795615 796.997446
# coord 4 922.564545 161.245821
# coord 5 169.324368 146.087751
# coord 6 110.307172 374.725474
# coord 7 26.065257 517.864468
# coord 8 756.756325 276.329381
# coord 9 795.793121 909.394369
# coord 10 731.523942 805.751965
# reference_nearest_neighbor_tour_cost: 3196
TTSP_MATRIX
10
0 42 57 51 13 30 39 94 91 8
0 132 650 248 508 596 729 121 733 622
132 0 773 259 524 658 806 232 861 752
650 773 0 636 979 896 918 540 154 169
248 259 636 0 753 840 965 202 759 672
508 524 979 753 0 236 398 602 987 867
596 658 896 840 236 0 166 654 869 756
729 806 918 965 398 166 0 770 864 762
121 232 540 202 602 654 770 0 634 530
733 861 154 759 987 869 864 634 0 122
622 752 169 672 867 756 762 530 122 0
