# TTSP Euclidean complete-graph matrix instance
# seed: 1006
# depot: 1
# L_max is not stored in this file; pass it with --budget when running algorithms.
# coordinate rows: node x y
# coord 1 346.619957 228.641096
# coord 2 12.392470 930.827026
# coord 3 322.514576 0.695458
# coord 4 209.717072 517.960227
# coord 5 762.822211 308.971790
# coord 6 151.131225 70.457722
# coord 7 872.506403 307.498142
# coord 8 272.859760 983.846488
# coord 9 738.507949 769.078238
# coord 10 734.777652 40.110031
# reference_nearest_neighbor_tour_cost: 3406
TTSP_MATRIX
10
0 37 12 12 79 50 2 58 49 63
0 778 229 320 424 251 532 759 668 432
778 0 980 458 975 871 1062 266 744 1147
229 980 0 529 537 185 630 984 874 414
320 458 529 0 591 451 695 470 585 710
424 975 537 591 0 657 110 834 461 270
251 871 185 451 657 0 759 921 913 584
532 1062 630 695 110 759 0 904 481 301
759 266 984 470 834 921 904 0 513 1051
668 744 874 585 461 913 481 513 0 729
432 1147 414 710 270 584 301 1051 729 0
