# TTSP Euclidean complete-graph matrix instance
# seed: 1074
# depot: 1
# L_max is not stored in this file; pass it with --budget when running algorithms.
# coordinate rows: node x y
# coord 1 809.607198 381.538721
# coord 2 185.323260 47.863490
# coord 3 730.258202 138.994091
# coord 4 475.878765 709.975895
# coord 5 105.183620 478.291368
# coord 6 184.634532 994.883592
# coord 7 646.413290 986.193921
# coord 8 743.325594 863.843295
# coord 9 644.719481 764.646146
# coord 10 314.786346 940.958760
# reference_nearest_neighbor_tour_cost: 3508
TTSP_MATRIX
10
0 22 57 73 78 6 25 80 42 60
0 708 255 468 711 876 626 487 417 747
708 0 553 723 438 947 1045 989 851 902
255 553 0 625 711 1015 851 725 631 903
468 723 625 0 437 407 325 309 177 282
711 438 711 437 0 523 742 746 611 508
876 947 1015 407 523 0 462 574 514 141
626 1045 851 325 742 462 0 156 222 335
487 989 725 309 746 574 156 0 140 435
417 851 631 177 611 514 222 140 0 374
747 902 903 282 508 141 335 435 374 0
