# TTSP Euclidean complete-graph matrix instance
# seed: 1095
# depot: 1
# L_max is not stored in this file; pass it with --budget when running algorithms.
# coordinate rows: node x y
# coord 1 213.454358 213.698386
# coord 2 121.634388 610.803562
# coord 3 571.555556 513.646563
# coord 4 398.877193 599.217250
# coord 5 898.968859 440.958710
# coord 6 470.052966 315.890463
# coord 7 210.873888 753.668895
# coord 8 624.515867 908.474410
# coord 9 826.910046 998.637882
# coord 10 227.897415 991.642924
# reference_nearest_neighbor_tour_cost: 3408
TTSP_MATRIX
10
0 56 81 98 63 63 45 91 41 31
0 408 467 428 722 276 540 807 996 778
408 0 460 277 796 456 168 584 805 395
467 460 0 193 335 222 433 398 548 589
428 277 193 0 525 292 243 383 585 428
722 796 335 525 0 447 756 542 562 868
276 456 222 292 447 0 509 612 770 718
540 168 433 243 756 509 0 442 663 239
807 584 398 383 542 612 442 0 222 405
996 805 548 585 562 770 663 222 0 599
778 395 589 428 868 718 239 405 599 0
