# TTSP Euclidean complete-graph matrix instance
# seed: 1050
# depot: 1
# L_max is not stored in this file; pass it with --budget when running algorithms.
# coordinate rows: node x y
# coord 1 322.017326 610.446583
# coord 2 449.217542 347.070500
# coord 3 826.847420 875.836738
# coord 4 171.117421 772.944130
# coord 5 819.599229 426.885251
# coord 6 948.234233 600.114676
# coord 7 78.453329 96.948226
# coord 8 958.652128 473.847169
# coord 9 447.656255 766.826223
# coord 10 814.345243 317.813486
# reference_nearest_neighbor_tour_cost: 3685
TTSP_MATRIX
10
0 26 41 72 51 62 46 63 21 34
0 292 570 222 530 626 568 651 201 573
292 0 650 509 379 560 447 525 420 366
570 650 0 664 449 301 1080 423 395 558
222 509 664 0 735 796 682 842 277 788
530 379 449 735 0 216 811 147 504 109
626 560 301 796 216 0 1005 127 528 312
568 447 1080 682 811 1005 0 957 765 768
651 525 423 842 147 127 957 0 589 213
201 420 395 277 504 528 765 589 0 580
573 366 558 788 109 312 768 213 580 0
