# TTSP Euclidean complete-graph matrix instance
# seed: 1084
# depot: 1
# L_max is not stored in this file; pass it with --budget when running algorithms.
# coordinate rows: node x y
# coord 1 645.486795 739.695072
# coord 2 418.759334 801.128145
# coord 3 923.089439 554.880319
# coord 4 211.366006 645.730971
# coord 5 673.589293 597.067697
# coord 6 818.967146 680.829186
# coord 7 291.826923 506.524761
# coord 8 442.171025 460.848854
# coord 9 961.447769 844.706599
# coord 10 712.234752 562.499523
# reference_nearest_neighbor_tour_cost: 2277
TTSP_MATRIX
10
0 5 94 26 46 55 12 77 93 59
0 235 333 444 145 183 424 345 333 189
235 0 561 259 326 418 321 341 544 378
333 561 0 717 253 163 633 490 292 211
444 259 717 0 465 609 161 296 776 508
145 326 253 465 0 168 392 269 380 52
183 418 163 609 168 0 555 436 217 159
424 321 633 161 392 555 0 157 750 424
345 341 490 296 269 436 157 0 646 289
333 544 292 776 380 217 750 646 0 376
189 378 211 508 52 159 424 289 376 0
