# TTSP Euclidean complete-graph matrix instance
# seed: 1000
# depot: 1
# L_max is not stored in this file; pass it with --budget when running algorithms.
# coordinate rows: node x y
# scenario: corridor
# coordinate_max: 1000
# geometry: corridor
# depot_position: corridor_start
# reward_pattern: uniform
# corridor_width_ratio: 0.08
# coord 1 50.000000 500.000000
# coord 2 777.356643 482.353631
# coord 3 352.970511 467.984545
# coord 4 467.907743 283.798879
# coord 5 130.315350 452.124205
# coord 6 671.243468 439.046790
# coord 7 203.012211 569.816390
# coord 8 666.198376 512.387212
# coord 9 40.722398 587.680857
# coord 10 974.289795 411.250240
# coord 11 714.147156 506.998182
# coord 12 415.728149 513.243720
# coord 13 833.506268 488.762231
# coord 14 468.494741 572.727877
# coord 15 983.088378 321.185963
# coord 16 176.182076 487.823133
# coord 17 160.263734 463.573222
# coord 18 92.860274 494.276610
# coord 19 854.049126 513.442771
# coord 20 291.016039 518.923438
# coord 21 194.330677 400.960752
# coord 22 292.038272 450.427061
# coord 23 231.521035 606.294981
# coord 24 619.430337 627.763942
# coord 25 293.806936 401.330786
# coord 26 458.204809 435.390749
# coord 27 328.956946 506.115647
# coord 28 984.242424 544.302196
# coord 29 651.977217 503.331013
# coord 30 74.993180 462.870749
# coord 31 911.593101 637.147025
# coord 32 370.391780 545.687798
# coord 33 632.566450 658.305642
# coord 34 503.514326 464.050016
# coord 35 292.411586 564.579608
# coord 36 765.397435 446.817947
# coord 37 871.562730 507.247604
# coord 38 755.178549 625.003757
# coord 39 241.713265 362.723980
# coord 40 892.450484 508.287441
# coord 41 323.682606 417.616668
# coord 42 561.305239 459.493437
# coord 43 486.197065 473.994298
# coord 44 949.021694 421.183918
# coord 45 918.806598 515.965424
# coord 46 985.727625 523.192895
# coord 47 860.375913 490.682270
# coord 48 201.045849 408.137875
# coord 49 98.414779 637.745308
# coord 50 133.262288 493.918569
# reference_nearest_neighbor_tour_cost: 4724
TTSP_MATRIX
50
0 44 14 94 27 81 7 21 20 99 96 47 76 22 11 63 36 92 29 28 35 79 3 80 3 31 97 19 98 99 79 68 67 57 30 62 22 34 67 53 91 100 1 84 5 59 96 78 8 87
0 728 305 471 94 624 168 616 88 929 664 366 784 425 950 127 116 43 804 242 175 247 210 584 263 413 279 935 602 45 872 324 604 455 251 717 822 716 236 842 286 513 437 902 869 936 810 177 146 83
728 0 425 368 648 115 581 115 744 209 68 363 57 322 261 601 617 685 83 488 589 486 560 215 490 323 449 216 127 703 205 412 228 274 492 37 97 144 549 118 458 217 291 182 145 212 83 581 696 644
305 425 0 217 223 320 181 316 334 624 363 77 481 156 647 178 193 261 503 80 172 63 184 311 89 110 45 636 301 278 584 80 338 151 114 413 520 432 153 541 58 209 133 598 568 635 508 163 306 221
471 368 217 0 377 256 390 303 524 522 332 235 419 289 517 356 356 430 449 294 298 242 400 376 210 152 262 578 286 432 567 279 409 184 331 339 461 446 240 480 197 199 191 500 507 570 444 294 512 395
94 648 223 377 0 541 138 539 162 845 586 292 704 359 863 58 32 56 726 174 82 162 184 520 171 328 206 859 524 56 803 258 543 373 197 635 743 648 143 764 196 431 357 819 791 858 731 83 188 42
624 115 320 256 541 0 486 74 648 304 80 266 170 243 333 497 512 581 197 389 478 379 470 196 379 213 349 330 67 597 311 319 223 170 399 94 212 204 436 232 348 112 188 278 259 326 196 471 606 541
168 581 181 390 138 486 0 467 163 787 515 220 636 265 819 86 115 134 653 102 169 149 46 420 191 288 141 782 454 167 712 169 439 319 90 576 671 555 211 692 194 375 299 761 718 784 662 162 125 103
616 115 316 303 539 74 467 0 630 324 48 250 169 207 370 491 508 574 188 375 485 379 445 124 389 222 337 320 17 593 275 298 150 170 377 119 205 144 450 226 355 117 184 297 253 320 195 477 581 533
88 744 334 524 162 648 163 630 0 950 678 382 799 428 979 168 172 107 817 260 242 286 192 580 314 444 300 945 617 129 872 332 596 479 253 738 835 715 302 855 330 536 460 923 881 947 825 241 76 132
929 209 624 522 845 304 787 324 950 0 277 568 161 531 90 802 816 885 158 692 780 683 768 416 681 517 652 133 335 901 234 619 422 474 699 212 141 306 734 127 651 416 492 27 119 113 139 773 905 845
664 68 363 332 586 80 515 48 678 277 0 298 121 254 327 538 556 621 140 423 531 426 493 153 433 266 385 273 62 641 236 346 172 215 426 79 157 125 494 178 401 160 230 250 205 272 147 523 629 581
366 363 77 235 292 266 220 250 382 568 298 0 418 80 599 241 260 323 438 125 248 139 206 234 165 89 87 569 236 344 511 56 261 101 134 356 456 357 230 477 133 155 81 541 503 570 445 239 341 283
784 57 481 419 704 170 636 169 799 161 121 418 0 375 225 657 674 741 32 543 645 543 613 255 547 379 505 161 182 759 168 467 263 331 546 80 42 157 605 62 515 274 348 134 90 156 27 638 750 700
425 322 156 289 359 243 265 207 428 531 254 80 375 0 573 304 327 384 390 185 324 215 239 161 245 138 155 517 196 409 448 102 185 114 176 322 408 291 309 429 212 146 100 504 454 520 400 314 376 344
950 261 647 517 863 333 819 370 979 90 327 599 225 573 0 824 835 907 232 720 793 703 804 476 694 537 680 223 378 919 324 653 486 500 732 251 217 380 743 208 666 444 520 106 205 202 209 787 940 867
127 601 178 356 58 497 86 491 168 802 538 241 657 304 824 0 29 84 678 119 89 122 131 465 146 287 154 810 476 104 750 203 487 328 139 591 696 595 141 717 163 386 310 776 743 810 684 83 169 43
116 617 193 356 32 512 115 508 172 816 556 260 674 327 835 29 0 74 696 142 71 132 160 488 147 299 174 828 493 85 771 226 511 343 166 605 713 616 130 734 170 401 326 790 760 828 701 69 185 41
43 685 261 430 56 581 134 574 107 885 621 323 741 384 907 84 74 0 761 200 138 204 178 543 221 370 236 893 559 36 831 282 564 412 212 674 779 675 199 800 243 470 394 859 826 893 768 138 144 40
804 83 503 449 726 197 653 188 817 158 140 438 32 390 232 678 696 761 0 563 669 566 629 261 571 403 525 134 202 781 136 485 265 354 564 111 19 149 631 39 539 298 370 132 65 132 24 661 766 721
242 488 80 294 174 389 102 375 260 692 423 125 543 185 720 119 142 200 563 0 153 69 106 346 118 187 40 694 361 223 632 84 369 219 46 480 581 476 164 602 106 277 200 665 628 695 570 143 226 160
175 589 172 298 82 478 169 485 242 780 531 248 645 324 793 89 71 138 669 153 0 110 209 482 99 266 171 803 469 134 755 228 508 316 191 573 686 604 61 706 130 372 301 755 734 801 672 10 255 111
247 486 63 242 162 379 149 379 286 683 426 139 543 215 703 122 132 204 566 69 110 0 167 372 49 167 67 699 364 217 647 123 399 212 114 473 582 495 101 603 46 269 196 658 630 697 570 100 269 165
210 560 184 400 184 470 46 445 192 768 493 206 613 239 804 131 160 178 629 106 209 167 0 389 214 284 140 755 433 212 681 152 404 307 74 557 648 524 244 668 210 361 287 741 693 759 639 200 137 149
584 215 311 376 520 196 420 124 580 416 153 234 255 161 476 465 488 543 261 346 482 372 389 0 397 251 315 374 129 569 292 262 33 201 333 232 279 136 461 298 363 178 203 389 320 381 277 473 521 504
263 490 89 210 171 379 191 389 314 681 433 165 547 245 694 146 147 221 571 118 99 49 214 397 0 168 111 705 372 227 661 163 425 219 163 474 587 513 65 608 34 274 206 656 635 703 574 93 307 185
413 323 110 152 328 213 288 222 444 517 266 89 379 138 537 287 299 370 403 187 266 167 284 251 168 0 147 537 205 384 496 141 283 54 210 307 420 352 228 440 136 106 48 491 468 535 406 259 413 330
279 449 45 262 206 349 141 337 300 652 385 87 505 155 680 154 174 236 525 40 171 67 140 315 111 147 0 656 323 258 597 57 340 180 69 440 543 442 168 563 89 237 160 626 590 657 532 161 265 196
935 216 636 578 859 330 782 320 945 133 273 569 161 517 223 810 828 893 134 694 803 699 755 374 705 537 656 0 335 913 118 614 370 487 692 240 119 243 764 99 673 431 503 128 71 21 135 795 891 852
602 127 301 286 524 67 454 17 617 335 62 236 182 196 378 476 493 559 202 361 469 364 433 129 372 205 323 335 0 578 292 285 156 154 365 127 220 160 434 241 339 101 168 308 267 334 209 461 570 519
45 703 278 432 56 597 167 593 129 901 641 344 759 409 919 104 85 36 781 223 134 217 212 569 227 384 258 913 578 0 855 307 591 429 240 691 798 699 194 819 253 486 411 875 845 913 786 137 176 66
872 205 584 567 803 311 712 275 872 234 236 511 168 448 324 750 771 831 136 632 755 647 681 292 661 496 597 118 292 855 0 549 280 443 623 240 136 157 724 130 628 393 456 219 121 136 155 747 813 791
324 412 80 279 258 319 169 298 332 619 346 56 467 102 653 203 226 282 485 84 228 123 152 262 163 141 57 614 285 307 549 0 285 156 80 407 503 393 224 523 136 209 136 592 549 616 493 218 287 243
604 228 338 409 543 223 439 150 596 422 172 261 263 185 486 487 511 564 265 369 508 399 404 33 425 283 340 370 156 591 280 285 0 233 353 250 283 127 490 300 392 211 235 395 320 378 283 499 535 526
455 274 151 184 373 170 319 170 479 474 215 101 331 114 500 328 343 412 354 219 316 212 307 201 219 54 180 487 154 429 443 156 233 0 234 262 371 299 281 391 186 58 20 448 419 486 358 308 441 371
251 492 114 331 197 399 90 377 253 699 426 134 546 176 732 139 166 212 564 46 191 114 74 333 163 210 69 692 365 240 623 80 353 234 0 487 582 467 208 603 150 289 214 672 628 695 573 181 207 174
717 37 413 339 635 94 576 119 738 212 79 356 80 322 251 591 605 674 111 480 573 473 557 232 474 307 440 240 127 691 240 407 250 262 487 0 122 178 530 141 443 204 281 185 168 233 105 566 694 634
822 97 520 461 743 212 671 205 835 141 157 456 42 408 217 696 713 779 19 581 686 582 648 279 587 420 543 119 220 798 136 503 283 371 582 122 0 166 646 21 555 314 387 116 48 115 20 678 784 738
716 144 432 446 648 204 555 144 715 306 125 357 157 291 380 595 616 675 149 476 604 495 524 136 513 352 442 243 160 699 157 393 127 299 467 178 166 0 577 180 479 255 308 281 197 252 171 595 657 636
236 549 153 240 143 436 211 450 302 734 494 230 605 309 743 141 130 199 631 164 61 101 244 461 65 228 168 764 434 194 724 224 490 281 208 530 646 577 0 667 99 334 269 710 694 761 632 61 310 170
842 118 541 480 764 232 692 226 855 127 178 477 62 429 208 717 734 800 39 602 706 603 668 298 608 440 563 99 241 819 130 523 300 391 603 141 21 180 667 0 576 335 408 104 27 94 37 699 805 759
286 458 58 197 196 348 194 355 330 651 401 133 515 212 666 163 170 243 539 106 130 46 210 363 34 136 89 673 339 253 628 136 392 186 150 443 555 479 99 576 0 241 172 625 603 670 542 123 315 205
513 217 209 199 431 112 375 117 536 416 160 155 274 146 444 386 401 470 298 277 372 269 361 178 274 106 237 431 101 486 393 209 211 58 289 204 314 255 334 335 241 0 76 390 362 429 301 364 496 429
437 291 133 191 357 188 299 184 460 492 230 81 348 100 520 310 326 394 370 200 301 196 287 203 206 48 160 503 168 411 456 136 235 20 214 281 387 308 269 408 172 76 0 466 435 502 375 293 421 353
902 182 598 500 819 278 761 297 923 27 250 541 134 504 106 776 790 859 132 665 755 658 741 389 656 491 626 128 308 875 219 592 395 448 672 185 116 281 710 104 625 390 466 0 99 108 113 748 878 819
869 145 568 507 791 259 718 253 881 119 205 503 90 454 205 743 760 826 65 628 734 630 693 320 635 468 590 71 267 845 121 549 320 419 628 168 48 197 694 27 603 362 435 99 0 67 64 726 829 786
936 212 635 570 858 326 784 320 947 113 272 570 156 520 202 810 828 893 132 695 801 697 759 381 703 535 657 21 334 913 136 616 378 486 695 233 115 252 761 94 670 429 502 108 67 0 129 793 895 853
810 83 508 444 731 196 662 195 825 139 147 445 27 400 209 684 701 768 24 570 672 570 639 277 574 406 532 135 209 786 155 493 283 358 573 105 20 171 632 37 542 301 375 113 64 129 0 664 776 727
177 581 163 294 83 471 162 477 241 773 523 239 638 314 787 83 69 138 661 143 10 100 200 473 93 259 161 795 461 137 747 218 499 308 181 566 678 595 61 699 123 364 293 748 726 793 664 0 252 109
146 696 306 512 188 606 125 581 76 905 629 341 750 376 940 169 185 144 766 226 255 269 137 521 307 413 265 891 570 176 813 287 535 441 207 694 784 657 310 805 315 496 421 878 829 895 776 252 0 148
83 644 221 395 42 541 103 533 132 845 581 283 700 344 867 43 41 40 721 160 111 165 149 504 185 330 196 852 519 66 791 243 526 371 174 634 738 636 170 759 205 429 353 819 786 853 727 109 148 0
