# TTSP Euclidean complete-graph matrix instance
# seed: 1004
# depot: 1
# L_max is not stored in this file; pass it with --budget when running algorithms.
# coordinate rows: node x y
# scenario: corridor
# coordinate_max: 1000
# geometry: corridor
# depot_position: corridor_start
# reward_pattern: uniform
# corridor_width_ratio: 0.08
# coord 1 50.000000 500.000000
# coord 2 421.124906 609.035261
# coord 3 693.042328 483.507321
# coord 4 508.862835 557.372113
# coord 5 844.924165 639.279101
# coord 6 209.628212 427.325335
# coord 7 715.033955 399.285543
# coord 8 809.107245 543.274010
# coord 9 505.614990 436.494217
# coord 10 720.614076 511.573266
# coord 11 153.415882 514.574874
# coord 12 836.343233 469.285129
# coord 13 117.856997 560.625870
# coord 14 120.946634 525.242048
# coord 15 983.710038 494.867792
# coord 16 552.270591 500.230983
# coord 17 881.650773 514.336839
# coord 18 389.700944 526.333002
# coord 19 797.493631 491.150060
# coord 20 660.906855 533.597598
# coord 21 718.387562 413.300278
# coord 22 440.101334 503.971401
# coord 23 472.355419 542.346336
# coord 24 736.485892 545.837818
# coord 25 918.612627 505.940565
# coord 26 532.725084 397.000678
# coord 27 148.017573 463.344549
# coord 28 440.434483 401.766850
# coord 29 489.899616 581.790477
# coord 30 655.932152 580.635615
# coord 31 797.230083 454.933559
# coord 32 563.921966 588.295123
# coord 33 248.790117 477.929809
# coord 34 949.018275 497.826988
# coord 35 358.781574 455.547918
# coord 36 493.382920 552.939578
# coord 37 110.368556 518.643341
# coord 38 110.196655 636.172119
# coord 39 837.978601 578.488185
# coord 40 496.924563 412.362754
# coord 41 772.707334 641.327517
# coord 42 437.861101 300.148948
# coord 43 11.407354 730.827866
# coord 44 683.883535 442.795282
# coord 45 525.137499 469.588357
# coord 46 195.950991 458.332596
# coord 47 686.876204 387.722868
# coord 48 604.840776 509.599892
# coord 49 749.485107 502.351824
# coord 50 995.902254 407.052388
# reference_nearest_neighbor_tour_cost: 4185
TTSP_MATRIX
50
0 45 56 75 75 8 96 5 4 28 21 81 65 14 39 71 46 78 93 99 50 31 33 50 96 35 32 44 67 23 33 69 30 81 5 2 44 25 12 41 60 10 18 67 22 30 3 66 69 39
0 387 643 462 807 175 673 760 460 671 104 787 91 75 934 502 832 341 748 612 674 390 424 688 869 494 105 403 447 611 749 521 200 899 312 447 63 149 792 455 736 436 234 636 476 152 647 555 699 950
387 0 299 102 425 279 361 394 192 315 284 438 307 312 574 170 470 88 394 251 356 107 84 322 508 240 310 208 74 237 406 144 217 539 166 91 324 312 418 211 353 309 427 311 174 271 346 209 345 609
643 299 0 198 218 487 87 131 193 39 541 144 580 574 291 142 191 306 105 60 75 254 228 76 227 182 545 266 226 104 108 166 444 256 335 211 584 603 173 209 177 314 725 42 168 498 96 92 60 312
462 102 198 0 346 326 260 301 121 217 358 339 391 389 479 72 375 123 296 154 254 87 39 228 413 162 373 170 31 149 306 63 272 444 181 16 400 406 330 145 277 267 527 209 89 328 246 107 247 510
807 425 218 346 0 670 273 102 395 178 703 170 731 733 200 324 130 469 156 212 259 427 385 143 152 395 719 469 360 198 190 286 618 176 520 362 744 735 61 415 72 530 839 254 362 674 297 273 167 277
175 279 487 326 670 0 506 611 296 518 104 628 162 132 777 350 678 205 591 464 509 243 287 540 713 325 71 232 320 472 588 389 64 743 152 310 135 231 646 288 602 261 362 475 318 34 479 404 545 787
673 361 87 260 273 506 0 172 213 112 573 140 619 607 285 192 202 349 123 145 14 294 282 148 230 182 571 275 290 191 99 242 473 254 361 270 616 650 217 219 249 294 778 54 202 522 30 156 109 281
760 394 131 301 102 611 172 0 322 94 656 79 691 688 181 260 78 420 53 149 159 371 337 73 116 313 666 395 322 158 89 249 564 147 459 316 699 705 46 339 105 444 819 161 293 619 198 207 72 231
460 192 193 121 395 296 213 322 0 228 361 332 407 395 482 79 384 147 297 183 214 94 111 255 419 48 359 74 146 208 292 163 260 448 148 117 404 443 361 26 337 152 575 178 38 310 188 123 253 491
671 315 39 217 178 518 112 94 228 0 567 123 605 600 264 169 161 331 80 64 98 281 250 38 198 220 575 301 241 95 95 174 473 229 366 231 610 623 135 245 140 353 742 78 200 527 128 116 30 294
104 284 541 358 703 104 573 656 361 567 0 684 58 34 831 399 728 237 645 508 574 287 320 584 765 397 52 308 343 507 647 417 102 796 214 342 43 129 688 358 632 356 259 535 374 71 548 451 596 849
787 438 144 339 170 628 140 79 332 123 684 0 724 718 150 286 64 450 45 187 131 398 371 126 90 312 688 402 364 212 42 297 588 116 478 353 728 745 109 344 183 433 865 155 311 640 170 235 93 171
91 307 580 391 731 162 619 691 407 605 58 724 0 36 868 439 765 274 683 544 618 327 355 619 803 446 102 360 373 538 688 447 155 834 263 376 43 76 720 407 660 413 201 578 417 129 595 490 634 891
75 312 574 389 733 132 607 688 395 600 34 718 36 0 863 432 761 269 677 540 608 320 352 616 798 431 68 343 373 538 680 447 136 829 248 373 12 111 719 393 662 389 233 569 408 101 582 484 629 883
934 574 291 479 200 777 285 181 482 264 831 150 868 863 0 431 104 595 186 325 278 544 514 252 66 461 836 551 501 339 191 430 735 35 626 494 874 885 168 494 257 580 1001 304 459 789 316 379 234 89
502 170 142 72 324 350 192 260 79 169 399 286 439 432 431 0 330 165 245 114 187 112 90 190 366 105 406 149 103 131 249 89 304 397 199 79 442 463 296 104 262 230 588 144 41 359 175 53 197 453
832 470 191 375 130 678 202 78 384 161 728 64 765 761 104 330 0 492 87 222 192 442 410 149 38 368 735 455 398 235 103 326 634 69 526 390 771 781 78 398 167 493 897 210 359 688 232 277 133 157
341 88 306 123 469 205 349 420 147 331 237 450 274 269 595 165 492 0 409 271 348 55 84 347 529 193 250 135 115 272 414 185 149 560 77 107 279 300 451 156 400 231 430 306 147 205 328 216 361 618
748 394 105 296 156 591 123 53 297 80 645 45 683 677 186 245 87 409 0 143 111 358 329 82 122 281 650 368 321 167 36 253 549 152 440 310 688 702 96 311 152 407 822 123 273 602 151 194 49 215
612 251 60 154 212 464 145 149 183 64 508 187 544 540 325 114 222 271 143 0 133 223 189 77 259 187 518 257 178 47 157 111 416 290 312 169 551 560 183 204 155 323 679 94 150 471 148 61 94 358
674 356 75 254 259 509 14 159 214 98 574 131 618 608 278 187 192 348 111 133 0 293 278 134 221 186 573 278 284 179 89 233 474 246 362 265 617 648 204 221 234 302 775 45 201 524 41 149 94 278
390 107 254 87 427 243 294 371 94 281 287 398 327 320 544 112 442 55 358 223 293 0 50 299 479 141 295 102 92 229 360 150 193 509 95 72 330 355 405 108 360 204 485 251 92 248 273 165 309 564
424 84 228 39 385 287 282 337 111 250 320 371 355 352 514 90 410 84 329 189 278 50 0 264 448 157 334 144 43 188 336 102 233 479 143 24 363 374 367 132 316 245 498 234 90 289 264 136 280 541
688 322 76 228 143 540 148 73 255 38 584 126 619 616 252 190 149 347 82 77 134 299 264 0 186 252 594 329 249 88 109 178 492 218 388 243 627 633 107 274 102 387 748 116 225 548 166 137 45 294
869 508 227 413 152 713 230 116 419 198 765 90 803 798 66 366 38 529 122 259 221 479 448 186 0 401 772 489 435 273 132 364 670 31 562 428 808 819 108 432 199 523 935 243 395 724 260 314 169 126
494 240 182 162 395 325 182 313 48 220 397 312 446 431 461 105 368 193 281 187 186 141 157 252 401 0 390 92 190 221 271 194 295 428 184 161 440 486 355 39 342 136 619 158 73 342 154 134 241 463
105 310 545 373 719 71 571 666 359 575 52 688 102 68 836 406 735 250 650 518 573 295 334 594 772 390 0 299 362 521 649 434 102 802 211 357 67 177 700 353 650 333 300 536 377 48 544 459 603 850
403 208 266 170 469 232 275 395 74 301 308 402 360 343 551 149 455 135 368 257 278 102 144 329 489 92 299 0 187 280 361 224 206 518 98 160 350 405 435 57 410 102 541 247 109 251 247 197 325 555
447 74 226 31 360 320 290 322 146 241 343 364 373 373 501 103 398 115 321 178 284 92 43 249 435 190 362 187 0 166 332 74 263 467 182 29 385 384 348 170 289 286 501 239 118 319 277 136 271 535
611 237 104 149 198 472 191 158 208 95 507 212 538 538 339 131 235 272 167 47 179 229 188 88 273 221 521 280 166 0 189 92 420 305 322 165 549 549 182 232 132 355 662 141 172 476 195 88 122 382
749 406 108 306 190 588 99 89 292 95 647 42 688 680 191 249 103 414 36 157 89 360 336 109 132 271 649 361 332 189 0 269 549 158 438 319 690 711 130 303 188 391 833 114 272 601 129 200 67 204
521 144 166 63 286 389 242 249 163 174 417 297 447 447 430 89 326 185 253 111 233 150 102 178 364 194 434 224 74 92 269 0 334 396 244 79 459 456 274 188 215 315 571 189 125 390 235 89 204 468
200 217 444 272 618 64 473 564 260 473 102 588 155 136 735 304 634 149 549 416 474 193 233 492 670 295 102 206 263 420 549 334 0 701 112 256 144 210 598 257 549 260 347 437 276 56 447 357 501 750
899 539 256 444 176 743 254 147 448 229 796 116 834 829 35 397 69 560 152 290 246 509 479 218 31 428 802 518 467 305 158 396 701 0 592 459 839 850 137 460 227 548 966 271 425 754 284 344 200 102
312 166 335 181 520 152 361 459 148 366 214 478 263 248 626 199 526 77 440 312 362 95 143 388 562 184 211 98 182 322 438 244 112 592 0 166 256 307 495 145 454 174 443 325 167 163 335 252 393 639
447 91 211 16 362 310 270 316 117 231 342 353 376 373 494 79 390 107 310 169 265 72 24 243 428 161 357 160 29 165 319 79 256 459 166 0 385 392 346 141 293 259 514 220 89 312 254 120 261 523
63 324 584 400 744 135 616 699 404 610 43 728 43 12 874 442 771 279 688 551 617 330 363 627 808 440 67 350 385 549 690 459 144 839 256 385 0 118 730 401 674 394 234 579 418 105 591 495 639 893
149 312 603 406 735 231 650 705 443 623 129 745 76 111 885 463 781 300 702 560 648 355 374 633 819 486 177 405 384 549 711 456 210 850 307 392 118 0 730 447 663 469 137 605 447 197 628 511 653 915
792 418 173 330 61 646 217 46 361 135 688 109 720 719 168 296 78 451 96 183 204 405 367 107 108 355 700 435 348 182 130 274 598 137 495 346 730 730 0 379 91 487 840 205 331 653 243 243 117 233
455 211 209 145 415 288 219 339 26 245 358 344 407 393 494 104 398 156 311 204 221 108 132 274 432 39 353 57 170 232 303 188 257 460 145 141 401 447 379 0 358 127 581 189 64 304 192 145 268 499
736 353 177 277 72 602 249 105 337 140 632 183 660 662 257 262 167 400 152 155 234 360 316 102 199 342 650 410 289 132 188 215 549 227 454 293 674 663 91 358 0 478 767 217 301 605 268 213 141 324
436 309 314 267 530 261 294 444 152 353 356 433 413 389 580 230 493 231 407 323 302 204 245 387 523 136 333 102 286 355 391 315 260 548 174 259 394 469 487 127 478 0 606 284 191 289 264 268 371 568
234 427 725 527 839 362 778 819 575 742 259 865 201 233 1001 588 897 430 822 679 775 485 498 748 935 619 300 541 501 662 833 571 347 966 443 514 234 137 840 581 767 606 0 732 576 329 758 633 773 1036
636 311 42 209 254 475 54 161 178 78 535 155 578 569 304 144 210 306 123 94 45 251 234 116 243 158 536 247 239 141 114 189 437 271 325 220 579 605 205 189 217 284 732 0 161 488 55 103 89 314
476 174 168 89 362 318 202 293 38 200 374 311 417 408 459 41 359 147 273 150 201 92 90 225 395 73 377 109 118 172 272 125 276 425 167 89 418 447 331 64 301 191 576 161 0 329 181 89 227 475
152 271 498 328 674 34 522 619 310 527 71 640 129 101 789 359 688 205 602 471 524 248 289 548 724 342 48 251 319 476 601 390 56 754 163 312 105 197 653 304 605 289 329 488 329 0 496 412 555 802
647 346 96 246 297 479 30 198 188 128 548 170 595 582 316 175 232 328 151 148 41 273 264 166 260 154 544 247 277 195 129 235 447 284 335 254 591 628 243 192 268 264 758 55 181 496 0 147 131 310
555 209 92 107 273 404 156 207 123 116 451 235 490 484 379 53 277 216 194 61 149 165 136 137 314 134 459 197 136 88 200 89 357 344 252 120 495 511 243 145 213 268 633 103 89 412 147 0 145 404
699 345 60 247 167 545 109 72 253 30 596 93 634 629 234 197 133 361 49 94 94 309 280 45 169 241 603 325 271 122 67 204 501 200 393 261 639 653 117 268 141 371 773 89 227 555 131 145 0 264
950 609 312 510 277 787 281 231 491 294 849 171 891 883 89 453 157 618 215 358 278 564 541 294 126 463 850 555 535 382 204 468 750 102 639 523 893 915 233 499 324 568 1036 314 475 802 310 404 264 0
