# TTSP Euclidean complete-graph matrix instance
# seed: 1002
# depot: 1
# L_max is not stored in this file; pass it with --budget when running algorithms.
# coordinate rows: node x y
# scenario: corridor
# coordinate_max: 1000
# geometry: corridor
# depot_position: corridor_start
# reward_pattern: uniform
# corridor_width_ratio: 0.08
# coord 1 50.000000 500.000000
# coord 2 520.948407 450.248552
# coord 3 130.337084 526.844344
# coord 4 483.957768 421.728277
# coord 5 707.277596 420.649783
# coord 6 435.395900 554.597670
# coord 7 788.548045 517.021258
# coord 8 421.088904 389.770930
# coord 9 756.832582 452.132648
# coord 10 162.511023 386.267831
# coord 11 934.832354 524.501349
# coord 12 280.938373 626.086703
# coord 13 524.484753 408.969022
# coord 14 578.646419 579.208287
# coord 15 289.363494 466.068658
# coord 16 797.379770 602.488272
# coord 17 644.956343 575.710339
# coord 18 391.267615 601.789833
# coord 19 154.845332 459.177941
# coord 20 416.803115 532.360361
# coord 21 810.208222 490.433823
# coord 22 549.048343 552.960266
# coord 23 84.014012 327.585207
# coord 24 427.109853 407.357115
# coord 25 838.121459 510.107131
# coord 26 61.683612 556.788859
# coord 27 820.231502 620.752696
# coord 28 948.226929 625.669053
# coord 29 10.223681 581.872903
# coord 30 791.517839 521.433916
# coord 31 633.740070 677.477060
# coord 32 472.251481 592.876125
# coord 33 393.437464 640.286393
# coord 34 943.747303 583.647571
# coord 35 39.860324 514.358592
# coord 36 274.751712 569.706830
# coord 37 45.953047 480.454499
# coord 38 375.488641 468.316338
# coord 39 818.890274 376.430847
# coord 40 116.597007 416.378103
# coord 41 423.117922 493.820119
# coord 42 597.597887 629.558865
# coord 43 826.246378 594.624163
# coord 44 588.405995 493.463522
# coord 45 575.792509 519.085439
# coord 46 954.532150 649.814676
# coord 47 966.288412 466.489681
# coord 48 703.863223 456.269543
# coord 49 736.817459 627.114130
# coord 50 668.314287 549.088595
# reference_nearest_neighbor_tour_cost: 4173
TTSP_MATRIX
50
0 3 52 90 34 11 86 93 82 41 69 40 49 88 99 58 80 4 85 44 42 29 61 11 41 69 12 30 22 78 14 23 45 51 35 34 22 4 77 99 90 56 16 86 38 28 12 68 5 13
0 474 85 441 662 389 739 387 708 160 885 263 483 535 242 754 600 356 113 368 760 502 176 388 788 58 780 907 91 742 610 432 371 898 18 235 20 327 779 107 373 563 782 538 526 917 917 655 698 620
474 0 398 47 189 135 276 117 236 364 420 298 41 141 232 316 176 199 366 133 292 106 454 103 323 471 344 462 527 280 254 151 229 443 485 274 476 147 307 406 107 195 338 80 88 477 446 183 279 177
85 398 0 369 587 306 658 321 631 144 804 180 411 451 170 671 517 271 72 287 681 420 205 320 708 75 696 824 132 661 525 348 287 815 91 151 96 252 705 111 295 478 699 459 446 833 838 578 615 538
441 47 369 0 223 141 319 71 275 323 462 288 42 184 200 362 223 203 331 129 333 146 411 59 365 443 391 507 500 323 296 172 237 487 454 256 442 118 338 367 94 237 383 127 134 523 484 223 326 224
662 189 587 223 0 303 126 288 59 546 250 473 183 204 420 203 167 364 554 311 124 206 630 280 159 660 230 316 715 131 267 291 383 287 674 457 664 335 120 591 293 236 211 139 164 337 263 36 209 134
389 135 306 141 303 0 355 165 337 321 500 170 171 145 171 365 211 65 296 29 380 114 418 147 405 374 390 518 426 358 233 53 95 509 398 161 396 105 423 347 62 179 393 165 145 528 538 286 310 233
739 276 658 319 126 355 0 389 72 640 146 519 285 219 502 86 155 406 636 372 34 242 730 378 50 728 108 193 781 5 223 325 414 169 749 516 743 416 144 679 366 222 86 202 213 213 185 104 122 124
387 117 321 71 288 165 389 0 341 259 531 275 105 246 152 432 291 214 275 143 402 207 343 19 434 396 461 578 454 393 358 209 252 557 401 232 386 91 398 306 104 298 454 197 202 593 551 290 395 294
708 236 631 275 59 337 72 341 0 598 192 507 236 219 468 156 167 395 602 349 66 231 684 333 100 703 180 258 758 77 257 317 409 229 720 496 711 382 98 641 336 238 158 173 193 280 210 53 176 131
160 364 144 323 546 321 640 259 598 0 785 267 363 459 150 671 518 314 73 293 656 421 98 265 687 198 698 821 248 643 554 372 343 806 177 215 150 228 656 55 282 498 696 439 434 835 808 546 623 531
885 420 804 462 250 500 146 531 192 785 0 662 426 360 648 158 294 549 783 518 129 387 873 521 98 874 150 102 926 143 338 468 554 60 895 662 890 562 188 825 513 353 129 348 359 127 66 241 223 268
263 298 180 288 473 170 519 275 507 267 662 0 326 301 160 517 367 113 209 165 546 278 358 263 569 230 539 667 274 521 357 194 113 664 266 57 276 184 593 266 194 317 546 335 314 674 704 456 456 395
483 41 411 42 183 171 285 105 236 363 426 326 0 179 242 335 206 234 373 164 297 146 448 97 330 486 364 476 543 290 290 191 266 454 496 297 484 160 296 408 132 232 354 106 121 493 446 186 304 201
535 141 451 184 204 145 219 246 219 459 360 301 179 0 311 220 66 189 440 168 248 40 555 229 269 517 245 372 568 221 113 107 195 365 543 304 542 231 314 490 177 54 248 86 60 382 404 175 165 95
242 232 170 200 420 171 502 152 468 150 648 160 242 311 0 526 372 170 135 144 521 274 248 150 551 245 553 678 302 505 404 223 203 665 254 105 244 86 537 180 137 349 552 300 291 690 677 415 476 388
754 316 671 362 203 365 86 432 156 671 158 517 335 220 526 0 155 406 658 387 113 253 765 419 101 737 29 153 787 81 180 325 406 148 763 524 761 443 227 706 390 202 30 236 237 164 217 174 65 140
600 176 517 223 167 211 155 291 167 518 294 367 206 66 372 155 0 255 504 232 186 99 613 275 204 584 181 307 635 156 102 174 260 299 608 370 607 290 265 552 236 72 182 100 89 318 339 133 105 35
356 199 271 203 364 65 406 214 395 314 549 113 234 189 170 406 255 0 276 74 433 165 412 198 456 333 429 557 382 408 254 81 39 553 362 121 366 134 483 331 113 208 435 225 202 565 591 345 346 282
113 366 72 331 554 296 636 275 602 73 783 209 373 440 135 658 504 276 0 272 656 405 149 277 685 135 685 811 190 640 526 344 300 799 128 163 111 221 669 57 271 474 685 435 425 822 811 549 606 521
368 133 287 129 311 29 372 143 349 293 518 165 164 168 144 387 232 74 272 0 396 134 391 125 422 356 413 540 410 375 261 82 110 529 377 147 374 76 431 322 39 205 414 176 160 550 553 297 334 252
760 292 681 333 124 380 34 402 66 656 129 546 297 248 521 113 186 433 656 396 0 269 744 392 34 751 131 193 805 36 257 353 443 163 771 541 764 435 114 698 387 254 105 222 236 215 158 112 155 154
502 106 420 146 206 114 242 207 231 421 387 278 146 40 274 253 99 165 405 134 269 0 517 190 292 487 280 406 540 245 151 87 178 396 511 275 508 193 322 454 139 91 280 71 43 417 426 183 202 119
176 454 205 411 630 418 730 343 684 98 873 358 448 555 248 765 613 412 149 391 744 517 0 352 776 230 792 914 265 734 652 470 440 897 192 308 158 324 736 95 378 596 789 531 528 928 893 633 718 625
388 103 320 59 280 147 378 19 333 265 521 263 97 229 150 419 275 198 277 125 392 190 352 0 424 395 447 565 452 382 340 191 235 546 402 223 388 80 393 311 87 280 441 183 186 580 542 281 380 280
788 323 708 365 159 405 50 434 100 687 98 569 330 269 551 101 204 456 685 422 34 292 776 424 0 778 112 160 831 48 264 375 463 129 798 567 793 465 135 728 415 269 85 250 262 182 135 145 155 174
58 471 75 443 660 374 728 396 703 198 874 230 486 517 245 737 584 333 135 356 751 487 230 395 778 0 761 889 57 731 585 412 342 882 48 213 78 326 778 151 367 541 765 531 515 898 909 650 679 607
780 344 696 391 230 390 108 461 180 698 150 539 364 245 553 29 181 429 685 413 131 280 792 447 112 761 0 128 811 103 195 349 427 129 788 548 787 470 244 733 417 223 27 264 265 137 212 201 84 168
907 462 824 507 316 518 193 578 258 821 102 667 476 372 678 153 307 557 811 540 193 406 914 565 160 889 128 0 939 188 319 477 555 42 915 676 914 594 281 858 541 351 126 383 387 25 160 297 211 290
91 527 132 500 715 426 781 454 758 248 926 274 543 568 302 787 635 382 190 410 805 540 265 452 831 57 811 939 0 784 631 462 388 934 74 265 108 383 834 197 422 589 816 585 569 947 963 705 728 659
742 280 661 323 131 358 5 393 77 643 143 521 290 221 505 81 156 408 640 375 36 245 734 382 48 731 103 188 784 0 222 327 415 164 752 519 747 419 148 683 369 222 81 205 216 207 183 109 119 126
610 254 525 296 267 233 223 358 257 554 338 357 290 113 404 180 102 254 526 261 257 151 652 340 264 585 195 319 631 222 0 182 243 324 616 375 620 332 353 579 279 60 210 190 169 322 394 232 115 133
432 151 348 172 291 53 325 209 317 372 468 194 191 107 223 325 174 81 344 82 353 87 470 191 375 412 349 477 462 327 182 0 92 472 439 199 441 158 409 397 111 131 354 153 127 486 510 269 267 201
371 229 287 237 383 95 414 252 409 343 554 113 266 195 203 406 260 39 300 110 443 178 440 235 463 342 427 555 388 415 243 92 0 553 375 138 382 173 501 356 149 204 435 244 219 561 599 361 344 290
898 443 815 487 287 509 169 557 229 806 60 664 454 365 665 148 299 553 799 529 163 396 897 546 129 882 129 42 934 164 324 472 553 0 907 669 904 580 242 844 528 349 118 367 374 67 119 272 211 278
18 485 91 454 674 398 749 401 720 177 895 266 496 543 254 763 608 362 128 377 771 511 192 402 798 48 788 915 74 752 616 439 375 907 0 241 34 339 791 124 384 570 790 549 536 925 928 667 706 629
235 274 151 256 457 161 516 232 496 215 662 57 297 304 105 524 370 121 163 147 541 275 308 223 567 213 548 676 265 519 375 199 138 669 241 0 246 143 577 220 167 328 552 323 305 684 699 444 466 394
20 476 96 442 664 396 743 386 711 150 890 276 484 542 244 761 607 366 111 374 764 508 158 388 793 78 787 914 108 747 620 441 382 904 34 246 0 330 780 95 377 571 789 543 531 924 920 658 706 626
327 147 252 118 335 105 416 91 382 228 562 184 160 231 86 443 290 134 221 76 435 193 324 80 465 326 470 594 383 419 332 158 173 580 339 143 330 0 453 264 54 274 468 214 207 607 591 329 395 304
779 307 705 338 120 423 144 398 98 656 188 593 296 314 537 227 265 483 669 431 114 322 736 393 135 778 244 281 834 148 353 409 501 242 791 577 780 453 0 703 413 336 218 258 282 305 173 140 264 229
107 406 111 367 591 347 679 306 641 55 825 266 408 490 180 706 552 331 57 322 698 454 95 311 728 151 733 858 197 683 579 397 356 844 124 220 95 264 703 0 316 526 732 478 471 870 851 589 655 567
373 107 295 94 293 62 366 104 336 282 513 194 132 177 137 390 236 113 271 39 387 139 378 87 415 367 417 541 422 369 279 111 149 528 384 167 377 54 413 316 0 221 416 165 155 554 544 283 341 251
563 195 478 237 236 179 222 298 238 498 353 317 232 54 349 202 72 208 474 205 254 91 596 280 269 541 223 351 589 222 60 131 204 349 570 328 571 274 336 526 221 0 231 136 113 358 403 203 139 107
782 338 699 383 211 393 86 454 158 696 129 546 354 248 552 30 182 435 685 414 105 280 789 441 85 765 27 126 816 81 210 354 435 118 790 552 789 468 218 732 416 231 0 258 262 140 190 185 95 164
538 80 459 127 139 165 202 197 173 439 348 335 106 86 300 236 100 225 435 176 222 71 531 183 250 531 264 383 585 205 190 153 244 367 549 323 543 214 258 478 165 136 258 0 29 398 379 121 200 97
526 88 446 134 164 145 213 202 193 434 359 314 121 60 291 237 89 202 425 160 236 43 528 186 262 515 265 387 569 216 169 127 219 374 536 305 531 207 282 471 155 113 262 29 0 401 394 143 194 97
917 477 833 523 337 528 213 593 280 835 127 674 493 382 690 164 318 565 822 550 215 417 928 580 182 898 137 25 947 207 322 486 561 67 925 684 924 607 305 870 554 358 140 398 401 0 184 317 219 303
917 446 838 484 263 538 185 551 210 808 66 704 446 404 677 217 339 591 811 553 158 426 893 542 135 909 212 160 963 183 394 510 599 119 928 699 920 591 173 851 544 403 190 379 394 184 0 263 280 309
655 183 578 223 36 286 104 290 53 546 241 456 186 175 415 174 133 345 549 297 112 183 633 281 145 650 201 297 705 109 232 269 361 272 667 444 658 329 140 589 283 203 185 121 143 317 263 0 174 99
698 279 615 326 209 310 122 395 176 623 223 456 304 165 476 65 105 346 606 334 155 202 718 380 155 679 84 211 728 119 115 267 344 211 706 466 706 395 264 655 341 139 95 200 194 219 280 174 0 104
620 177 538 224 134 233 124 294 131 531 268 395 201 95 388 140 35 282 521 252 154 119 625 280 174 607 168 290 659 126 133 201 290 278 629 394 626 304 229 567 251 107 164 97 97 303 309 99 104 0
