# TTSP Euclidean complete-graph matrix instance
# seed: 1001
# depot: 1
# L_max is not stored in this file; pass it with --budget when running algorithms.
# coordinate rows: node x y
# scenario: corridor
# coordinate_max: 1000
# geometry: corridor
# depot_position: corridor_start
# reward_pattern: uniform
# corridor_width_ratio: 0.08
# coord 1 50.000000 500.000000
# coord 2 796.650968 626.133604
# coord 3 862.703740 548.684676
# coord 4 91.274035 614.912153
# coord 5 406.679665 419.230228
# coord 6 374.472645 451.999193
# coord 7 572.110923 434.775526
# coord 8 607.793062 624.181623
# coord 9 708.486384 540.974438
# coord 10 922.172453 474.469395
# coord 11 737.107165 385.987807
# coord 12 187.542222 330.153718
# coord 13 926.358313 497.889192
# coord 14 18.991571 581.823791
# coord 15 406.634656 420.937657
# coord 16 129.578584 539.810942
# coord 17 592.858999 453.498635
# coord 18 75.282131 425.165759
# coord 19 306.611995 472.266366
# coord 20 166.143949 658.624212
# coord 21 607.793400 535.961519
# coord 22 5.662333 380.171226
# coord 23 200.583628 434.734907
# coord 24 929.322591 554.513307
# coord 25 988.339036 416.742205
# coord 26 218.027030 574.705728
# coord 27 182.227044 518.429174
# coord 28 946.236007 555.962839
# coord 29 863.195123 549.395425
# coord 30 41.228888 581.965541
# coord 31 359.375153 551.447733
# coord 32 21.378500 426.502908
# coord 33 54.965471 365.181833
# coord 34 128.474132 565.674800
# coord 35 650.144024 562.718881
# coord 36 264.672311 517.027195
# coord 37 900.149256 468.274149
# coord 38 224.205038 540.018285
# coord 39 557.170447 535.735451
# coord 40 895.430881 585.652776
# coord 41 528.574640 568.918080
# coord 42 475.123927 513.173058
# coord 43 901.156260 440.481206
# coord 44 330.154430 426.901005
# coord 45 541.400890 559.926440
# coord 46 706.173258 571.273209
# coord 47 126.186270 340.159438
# coord 48 184.055746 516.273634
# coord 49 253.554229 360.876506
# coord 50 882.954068 519.511210
# reference_nearest_neighbor_tour_cost: 3606
TTSP_MATRIX
50
0 15 13 11 93 32 86 9 26 66 60 52 68 74 16 59 8 27 43 68 65 5 85 9 9 58 31 26 92 96 83 85 57 20 18 77 9 43 36 95 79 39 58 82 10 62 16 33 37 53
0 757 814 122 366 328 526 571 660 873 697 219 876 88 365 89 545 79 258 197 559 128 164 881 942 184 134 898 815 82 314 79 135 102 603 215 851 179 508 850 484 425 853 290 495 660 177 135 247 833
757 0 102 705 441 457 295 189 123 197 247 677 182 779 441 673 267 749 514 631 209 828 626 151 284 581 624 165 102 757 444 801 786 671 160 543 189 579 256 107 274 341 213 507 264 106 729 622 604 137
814 102 0 774 474 498 312 266 154 95 206 710 81 844 474 733 286 797 561 705 255 873 672 67 182 645 681 84 1 822 503 850 828 734 213 599 89 639 306 49 335 389 115 546 321 158 765 679 637 36
122 705 774 0 371 327 513 517 622 843 685 301 843 79 370 84 527 190 258 87 523 250 211 840 919 133 133 857 775 60 276 201 252 62 561 199 822 153 473 805 440 397 828 304 453 616 277 135 301 797
366 441 474 371 0 46 166 287 325 518 332 237 526 420 2 302 189 331 113 339 233 403 207 540 582 244 245 557 475 400 140 385 356 314 283 172 496 219 190 516 193 116 495 77 195 336 291 243 164 487
328 457 498 327 46 0 198 290 346 548 369 223 554 378 45 260 218 300 71 293 248 376 175 564 615 199 203 581 498 358 101 354 331 271 297 128 526 174 201 538 193 118 527 51 199 352 272 201 151 513
526 295 312 513 166 198 0 193 173 352 172 399 360 572 166 455 28 497 268 464 107 569 372 377 417 381 399 393 313 551 243 551 522 463 150 318 330 363 102 357 141 125 329 242 129 191 456 397 327 322
571 189 266 517 287 290 193 0 131 348 271 513 343 590 286 486 171 568 337 443 88 650 449 329 433 393 439 345 266 568 259 619 610 483 75 359 331 393 102 290 97 173 346 341 92 112 559 437 441 294
660 123 154 622 325 346 173 131 0 224 158 562 222 691 325 579 145 644 408 555 101 721 519 221 306 492 527 238 155 669 349 697 677 581 62 444 205 484 151 192 182 235 217 395 168 30 616 525 489 176
873 197 95 843 518 548 352 348 224 0 205 749 24 910 518 795 330 848 616 778 320 921 723 80 88 711 741 85 95 887 568 902 874 799 286 659 23 701 370 114 405 449 40 594 390 237 807 739 678 60
697 247 206 685 332 369 172 271 158 205 0 552 220 744 332 627 159 663 439 633 198 731 539 256 253 552 570 269 206 723 412 717 682 635 197 490 183 536 234 255 277 291 173 409 262 188 613 568 484 198
219 677 710 301 237 223 399 513 562 749 552 0 758 303 237 218 424 147 185 329 468 189 105 775 805 246 188 792 710 291 280 192 137 243 518 202 726 213 423 753 416 341 722 172 422 572 62 186 73 721
876 182 81 843 526 554 360 343 222 24 220 758 0 911 525 798 336 854 620 777 321 928 729 57 102 712 744 61 82 889 570 908 881 801 284 662 40 703 371 93 404 451 63 600 390 232 816 743 687 48
88 779 844 79 420 378 572 590 691 910 744 303 911 0 420 118 588 166 308 166 591 202 234 911 983 199 175 928 845 22 342 155 220 111 631 254 888 209 540 876 510 461 893 348 523 687 264 178 322 866
365 441 474 370 2 45 166 286 325 518 332 237 525 420 0 301 189 331 112 338 232 403 207 539 582 243 245 556 474 399 139 385 356 314 282 171 496 218 189 516 192 115 495 77 194 335 292 242 164 486
89 673 733 84 302 260 455 486 579 795 627 218 798 118 301 0 471 127 189 124 478 202 127 800 868 95 57 817 734 98 230 157 190 26 521 137 774 95 428 767 400 347 778 230 412 577 200 59 218 754
545 267 286 527 189 218 28 171 145 330 159 424 336 588 189 471 0 518 287 473 84 592 393 351 397 394 416 368 287 566 253 572 545 478 123 334 308 379 90 330 132 132 309 264 118 163 480 414 352 298
79 749 797 190 331 300 497 568 644 848 663 147 854 166 331 127 518 0 236 251 544 83 126 864 913 207 142 881 798 160 311 54 63 150 591 210 826 188 494 836 476 409 826 255 485 648 99 142 190 813
258 514 561 258 113 71 268 337 408 616 439 185 620 308 112 189 287 236 0 233 308 315 112 628 684 135 133 645 562 287 95 289 273 201 355 61 594 107 258 600 242 173 595 51 251 412 224 130 123 578
197 631 705 87 339 293 464 443 555 778 633 329 777 166 338 124 473 251 233 0 458 321 227 770 857 99 141 787 706 147 221 274 314 100 493 173 758 132 410 733 373 342 767 284 388 547 321 143 310 730
559 209 255 523 233 248 107 88 101 320 198 468 321 591 232 478 84 544 308 458 0 622 420 322 399 392 426 339 256 568 249 597 579 480 50 344 300 384 51 292 86 135 309 298 71 105 520 424 395 276
128 828 873 250 403 376 569 650 721 921 731 189 928 202 403 202 592 83 315 321 622 0 202 940 983 288 224 957 874 205 393 49 52 222 670 293 899 271 573 913 556 488 898 328 565 726 127 224 249 888
164 626 672 211 207 175 372 449 519 723 539 105 729 234 207 127 393 126 112 227 420 202 0 739 788 141 86 755 672 217 197 179 161 149 467 104 700 108 371 711 354 286 701 130 363 524 120 83 91 688
881 151 67 840 540 564 377 329 221 80 256 775 57 911 539 800 351 864 628 770 322 940 739 0 150 712 748 17 66 889 570 917 895 801 279 666 91 705 373 46 401 456 117 613 388 224 831 746 703 58
942 284 182 919 582 615 417 433 306 88 253 805 102 983 582 868 397 913 684 857 399 983 788 150 0 786 813 145 182 961 643 967 935 873 368 731 102 774 447 193 484 522 90 658 469 322 866 810 737 147
184 581 645 133 244 199 381 393 492 711 552 246 712 199 243 95 394 207 135 99 392 288 141 712 786 0 67 728 646 177 143 246 265 90 432 74 690 35 341 677 311 264 696 186 324 488 252 68 217 667
134 624 681 133 245 203 399 439 527 741 570 188 744 175 245 57 416 142 133 141 426 224 86 748 813 67 0 765 682 155 180 185 199 72 470 82 720 47 375 716 350 293 723 174 362 527 187 3 173 701
898 165 84 857 557 581 393 345 238 85 269 792 61 928 556 817 368 881 645 787 339 957 755 17 145 728 765 0 83 905 587 934 911 818 296 683 99 722 390 59 418 473 124 629 405 241 848 763 720 73
815 102 1 775 475 498 313 266 155 95 206 710 82 845 474 734 287 798 562 706 256 874 672 66 182 646 682 83 0 823 504 851 829 735 213 599 89 639 306 49 335 390 115 547 322 159 766 680 638 36
82 757 822 60 400 358 551 568 669 887 723 291 889 22 399 98 566 160 287 147 568 205 217 889 961 177 155 905 823 0 320 157 217 89 609 233 866 188 518 854 488 439 871 328 501 665 256 157 307 844
314 444 503 276 140 101 243 259 349 568 412 280 570 342 139 230 253 311 95 221 249 393 197 570 643 143 180 587 504 320 0 360 357 231 291 101 547 136 198 537 170 122 553 128 182 347 315 179 218 525
79 801 850 201 385 354 551 619 697 902 717 192 908 155 385 157 572 54 289 274 597 49 179 917 967 246 185 934 851 157 360 0 70 176 643 260 880 232 547 888 527 462 880 309 537 700 136 186 241 867
135 786 828 252 356 331 522 610 677 874 682 137 881 220 356 190 545 63 273 314 579 52 161 895 935 265 199 911 829 217 357 70 0 214 627 259 851 243 530 869 516 445 850 282 524 683 75 199 199 842
102 671 734 62 314 271 463 483 581 799 635 243 801 111 314 26 478 150 201 100 480 222 149 801 873 90 72 818 735 89 231 176 214 0 522 145 778 99 430 767 400 351 783 245 413 578 226 74 240 756
603 160 213 561 283 297 150 75 62 286 197 518 284 631 282 521 123 591 355 493 50 670 467 279 368 432 470 296 213 609 291 643 627 522 0 388 267 427 97 246 122 182 279 348 109 57 569 468 445 237
215 543 599 199 172 128 318 359 444 659 490 202 662 254 171 137 334 210 61 173 344 293 104 666 731 74 82 683 599 233 101 260 259 145 388 0 637 47 293 634 269 210 641 111 280 445 225 81 157 618
851 189 89 822 496 526 330 331 205 23 183 726 40 888 496 774 308 826 594 758 300 899 700 91 102 690 720 99 89 866 547 880 851 778 267 637 0 680 350 117 385 427 28 571 370 220 784 718 655 54
179 579 639 153 219 174 363 393 484 701 536 213 703 209 218 95 379 188 107 132 384 271 108 705 774 35 47 722 639 188 136 232 243 99 427 47 680 0 333 673 306 252 684 155 318 483 223 47 182 659
508 256 306 473 190 201 102 102 151 370 234 423 371 540 189 428 90 494 258 410 51 573 371 373 447 341 375 390 306 518 198 547 530 430 97 293 350 333 0 342 44 85 357 252 29 153 473 374 350 326
850 107 49 805 516 538 357 290 192 114 255 753 93 876 516 767 330 836 600 733 292 913 711 46 193 677 716 59 49 854 537 888 869 767 246 634 117 673 342 0 367 427 145 587 355 190 807 715 680 67
484 274 335 440 193 193 141 97 182 405 277 416 404 510 192 400 132 476 242 373 86 556 354 401 484 311 350 418 335 488 170 527 516 400 122 269 385 306 44 367 0 77 394 244 16 178 463 349 345 358
425 341 389 397 116 118 125 173 235 449 291 341 451 461 115 347 132 409 173 342 135 488 286 456 522 264 293 473 390 439 122 462 445 351 182 210 427 252 85 427 77 0 432 169 81 238 389 291 269 408
853 213 115 828 495 527 329 346 217 40 173 722 63 893 495 778 309 826 595 767 309 898 701 117 90 696 723 124 115 871 553 880 850 783 279 641 28 684 357 145 394 432 0 571 379 235 781 721 652 81
290 507 546 304 77 51 242 341 395 594 409 172 600 348 77 230 264 255 51 284 298 328 130 613 658 186 174 629 547 328 128 309 282 245 348 111 571 155 252 587 244 169 571 0 250 403 222 171 101 561
495 264 321 453 195 199 129 92 168 390 262 422 390 523 194 412 118 485 251 388 71 565 363 388 469 324 362 405 322 501 182 537 524 413 109 280 370 318 29 355 16 81 379 250 0 165 470 360 350 344
660 106 158 616 336 352 191 112 30 237 188 572 232 687 335 577 163 648 412 547 105 726 524 224 322 488 527 241 159 665 347 700 683 578 57 445 220 483 153 190 178 238 235 403 165 0 624 525 499 184
177 729 765 277 291 272 456 559 616 807 613 62 816 264 292 200 480 99 224 321 520 127 120 831 866 252 187 848 766 256 315 136 75 226 569 225 784 223 473 807 463 389 781 222 470 624 0 185 129 778
135 622 679 135 243 201 397 437 525 739 568 186 743 178 242 59 414 142 130 143 424 224 83 746 810 68 3 763 680 157 179 186 199 74 468 81 718 47 374 715 349 291 721 171 360 525 185 0 170 699
247 604 637 301 164 151 327 441 489 678 484 73 687 322 164 218 352 190 123 310 395 249 91 703 737 217 173 720 638 307 218 241 199 240 445 157 655 182 350 680 345 269 652 101 350 499 129 170 0 649
833 137 36 797 487 513 322 294 176 60 198 721 48 866 486 754 298 813 578 730 276 888 688 58 147 667 701 73 36 844 525 867 842 756 237 618 54 659 326 67 358 408 81 561 344 184 778 699 649 0
