# TTSP Euclidean complete-graph matrix instance
# seed: 1003
# depot: 1
# L_max is not stored in this file; pass it with --budget when running algorithms.
# coordinate rows: node x y
# scenario: reward_far_from_depot
# coordinate_max: 1000
# geometry: uniform
# depot_position: center
# reward_pattern: far_from_depot
# coord 1 500.000000 500.000000
# coord 2 497.341421 359.990457
# coord 3 722.061757 446.721267
# coord 4 453.359652 25.925679
# coord 5 334.900894 475.544024
# coord 6 451.323565 87.889745
# coord 7 295.096717 338.632342
# coord 8 902.095903 717.347374
# coord 9 898.615917 32.997166
# coord 10 228.468215 538.147066
# coord 11 61.275105 229.355661
# coord 12 559.816230 0.847177
# coord 13 392.035278 31.335239
# coord 14 240.568703 895.378789
# coord 15 386.657581 267.856444
# coord 16 911.367276 856.168940
# coord 17 254.863444 427.178554
# coord 18 197.194801 764.481695
# coord 19 454.210548 770.144248
# coord 20 754.495693 132.937028
# coord 21 136.084121 742.199306
# coord 22 871.033529 181.181491
# coord 23 858.156319 202.744936
# coord 24 341.029074 637.229073
# coord 25 149.052758 510.909996
# coord 26 435.293156 97.607324
# coord 27 59.419302 430.505441
# coord 28 502.494404 507.973233
# coord 29 64.069558 431.694593
# coord 30 977.403698 708.374306
# coord 31 323.658584 694.834150
# coord 32 395.974767 570.202007
# coord 33 127.383043 2.212120
# coord 34 708.238389 461.050488
# coord 35 48.724341 999.614149
# coord 36 627.382146 234.862435
# coord 37 504.114884 803.940965
# coord 38 479.320850 707.957309
# coord 39 7.554995 800.715897
# coord 40 571.464558 355.351699
# coord 41 410.950083 874.122913
# coord 42 942.021044 302.804873
# coord 43 828.413215 330.464362
# coord 44 534.549082 58.462575
# coord 45 364.060864 491.893738
# coord 46 52.737267 908.205068
# coord 47 759.009456 904.305711
# coord 48 505.845948 186.983400
# coord 49 378.390652 69.543692
# coord 50 506.696188 472.012403
# reference_nearest_neighbor_tour_cost: 7117
TTSP_MATRIX
50
0 16 41 75 37 60 42 60 89 46 72 82 72 63 29 71 41 54 37 76 54 72 74 25 64 70 70 1 61 72 33 9 100 38 89 55 46 41 81 32 49 64 56 71 19 98 67 57 65 13
0 140 228 476 167 415 261 457 614 274 515 503 481 473 258 544 256 402 274 447 437 489 465 210 351 408 446 8 441 521 263 125 622 212 673 294 304 209 577 161 385 484 370 443 136 606 480 313 447 29
140 0 241 337 199 276 203 540 518 323 455 365 345 594 144 646 252 504 412 343 526 414 394 318 380 270 444 148 439 593 377 233 515 234 781 180 444 348 659 74 521 448 332 304 188 706 604 173 314 112
228 241 0 499 388 450 440 325 450 502 696 474 531 658 380 451 468 614 420 315 656 304 279 426 577 452 663 228 658 366 469 349 742 20 871 232 418 357 797 176 529 263 158 431 361 813 459 338 510 217
476 337 499 0 465 62 350 824 445 559 442 109 62 895 251 948 448 782 744 320 783 446 442 622 573 74 565 485 562 860 681 547 327 504 1054 272 780 683 894 350 849 562 483 87 474 969 930 169 87 449
167 199 388 465 0 405 143 617 717 123 368 525 448 430 214 691 94 320 318 542 333 612 590 162 189 391 279 171 274 683 220 113 517 374 597 379 369 274 461 265 406 631 514 462 33 517 603 335 408 172
415 276 450 62 405 0 295 774 451 502 415 139 82 835 191 895 392 723 682 307 726 430 423 560 520 19 521 423 518 813 620 485 335 453 997 229 718 621 840 293 787 536 448 88 413 912 872 113 75 388
261 203 440 350 143 295 0 715 676 210 258 429 322 559 116 805 97 437 460 503 434 597 579 302 226 279 253 268 249 776 357 253 376 431 705 348 510 413 544 277 548 648 533 369 168 619 732 260 282 250
457 540 325 824 617 774 715 0 684 697 972 794 855 685 684 139 709 706 451 603 766 537 516 567 781 776 890 451 885 76 579 527 1054 321 899 555 407 423 898 490 516 416 394 754 583 871 235 662 833 465
614 518 450 445 717 451 676 684 0 839 860 340 507 1085 563 823 755 1013 861 175 1041 151 175 822 889 468 929 618 925 680 877 736 772 468 1287 338 866 795 1176 459 972 273 306 365 705 1217 882 422 522 589
274 323 502 559 123 502 210 697 839 0 351 631 533 357 313 753 114 228 324 664 224 735 713 150 84 487 200 276 196 768 183 171 545 486 495 501 383 303 343 389 382 751 635 569 143 410 645 447 492 286
515 455 696 442 368 415 258 972 860 351 0 548 386 690 328 1056 277 552 668 700 518 811 797 495 295 397 201 522 202 1034 534 478 237 687 770 566 725 635 574 526 733 884 774 503 401 679 971 447 355 507
503 365 474 109 525 139 429 794 340 631 548 0 171 950 318 925 524 845 777 235 854 360 360 673 655 158 660 510 657 822 733 592 432 484 1122 244 805 712 972 355 886 487 425 63 529 1039 925 194 194 474
481 345 531 62 448 82 322 855 507 533 386 171 0 877 237 975 419 759 741 376 756 502 497 608 538 79 520 489 518 895 667 539 266 534 1027 311 781 682 860 370 843 613 529 145 461 940 947 193 41 455
473 594 658 895 430 835 559 685 1085 357 690 950 877 0 644 672 468 138 248 919 185 953 928 277 395 821 499 468 496 760 217 360 900 638 218 765 279 304 252 633 172 918 815 887 422 188 519 756 837 500
258 144 380 251 214 191 116 684 563 313 328 318 237 644 0 788 207 532 507 392 536 492 476 372 340 177 365 267 362 737 432 302 371 375 806 243 549 450 654 204 607 556 446 256 225 722 737 144 198 237
544 646 451 948 691 895 805 139 823 753 1056 925 975 672 788 0 784 720 465 740 784 676 656 611 837 896 952 537 948 162 609 589 1159 444 874 683 411 457 906 605 501 554 532 882 657 860 160 782 950 558
256 252 468 448 94 392 97 709 755 114 277 524 419 468 207 784 0 342 397 580 337 663 644 227 135 376 195 260 191 775 276 201 444 455 608 419 452 359 448 325 473 698 582 463 127 522 694 347 378 256
402 504 614 782 320 723 437 706 1013 228 552 845 759 138 532 720 342 0 257 842 65 891 867 192 258 708 361 399 358 782 144 278 765 594 278 682 309 288 193 554 240 876 766 782 320 204 579 655 718 426
274 412 420 744 318 682 460 451 861 324 668 777 741 248 507 465 397 257 0 704 319 722 697 175 400 673 521 267 516 527 151 208 835 400 466 563 60 67 448 431 113 676 577 716 292 425 333 585 705 303
447 343 315 320 542 307 503 603 175 664 700 235 376 919 392 740 580 842 704 0 868 126 125 652 714 321 756 452 752 617 708 565 641 331 1118 163 716 637 1002 288 817 253 211 232 530 1046 771 254 381 420
437 526 656 783 333 726 434 766 1041 224 518 854 756 185 536 784 337 65 319 868 0 925 901 230 232 711 321 435 319 842 193 312 740 637 272 706 373 345 141 582 305 918 806 791 339 186 644 667 715 459
489 414 304 446 612 430 597 537 151 735 811 360 502 953 492 676 663 891 722 126 925 0 25 699 794 444 849 493 845 538 751 614 765 324 1160 249 723 656 1063 347 832 141 155 358 595 1095 732 365 505 466
465 394 279 442 590 423 579 516 175 713 797 360 497 928 476 656 644 867 697 125 901 25 0 675 773 436 831 469 826 520 727 590 758 299 1136 233 698 631 1040 325 807 131 131 354 572 1071 709 353 498 443
210 318 426 622 162 560 302 567 822 150 495 673 608 277 372 611 227 192 175 652 230 699 675 0 230 548 349 207 345 640 60 87 670 407 466 494 233 155 371 364 247 688 576 610 147 396 496 479 569 234
351 380 577 573 189 520 226 781 889 84 295 655 538 395 340 837 135 258 400 714 232 794 773 230 0 503 120 353 116 852 254 254 509 561 499 552 460 385 323 450 448 820 703 594 216 409 726 482 497 360
408 270 452 74 391 19 279 776 468 487 397 158 79 821 177 896 376 708 673 321 711 444 436 548 503 0 502 416 499 817 608 474 322 455 981 236 710 612 823 292 777 547 457 107 401 896 869 114 63 381
446 444 663 565 279 521 253 890 929 200 201 660 520 499 365 952 195 361 521 756 321 849 831 349 120 502 0 450 5 959 374 364 434 650 569 601 581 503 374 518 566 892 775 603 311 478 845 509 482 449
8 148 228 485 171 423 268 451 618 276 522 510 489 468 267 537 260 399 267 452 435 493 469 207 353 416 450 0 445 515 259 123 630 211 669 300 296 201 575 167 377 485 371 451 139 602 472 321 456 36
441 439 658 562 274 518 249 885 925 196 202 657 518 496 362 948 191 358 516 752 319 845 826 345 116 499 5 445 0 954 370 360 434 645 568 597 576 499 373 513 562 887 771 601 306 477 840 505 480 444
521 593 366 860 683 813 776 76 680 768 1034 822 895 760 737 162 775 782 527 617 842 538 520 640 852 817 959 515 954 0 654 598 1105 366 973 589 483 498 974 538 590 407 406 786 650 946 293 703 876 527
263 377 469 681 220 620 357 579 877 183 534 733 667 217 432 609 276 144 151 708 193 751 727 60 254 608 374 259 370 654 0 144 720 450 410 551 211 156 333 420 199 732 623 670 207 345 483 540 628 288
125 233 349 547 113 485 253 527 736 171 478 592 539 360 302 589 201 278 208 565 312 614 590 87 254 474 364 123 360 598 144 0 628 331 552 407 258 161 452 277 304 608 494 530 85 482 493 399 501 148
622 515 742 327 517 335 376 1054 772 545 237 432 266 900 371 1159 444 765 835 641 740 765 758 670 509 322 434 630 434 1105 720 628 0 740 1000 551 886 789 807 567 917 868 774 411 544 909 1101 421 260 604
212 234 20 504 374 453 431 321 468 486 687 484 534 638 375 444 455 594 400 331 637 324 299 407 561 455 650 211 645 366 450 331 740 0 851 240 399 337 779 173 509 282 177 438 346 793 446 341 512 202
673 781 871 1054 597 997 705 899 1287 495 770 1122 1027 218 806 874 608 278 466 1118 272 1160 1136 466 499 981 569 669 568 973 410 552 1000 851 0 959 496 520 203 830 383 1133 1027 1059 598 91 717 932 987 699
294 180 232 272 379 229 348 555 338 501 566 244 311 765 243 683 419 682 563 163 706 249 233 494 552 236 601 300 597 589 551 407 551 240 959 0 582 496 839 133 675 322 223 199 368 885 682 131 299 266
304 444 418 780 369 718 510 407 866 383 725 805 781 279 549 411 452 309 60 716 373 723 698 233 460 710 581 296 576 483 211 258 886 399 496 582 0 99 497 454 117 666 574 746 342 463 274 617 745 332
209 348 357 683 274 621 413 423 795 303 635 712 682 304 450 457 359 288 67 637 345 656 631 155 385 612 503 201 499 498 156 161 789 337 520 496 99 0 481 364 180 615 514 652 245 471 342 522 646 238
577 659 797 894 461 840 544 898 1176 343 574 972 860 252 654 906 448 193 448 1002 141 1063 1040 371 323 823 374 575 373 974 333 452 807 779 203 839 497 481 0 719 410 1059 946 910 472 117 759 791 820 598
161 74 176 350 265 293 277 490 459 389 526 355 370 633 204 605 325 554 431 288 582 347 325 364 450 292 518 167 513 538 420 277 567 173 830 133 454 364 719 0 543 374 258 299 248 758 580 181 345 133
385 521 529 849 406 787 548 516 972 382 733 886 843 172 607 501 473 240 113 817 305 832 807 247 448 777 566 377 562 590 199 304 917 509 383 675 117 180 410 543 0 780 685 825 385 360 349 694 805 413
484 448 263 562 631 536 648 416 273 751 884 487 613 918 556 554 698 876 676 253 918 141 131 688 820 547 892 485 887 407 732 608 868 282 1133 322 666 615 1059 374 780 0 117 475 608 1076 629 451 610 467
370 332 158 483 514 448 533 394 306 635 774 425 529 815 446 532 582 766 577 211 806 155 131 576 703 457 775 371 771 406 623 494 774 177 1027 223 574 514 946 258 685 117 0 400 492 967 578 353 520 351
443 304 431 87 462 88 369 754 365 569 503 63 145 887 256 882 463 782 716 232 791 358 354 610 594 107 603 451 601 786 670 530 411 438 1059 199 746 652 910 299 825 475 400 0 466 977 875 132 157 414
136 188 361 474 33 413 168 583 705 143 401 529 461 422 225 657 127 320 292 530 339 595 572 147 216 401 311 139 306 650 207 85 544 346 598 368 342 245 472 248 385 608 492 466 0 520 571 336 423 144
606 706 813 969 517 912 619 871 1217 410 679 1039 940 188 722 860 522 204 425 1046 186 1095 1071 396 409 896 478 602 477 946 345 482 909 793 91 885 463 471 117 758 360 1076 967 977 520 0 706 852 900 630
480 604 459 930 603 872 732 235 882 645 971 925 947 519 737 160 694 579 333 771 644 732 709 496 726 869 845 472 840 293 483 493 1101 446 717 682 274 342 759 580 349 629 578 875 571 706 0 761 917 501
313 173 338 169 335 113 260 662 422 447 447 194 193 756 144 782 347 655 585 254 667 365 353 479 482 114 509 321 505 703 540 399 421 341 932 131 617 522 791 181 694 451 353 132 336 852 761 0 173 285
447 314 510 87 408 75 282 833 522 492 355 194 41 837 198 950 378 718 705 381 715 505 498 569 497 63 482 456 480 876 628 501 260 512 987 299 745 646 820 345 805 610 520 157 423 900 917 173 0 422
29 112 217 449 172 388 250 465 589 286 507 474 455 500 237 558 256 426 303 420 459 466 443 234 360 381 449 36 444 527 288 148 604 202 699 266 332 238 598 133 413 467 351 414 144 630 501 285 422 0
