# TTSP Euclidean complete-graph matrix instance
# seed: 1001
# depot: 1
# L_max is not stored in this file; pass it with --budget when running algorithms.
# coordinate rows: node x y
# scenario: reward_far_from_depot
# coordinate_max: 1000
# geometry: uniform
# depot_position: center
# reward_pattern: far_from_depot
# coord 1 500.000000 500.000000
# coord 2 796.650968 58.626233
# coord 3 760.239774 862.703740
# coord 4 91.274035 902.492437
# coord 5 785.896057 406.679665
# coord 6 374.472645 649.026228
# coord 7 400.924666 572.110923
# coord 8 607.793062 50.723896
# coord 9 737.088009 708.486384
# coord 10 922.172453 714.939033
# coord 11 655.772497 737.107165
# coord 12 187.542222 501.977837
# coord 13 895.029855 926.358313
# coord 14 18.991571 877.731466
# coord 15 636.292472 406.634656
# coord 16 129.578584 862.687863
# coord 17 253.796461 592.858999
# coord 18 75.282131 556.485413
# coord 19 392.013729 306.611995
# coord 20 166.143949 35.482065
# coord 21 873.408110 607.793400
# coord 22 5.662333 579.375139
# coord 23 766.498732 200.583628
# coord 24 929.322591 842.263618
# coord 25 538.704160 988.339036
# coord 26 218.027030 38.493403
# coord 27 370.321135 182.227044
# coord 28 946.236007 115.092037
# coord 29 352.924798 863.195123
# coord 30 41.228888 89.209640
# coord 31 518.889230 359.375153
# coord 32 21.378500 670.562981
# coord 33 841.501880 54.965471
# coord 34 128.474132 121.336533
# coord 35 474.961757 650.144024
# coord 36 264.672311 828.395441
# coord 37 96.325046 900.149256
# coord 38 224.205038 116.011541
# coord 39 201.389304 557.170447
# coord 40 895.430881 107.835860
# coord 41 611.019688 528.574640
# coord 42 475.123927 784.666296
# coord 43 251.971184 901.156260
# coord 44 330.154430 390.708762
# coord 45 502.429909 541.400890
# coord 46 706.173258 816.756063
# coord 47 908.633912 126.186270
# coord 48 184.055746 768.532546
# coord 49 784.075483 253.554229
# coord 50 882.954068 868.492278
# reference_nearest_neighbor_tour_cost: 7063
TTSP_MATRIX
50
0 76 64 84 58 41 15 85 45 76 47 53 85 89 37 91 43 74 44 83 57 87 69 88 71 78 51 99 63 100 34 82 85 96 36 65 100 75 41 91 29 51 70 24 19 65 92 73 71 93
0 532 446 574 301 195 123 462 316 474 284 312 581 612 165 518 263 428 221 572 389 501 401 549 490 541 343 589 392 616 142 508 561 530 152 404 568 473 304 557 115 286 472 202 41 378 554 415 376 531
532 0 805 1100 348 726 648 189 653 668 693 753 873 1129 383 1045 762 876 475 631 555 947 145 795 965 579 444 160 919 756 409 988 45 671 673 936 1095 575 776 110 505 794 1003 573 565 764 131 938 195 814
446 805 0 670 457 441 462 826 156 219 163 677 149 741 473 631 574 750 667 1018 279 806 662 170 255 987 784 770 407 1056 558 763 812 974 356 497 665 919 637 767 366 296 510 639 412 71 751 584 610 123
574 1100 670 0 853 380 453 996 674 852 588 412 804 76 737 55 350 346 667 870 836 334 974 840 456 873 772 1162 265 815 691 242 1132 782 459 189 6 798 362 1131 640 402 161 565 547 621 1127 163 949 792
301 348 457 853 0 477 419 398 306 337 355 606 531 900 150 799 564 726 406 722 219 799 207 459 632 677 472 333 629 810 271 809 356 717 395 670 848 632 604 318 213 489 728 456 314 418 306 702 153 472
195 726 441 380 477 0 81 642 367 552 295 238 590 423 357 325 133 313 343 648 501 375 596 588 377 630 467 782 215 651 324 354 756 582 100 210 375 554 196 751 265 169 280 262 167 372 747 225 569 554
123 648 462 453 419 81 0 561 363 540 304 225 608 489 288 398 149 326 266 586 474 395 521 593 438 564 391 711 295 602 243 392 679 527 108 290 448 489 200 678 215 225 361 195 106 391 676 293 498 566
462 189 826 996 398 642 561 0 670 735 688 617 922 1015 357 942 647 734 335 442 617 801 218 854 940 390 271 345 852 568 321 853 234 484 614 850 992 389 649 293 478 746 922 439 502 772 310 834 269 863
316 653 156 674 306 367 363 670 0 185 86 587 269 738 318 627 497 679 530 883 169 743 509 234 343 848 641 629 414 932 412 717 662 846 269 487 669 784 557 621 220 273 522 516 288 113 607 556 457 217
474 668 219 852 337 552 540 735 185 0 267 765 213 918 420 806 679 862 669 1016 118 926 537 128 471 976 767 600 588 1081 538 902 665 991 452 667 846 920 738 608 363 452 696 675 454 239 589 740 482 158
284 693 163 588 355 295 304 688 86 267 0 524 305 652 331 541 427 608 505 856 253 669 548 293 277 824 624 686 328 893 402 638 707 811 201 402 583 756 489 673 213 187 436 475 249 94 661 473 500 262
312 753 677 412 606 238 225 617 587 765 524 0 825 412 459 365 112 125 283 467 694 198 653 816 600 464 368 852 397 438 361 237 792 385 323 335 408 388 57 810 424 403 404 181 317 607 813 267 646 786
581 873 149 804 531 590 608 922 269 213 305 825 0 877 581 768 723 899 798 1151 319 955 737 91 362 1117 911 813 546 1196 680 910 873 1112 503 638 799 1052 786 819 489 443 644 778 550 218 800 728 682 59
612 1129 741 76 900 423 489 1015 738 918 652 412 877 0 777 112 369 326 682 855 896 299 1009 911 531 863 779 1201 334 789 720 207 1163 764 510 251 81 789 369 1167 687 466 234 578 589 690 1165 198 987 864
165 383 473 737 150 357 288 357 318 420 331 459 581 777 0 682 425 581 264 599 311 654 244 525 590 557 348 426 537 674 127 669 407 582 292 562 732 504 460 396 125 411 626 307 190 416 391 579 213 524
518 1045 631 55 799 325 398 942 627 806 541 365 768 112 682 0 297 311 615 828 786 309 919 800 428 829 722 1107 223 779 636 220 1077 741 406 139 50 753 314 1075 586 354 128 513 492 578 1072 109 894 753
263 762 574 350 564 133 149 647 497 679 427 112 723 369 425 297 0 182 318 564 620 249 646 720 487 556 427 841 288 547 353 245 797 488 228 236 345 478 63 804 363 293 308 216 254 505 804 189 630 687
428 876 750 346 726 313 326 734 679 862 608 125 899 326 581 311 182 0 403 529 800 73 777 901 633 537 477 976 414 469 485 126 916 438 411 331 344 465 126 935 536 460 387 304 427 682 938 238 771 866
221 475 667 667 406 343 266 335 530 669 505 283 798 682 264 615 318 403 0 353 568 473 389 759 697 320 126 586 558 413 137 519 515 322 353 537 663 254 315 541 312 485 611 104 259 599 547 507 396 746
572 631 1018 870 722 648 586 442 883 1016 856 467 1151 855 599 828 564 529 353 0 910 567 623 1111 1023 52 251 784 849 136 479 651 676 94 688 799 867 99 523 733 664 810 870 391 607 950 748 733 655 1099
389 555 279 836 219 501 474 617 169 118 253 694 319 896 311 786 620 800 568 910 0 868 421 241 507 868 659 498 580 981 433 854 554 890 401 647 830 814 674 500 274 436 687 585 377 268 483 708 365 261
501 947 806 334 799 375 395 801 743 926 669 198 955 299 654 309 249 73 473 567 868 0 850 960 672 581 539 1049 448 491 558 93 987 474 475 359 333 512 197 1007 607 512 405 375 498 740 1010 260 844 924
401 145 662 974 207 596 521 218 509 537 548 653 737 1009 244 919 646 777 389 623 421 850 0 662 820 572 397 199 781 734 294 881 164 643 536 804 969 549 668 159 363 653 869 476 431 619 160 814 56 678
549 795 170 840 459 588 593 854 234 128 293 816 91 911 525 800 720 901 759 1111 241 960 662 0 417 1073 865 727 577 1164 634 924 792 1078 493 665 835 1012 782 735 447 458 680 750 522 225 716 749 606 53
490 965 255 456 632 377 438 940 343 471 277 600 362 531 590 428 487 633 697 1023 507 672 820 417 0 1003 824 964 224 1028 629 607 981 959 344 317 451 927 547 950 465 213 300 633 448 240 938 417 775 365
541 579 987 873 677 630 564 390 848 976 824 464 1117 863 557 829 556 537 320 52 868 581 572 1073 1003 0 209 732 836 184 440 662 624 122 663 791 870 78 519 681 628 789 863 370 578 919 696 731 606 1063
343 444 784 772 472 467 391 271 641 767 624 368 911 779 348 722 427 477 126 251 659 539 397 865 824 209 0 580 681 342 231 600 488 249 479 655 768 160 411 530 422 611 729 212 383 718 541 615 420 857
589 160 770 1162 333 782 711 345 629 600 686 852 813 1201 426 1107 841 976 586 784 498 1049 199 727 964 732 580 0 955 905 492 1079 121 818 713 987 1157 722 866 51 532 819 1049 675 615 742 39 1004 213 756
392 919 407 265 629 215 295 852 414 588 328 397 546 334 537 223 288 414 558 849 580 448 781 577 224 836 681 955 0 834 530 383 944 775 246 95 259 758 341 930 423 145 108 473 355 356 923 194 747 530
616 756 1056 815 810 651 602 568 932 1081 893 438 1196 789 674 779 547 469 413 136 981 491 734 1164 1028 184 342 905 834 0 549 582 801 93 709 772 813 185 495 854 720 820 839 418 646 986 868 694 761 1147
142 409 558 691 271 324 243 321 412 538 402 361 680 720 127 636 353 485 137 479 433 558 294 634 629 440 231 492 530 549 0 587 444 457 294 533 686 382 374 453 193 428 604 191 183 494 454 529 286 626
508 988 763 242 809 354 392 853 717 902 638 237 910 207 669 220 245 126 519 651 854 93 881 924 607 662 600 1079 383 582 587 0 1025 560 454 290 242 590 213 1040 606 468 326 417 498 700 1041 190 869 884
561 45 812 1132 356 756 679 234 662 665 707 792 873 1163 407 1077 797 916 515 676 554 987 164 792 981 624 488 121 944 801 444 1025 0 716 699 965 1127 620 814 76 527 817 1031 612 593 774 98 970 207 815
530 671 974 782 717 582 527 484 846 991 811 385 1112 764 582 741 488 438 322 94 890 474 643 1078 959 122 249 818 775 93 457 560 716 0 632 720 779 96 442 767 631 748 790 337 562 904 780 650 669 1062
152 673 356 459 395 100 108 614 269 452 201 323 503 510 292 406 228 411 353 688 401 475 536 493 344 663 479 713 246 709 294 454 699 632 0 276 454 590 289 686 182 135 336 297 112 285 680 314 503 463
404 936 497 189 670 210 290 850 487 667 402 335 638 251 562 139 236 331 537 799 647 359 804 665 317 791 655 987 95 772 533 290 965 720 276 0 183 714 279 958 458 215 74 443 373 442 953 100 775 620
568 1095 665 6 848 375 448 992 669 846 583 408 799 81 732 50 345 344 663 867 830 333 969 835 451 870 768 1157 259 813 686 242 1127 779 454 183 0 794 359 1125 635 396 156 561 542 616 1122 158 944 787
473 575 919 798 632 554 489 389 784 920 756 388 1052 789 504 753 478 465 254 99 814 512 549 1012 927 78 160 722 758 185 382 590 620 96 590 714 794 0 442 671 566 714 786 294 508 850 685 654 577 1000
304 776 637 362 604 196 200 649 557 738 489 57 786 369 460 314 63 126 315 523 674 197 668 782 547 519 411 866 341 495 374 213 814 442 289 279 359 442 0 827 411 356 348 210 301 568 828 212 657 749
557 110 767 1131 318 751 678 293 621 608 673 810 819 1167 396 1075 804 935 541 733 500 1007 159 735 950 681 530 51 930 854 453 1040 76 767 686 958 1125 671 827 0 508 797 1021 632 585 734 23 971 183 761
115 505 366 640 213 265 215 478 220 363 213 424 489 687 125 586 363 536 312 664 274 607 363 447 465 628 422 532 423 720 193 606 527 631 182 458 635 566 411 508 0 290 517 313 109 303 500 490 325 435
286 794 296 402 489 169 225 746 273 452 187 403 443 466 411 354 293 460 485 810 436 512 653 458 213 789 611 819 145 820 428 468 817 748 135 215 396 714 356 797 290 0 252 420 245 233 788 292 614 416
472 1003 510 161 728 280 361 922 522 696 436 404 644 234 626 128 308 387 611 870 687 405 869 680 300 863 729 1049 108 839 604 326 1031 790 336 74 156 786 348 1021 517 252 0 516 438 462 1016 149 838 632
202 573 639 565 456 262 195 439 516 675 475 181 778 578 307 513 216 304 104 391 585 375 476 750 633 370 212 675 473 418 191 417 612 337 297 443 561 294 210 632 313 420 516 0 229 568 636 405 474 731
41 565 412 547 314 167 106 502 288 454 249 317 550 589 190 492 254 427 259 607 377 498 431 522 448 578 383 615 355 646 183 498 593 562 112 373 542 508 301 585 109 245 438 229 0 343 581 391 403 502
378 764 71 621 418 372 391 772 113 239 94 607 218 690 416 578 505 682 599 950 268 740 619 225 240 919 718 742 356 986 494 700 774 904 285 442 616 850 568 734 303 233 462 568 343 0 720 524 569 184
554 131 751 1127 306 747 676 310 607 589 661 813 800 1165 391 1072 804 938 547 748 483 1010 160 716 938 696 541 39 923 868 454 1041 98 780 680 953 1122 685 828 23 500 788 1016 636 581 720 0 968 178 743
415 938 584 163 702 225 293 834 556 740 473 267 728 198 579 109 189 238 507 733 708 260 814 749 417 731 615 1004 194 694 529 190 970 650 314 100 158 654 212 971 490 292 149 405 391 524 968 0 791 706
376 195 610 949 153 569 498 269 457 482 500 646 682 987 213 894 630 771 396 655 365 844 56 606 775 606 420 213 747 761 286 869 207 669 503 775 944 577 657 183 325 614 838 474 403 569 178 791 0 623
531 814 123 792 472 554 566 863 217 158 262 786 59 864 524 753 687 866 746 1099 261 924 678 53 365 1063 857 756 530 1147 626 884 815 1062 463 620 787 1000 749 761 435 416 632 731 502 184 743 706 623 0
