# TTSP Euclidean complete-graph matrix instance
# seed: 1001
# depot: 1
# L_max is not stored in this file; pass it with --budget when running algorithms.
# coordinate rows: node x y
# scenario: clustered_outliers
# coordinate_max: 1000
# geometry: clustered_outliers
# depot_position: center
# reward_pattern: uniform
# clusters: 4
# cluster_spread_ratio: 0.08
# outlier_fraction: 0.1
# coord 1 500.000000 500.000000
# coord 2 659.654871 125.813889
# coord 3 662.052337 737.716157
# coord 4 167.270235 607.078872
# coord 5 627.149172 326.162567
# coord 6 537.809395 188.927555
# coord 7 845.012687 773.417256
# coord 8 178.791521 805.075469
# coord 9 697.569214 541.892750
# coord 10 556.485413 392.013729
# coord 11 692.980967 772.480249
# coord 12 207.248117 776.401954
# coord 13 705.666586 381.432038
# coord 14 762.168985 107.780568
# coord 15 686.640687 775.857203
# coord 16 293.794529 957.903426
# coord 17 603.979502 562.023195
# coord 18 89.209640 518.889230
# coord 19 800.311111 769.858362
# coord 20 253.368466 795.947497
# coord 21 585.615148 452.840907
# coord 22 724.682873 159.312512
# coord 23 688.578729 793.100842
# coord 24 54.738923 721.982145
# coord 25 624.934572 371.655195
# coord 26 720.828736 131.519569
# coord 27 643.735267 823.640816
# coord 28 92.896434 749.540552
# coord 29 735.018341 412.110790
# coord 30 723.929311 51.914869
# coord 31 801.663513 645.781505
# coord 32 114.485934 95.376953
# coord 33 741.252420 390.445334
# coord 34 734.825616 276.566209
# coord 35 645.853111 735.140864
# coord 36 890.080596 781.873588
# coord 37 624.706846 313.246837
# coord 38 240.867408 717.373027
# coord 39 640.977536 769.333666
# coord 40 280.223323 616.804751
# coord 41 577.732143 299.052932
# coord 42 700.202272 360.058117
# coord 43 511.963261 790.443612
# coord 44 282.633485 850.932584
# coord 45 679.478994 383.253320
# coord 46 961.574569 644.955929
# coord 47 651.920466 586.776138
# coord 48 165.794529 787.030140
# coord 49 637.613181 417.633295
# coord 50 588.422376 289.314684
# reference_nearest_neighbor_tour_cost: 5735
TTSP_MATRIX
50
0 1 16 79 87 70 58 39 78 33 48 11 72 1 40 65 94 91 58 24 52 37 77 22 29 3 68 35 93 95 51 46 60 16 80 7 80 54 26 55 27 46 96 59 16 80 85 32 52 66
0 407 288 350 215 313 440 443 202 122 334 403 237 472 333 502 121 411 404 385 98 408 349 498 179 430 354 477 251 501 335 559 265 324 277 481 225 338 304 249 215 244 291 413 214 484 175 441 160 228
407 0 612 689 203 137 674 832 418 285 648 792 260 104 651 909 440 693 659 784 335 73 668 849 248 61 698 843 296 98 539 546 277 168 609 695 191 725 644 621 192 238 681 817 258 601 461 825 293 178
288 612 0 512 413 563 186 488 199 361 47 456 359 638 45 429 185 613 142 413 295 582 61 608 368 609 88 569 334 689 167 844 356 467 16 232 426 422 38 401 447 380 159 396 355 314 151 499 321 454
350 689 512 0 539 559 698 198 534 445 551 174 584 777 546 373 439 118 654 208 446 715 554 161 515 730 523 161 600 786 636 514 614 657 495 744 544 133 501 113 513 587 390 270 559 795 485 180 507 528
215 203 413 539 0 164 497 656 227 97 451 616 96 257 454 714 237 571 476 600 133 193 471 696 46 216 498 682 138 291 364 562 131 119 409 526 13 550 443 453 56 81 478 628 77 462 262 652 92 53
313 137 563 559 164 0 660 713 387 204 604 674 255 239 606 807 379 557 637 670 268 189 623 719 202 192 643 716 298 231 528 434 286 216 557 690 152 606 590 499 117 236 602 709 240 623 414 704 250 112
440 674 186 698 497 660 0 667 274 478 152 638 416 671 158 581 321 798 45 592 412 626 158 792 458 654 207 752 378 732 135 997 397 509 203 46 510 607 204 586 544 438 333 568 424 173 269 679 412 548
443 832 488 198 656 713 667 0 582 560 515 40 676 909 509 191 490 300 623 75 538 846 510 149 622 865 465 102 681 930 643 713 699 767 472 712 664 107 464 214 644 685 333 114 655 799 521 22 601 659
202 418 199 534 227 387 274 582 0 206 231 544 161 439 234 580 96 609 250 512 143 384 251 668 185 411 287 639 135 491 147 734 158 268 200 308 240 489 234 424 271 182 310 517 160 283 64 586 138 275
122 285 361 445 97 204 478 560 206 0 404 519 150 351 405 624 177 484 450 505 67 287 422 601 71 308 440 585 180 379 353 532 185 212 355 513 104 453 387 356 95 147 401 534 123 478 217 556 85 108
334 648 47 551 451 604 152 515 231 404 0 486 391 668 7 440 229 655 107 440 337 614 21 640 407 642 71 601 363 721 167 891 385 498 60 197 464 455 52 441 487 412 182 418 389 297 190 527 359 494
403 792 456 174 616 674 638 40 544 519 486 0 636 869 479 201 451 283 593 50 498 805 482 162 582 824 439 117 641 890 609 687 659 727 441 683 624 68 434 175 604 645 305 106 614 766 483 43 560 619
237 260 359 584 96 255 416 676 161 150 391 636 0 279 395 708 207 632 400 614 140 223 412 735 81 250 447 715 42 330 281 657 37 109 359 441 106 573 393 486 152 22 453 632 26 367 212 675 77 149
472 104 638 777 257 239 671 909 439 351 668 869 279 0 672 971 481 789 663 856 388 64 689 937 297 48 726 927 306 68 539 648 283 171 638 686 247 802 673 701 266 260 727 884 288 573 492 904 334 251
333 651 45 546 454 606 158 509 234 405 7 479 395 672 0 433 229 650 114 434 338 618 17 634 409 645 64 594 367 725 174 889 389 502 58 204 467 450 46 436 489 416 175 411 393 305 192 521 362 496
502 909 429 373 714 807 581 191 580 624 440 201 708 971 433 0 503 484 540 167 583 907 428 336 673 930 375 289 702 1003 596 881 723 812 417 622 725 246 395 341 717 723 275 108 692 737 516 213 640 731
121 440 185 439 237 379 321 490 96 177 229 451 207 481 229 503 0 517 286 421 111 420 246 572 192 446 265 544 199 524 215 676 220 314 178 361 250 395 211 328 264 224 246 432 194 367 54 493 148 273
411 693 613 118 571 557 798 300 609 484 655 283 632 789 650 484 517 0 754 322 501 730 659 206 556 741 633 231 655 788 724 424 665 690 597 843 574 250 606 215 536 631 502 384 606 881 567 279 558 549
404 659 142 654 476 637 45 623 250 450 107 593 400 663 114 540 286 754 0 548 383 615 114 747 435 643 166 708 364 722 124 962 384 498 158 91 489 562 159 542 521 422 289 524 405 204 236 635 388 525
385 784 413 208 600 670 592 75 512 505 440 50 614 856 434 167 421 322 548 0 478 792 435 212 564 812 391 167 616 880 568 714 634 708 397 637 609 80 389 181 593 624 259 62 593 724 450 88 539 607
98 335 295 446 133 268 412 538 143 67 337 498 140 388 338 583 111 501 383 478 0 325 355 595 90 349 375 575 155 424 290 591 168 231 289 448 145 435 321 347 154 147 346 500 117 422 149 537 63 164
408 73 582 715 193 189 626 846 384 287 614 805 223 64 618 907 420 730 615 792 325 0 635 875 235 28 669 865 253 107 493 614 232 118 581 644 184 739 616 638 203 202 666 821 228 540 434 840 273 188
349 668 61 554 471 623 158 510 251 422 21 482 412 689 17 428 246 659 114 435 355 635 0 638 426 662 54 597 384 742 186 904 406 519 72 202 484 454 53 445 506 433 177 410 410 311 210 523 379 514
498 849 608 161 696 719 792 149 668 601 640 162 735 937 634 336 572 206 747 212 595 875 638 0 669 890 598 47 748 947 751 629 762 813 591 837 701 186 588 249 673 740 462 262 711 910 612 129 658 687
179 248 368 515 46 202 458 622 185 71 407 582 81 297 409 673 192 556 435 564 90 235 426 669 0 259 452 653 117 335 326 580 118 145 364 488 58 517 398 423 87 76 434 589 56 434 217 619 48 90
430 61 609 730 216 192 654 865 411 308 642 824 250 48 645 930 446 741 643 812 349 28 662 890 259 0 696 881 281 80 521 607 260 146 608 672 206 757 643 655 220 229 691 842 255 567 460 859 298 206
354 698 88 523 498 643 207 465 287 440 71 439 447 726 64 375 265 633 166 391 375 669 54 598 452 696 0 556 422 776 238 900 444 555 89 250 511 417 54 418 529 467 136 362 442 365 237 479 406 537
477 843 569 161 682 716 752 102 639 585 601 117 715 927 594 289 544 231 708 167 575 865 597 47 653 881 556 0 725 941 716 655 741 797 553 798 688 151 548 230 662 721 421 215 692 875 582 82 638 676
251 296 334 600 138 298 378 681 135 180 363 641 42 306 367 702 199 655 364 616 155 253 384 748 117 281 422 725 0 360 243 697 23 136 335 401 148 581 369 499 194 63 439 630 63 325 193 682 98 191
501 98 689 786 291 231 732 930 491 379 721 890 330 68 725 1003 524 788 722 880 424 107 742 947 335 80 776 941 360 0 599 611 339 225 688 749 280 822 722 718 287 309 768 913 334 639 540 923 376 273
335 539 167 636 364 528 135 643 147 353 167 609 281 539 174 596 215 724 124 568 290 493 186 751 326 521 238 716 243 599 0 880 262 375 180 162 377 565 203 522 413 303 324 558 290 160 161 651 281 415
559 546 844 514 562 434 997 713 734 532 891 687 657 648 889 881 676 424 962 714 591 614 904 629 580 607 900 655 697 611 880 0 693 646 832 1036 555 635 855 547 506 643 801 774 634 1010 728 694 614 512
265 277 356 614 131 286 397 699 158 185 385 659 37 283 389 723 220 665 384 634 168 232 406 762 118 260 444 741 23 339 262 693 0 114 358 419 140 598 392 514 187 51 461 650 62 337 216 699 107 183
324 168 467 657 119 216 509 767 268 212 498 727 109 171 502 812 314 690 498 708 231 118 519 813 145 146 555 797 136 225 375 646 114 0 467 529 116 662 502 568 159 90 560 731 120 433 321 764 171 147
277 609 16 495 409 557 203 472 200 355 60 441 359 638 58 417 178 597 158 397 289 581 72 591 364 608 89 553 335 688 180 832 358 467 0 249 422 405 35 384 441 379 145 381 353 328 148 483 318 450
481 695 232 744 526 690 46 712 308 513 197 683 441 686 204 622 361 843 91 637 448 644 202 837 488 672 250 798 401 749 162 1036 419 529 249 0 539 652 249 632 575 463 378 611 451 154 308 724 443 578
225 191 426 544 13 152 510 664 240 104 464 624 106 247 467 725 250 574 489 609 145 184 484 701 58 206 511 688 148 280 377 555 140 116 422 539 0 557 456 459 49 89 490 637 89 473 275 660 105 43
338 725 422 133 550 606 607 107 489 453 455 68 573 802 450 246 395 250 562 80 435 739 454 186 517 757 417 151 581 822 565 635 598 662 405 652 557 0 403 108 537 582 281 140 551 724 431 102 497 551
304 644 38 501 443 590 204 464 234 387 52 434 393 673 46 395 211 606 159 389 321 616 53 588 398 643 54 548 369 722 203 855 392 502 35 249 456 403 0 392 475 414 131 368 388 344 183 476 352 483
249 621 401 113 453 499 586 214 424 356 441 175 486 701 436 341 328 215 542 181 347 638 445 249 423 655 418 230 499 718 522 547 514 568 384 632 459 108 392 0 435 492 290 234 463 682 373 205 409 450
215 192 447 513 56 117 544 644 271 95 487 604 152 266 489 717 264 536 521 593 154 203 506 673 87 220 529 662 194 287 413 506 187 159 441 575 49 537 475 435 0 137 496 626 132 517 297 639 133 14
244 238 380 587 81 236 438 685 182 147 412 645 22 260 416 723 224 631 422 624 147 202 433 740 76 229 467 721 63 309 303 643 51 90 379 463 89 582 414 492 137 0 470 644 31 387 232 684 85 132
291 681 159 390 478 602 333 333 310 401 182 305 453 727 175 275 246 502 289 259 346 666 177 462 434 691 136 421 439 768 324 801 461 560 145 378 490 281 131 290 496 470 0 237 440 473 247 346 393 507
413 817 396 270 628 709 568 114 517 534 418 106 632 884 411 108 432 384 524 62 500 821 410 262 589 842 362 215 630 913 558 774 650 731 381 611 637 140 368 234 626 644 237 0 613 709 454 133 560 639
214 258 355 559 77 240 424 655 160 123 389 614 26 288 393 692 194 606 405 593 117 228 410 711 56 255 442 692 63 334 290 634 62 120 353 451 89 551 388 463 132 31 440 613 0 385 205 653 54 131
484 601 314 795 462 623 173 799 283 478 297 766 367 573 305 737 367 881 204 724 422 540 311 910 434 567 365 875 325 639 160 1010 337 433 328 154 473 724 344 682 517 387 473 709 385 0 315 808 396 515
175 461 151 485 262 414 269 521 64 217 190 483 212 492 192 516 54 567 236 450 149 434 210 612 217 460 237 582 193 540 161 728 216 321 148 308 275 431 183 373 297 232 247 454 205 315 0 526 170 304
441 825 499 180 652 704 679 22 586 556 527 43 675 904 521 213 493 279 635 88 537 840 523 129 619 859 479 82 682 923 651 694 699 764 483 724 660 102 476 205 639 684 346 133 653 808 526 0 599 653
160 293 321 507 92 250 412 601 138 85 359 560 77 334 362 640 148 558 388 539 63 273 379 658 48 298 406 638 98 376 281 614 107 171 318 443 105 497 352 409 133 85 393 560 54 396 170 599 0 137
228 178 454 528 53 112 548 659 275 108 494 619 149 251 496 731 273 549 525 607 164 188 514 687 90 206 537 676 191 273 415 512 183 147 450 578 43 551 483 450 14 132 507 639 131 515 304 653 137 0
