# TTSP Euclidean complete-graph matrix instance
# seed: 1004
# depot: 1
# L_max is not stored in this file; pass it with --budget when running algorithms.
# coordinate rows: node x y
# scenario: clustered_outliers
# coordinate_max: 1000
# geometry: clustered_outliers
# depot_position: center
# reward_pattern: uniform
# clusters: 4
# cluster_spread_ratio: 0.08
# outlier_fraction: 0.1
# coord 1 500.000000 500.000000
# coord 2 372.112769 732.560677
# coord 3 635.375774 491.133662
# coord 4 378.525654 276.961732
# coord 5 776.608516 749.155548
# coord 6 414.072563 893.901004
# coord 7 731.501336 779.773153
# coord 8 983.710038 552.270591
# coord 9 895.535266 757.966321
# coord 10 471.120436 824.425194
# coord 11 502.017758 511.811016
# coord 12 489.202095 196.999588
# coord 13 792.263646 808.085236
# coord 14 490.625252 839.215699
# coord 15 479.717962 614.361096
# coord 16 557.739828 350.574309
# coord 17 714.261034 650.160363
# coord 18 525.423049 788.208693
# coord 19 391.721218 555.462839
# coord 20 507.687737 476.645671
# coord 21 777.920457 800.562047
# coord 22 497.727013 851.918476
# coord 23 604.965438 656.418701
# coord 24 555.441627 201.659272
# coord 25 834.224866 650.201929
# coord 26 244.936383 1000.000000
# coord 27 683.883535 577.767702
# coord 28 454.025889 273.157683
# coord 29 674.975865 633.213210
# coord 30 454.387326 835.626958
# coord 31 699.241691 632.040718
# coord 32 569.399655 224.203538
# coord 33 750.220931 735.102525
# coord 34 526.392861 635.825995
# coord 35 393.255910 570.608089
# coord 36 544.279933 235.830921
# coord 37 729.397716 681.074460
# coord 38 589.679352 738.640093
# coord 39 461.716623 516.834641
# coord 40 189.420686 315.375346
# coord 41 805.925001 679.358762
# coord 42 543.431182 843.635191
# coord 43 561.027762 602.581344
# coord 44 493.349274 391.477898
# coord 45 643.569915 797.472581
# coord 46 512.070491 824.278019
# coord 47 922.450749 623.822960
# coord 48 403.857764 321.010699
# coord 49 744.308242 627.030447
# coord 50 365.789775 777.464771
# reference_nearest_neighbor_tour_cost: 4978
TTSP_MATRIX
50
0 14 48 45 2 85 65 23 13 50 40 87 13 95 17 52 81 58 68 73 89 18 91 63 94 54 88 17 39 24 48 34 28 95 43 8 94 82 94 97 64 31 25 96 88 28 74 31 40 51
0 265 136 254 372 403 363 487 472 326 12 303 425 339 116 160 262 289 122 25 409 352 188 303 366 561 200 231 220 339 239 284 343 138 128 268 292 255 42 361 355 346 119 109 330 325 440 203 275 308
265 0 357 456 405 167 362 638 524 135 256 548 427 159 160 425 352 163 178 290 411 173 245 562 469 296 348 467 319 132 342 545 378 182 163 526 361 218 234 455 437 204 229 362 279 167 561 413 387 45
136 357 0 334 294 460 304 354 373 372 135 328 354 377 199 161 178 317 252 129 341 386 168 300 255 641 99 284 147 389 155 275 270 181 255 271 212 252 176 479 254 364 134 174 306 355 316 287 174 393
254 456 334 0 618 618 614 665 706 555 265 137 673 573 352 194 502 532 279 238 659 587 442 192 589 735 429 76 463 564 478 198 590 388 294 171 535 508 254 193 587 590 373 162 584 563 645 51 506 501
372 405 294 618 0 390 55 286 119 315 363 622 61 300 326 455 117 254 431 383 51 297 195 590 115 588 195 575 154 334 140 564 30 275 423 563 83 187 391 730 76 252 261 456 142 275 192 568 126 412
403 167 460 618 390 0 337 664 500 90 392 701 388 94 287 562 387 154 339 428 376 94 305 707 486 200 416 622 369 71 387 687 372 281 324 671 380 234 380 621 447 139 326 509 249 120 576 573 425 126
363 362 304 614 55 337 0 340 165 264 353 631 67 248 301 463 131 206 407 377 51 245 177 604 165 534 208 578 157 283 151 579 48 251 398 575 99 148 377 714 125 199 246 456 90 224 247 564 153 366
487 638 354 665 286 664 340 0 224 580 483 609 320 570 508 471 287 515 592 482 322 571 393 553 179 864 301 599 319 600 295 528 297 465 591 542 285 436 523 829 219 528 426 516 419 544 94 624 251 658
472 524 373 706 119 500 165 224 0 430 464 693 115 413 440 529 211 371 543 479 125 409 308 652 124 694 278 656 253 448 233 626 147 389 536 629 183 306 496 833 119 362 369 544 255 389 137 658 200 530
326 135 372 555 315 90 264 580 430 0 314 628 322 24 210 482 299 65 280 350 308 38 215 628 403 286 326 552 279 20 298 608 293 197 265 593 295 146 308 582 365 75 239 434 175 41 494 508 337 115
12 256 135 265 363 392 353 483 464 314 0 315 415 328 105 171 253 277 119 36 399 340 178 315 360 552 193 243 211 327 231 295 334 126 124 279 283 243 41 369 347 334 108 121 319 313 435 215 268 299
303 548 328 137 622 701 631 609 693 628 315 0 682 642 417 168 506 592 371 280 669 655 474 66 570 839 428 84 474 640 483 85 598 440 386 67 540 551 321 322 577 649 412 195 620 628 608 151 500 593
425 427 354 673 61 388 67 320 115 322 415 682 0 303 368 514 176 268 474 437 16 298 241 651 163 580 255 633 211 339 199 625 84 317 464 624 142 214 441 779 129 251 309 513 149 281 226 623 187 428
339 159 377 573 300 94 248 570 413 24 328 642 303 0 225 493 293 62 300 363 290 15 216 641 392 294 325 567 276 36 294 620 280 207 286 606 286 141 324 604 354 53 247 448 159 26 483 525 331 139
116 160 199 352 326 287 301 508 440 210 105 417 368 225 0 275 237 180 106 141 352 238 132 420 356 451 207 342 196 223 220 400 296 51 97 384 258 166 99 417 333 238 82 223 246 212 443 303 265 199
160 425 161 194 455 562 463 471 529 482 171 168 514 493 275 0 338 439 264 136 501 505 309 149 408 721 260 129 306 496 315 127 430 287 275 116 372 389 192 370 412 493 252 76 455 476 456 157 334 468
262 352 178 502 117 387 131 287 211 299 253 506 176 293 237 338 0 234 336 270 163 296 109 476 120 585 79 458 43 319 24 450 92 188 331 448 34 153 286 623 96 258 160 340 163 267 210 452 38 371
289 163 317 532 254 154 206 515 371 65 277 592 268 62 180 439 234 0 268 312 253 69 154 587 338 351 263 520 215 85 234 566 231 152 255 553 230 81 279 580 301 58 189 398 119 38 430 483 272 160
122 178 252 279 431 339 407 592 543 280 119 371 474 300 106 264 336 268 0 140 457 315 236 390 453 468 293 289 294 287 317 376 401 157 15 354 360 270 80 314 432 326 176 193 349 295 535 235 360 224
25 290 129 238 383 428 377 482 479 350 36 280 437 363 141 136 270 312 140 0 422 375 204 279 370 586 203 210 229 363 247 260 354 160 148 244 302 275 61 357 361 369 137 86 348 348 440 187 280 333
409 411 341 659 51 376 51 322 125 308 399 669 16 290 352 501 163 253 457 422 0 285 225 639 161 569 242 619 196 325 186 613 71 301 448 611 129 198 425 763 124 238 294 498 134 267 228 608 177 413
352 173 386 587 297 94 245 571 409 38 340 655 298 15 238 505 296 69 315 375 285 0 223 653 392 293 331 580 282 46 298 632 278 218 300 618 288 146 337 619 353 46 257 460 156 31 482 539 334 151
188 245 168 442 195 305 177 393 308 215 178 474 241 216 132 309 109 154 236 204 225 223 0 457 229 498 111 412 74 234 97 434 165 81 228 425 127 84 200 538 202 197 69 287 146 192 319 391 142 268
303 562 300 192 590 707 604 553 652 628 315 66 651 641 420 149 476 587 390 279 639 653 457 0 528 857 397 124 448 642 454 27 568 435 403 36 510 538 329 383 539 642 401 200 602 624 559 193 465 606
366 469 255 589 115 486 165 179 124 403 360 570 163 392 356 408 120 338 453 370 161 392 229 528 0 685 167 535 160 423 136 502 119 308 448 506 109 260 396 727 41 349 277 428 241 366 92 542 93 485
561 296 641 735 588 200 534 864 694 286 552 839 580 294 451 721 585 351 468 586 569 293 498 857 685 0 609 756 565 266 585 841 571 460 454 821 580 433 530 687 646 337 508 657 447 320 775 697 623 253
200 348 99 429 195 416 208 301 278 326 193 428 255 325 207 260 79 263 293 203 242 331 111 397 167 609 0 382 56 345 56 372 171 168 291 369 113 186 230 560 159 301 125 266 223 300 243 380 78 376
231 467 284 76 575 622 578 599 656 552 243 84 633 567 342 129 458 520 289 210 619 580 412 124 535 756 382 0 422 562 435 125 549 370 304 98 492 485 244 268 537 577 346 125 558 554 585 69 458 512
220 319 147 463 154 369 157 319 253 279 211 474 211 276 196 306 43 215 294 229 196 282 74 448 160 565 56 422 0 299 24 422 127 149 289 418 72 136 243 580 139 248 118 302 167 251 248 413 70 341
339 132 389 564 334 71 283 600 448 20 327 640 339 36 223 496 319 85 287 363 325 46 234 642 423 266 345 562 299 0 318 622 312 212 272 606 315 166 319 584 385 89 256 446 193 59 514 517 357 106
239 342 155 478 140 387 151 295 233 298 231 483 199 294 220 315 24 234 317 247 186 298 97 454 136 585 56 435 24 318 0 428 115 173 312 425 58 153 264 600 117 263 141 317 175 268 223 429 45 364
284 545 275 198 564 687 579 528 626 608 295 85 625 620 400 127 450 566 376 260 613 632 434 27 502 841 372 125 422 622 428 0 542 414 389 28 484 515 312 391 513 620 378 184 578 603 533 192 439 590
343 378 270 590 30 372 48 297 147 293 334 598 84 280 296 430 92 231 401 354 71 278 165 568 119 571 171 549 127 312 115 542 0 245 393 540 58 161 362 700 79 234 231 429 124 254 205 540 108 387
138 182 181 388 275 281 251 465 389 197 126 440 317 207 51 287 188 152 157 160 301 218 81 435 308 460 168 370 149 212 173 414 245 0 148 400 208 121 135 465 283 209 48 247 200 189 396 338 218 214
128 163 255 294 423 324 398 591 536 265 124 386 464 286 97 275 331 255 15 148 448 300 228 403 448 454 291 304 289 272 312 389 393 148 0 367 354 258 87 327 427 312 171 205 338 280 532 250 356 209
268 526 271 171 563 671 575 542 629 593 279 67 624 606 384 116 448 553 354 244 611 618 425 36 506 821 369 98 418 606 425 28 540 400 367 0 482 505 293 364 515 608 367 164 570 589 542 164 439 570
292 361 212 535 83 380 99 285 183 295 283 540 142 286 258 372 34 230 360 302 129 288 127 510 109 580 113 492 72 315 58 484 58 208 354 482 0 151 314 652 77 247 186 374 145 260 201 485 56 376
255 218 252 508 187 234 148 436 306 146 243 551 214 141 166 389 153 81 270 275 198 146 84 538 260 433 186 485 136 166 153 515 161 121 258 505 151 0 256 583 224 115 139 360 80 116 352 457 191 227
42 234 176 254 391 380 377 523 496 308 41 321 441 324 99 192 286 279 80 61 425 337 200 329 396 530 230 244 243 319 264 312 362 135 87 293 314 256 0 339 381 337 131 129 334 312 473 204 303 278
361 455 479 193 730 621 714 829 833 582 369 322 779 604 417 370 623 580 314 357 763 619 538 383 727 687 560 268 580 584 600 391 700 465 327 364 652 583 339 0 716 636 470 313 662 603 795 215 636 495
355 437 254 587 76 447 125 219 119 365 347 577 129 354 333 412 96 301 432 361 124 353 202 539 41 646 159 537 139 385 117 513 79 283 427 515 77 224 381 716 0 310 257 425 201 328 129 539 81 451
346 204 364 590 252 139 199 528 362 75 334 649 251 53 238 493 258 58 326 369 238 46 197 642 349 337 301 577 248 89 263 620 234 209 312 608 247 115 337 636 310 0 242 455 110 37 438 541 295 190
119 229 134 373 261 326 246 426 369 239 108 412 309 247 82 252 160 189 176 137 294 257 69 401 277 508 125 346 118 256 141 378 231 48 171 367 186 139 131 470 257 242 0 222 212 227 362 322 185 262
109 362 174 162 456 509 456 516 544 434 121 195 513 448 223 76 340 398 193 86 498 460 287 200 428 657 266 125 302 446 317 184 429 247 205 164 374 360 129 313 425 455 222 0 433 433 488 114 344 407
330 279 306 584 142 249 90 419 255 175 319 620 149 159 246 455 163 119 349 348 134 156 146 602 241 447 223 558 167 193 175 578 124 200 338 570 145 80 334 662 201 110 212 433 0 134 329 533 198 278
325 167 355 563 275 120 224 544 389 41 313 628 281 26 212 476 267 38 295 348 267 31 192 624 366 320 300 554 251 59 268 603 254 189 280 589 260 116 312 603 328 37 227 433 134 0 457 515 305 154
440 561 316 645 192 576 247 94 137 494 435 608 226 483 443 456 210 430 535 440 228 482 319 559 92 775 243 585 248 514 223 533 205 396 532 542 201 352 473 795 129 438 362 488 329 457 0 601 178 577
203 413 287 51 568 573 564 624 658 508 215 151 623 525 303 157 452 483 235 187 608 539 391 193 542 697 380 69 413 517 429 192 540 338 250 164 485 457 204 215 539 541 322 114 533 515 601 0 458 458
275 387 174 506 126 425 153 251 200 337 268 500 187 331 265 334 38 272 360 280 177 334 142 465 93 623 78 458 70 357 45 439 108 218 356 439 56 191 303 636 81 295 185 344 198 305 178 458 0 407
308 45 393 501 412 126 366 658 530 115 299 593 428 139 199 468 371 160 224 333 413 151 268 606 485 253 376 512 341 106 364 590 387 214 209 570 376 227 278 495 451 190 262 407 278 154 577 458 407 0
