# TTSP Euclidean complete-graph matrix instance
# seed: 1000
# depot: 1
# L_max is not stored in this file; pass it with --budget when running algorithms.
# coordinate rows: node x y
# scenario: clustered_outliers
# coordinate_max: 1000
# geometry: clustered_outliers
# depot_position: center
# reward_pattern: uniform
# clusters: 4
# cluster_spread_ratio: 0.08
# outlier_fraction: 0.1
# coord 1 500.000000 500.000000
# coord 2 633.196440 688.694282
# coord 3 190.499451 347.364477
# coord 4 686.957752 579.063547
# coord 5 711.874632 271.461378
# coord 6 707.393370 607.640123
# coord 7 76.109852 425.820067
# coord 8 527.061263 518.996163
# coord 9 871.464769 271.097753
# coord 10 314.062080 16.538684
# coord 11 183.913698 531.706576
# coord 12 500.320365 586.740779
# coord 13 803.276552 192.476306
# coord 14 821.913592 520.208677
# coord 15 130.397481 421.003949
# coord 16 367.822194 726.981760
# coord 17 142.900768 651.977217
# coord 18 292.078702 793.442972
# coord 19 182.176646 436.520764
# coord 20 413.850000 454.230525
# coord 21 796.590270 295.683520
# coord 22 640.967596 626.125495
# coord 23 224.630900 236.302272
# coord 24 486.327778 692.991940
# coord 25 773.988184 277.358300
# coord 26 653.643087 592.872190
# coord 27 304.729652 368.772265
# coord 28 681.061562 410.393560
# coord 29 986.506075 288.027634
# coord 30 602.287525 756.623199
# coord 31 133.262288 267.689578
# coord 32 408.046453 632.769684
# coord 33 908.779067 355.817254
# coord 34 653.288461 592.556526
# coord 35 208.361282 342.342763
# coord 36 434.674001 483.856152
# coord 37 848.504034 143.790807
# coord 38 555.419621 638.266702
# coord 39 104.640871 473.746154
# coord 40 876.551895 31.679377
# coord 41 943.959268 237.938153
# coord 42 680.678489 591.881421
# coord 43 346.676343 396.477342
# coord 44 335.914712 599.715322
# coord 45 867.965953 385.779167
# coord 46 880.496097 629.210737
# coord 47 217.183034 353.269682
# coord 48 518.057050 503.172650
# coord 49 741.373021 152.900876
# coord 50 698.796267 566.223567
# reference_nearest_neighbor_tour_cost: 5443
TTSP_MATRIX
50
0 78 31 44 14 33 41 52 42 99 63 56 79 28 24 19 38 95 83 55 37 16 98 34 17 58 81 52 22 62 29 34 34 69 10 45 95 70 67 12 97 23 19 96 62 57 90 65 89 91
0 231 345 203 312 234 430 33 436 518 318 87 432 323 378 263 388 360 324 98 360 189 381 193 353 180 235 202 531 276 434 162 433 179 332 67 498 149 396 601 516 203 185 192 385 402 319 18 423 210
231 0 559 122 425 110 616 200 481 744 476 167 525 253 570 268 492 357 517 321 426 63 610 147 435 98 459 282 534 75 654 232 432 98 548 285 586 93 571 701 547 108 409 310 383 254 534 218 547 139
345 559 0 548 527 579 139 378 685 353 184 392 632 655 95 419 308 457 90 248 608 530 116 455 588 524 116 495 798 581 98 359 718 524 19 280 689 467 153 755 761 548 164 291 679 745 27 363 584 553
203 122 548 0 309 35 630 171 359 675 505 187 404 147 579 352 549 449 525 300 304 66 576 231 314 36 436 169 418 197 635 284 315 36 534 270 464 144 592 579 427 14 386 352 265 200 521 185 430 17
312 425 527 309 0 336 654 309 160 472 589 380 121 272 600 571 684 670 555 350 88 362 489 478 62 327 419 142 275 497 579 472 214 326 508 349 187 399 640 291 234 322 386 499 193 395 501 302 122 295
234 110 579 35 336 0 657 201 374 710 529 208 426 144 606 360 566 455 552 331 324 69 609 237 337 56 468 199 424 182 667 300 322 56 565 299 485 155 617 600 439 31 418 372 274 174 552 216 456 42
430 616 139 630 654 657 0 460 810 473 151 454 764 752 55 419 236 426 107 339 732 599 241 490 713 601 236 605 921 622 168 391 836 601 156 363 822 524 56 892 888 627 272 313 793 830 159 449 719 638
33 200 378 171 309 201 460 0 424 546 343 73 428 295 409 262 407 361 355 130 350 156 414 179 345 147 268 188 514 249 467 165 415 146 364 99 494 123 425 600 503 170 218 207 366 370 351 18 424 178
436 481 685 359 160 374 810 424 0 613 735 487 104 254 756 679 822 780 709 493 79 423 648 571 98 389 575 236 116 555 738 588 93 389 667 486 129 484 793 239 80 373 540 628 115 358 659 423 176 342
518 744 353 675 472 710 473 546 613 0 531 600 520 715 444 712 658 777 440 449 557 692 237 698 529 669 352 538 725 794 309 623 685 668 343 483 549 667 503 563 668 682 381 584 666 834 350 528 449 671
318 476 184 505 589 529 151 343 735 531 0 321 706 638 123 268 127 283 95 243 657 467 298 343 643 474 203 512 839 475 269 246 746 473 191 255 770 386 98 854 815 500 212 167 699 703 182 335 674 516
87 167 392 187 380 208 454 73 487 600 321 0 497 328 405 193 363 293 352 158 415 146 446 107 413 153 293 253 571 198 486 103 469 153 381 122 563 75 411 671 564 180 245 165 419 383 367 85 496 200
432 525 632 404 121 426 764 428 104 520 706 497 0 328 711 689 805 789 667 469 103 463 580 592 90 427 529 250 207 599 674 592 194 427 614 470 66 510 753 177 148 418 500 620 204 444 608 422 73 388
323 253 655 147 272 144 752 295 254 715 638 328 328 0 699 499 692 596 645 413 226 210 661 377 248 183 539 179 285 323 733 429 186 183 639 389 377 291 719 492 308 158 491 492 142 124 627 304 376 131
378 570 95 579 600 606 55 409 756 444 123 405 711 699 0 387 231 406 54 285 678 550 207 448 659 551 182 551 866 579 153 349 781 550 111 311 770 477 59 842 834 576 218 272 738 778 110 396 667 587
263 268 419 352 571 360 419 262 679 712 268 193 689 499 387 0 237 101 345 277 608 291 511 123 606 316 364 445 759 236 516 102 656 316 416 252 756 208 365 862 756 341 331 131 605 522 403 270 685 368
388 492 308 549 684 566 236 407 822 658 127 363 805 692 231 237 0 206 219 335 744 499 424 346 734 514 326 590 919 471 384 266 821 514 316 337 870 413 182 961 902 541 327 200 772 738 308 404 779 562
360 357 457 449 670 455 426 361 780 777 283 293 789 596 406 101 206 0 373 360 709 387 561 219 706 413 425 546 859 312 549 198 756 413 459 341 855 306 371 960 856 438 401 199 706 611 446 368 782 466
324 517 90 525 555 552 107 355 709 440 95 352 667 645 54 345 219 373 0 232 630 496 205 398 613 497 140 500 818 528 176 299 731 496 98 257 728 424 86 804 787 522 169 224 688 724 90 342 627 533
98 321 248 300 350 331 339 130 493 449 243 158 469 413 285 277 335 360 232 0 414 285 289 250 401 277 139 271 596 356 337 179 505 277 234 36 534 232 310 627 573 300 89 165 459 498 221 115 445 306
360 426 608 304 88 324 732 350 79 557 657 415 103 226 678 608 744 709 630 414 0 365 575 504 29 330 497 163 190 500 664 514 127 330 590 408 161 419 714 276 158 318 461 552 115 344 582 347 153 288
189 63 530 66 362 69 599 156 423 692 467 146 463 210 550 291 499 387 496 285 365 0 570 168 373 36 423 219 483 136 621 233 381 36 517 251 525 86 558 639 492 52 373 306 331 240 504 174 484 83
381 610 116 576 489 609 241 414 648 237 298 446 580 661 207 511 424 561 205 289 575 570 0 526 551 558 155 489 764 643 97 437 695 557 107 325 631 521 266 683 719 578 201 380 660 765 117 397 523 578
193 147 455 231 478 237 490 179 571 698 343 107 592 377 448 123 346 219 398 250 504 168 526 0 505 195 372 343 644 132 553 99 541 195 447 215 658 88 440 768 645 219 328 177 490 399 433 192 597 247
353 435 588 314 62 337 713 345 98 529 643 413 90 248 659 606 734 706 613 401 29 373 551 505 0 338 478 162 213 509 641 510 156 338 569 397 153 422 698 266 174 328 444 544 143 368 562 341 129 298
180 98 524 36 327 56 601 147 389 669 474 153 427 183 551 316 514 413 497 277 330 36 558 195 338 0 415 185 451 172 614 249 348 1 511 245 490 108 562 604 459 27 364 318 298 230 498 163 449 52
235 459 116 436 419 468 236 268 575 352 203 293 529 539 182 364 326 425 140 139 497 423 155 372 478 415 0 379 687 489 199 283 604 414 100 174 588 368 226 664 652 437 50 233 563 632 89 252 487 441
202 282 495 169 142 199 605 188 236 538 512 253 250 179 551 445 590 546 500 271 163 219 489 343 162 185 379 0 329 355 566 352 234 184 478 257 315 260 580 426 314 181 335 394 189 296 467 188 264 157
531 534 798 418 275 424 921 514 116 725 839 571 207 285 866 759 919 859 818 596 190 483 764 644 213 451 687 329 0 606 853 673 103 451 780 586 200 555 901 279 66 431 649 721 154 357 772 515 280 400
276 75 581 197 497 182 622 249 555 794 475 198 599 323 579 236 471 312 528 356 500 136 643 132 509 172 489 355 606 0 678 230 505 172 572 320 660 127 572 775 621 182 442 309 456 306 558 267 620 213
434 654 98 635 579 667 168 467 738 309 269 486 674 733 153 516 384 549 176 337 664 621 97 553 641 614 199 566 853 678 0 457 781 613 106 371 726 562 208 780 811 636 249 389 744 830 120 451 619 639
162 232 359 284 472 300 391 165 588 623 246 103 592 429 349 102 266 198 299 179 514 233 437 99 510 249 283 352 673 230 457 0 572 249 352 151 658 147 343 762 666 276 244 79 522 472 338 170 584 298
433 432 718 315 214 322 836 415 93 685 746 469 194 186 781 656 821 756 731 505 127 381 695 541 156 348 604 234 103 505 781 572 0 348 701 491 220 452 813 326 123 328 564 623 51 275 692 418 263 297
179 98 524 36 326 56 601 146 389 668 473 153 427 183 550 316 514 413 496 277 330 36 557 195 338 1 414 184 451 172 613 249 348 0 510 244 489 108 561 604 459 27 364 317 298 230 497 162 448 53
332 548 19 534 508 565 156 364 667 343 191 381 614 639 111 416 316 459 98 234 590 517 107 447 569 511 100 478 780 572 106 352 701 510 0 267 670 456 167 737 743 534 149 287 661 731 14 349 566 539
67 285 280 270 349 299 363 99 486 483 255 122 470 389 311 252 337 341 257 36 408 251 325 215 397 245 174 257 586 320 371 151 491 244 267 0 536 196 330 632 566 269 124 152 444 469 254 86 451 277
498 586 689 464 187 485 822 494 129 549 770 563 66 377 770 756 870 855 728 534 161 525 631 658 153 490 588 315 200 660 726 658 220 489 670 536 0 575 814 116 134 478 562 686 243 486 665 488 108 448
149 93 467 144 399 155 524 123 484 667 386 75 510 291 477 208 413 306 424 232 419 86 521 88 422 108 368 260 555 127 562 147 452 108 456 196 575 0 480 686 558 134 319 223 402 325 442 140 520 160
396 571 153 592 640 617 56 425 793 503 98 411 753 719 59 365 182 371 86 310 714 558 266 440 698 562 226 580 901 572 208 343 813 561 167 330 814 480 0 890 872 588 254 263 768 791 165 414 713 601
601 701 755 579 291 600 892 600 239 563 854 671 177 492 842 862 961 960 804 627 276 639 683 768 266 604 664 426 279 775 780 762 326 604 737 632 116 686 890 0 217 593 643 784 354 598 734 592 182 563
516 547 761 427 234 439 888 503 80 668 815 564 148 308 834 756 902 856 787 573 158 492 719 645 174 459 652 314 66 621 811 666 123 459 743 566 134 558 872 217 0 441 618 708 166 396 736 502 220 410
203 108 548 14 322 31 627 170 373 682 500 180 418 158 576 341 541 438 522 300 318 52 578 219 328 27 437 181 431 182 636 276 328 27 534 269 478 134 588 593 441 0 387 345 278 203 521 185 443 31
185 409 164 386 386 418 272 218 540 381 212 245 500 491 218 331 327 401 169 89 461 373 201 328 444 364 50 335 649 442 249 244 564 364 149 124 562 319 254 643 618 387 0 204 521 582 137 202 464 391
192 310 291 352 499 372 313 207 628 584 167 165 620 492 272 131 200 199 224 165 552 306 380 177 544 318 233 394 721 309 389 79 623 317 287 152 686 223 263 784 708 345 204 0 573 545 274 206 603 364
385 383 679 265 193 274 793 366 115 666 699 419 204 142 738 605 772 706 688 459 115 331 660 490 143 298 563 189 154 456 744 522 51 298 661 444 243 402 768 354 166 278 521 573 0 244 652 369 265 247
402 254 745 200 395 174 830 370 358 834 703 383 444 124 778 522 738 611 724 498 344 240 765 399 368 230 632 296 357 306 830 472 275 230 731 469 486 325 791 598 396 203 582 545 244 0 718 384 496 192
319 534 27 521 501 552 159 351 659 350 182 367 608 627 110 403 308 446 90 221 582 504 117 433 562 498 89 467 772 558 120 338 692 497 14 254 665 442 165 734 736 521 137 274 652 718 0 336 561 527
18 218 363 185 302 216 449 18 423 528 335 85 422 304 396 270 404 368 342 115 347 174 397 192 341 163 252 188 515 267 451 170 418 162 349 86 488 140 414 592 502 185 202 206 369 384 336 0 415 191
423 547 584 430 122 456 719 424 176 449 674 496 73 376 667 685 779 782 627 445 153 484 523 597 129 449 487 264 280 620 619 584 263 448 566 451 108 520 713 182 220 443 464 603 265 496 561 415 0 416
210 139 553 17 295 42 638 178 342 671 516 200 388 131 587 368 562 466 533 306 288 83 578 247 298 52 441 157 400 213 639 298 297 53 539 277 448 160 601 563 410 31 391 364 247 192 527 191 416 0
